subject_id,block,trial,condition,choice,rt,p0,p1,m0,m1,label0,label1,higher_p,higher_m,presentation,presentation01,by_attribute,ev0,ev1,delta_ev,delta_ev_z,g0,g1,gp,gm,duration_favours,last_stage_favours,duration_favours_str,last_stage_favours_str,choose_higher_p,sequence,webgazer_data,predicted_choice,predicted_choiceprob_0,predicted_choiceprob_1,model,rep
138,0,0,exp_35,1.0,1755.0,0.79,0.7,2.0,3.2,higher_p,higher_m,0,1,attributes,1.0,True,1.58,2.24,-0.6599999999999997,-0.4219978340514986,0.5,0.5,0.6,0.4,0.0,0.0,higher_p,higher_p,False,"{""durations"":[1000,1500,1000,1500],""alternatives"":[""all"",""all"",""all"",""all""],""attributes"":[""m"",""p"",""m"",""p""]}","[{""x"":668,""y"":242,""t"":-212},{""x"":703,""y"":226,""t"":-82},{""x"":726,""y"":165,""t"":0},{""x"":708,""y"":210,""t"":203},{""x"":676,""y"":255,""t"":389},{""x"":620,""y"":277,""t"":513},{""x"":552,""y"":242,""t"":641},{""x"":512,""y"":240,""t"":775},{""x"":527,""y"":249,""t"":904},{""x"":495,""y"":249,""t"":1028},{""x"":411,""y"":289,""t"":1280},{""x"":398,""y"":314,""t"":1413},{""x"":333,""y"":345,""t"":1531},{""x"":299,""y"":371,""t"":1652},{""x"":331,""y"":412,""t"":1773},{""x"":353,""y"":473,""t"":1894},{""x"":368,""y"":471,""t"":2016},{""x"":373,""y"":455,""t"":2136},{""x"":410,""y"":495,""t"":2259},{""x"":434,""y"":542,""t"":2385},{""x"":485,""y"":543,""t"":2505},{""x"":503,""y"":547,""t"":2626},{""x"":533,""y"":539,""t"":2749},{""x"":550,""y"":551,""t"":2869},{""x"":489,""y"":512,""t"":2999},{""x"":541,""y"":499,""t"":3120},{""x"":639,""y"":496,""t"":3245},{""x"":670,""y"":540,""t"":3380},{""x"":689,""y"":545,""t"":3500},{""x"":735,""y"":510,""t"":3623},{""x"":835,""y"":493,""t"":3743},{""x"":921,""y"":460,""t"":3871},{""x"":959,""y"":443,""t"":3991},{""x"":943,""y"":422,""t"":4129},{""x"":911,""y"":438,""t"":4254},{""x"":918,""y"":428,""t"":4378},{""x"":925,""y"":408,""t"":4506},{""x"":886,""y"":423,""t"":4630},{""x"":807,""y"":427,""t"":4754},{""x"":731,""y"":429,""t"":4877},{""x"":679,""y"":453,""t"":5000},{""x"":754,""y"":481,""t"":5136},{""x"":667,""y"":482,""t"":5282},{""x"":683,""y"":503,""t"":5416},{""x"":619,""y"":491,""t"":5556},{""x"":619,""y"":516,""t"":5680},{""x"":610,""y"":496,""t"":5802},{""x"":598,""y"":491,""t"":5925},{""x"":556,""y"":466,""t"":6048},{""x"":624,""y"":478,""t"":6173},{""x"":692,""y"":419,""t"":6291},{""x"":624,""y"":474,""t"":6412},{""x"":679,""y"":460,""t"":6533},{""x"":614,""y"":473,""t"":6652},{""x"":589,""y"":433,""t"":6771},{""x"":593,""y"":466,""t"":6888},{""x"":578,""y"":479,""t"":7007},{""x"":652,""y"":542,""t"":7129},{""x"":674,""y"":554,""t"":7250},{""x"":721,""y"":543,""t"":7372},{""x"":661,""y"":448,""t"":7507},{""x"":630,""y"":236,""t"":7637},{""x"":673,""y"":202,""t"":7794}]",1,0.0,1.0,pt_b-last,0
138,0,1,exp_108,1.0,1100.5999999642372,0.78,0.4,2.1,3.0,higher_p,higher_m,0,1,alternatives,0.0,False,1.638,1.2000000000000002,0.4379999999999999,0.7081329507986127,0.4,0.6,0.5,0.5,1.0,0.0,higher_m,higher_p,False,"{""durations"":[1500,1000,1500,1000],""alternatives"":[1,0,1,0],""attributes"":[""all"",""all"",""all"",""all""]}","[{""x"":590,""y"":247,""t"":-121},{""x"":598,""y"":265,""t"":0},{""x"":626,""y"":276,""t"":195},{""x"":562,""y"":294,""t"":383},{""x"":482,""y"":312,""t"":502},{""x"":503,""y"":308,""t"":631},{""x"":439,""y"":303,""t"":751},{""x"":468,""y"":306,""t"":870},{""x"":462,""y"":322,""t"":995},{""x"":423,""y"":363,""t"":1116},{""x"":419,""y"":380,""t"":1239},{""x"":431,""y"":459,""t"":1360},{""x"":447,""y"":463,""t"":1480},{""x"":508,""y"":446,""t"":1604},{""x"":587,""y"":477,""t"":1742},{""x"":625,""y"":425,""t"":1863},{""x"":656,""y"":398,""t"":1993},{""x"":719,""y"":392,""t"":2108},{""x"":760,""y"":359,""t"":2230},{""x"":790,""y"":359,""t"":2346},{""x"":830,""y"":396,""t"":2467},{""x"":798,""y"":442,""t"":2588},{""x"":834,""y"":441,""t"":2707},{""x"":850,""y"":446,""t"":2827},{""x"":873,""y"":482,""t"":2952},{""x"":868,""y"":444,""t"":3066},{""x"":804,""y"":410,""t"":3187},{""x"":767,""y"":386,""t"":3307},{""x"":720,""y"":400,""t"":3430},{""x"":629,""y"":403,""t"":3547},{""x"":590,""y"":401,""t"":3667},{""x"":590,""y"":387,""t"":3787},{""x"":553,""y"":446,""t"":3916},{""x"":528,""y"":489,""t"":4051},{""x"":513,""y"":440,""t"":4173},{""x"":475,""y"":427,""t"":4294},{""x"":519,""y"":438,""t"":4418},{""x"":523,""y"":409,""t"":4547},{""x"":509,""y"":415,""t"":4669},{""x"":602,""y"":445,""t"":4791},{""x"":684,""y"":426,""t"":4911},{""x"":761,""y"":420,""t"":5031},{""x"":834,""y"":443,""t"":5154},{""x"":832,""y"":408,""t"":5276},{""x"":875,""y"":414,""t"":5402},{""x"":910,""y"":381,""t"":5522},{""x"":972,""y"":305,""t"":5650},{""x"":992,""y"":349,""t"":5776},{""x"":994,""y"":329,""t"":5898},{""x"":955,""y"":320,""t"":6022},{""x"":895,""y"":337,""t"":6140},{""x"":738,""y"":342,""t"":6258},{""x"":656,""y"":334,""t"":6377},{""x"":562,""y"":309,""t"":6500},{""x"":473,""y"":291,""t"":6623},{""x"":431,""y"":325,""t"":6752},{""x"":473,""y"":325,""t"":6878},{""x"":543,""y"":197,""t"":7000},{""x"":470,""y"":185,""t"":7117}]",1,5.42350707077879e-284,1.0,pt_b-last,0
138,0,2,exp_27,1.0,576.0,0.3,0.17,2.0,3.0,higher_p,higher_m,0,1,attributes,1.0,True,0.6,0.51,0.0899999999999999,0.3499494233597794,0.5,0.5,0.6,0.4,0.0,0.0,higher_p,higher_p,False,"{""durations"":[1000,1500,1000,1500],""alternatives"":[""all"",""all"",""all"",""all""],""attributes"":[""m"",""p"",""m"",""p""]}","[{""x"":429,""y"":215,""t"":-133},{""x"":507,""y"":176,""t"":0},{""x"":543,""y"":168,""t"":140},{""x"":545,""y"":191,""t"":384},{""x"":563,""y"":205,""t"":514},{""x"":581,""y"":253,""t"":641},{""x"":664,""y"":228,""t"":766},{""x"":760,""y"":311,""t"":904},{""x"":819,""y"":330,""t"":1048},{""x"":742,""y"":331,""t"":1185},{""x"":696,""y"":362,""t"":1313},{""x"":654,""y"":391,""t"":1456},{""x"":615,""y"":365,""t"":1580},{""x"":550,""y"":424,""t"":1704},{""x"":511,""y"":463,""t"":1828},{""x"":566,""y"":528,""t"":1950},{""x"":664,""y"":553,""t"":2088},{""x"":696,""y"":543,""t"":2212},{""x"":708,""y"":482,""t"":2336},{""x"":790,""y"":533,""t"":2458},{""x"":802,""y"":525,""t"":2585},{""x"":823,""y"":539,""t"":2709},{""x"":845,""y"":483,""t"":2837},{""x"":870,""y"":473,""t"":2969},{""x"":871,""y"":436,""t"":3092},{""x"":947,""y"":416,""t"":3214},{""x"":896,""y"":337,""t"":3336},{""x"":750,""y"":307,""t"":3464},{""x"":647,""y"":316,""t"":3588},{""x"":620,""y"":329,""t"":3735},{""x"":581,""y"":321,""t"":3857},{""x"":565,""y"":367,""t"":3984},{""x"":560,""y"":403,""t"":4110},{""x"":539,""y"":448,""t"":4232},{""x"":527,""y"":513,""t"":4353},{""x"":486,""y"":511,""t"":4478},{""x"":433,""y"":482,""t"":4598},{""x"":439,""y"":469,""t"":4720},{""x"":475,""y"":482,""t"":4841},{""x"":516,""y"":517,""t"":4966},{""x"":520,""y"":537,""t"":5086},{""x"":515,""y"":558,""t"":5210},{""x"":491,""y"":508,""t"":5330},{""x"":506,""y"":511,""t"":5453},{""x"":516,""y"":382,""t"":5576},{""x"":514,""y"":333,""t"":5714},{""x"":551,""y"":286,""t"":5834},{""x"":576,""y"":296,""t"":5971},{""x"":618,""y"":286,""t"":6094},{""x"":637,""y"":292,""t"":6223},{""x"":672,""y"":198,""t"":6350},{""x"":660,""y"":166,""t"":6473},{""x"":554,""y"":166,""t"":6591}]",1,9.93324622486991e-269,1.0,pt_b-last,0
138,0,3,exp_3,1.0,673.1999999880791,0.79,0.49,5.300000000000001,8.3,higher_p,higher_m,0,1,attributes,1.0,True,4.187000000000001,4.067,0.120000000000001,0.3808273136562317,0.5,0.5,0.6,0.4,0.0,0.0,higher_p,higher_p,False,"{""durations"":[1000,1500,1000,1500],""alternatives"":[""all"",""all"",""all"",""all""],""attributes"":[""m"",""p"",""m"",""p""]}","[{""x"":668,""y"":355,""t"":-189},{""x"":685,""y"":403,""t"":-66},{""x"":715,""y"":418,""t"":2},{""x"":743,""y"":392,""t"":208},{""x"":731,""y"":389,""t"":460},{""x"":684,""y"":403,""t"":707},{""x"":620,""y"":363,""t"":826},{""x"":618,""y"":333,""t"":945},{""x"":659,""y"":290,""t"":1070},{""x"":681,""y"":257,""t"":1202},{""x"":771,""y"":297,""t"":1327},{""x"":798,""y"":293,""t"":1451},{""x"":838,""y"":360,""t"":1577},{""x"":912,""y"":391,""t"":1697},{""x"":915,""y"":420,""t"":1822},{""x"":826,""y"":473,""t"":1945},{""x"":735,""y"":491,""t"":2067},{""x"":618,""y"":480,""t"":2190},{""x"":556,""y"":495,""t"":2317},{""x"":483,""y"":519,""t"":2440},{""x"":422,""y"":515,""t"":2563},{""x"":428,""y"":461,""t"":2681},{""x"":407,""y"":438,""t"":2807},{""x"":409,""y"":347,""t"":2937},{""x"":383,""y"":331,""t"":3059},{""x"":468,""y"":363,""t"":3180},{""x"":550,""y"":324,""t"":3301},{""x"":615,""y"":296,""t"":3421},{""x"":661,""y"":309,""t"":3548},{""x"":702,""y"":367,""t"":3705},{""x"":660,""y"":446,""t"":3828},{""x"":678,""y"":510,""t"":3955},{""x"":646,""y"":491,""t"":4080},{""x"":694,""y"":496,""t"":4202},{""x"":650,""y"":475,""t"":4325},{""x"":656,""y"":501,""t"":4443},{""x"":691,""y"":524,""t"":4566},{""x"":658,""y"":527,""t"":4685},{""x"":704,""y"":512,""t"":4808},{""x"":727,""y"":461,""t"":4932},{""x"":754,""y"":430,""t"":5053},{""x"":758,""y"":353,""t"":5181},{""x"":820,""y"":393,""t"":5314},{""x"":790,""y"":363,""t"":5431},{""x"":664,""y"":368,""t"":5550},{""x"":672,""y"":399,""t"":5678},{""x"":725,""y"":385,""t"":5797},{""x"":702,""y"":360,""t"":5919},{""x"":669,""y"":339,""t"":6038},{""x"":674,""y"":324,""t"":6161},{""x"":685,""y"":354,""t"":6287},{""x"":655,""y"":312,""t"":6412},{""x"":830,""y"":174,""t"":6534},{""x"":835,""y"":109,""t"":6657}]",1,0.0,1.0,pt_b-last,0
138,0,4,exp_22,1.0,543.0,0.28,0.17,4.3,8.3,higher_p,higher_m,0,1,alternatives,0.0,False,1.204,1.4110000000000005,-0.2070000000000003,0.0442583094249129,0.4,0.6,0.5,0.5,1.0,1.0,higher_m,higher_m,False,"{""durations"":[1000,1500,1000,1500],""alternatives"":[0,1,0,1],""attributes"":[""all"",""all"",""all"",""all""]}","[{""x"":733,""y"":155,""t"":-126},{""x"":660,""y"":205,""t"":0},{""x"":657,""y"":289,""t"":152},{""x"":615,""y"":337,""t"":398},{""x"":527,""y"":369,""t"":520},{""x"":448,""y"":320,""t"":640},{""x"":431,""y"":332,""t"":763},{""x"":383,""y"":340,""t"":882},{""x"":355,""y"":344,""t"":1015},{""x"":368,""y"":352,""t"":1160},{""x"":367,""y"":421,""t"":1285},{""x"":452,""y"":458,""t"":1408},{""x"":522,""y"":492,""t"":1531},{""x"":590,""y"":486,""t"":1658},{""x"":674,""y"":432,""t"":1776},{""x"":715,""y"":446,""t"":1896},{""x"":780,""y"":441,""t"":2014},{""x"":844,""y"":464,""t"":2132},{""x"":916,""y"":438,""t"":2252},{""x"":1007,""y"":418,""t"":2372},{""x"":986,""y"":436,""t"":2492},{""x"":948,""y"":477,""t"":2618},{""x"":823,""y"":458,""t"":2736},{""x"":779,""y"":458,""t"":2873},{""x"":786,""y"":491,""t"":2999},{""x"":748,""y"":459,""t"":3122},{""x"":705,""y"":480,""t"":3247},{""x"":659,""y"":426,""t"":3371},{""x"":580,""y"":362,""t"":3495},{""x"":551,""y"":386,""t"":3619},{""x"":521,""y"":384,""t"":3742},{""x"":584,""y"":389,""t"":3866},{""x"":642,""y"":370,""t"":4030},{""x"":718,""y"":357,""t"":4160},{""x"":720,""y"":277,""t"":4287},{""x"":765,""y"":262,""t"":4414},{""x"":827,""y"":284,""t"":4542},{""x"":815,""y"":362,""t"":4671},{""x"":910,""y"":448,""t"":4798},{""x"":919,""y"":510,""t"":4925},{""x"":857,""y"":495,""t"":5048},{""x"":818,""y"":455,""t"":5176},{""x"":836,""y"":466,""t"":5300},{""x"":836,""y"":502,""t"":5424},{""x"":803,""y"":509,""t"":5548},{""x"":787,""y"":525,""t"":5689},{""x"":779,""y"":527,""t"":5814},{""x"":725,""y"":527,""t"":5945},{""x"":643,""y"":493,""t"":6089},{""x"":645,""y"":467,""t"":6229},{""x"":648,""y"":395,""t"":6357},{""x"":630,""y"":444,""t"":6485}]",1,0.0,1.0,pt_b-last,0
138,0,5,exp_68,1.0,642.8000000119209,0.72,0.51,4.2,5.2,higher_p,higher_m,0,1,alternatives,0.0,False,3.024,2.652,0.3719999999999999,0.6402015921464201,0.4,0.6,0.5,0.5,1.0,0.0,higher_m,higher_p,False,"{""durations"":[1500,1000,1500,1000],""alternatives"":[1,0,1,0],""attributes"":[""all"",""all"",""all"",""all""]}","[{""x"":502,""y"":425,""t"":-132},{""x"":502,""y"":421,""t"":0},{""x"":589,""y"":465,""t"":149},{""x"":579,""y"":441,""t"":280},{""x"":556,""y"":383,""t"":501},{""x"":533,""y"":336,""t"":629},{""x"":513,""y"":334,""t"":758},{""x"":491,""y"":304,""t"":891},{""x"":382,""y"":297,""t"":1020},{""x"":370,""y"":314,""t"":1153},{""x"":365,""y"":268,""t"":1289},{""x"":327,""y"":271,""t"":1416},{""x"":400,""y"":267,""t"":1573},{""x"":520,""y"":270,""t"":1712},{""x"":635,""y"":283,""t"":1840},{""x"":738,""y"":299,""t"":1965},{""x"":848,""y"":320,""t"":2092},{""x"":880,""y"":253,""t"":2221},{""x"":885,""y"":273,""t"":2359},{""x"":934,""y"":360,""t"":2485},{""x"":985,""y"":407,""t"":2614},{""x"":969,""y"":435,""t"":2738},{""x"":998,""y"":448,""t"":2878},{""x"":906,""y"":403,""t"":3016},{""x"":814,""y"":422,""t"":3154},{""x"":693,""y"":362,""t"":3287},{""x"":665,""y"":353,""t"":3413},{""x"":569,""y"":359,""t"":3545},{""x"":564,""y"":373,""t"":3688},{""x"":453,""y"":367,""t"":3818},{""x"":426,""y"":302,""t"":3976},{""x"":436,""y"":348,""t"":4107},{""x"":393,""y"":377,""t"":4234},{""x"":400,""y"":385,""t"":4362},{""x"":387,""y"":422,""t"":4494},{""x"":331,""y"":466,""t"":4625},{""x"":350,""y"":458,""t"":4750},{""x"":363,""y"":449,""t"":4875},{""x"":398,""y"":446,""t"":5001},{""x"":477,""y"":450,""t"":5129},{""x"":541,""y"":453,""t"":5260},{""x"":533,""y"":445,""t"":5388},{""x"":630,""y"":465,""t"":5513},{""x"":733,""y"":462,""t"":5656},{""x"":818,""y"":455,""t"":5786},{""x"":856,""y"":506,""t"":5909},{""x"":814,""y"":498,""t"":6035},{""x"":754,""y"":488,""t"":6160},{""x"":649,""y"":458,""t"":6297},{""x"":582,""y"":426,""t"":6441},{""x"":647,""y"":220,""t"":6570},{""x"":737,""y"":149,""t"":6699}]",1,0.0,1.0,pt_b-last,0
138,0,6,exp_107,1.0,1183.199999988079,0.78,0.4,2.1,3.0,higher_p,higher_m,0,1,attributes,1.0,True,1.638,1.2000000000000002,0.4379999999999999,0.7081329507986127,0.5,0.5,0.6,0.4,0.0,0.0,higher_p,higher_p,False,"{""durations"":[1000,1500,1000,1500],""alternatives"":[""all"",""all"",""all"",""all""],""attributes"":[""m"",""p"",""m"",""p""]}","[{""x"":727,""y"":238,""t"":-129},{""x"":677,""y"":254,""t"":0},{""x"":632,""y"":294,""t"":157},{""x"":659,""y"":348,""t"":400},{""x"":611,""y"":379,""t"":530},{""x"":558,""y"":389,""t"":660},{""x"":538,""y"":424,""t"":787},{""x"":561,""y"":422,""t"":923},{""x"":626,""y"":407,""t"":1069},{""x"":677,""y"":439,""t"":1208},{""x"":745,""y"":464,""t"":1337},{""x"":722,""y"":434,""t"":1462},{""x"":762,""y"":437,""t"":1594},{""x"":701,""y"":450,""t"":1725},{""x"":641,""y"":420,""t"":1854},{""x"":613,""y"":407,""t"":1976},{""x"":568,""y"":396,""t"":2106},{""x"":514,""y"":432,""t"":2233},{""x"":480,""y"":459,""t"":2358},{""x"":495,""y"":455,""t"":2483},{""x"":484,""y"":504,""t"":2609},{""x"":469,""y"":483,""t"":2736},{""x"":508,""y"":461,""t"":2871},{""x"":502,""y"":402,""t"":3004},{""x"":457,""y"":371,""t"":3130},{""x"":375,""y"":382,""t"":3255},{""x"":361,""y"":372,""t"":3383},{""x"":423,""y"":325,""t"":3509},{""x"":569,""y"":355,""t"":3640},{""x"":647,""y"":394,""t"":3769},{""x"":736,""y"":412,""t"":3895},{""x"":749,""y"":390,""t"":4030},{""x"":776,""y"":415,""t"":4162},{""x"":802,""y"":397,""t"":4289},{""x"":814,""y"":447,""t"":4416},{""x"":814,""y"":402,""t"":4539},{""x"":845,""y"":459,""t"":4663},{""x"":813,""y"":479,""t"":4789},{""x"":729,""y"":471,""t"":4919},{""x"":660,""y"":464,""t"":5047},{""x"":647,""y"":448,""t"":5173},{""x"":674,""y"":411,""t"":5299},{""x"":745,""y"":403,""t"":5424},{""x"":797,""y"":415,""t"":5556},{""x"":914,""y"":433,""t"":5697},{""x"":942,""y"":432,""t"":5826},{""x"":944,""y"":417,""t"":5958},{""x"":923,""y"":343,""t"":6099},{""x"":895,""y"":349,""t"":6223},{""x"":781,""y"":412,""t"":6359},{""x"":723,""y"":432,""t"":6489},{""x"":747,""y"":479,""t"":6616},{""x"":697,""y"":497,""t"":6742},{""x"":634,""y"":519,""t"":6882},{""x"":711,""y"":292,""t"":7010},{""x"":660,""y"":253,""t"":7141}]",1,5.42350707077879e-284,1.0,pt_b-last,0
138,0,7,exp_46,1.0,455.8999999761581,0.81,0.48,1.6999999999999995,7.9,higher_p,higher_m,0,1,alternatives,0.0,False,1.3769999999999998,3.792,-2.415,-2.2283544163938904,0.4,0.6,0.5,0.5,1.0,1.0,higher_m,higher_m,False,"{""durations"":[1000,1500,1000,1500],""alternatives"":[0,1,0,1],""attributes"":[""all"",""all"",""all"",""all""]}","[{""x"":548,""y"":357,""t"":-129},{""x"":597,""y"":337,""t"":0},{""x"":552,""y"":406,""t"":151},{""x"":602,""y"":467,""t"":389},{""x"":588,""y"":531,""t"":515},{""x"":554,""y"":572,""t"":643},{""x"":478,""y"":519,""t"":764},{""x"":425,""y"":497,""t"":897},{""x"":385,""y"":477,""t"":1023},{""x"":411,""y"":467,""t"":1151},{""x"":405,""y"":454,""t"":1288},{""x"":409,""y"":434,""t"":1413},{""x"":528,""y"":404,""t"":1544},{""x"":628,""y"":382,""t"":1675},{""x"":727,""y"":399,""t"":1801},{""x"":799,""y"":415,""t"":1923},{""x"":836,""y"":442,""t"":2051},{""x"":969,""y"":456,""t"":2175},{""x"":962,""y"":429,""t"":2300},{""x"":976,""y"":380,""t"":2427},{""x"":987,""y"":377,""t"":2554},{""x"":987,""y"":381,""t"":2697},{""x"":952,""y"":386,""t"":2834},{""x"":949,""y"":405,""t"":2977},{""x"":844,""y"":407,""t"":3105},{""x"":754,""y"":430,""t"":3230},{""x"":681,""y"":450,""t"":3358},{""x"":497,""y"":460,""t"":3492},{""x"":460,""y"":498,""t"":3640},{""x"":501,""y"":507,""t"":3769},{""x"":593,""y"":490,""t"":3893},{""x"":671,""y"":516,""t"":4029},{""x"":749,""y"":537,""t"":4158},{""x"":770,""y"":536,""t"":4284},{""x"":701,""y"":535,""t"":4412},{""x"":665,""y"":562,""t"":4541},{""x"":635,""y"":556,""t"":4665},{""x"":651,""y"":561,""t"":4794},{""x"":713,""y"":527,""t"":4919},{""x"":741,""y"":539,""t"":5046},{""x"":756,""y"":538,""t"":5170},{""x"":721,""y"":543,""t"":5297},{""x"":718,""y"":562,""t"":5424},{""x"":744,""y"":535,""t"":5554},{""x"":752,""y"":529,""t"":5691},{""x"":710,""y"":551,""t"":5816},{""x"":730,""y"":550,""t"":5940},{""x"":748,""y"":513,""t"":6072},{""x"":676,""y"":466,""t"":6205},{""x"":689,""y"":424,""t"":6333},{""x"":691,""y"":387,""t"":6462}]",1,0.0,1.0,pt_b-last,0
138,0,8,exp_40,1.0,825.3000000119209,0.81,0.48,1.6999999999999995,7.9,higher_p,higher_m,0,1,alternatives,0.0,False,1.3769999999999998,3.792,-2.415,-2.2283544163938904,0.6,0.4,0.5,0.5,0.0,1.0,higher_p,higher_m,False,"{""durations"":[1500,1000,1500,1000],""alternatives"":[0,1,0,1],""attributes"":[""all"",""all"",""all"",""all""]}","[{""x"":662,""y"":361,""t"":-130},{""x"":652,""y"":409,""t"":1},{""x"":646,""y"":413,""t"":156},{""x"":603,""y"":424,""t"":326},{""x"":545,""y"":404,""t"":542},{""x"":499,""y"":387,""t"":679},{""x"":445,""y"":371,""t"":815},{""x"":393,""y"":405,""t"":944},{""x"":418,""y"":416,""t"":1074},{""x"":391,""y"":429,""t"":1204},{""x"":361,""y"":462,""t"":1331},{""x"":366,""y"":414,""t"":1460},{""x"":473,""y"":389,""t"":1590},{""x"":583,""y"":382,""t"":1727},{""x"":624,""y"":359,""t"":1860},{""x"":668,""y"":372,""t"":1987},{""x"":718,""y"":362,""t"":2119},{""x"":838,""y"":408,""t"":2253},{""x"":918,""y"":417,""t"":2380},{""x"":948,""y"":421,""t"":2528},{""x"":981,""y"":471,""t"":2657},{""x"":999,""y"":482,""t"":2788},{""x"":974,""y"":459,""t"":2920},{""x"":949,""y"":436,""t"":3044},{""x"":804,""y"":457,""t"":3170},{""x"":738,""y"":473,""t"":3294},{""x"":674,""y"":503,""t"":3421},{""x"":643,""y"":514,""t"":3547},{""x"":622,""y"":516,""t"":3683},{""x"":608,""y"":526,""t"":3807},{""x"":565,""y"":537,""t"":3933},{""x"":661,""y"":533,""t"":4058},{""x"":661,""y"":508,""t"":4191},{""x"":695,""y"":478,""t"":4315},{""x"":742,""y"":426,""t"":4445},{""x"":791,""y"":447,""t"":4583},{""x"":828,""y"":393,""t"":4710},{""x"":846,""y"":394,""t"":4836},{""x"":756,""y"":391,""t"":4966},{""x"":786,""y"":404,""t"":5139},{""x"":792,""y"":378,""t"":5324},{""x"":824,""y"":330,""t"":5502},{""x"":885,""y"":274,""t"":5739},{""x"":864,""y"":272,""t"":5874},{""x"":857,""y"":283,""t"":5995},{""x"":848,""y"":251,""t"":6122},{""x"":853,""y"":234,""t"":6248},{""x"":849,""y"":244,""t"":6372},{""x"":840,""y"":254,""t"":6497},{""x"":832,""y"":246,""t"":6634},{""x"":885,""y"":206,""t"":6764},{""x"":874,""y"":296,""t"":6889}]",1,0.0,1.0,pt_b-last,0
138,0,9,catch_0,1.0,1169.0,0.19,0.72,2.0,3.0,dominated,dominant,1,1,alternatives,0.0,False,0.38,2.16,-1.7800000000000002,-1.5747724051190084,0.5,0.5,0.5,0.5,,1.0,,dominant,True,"{""durations"":[1250,1250,1250,1250],""attributes"":[""all"",""all"",""all"",""all""],""alternatives"":[0,1,0,1]}","[{""x"":647,""y"":395,""t"":-129},{""x"":632,""y"":454,""t"":0},{""x"":595,""y"":436,""t"":144},{""x"":548,""y"":379,""t"":310},{""x"":572,""y"":375,""t"":515},{""x"":648,""y"":426,""t"":640},{""x"":718,""y"":458,""t"":769},{""x"":797,""y"":449,""t"":893},{""x"":850,""y"":458,""t"":1015},{""x"":902,""y"":463,""t"":1143},{""x"":853,""y"":437,""t"":1268},{""x"":778,""y"":431,""t"":1402},{""x"":653,""y"":411,""t"":1531},{""x"":574,""y"":422,""t"":1658},{""x"":553,""y"":459,""t"":1787},{""x"":466,""y"":444,""t"":1914},{""x"":437,""y"":374,""t"":2036},{""x"":369,""y"":315,""t"":2161},{""x"":346,""y"":309,""t"":2288},{""x"":323,""y"":312,""t"":2413},{""x"":288,""y"":310,""t"":2539},{""x"":334,""y"":318,""t"":2673},{""x"":311,""y"":362,""t"":2824},{""x"":321,""y"":353,""t"":2952},{""x"":447,""y"":373,""t"":3080},{""x"":569,""y"":347,""t"":3211},{""x"":654,""y"":368,""t"":3340},{""x"":754,""y"":392,""t"":3470},{""x"":789,""y"":401,""t"":3597},{""x"":777,""y"":449,""t"":3725},{""x"":801,""y"":513,""t"":3853},{""x"":810,""y"":522,""t"":3978},{""x"":878,""y"":533,""t"":4105},{""x"":896,""y"":558,""t"":4238},{""x"":815,""y"":568,""t"":4371},{""x"":759,""y"":556,""t"":4498},{""x"":659,""y"":524,""t"":4624},{""x"":608,""y"":556,""t"":4750},{""x"":535,""y"":542,""t"":4877},{""x"":498,""y"":513,""t"":5002},{""x"":439,""y"":378,""t"":5128},{""x"":371,""y"":356,""t"":5256},{""x"":336,""y"":276,""t"":5380},{""x"":315,""y"":302,""t"":5507},{""x"":291,""y"":337,""t"":5634},{""x"":299,""y"":311,""t"":5766},{""x"":310,""y"":286,""t"":5896},{""x"":246,""y"":315,""t"":6021},{""x"":337,""y"":342,""t"":6155},{""x"":344,""y"":411,""t"":6283},{""x"":332,""y"":410,""t"":6412},{""x"":335,""y"":470,""t"":6542},{""x"":327,""y"":455,""t"":6671},{""x"":365,""y"":428,""t"":6803},{""x"":367,""y"":395,""t"":6935},{""x"":407,""y"":262,""t"":7065},{""x"":431,""y"":194,""t"":7199}]",1,0.0,1.0,pt_b-last,0
138,0,10,exp_29,1.0,1601.899999976158,0.3,0.17,2.0,3.0,higher_p,higher_m,0,1,attributes,1.0,True,0.6,0.51,0.0899999999999999,0.3499494233597794,0.5,0.5,0.4,0.6,1.0,0.0,higher_m,higher_p,False,"{""durations"":[1500,1000,1500,1000],""alternatives"":[""all"",""all"",""all"",""all""],""attributes"":[""m"",""p"",""m"",""p""]}","[{""x"":703,""y"":392,""t"":-138},{""x"":720,""y"":396,""t"":0},{""x"":713,""y"":412,""t"":150},{""x"":706,""y"":425,""t"":394},{""x"":763,""y"":432,""t"":555},{""x"":760,""y"":409,""t"":686},{""x"":757,""y"":399,""t"":823},{""x"":640,""y"":370,""t"":965},{""x"":611,""y"":363,""t"":1099},{""x"":692,""y"":350,""t"":1245},{""x"":751,""y"":357,""t"":1379},{""x"":795,""y"":320,""t"":1528},{""x"":827,""y"":318,""t"":1667},{""x"":837,""y"":315,""t"":1805},{""x"":783,""y"":360,""t"":1941},{""x"":728,""y"":338,""t"":2071},{""x"":761,""y"":362,""t"":2204},{""x"":862,""y"":432,""t"":2346},{""x"":945,""y"":472,""t"":2482},{""x"":959,""y"":483,""t"":2618},{""x"":1033,""y"":492,""t"":2755},{""x"":1032,""y"":415,""t"":2900},{""x"":943,""y"":441,""t"":3029},{""x"":808,""y"":371,""t"":3171},{""x"":728,""y"":427,""t"":3304},{""x"":641,""y"":423,""t"":3434},{""x"":580,""y"":445,""t"":3565},{""x"":544,""y"":449,""t"":3698},{""x"":486,""y"":474,""t"":3860},{""x"":438,""y"":501,""t"":3992},{""x"":425,""y"":488,""t"":4121},{""x"":439,""y"":478,""t"":4263},{""x"":417,""y"":498,""t"":4397},{""x"":493,""y"":508,""t"":4546},{""x"":490,""y"":544,""t"":4696},{""x"":520,""y"":579,""t"":4832},{""x"":524,""y"":574,""t"":4964},{""x"":487,""y"":589,""t"":5097},{""x"":488,""y"":614,""t"":5226},{""x"":550,""y"":600,""t"":5359},{""x"":578,""y"":606,""t"":5495},{""x"":557,""y"":583,""t"":5640},{""x"":550,""y"":544,""t"":5777},{""x"":569,""y"":503,""t"":5904},{""x"":512,""y"":482,""t"":6031},{""x"":581,""y"":533,""t"":6160},{""x"":625,""y"":524,""t"":6289},{""x"":557,""y"":429,""t"":6441},{""x"":559,""y"":503,""t"":6572},{""x"":520,""y"":498,""t"":6702},{""x"":580,""y"":526,""t"":6836},{""x"":563,""y"":554,""t"":6971},{""x"":632,""y"":569,""t"":7097},{""x"":588,""y"":520,""t"":7243},{""x"":725,""y"":436,""t"":7404},{""x"":733,""y"":360,""t"":7532},{""x"":752,""y"":350,""t"":7659}]",1,9.93324622486991e-269,1.0,pt_b-last,0
138,0,11,exp_84,1.0,1111.5999999642372,0.61,0.29,2.2,8.1,higher_p,higher_m,0,1,alternatives,0.0,False,1.342,2.349,-1.0069999999999997,-0.7791520984804501,0.4,0.6,0.5,0.5,1.0,0.0,higher_m,higher_p,False,"{""durations"":[1500,1000,1500,1000],""alternatives"":[1,0,1,0],""attributes"":[""all"",""all"",""all"",""all""]}","[{""x"":708,""y"":461,""t"":-130},{""x"":666,""y"":449,""t"":0},{""x"":620,""y"":487,""t"":145},{""x"":603,""y"":493,""t"":275},{""x"":539,""y"":438,""t"":524},{""x"":520,""y"":405,""t"":653},{""x"":489,""y"":336,""t"":780},{""x"":473,""y"":318,""t"":906},{""x"":486,""y"":337,""t"":1041},{""x"":476,""y"":346,""t"":1186},{""x"":522,""y"":385,""t"":1317},{""x"":646,""y"":398,""t"":1447},{""x"":711,""y"":425,""t"":1576},{""x"":694,""y"":459,""t"":1715},{""x"":728,""y"":462,""t"":1844},{""x"":714,""y"":376,""t"":1988},{""x"":647,""y"":401,""t"":2113},{""x"":681,""y"":436,""t"":2237},{""x"":775,""y"":398,""t"":2368},{""x"":814,""y"":374,""t"":2492},{""x"":703,""y"":349,""t"":2619},{""x"":682,""y"":316,""t"":2751},{""x"":651,""y"":346,""t"":2884},{""x"":564,""y"":248,""t"":3008},{""x"":492,""y"":311,""t"":3133},{""x"":520,""y"":384,""t"":3258},{""x"":493,""y"":453,""t"":3384},{""x"":456,""y"":442,""t"":3512},{""x"":444,""y"":328,""t"":3643},{""x"":419,""y"":341,""t"":3776},{""x"":381,""y"":342,""t"":3905},{""x"":423,""y"":328,""t"":4031},{""x"":414,""y"":339,""t"":4158},{""x"":440,""y"":357,""t"":4291},{""x"":562,""y"":450,""t"":4423},{""x"":551,""y"":459,""t"":4556},{""x"":541,""y"":437,""t"":4686},{""x"":560,""y"":427,""t"":4815},{""x"":624,""y"":395,""t"":4948},{""x"":743,""y"":387,""t"":5071},{""x"":727,""y"":384,""t"":5198},{""x"":635,""y"":369,""t"":5321},{""x"":601,""y"":359,""t"":5449},{""x"":586,""y"":393,""t"":5579},{""x"":582,""y"":441,""t"":5713},{""x"":567,""y"":485,""t"":5840},{""x"":591,""y"":513,""t"":5971},{""x"":535,""y"":462,""t"":6111},{""x"":491,""y"":465,""t"":6239},{""x"":433,""y"":424,""t"":6368},{""x"":426,""y"":396,""t"":6500},{""x"":415,""y"":467,""t"":6628},{""x"":483,""y"":356,""t"":6765},{""x"":683,""y"":324,""t"":6897},{""x"":626,""y"":375,""t"":7028}]",1,0.0,1.0,pt_b-last,0
138,0,12,exp_88,1.0,954.8000000119208,0.5,0.38,3.0,4.0,higher_p,higher_m,0,1,alternatives,0.0,False,1.5,1.52,-0.02,0.2367304922727919,0.6,0.4,0.5,0.5,0.0,1.0,higher_p,higher_m,False,"{""durations"":[1500,1000,1500,1000],""alternatives"":[0,1,0,1],""attributes"":[""all"",""all"",""all"",""all""]}","[{""x"":658,""y"":469,""t"":-132},{""x"":732,""y"":525,""t"":0},{""x"":766,""y"":516,""t"":148},{""x"":704,""y"":483,""t"":289},{""x"":661,""y"":471,""t"":546},{""x"":663,""y"":416,""t"":679},{""x"":585,""y"":396,""t"":808},{""x"":563,""y"":369,""t"":941},{""x"":638,""y"":365,""t"":1071},{""x"":654,""y"":365,""t"":1201},{""x"":657,""y"":365,""t"":1328},{""x"":695,""y"":344,""t"":1453},{""x"":692,""y"":311,""t"":1580},{""x"":701,""y"":317,""t"":1722},{""x"":706,""y"":356,""t"":1849},{""x"":769,""y"":339,""t"":1975},{""x"":838,""y"":327,""t"":2100},{""x"":931,""y"":368,""t"":2225},{""x"":961,""y"":394,""t"":2349},{""x"":919,""y"":388,""t"":2473},{""x"":931,""y"":446,""t"":2600},{""x"":894,""y"":472,""t"":2732},{""x"":906,""y"":497,""t"":2868},{""x"":883,""y"":489,""t"":3007},{""x"":760,""y"":453,""t"":3145},{""x"":664,""y"":462,""t"":3271},{""x"":532,""y"":470,""t"":3394},{""x"":462,""y"":471,""t"":3525},{""x"":433,""y"":526,""t"":3654},{""x"":542,""y"":546,""t"":3784},{""x"":645,""y"":581,""t"":3916},{""x"":701,""y"":604,""t"":4041},{""x"":744,""y"":540,""t"":4166},{""x"":838,""y"":425,""t"":4297},{""x"":843,""y"":394,""t"":4431},{""x"":954,""y"":395,""t"":4562},{""x"":922,""y"":389,""t"":4690},{""x"":982,""y"":439,""t"":4814},{""x"":932,""y"":365,""t"":4943},{""x"":914,""y"":416,""t"":5066},{""x"":946,""y"":412,""t"":5191},{""x"":919,""y"":452,""t"":5313},{""x"":876,""y"":449,""t"":5440},{""x"":776,""y"":497,""t"":5573},{""x"":727,""y"":552,""t"":5705},{""x"":732,""y"":560,""t"":5829},{""x"":707,""y"":561,""t"":5963},{""x"":700,""y"":545,""t"":6087},{""x"":649,""y"":479,""t"":6270},{""x"":616,""y"":500,""t"":6398},{""x"":607,""y"":512,""t"":6528},{""x"":554,""y"":444,""t"":6659},{""x"":683,""y"":407,""t"":6785},{""x"":622,""y"":327,""t"":6910}]",1,0.0,1.0,pt_b-last,0
138,0,13,catch_7,1.0,731.3000000119209,0.28,0.48,2.1,5.2,dominated,dominant,1,1,attributes,1.0,True,0.5880000000000001,2.496,-1.908,-1.706518070383866,0.5,0.5,0.5,0.5,,1.0,,dominant,True,"{""durations"":[1250,1250,1250,1250],""attributes"":[""p"",""m"",""p"",""m""],""alternatives"":[""all"",""all"",""all"",""all""]}","[{""x"":614,""y"":506,""t"":-130},{""x"":593,""y"":463,""t"":0},{""x"":651,""y"":475,""t"":148},{""x"":670,""y"":481,""t"":371},{""x"":667,""y"":457,""t"":528},{""x"":598,""y"":474,""t"":662},{""x"":698,""y"":477,""t"":795},{""x"":740,""y"":442,""t"":929},{""x"":721,""y"":475,""t"":1059},{""x"":699,""y"":488,""t"":1198},{""x"":647,""y"":481,""t"":1336},{""x"":618,""y"":532,""t"":1494},{""x"":546,""y"":524,""t"":1628},{""x"":529,""y"":509,""t"":1759},{""x"":513,""y"":499,""t"":1890},{""x"":570,""y"":500,""t"":2016},{""x"":563,""y"":475,""t"":2144},{""x"":531,""y"":487,""t"":2272},{""x"":497,""y"":490,""t"":2396},{""x"":477,""y"":501,""t"":2536},{""x"":422,""y"":505,""t"":2664},{""x"":498,""y"":548,""t"":2798},{""x"":508,""y"":505,""t"":2949},{""x"":527,""y"":520,""t"":3086},{""x"":533,""y"":547,""t"":3213},{""x"":563,""y"":563,""t"":3337},{""x"":682,""y"":582,""t"":3464},{""x"":762,""y"":601,""t"":3595},{""x"":867,""y"":570,""t"":3722},{""x"":902,""y"":560,""t"":3869},{""x"":897,""y"":555,""t"":4000},{""x"":871,""y"":571,""t"":4126},{""x"":841,""y"":568,""t"":4266},{""x"":755,""y"":526,""t"":4393},{""x"":730,""y"":470,""t"":4524},{""x"":640,""y"":390,""t"":4642},{""x"":706,""y"":352,""t"":4767},{""x"":787,""y"":327,""t"":4896},{""x"":817,""y"":326,""t"":5019},{""x"":730,""y"":278,""t"":5144},{""x"":649,""y"":288,""t"":5276},{""x"":596,""y"":277,""t"":5417},{""x"":572,""y"":334,""t"":5549},{""x"":515,""y"":414,""t"":5684},{""x"":511,""y"":462,""t"":5816},{""x"":540,""y"":494,""t"":5943},{""x"":464,""y"":448,""t"":6069},{""x"":471,""y"":473,""t"":6214},{""x"":489,""y"":379,""t"":6352},{""x"":510,""y"":146,""t"":6480},{""x"":563,""y"":-3,""t"":6608}]",1,0.0,1.0,pt_b-last,0
138,0,14,exp_30,1.0,767.6999999880791,0.3,0.17,2.0,3.0,higher_p,higher_m,0,1,alternatives,0.0,False,0.6,0.51,0.0899999999999999,0.3499494233597794,0.4,0.6,0.5,0.5,1.0,1.0,higher_m,higher_m,False,"{""durations"":[1000,1500,1000,1500],""alternatives"":[0,1,0,1],""attributes"":[""all"",""all"",""all"",""all""]}","[{""x"":645,""y"":316,""t"":-132},{""x"":697,""y"":331,""t"":0},{""x"":686,""y"":430,""t"":163},{""x"":596,""y"":394,""t"":429},{""x"":624,""y"":463,""t"":554},{""x"":687,""y"":472,""t"":687},{""x"":766,""y"":440,""t"":815},{""x"":854,""y"":398,""t"":942},{""x"":894,""y"":379,""t"":1071},{""x"":943,""y"":419,""t"":1211},{""x"":916,""y"":426,""t"":1339},{""x"":799,""y"":395,""t"":1468},{""x"":711,""y"":414,""t"":1597},{""x"":654,""y"":432,""t"":1724},{""x"":590,""y"":411,""t"":1850},{""x"":545,""y"":412,""t"":1980},{""x"":519,""y"":443,""t"":2107},{""x"":541,""y"":499,""t"":2232},{""x"":480,""y"":529,""t"":2360},{""x"":498,""y"":540,""t"":2488},{""x"":471,""y"":538,""t"":2624},{""x"":467,""y"":525,""t"":2774},{""x"":563,""y"":552,""t"":2905},{""x"":643,""y"":554,""t"":3035},{""x"":668,""y"":526,""t"":3163},{""x"":768,""y"":531,""t"":3295},{""x"":827,""y"":509,""t"":3422},{""x"":723,""y"":479,""t"":3547},{""x"":671,""y"":462,""t"":3675},{""x"":614,""y"":489,""t"":3800},{""x"":531,""y"":469,""t"":3931},{""x"":514,""y"":452,""t"":4063},{""x"":525,""y"":441,""t"":4189},{""x"":476,""y"":459,""t"":4318},{""x"":471,""y"":492,""t"":4449},{""x"":493,""y"":517,""t"":4582},{""x"":497,""y"":540,""t"":4708},{""x"":547,""y"":519,""t"":4834},{""x"":519,""y"":457,""t"":4962},{""x"":449,""y"":408,""t"":5087},{""x"":433,""y"":413,""t"":5213},{""x"":474,""y"":408,""t"":5336},{""x"":519,""y"":395,""t"":5461},{""x"":502,""y"":369,""t"":5597},{""x"":489,""y"":365,""t"":5730},{""x"":514,""y"":395,""t"":5857},{""x"":533,""y"":392,""t"":5979},{""x"":527,""y"":442,""t"":6107},{""x"":550,""y"":488,""t"":6233},{""x"":514,""y"":423,""t"":6366},{""x"":551,""y"":369,""t"":6497},{""x"":657,""y"":195,""t"":6623},{""x"":637,""y"":240,""t"":6750}]",1,1.559703141649155e-290,1.0,pt_b-last,0
138,0,15,exp_98,1.0,579.0,0.58,0.38,4.9,6.9,higher_p,higher_m,0,1,alternatives,0.0,False,2.842,2.6220000000000003,0.2199999999999997,0.4837536146444008,0.6,0.4,0.5,0.5,0.0,0.0,higher_p,higher_p,False,"{""durations"":[1000,1500,1000,1500],""alternatives"":[1,0,1,0],""attributes"":[""all"",""all"",""all"",""all""]}","[{""x"":683,""y"":408,""t"":-138},{""x"":617,""y"":396,""t"":0},{""x"":620,""y"":447,""t"":163},{""x"":628,""y"":472,""t"":393},{""x"":579,""y"":468,""t"":524},{""x"":525,""y"":543,""t"":655},{""x"":517,""y"":567,""t"":788},{""x"":523,""y"":585,""t"":918},{""x"":526,""y"":595,""t"":1046},{""x"":588,""y"":573,""t"":1185},{""x"":673,""y"":548,""t"":1323},{""x"":713,""y"":512,""t"":1476},{""x"":772,""y"":478,""t"":1605},{""x"":825,""y"":428,""t"":1728},{""x"":871,""y"":415,""t"":1860},{""x"":905,""y"":353,""t"":1983},{""x"":937,""y"":346,""t"":2116},{""x"":953,""y"":366,""t"":2247},{""x"":846,""y"":415,""t"":2368},{""x"":759,""y"":389,""t"":2495},{""x"":734,""y"":352,""t"":2626},{""x"":571,""y"":331,""t"":2759},{""x"":540,""y"":318,""t"":2899},{""x"":485,""y"":280,""t"":3033},{""x"":434,""y"":264,""t"":3161},{""x"":385,""y"":358,""t"":3287},{""x"":406,""y"":389,""t"":3414},{""x"":448,""y"":384,""t"":3543},{""x"":518,""y"":427,""t"":3702},{""x"":570,""y"":450,""t"":3829},{""x"":645,""y"":413,""t"":3963},{""x"":684,""y"":445,""t"":4096},{""x"":713,""y"":436,""t"":4221},{""x"":698,""y"":440,""t"":4348},{""x"":652,""y"":443,""t"":4473},{""x"":628,""y"":484,""t"":4600},{""x"":605,""y"":510,""t"":4732},{""x"":607,""y"":519,""t"":4857},{""x"":660,""y"":507,""t"":4999},{""x"":637,""y"":498,""t"":5141},{""x"":559,""y"":479,""t"":5266},{""x"":593,""y"":443,""t"":5395},{""x"":581,""y"":422,""t"":5526},{""x"":565,""y"":365,""t"":5665},{""x"":516,""y"":318,""t"":5790},{""x"":422,""y"":272,""t"":5918},{""x"":410,""y"":269,""t"":6043},{""x"":321,""y"":242,""t"":6173},{""x"":381,""y"":104,""t"":6318},{""x"":366,""y"":-55,""t"":6442},{""x"":459,""y"":-163,""t"":6569}]",1,0.0,1.0,pt_b-last,0
138,0,16,catch_6,1.0,520.9000000357628,0.23,0.59,1.9,2.7,dominated,dominant,1,1,alternatives,0.0,False,0.437,1.593,-1.156,-0.9325122869528244,0.5,0.5,0.5,0.5,,1.0,,dominant,True,"{""durations"":[1250,1250,1250,1250],""attributes"":[""all"",""all"",""all"",""all""],""alternatives"":[0,1,0,1]}","[{""x"":564,""y"":154,""t"":-129},{""x"":623,""y"":237,""t"":0},{""x"":635,""y"":315,""t"":154},{""x"":609,""y"":375,""t"":407},{""x"":664,""y"":361,""t"":532},{""x"":770,""y"":387,""t"":677},{""x"":839,""y"":325,""t"":806},{""x"":844,""y"":356,""t"":931},{""x"":928,""y"":410,""t"":1061},{""x"":872,""y"":411,""t"":1186},{""x"":819,""y"":464,""t"":1311},{""x"":768,""y"":435,""t"":1441},{""x"":710,""y"":421,""t"":1576},{""x"":636,""y"":443,""t"":1705},{""x"":567,""y"":461,""t"":1830},{""x"":493,""y"":425,""t"":1954},{""x"":470,""y"":410,""t"":2086},{""x"":452,""y"":375,""t"":2212},{""x"":435,""y"":402,""t"":2341},{""x"":394,""y"":386,""t"":2480},{""x"":455,""y"":368,""t"":2623},{""x"":450,""y"":362,""t"":2752},{""x"":509,""y"":355,""t"":2882},{""x"":452,""y"":349,""t"":3015},{""x"":518,""y"":325,""t"":3141},{""x"":579,""y"":336,""t"":3272},{""x"":594,""y"":334,""t"":3408},{""x"":678,""y"":377,""t"":3532},{""x"":764,""y"":387,""t"":3676},{""x"":723,""y"":335,""t"":3807},{""x"":673,""y"":360,""t"":3937},{""x"":584,""y"":408,""t"":4064},{""x"":583,""y"":469,""t"":4191},{""x"":545,""y"":463,""t"":4329},{""x"":554,""y"":472,""t"":4457},{""x"":534,""y"":498,""t"":4584},{""x"":458,""y"":419,""t"":4725},{""x"":397,""y"":410,""t"":4862},{""x"":423,""y"":411,""t"":4987},{""x"":404,""y"":430,""t"":5124},{""x"":358,""y"":415,""t"":5265},{""x"":372,""y"":431,""t"":5401},{""x"":360,""y"":412,""t"":5529},{""x"":405,""y"":436,""t"":5672},{""x"":384,""y"":397,""t"":5803},{""x"":483,""y"":443,""t"":5930},{""x"":542,""y"":419,""t"":6060},{""x"":603,""y"":466,""t"":6192},{""x"":570,""y"":472,""t"":6325},{""x"":623,""y"":423,""t"":6463}]",1,4.2062010863934594e-276,1.0,pt_b-last,0
138,0,17,exp_67,1.0,903.600000023842,0.72,0.51,4.2,5.2,higher_p,higher_m,0,1,attributes,1.0,True,3.024,2.652,0.3719999999999999,0.6402015921464201,0.5,0.5,0.6,0.4,0.0,0.0,higher_p,higher_p,False,"{""durations"":[1000,1500,1000,1500],""alternatives"":[""all"",""all"",""all"",""all""],""attributes"":[""m"",""p"",""m"",""p""]}","[{""x"":617,""y"":402,""t"":-134},{""x"":597,""y"":424,""t"":0},{""x"":508,""y"":337,""t"":163},{""x"":487,""y"":328,""t"":295},{""x"":466,""y"":313,""t"":550},{""x"":466,""y"":303,""t"":674},{""x"":517,""y"":288,""t"":802},{""x"":620,""y"":274,""t"":929},{""x"":666,""y"":299,""t"":1061},{""x"":732,""y"":246,""t"":1197},{""x"":759,""y"":247,""t"":1327},{""x"":745,""y"":265,""t"":1452},{""x"":831,""y"":317,""t"":1578},{""x"":849,""y"":350,""t"":1706},{""x"":819,""y"":346,""t"":1837},{""x"":814,""y"":426,""t"":1966},{""x"":795,""y"":483,""t"":2090},{""x"":719,""y"":448,""t"":2218},{""x"":743,""y"":491,""t"":2346},{""x"":830,""y"":512,""t"":2470},{""x"":820,""y"":484,""t"":2596},{""x"":715,""y"":420,""t"":2722},{""x"":668,""y"":403,""t"":2853},{""x"":613,""y"":395,""t"":2983},{""x"":591,""y"":388,""t"":3110},{""x"":656,""y"":380,""t"":3235},{""x"":718,""y"":392,""t"":3359},{""x"":671,""y"":430,""t"":3483},{""x"":605,""y"":446,""t"":3609},{""x"":493,""y"":468,""t"":3762},{""x"":472,""y"":491,""t"":3887},{""x"":492,""y"":505,""t"":4018},{""x"":596,""y"":490,""t"":4149},{""x"":693,""y"":486,""t"":4279},{""x"":672,""y"":423,""t"":4403},{""x"":721,""y"":446,""t"":4529},{""x"":772,""y"":409,""t"":4656},{""x"":798,""y"":448,""t"":4781},{""x"":713,""y"":435,""t"":4909},{""x"":763,""y"":426,""t"":5042},{""x"":747,""y"":417,""t"":5190},{""x"":781,""y"":389,""t"":5316},{""x"":839,""y"":347,""t"":5448},{""x"":894,""y"":315,""t"":5577},{""x"":949,""y"":292,""t"":5718},{""x"":940,""y"":262,""t"":5843},{""x"":967,""y"":263,""t"":5973},{""x"":956,""y"":350,""t"":6097},{""x"":866,""y"":400,""t"":6228},{""x"":889,""y"":409,""t"":6353},{""x"":865,""y"":418,""t"":6478},{""x"":762,""y"":387,""t"":6620},{""x"":862,""y"":248,""t"":6746},{""x"":824,""y"":197,""t"":6871}]",1,0.0,1.0,pt_b-last,0
138,0,18,catch_5,1.0,698.8000000119209,0.4,0.49,3.2,4.3,dominated,dominant,1,1,attributes,1.0,True,1.2800000000000002,2.107,-0.8269999999999995,-0.593884756701743,0.5,0.5,0.5,0.5,,1.0,,dominant,True,"{""durations"":[1250,1250,1250,1250],""attributes"":[""p"",""m"",""p"",""m""],""alternatives"":[""all"",""all"",""all"",""all""]}","[{""x"":618,""y"":390,""t"":-188},{""x"":644,""y"":442,""t"":-61},{""x"":666,""y"":505,""t"":0},{""x"":606,""y"":473,""t"":159},{""x"":638,""y"":526,""t"":461},{""x"":653,""y"":500,""t"":584},{""x"":541,""y"":529,""t"":714},{""x"":507,""y"":530,""t"":839},{""x"":519,""y"":572,""t"":965},{""x"":586,""y"":559,""t"":1093},{""x"":599,""y"":541,""t"":1217},{""x"":647,""y"":520,""t"":1342},{""x"":639,""y"":531,""t"":1479},{""x"":646,""y"":522,""t"":1604},{""x"":694,""y"":532,""t"":1731},{""x"":676,""y"":519,""t"":1854},{""x"":727,""y"":431,""t"":1981},{""x"":771,""y"":414,""t"":2106},{""x"":816,""y"":395,""t"":2240},{""x"":781,""y"":392,""t"":2387},{""x"":724,""y"":370,""t"":2513},{""x"":650,""y"":399,""t"":2651},{""x"":637,""y"":424,""t"":2785},{""x"":554,""y"":380,""t"":2921},{""x"":525,""y"":418,""t"":3056},{""x"":552,""y"":461,""t"":3182},{""x"":550,""y"":462,""t"":3305},{""x"":540,""y"":458,""t"":3432},{""x"":543,""y"":457,""t"":3552},{""x"":634,""y"":424,""t"":3677},{""x"":650,""y"":412,""t"":3802},{""x"":685,""y"":432,""t"":3930},{""x"":663,""y"":469,""t"":4055},{""x"":705,""y"":495,""t"":4186},{""x"":737,""y"":521,""t"":4316},{""x"":657,""y"":558,""t"":4445},{""x"":570,""y"":523,""t"":4570},{""x"":552,""y"":519,""t"":4695},{""x"":561,""y"":529,""t"":4823},{""x"":516,""y"":534,""t"":4944},{""x"":549,""y"":554,""t"":5069},{""x"":474,""y"":502,""t"":5198},{""x"":477,""y"":515,""t"":5323},{""x"":393,""y"":464,""t"":5450},{""x"":505,""y"":493,""t"":5577},{""x"":612,""y"":492,""t"":5710},{""x"":641,""y"":474,""t"":5835},{""x"":599,""y"":427,""t"":5960},{""x"":619,""y"":473,""t"":6086},{""x"":575,""y"":481,""t"":6211},{""x"":573,""y"":480,""t"":6350},{""x"":688,""y"":269,""t"":6477},{""x"":787,""y"":145,""t"":6602}]",1,0.0,1.0,pt_b-last,0
138,0,19,exp_58,1.0,642.5999999642372,0.41,0.21,1.7999999999999998,6.2,higher_p,higher_m,0,1,alternatives,0.0,False,0.7379999999999999,1.302,-0.5640000000000002,-0.3231885851028555,0.6,0.4,0.5,0.5,0.0,0.0,higher_p,higher_p,False,"{""durations"":[1000,1500,1000,1500],""alternatives"":[1,0,1,0],""attributes"":[""all"",""all"",""all"",""all""]}","[{""x"":776,""y"":213,""t"":-134},{""x"":798,""y"":211,""t"":0},{""x"":803,""y"":286,""t"":143},{""x"":825,""y"":313,""t"":274},{""x"":778,""y"":300,""t"":521},{""x"":765,""y"":314,""t"":646},{""x"":693,""y"":338,""t"":775},{""x"":629,""y"":363,""t"":903},{""x"":540,""y"":391,""t"":1030},{""x"":471,""y"":389,""t"":1164},{""x"":429,""y"":377,""t"":1295},{""x"":462,""y"":303,""t"":1418},{""x"":502,""y"":307,""t"":1542},{""x"":496,""y"":330,""t"":1666},{""x"":556,""y"":315,""t"":1794},{""x"":577,""y"":347,""t"":1922},{""x"":648,""y"":354,""t"":2044},{""x"":706,""y"":362,""t"":2169},{""x"":751,""y"":380,""t"":2294},{""x"":711,""y"":434,""t"":2420},{""x"":692,""y"":447,""t"":2546},{""x"":643,""y"":402,""t"":2675},{""x"":611,""y"":452,""t"":2808},{""x"":578,""y"":492,""t"":2936},{""x"":524,""y"":506,""t"":3063},{""x"":533,""y"":522,""t"":3192},{""x"":540,""y"":522,""t"":3314},{""x"":609,""y"":508,""t"":3441},{""x"":582,""y"":511,""t"":3583},{""x"":576,""y"":517,""t"":3710},{""x"":563,""y"":508,""t"":3839},{""x"":532,""y"":489,""t"":3970},{""x"":475,""y"":485,""t"":4100},{""x"":500,""y"":476,""t"":4232},{""x"":493,""y"":382,""t"":4357},{""x"":586,""y"":361,""t"":4485},{""x"":658,""y"":357,""t"":4615},{""x"":714,""y"":347,""t"":4753},{""x"":706,""y"":352,""t"":4883},{""x"":670,""y"":363,""t"":5008},{""x"":664,""y"":408,""t"":5137},{""x"":625,""y"":412,""t"":5264},{""x"":614,""y"":417,""t"":5387},{""x"":602,""y"":380,""t"":5515},{""x"":557,""y"":376,""t"":5648},{""x"":532,""y"":395,""t"":5781},{""x"":514,""y"":415,""t"":5910},{""x"":582,""y"":441,""t"":6032},{""x"":589,""y"":467,""t"":6163},{""x"":580,""y"":512,""t"":6291},{""x"":660,""y"":271,""t"":6423},{""x"":684,""y"":129,""t"":6554},{""x"":745,""y"":-26,""t"":6681}]",1,0.0,1.0,pt_b-last,0
138,0,20,catch_1,1.0,851.7999999523163,0.29,0.41,4.2,5.9,dominated,dominant,1,1,attributes,1.0,True,1.218,2.419,-1.201,-0.9788291223975012,0.5,0.5,0.5,0.5,,1.0,,dominant,True,"{""durations"":[1250,1250,1250,1250],""attributes"":[""p"",""m"",""p"",""m""],""alternatives"":[""all"",""all"",""all"",""all""]}","[{""x"":654,""y"":308,""t"":-131},{""x"":648,""y"":325,""t"":0},{""x"":633,""y"":365,""t"":146},{""x"":628,""y"":425,""t"":372},{""x"":587,""y"":515,""t"":532},{""x"":571,""y"":510,""t"":661},{""x"":665,""y"":576,""t"":797},{""x"":717,""y"":577,""t"":925},{""x"":724,""y"":549,""t"":1054},{""x"":830,""y"":510,""t"":1188},{""x"":899,""y"":488,""t"":1316},{""x"":860,""y"":488,""t"":1479},{""x"":782,""y"":518,""t"":1606},{""x"":717,""y"":497,""t"":1732},{""x"":638,""y"":469,""t"":1859},{""x"":655,""y"":409,""t"":1987},{""x"":703,""y"":413,""t"":2122},{""x"":768,""y"":402,""t"":2267},{""x"":767,""y"":380,""t"":2402},{""x"":762,""y"":316,""t"":2532},{""x"":698,""y"":317,""t"":2665},{""x"":614,""y"":356,""t"":2805},{""x"":616,""y"":387,""t"":2934},{""x"":572,""y"":436,""t"":3068},{""x"":567,""y"":461,""t"":3194},{""x"":607,""y"":449,""t"":3321},{""x"":644,""y"":474,""t"":3448},{""x"":674,""y"":428,""t"":3576},{""x"":614,""y"":471,""t"":3701},{""x"":639,""y"":474,""t"":3856},{""x"":635,""y"":466,""t"":3981},{""x"":642,""y"":459,""t"":4109},{""x"":613,""y"":431,""t"":4238},{""x"":593,""y"":447,""t"":4374},{""x"":561,""y"":410,""t"":4500},{""x"":520,""y"":375,""t"":4632},{""x"":605,""y"":341,""t"":4755},{""x"":687,""y"":332,""t"":4883},{""x"":748,""y"":276,""t"":5010},{""x"":816,""y"":271,""t"":5136},{""x"":865,""y"":254,""t"":5263},{""x"":849,""y"":271,""t"":5389},{""x"":807,""y"":319,""t"":5518},{""x"":727,""y"":315,""t"":5648},{""x"":710,""y"":359,""t"":5784},{""x"":715,""y"":405,""t"":5910},{""x"":680,""y"":442,""t"":6035},{""x"":656,""y"":444,""t"":6175},{""x"":655,""y"":455,""t"":6303},{""x"":660,""y"":449,""t"":6431},{""x"":603,""y"":466,""t"":6571},{""x"":686,""y"":432,""t"":6698},{""x"":711,""y"":387,""t"":6824}]",1,0.0,1.0,pt_b-last,0
138,0,21,exp_73,1.0,638.1999999880791,0.8,0.2,4.0,6.799999999999999,higher_p,higher_m,0,1,attributes,1.0,True,3.2,1.36,1.8400000000000003,2.151159690652763,0.5,0.5,0.6,0.4,0.0,1.0,higher_p,higher_m,False,"{""durations"":[1500,1000,1500,1000],""alternatives"":[""all"",""all"",""all"",""all""],""attributes"":[""p"",""m"",""p"",""m""]}","[{""x"":694,""y"":388,""t"":-128},{""x"":701,""y"":421,""t"":0},{""x"":721,""y"":469,""t"":148},{""x"":712,""y"":504,""t"":285},{""x"":620,""y"":434,""t"":536},{""x"":585,""y"":446,""t"":658},{""x"":572,""y"":429,""t"":786},{""x"":630,""y"":399,""t"":916},{""x"":655,""y"":384,""t"":1043},{""x"":751,""y"":375,""t"":1168},{""x"":745,""y"":405,""t"":1302},{""x"":792,""y"":435,""t"":1427},{""x"":794,""y"":443,""t"":1554},{""x"":789,""y"":476,""t"":1688},{""x"":765,""y"":515,""t"":1818},{""x"":764,""y"":513,""t"":1944},{""x"":812,""y"":441,""t"":2069},{""x"":736,""y"":404,""t"":2193},{""x"":713,""y"":370,""t"":2315},{""x"":664,""y"":352,""t"":2440},{""x"":576,""y"":356,""t"":2567},{""x"":527,""y"":412,""t"":2689},{""x"":467,""y"":419,""t"":2822},{""x"":407,""y"":400,""t"":2956},{""x"":438,""y"":434,""t"":3084},{""x"":432,""y"":441,""t"":3217},{""x"":471,""y"":451,""t"":3345},{""x"":399,""y"":417,""t"":3471},{""x"":480,""y"":426,""t"":3599},{""x"":532,""y"":419,""t"":3724},{""x"":528,""y"":349,""t"":3852},{""x"":617,""y"":332,""t"":3979},{""x"":671,""y"":346,""t"":4102},{""x"":663,""y"":327,""t"":4244},{""x"":633,""y"":394,""t"":4384},{""x"":658,""y"":460,""t"":4520},{""x"":613,""y"":483,""t"":4657},{""x"":623,""y"":480,""t"":4788},{""x"":624,""y"":512,""t"":4917},{""x"":554,""y"":446,""t"":5044},{""x"":547,""y"":432,""t"":5170},{""x"":470,""y"":423,""t"":5295},{""x"":445,""y"":375,""t"":5427},{""x"":462,""y"":413,""t"":5554},{""x"":501,""y"":395,""t"":5690},{""x"":499,""y"":421,""t"":5817},{""x"":508,""y"":408,""t"":5943},{""x"":532,""y"":432,""t"":6066},{""x"":555,""y"":459,""t"":6194},{""x"":555,""y"":494,""t"":6332},{""x"":622,""y"":313,""t"":6459},{""x"":647,""y"":205,""t"":6588}]",1,0.0,1.0,pt_b-last,0
138,0,22,exp_64,1.0,649.2999999523163,0.72,0.51,4.2,5.2,higher_p,higher_m,0,1,alternatives,0.0,False,3.024,2.652,0.3719999999999999,0.6402015921464201,0.6,0.4,0.5,0.5,0.0,1.0,higher_p,higher_m,False,"{""durations"":[1500,1000,1500,1000],""alternatives"":[0,1,0,1],""attributes"":[""all"",""all"",""all"",""all""]}","[{""x"":615,""y"":352,""t"":-195},{""x"":656,""y"":385,""t"":-67},{""x"":680,""y"":411,""t"":1},{""x"":694,""y"":360,""t"":153},{""x"":627,""y"":317,""t"":470},{""x"":603,""y"":387,""t"":589},{""x"":581,""y"":327,""t"":717},{""x"":550,""y"":354,""t"":844},{""x"":586,""y"":384,""t"":973},{""x"":531,""y"":398,""t"":1098},{""x"":482,""y"":398,""t"":1232},{""x"":479,""y"":443,""t"":1359},{""x"":479,""y"":458,""t"":1491},{""x"":451,""y"":485,""t"":1626},{""x"":505,""y"":533,""t"":1783},{""x"":436,""y"":541,""t"":1914},{""x"":485,""y"":507,""t"":2042},{""x"":550,""y"":464,""t"":2174},{""x"":638,""y"":461,""t"":2305},{""x"":733,""y"":505,""t"":2434},{""x"":816,""y"":505,""t"":2562},{""x"":872,""y"":444,""t"":2686},{""x"":856,""y"":471,""t"":2813},{""x"":872,""y"":516,""t"":2950},{""x"":794,""y"":515,""t"":3077},{""x"":727,""y"":510,""t"":3204},{""x"":638,""y"":489,""t"":3331},{""x"":599,""y"":468,""t"":3464},{""x"":560,""y"":449,""t"":3592},{""x"":496,""y"":424,""t"":3721},{""x"":468,""y"":427,""t"":3849},{""x"":496,""y"":419,""t"":3974},{""x"":562,""y"":384,""t"":4097},{""x"":575,""y"":378,""t"":4221},{""x"":666,""y"":392,""t"":4349},{""x"":706,""y"":365,""t"":4478},{""x"":757,""y"":349,""t"":4618},{""x"":795,""y"":345,""t"":4748},{""x"":802,""y"":374,""t"":4876},{""x"":835,""y"":399,""t"":5003},{""x"":765,""y"":442,""t"":5135},{""x"":698,""y"":492,""t"":5262},{""x"":654,""y"":468,""t"":5390},{""x"":524,""y"":462,""t"":5524},{""x"":462,""y"":408,""t"":5661},{""x"":553,""y"":414,""t"":5797},{""x"":568,""y"":438,""t"":5923},{""x"":597,""y"":479,""t"":6049},{""x"":548,""y"":465,""t"":6176},{""x"":554,""y"":458,""t"":6313},{""x"":564,""y"":397,""t"":6446},{""x"":603,""y"":380,""t"":6573},{""x"":627,""y"":292,""t"":6707}]",1,0.0,1.0,pt_b-last,0
138,0,23,exp_78,1.0,910.899999976158,0.8,0.2,4.0,6.799999999999999,higher_p,higher_m,0,1,alternatives,0.0,False,3.2,1.36,1.8400000000000003,2.151159690652763,0.4,0.6,0.5,0.5,1.0,1.0,higher_m,higher_m,False,"{""durations"":[1000,1500,1000,1500],""alternatives"":[0,1,0,1],""attributes"":[""all"",""all"",""all"",""all""]}","[{""x"":540,""y"":369,""t"":-198},{""x"":572,""y"":405,""t"":-67},{""x"":556,""y"":381,""t"":2},{""x"":581,""y"":422,""t"":152},{""x"":590,""y"":457,""t"":345},{""x"":704,""y"":435,""t"":577},{""x"":775,""y"":421,""t"":707},{""x"":838,""y"":387,""t"":833},{""x"":894,""y"":417,""t"":964},{""x"":954,""y"":398,""t"":1092},{""x"":1027,""y"":393,""t"":1235},{""x"":901,""y"":420,""t"":1371},{""x"":836,""y"":426,""t"":1499},{""x"":720,""y"":367,""t"":1643},{""x"":613,""y"":377,""t"":1773},{""x"":543,""y"":432,""t"":1897},{""x"":530,""y"":451,""t"":2028},{""x"":388,""y"":469,""t"":2158},{""x"":394,""y"":480,""t"":2288},{""x"":417,""y"":524,""t"":2422},{""x"":480,""y"":507,""t"":2554},{""x"":490,""y"":503,""t"":2684},{""x"":432,""y"":455,""t"":2820},{""x"":445,""y"":385,""t"":2950},{""x"":536,""y"":358,""t"":3085},{""x"":648,""y"":342,""t"":3222},{""x"":681,""y"":305,""t"":3350},{""x"":729,""y"":345,""t"":3473},{""x"":710,""y"":387,""t"":3597},{""x"":575,""y"":352,""t"":3726},{""x"":519,""y"":369,""t"":3853},{""x"":524,""y"":417,""t"":4012},{""x"":494,""y"":410,""t"":4160},{""x"":576,""y"":454,""t"":4285},{""x"":622,""y"":471,""t"":4414},{""x"":629,""y"":477,""t"":4544},{""x"":656,""y"":501,""t"":4669},{""x"":625,""y"":481,""t"":4797},{""x"":614,""y"":482,""t"":4933},{""x"":609,""y"":493,""t"":5065},{""x"":596,""y"":462,""t"":5192},{""x"":512,""y"":445,""t"":5322},{""x"":490,""y"":438,""t"":5448},{""x"":402,""y"":390,""t"":5576},{""x"":356,""y"":426,""t"":5713},{""x"":332,""y"":419,""t"":5842},{""x"":380,""y"":405,""t"":5967},{""x"":426,""y"":441,""t"":6099},{""x"":549,""y"":495,""t"":6221},{""x"":587,""y"":520,""t"":6363},{""x"":569,""y"":520,""t"":6488},{""x"":570,""y"":557,""t"":6626},{""x"":665,""y"":369,""t"":6752},{""x"":696,""y"":251,""t"":6876}]",1,0.0,1.0,pt_b-last,0
138,0,24,exp_117,1.0,608.5,0.49,0.22,4.2,7.9,higher_p,higher_m,0,1,attributes,1.0,True,2.058,1.738,0.3199999999999998,0.5866799156325715,0.5,0.5,0.4,0.6,1.0,0.0,higher_m,higher_p,False,"{""durations"":[1500,1000,1500,1000],""alternatives"":[""all"",""all"",""all"",""all""],""attributes"":[""m"",""p"",""m"",""p""]}","[{""x"":792,""y"":310,""t"":-188},{""x"":721,""y"":386,""t"":-63},{""x"":663,""y"":474,""t"":0},{""x"":675,""y"":472,""t"":155},{""x"":672,""y"":519,""t"":451},{""x"":632,""y"":509,""t"":586},{""x"":734,""y"":485,""t"":715},{""x"":819,""y"":449,""t"":849},{""x"":863,""y"":388,""t"":975},{""x"":829,""y"":381,""t"":1114},{""x"":747,""y"":427,""t"":1261},{""x"":748,""y"":470,""t"":1393},{""x"":752,""y"":522,""t"":1551},{""x"":813,""y"":491,""t"":1694},{""x"":872,""y"":444,""t"":1833},{""x"":919,""y"":400,""t"":1966},{""x"":912,""y"":393,""t"":2097},{""x"":913,""y"":388,""t"":2230},{""x"":840,""y"":439,""t"":2363},{""x"":740,""y"":469,""t"":2502},{""x"":638,""y"":471,""t"":2630},{""x"":645,""y"":467,""t"":2762},{""x"":680,""y"":458,""t"":2899},{""x"":704,""y"":462,""t"":3028},{""x"":702,""y"":460,""t"":3167},{""x"":755,""y"":402,""t"":3295},{""x"":672,""y"":385,""t"":3421},{""x"":578,""y"":389,""t"":3548},{""x"":499,""y"":365,""t"":3680},{""x"":592,""y"":384,""t"":3809},{""x"":619,""y"":364,""t"":3977},{""x"":660,""y"":350,""t"":4102},{""x"":723,""y"":354,""t"":4228},{""x"":730,""y"":323,""t"":4357},{""x"":712,""y"":342,""t"":4493},{""x"":784,""y"":335,""t"":4628},{""x"":838,""y"":312,""t"":4756},{""x"":746,""y"":358,""t"":4888},{""x"":774,""y"":426,""t"":5019},{""x"":825,""y"":462,""t"":5149},{""x"":761,""y"":500,""t"":5279},{""x"":784,""y"":509,""t"":5407},{""x"":790,""y"":566,""t"":5546},{""x"":738,""y"":580,""t"":5681},{""x"":723,""y"":546,""t"":5815},{""x"":659,""y"":521,""t"":5946},{""x"":651,""y"":470,""t"":6075},{""x"":684,""y"":389,""t"":6208},{""x"":710,""y"":339,""t"":6369},{""x"":717,""y"":313,""t"":6512},{""x"":737,""y"":305,""t"":6640}]",1,0.0,1.0,pt_b-last,0
138,0,25,exp_37,1.0,773.1999999880791,0.79,0.7,2.0,3.2,higher_p,higher_m,0,1,attributes,1.0,True,1.58,2.24,-0.6599999999999997,-0.4219978340514986,0.5,0.5,0.4,0.6,1.0,0.0,higher_m,higher_p,False,"{""durations"":[1500,1000,1500,1000],""alternatives"":[""all"",""all"",""all"",""all""],""attributes"":[""m"",""p"",""m"",""p""]}","[{""x"":592,""y"":296,""t"":-192},{""x"":571,""y"":340,""t"":-67},{""x"":575,""y"":375,""t"":0},{""x"":602,""y"":438,""t"":169},{""x"":610,""y"":459,""t"":489},{""x"":616,""y"":447,""t"":614},{""x"":689,""y"":412,""t"":742},{""x"":788,""y"":365,""t"":868},{""x"":780,""y"":305,""t"":998},{""x"":811,""y"":296,""t"":1129},{""x"":797,""y"":272,""t"":1252},{""x"":833,""y"":273,""t"":1379},{""x"":813,""y"":249,""t"":1503},{""x"":788,""y"":260,""t"":1642},{""x"":798,""y"":256,""t"":1776},{""x"":814,""y"":299,""t"":1904},{""x"":847,""y"":381,""t"":2032},{""x"":824,""y"":403,""t"":2162},{""x"":775,""y"":504,""t"":2295},{""x"":686,""y"":521,""t"":2423},{""x"":610,""y"":564,""t"":2549},{""x"":532,""y"":583,""t"":2675},{""x"":500,""y"":591,""t"":2817},{""x"":445,""y"":558,""t"":2949},{""x"":392,""y"":496,""t"":3079},{""x"":464,""y"":509,""t"":3205},{""x"":499,""y"":501,""t"":3330},{""x"":546,""y"":500,""t"":3456},{""x"":703,""y"":507,""t"":3590},{""x"":732,""y"":463,""t"":3734},{""x"":824,""y"":464,""t"":3862},{""x"":868,""y"":460,""t"":3988},{""x"":885,""y"":465,""t"":4119},{""x"":816,""y"":455,""t"":4244},{""x"":814,""y"":492,""t"":4372},{""x"":750,""y"":490,""t"":4503},{""x"":762,""y"":556,""t"":4638},{""x"":736,""y"":554,""t"":4773},{""x"":623,""y"":561,""t"":4900},{""x"":681,""y"":576,""t"":5029},{""x"":748,""y"":620,""t"":5175},{""x"":791,""y"":588,""t"":5299},{""x"":822,""y"":580,""t"":5425},{""x"":883,""y"":506,""t"":5548},{""x"":918,""y"":481,""t"":5678},{""x"":925,""y"":486,""t"":5810},{""x"":888,""y"":486,""t"":5935},{""x"":937,""y"":502,""t"":6061},{""x"":881,""y"":477,""t"":6189},{""x"":860,""y"":489,""t"":6316},{""x"":773,""y"":455,""t"":6450},{""x"":777,""y"":480,""t"":6585},{""x"":782,""y"":259,""t"":6710},{""x"":747,""y"":183,""t"":6838}]",1,0.0,1.0,pt_b-last,0
138,0,26,exp_20,1.0,981.2999999523164,0.28,0.17,4.3,8.3,higher_p,higher_m,0,1,alternatives,0.0,False,1.204,1.4110000000000005,-0.2070000000000003,0.0442583094249129,0.4,0.6,0.5,0.5,1.0,0.0,higher_m,higher_p,False,"{""durations"":[1500,1000,1500,1000],""alternatives"":[1,0,1,0],""attributes"":[""all"",""all"",""all"",""all""]}","[{""x"":676,""y"":377,""t"":-130},{""x"":679,""y"":423,""t"":0},{""x"":648,""y"":470,""t"":156},{""x"":669,""y"":504,""t"":407},{""x"":722,""y"":452,""t"":542},{""x"":803,""y"":441,""t"":666},{""x"":811,""y"":359,""t"":801},{""x"":840,""y"":338,""t"":953},{""x"":954,""y"":384,""t"":1084},{""x"":950,""y"":357,""t"":1209},{""x"":883,""y"":360,""t"":1340},{""x"":791,""y"":351,""t"":1471},{""x"":735,""y"":387,""t"":1609},{""x"":705,""y"":412,""t"":1748},{""x"":705,""y"":423,""t"":1879},{""x"":653,""y"":416,""t"":2004},{""x"":647,""y"":427,""t"":2134},{""x"":611,""y"":456,""t"":2257},{""x"":635,""y"":508,""t"":2391},{""x"":641,""y"":546,""t"":2518},{""x"":650,""y"":537,""t"":2651},{""x"":669,""y"":560,""t"":2782},{""x"":690,""y"":544,""t"":2924},{""x"":673,""y"":553,""t"":3057},{""x"":714,""y"":499,""t"":3189},{""x"":781,""y"":467,""t"":3318},{""x"":825,""y"":400,""t"":3444},{""x"":877,""y"":355,""t"":3570},{""x"":840,""y"":283,""t"":3699},{""x"":841,""y"":291,""t"":3829},{""x"":839,""y"":322,""t"":3957},{""x"":832,""y"":283,""t"":4088},{""x"":814,""y"":257,""t"":4220},{""x"":770,""y"":235,""t"":4628},{""x"":790,""y"":241,""t"":4756},{""x"":866,""y"":261,""t"":4887},{""x"":902,""y"":258,""t"":5011},{""x"":789,""y"":269,""t"":5145},{""x"":714,""y"":272,""t"":5276},{""x"":564,""y"":304,""t"":5406},{""x"":507,""y"":308,""t"":5537},{""x"":511,""y"":327,""t"":5667},{""x"":498,""y"":334,""t"":5803},{""x"":578,""y"":377,""t"":5949},{""x"":598,""y"":394,""t"":6081},{""x"":676,""y"":411,""t"":6210},{""x"":709,""y"":393,""t"":6343},{""x"":719,""y"":413,""t"":6469},{""x"":693,""y"":460,""t"":6599},{""x"":641,""y"":471,""t"":6732},{""x"":684,""y"":494,""t"":6862},{""x"":668,""y"":480,""t"":7002},{""x"":685,""y"":416,""t"":7130},{""x"":733,""y"":410,""t"":7260}]",1,0.0,1.0,pt_b-last,0
138,0,27,exp_8,1.0,1338.0,0.7,0.29,1.7999999999999998,5.0,higher_p,higher_m,0,1,alternatives,0.0,False,1.2599999999999998,1.45,-0.1900000000000001,0.061755780592902,0.6,0.4,0.5,0.5,0.0,1.0,higher_p,higher_m,False,"{""durations"":[1500,1000,1500,1000],""alternatives"":[0,1,0,1],""attributes"":[""all"",""all"",""all"",""all""]}","[{""x"":706,""y"":222,""t"":-139},{""x"":762,""y"":289,""t"":0},{""x"":790,""y"":318,""t"":150},{""x"":802,""y"":329,""t"":283},{""x"":859,""y"":373,""t"":416},{""x"":896,""y"":404,""t"":673},{""x"":899,""y"":423,""t"":800},{""x"":899,""y"":451,""t"":927},{""x"":840,""y"":476,""t"":1057},{""x"":854,""y"":538,""t"":1185},{""x"":872,""y"":555,""t"":1312},{""x"":887,""y"":557,""t"":1437},{""x"":870,""y"":545,""t"":1562},{""x"":885,""y"":539,""t"":1691},{""x"":794,""y"":510,""t"":1829},{""x"":702,""y"":498,""t"":1959},{""x"":644,""y"":500,""t"":2087},{""x"":585,""y"":491,""t"":2214},{""x"":569,""y"":539,""t"":2342},{""x"":527,""y"":527,""t"":2483},{""x"":517,""y"":557,""t"":2618},{""x"":527,""y"":511,""t"":2763},{""x"":509,""y"":502,""t"":2899},{""x"":572,""y"":495,""t"":3029},{""x"":630,""y"":524,""t"":3156},{""x"":659,""y"":503,""t"":3290},{""x"":600,""y"":491,""t"":3416},{""x"":571,""y"":488,""t"":3543},{""x"":508,""y"":449,""t"":3676},{""x"":505,""y"":473,""t"":3804},{""x"":509,""y"":478,""t"":3927},{""x"":539,""y"":512,""t"":4054},{""x"":577,""y"":543,""t"":4180},{""x"":635,""y"":560,""t"":4305},{""x"":730,""y"":582,""t"":4432},{""x"":831,""y"":572,""t"":4567},{""x"":834,""y"":572,""t"":4694},{""x"":798,""y"":562,""t"":4819},{""x"":698,""y"":562,""t"":4944},{""x"":608,""y"":556,""t"":5073},{""x"":592,""y"":559,""t"":5198},{""x"":665,""y"":522,""t"":5324},{""x"":637,""y"":536,""t"":5451},{""x"":632,""y"":527,""t"":5575},{""x"":627,""y"":497,""t"":5717},{""x"":685,""y"":465,""t"":5838},{""x"":700,""y"":476,""t"":5960},{""x"":680,""y"":483,""t"":6085},{""x"":618,""y"":502,""t"":6207},{""x"":586,""y"":511,""t"":6330},{""x"":628,""y"":533,""t"":6454},{""x"":611,""y"":567,""t"":6579},{""x"":609,""y"":560,""t"":6704},{""x"":589,""y"":555,""t"":6848},{""x"":582,""y"":578,""t"":6983},{""x"":499,""y"":597,""t"":7114},{""x"":611,""y"":391,""t"":7240},{""x"":607,""y"":226,""t"":7368}]",1,0.0,1.0,pt_b-last,0
138,0,28,catch_2,1.0,563.2999999523163,0.38,0.6,2.2,4.0,dominated,dominant,1,1,alternatives,0.0,False,0.8360000000000001,2.4,-1.5639999999999998,-1.3524515949845597,0.5,0.5,0.5,0.5,,1.0,,dominant,True,"{""durations"":[1250,1250,1250,1250],""attributes"":[""all"",""all"",""all"",""all""],""alternatives"":[0,1,0,1]}","[{""x"":565,""y"":248,""t"":-190},{""x"":558,""y"":280,""t"":-64},{""x"":600,""y"":254,""t"":2},{""x"":703,""y"":308,""t"":159},{""x"":719,""y"":361,""t"":480},{""x"":675,""y"":382,""t"":603},{""x"":636,""y"":396,""t"":726},{""x"":597,""y"":400,""t"":854},{""x"":573,""y"":453,""t"":978},{""x"":557,""y"":434,""t"":1109},{""x"":543,""y"":444,""t"":1236},{""x"":518,""y"":346,""t"":1380},{""x"":569,""y"":387,""t"":1510},{""x"":608,""y"":377,""t"":1635},{""x"":642,""y"":393,""t"":1766},{""x"":689,""y"":412,""t"":1890},{""x"":717,""y"":465,""t"":2014},{""x"":663,""y"":502,""t"":2151},{""x"":650,""y"":525,""t"":2300},{""x"":702,""y"":560,""t"":2428},{""x"":772,""y"":564,""t"":2551},{""x"":786,""y"":554,""t"":2674},{""x"":877,""y"":471,""t"":2805},{""x"":954,""y"":435,""t"":2937},{""x"":831,""y"":389,""t"":3063},{""x"":753,""y"":373,""t"":3186},{""x"":643,""y"":322,""t"":3309},{""x"":534,""y"":255,""t"":3432},{""x"":596,""y"":259,""t"":3557},{""x"":663,""y"":246,""t"":3681},{""x"":709,""y"":242,""t"":3806},{""x"":727,""y"":216,""t"":3930},{""x"":812,""y"":204,""t"":4054},{""x"":825,""y"":181,""t"":4182},{""x"":830,""y"":182,""t"":4317},{""x"":883,""y"":233,""t"":4460},{""x"":811,""y"":300,""t"":4588},{""x"":793,""y"":311,""t"":4714},{""x"":862,""y"":346,""t"":4842},{""x"":835,""y"":423,""t"":4967},{""x"":821,""y"":440,""t"":5090},{""x"":823,""y"":456,""t"":5214},{""x"":781,""y"":472,""t"":5334},{""x"":781,""y"":527,""t"":5458},{""x"":712,""y"":480,""t"":5586},{""x"":688,""y"":546,""t"":5715},{""x"":662,""y"":584,""t"":5841},{""x"":661,""y"":610,""t"":5966},{""x"":643,""y"":589,""t"":6088},{""x"":655,""y"":556,""t"":6223},{""x"":723,""y"":554,""t"":6349},{""x"":650,""y"":539,""t"":6470}]",1,0.0,1.0,pt_b-last,0
138,0,29,exp_42,1.0,581.8999999761581,0.81,0.48,1.6999999999999995,7.9,higher_p,higher_m,0,1,alternatives,0.0,False,1.3769999999999998,3.792,-2.415,-2.2283544163938904,0.6,0.4,0.5,0.5,0.0,0.0,higher_p,higher_p,False,"{""durations"":[1000,1500,1000,1500],""alternatives"":[1,0,1,0],""attributes"":[""all"",""all"",""all"",""all""]}","[{""x"":673,""y"":487,""t"":-187},{""x"":674,""y"":514,""t"":-62},{""x"":681,""y"":426,""t"":3},{""x"":699,""y"":468,""t"":154},{""x"":639,""y"":450,""t"":346},{""x"":643,""y"":349,""t"":572},{""x"":580,""y"":340,""t"":734},{""x"":534,""y"":313,""t"":862},{""x"":486,""y"":359,""t"":992},{""x"":491,""y"":383,""t"":1122},{""x"":494,""y"":407,""t"":1258},{""x"":533,""y"":435,""t"":1397},{""x"":650,""y"":457,""t"":1523},{""x"":631,""y"":480,""t"":1660},{""x"":715,""y"":490,""t"":1788},{""x"":750,""y"":517,""t"":1925},{""x"":794,""y"":546,""t"":2073},{""x"":719,""y"":528,""t"":2205},{""x"":690,""y"":550,""t"":2336},{""x"":680,""y"":481,""t"":2465},{""x"":657,""y"":515,""t"":2590},{""x"":621,""y"":542,""t"":2717},{""x"":555,""y"":589,""t"":2853},{""x"":526,""y"":590,""t"":2980},{""x"":414,""y"":550,""t"":3106},{""x"":414,""y"":513,""t"":3241},{""x"":444,""y"":500,""t"":3391},{""x"":396,""y"":481,""t"":3515},{""x"":475,""y"":475,""t"":3640},{""x"":512,""y"":518,""t"":3770},{""x"":553,""y"":515,""t"":3925},{""x"":511,""y"":553,""t"":4062},{""x"":506,""y"":546,""t"":4189},{""x"":556,""y"":549,""t"":4315},{""x"":595,""y"":551,""t"":4443},{""x"":692,""y"":569,""t"":4568},{""x"":784,""y"":553,""t"":4692},{""x"":830,""y"":554,""t"":4821},{""x"":803,""y"":562,""t"":4948},{""x"":764,""y"":590,""t"":5077},{""x"":718,""y"":579,""t"":5204},{""x"":619,""y"":554,""t"":5331},{""x"":559,""y"":539,""t"":5459},{""x"":544,""y"":567,""t"":5583},{""x"":539,""y"":560,""t"":5722},{""x"":523,""y"":530,""t"":5848},{""x"":504,""y"":540,""t"":5974},{""x"":475,""y"":516,""t"":6102},{""x"":570,""y"":411,""t"":6231},{""x"":575,""y"":367,""t"":6498},{""x"":575,""y"":423,""t"":6624}]",1,0.0,1.0,pt_b-last,0
138,0,30,exp_59,1.0,654.5,0.41,0.21,1.7999999999999998,6.2,higher_p,higher_m,0,1,attributes,1.0,True,0.7379999999999999,1.302,-0.5640000000000002,-0.3231885851028555,0.5,0.5,0.6,0.4,0.0,0.0,higher_p,higher_p,False,"{""durations"":[1000,1500,1000,1500],""alternatives"":[""all"",""all"",""all"",""all""],""attributes"":[""m"",""p"",""m"",""p""]}","[{""x"":706,""y"":337,""t"":-167},{""x"":737,""y"":366,""t"":0},{""x"":619,""y"":294,""t"":182},{""x"":599,""y"":350,""t"":403},{""x"":653,""y"":319,""t"":530},{""x"":702,""y"":317,""t"":655},{""x"":715,""y"":208,""t"":784},{""x"":652,""y"":154,""t"":909},{""x"":685,""y"":153,""t"":1037},{""x"":694,""y"":217,""t"":1172},{""x"":748,""y"":123,""t"":1312},{""x"":744,""y"":178,""t"":1437},{""x"":786,""y"":236,""t"":1560},{""x"":822,""y"":294,""t"":1687},{""x"":893,""y"":315,""t"":1814},{""x"":910,""y"":388,""t"":1939},{""x"":914,""y"":405,""t"":2066},{""x"":962,""y"":329,""t"":2194},{""x"":1041,""y"":313,""t"":2321},{""x"":1129,""y"":308,""t"":2446},{""x"":1163,""y"":274,""t"":2573},{""x"":1190,""y"":265,""t"":2698},{""x"":1209,""y"":215,""t"":2828},{""x"":1151,""y"":217,""t"":2961},{""x"":1090,""y"":238,""t"":3085},{""x"":1074,""y"":230,""t"":3215},{""x"":1006,""y"":196,""t"":3341},{""x"":906,""y"":233,""t"":3470},{""x"":852,""y"":318,""t"":3594},{""x"":804,""y"":388,""t"":3717},{""x"":789,""y"":428,""t"":3845},{""x"":723,""y"":435,""t"":3973},{""x"":705,""y"":470,""t"":4106},{""x"":677,""y"":481,""t"":4235},{""x"":677,""y"":539,""t"":4371},{""x"":633,""y"":526,""t"":4519},{""x"":578,""y"":573,""t"":4651},{""x"":653,""y"":648,""t"":4785},{""x"":608,""y"":628,""t"":4918},{""x"":581,""y"":595,""t"":5049},{""x"":588,""y"":572,""t"":5180},{""x"":648,""y"":430,""t"":5309},{""x"":607,""y"":379,""t"":5438},{""x"":580,""y"":349,""t"":5564},{""x"":616,""y"":404,""t"":5703},{""x"":577,""y"":412,""t"":5833},{""x"":600,""y"":392,""t"":5969},{""x"":558,""y"":457,""t"":6097},{""x"":494,""y"":482,""t"":6223},{""x"":496,""y"":546,""t"":6360},{""x"":585,""y"":291,""t"":6488},{""x"":571,""y"":220,""t"":6614}]",1,0.0,1.0,pt_b-last,0
138,0,31,exp_99,1.0,645.1999999880791,0.58,0.38,4.9,6.9,higher_p,higher_m,0,1,attributes,1.0,True,2.842,2.6220000000000003,0.2199999999999997,0.4837536146444008,0.5,0.5,0.6,0.4,0.0,0.0,higher_p,higher_p,False,"{""durations"":[1000,1500,1000,1500],""alternatives"":[""all"",""all"",""all"",""all""],""attributes"":[""m"",""p"",""m"",""p""]}","[{""x"":815,""y"":276,""t"":-189},{""x"":842,""y"":348,""t"":-62},{""x"":895,""y"":263,""t"":0},{""x"":923,""y"":270,""t"":187},{""x"":888,""y"":304,""t"":468},{""x"":823,""y"":232,""t"":590},{""x"":842,""y"":270,""t"":713},{""x"":874,""y"":288,""t"":837},{""x"":907,""y"":330,""t"":964},{""x"":910,""y"":398,""t"":1094},{""x"":811,""y"":476,""t"":1229},{""x"":782,""y"":517,""t"":1356},{""x"":807,""y"":614,""t"":1485},{""x"":802,""y"":656,""t"":1609},{""x"":781,""y"":712,""t"":1758},{""x"":726,""y"":723,""t"":1897},{""x"":690,""y"":733,""t"":2025},{""x"":667,""y"":665,""t"":2153},{""x"":668,""y"":637,""t"":2281},{""x"":771,""y"":653,""t"":2407},{""x"":782,""y"":646,""t"":2530},{""x"":800,""y"":596,""t"":2653},{""x"":769,""y"":511,""t"":2784},{""x"":832,""y"":480,""t"":2912},{""x"":892,""y"":412,""t"":3036},{""x"":879,""y"":349,""t"":3157},{""x"":947,""y"":274,""t"":3283},{""x"":988,""y"":228,""t"":3412},{""x"":918,""y"":216,""t"":3532},{""x"":944,""y"":225,""t"":3658},{""x"":894,""y"":247,""t"":3783},{""x"":869,""y"":233,""t"":3912},{""x"":923,""y"":263,""t"":4042},{""x"":972,""y"":238,""t"":4171},{""x"":946,""y"":292,""t"":4297},{""x"":923,""y"":321,""t"":4443},{""x"":831,""y"":361,""t"":4568},{""x"":789,""y"":419,""t"":4694},{""x"":798,""y"":420,""t"":4826},{""x"":797,""y"":473,""t"":4955},{""x"":776,""y"":368,""t"":5084},{""x"":780,""y"":375,""t"":5210},{""x"":823,""y"":390,""t"":5336},{""x"":824,""y"":363,""t"":5464},{""x"":795,""y"":334,""t"":5596},{""x"":841,""y"":311,""t"":5732},{""x"":793,""y"":372,""t"":5857},{""x"":788,""y"":406,""t"":5982},{""x"":813,""y"":472,""t"":6106},{""x"":744,""y"":474,""t"":6246},{""x"":626,""y"":425,""t"":6377},{""x"":730,""y"":326,""t"":6503},{""x"":729,""y"":380,""t"":6627}]",1,0.0,1.0,pt_b-last,0
138,0,32,exp_94,1.0,758.0,0.5,0.38,3.0,4.0,higher_p,higher_m,0,1,alternatives,0.0,False,1.5,1.52,-0.02,0.2367304922727919,0.4,0.6,0.5,0.5,1.0,1.0,higher_m,higher_m,False,"{""durations"":[1000,1500,1000,1500],""alternatives"":[0,1,0,1],""attributes"":[""all"",""all"",""all"",""all""]}","[{""x"":672,""y"":408,""t"":-191},{""x"":702,""y"":499,""t"":-62},{""x"":719,""y"":542,""t"":0},{""x"":681,""y"":523,""t"":159},{""x"":754,""y"":510,""t"":526},{""x"":700,""y"":540,""t"":646},{""x"":713,""y"":577,""t"":768},{""x"":702,""y"":565,""t"":892},{""x"":765,""y"":493,""t"":1012},{""x"":836,""y"":422,""t"":1145},{""x"":830,""y"":350,""t"":1289},{""x"":893,""y"":327,""t"":1415},{""x"":990,""y"":300,""t"":1539},{""x"":1081,""y"":282,""t"":1663},{""x"":1069,""y"":226,""t"":1788},{""x"":1118,""y"":244,""t"":1909},{""x"":1114,""y"":246,""t"":2032},{""x"":1086,""y"":250,""t"":2157},{""x"":1125,""y"":281,""t"":2281},{""x"":1022,""y"":369,""t"":2407},{""x"":973,""y"":354,""t"":2530},{""x"":939,""y"":326,""t"":2654},{""x"":891,""y"":338,""t"":2786},{""x"":805,""y"":264,""t"":2917},{""x"":763,""y"":243,""t"":3053},{""x"":795,""y"":280,""t"":3175},{""x"":876,""y"":322,""t"":3298},{""x"":817,""y"":327,""t"":3422},{""x"":807,""y"":455,""t"":3545},{""x"":787,""y"":530,""t"":3674},{""x"":764,""y"":596,""t"":3801},{""x"":692,""y"":622,""t"":3930},{""x"":697,""y"":656,""t"":4060},{""x"":733,""y"":636,""t"":4189},{""x"":723,""y"":562,""t"":4350},{""x"":752,""y"":547,""t"":4475},{""x"":846,""y"":474,""t"":4602},{""x"":813,""y"":500,""t"":4738},{""x"":888,""y"":405,""t"":4861},{""x"":896,""y"":412,""t"":4986},{""x"":906,""y"":365,""t"":5110},{""x"":882,""y"":372,""t"":5233},{""x"":882,""y"":416,""t"":5356},{""x"":854,""y"":324,""t"":5480},{""x"":878,""y"":329,""t"":5609},{""x"":819,""y"":336,""t"":5743},{""x"":783,""y"":383,""t"":5869},{""x"":794,""y"":427,""t"":5991},{""x"":834,""y"":443,""t"":6115},{""x"":884,""y"":508,""t"":6238},{""x"":899,""y"":530,""t"":6367},{""x"":802,""y"":479,""t"":6499},{""x"":764,""y"":277,""t"":6631},{""x"":734,""y"":310,""t"":6759}]",1,0.0,1.0,pt_b-last,0
138,0,33,exp_10,1.0,334.0,0.7,0.29,1.7999999999999998,5.0,higher_p,higher_m,0,1,alternatives,0.0,False,1.2599999999999998,1.45,-0.1900000000000001,0.061755780592902,0.6,0.4,0.5,0.5,0.0,0.0,higher_p,higher_p,False,"{""durations"":[1000,1500,1000,1500],""alternatives"":[1,0,1,0],""attributes"":[""all"",""all"",""all"",""all""]}","[{""x"":758,""y"":403,""t"":-131},{""x"":767,""y"":484,""t"":0},{""x"":744,""y"":501,""t"":150},{""x"":771,""y"":500,""t"":281},{""x"":790,""y"":516,""t"":521},{""x"":776,""y"":548,""t"":683},{""x"":763,""y"":483,""t"":806},{""x"":806,""y"":435,""t"":937},{""x"":801,""y"":374,""t"":1071},{""x"":781,""y"":369,""t"":1216},{""x"":731,""y"":344,""t"":1353},{""x"":769,""y"":331,""t"":1480},{""x"":768,""y"":361,""t"":1618},{""x"":693,""y"":391,""t"":1770},{""x"":754,""y"":421,""t"":1898},{""x"":723,""y"":435,""t"":2030},{""x"":739,""y"":462,""t"":2159},{""x"":813,""y"":479,""t"":2292},{""x"":849,""y"":398,""t"":2422},{""x"":925,""y"":370,""t"":2550},{""x"":865,""y"":412,""t"":2681},{""x"":793,""y"":350,""t"":2825},{""x"":694,""y"":363,""t"":2961},{""x"":723,""y"":310,""t"":3090},{""x"":665,""y"":232,""t"":3229},{""x"":565,""y"":237,""t"":3362},{""x"":538,""y"":221,""t"":3487},{""x"":482,""y"":223,""t"":3615},{""x"":416,""y"":226,""t"":3743},{""x"":432,""y"":306,""t"":3873},{""x"":401,""y"":325,""t"":4033},{""x"":416,""y"":420,""t"":4167},{""x"":504,""y"":476,""t"":4295},{""x"":691,""y"":505,""t"":4426},{""x"":794,""y"":541,""t"":4561},{""x"":859,""y"":590,""t"":4690},{""x"":877,""y"":589,""t"":4819},{""x"":862,""y"":600,""t"":4950},{""x"":764,""y"":618,""t"":5078},{""x"":734,""y"":640,""t"":5206},{""x"":757,""y"":635,""t"":5333},{""x"":789,""y"":593,""t"":5468},{""x"":762,""y"":578,""t"":5595},{""x"":812,""y"":580,""t"":5734},{""x"":801,""y"":548,""t"":5861},{""x"":809,""y"":522,""t"":5993},{""x"":815,""y"":469,""t"":6126},{""x"":873,""y"":244,""t"":6252},{""x"":857,""y"":141,""t"":6383}]",1,0.0,1.0,pt_b-last,0
138,0,34,exp_26,1.0,579.6000000238419,0.3,0.17,2.0,3.0,higher_p,higher_m,0,1,alternatives,0.0,False,0.6,0.51,0.0899999999999999,0.3499494233597794,0.6,0.4,0.5,0.5,0.0,0.0,higher_p,higher_p,False,"{""durations"":[1000,1500,1000,1500],""alternatives"":[1,0,1,0],""attributes"":[""all"",""all"",""all"",""all""]}","[{""x"":793,""y"":175,""t"":-128},{""x"":780,""y"":190,""t"":0},{""x"":762,""y"":217,""t"":178},{""x"":786,""y"":258,""t"":357},{""x"":783,""y"":350,""t"":548},{""x"":753,""y"":390,""t"":671},{""x"":734,""y"":434,""t"":800},{""x"":757,""y"":434,""t"":923},{""x"":830,""y"":417,""t"":1049},{""x"":816,""y"":376,""t"":1181},{""x"":810,""y"":373,""t"":1311},{""x"":863,""y"":328,""t"":1434},{""x"":969,""y"":294,""t"":1558},{""x"":1013,""y"":264,""t"":1689},{""x"":1017,""y"":303,""t"":1814},{""x"":947,""y"":321,""t"":1936},{""x"":962,""y"":390,""t"":2061},{""x"":1038,""y"":401,""t"":2187},{""x"":1025,""y"":408,""t"":2311},{""x"":951,""y"":418,""t"":2435},{""x"":934,""y"":345,""t"":2557},{""x"":952,""y"":396,""t"":2680},{""x"":821,""y"":382,""t"":2811},{""x"":794,""y"":293,""t"":2942},{""x"":675,""y"":292,""t"":3069},{""x"":575,""y"":236,""t"":3196},{""x"":644,""y"":173,""t"":3324},{""x"":581,""y"":187,""t"":3452},{""x"":588,""y"":169,""t"":3575},{""x"":556,""y"":197,""t"":3792},{""x"":583,""y"":138,""t"":3916},{""x"":549,""y"":129,""t"":4044},{""x"":527,""y"":72,""t"":4172},{""x"":586,""y"":108,""t"":4303},{""x"":721,""y"":130,""t"":4451},{""x"":721,""y"":203,""t"":4579},{""x"":811,""y"":287,""t"":4705},{""x"":788,""y"":354,""t"":4836},{""x"":727,""y"":412,""t"":4958},{""x"":650,""y"":486,""t"":5086},{""x"":646,""y"":517,""t"":5214},{""x"":671,""y"":501,""t"":5339},{""x"":609,""y"":473,""t"":5465},{""x"":580,""y"":542,""t"":5594},{""x"":563,""y"":592,""t"":5727},{""x"":577,""y"":685,""t"":5853},{""x"":541,""y"":659,""t"":5980},{""x"":584,""y"":651,""t"":6103},{""x"":596,""y"":626,""t"":6249},{""x"":651,""y"":351,""t"":6373},{""x"":579,""y"":359,""t"":6499}]",1,9.93324622486991e-269,1.0,pt_b-last,0
138,0,35,exp_47,1.0,1097.4000000357628,0.81,0.48,1.6999999999999995,7.9,higher_p,higher_m,0,1,attributes,1.0,True,1.3769999999999998,3.792,-2.415,-2.2283544163938904,0.5,0.5,0.4,0.6,1.0,1.0,higher_m,higher_m,False,"{""durations"":[1000,1500,1000,1500],""alternatives"":[""all"",""all"",""all"",""all""],""attributes"":[""p"",""m"",""p"",""m""]}","[{""x"":629,""y"":276,""t"":-153},{""x"":492,""y"":334,""t"":0},{""x"":542,""y"":288,""t"":273},{""x"":629,""y"":267,""t"":404},{""x"":580,""y"":259,""t"":532},{""x"":512,""y"":282,""t"":659},{""x"":455,""y"":250,""t"":785},{""x"":436,""y"":249,""t"":913},{""x"":518,""y"":279,""t"":1032},{""x"":655,""y"":318,""t"":1164},{""x"":753,""y"":324,""t"":1288},{""x"":673,""y"":302,""t"":1410},{""x"":566,""y"":252,""t"":1534},{""x"":558,""y"":227,""t"":1655},{""x"":617,""y"":235,""t"":1782},{""x"":639,""y"":171,""t"":1904},{""x"":677,""y"":192,""t"":2033},{""x"":723,""y"":190,""t"":2156},{""x"":814,""y"":178,""t"":2281},{""x"":866,""y"":190,""t"":2409},{""x"":896,""y"":211,""t"":2536},{""x"":913,""y"":279,""t"":2674},{""x"":937,""y"":264,""t"":2822},{""x"":900,""y"":197,""t"":2949},{""x"":950,""y"":146,""t"":3076},{""x"":945,""y"":215,""t"":3202},{""x"":833,""y"":323,""t"":3325},{""x"":832,""y"":461,""t"":3448},{""x"":767,""y"":496,""t"":3601},{""x"":782,""y"":597,""t"":3728},{""x"":790,""y"":693,""t"":3858},{""x"":699,""y"":712,""t"":4094},{""x"":631,""y"":708,""t"":4222},{""x"":577,""y"":699,""t"":4348},{""x"":564,""y"":532,""t"":4475},{""x"":628,""y"":443,""t"":4605},{""x"":690,""y"":349,""t"":4728},{""x"":682,""y"":291,""t"":4850},{""x"":592,""y"":233,""t"":4973},{""x"":476,""y"":184,""t"":5095},{""x"":465,""y"":257,""t"":5219},{""x"":487,""y"":206,""t"":5357},{""x"":503,""y"":172,""t"":5475},{""x"":524,""y"":209,""t"":5599},{""x"":612,""y"":243,""t"":5729},{""x"":498,""y"":311,""t"":5854},{""x"":517,""y"":388,""t"":5974},{""x"":540,""y"":477,""t"":6096},{""x"":532,""y"":530,""t"":6218},{""x"":548,""y"":442,""t"":6340},{""x"":604,""y"":390,""t"":6458},{""x"":583,""y"":365,""t"":6581},{""x"":609,""y"":367,""t"":6702},{""x"":647,""y"":373,""t"":6827},{""x"":690,""y"":364,""t"":6956},{""x"":776,""y"":290,""t"":7081},{""x"":756,""y"":308,""t"":7204}]",1,0.0,1.0,pt_b-last,0
138,0,36,exp_102,1.0,552.1000000238419,0.58,0.38,4.9,6.9,higher_p,higher_m,0,1,alternatives,0.0,False,2.842,2.6220000000000003,0.2199999999999997,0.4837536146444008,0.4,0.6,0.5,0.5,1.0,1.0,higher_m,higher_m,False,"{""durations"":[1000,1500,1000,1500],""alternatives"":[0,1,0,1],""attributes"":[""all"",""all"",""all"",""all""]}","[{""x"":592,""y"":308,""t"":-125},{""x"":623,""y"":361,""t"":0},{""x"":691,""y"":414,""t"":136},{""x"":631,""y"":407,""t"":291},{""x"":663,""y"":448,""t"":492},{""x"":615,""y"":433,""t"":613},{""x"":587,""y"":310,""t"":735},{""x"":572,""y"":328,""t"":856},{""x"":564,""y"":321,""t"":977},{""x"":570,""y"":330,""t"":1102},{""x"":589,""y"":294,""t"":1246},{""x"":638,""y"":292,""t"":1367},{""x"":698,""y"":315,""t"":1488},{""x"":758,""y"":307,""t"":1610},{""x"":820,""y"":301,""t"":1736},{""x"":849,""y"":293,""t"":1857},{""x"":821,""y"":182,""t"":1979},{""x"":874,""y"":178,""t"":2107},{""x"":937,""y"":218,""t"":2228},{""x"":970,""y"":130,""t"":2348},{""x"":967,""y"":114,""t"":2481},{""x"":980,""y"":106,""t"":2599},{""x"":896,""y"":136,""t"":2720},{""x"":807,""y"":196,""t"":2846},{""x"":725,""y"":125,""t"":2973},{""x"":708,""y"":117,""t"":3099},{""x"":660,""y"":84,""t"":3220},{""x"":580,""y"":142,""t"":3340},{""x"":596,""y"":290,""t"":3460},{""x"":602,""y"":379,""t"":3576},{""x"":565,""y"":442,""t"":3698},{""x"":569,""y"":496,""t"":3816},{""x"":515,""y"":540,""t"":3945},{""x"":589,""y"":564,""t"":4072},{""x"":640,""y"":540,""t"":4190},{""x"":729,""y"":501,""t"":4310},{""x"":741,""y"":504,""t"":4430},{""x"":747,""y"":500,""t"":4559},{""x"":774,""y"":457,""t"":4698},{""x"":847,""y"":415,""t"":4816},{""x"":764,""y"":421,""t"":4938},{""x"":740,""y"":375,""t"":5054},{""x"":709,""y"":248,""t"":5173},{""x"":787,""y"":201,""t"":5295},{""x"":739,""y"":202,""t"":5416},{""x"":769,""y"":114,""t"":5535},{""x"":806,""y"":67,""t"":5664},{""x"":893,""y"":59,""t"":5784},{""x"":886,""y"":24,""t"":5905},{""x"":788,""y"":89,""t"":6024},{""x"":775,""y"":206,""t"":6150},{""x"":811,""y"":230,""t"":6276},{""x"":841,""y"":284,""t"":6393},{""x"":885,""y"":299,""t"":6515}]",1,0.0,1.0,pt_b-last,0
138,0,37,exp_74,1.0,725.5,0.8,0.2,4.0,6.799999999999999,higher_p,higher_m,0,1,alternatives,0.0,False,3.2,1.36,1.8400000000000003,2.151159690652763,0.6,0.4,0.5,0.5,0.0,0.0,higher_p,higher_p,False,"{""durations"":[1000,1500,1000,1500],""alternatives"":[1,0,1,0],""attributes"":[""all"",""all"",""all"",""all""]}","[{""x"":836,""y"":400,""t"":-124},{""x"":754,""y"":427,""t"":0},{""x"":715,""y"":483,""t"":165},{""x"":646,""y"":512,""t"":421},{""x"":640,""y"":484,""t"":543},{""x"":574,""y"":392,""t"":664},{""x"":488,""y"":352,""t"":790},{""x"":415,""y"":260,""t"":910},{""x"":424,""y"":234,""t"":1033},{""x"":391,""y"":282,""t"":1161},{""x"":414,""y"":280,""t"":1284},{""x"":511,""y"":320,""t"":1407},{""x"":645,""y"":282,""t"":1527},{""x"":669,""y"":175,""t"":1651},{""x"":735,""y"":162,""t"":1771},{""x"":745,""y"":238,""t"":1891},{""x"":777,""y"":333,""t"":2010},{""x"":734,""y"":394,""t"":2137},{""x"":692,""y"":480,""t"":2275},{""x"":686,""y"":550,""t"":2403},{""x"":646,""y"":524,""t"":2524},{""x"":606,""y"":476,""t"":2645},{""x"":592,""y"":461,""t"":2765},{""x"":540,""y"":439,""t"":2896},{""x"":503,""y"":382,""t"":3019},{""x"":543,""y"":365,""t"":3135},{""x"":527,""y"":379,""t"":3256},{""x"":610,""y"":376,""t"":3377},{""x"":611,""y"":377,""t"":3511},{""x"":587,""y"":233,""t"":3632},{""x"":611,""y"":224,""t"":3753},{""x"":607,""y"":184,""t"":3870},{""x"":555,""y"":134,""t"":3993},{""x"":601,""y"":137,""t"":4119},{""x"":661,""y"":63,""t"":4240},{""x"":687,""y"":89,""t"":4362},{""x"":680,""y"":137,""t"":4483},{""x"":687,""y"":244,""t"":4601},{""x"":737,""y"":263,""t"":4723},{""x"":711,""y"":258,""t"":4854},{""x"":667,""y"":245,""t"":4975},{""x"":628,""y"":220,""t"":5099},{""x"":607,""y"":175,""t"":5221},{""x"":643,""y"":113,""t"":5338},{""x"":579,""y"":118,""t"":5458},{""x"":553,""y"":91,""t"":5579},{""x"":536,""y"":132,""t"":5708},{""x"":491,""y"":141,""t"":5827},{""x"":461,""y"":143,""t"":5944},{""x"":493,""y"":215,""t"":6066},{""x"":556,""y"":308,""t"":6186},{""x"":573,""y"":361,""t"":6306},{""x"":546,""y"":360,""t"":6436},{""x"":574,""y"":217,""t"":6558},{""x"":622,""y"":78,""t"":6680},{""x"":668,""y"":-74,""t"":6802}]",1,0.0,1.0,pt_b-last,0
138,0,38,exp_113,1.0,677.5,0.49,0.22,4.2,7.9,higher_p,higher_m,0,1,attributes,1.0,True,2.058,1.738,0.3199999999999998,0.5866799156325715,0.5,0.5,0.6,0.4,0.0,1.0,higher_p,higher_m,False,"{""durations"":[1500,1000,1500,1000],""alternatives"":[""all"",""all"",""all"",""all""],""attributes"":[""p"",""m"",""p"",""m""]}","[{""x"":771,""y"":94,""t"":-190},{""x"":800,""y"":199,""t"":-66},{""x"":845,""y"":256,""t"":0},{""x"":874,""y"":217,""t"":145},{""x"":872,""y"":293,""t"":442},{""x"":787,""y"":330,""t"":566},{""x"":708,""y"":388,""t"":689},{""x"":663,""y"":425,""t"":810},{""x"":691,""y"":430,""t"":929},{""x"":703,""y"":447,""t"":1053},{""x"":758,""y"":472,""t"":1174},{""x"":767,""y"":443,""t"":1295},{""x"":707,""y"":454,""t"":1415},{""x"":646,""y"":418,""t"":1534},{""x"":692,""y"":275,""t"":1656},{""x"":761,""y"":224,""t"":1787},{""x"":788,""y"":177,""t"":1903},{""x"":813,""y"":179,""t"":2026},{""x"":711,""y"":164,""t"":2143},{""x"":649,""y"":165,""t"":2266},{""x"":633,""y"":250,""t"":2383},{""x"":595,""y"":343,""t"":2506},{""x"":616,""y"":464,""t"":2623},{""x"":562,""y"":506,""t"":2744},{""x"":561,""y"":537,""t"":2872},{""x"":545,""y"":543,""t"":2992},{""x"":493,""y"":547,""t"":3112},{""x"":469,""y"":484,""t"":3232},{""x"":472,""y"":539,""t"":3353},{""x"":437,""y"":435,""t"":3475},{""x"":443,""y"":455,""t"":3607},{""x"":445,""y"":358,""t"":3725},{""x"":384,""y"":269,""t"":3848},{""x"":424,""y"":253,""t"":3970},{""x"":434,""y"":165,""t"":4091},{""x"":445,""y"":94,""t"":4213},{""x"":449,""y"":84,""t"":4331},{""x"":480,""y"":73,""t"":4464},{""x"":432,""y"":137,""t"":4610},{""x"":467,""y"":88,""t"":4730},{""x"":494,""y"":111,""t"":4855},{""x"":573,""y"":125,""t"":4981},{""x"":629,""y"":95,""t"":5103},{""x"":733,""y"":91,""t"":5224},{""x"":781,""y"":101,""t"":5354},{""x"":792,""y"":79,""t"":5481},{""x"":789,""y"":132,""t"":5606},{""x"":805,""y"":149,""t"":5728},{""x"":781,""y"":197,""t"":5854},{""x"":754,""y"":258,""t"":5979},{""x"":764,""y"":361,""t"":6100},{""x"":706,""y"":435,""t"":6222},{""x"":697,""y"":385,""t"":6355},{""x"":658,""y"":189,""t"":6480},{""x"":720,""y"":74,""t"":6603}]",1,0.0,1.0,pt_b-last,0
138,0,39,exp_60,1.0,911.100000023842,0.41,0.21,1.7999999999999998,6.2,higher_p,higher_m,0,1,alternatives,0.0,False,0.7379999999999999,1.302,-0.5640000000000002,-0.3231885851028555,0.4,0.6,0.5,0.5,1.0,0.0,higher_m,higher_p,False,"{""durations"":[1500,1000,1500,1000],""alternatives"":[1,0,1,0],""attributes"":[""all"",""all"",""all"",""all""]}","[{""x"":672,""y"":285,""t"":-130},{""x"":720,""y"":348,""t"":0},{""x"":765,""y"":430,""t"":141},{""x"":764,""y"":515,""t"":262},{""x"":775,""y"":433,""t"":389},{""x"":779,""y"":391,""t"":630},{""x"":891,""y"":303,""t"":762},{""x"":962,""y"":262,""t"":884},{""x"":1015,""y"":258,""t"":1004},{""x"":1035,""y"":243,""t"":1124},{""x"":902,""y"":225,""t"":1244},{""x"":796,""y"":81,""t"":1370},{""x"":669,""y"":56,""t"":1487},{""x"":688,""y"":90,""t"":1609},{""x"":613,""y"":141,""t"":1743},{""x"":694,""y"":145,""t"":1866},{""x"":651,""y"":117,""t"":2001},{""x"":637,""y"":234,""t"":2138},{""x"":689,""y"":312,""t"":2258},{""x"":656,""y"":449,""t"":2380},{""x"":624,""y"":551,""t"":2500},{""x"":630,""y"":675,""t"":2620},{""x"":674,""y"":770,""t"":2740},{""x"":718,""y"":738,""t"":2873},{""x"":825,""y"":534,""t"":2996},{""x"":902,""y"":462,""t"":3116},{""x"":950,""y"":379,""t"":3237},{""x"":930,""y"":285,""t"":3358},{""x"":955,""y"":243,""t"":3482},{""x"":954,""y"":187,""t"":3604},{""x"":988,""y"":162,""t"":3725},{""x"":999,""y"":138,""t"":3847},{""x"":983,""y"":113,""t"":3975},{""x"":1018,""y"":135,""t"":4096},{""x"":1056,""y"":126,""t"":4218},{""x"":1021,""y"":197,""t"":4338},{""x"":1008,""y"":316,""t"":4463},{""x"":973,""y"":321,""t"":4592},{""x"":959,""y"":271,""t"":4714},{""x"":783,""y"":204,""t"":4836},{""x"":717,""y"":194,""t"":4963},{""x"":664,""y"":167,""t"":5080},{""x"":603,""y"":161,""t"":5204},{""x"":620,""y"":164,""t"":5324},{""x"":701,""y"":140,""t"":5445},{""x"":791,""y"":102,""t"":5572},{""x"":870,""y"":77,""t"":5700},{""x"":900,""y"":109,""t"":5823},{""x"":904,""y"":145,""t"":5944},{""x"":879,""y"":242,""t"":6064},{""x"":881,""y"":357,""t"":6182},{""x"":909,""y"":363,""t"":6299},{""x"":918,""y"":409,""t"":6420},{""x"":786,""y"":476,""t"":6553},{""x"":826,""y"":427,""t"":6675},{""x"":795,""y"":413,""t"":6798},{""x"":800,""y"":384,""t"":6917}]",1,0.0,1.0,pt_b-last,0
138,0,40,exp_19,1.0,651.6999999880791,0.28,0.17,4.3,8.3,higher_p,higher_m,0,1,attributes,1.0,True,1.204,1.4110000000000005,-0.2070000000000003,0.0442583094249129,0.5,0.5,0.6,0.4,0.0,0.0,higher_p,higher_p,False,"{""durations"":[1000,1500,1000,1500],""alternatives"":[""all"",""all"",""all"",""all""],""attributes"":[""m"",""p"",""m"",""p""]}","[{""x"":716,""y"":215,""t"":-131},{""x"":732,""y"":306,""t"":0},{""x"":790,""y"":370,""t"":167},{""x"":755,""y"":299,""t"":303},{""x"":750,""y"":213,""t"":545},{""x"":710,""y"":187,""t"":703},{""x"":782,""y"":107,""t"":829},{""x"":730,""y"":207,""t"":962},{""x"":696,""y"":275,""t"":1091},{""x"":641,""y"":376,""t"":1230},{""x"":639,""y"":515,""t"":1361},{""x"":589,""y"":581,""t"":1495},{""x"":606,""y"":592,""t"":1636},{""x"":587,""y"":586,""t"":1766},{""x"":674,""y"":636,""t"":1896},{""x"":715,""y"":691,""t"":2024},{""x"":794,""y"":695,""t"":2152},{""x"":852,""y"":615,""t"":2279},{""x"":860,""y"":536,""t"":2406},{""x"":953,""y"":437,""t"":2534},{""x"":935,""y"":321,""t"":2663},{""x"":872,""y"":290,""t"":2797},{""x"":786,""y"":256,""t"":2932},{""x"":690,""y"":284,""t"":3062},{""x"":662,""y"":248,""t"":3195},{""x"":744,""y"":206,""t"":3321},{""x"":766,""y"":226,""t"":3446},{""x"":728,""y"":287,""t"":3571},{""x"":764,""y"":380,""t"":3697},{""x"":795,""y"":462,""t"":3824},{""x"":693,""y"":490,""t"":3973},{""x"":668,""y"":450,""t"":4113},{""x"":680,""y"":466,""t"":4257},{""x"":615,""y"":466,""t"":4386},{""x"":588,""y"":400,""t"":4514},{""x"":519,""y"":388,""t"":4642},{""x"":530,""y"":310,""t"":4770},{""x"":545,""y"":146,""t"":4896},{""x"":555,""y"":145,""t"":5025},{""x"":610,""y"":102,""t"":5150},{""x"":651,""y"":127,""t"":5277},{""x"":727,""y"":134,""t"":5404},{""x"":770,""y"":117,""t"":5529},{""x"":795,""y"":110,""t"":5660},{""x"":795,""y"":130,""t"":5794},{""x"":846,""y"":123,""t"":5920},{""x"":852,""y"":146,""t"":6048},{""x"":813,""y"":228,""t"":6173},{""x"":731,""y"":301,""t"":6313},{""x"":658,""y"":337,""t"":6447},{""x"":647,""y"":375,""t"":6571},{""x"":666,""y"":446,""t"":6699}]",1,0.0,1.0,pt_b-last,0
138,0,41,exp_101,1.0,653.1999999880791,0.58,0.38,4.9,6.9,higher_p,higher_m,0,1,attributes,1.0,True,2.842,2.6220000000000003,0.2199999999999997,0.4837536146444008,0.5,0.5,0.4,0.6,1.0,0.0,higher_m,higher_p,False,"{""durations"":[1500,1000,1500,1000],""alternatives"":[""all"",""all"",""all"",""all""],""attributes"":[""m"",""p"",""m"",""p""]}","[{""x"":684,""y"":55,""t"":-189},{""x"":702,""y"":-84,""t"":-64},{""x"":775,""y"":17,""t"":0},{""x"":709,""y"":22,""t"":157},{""x"":611,""y"":51,""t"":473},{""x"":554,""y"":19,""t"":600},{""x"":496,""y"":72,""t"":727},{""x"":443,""y"":48,""t"":855},{""x"":306,""y"":-57,""t"":983},{""x"":414,""y"":21,""t"":1113},{""x"":513,""y"":-2,""t"":1240},{""x"":659,""y"":84,""t"":1375},{""x"":789,""y"":253,""t"":1515},{""x"":990,""y"":201,""t"":1665},{""x"":1092,""y"":275,""t"":1799},{""x"":1096,""y"":365,""t"":1927},{""x"":1095,""y"":319,""t"":2112},{""x"":1025,""y"":332,""t"":2241},{""x"":907,""y"":399,""t"":2380},{""x"":866,""y"":447,""t"":2560},{""x"":848,""y"":428,""t"":2692},{""x"":920,""y"":324,""t"":2821},{""x"":870,""y"":309,""t"":2957},{""x"":892,""y"":287,""t"":3081},{""x"":962,""y"":300,""t"":3206},{""x"":1042,""y"":266,""t"":3333},{""x"":1092,""y"":265,""t"":3456},{""x"":1075,""y"":251,""t"":3585},{""x"":998,""y"":262,""t"":3710},{""x"":911,""y"":278,""t"":3841},{""x"":900,""y"":247,""t"":3971},{""x"":917,""y"":230,""t"":4096},{""x"":932,""y"":244,""t"":4224},{""x"":894,""y"":233,""t"":4378},{""x"":913,""y"":280,""t"":4508},{""x"":945,""y"":304,""t"":4642},{""x"":945,""y"":322,""t"":4771},{""x"":894,""y"":270,""t"":4898},{""x"":908,""y"":272,""t"":5030},{""x"":905,""y"":294,""t"":5168},{""x"":974,""y"":319,""t"":5303},{""x"":964,""y"":330,""t"":5432},{""x"":925,""y"":279,""t"":5561},{""x"":857,""y"":297,""t"":5697},{""x"":820,""y"":308,""t"":5838},{""x"":800,""y"":351,""t"":5963},{""x"":764,""y"":417,""t"":6090},{""x"":775,""y"":464,""t"":6218},{""x"":741,""y"":498,""t"":6351},{""x"":781,""y"":530,""t"":6490},{""x"":830,""y"":389,""t"":6637},{""x"":793,""y"":381,""t"":6770}]",1,0.0,1.0,pt_b-last,0
138,0,42,catch_8,1.0,756.5,0.22,0.32,3.7,5.0,dominated,dominant,1,1,alternatives,0.0,False,0.8140000000000001,1.6,-0.786,-0.5516849732965937,0.5,0.5,0.5,0.5,,1.0,,dominant,True,"{""durations"":[1250,1250,1250,1250],""attributes"":[""all"",""all"",""all"",""all""],""alternatives"":[0,1,0,1]}","[{""x"":695,""y"":352,""t"":-196},{""x"":754,""y"":305,""t"":-65},{""x"":752,""y"":271,""t"":0},{""x"":719,""y"":184,""t"":152},{""x"":727,""y"":198,""t"":478},{""x"":700,""y"":288,""t"":597},{""x"":672,""y"":366,""t"":725},{""x"":681,""y"":403,""t"":851},{""x"":723,""y"":446,""t"":977},{""x"":737,""y"":469,""t"":1107},{""x"":725,""y"":524,""t"":1238},{""x"":724,""y"":580,""t"":1372},{""x"":774,""y"":552,""t"":1506},{""x"":797,""y"":549,""t"":1636},{""x"":823,""y"":519,""t"":1763},{""x"":829,""y"":518,""t"":1885},{""x"":803,""y"":486,""t"":2007},{""x"":803,""y"":494,""t"":2133},{""x"":794,""y"":484,""t"":2257},{""x"":808,""y"":473,""t"":2381},{""x"":837,""y"":468,""t"":2503},{""x"":857,""y"":409,""t"":2627},{""x"":849,""y"":348,""t"":2755},{""x"":853,""y"":296,""t"":2886},{""x"":863,""y"":227,""t"":3015},{""x"":804,""y"":212,""t"":3142},{""x"":749,""y"":191,""t"":3263},{""x"":645,""y"":168,""t"":3389},{""x"":611,""y"":147,""t"":3513},{""x"":574,""y"":161,""t"":3639},{""x"":573,""y"":197,""t"":3764},{""x"":707,""y"":223,""t"":3898},{""x"":723,""y"":219,""t"":4038},{""x"":713,""y"":231,""t"":4169},{""x"":689,""y"":207,""t"":4298},{""x"":739,""y"":247,""t"":4422},{""x"":758,""y"":253,""t"":4543},{""x"":829,""y"":296,""t"":4666},{""x"":771,""y"":326,""t"":4788},{""x"":778,""y"":404,""t"":4914},{""x"":768,""y"":525,""t"":5038},{""x"":799,""y"":568,""t"":5181},{""x"":827,""y"":569,""t"":5305},{""x"":875,""y"":561,""t"":5434},{""x"":836,""y"":553,""t"":5565},{""x"":822,""y"":521,""t"":5695},{""x"":783,""y"":509,""t"":5818},{""x"":771,""y"":450,""t"":5941},{""x"":824,""y"":366,""t"":6065},{""x"":794,""y"":377,""t"":6187},{""x"":760,""y"":409,""t"":6319},{""x"":837,""y"":241,""t"":6447},{""x"":743,""y"":197,""t"":6570},{""x"":801,""y"":168,""t"":6693}]",1,0.0,1.0,pt_b-last,0
138,0,43,exp_57,1.0,782.1000000238419,0.41,0.21,1.7999999999999998,6.2,higher_p,higher_m,0,1,attributes,1.0,True,0.7379999999999999,1.302,-0.5640000000000002,-0.3231885851028555,0.5,0.5,0.6,0.4,0.0,1.0,higher_p,higher_m,False,"{""durations"":[1500,1000,1500,1000],""alternatives"":[""all"",""all"",""all"",""all""],""attributes"":[""p"",""m"",""p"",""m""]}","[{""x"":861,""y"":286,""t"":-126},{""x"":869,""y"":379,""t"":0},{""x"":895,""y"":325,""t"":187},{""x"":848,""y"":316,""t"":411},{""x"":757,""y"":338,""t"":532},{""x"":732,""y"":356,""t"":653},{""x"":846,""y"":347,""t"":779},{""x"":961,""y"":391,""t"":901},{""x"":959,""y"":373,""t"":1024},{""x"":958,""y"":399,""t"":1151},{""x"":1002,""y"":419,""t"":1287},{""x"":1010,""y"":367,""t"":1433},{""x"":1014,""y"":338,""t"":1561},{""x"":977,""y"":335,""t"":1694},{""x"":877,""y"":362,""t"":1835},{""x"":797,""y"":312,""t"":1960},{""x"":849,""y"":290,""t"":2083},{""x"":887,""y"":270,""t"":2204},{""x"":867,""y"":268,""t"":2330},{""x"":808,""y"":360,""t"":2453},{""x"":760,""y"":438,""t"":2577},{""x"":729,""y"":511,""t"":2719},{""x"":736,""y"":590,""t"":2850},{""x"":870,""y"":451,""t"":2986},{""x"":1062,""y"":362,""t"":3114},{""x"":1191,""y"":300,""t"":3243},{""x"":1211,""y"":322,""t"":3378},{""x"":1088,""y"":383,""t"":3500},{""x"":1040,""y"":432,""t"":3622},{""x"":1098,""y"":426,""t"":3744},{""x"":1062,""y"":425,""t"":3870},{""x"":1028,""y"":498,""t"":3989},{""x"":974,""y"":516,""t"":4117},{""x"":922,""y"":477,""t"":4240},{""x"":849,""y"":463,""t"":4366},{""x"":815,""y"":430,""t"":4494},{""x"":798,""y"":379,""t"":4622},{""x"":799,""y"":374,""t"":4748},{""x"":675,""y"":333,""t"":4873},{""x"":683,""y"":312,""t"":4998},{""x"":722,""y"":322,""t"":5121},{""x"":789,""y"":292,""t"":5247},{""x"":816,""y"":223,""t"":5371},{""x"":765,""y"":221,""t"":5494},{""x"":803,""y"":308,""t"":5625},{""x"":892,""y"":365,""t"":5757},{""x"":852,""y"":354,""t"":5880},{""x"":842,""y"":453,""t"":6005},{""x"":803,""y"":478,""t"":6128},{""x"":776,""y"":405,""t"":6258},{""x"":784,""y"":407,""t"":6407},{""x"":807,""y"":421,""t"":6538},{""x"":871,""y"":399,""t"":6664},{""x"":837,""y"":418,""t"":6792}]",1,0.0,1.0,pt_b-last,0
138,0,44,exp_15,1.0,895.0,0.7,0.29,1.7999999999999998,5.0,higher_p,higher_m,0,1,attributes,1.0,True,1.2599999999999998,1.45,-0.1900000000000001,0.061755780592902,0.5,0.5,0.4,0.6,1.0,1.0,higher_m,higher_m,False,"{""durations"":[1000,1500,1000,1500],""alternatives"":[""all"",""all"",""all"",""all""],""attributes"":[""p"",""m"",""p"",""m""]}","[{""x"":780,""y"":370,""t"":-130},{""x"":751,""y"":393,""t"":0},{""x"":782,""y"":407,""t"":152},{""x"":807,""y"":478,""t"":278},{""x"":783,""y"":452,""t"":415},{""x"":720,""y"":462,""t"":666},{""x"":732,""y"":519,""t"":789},{""x"":776,""y"":392,""t"":912},{""x"":715,""y"":361,""t"":1039},{""x"":842,""y"":269,""t"":1166},{""x"":873,""y"":265,""t"":1300},{""x"":840,""y"":325,""t"":1432},{""x"":797,""y"":358,""t"":1561},{""x"":778,""y"":400,""t"":1696},{""x"":823,""y"":370,""t"":1827},{""x"":759,""y"":362,""t"":1957},{""x"":717,""y"":352,""t"":2086},{""x"":622,""y"":341,""t"":2217},{""x"":558,""y"":319,""t"":2342},{""x"":576,""y"":320,""t"":2469},{""x"":595,""y"":282,""t"":2601},{""x"":669,""y"":296,""t"":2730},{""x"":677,""y"":324,""t"":2867},{""x"":683,""y"":405,""t"":2993},{""x"":637,""y"":447,""t"":3120},{""x"":548,""y"":510,""t"":3246},{""x"":497,""y"":544,""t"":3374},{""x"":501,""y"":567,""t"":3502},{""x"":601,""y"":588,""t"":3642},{""x"":733,""y"":561,""t"":3789},{""x"":808,""y"":546,""t"":3919},{""x"":923,""y"":515,""t"":4058},{""x"":936,""y"":507,""t"":4187},{""x"":798,""y"":467,""t"":4314},{""x"":787,""y"":459,""t"":4445},{""x"":785,""y"":481,""t"":4571},{""x"":800,""y"":487,""t"":4697},{""x"":786,""y"":522,""t"":4822},{""x"":710,""y"":489,""t"":4948},{""x"":774,""y"":372,""t"":5077},{""x"":823,""y"":392,""t"":5202},{""x"":823,""y"":393,""t"":5329},{""x"":877,""y"":358,""t"":5455},{""x"":918,""y"":290,""t"":5586},{""x"":805,""y"":301,""t"":5724},{""x"":764,""y"":229,""t"":5851},{""x"":636,""y"":111,""t"":5974},{""x"":649,""y"":210,""t"":6104},{""x"":672,""y"":247,""t"":6227},{""x"":629,""y"":346,""t"":6351},{""x"":686,""y"":335,""t"":6481},{""x"":718,""y"":392,""t"":6623},{""x"":783,""y"":415,""t"":6750},{""x"":917,""y"":427,""t"":6880}]",1,0.0,1.0,pt_b-last,0
138,0,45,exp_1,1.0,821.0,0.79,0.49,5.300000000000001,8.3,higher_p,higher_m,0,1,attributes,1.0,True,4.187000000000001,4.067,0.120000000000001,0.3808273136562317,0.5,0.5,0.6,0.4,0.0,1.0,higher_p,higher_m,False,"{""durations"":[1500,1000,1500,1000],""alternatives"":[""all"",""all"",""all"",""all""],""attributes"":[""p"",""m"",""p"",""m""]}","[{""x"":910,""y"":390,""t"":-134},{""x"":902,""y"":464,""t"":0},{""x"":918,""y"":332,""t"":150},{""x"":985,""y"":395,""t"":395},{""x"":1013,""y"":454,""t"":624},{""x"":909,""y"":437,""t"":790},{""x"":876,""y"":483,""t"":935},{""x"":836,""y"":539,""t"":1074},{""x"":779,""y"":615,""t"":1206},{""x"":750,""y"":698,""t"":1335},{""x"":784,""y"":570,""t"":1469},{""x"":732,""y"":564,""t"":1601},{""x"":779,""y"":530,""t"":1772},{""x"":818,""y"":523,""t"":1904},{""x"":894,""y"":465,""t"":2030},{""x"":787,""y"":416,""t"":2161},{""x"":759,""y"":370,""t"":2289},{""x"":704,""y"":287,""t"":2417},{""x"":660,""y"":321,""t"":2545},{""x"":606,""y"":358,""t"":2673},{""x"":623,""y"":435,""t"":2807},{""x"":686,""y"":310,""t"":2956},{""x"":633,""y"":318,""t"":3085},{""x"":652,""y"":290,""t"":3219},{""x"":736,""y"":341,""t"":3358},{""x"":715,""y"":347,""t"":3491},{""x"":747,""y"":291,""t"":3640},{""x"":724,""y"":265,""t"":3767},{""x"":680,""y"":200,""t"":3897},{""x"":674,""y"":186,""t"":4026},{""x"":730,""y"":171,""t"":4181},{""x"":734,""y"":188,""t"":4308},{""x"":718,""y"":241,""t"":4437},{""x"":654,""y"":288,""t"":4585},{""x"":596,""y"":276,""t"":4716},{""x"":565,""y"":254,""t"":4844},{""x"":567,""y"":295,""t"":4968},{""x"":731,""y"":361,""t"":5093},{""x"":827,""y"":416,""t"":5225},{""x"":896,""y"":419,""t"":5351},{""x"":862,""y"":469,""t"":5479},{""x"":830,""y"":490,""t"":5606},{""x"":867,""y"":480,""t"":5736},{""x"":890,""y"":478,""t"":5880},{""x"":827,""y"":471,""t"":6023},{""x"":737,""y"":424,""t"":6148},{""x"":720,""y"":442,""t"":6280},{""x"":736,""y"":410,""t"":6410},{""x"":749,""y"":412,""t"":6556},{""x"":770,""y"":325,""t"":6694},{""x"":768,""y"":296,""t"":6825},{""x"":823,""y"":333,""t"":6951}]",1,0.0,1.0,pt_b-last,0
138,0,46,exp_90,1.0,761.2000000476837,0.5,0.38,3.0,4.0,higher_p,higher_m,0,1,alternatives,0.0,False,1.5,1.52,-0.02,0.2367304922727919,0.6,0.4,0.5,0.5,0.0,0.0,higher_p,higher_p,False,"{""durations"":[1000,1500,1000,1500],""alternatives"":[1,0,1,0],""attributes"":[""all"",""all"",""all"",""all""]}","[{""x"":909,""y"":337,""t"":-127},{""x"":852,""y"":338,""t"":0},{""x"":881,""y"":270,""t"":147},{""x"":830,""y"":282,""t"":281},{""x"":748,""y"":238,""t"":535},{""x"":711,""y"":172,""t"":658},{""x"":709,""y"":132,""t"":784},{""x"":791,""y"":174,""t"":906},{""x"":907,""y"":215,""t"":1031},{""x"":901,""y"":231,""t"":1166},{""x"":826,""y"":223,""t"":1296},{""x"":868,""y"":158,""t"":1419},{""x"":897,""y"":197,""t"":1546},{""x"":949,""y"":234,""t"":1670},{""x"":919,""y"":307,""t"":1801},{""x"":926,""y"":397,""t"":1928},{""x"":861,""y"":384,""t"":2054},{""x"":872,""y"":430,""t"":2182},{""x"":889,""y"":384,""t"":2313},{""x"":907,""y"":411,""t"":2435},{""x"":934,""y"":369,""t"":2561},{""x"":944,""y"":249,""t"":2686},{""x"":931,""y"":273,""t"":2821},{""x"":913,""y"":207,""t"":2958},{""x"":925,""y"":250,""t"":3099},{""x"":885,""y"":198,""t"":3226},{""x"":817,""y"":219,""t"":3352},{""x"":770,""y"":179,""t"":3484},{""x"":636,""y"":181,""t"":3609},{""x"":661,""y"":88,""t"":3736},{""x"":596,""y"":92,""t"":3870},{""x"":577,""y"":93,""t"":4005},{""x"":477,""y"":12,""t"":4139},{""x"":558,""y"":29,""t"":4266},{""x"":640,""y"":57,""t"":4391},{""x"":726,""y"":78,""t"":4517},{""x"":839,""y"":165,""t"":4644},{""x"":834,""y"":275,""t"":4771},{""x"":857,""y"":366,""t"":4898},{""x"":768,""y"":445,""t"":5027},{""x"":736,""y"":493,""t"":5149},{""x"":689,""y"":588,""t"":5273},{""x"":729,""y"":623,""t"":5401},{""x"":670,""y"":565,""t"":5529},{""x"":625,""y"":500,""t"":5670},{""x"":562,""y"":431,""t"":5801},{""x"":608,""y"":424,""t"":5927},{""x"":640,""y"":339,""t"":6050},{""x"":554,""y"":348,""t"":6178},{""x"":609,""y"":416,""t"":6303},{""x"":602,""y"":362,""t"":6434},{""x"":601,""y"":388,""t"":6569},{""x"":677,""y"":215,""t"":6696},{""x"":627,""y"":245,""t"":6822}]",1,0.0,1.0,pt_b-last,0
138,0,47,exp_80,1.0,662.6999999880791,0.61,0.29,2.2,8.1,higher_p,higher_m,0,1,alternatives,0.0,False,1.342,2.349,-1.0069999999999997,-0.7791520984804501,0.6,0.4,0.5,0.5,0.0,1.0,higher_p,higher_m,False,"{""durations"":[1500,1000,1500,1000],""alternatives"":[0,1,0,1],""attributes"":[""all"",""all"",""all"",""all""]}","[{""x"":811,""y"":228,""t"":-132},{""x"":831,""y"":235,""t"":0},{""x"":758,""y"":294,""t"":145},{""x"":774,""y"":307,""t"":280},{""x"":788,""y"":343,""t"":427},{""x"":821,""y"":342,""t"":673},{""x"":820,""y"":347,""t"":806},{""x"":819,""y"":273,""t"":937},{""x"":833,""y"":262,""t"":1065},{""x"":737,""y"":194,""t"":1189},{""x"":694,""y"":171,""t"":1321},{""x"":691,""y"":168,""t"":1448},{""x"":752,""y"":274,""t"":1573},{""x"":811,""y"":281,""t"":1715},{""x"":735,""y"":299,""t"":1846},{""x"":703,""y"":325,""t"":1975},{""x"":692,""y"":324,""t"":2100},{""x"":635,""y"":284,""t"":2241},{""x"":651,""y"":294,""t"":2373},{""x"":654,""y"":293,""t"":2506},{""x"":619,""y"":245,""t"":2635},{""x"":625,""y"":202,""t"":2773},{""x"":596,""y"":149,""t"":2908},{""x"":613,""y"":151,""t"":3035},{""x"":696,""y"":165,""t"":3164},{""x"":721,""y"":245,""t"":3288},{""x"":678,""y"":328,""t"":3420},{""x"":644,""y"":436,""t"":3545},{""x"":626,""y"":527,""t"":3674},{""x"":564,""y"":592,""t"":3800},{""x"":569,""y"":562,""t"":3925},{""x"":576,""y"":556,""t"":4049},{""x"":565,""y"":544,""t"":4174},{""x"":562,""y"":426,""t"":4300},{""x"":529,""y"":440,""t"":4437},{""x"":520,""y"":323,""t"":4574},{""x"":564,""y"":256,""t"":4702},{""x"":574,""y"":219,""t"":4829},{""x"":584,""y"":198,""t"":4958},{""x"":620,""y"":226,""t"":5086},{""x"":720,""y"":256,""t"":5222},{""x"":766,""y"":247,""t"":5364},{""x"":778,""y"":241,""t"":5491},{""x"":843,""y"":239,""t"":5626},{""x"":895,""y"":216,""t"":5763},{""x"":881,""y"":251,""t"":5893},{""x"":819,""y"":302,""t"":6020},{""x"":805,""y"":393,""t"":6152},{""x"":766,""y"":505,""t"":6289},{""x"":755,""y"":429,""t"":6420},{""x"":667,""y"":406,""t"":6548},{""x"":650,""y"":454,""t"":6674}]",1,0.0,1.0,pt_b-last,0
138,0,48,exp_91,1.0,905.100000023842,0.5,0.38,3.0,4.0,higher_p,higher_m,0,1,attributes,1.0,True,1.5,1.52,-0.02,0.2367304922727919,0.5,0.5,0.6,0.4,0.0,0.0,higher_p,higher_p,False,"{""durations"":[1000,1500,1000,1500],""alternatives"":[""all"",""all"",""all"",""all""],""attributes"":[""m"",""p"",""m"",""p""]}","[{""x"":763,""y"":471,""t"":-191},{""x"":731,""y"":453,""t"":-63},{""x"":694,""y"":471,""t"":0},{""x"":760,""y"":426,""t"":152},{""x"":722,""y"":404,""t"":342},{""x"":642,""y"":362,""t"":575},{""x"":656,""y"":327,""t"":715},{""x"":637,""y"":310,""t"":842},{""x"":822,""y"":287,""t"":977},{""x"":886,""y"":272,""t"":1105},{""x"":934,""y"":237,""t"":1249},{""x"":930,""y"":252,""t"":1387},{""x"":984,""y"":250,""t"":1513},{""x"":998,""y"":228,""t"":1659},{""x"":1000,""y"":270,""t"":1790},{""x"":953,""y"":257,""t"":1919},{""x"":917,""y"":276,""t"":2046},{""x"":838,""y"":273,""t"":2176},{""x"":854,""y"":215,""t"":2303},{""x"":775,""y"":176,""t"":2435},{""x"":638,""y"":100,""t"":2566},{""x"":649,""y"":138,""t"":2718},{""x"":658,""y"":132,""t"":2869},{""x"":593,""y"":110,""t"":3003},{""x"":654,""y"":83,""t"":3137},{""x"":639,""y"":114,""t"":3276},{""x"":677,""y"":267,""t"":3402},{""x"":695,""y"":420,""t"":3538},{""x"":631,""y"":538,""t"":3684},{""x"":657,""y"":630,""t"":3815},{""x"":713,""y"":709,""t"":3957},{""x"":749,""y"":765,""t"":4100},{""x"":796,""y"":812,""t"":4227},{""x"":827,""y"":846,""t"":4356},{""x"":896,""y"":735,""t"":4486},{""x"":891,""y"":653,""t"":4612},{""x"":860,""y"":596,""t"":4743},{""x"":831,""y"":537,""t"":4870},{""x"":847,""y"":497,""t"":4995},{""x"":898,""y"":410,""t"":5126},{""x"":887,""y"":312,""t"":5253},{""x"":945,""y"":316,""t"":5378},{""x"":948,""y"":262,""t"":5505},{""x"":944,""y"":233,""t"":5630},{""x"":964,""y"":223,""t"":5766},{""x"":974,""y"":177,""t"":5896},{""x"":936,""y"":190,""t"":6023},{""x"":760,""y"":215,""t"":6153},{""x"":770,""y"":319,""t"":6279},{""x"":698,""y"":395,""t"":6406},{""x"":711,""y"":472,""t"":6544},{""x"":668,""y"":440,""t"":6680},{""x"":801,""y"":327,""t"":6811},{""x"":843,""y"":395,""t"":6937}]",1,0.0,1.0,pt_b-last,0
138,0,49,exp_52,1.0,649.2000000476837,0.49,0.32,6.9,8.2,higher_p,higher_m,0,1,alternatives,0.0,False,3.381,2.624,0.7570000000000006,1.0364678509508771,0.4,0.6,0.5,0.5,1.0,0.0,higher_m,higher_p,False,"{""durations"":[1500,1000,1500,1000],""alternatives"":[1,0,1,0],""attributes"":[""all"",""all"",""all"",""all""]}","[{""x"":801,""y"":304,""t"":-209},{""x"":847,""y"":343,""t"":-65},{""x"":893,""y"":376,""t"":0},{""x"":830,""y"":469,""t"":148},{""x"":815,""y"":531,""t"":341},{""x"":822,""y"":482,""t"":517},{""x"":763,""y"":467,""t"":715},{""x"":734,""y"":378,""t"":846},{""x"":609,""y"":305,""t"":974},{""x"":567,""y"":327,""t"":1098},{""x"":508,""y"":374,""t"":1224},{""x"":513,""y"":433,""t"":1354},{""x"":553,""y"":412,""t"":1479},{""x"":575,""y"":315,""t"":1608},{""x"":557,""y"":274,""t"":1746},{""x"":620,""y"":230,""t"":1873},{""x"":717,""y"":222,""t"":1999},{""x"":803,""y"":226,""t"":2127},{""x"":927,""y"":250,""t"":2256},{""x"":1042,""y"":292,""t"":2391},{""x"":1051,""y"":430,""t"":2516},{""x"":1138,""y"":416,""t"":2642},{""x"":1155,""y"":444,""t"":2768},{""x"":1185,""y"":474,""t"":2902},{""x"":1220,""y"":346,""t"":3029},{""x"":1135,""y"":326,""t"":3155},{""x"":1037,""y"":266,""t"":3284},{""x"":920,""y"":195,""t"":3407},{""x"":871,""y"":162,""t"":3531},{""x"":852,""y"":157,""t"":3658},{""x"":858,""y"":95,""t"":3784},{""x"":808,""y"":52,""t"":3905},{""x"":833,""y"":46,""t"":4035},{""x"":874,""y"":84,""t"":4159},{""x"":919,""y"":125,""t"":4287},{""x"":976,""y"":190,""t"":4413},{""x"":1025,""y"":242,""t"":4552},{""x"":1106,""y"":295,""t"":4683},{""x"":1094,""y"":238,""t"":4820},{""x"":1107,""y"":217,""t"":4964},{""x"":961,""y"":266,""t"":5146},{""x"":995,""y"":399,""t"":5280},{""x"":833,""y"":484,""t"":5411},{""x"":741,""y"":567,""t"":5548},{""x"":656,""y"":589,""t"":5688},{""x"":616,""y"":582,""t"":5818},{""x"":676,""y"":543,""t"":5943},{""x"":602,""y"":498,""t"":6071},{""x"":591,""y"":484,""t"":6195},{""x"":585,""y"":507,""t"":6335},{""x"":670,""y"":376,""t"":6463},{""x"":768,""y"":225,""t"":6589}]",1,0.0,1.0,pt_b-last,0
138,0,50,exp_9,1.0,575.0,0.7,0.29,1.7999999999999998,5.0,higher_p,higher_m,0,1,attributes,1.0,True,1.2599999999999998,1.45,-0.1900000000000001,0.061755780592902,0.5,0.5,0.6,0.4,0.0,1.0,higher_p,higher_m,False,"{""durations"":[1500,1000,1500,1000],""alternatives"":[""all"",""all"",""all"",""all""],""attributes"":[""p"",""m"",""p"",""m""]}","[{""x"":647,""y"":281,""t"":-128},{""x"":788,""y"":334,""t"":0},{""x"":839,""y"":253,""t"":148},{""x"":873,""y"":245,""t"":324},{""x"":904,""y"":221,""t"":527},{""x"":837,""y"":251,""t"":656},{""x"":930,""y"":300,""t"":785},{""x"":975,""y"":345,""t"":910},{""x"":959,""y"":287,""t"":1033},{""x"":983,""y"":278,""t"":1162},{""x"":904,""y"":290,""t"":1287},{""x"":948,""y"":299,""t"":1424},{""x"":940,""y"":235,""t"":1544},{""x"":893,""y"":269,""t"":1675},{""x"":886,""y"":273,""t"":1803},{""x"":891,""y"":238,""t"":1930},{""x"":800,""y"":209,""t"":2055},{""x"":777,""y"":247,""t"":2182},{""x"":839,""y"":269,""t"":2317},{""x"":886,""y"":267,""t"":2462},{""x"":994,""y"":233,""t"":2593},{""x"":1028,""y"":263,""t"":2726},{""x"":979,""y"":263,""t"":2867},{""x"":873,""y"":232,""t"":3000},{""x"":783,""y"":211,""t"":3128},{""x"":705,""y"":208,""t"":3253},{""x"":678,""y"":268,""t"":3380},{""x"":696,""y"":407,""t"":3508},{""x"":735,""y"":552,""t"":3637},{""x"":737,""y"":623,""t"":3765},{""x"":692,""y"":685,""t"":3895},{""x"":723,""y"":712,""t"":4023},{""x"":779,""y"":593,""t"":4151},{""x"":827,""y"":619,""t"":4279},{""x"":892,""y"":553,""t"":4405},{""x"":941,""y"":455,""t"":4538},{""x"":992,""y"":393,""t"":4676},{""x"":978,""y"":372,""t"":4804},{""x"":936,""y"":320,""t"":4933},{""x"":797,""y"":263,""t"":5057},{""x"":772,""y"":231,""t"":5183},{""x"":740,""y"":126,""t"":5305},{""x"":711,""y"":118,""t"":5434},{""x"":749,""y"":89,""t"":5564},{""x"":842,""y"":87,""t"":5698},{""x"":907,""y"":91,""t"":5831},{""x"":939,""y"":117,""t"":5960},{""x"":972,""y"":236,""t"":6086},{""x"":1009,""y"":316,""t"":6215},{""x"":960,""y"":321,""t"":6346},{""x"":959,""y"":272,""t"":6477},{""x"":1019,""y"":190,""t"":6603}]",1,0.0,1.0,pt_b-last,0
138,0,51,exp_115,1.0,755.3999999761581,0.49,0.22,4.2,7.9,higher_p,higher_m,0,1,attributes,1.0,True,2.058,1.738,0.3199999999999998,0.5866799156325715,0.5,0.5,0.6,0.4,0.0,0.0,higher_p,higher_p,False,"{""durations"":[1000,1500,1000,1500],""alternatives"":[""all"",""all"",""all"",""all""],""attributes"":[""m"",""p"",""m"",""p""]}","[{""x"":900,""y"":270,""t"":-132},{""x"":898,""y"":393,""t"":0},{""x"":901,""y"":345,""t"":146},{""x"":875,""y"":317,""t"":274},{""x"":764,""y"":266,""t"":403},{""x"":757,""y"":183,""t"":649},{""x"":814,""y"":203,""t"":777},{""x"":873,""y"":209,""t"":904},{""x"":737,""y"":281,""t"":1031},{""x"":792,""y"":395,""t"":1167},{""x"":754,""y"":557,""t"":1299},{""x"":724,""y"":414,""t"":1428},{""x"":685,""y"":403,""t"":1554},{""x"":734,""y"":381,""t"":1680},{""x"":714,""y"":353,""t"":1805},{""x"":592,""y"":374,""t"":1934},{""x"":643,""y"":395,""t"":2062},{""x"":602,""y"":270,""t"":2191},{""x"":562,""y"":218,""t"":2316},{""x"":578,""y"":216,""t"":2440},{""x"":576,""y"":117,""t"":2561},{""x"":572,""y"":54,""t"":2687},{""x"":515,""y"":28,""t"":2815},{""x"":503,""y"":13,""t"":2948},{""x"":437,""y"":51,""t"":3079},{""x"":507,""y"":70,""t"":3208},{""x"":634,""y"":70,""t"":3336},{""x"":806,""y"":151,""t"":3476},{""x"":779,""y"":210,""t"":3601},{""x"":714,""y"":284,""t"":3730},{""x"":745,""y"":478,""t"":3855},{""x"":709,""y"":544,""t"":3985},{""x"":725,""y"":489,""t"":4116},{""x"":707,""y"":439,""t"":4245},{""x"":689,""y"":361,""t"":4371},{""x"":645,""y"":335,""t"":4495},{""x"":632,""y"":421,""t"":4621},{""x"":693,""y"":387,""t"":4752},{""x"":689,""y"":421,""t"":4900},{""x"":702,""y"":316,""t"":5031},{""x"":656,""y"":242,""t"":5165},{""x"":681,""y"":186,""t"":5292},{""x"":644,""y"":200,""t"":5427},{""x"":681,""y"":180,""t"":5553},{""x"":649,""y"":151,""t"":5696},{""x"":700,""y"":157,""t"":5829},{""x"":743,""y"":157,""t"":5961},{""x"":809,""y"":196,""t"":6096},{""x"":796,""y"":194,""t"":6232},{""x"":622,""y"":147,""t"":6374},{""x"":622,""y"":49,""t"":6514},{""x"":685,""y"":-33,""t"":6645},{""x"":851,""y"":18,""t"":6776}]",1,0.0,1.0,pt_b-last,0
138,0,52,catch_9,1.0,931.0,0.48,0.72,1.7999999999999998,4.0,dominated,dominant,1,1,attributes,1.0,True,0.8639999999999999,2.88,-2.016,-1.8176784754510904,0.5,0.5,0.5,0.5,,1.0,,dominant,True,"{""durations"":[1250,1250,1250,1250],""attributes"":[""p"",""m"",""p"",""m""],""alternatives"":[""all"",""all"",""all"",""all""]}","[{""x"":983,""y"":288,""t"":-135},{""x"":1001,""y"":304,""t"":0},{""x"":1005,""y"":306,""t"":165},{""x"":856,""y"":293,""t"":430},{""x"":804,""y"":273,""t"":570},{""x"":763,""y"":259,""t"":704},{""x"":769,""y"":288,""t"":836},{""x"":770,""y"":282,""t"":967},{""x"":666,""y"":258,""t"":1095},{""x"":700,""y"":266,""t"":1230},{""x"":754,""y"":339,""t"":1367},{""x"":856,""y"":351,""t"":1509},{""x"":897,""y"":302,""t"":1641},{""x"":938,""y"":295,""t"":1771},{""x"":805,""y"":264,""t"":1905},{""x"":720,""y"":248,""t"":2044},{""x"":654,""y"":319,""t"":2201},{""x"":630,""y"":419,""t"":2333},{""x"":637,""y"":518,""t"":2470},{""x"":708,""y"":516,""t"":2605},{""x"":761,""y"":391,""t"":2745},{""x"":733,""y"":264,""t"":2882},{""x"":726,""y"":245,""t"":3016},{""x"":643,""y"":255,""t"":3147},{""x"":641,""y"":259,""t"":3277},{""x"":613,""y"":320,""t"":3410},{""x"":671,""y"":326,""t"":3539},{""x"":768,""y"":337,""t"":3674},{""x"":822,""y"":266,""t"":3804},{""x"":814,""y"":236,""t"":3933},{""x"":748,""y"":209,""t"":4061},{""x"":755,""y"":166,""t"":4208},{""x"":662,""y"":110,""t"":4344},{""x"":560,""y"":71,""t"":4478},{""x"":621,""y"":64,""t"":4608},{""x"":592,""y"":164,""t"":4737},{""x"":554,""y"":135,""t"":4867},{""x"":543,""y"":4,""t"":5000},{""x"":586,""y"":26,""t"":5128},{""x"":623,""y"":191,""t"":5259},{""x"":726,""y"":88,""t"":5392},{""x"":678,""y"":129,""t"":5530},{""x"":782,""y"":69,""t"":5667},{""x"":741,""y"":106,""t"":5797},{""x"":812,""y"":80,""t"":5927},{""x"":781,""y"":201,""t"":6061},{""x"":853,""y"":133,""t"":6193},{""x"":752,""y"":165,""t"":6323},{""x"":775,""y"":122,""t"":6461},{""x"":832,""y"":154,""t"":6599},{""x"":782,""y"":206,""t"":6730},{""x"":812,""y"":319,""t"":6862}]",1,0.0,1.0,pt_b-last,0
138,0,53,exp_23,1.0,679.6000000238419,0.28,0.17,4.3,8.3,higher_p,higher_m,0,1,attributes,1.0,True,1.204,1.4110000000000005,-0.2070000000000003,0.0442583094249129,0.5,0.5,0.4,0.6,1.0,1.0,higher_m,higher_m,False,"{""durations"":[1000,1500,1000,1500],""alternatives"":[""all"",""all"",""all"",""all""],""attributes"":[""p"",""m"",""p"",""m""]}","[{""x"":817,""y"":331,""t"":-203},{""x"":801,""y"":386,""t"":-68},{""x"":785,""y"":440,""t"":0},{""x"":786,""y"":487,""t"":156},{""x"":794,""y"":521,""t"":352},{""x"":789,""y"":540,""t"":605},{""x"":856,""y"":519,""t"":771},{""x"":892,""y"":502,""t"":904},{""x"":902,""y"":489,""t"":1039},{""x"":896,""y"":417,""t"":1177},{""x"":915,""y"":357,""t"":1316},{""x"":922,""y"":299,""t"":1461},{""x"":845,""y"":274,""t"":1595},{""x"":768,""y"":194,""t"":1750},{""x"":678,""y"":238,""t"":1886},{""x"":610,""y"":299,""t"":2019},{""x"":530,""y"":350,""t"":2155},{""x"":505,""y"":396,""t"":2288},{""x"":485,""y"":290,""t"":2422},{""x"":480,""y"":221,""t"":2562},{""x"":464,""y"":182,""t"":2694},{""x"":480,""y"":192,""t"":2835},{""x"":551,""y"":164,""t"":2976},{""x"":592,""y"":204,""t"":3120},{""x"":583,""y"":262,""t"":3256},{""x"":581,""y"":310,""t"":3399},{""x"":573,""y"":334,""t"":3535},{""x"":561,""y"":338,""t"":3820},{""x"":600,""y"":310,""t"":3958},{""x"":636,""y"":350,""t"":4102},{""x"":612,""y"":297,""t"":4242},{""x"":618,""y"":236,""t"":4422},{""x"":584,""y"":246,""t"":4561},{""x"":594,""y"":342,""t"":4696},{""x"":666,""y"":331,""t"":4834},{""x"":688,""y"":283,""t"":4971},{""x"":676,""y"":195,""t"":5107},{""x"":676,""y"":199,""t"":5246},{""x"":710,""y"":98,""t"":5379},{""x"":683,""y"":193,""t"":5515},{""x"":646,""y"":164,""t"":5659},{""x"":640,""y"":196,""t"":5798},{""x"":559,""y"":254,""t"":5932},{""x"":656,""y"":350,""t"":6066},{""x"":732,""y"":367,""t"":6197},{""x"":658,""y"":424,""t"":6337},{""x"":596,""y"":363,""t"":6477},{""x"":605,""y"":342,""t"":6611},{""x"":578,""y"":362,""t"":6744}]",1,0.0,1.0,pt_b-last,0
138,0,54,exp_116,1.0,783.5,0.49,0.22,4.2,7.9,higher_p,higher_m,0,1,alternatives,0.0,False,2.058,1.738,0.3199999999999998,0.5866799156325715,0.4,0.6,0.5,0.5,1.0,0.0,higher_m,higher_p,False,"{""durations"":[1500,1000,1500,1000],""alternatives"":[1,0,1,0],""attributes"":[""all"",""all"",""all"",""all""]}","[{""x"":738,""y"":348,""t"":-154},{""x"":736,""y"":301,""t"":0},{""x"":819,""y"":346,""t"":158},{""x"":803,""y"":417,""t"":328},{""x"":757,""y"":507,""t"":514},{""x"":768,""y"":457,""t"":720},{""x"":803,""y"":451,""t"":850},{""x"":747,""y"":486,""t"":986},{""x"":708,""y"":515,""t"":1119},{""x"":669,""y"":540,""t"":1254},{""x"":710,""y"":592,""t"":1391},{""x"":723,""y"":630,""t"":1537},{""x"":620,""y"":598,""t"":1712},{""x"":565,""y"":579,""t"":1852},{""x"":603,""y"":559,""t"":1985},{""x"":624,""y"":514,""t"":2125},{""x"":546,""y"":464,""t"":2256},{""x"":428,""y"":411,""t"":2393},{""x"":434,""y"":451,""t"":2529},{""x"":514,""y"":555,""t"":2667},{""x"":552,""y"":605,""t"":2803},{""x"":626,""y"":490,""t"":2954},{""x"":622,""y"":327,""t"":3095},{""x"":506,""y"":277,""t"":3231},{""x"":480,""y"":254,""t"":3367},{""x"":444,""y"":212,""t"":3503},{""x"":477,""y"":126,""t"":3638},{""x"":488,""y"":137,""t"":3776},{""x"":576,""y"":139,""t"":3917},{""x"":628,""y"":216,""t"":4057},{""x"":678,""y"":243,""t"":4191},{""x"":675,""y"":251,""t"":4331},{""x"":766,""y"":218,""t"":4466},{""x"":838,""y"":256,""t"":4615},{""x"":902,""y"":195,""t"":4752},{""x"":900,""y"":152,""t"":4890},{""x"":932,""y"":158,""t"":5033},{""x"":961,""y"":166,""t"":5169},{""x"":893,""y"":142,""t"":5307},{""x"":831,""y"":152,""t"":5444},{""x"":803,""y"":146,""t"":5581},{""x"":735,""y"":128,""t"":5727},{""x"":762,""y"":119,""t"":5879},{""x"":758,""y"":143,""t"":6013},{""x"":759,""y"":171,""t"":6154},{""x"":762,""y"":192,""t"":6291},{""x"":678,""y"":286,""t"":6430},{""x"":608,""y"":345,""t"":6591},{""x"":589,""y"":168,""t"":6742},{""x"":662,""y"":23,""t"":6884}]",1,0.0,1.0,pt_b-last,0
138,0,55,exp_53,1.0,546.6999999880791,0.49,0.32,6.9,8.2,higher_p,higher_m,0,1,attributes,1.0,True,3.381,2.624,0.7570000000000006,1.0364678509508771,0.5,0.5,0.4,0.6,1.0,0.0,higher_m,higher_p,False,"{""durations"":[1500,1000,1500,1000],""alternatives"":[""all"",""all"",""all"",""all""],""attributes"":[""m"",""p"",""m"",""p""]}","[{""x"":755,""y"":114,""t"":-141},{""x"":807,""y"":125,""t"":0},{""x"":770,""y"":223,""t"":164},{""x"":766,""y"":136,""t"":328},{""x"":710,""y"":111,""t"":608},{""x"":691,""y"":137,""t"":743},{""x"":850,""y"":138,""t"":881},{""x"":940,""y"":184,""t"":1016},{""x"":973,""y"":173,""t"":1149},{""x"":920,""y"":128,""t"":1284},{""x"":785,""y"":121,""t"":1419},{""x"":753,""y"":120,""t"":1553},{""x"":772,""y"":140,""t"":1696},{""x"":824,""y"":107,""t"":1837},{""x"":843,""y"":93,""t"":1969},{""x"":898,""y"":191,""t"":2112},{""x"":915,""y"":234,""t"":2249},{""x"":815,""y"":320,""t"":2386},{""x"":751,""y"":359,""t"":2520},{""x"":659,""y"":316,""t"":2662},{""x"":706,""y"":317,""t"":2796},{""x"":777,""y"":277,""t"":2943},{""x"":851,""y"":248,""t"":3081},{""x"":900,""y"":251,""t"":3217},{""x"":855,""y"":140,""t"":3353},{""x"":834,""y"":110,""t"":3491},{""x"":769,""y"":127,""t"":3625},{""x"":698,""y"":146,""t"":3766},{""x"":678,""y"":138,""t"":3919},{""x"":686,""y"":95,""t"":4056},{""x"":733,""y"":110,""t"":4196},{""x"":786,""y"":95,""t"":4335},{""x"":849,""y"":92,""t"":4470},{""x"":906,""y"":118,""t"":4618},{""x"":982,""y"":118,""t"":4762},{""x"":1012,""y"":213,""t"":4900},{""x"":932,""y"":326,""t"":5034},{""x"":793,""y"":404,""t"":5170},{""x"":707,""y"":501,""t"":5306},{""x"":671,""y"":568,""t"":5437},{""x"":696,""y"":556,""t"":5572},{""x"":718,""y"":507,""t"":5713},{""x"":776,""y"":405,""t"":5849},{""x"":800,""y"":425,""t"":5985},{""x"":747,""y"":467,""t"":6122},{""x"":720,""y"":518,""t"":6260},{""x"":757,""y"":452,""t"":6405},{""x"":733,""y"":425,""t"":6540},{""x"":787,""y"":288,""t"":6678}]",1,0.0,1.0,pt_b-last,0
138,0,56,exp_82,1.0,291.7999999523163,0.61,0.29,2.2,8.1,higher_p,higher_m,0,1,alternatives,0.0,False,1.342,2.349,-1.0069999999999997,-0.7791520984804501,0.6,0.4,0.5,0.5,0.0,0.0,higher_p,higher_p,False,"{""durations"":[1000,1500,1000,1500],""alternatives"":[1,0,1,0],""attributes"":[""all"",""all"",""all"",""all""]}","[{""x"":758,""y"":195,""t"":-139},{""x"":795,""y"":220,""t"":0},{""x"":815,""y"":152,""t"":159},{""x"":775,""y"":147,""t"":439},{""x"":698,""y"":127,""t"":576},{""x"":588,""y"":87,""t"":711},{""x"":449,""y"":121,""t"":851},{""x"":424,""y"":79,""t"":983},{""x"":404,""y"":167,""t"":1123},{""x"":344,""y"":200,""t"":1285},{""x"":436,""y"":152,""t"":1425},{""x"":546,""y"":150,""t"":1565},{""x"":668,""y"":108,""t"":1703},{""x"":750,""y"":94,""t"":1838},{""x"":809,""y"":88,""t"":1970},{""x"":849,""y"":161,""t"":2103},{""x"":746,""y"":229,""t"":2238},{""x"":720,""y"":347,""t"":2371},{""x"":640,""y"":456,""t"":2505},{""x"":674,""y"":366,""t"":2638},{""x"":660,""y"":321,""t"":2771},{""x"":629,""y"":270,""t"":2917},{""x"":610,""y"":258,""t"":3050},{""x"":562,""y"":176,""t"":3183},{""x"":534,""y"":264,""t"":3322},{""x"":598,""y"":320,""t"":3462},{""x"":654,""y"":301,""t"":3598},{""x"":684,""y"":370,""t"":3733},{""x"":699,""y"":284,""t"":3862},{""x"":675,""y"":309,""t"":4002},{""x"":719,""y"":187,""t"":4141},{""x"":757,""y"":221,""t"":4299},{""x"":803,""y"":178,""t"":4435},{""x"":766,""y"":82,""t"":4566},{""x"":735,""y"":14,""t"":4712},{""x"":796,""y"":41,""t"":4848},{""x"":833,""y"":87,""t"":4996},{""x"":820,""y"":114,""t"":5139},{""x"":805,""y"":132,""t"":5282},{""x"":804,""y"":111,""t"":5422},{""x"":795,""y"":83,""t"":5559},{""x"":767,""y"":118,""t"":5697},{""x"":779,""y"":140,""t"":5844},{""x"":691,""y"":220,""t"":5988},{""x"":668,""y"":244,""t"":6138},{""x"":692,""y"":122,""t"":6290}]",1,0.0,1.0,pt_b-last,0
138,0,57,exp_50,1.0,541.9000000357628,0.49,0.32,6.9,8.2,higher_p,higher_m,0,1,alternatives,0.0,False,3.381,2.624,0.7570000000000006,1.0364678509508771,0.6,0.4,0.5,0.5,0.0,0.0,higher_p,higher_p,False,"{""durations"":[1000,1500,1000,1500],""alternatives"":[1,0,1,0],""attributes"":[""all"",""all"",""all"",""all""]}","[{""x"":644,""y"":238,""t"":-147},{""x"":659,""y"":160,""t"":0},{""x"":734,""y"":151,""t"":155},{""x"":797,""y"":174,""t"":292},{""x"":906,""y"":43,""t"":431},{""x"":872,""y"":19,""t"":701},{""x"":915,""y"":-75,""t"":833},{""x"":837,""y"":-16,""t"":964},{""x"":731,""y"":22,""t"":1096},{""x"":586,""y"":19,""t"":1239},{""x"":618,""y"":74,""t"":1371},{""x"":581,""y"":101,""t"":1505},{""x"":591,""y"":76,""t"":1634},{""x"":633,""y"":100,""t"":1770},{""x"":683,""y"":106,""t"":1905},{""x"":765,""y"":59,""t"":2042},{""x"":815,""y"":63,""t"":2172},{""x"":857,""y"":7,""t"":2303},{""x"":927,""y"":46,""t"":2437},{""x"":1015,""y"":76,""t"":2568},{""x"":981,""y"":77,""t"":2700},{""x"":923,""y"":82,""t"":2838},{""x"":764,""y"":76,""t"":2977},{""x"":712,""y"":125,""t"":3112},{""x"":698,""y"":134,""t"":3246},{""x"":605,""y"":126,""t"":3378},{""x"":570,""y"":138,""t"":3510},{""x"":494,""y"":169,""t"":3643},{""x"":421,""y"":197,""t"":3782},{""x"":411,""y"":138,""t"":3933},{""x"":426,""y"":141,""t"":4079},{""x"":478,""y"":174,""t"":4219},{""x"":567,""y"":226,""t"":4360},{""x"":679,""y"":255,""t"":4493},{""x"":737,""y"":201,""t"":4625},{""x"":769,""y"":174,""t"":4754},{""x"":706,""y"":166,""t"":4890},{""x"":587,""y"":137,""t"":5022},{""x"":628,""y"":184,""t"":5156},{""x"":617,""y"":135,""t"":5284},{""x"":584,""y"":101,""t"":5416},{""x"":554,""y"":71,""t"":5549},{""x"":534,""y"":30,""t"":5682},{""x"":491,""y"":88,""t"":5817},{""x"":548,""y"":158,""t"":5955},{""x"":506,""y"":185,""t"":6088},{""x"":462,""y"":273,""t"":6225},{""x"":538,""y"":204,""t"":6364},{""x"":523,""y"":229,""t"":6502},{""x"":587,""y"":295,""t"":6635}]",1,0.0,1.0,pt_b-last,0
138,0,58,catch_4,1.0,626.6000000238419,0.19,0.31,4.0,7.3,dominated,dominant,1,1,alternatives,0.0,False,0.76,2.263,-1.503,-1.2896665513817758,0.5,0.5,0.5,0.5,,1.0,,dominant,True,"{""durations"":[1250,1250,1250,1250],""attributes"":[""all"",""all"",""all"",""all""],""alternatives"":[0,1,0,1]}","[{""x"":719,""y"":360,""t"":-135},{""x"":678,""y"":424,""t"":0},{""x"":720,""y"":349,""t"":165},{""x"":733,""y"":319,""t"":430},{""x"":787,""y"":301,""t"":571},{""x"":825,""y"":249,""t"":700},{""x"":885,""y"":186,""t"":837},{""x"":941,""y"":162,""t"":968},{""x"":935,""y"":210,""t"":1109},{""x"":920,""y"":185,""t"":1263},{""x"":903,""y"":166,""t"":1403},{""x"":804,""y"":191,""t"":1541},{""x"":678,""y"":189,""t"":1673},{""x"":577,""y"":248,""t"":1812},{""x"":573,""y"":305,""t"":1947},{""x"":502,""y"":335,""t"":2079},{""x"":466,""y"":384,""t"":2212},{""x"":490,""y"":440,""t"":2376},{""x"":452,""y"":402,""t"":2507},{""x"":431,""y"":347,""t"":2637},{""x"":449,""y"":369,""t"":2772},{""x"":439,""y"":236,""t"":2909},{""x"":437,""y"":193,""t"":3046},{""x"":447,""y"":197,""t"":3179},{""x"":509,""y"":195,""t"":3311},{""x"":601,""y"":263,""t"":3441},{""x"":653,""y"":297,""t"":3577},{""x"":663,""y"":308,""t"":3711},{""x"":603,""y"":265,""t"":3843},{""x"":621,""y"":285,""t"":3978},{""x"":585,""y"":215,""t"":4111},{""x"":554,""y"":185,""t"":4255},{""x"":522,""y"":144,""t"":4392},{""x"":488,""y"":123,""t"":4530},{""x"":477,""y"":125,""t"":4662},{""x"":469,""y"":232,""t"":4793},{""x"":569,""y"":303,""t"":4925},{""x"":603,""y"":344,""t"":5059},{""x"":641,""y"":377,""t"":5189},{""x"":677,""y"":301,""t"":5323},{""x"":628,""y"":277,""t"":5457},{""x"":606,""y"":268,""t"":5597},{""x"":628,""y"":250,""t"":5734},{""x"":571,""y"":253,""t"":5867},{""x"":571,""y"":287,""t"":5998},{""x"":587,""y"":307,""t"":6137},{""x"":567,""y"":311,""t"":6299},{""x"":640,""y"":216,""t"":6444},{""x"":645,""y"":178,""t"":6579}]",1,0.0,1.0,pt_b-last,0
138,0,59,exp_25,1.0,576.5,0.3,0.17,2.0,3.0,higher_p,higher_m,0,1,attributes,1.0,True,0.6,0.51,0.0899999999999999,0.3499494233597794,0.5,0.5,0.6,0.4,0.0,1.0,higher_p,higher_m,False,"{""durations"":[1500,1000,1500,1000],""alternatives"":[""all"",""all"",""all"",""all""],""attributes"":[""p"",""m"",""p"",""m""]}","[{""x"":631,""y"":226,""t"":-199},{""x"":579,""y"":246,""t"":-65},{""x"":562,""y"":319,""t"":0},{""x"":556,""y"":355,""t"":202},{""x"":513,""y"":413,""t"":495},{""x"":479,""y"":391,""t"":626},{""x"":476,""y"":416,""t"":759},{""x"":543,""y"":474,""t"":894},{""x"":602,""y"":512,""t"":1030},{""x"":604,""y"":521,""t"":1163},{""x"":676,""y"":468,""t"":1295},{""x"":704,""y"":364,""t"":1429},{""x"":672,""y"":298,""t"":1563},{""x"":733,""y"":256,""t"":1702},{""x"":752,""y"":287,""t"":1850},{""x"":718,""y"":258,""t"":2016},{""x"":686,""y"":192,""t"":2148},{""x"":612,""y"":207,""t"":2282},{""x"":679,""y"":149,""t"":2411},{""x"":725,""y"":142,""t"":2543},{""x"":732,""y"":177,""t"":2677},{""x"":713,""y"":150,""t"":2814},{""x"":676,""y"":114,""t"":2964},{""x"":588,""y"":137,""t"":3097},{""x"":492,""y"":212,""t"":3230},{""x"":462,""y"":300,""t"":3362},{""x"":537,""y"":415,""t"":3496},{""x"":588,""y"":445,""t"":3634},{""x"":662,""y"":490,""t"":3779},{""x"":688,""y"":501,""t"":3909},{""x"":688,""y"":501,""t"":4046},{""x"":666,""y"":488,""t"":4179},{""x"":665,""y"":395,""t"":4313},{""x"":651,""y"":318,""t"":4444},{""x"":643,""y"":280,""t"":4578},{""x"":606,""y"":208,""t"":4715},{""x"":617,""y"":253,""t"":4843},{""x"":634,""y"":309,""t"":4974},{""x"":695,""y"":263,""t"":5102},{""x"":773,""y"":258,""t"":5230},{""x"":823,""y"":283,""t"":5359},{""x"":756,""y"":222,""t"":5487},{""x"":741,""y"":209,""t"":5615},{""x"":743,""y"":199,""t"":5748},{""x"":691,""y"":173,""t"":5881},{""x"":702,""y"":214,""t"":6010},{""x"":738,""y"":254,""t"":6138},{""x"":757,""y"":334,""t"":6265},{""x"":674,""y"":357,""t"":6398},{""x"":706,""y"":268,""t"":6526},{""x"":675,""y"":290,""t"":6654}]",1,1.559703141649155e-290,1.0,pt_b-last,0
138,0,60,exp_104,1.0,768.3999999761581,0.78,0.4,2.1,3.0,higher_p,higher_m,0,1,alternatives,0.0,False,1.638,1.2000000000000002,0.4379999999999999,0.7081329507986127,0.6,0.4,0.5,0.5,0.0,1.0,higher_p,higher_m,False,"{""durations"":[1500,1000,1500,1000],""alternatives"":[0,1,0,1],""attributes"":[""all"",""all"",""all"",""all""]}","[{""x"":629,""y"":325,""t"":-188},{""x"":639,""y"":380,""t"":-62},{""x"":655,""y"":432,""t"":1},{""x"":601,""y"":406,""t"":155},{""x"":592,""y"":366,""t"":486},{""x"":499,""y"":288,""t"":612},{""x"":507,""y"":265,""t"":742},{""x"":522,""y"":184,""t"":871},{""x"":615,""y"":224,""t"":1008},{""x"":595,""y"":229,""t"":1158},{""x"":641,""y"":269,""t"":1284},{""x"":723,""y"":173,""t"":1414},{""x"":773,""y"":158,""t"":1543},{""x"":812,""y"":130,""t"":1680},{""x"":778,""y"":196,""t"":1816},{""x"":860,""y"":302,""t"":1943},{""x"":916,""y"":299,""t"":2070},{""x"":934,""y"":336,""t"":2200},{""x"":933,""y"":304,""t"":2327},{""x"":935,""y"":336,""t"":2454},{""x"":969,""y"":406,""t"":2580},{""x"":942,""y"":363,""t"":2710},{""x"":936,""y"":245,""t"":2842},{""x"":835,""y"":228,""t"":2974},{""x"":743,""y"":213,""t"":3103},{""x"":625,""y"":218,""t"":3232},{""x"":627,""y"":234,""t"":3362},{""x"":680,""y"":190,""t"":3491},{""x"":629,""y"":225,""t"":3620},{""x"":602,""y"":316,""t"":3745},{""x"":603,""y"":352,""t"":3882},{""x"":599,""y"":421,""t"":4008},{""x"":574,""y"":464,""t"":4134},{""x"":609,""y"":531,""t"":4267},{""x"":624,""y"":534,""t"":4394},{""x"":681,""y"":538,""t"":4528},{""x"":666,""y"":534,""t"":4661},{""x"":673,""y"":485,""t"":4792},{""x"":647,""y"":456,""t"":4920},{""x"":618,""y"":461,""t"":5048},{""x"":650,""y"":317,""t"":5176},{""x"":641,""y"":270,""t"":5307},{""x"":668,""y"":219,""t"":5434},{""x"":745,""y"":185,""t"":5564},{""x"":666,""y"":196,""t"":5698},{""x"":650,""y"":208,""t"":5833},{""x"":666,""y"":233,""t"":5980},{""x"":654,""y"":218,""t"":6139},{""x"":674,""y"":236,""t"":6270},{""x"":709,""y"":274,""t"":6400},{""x"":767,""y"":220,""t"":6546},{""x"":829,""y"":247,""t"":6684},{""x"":866,""y"":256,""t"":6832}]",1,8.515907917263842e-306,1.0,pt_b-last,0
138,0,61,exp_45,1.0,726.0,0.81,0.48,1.6999999999999995,7.9,higher_p,higher_m,0,1,attributes,1.0,True,1.3769999999999998,3.792,-2.415,-2.2283544163938904,0.5,0.5,0.4,0.6,1.0,0.0,higher_m,higher_p,False,"{""durations"":[1500,1000,1500,1000],""alternatives"":[""all"",""all"",""all"",""all""],""attributes"":[""m"",""p"",""m"",""p""]}","[{""x"":649,""y"":402,""t"":-201},{""x"":615,""y"":454,""t"":-70},{""x"":619,""y"":498,""t"":0},{""x"":585,""y"":451,""t"":191},{""x"":601,""y"":430,""t"":484},{""x"":595,""y"":330,""t"":613},{""x"":653,""y"":252,""t"":758},{""x"":706,""y"":175,""t"":906},{""x"":665,""y"":115,""t"":1034},{""x"":648,""y"":184,""t"":1163},{""x"":671,""y"":239,""t"":1290},{""x"":599,""y"":289,""t"":1418},{""x"":641,""y"":340,""t"":1554},{""x"":667,""y"":395,""t"":1685},{""x"":676,""y"":359,""t"":1823},{""x"":742,""y"":304,""t"":1955},{""x"":802,""y"":360,""t"":2080},{""x"":797,""y"":394,""t"":2214},{""x"":675,""y"":367,""t"":2342},{""x"":750,""y"":312,""t"":2475},{""x"":798,""y"":284,""t"":2730},{""x"":822,""y"":247,""t"":2863},{""x"":756,""y"":327,""t"":3000},{""x"":767,""y"":391,""t"":3129},{""x"":766,""y"":363,""t"":3274},{""x"":798,""y"":324,""t"":3421},{""x"":858,""y"":272,""t"":3556},{""x"":910,""y"":256,""t"":3692},{""x"":950,""y"":183,""t"":3824},{""x"":934,""y"":163,""t"":3958},{""x"":921,""y"":165,""t"":4090},{""x"":899,""y"":169,""t"":4221},{""x"":925,""y"":162,""t"":4351},{""x"":850,""y"":161,""t"":4477},{""x"":804,""y"":172,""t"":4619},{""x"":806,""y"":152,""t"":4749},{""x"":783,""y"":171,""t"":4879},{""x"":752,""y"":206,""t"":5016},{""x"":763,""y"":235,""t"":5143},{""x"":738,""y"":246,""t"":5270},{""x"":758,""y"":280,""t"":5398},{""x"":860,""y"":282,""t"":5532},{""x"":801,""y"":273,""t"":5667},{""x"":809,""y"":223,""t"":5803},{""x"":711,""y"":283,""t"":5936},{""x"":692,""y"":371,""t"":6064},{""x"":677,""y"":383,""t"":6195},{""x"":672,""y"":413,""t"":6324},{""x"":652,""y"":452,""t"":6470},{""x"":695,""y"":284,""t"":6607},{""x"":654,""y"":311,""t"":6736}]",1,0.0,1.0,pt_b-last,0
138,0,62,exp_96,1.0,788.3999999761581,0.58,0.38,4.9,6.9,higher_p,higher_m,0,1,alternatives,0.0,False,2.842,2.6220000000000003,0.2199999999999997,0.4837536146444008,0.6,0.4,0.5,0.5,0.0,1.0,higher_p,higher_m,False,"{""durations"":[1500,1000,1500,1000],""alternatives"":[0,1,0,1],""attributes"":[""all"",""all"",""all"",""all""]}","[{""x"":732,""y"":402,""t"":-139},{""x"":749,""y"":379,""t"":0},{""x"":691,""y"":320,""t"":153},{""x"":698,""y"":261,""t"":419},{""x"":752,""y"":217,""t"":557},{""x"":723,""y"":203,""t"":703},{""x"":711,""y"":197,""t"":835},{""x"":722,""y"":293,""t"":964},{""x"":759,""y"":378,""t"":1100},{""x"":930,""y"":384,""t"":1231},{""x"":1166,""y"":329,""t"":1362},{""x"":1308,""y"":336,""t"":1492},{""x"":1295,""y"":350,""t"":1620},{""x"":1190,""y"":335,""t"":1764},{""x"":1076,""y"":368,""t"":1888},{""x"":937,""y"":420,""t"":2010},{""x"":839,""y"":381,""t"":2136},{""x"":745,""y"":309,""t"":2262},{""x"":647,""y"":223,""t"":2386},{""x"":515,""y"":197,""t"":2509},{""x"":510,""y"":80,""t"":2634},{""x"":404,""y"":45,""t"":2761},{""x"":300,""y"":24,""t"":2899},{""x"":328,""y"":-2,""t"":3023},{""x"":315,""y"":-12,""t"":3149},{""x"":449,""y"":123,""t"":3275},{""x"":579,""y"":187,""t"":3399},{""x"":617,""y"":244,""t"":3530},{""x"":707,""y"":311,""t"":3651},{""x"":691,""y"":334,""t"":3782},{""x"":688,""y"":346,""t"":3908},{""x"":638,""y"":370,""t"":4031},{""x"":618,""y"":383,""t"":4153},{""x"":603,""y"":354,""t"":4280},{""x"":545,""y"":336,""t"":4405},{""x"":551,""y"":231,""t"":4541},{""x"":500,""y"":210,""t"":4666},{""x"":516,""y"":184,""t"":4793},{""x"":545,""y"":200,""t"":4920},{""x"":572,""y"":220,""t"":5047},{""x"":618,""y"":189,""t"":5174},{""x"":705,""y"":175,""t"":5301},{""x"":735,""y"":93,""t"":5427},{""x"":690,""y"":62,""t"":5561},{""x"":676,""y"":41,""t"":5717},{""x"":664,""y"":30,""t"":5850},{""x"":673,""y"":157,""t"":5978},{""x"":607,""y"":234,""t"":6105},{""x"":576,""y"":301,""t"":6234},{""x"":576,""y"":349,""t"":6363},{""x"":542,""y"":417,""t"":6504},{""x"":551,""y"":357,""t"":6631},{""x"":584,""y"":388,""t"":6758}]",1,0.0,1.0,pt_b-last,0
138,0,63,exp_114,1.0,898.1000000238419,0.49,0.22,4.2,7.9,higher_p,higher_m,0,1,alternatives,0.0,False,2.058,1.738,0.3199999999999998,0.5866799156325715,0.6,0.4,0.5,0.5,0.0,0.0,higher_p,higher_p,False,"{""durations"":[1000,1500,1000,1500],""alternatives"":[1,0,1,0],""attributes"":[""all"",""all"",""all"",""all""]}","[{""x"":659,""y"":344,""t"":-128},{""x"":670,""y"":290,""t"":0},{""x"":724,""y"":288,""t"":163},{""x"":786,""y"":247,""t"":345},{""x"":876,""y"":207,""t"":544},{""x"":944,""y"":185,""t"":668},{""x"":970,""y"":149,""t"":798},{""x"":1012,""y"":86,""t"":923},{""x"":1032,""y"":90,""t"":1050},{""x"":1061,""y"":86,""t"":1189},{""x"":1059,""y"":77,""t"":1323},{""x"":885,""y"":125,""t"":1453},{""x"":792,""y"":142,""t"":1582},{""x"":703,""y"":214,""t"":1704},{""x"":654,""y"":163,""t"":1835},{""x"":610,""y"":263,""t"":1959},{""x"":565,""y"":310,""t"":2089},{""x"":527,""y"":298,""t"":2218},{""x"":581,""y"":298,""t"":2347},{""x"":583,""y"":288,""t"":2473},{""x"":595,""y"":268,""t"":2598},{""x"":631,""y"":290,""t"":2724},{""x"":565,""y"":346,""t"":2863},{""x"":600,""y"":288,""t"":3010},{""x"":676,""y"":256,""t"":3138},{""x"":731,""y"":243,""t"":3265},{""x"":842,""y"":277,""t"":3393},{""x"":843,""y"":321,""t"":3520},{""x"":819,""y"":305,""t"":3642},{""x"":798,""y"":328,""t"":3766},{""x"":812,""y"":367,""t"":3890},{""x"":758,""y"":493,""t"":4017},{""x"":676,""y"":513,""t"":4157},{""x"":601,""y"":535,""t"":4283},{""x"":587,""y"":501,""t"":4411},{""x"":566,""y"":536,""t"":4538},{""x"":606,""y"":589,""t"":4662},{""x"":647,""y"":593,""t"":4792},{""x"":625,""y"":451,""t"":4919},{""x"":769,""y"":466,""t"":5047},{""x"":859,""y"":458,""t"":5183},{""x"":876,""y"":343,""t"":5310},{""x"":899,""y"":290,""t"":5435},{""x"":905,""y"":237,""t"":5560},{""x"":951,""y"":240,""t"":5690},{""x"":950,""y"":168,""t"":5821},{""x"":939,""y"":140,""t"":5949},{""x"":944,""y"":91,""t"":6074},{""x"":816,""y"":83,""t"":6204},{""x"":826,""y"":171,""t"":6327},{""x"":807,""y"":232,""t"":6456},{""x"":797,""y"":320,""t"":6589},{""x"":727,""y"":344,""t"":6723},{""x"":725,""y"":191,""t"":6851},{""x"":679,""y"":218,""t"":6976}]",1,0.0,1.0,pt_b-last,0
138,0,64,exp_36,1.0,726.8000000119209,0.79,0.7,2.0,3.2,higher_p,higher_m,0,1,alternatives,0.0,False,1.58,2.24,-0.6599999999999997,-0.4219978340514986,0.4,0.6,0.5,0.5,1.0,0.0,higher_m,higher_p,False,"{""durations"":[1500,1000,1500,1000],""alternatives"":[1,0,1,0],""attributes"":[""all"",""all"",""all"",""all""]}","[{""x"":958,""y"":369,""t"":-139},{""x"":871,""y"":411,""t"":0},{""x"":754,""y"":414,""t"":167},{""x"":734,""y"":387,""t"":350},{""x"":780,""y"":355,""t"":538},{""x"":764,""y"":305,""t"":665},{""x"":786,""y"":246,""t"":792},{""x"":834,""y"":206,""t"":914},{""x"":850,""y"":251,""t"":1036},{""x"":915,""y"":252,""t"":1162},{""x"":945,""y"":288,""t"":1287},{""x"":961,""y"":247,""t"":1415},{""x"":968,""y"":202,""t"":1538},{""x"":951,""y"":139,""t"":1671},{""x"":972,""y"":135,""t"":1817},{""x"":931,""y"":122,""t"":1945},{""x"":820,""y"":141,""t"":2072},{""x"":746,""y"":226,""t"":2200},{""x"":639,""y"":247,""t"":2326},{""x"":570,""y"":318,""t"":2448},{""x"":577,""y"":387,""t"":2573},{""x"":539,""y"":436,""t"":2698},{""x"":517,""y"":471,""t"":2828},{""x"":569,""y"":487,""t"":2960},{""x"":653,""y"":410,""t"":3083},{""x"":791,""y"":369,""t"":3208},{""x"":887,""y"":288,""t"":3333},{""x"":913,""y"":273,""t"":3470},{""x"":907,""y"":271,""t"":3597},{""x"":914,""y"":221,""t"":3722},{""x"":866,""y"":204,""t"":3847},{""x"":876,""y"":217,""t"":3971},{""x"":882,""y"":136,""t"":4098},{""x"":920,""y"":155,""t"":4269},{""x"":894,""y"":168,""t"":4428},{""x"":833,""y"":115,""t"":4566},{""x"":812,""y"":165,""t"":4690},{""x"":778,""y"":115,""t"":4815},{""x"":660,""y"":106,""t"":4946},{""x"":598,""y"":152,""t"":5085},{""x"":576,""y"":160,""t"":5214},{""x"":588,""y"":172,""t"":5339},{""x"":611,""y"":167,""t"":5468},{""x"":646,""y"":108,""t"":5595},{""x"":662,""y"":136,""t"":5733},{""x"":725,""y"":165,""t"":5860},{""x"":752,""y"":164,""t"":5990},{""x"":781,""y"":161,""t"":6120},{""x"":795,""y"":176,""t"":6254},{""x"":765,""y"":159,""t"":6388},{""x"":903,""y"":158,""t"":6521},{""x"":941,""y"":83,""t"":6652},{""x"":959,""y"":53,""t"":6776}]",1,0.0,1.0,pt_b-last,0
138,0,65,exp_18,1.0,708.4000000357628,0.28,0.17,4.3,8.3,higher_p,higher_m,0,1,alternatives,0.0,False,1.204,1.4110000000000005,-0.2070000000000003,0.0442583094249129,0.6,0.4,0.5,0.5,0.0,0.0,higher_p,higher_p,False,"{""durations"":[1000,1500,1000,1500],""alternatives"":[1,0,1,0],""attributes"":[""all"",""all"",""all"",""all""]}","[{""x"":704,""y"":150,""t"":-132},{""x"":688,""y"":234,""t"":0},{""x"":673,""y"":250,""t"":154},{""x"":755,""y"":212,""t"":335},{""x"":731,""y"":143,""t"":560},{""x"":796,""y"":113,""t"":686},{""x"":882,""y"":108,""t"":814},{""x"":837,""y"":69,""t"":944},{""x"":721,""y"":96,""t"":1070},{""x"":674,""y"":112,""t"":1211},{""x"":710,""y"":134,""t"":1340},{""x"":731,""y"":122,""t"":1468},{""x"":676,""y"":126,""t"":1599},{""x"":653,""y"":158,""t"":1726},{""x"":621,""y"":189,""t"":1853},{""x"":587,""y"":256,""t"":1978},{""x"":606,""y"":248,""t"":2105},{""x"":568,""y"":276,""t"":2239},{""x"":609,""y"":291,""t"":2384},{""x"":557,""y"":288,""t"":2515},{""x"":524,""y"":350,""t"":2644},{""x"":429,""y"":332,""t"":2779},{""x"":459,""y"":317,""t"":2915},{""x"":559,""y"":277,""t"":3042},{""x"":682,""y"":196,""t"":3169},{""x"":783,""y"":195,""t"":3294},{""x"":803,""y"":216,""t"":3421},{""x"":841,""y"":186,""t"":3549},{""x"":824,""y"":161,""t"":3673},{""x"":800,""y"":89,""t"":3800},{""x"":860,""y"":98,""t"":3933},{""x"":878,""y"":81,""t"":4065},{""x"":828,""y"":67,""t"":4192},{""x"":832,""y"":106,""t"":4322},{""x"":852,""y"":149,""t"":4448},{""x"":866,""y"":142,""t"":4582},{""x"":825,""y"":196,""t"":4710},{""x"":788,""y"":206,""t"":4837},{""x"":811,""y"":176,""t"":4962},{""x"":836,""y"":220,""t"":5087},{""x"":841,""y"":207,""t"":5213},{""x"":831,""y"":232,""t"":5338},{""x"":784,""y"":301,""t"":5491},{""x"":757,""y"":397,""t"":5644},{""x"":703,""y"":486,""t"":5777},{""x"":736,""y"":543,""t"":5906},{""x"":743,""y"":607,""t"":6032},{""x"":706,""y"":646,""t"":6160},{""x"":771,""y"":659,""t"":6291},{""x"":697,""y"":657,""t"":6428},{""x"":813,""y"":499,""t"":6559},{""x"":854,""y"":502,""t"":6688}]",1,0.0,1.0,pt_b-last,0
138,0,66,exp_69,1.0,661.8000000119209,0.72,0.51,4.2,5.2,higher_p,higher_m,0,1,attributes,1.0,True,3.024,2.652,0.3719999999999999,0.6402015921464201,0.5,0.5,0.4,0.6,1.0,0.0,higher_m,higher_p,False,"{""durations"":[1500,1000,1500,1000],""alternatives"":[""all"",""all"",""all"",""all""],""attributes"":[""m"",""p"",""m"",""p""]}","[{""x"":767,""y"":269,""t"":-135},{""x"":723,""y"":357,""t"":0},{""x"":712,""y"":302,""t"":151},{""x"":764,""y"":277,""t"":339},{""x"":768,""y"":245,""t"":554},{""x"":723,""y"":232,""t"":687},{""x"":592,""y"":136,""t"":819},{""x"":554,""y"":125,""t"":953},{""x"":542,""y"":151,""t"":1081},{""x"":591,""y"":209,""t"":1209},{""x"":661,""y"":301,""t"":1336},{""x"":632,""y"":370,""t"":1464},{""x"":665,""y"":412,""t"":1597},{""x"":692,""y"":486,""t"":1737},{""x"":634,""y"":453,""t"":1867},{""x"":612,""y"":511,""t"":1999},{""x"":578,""y"":555,""t"":2127},{""x"":538,""y"":536,""t"":2257},{""x"":619,""y"":392,""t"":2388},{""x"":606,""y"":426,""t"":2517},{""x"":590,""y"":404,""t"":2642},{""x"":677,""y"":326,""t"":2774},{""x"":617,""y"":342,""t"":2920},{""x"":642,""y"":339,""t"":3051},{""x"":606,""y"":340,""t"":3181},{""x"":673,""y"":261,""t"":3309},{""x"":763,""y"":296,""t"":3441},{""x"":706,""y"":319,""t"":3573},{""x"":671,""y"":354,""t"":3703},{""x"":682,""y"":369,""t"":3836},{""x"":689,""y"":392,""t"":3970},{""x"":660,""y"":408,""t"":4100},{""x"":634,""y"":451,""t"":4233},{""x"":650,""y"":459,""t"":4369},{""x"":566,""y"":489,""t"":4508},{""x"":541,""y"":500,""t"":4654},{""x"":505,""y"":505,""t"":4799},{""x"":473,""y"":560,""t"":5093},{""x"":489,""y"":538,""t"":5223},{""x"":520,""y"":529,""t"":5352},{""x"":498,""y"":492,""t"":5484},{""x"":476,""y"":469,""t"":5614},{""x"":486,""y"":429,""t"":5753},{""x"":487,""y"":408,""t"":5883},{""x"":473,""y"":441,""t"":6014},{""x"":538,""y"":474,""t"":6145},{""x"":570,""y"":476,""t"":6278},{""x"":641,""y"":432,""t"":6413},{""x"":650,""y"":265,""t"":6549},{""x"":792,""y"":252,""t"":6678}]",1,0.0,1.0,pt_b-last,0
138,0,67,exp_43,1.0,1002.9000000357628,0.81,0.48,1.6999999999999995,7.9,higher_p,higher_m,0,1,attributes,1.0,True,1.3769999999999998,3.792,-2.415,-2.2283544163938904,0.5,0.5,0.6,0.4,0.0,0.0,higher_p,higher_p,False,"{""durations"":[1000,1500,1000,1500],""alternatives"":[""all"",""all"",""all"",""all""],""attributes"":[""m"",""p"",""m"",""p""]}","[{""x"":627,""y"":347,""t"":-134},{""x"":600,""y"":370,""t"":0},{""x"":566,""y"":338,""t"":154},{""x"":548,""y"":358,""t"":340},{""x"":564,""y"":390,""t"":556},{""x"":642,""y"":388,""t"":689},{""x"":713,""y"":333,""t"":820},{""x"":714,""y"":328,""t"":950},{""x"":635,""y"":329,""t"":1084},{""x"":681,""y"":368,""t"":1234},{""x"":770,""y"":333,""t"":1370},{""x"":802,""y"":326,""t"":1503},{""x"":821,""y"":332,""t"":1638},{""x"":801,""y"":348,""t"":1774},{""x"":728,""y"":379,""t"":1906},{""x"":720,""y"":370,""t"":2046},{""x"":732,""y"":318,""t"":2196},{""x"":747,""y"":290,""t"":2331},{""x"":796,""y"":303,""t"":2461},{""x"":776,""y"":345,""t"":2596},{""x"":772,""y"":343,""t"":2728},{""x"":748,""y"":397,""t"":2869},{""x"":748,""y"":434,""t"":3002},{""x"":787,""y"":421,""t"":3132},{""x"":797,""y"":414,""t"":3263},{""x"":802,""y"":375,""t"":3397},{""x"":722,""y"":373,""t"":3528},{""x"":748,""y"":403,""t"":3658},{""x"":760,""y"":345,""t"":3794},{""x"":786,""y"":277,""t"":3930},{""x"":728,""y"":322,""t"":4071},{""x"":745,""y"":380,""t"":4205},{""x"":748,""y"":403,""t"":4342},{""x"":792,""y"":335,""t"":4476},{""x"":834,""y"":359,""t"":4610},{""x"":767,""y"":333,""t"":4743},{""x"":759,""y"":325,""t"":4876},{""x"":758,""y"":362,""t"":5013},{""x"":692,""y"":390,""t"":5149},{""x"":701,""y"":374,""t"":5283},{""x"":702,""y"":419,""t"":5417},{""x"":636,""y"":445,""t"":5552},{""x"":656,""y"":469,""t"":5687},{""x"":646,""y"":452,""t"":5822},{""x"":666,""y"":520,""t"":5953},{""x"":678,""y"":500,""t"":6086},{""x"":685,""y"":548,""t"":6221},{""x"":707,""y"":599,""t"":6360},{""x"":685,""y"":612,""t"":6492},{""x"":629,""y"":575,""t"":6635},{""x"":652,""y"":463,""t"":6770},{""x"":702,""y"":409,""t"":6906}]",1,0.0,1.0,pt_b-last,0
138,0,68,exp_89,1.0,797.6000000238419,0.5,0.38,3.0,4.0,higher_p,higher_m,0,1,attributes,1.0,True,1.5,1.52,-0.02,0.2367304922727919,0.5,0.5,0.6,0.4,0.0,1.0,higher_p,higher_m,False,"{""durations"":[1500,1000,1500,1000],""alternatives"":[""all"",""all"",""all"",""all""],""attributes"":[""p"",""m"",""p"",""m""]}","[{""x"":708,""y"":-58,""t"":-203},{""x"":485,""y"":-194,""t"":-68},{""x"":298,""y"":-322,""t"":0},{""x"":233,""y"":-269,""t"":161},{""x"":354,""y"":-71,""t"":496},{""x"":397,""y"":45,""t"":631},{""x"":381,""y"":126,""t"":766},{""x"":464,""y"":240,""t"":900},{""x"":381,""y"":345,""t"":1031},{""x"":424,""y"":428,""t"":1160},{""x"":544,""y"":477,""t"":1295},{""x"":646,""y"":542,""t"":1431},{""x"":711,""y"":519,""t"":1563},{""x"":658,""y"":532,""t"":1700},{""x"":658,""y"":508,""t"":1851},{""x"":686,""y"":466,""t"":1978},{""x"":797,""y"":464,""t"":2109},{""x"":817,""y"":475,""t"":2241},{""x"":786,""y"":515,""t"":2377},{""x"":744,""y"":500,""t"":2512},{""x"":707,""y"":535,""t"":2645},{""x"":616,""y"":472,""t"":2778},{""x"":596,""y"":496,""t"":2925},{""x"":651,""y"":585,""t"":3063},{""x"":620,""y"":548,""t"":3196},{""x"":674,""y"":469,""t"":3332},{""x"":692,""y"":465,""t"":3467},{""x"":671,""y"":492,""t"":3601},{""x"":630,""y"":458,""t"":3737},{""x"":678,""y"":523,""t"":3866},{""x"":710,""y"":514,""t"":3996},{""x"":786,""y"":481,""t"":4139},{""x"":791,""y"":457,""t"":4288},{""x"":790,""y"":365,""t"":4427},{""x"":821,""y"":342,""t"":4571},{""x"":813,""y"":323,""t"":4707},{""x"":833,""y"":311,""t"":4838},{""x"":778,""y"":347,""t"":4971},{""x"":715,""y"":326,""t"":5107},{""x"":636,""y"":352,""t"":5238},{""x"":619,""y"":344,""t"":5371},{""x"":637,""y"":369,""t"":5505},{""x"":643,""y"":396,""t"":5640},{""x"":632,""y"":400,""t"":5776},{""x"":625,""y"":344,""t"":5910},{""x"":628,""y"":344,""t"":6039},{""x"":661,""y"":377,""t"":6166},{""x"":696,""y"":409,""t"":6299},{""x"":750,""y"":405,""t"":6436},{""x"":765,""y"":386,""t"":6585},{""x"":785,""y"":466,""t"":6717},{""x"":800,""y"":499,""t"":6867}]",1,0.0,1.0,pt_b-last,0
138,0,69,catch_3,1.0,1169.300000011921,0.19,0.38,5.8,6.799999999999999,dominated,dominant,1,1,attributes,1.0,True,1.102,2.584,-1.4819999999999998,-1.2680520281742598,0.5,0.5,0.5,0.5,,1.0,,dominant,True,"{""durations"":[1250,1250,1250,1250],""attributes"":[""p"",""m"",""p"",""m""],""alternatives"":[""all"",""all"",""all"",""all""]}","[{""x"":715,""y"":560,""t"":-137},{""x"":701,""y"":481,""t"":0},{""x"":704,""y"":460,""t"":157},{""x"":686,""y"":425,""t"":293},{""x"":656,""y"":473,""t"":475},{""x"":665,""y"":507,""t"":687},{""x"":734,""y"":531,""t"":818},{""x"":812,""y"":576,""t"":953},{""x"":850,""y"":543,""t"":1083},{""x"":877,""y"":518,""t"":1214},{""x"":803,""y"":516,""t"":1358},{""x"":724,""y"":454,""t"":1519},{""x"":647,""y"":432,""t"":1661},{""x"":612,""y"":455,""t"":1794},{""x"":692,""y"":405,""t"":1932},{""x"":698,""y"":397,""t"":2066},{""x"":628,""y"":370,""t"":2201},{""x"":629,""y"":358,""t"":2339},{""x"":634,""y"":407,""t"":2480},{""x"":598,""y"":412,""t"":2614},{""x"":578,""y"":427,""t"":2754},{""x"":561,""y"":402,""t"":2890},{""x"":518,""y"":446,""t"":3027},{""x"":520,""y"":460,""t"":3162},{""x"":487,""y"":498,""t"":3300},{""x"":526,""y"":520,""t"":3437},{""x"":585,""y"":522,""t"":3578},{""x"":642,""y"":521,""t"":3713},{""x"":625,""y"":441,""t"":3847},{""x"":609,""y"":303,""t"":3981},{""x"":555,""y"":267,""t"":4117},{""x"":565,""y"":220,""t"":4255},{""x"":539,""y"":105,""t"":4390},{""x"":549,""y"":112,""t"":4525},{""x"":571,""y"":206,""t"":4657},{""x"":631,""y"":247,""t"":4789},{""x"":616,""y"":214,""t"":4922},{""x"":535,""y"":254,""t"":5055},{""x"":453,""y"":288,""t"":5192},{""x"":405,""y"":317,""t"":5324},{""x"":402,""y"":356,""t"":5455},{""x"":452,""y"":409,""t"":5598},{""x"":493,""y"":423,""t"":5738},{""x"":492,""y"":453,""t"":5869},{""x"":590,""y"":485,""t"":6002},{""x"":589,""y"":503,""t"":6137},{""x"":611,""y"":478,""t"":6274},{""x"":663,""y"":442,""t"":6420},{""x"":673,""y"":447,""t"":6556},{""x"":645,""y"":452,""t"":6694},{""x"":587,""y"":431,""t"":6832},{""x"":553,""y"":426,""t"":6969},{""x"":586,""y"":254,""t"":7112},{""x"":647,""y"":200,""t"":7246}]",1,0.0,1.0,pt_b-last,0
138,1,70,exp_95,1.0,569.6999999880791,0.5,0.38,3.0,4.0,higher_p,higher_m,0,1,attributes,1.0,True,1.5,1.52,-0.02,0.2367304922727919,0.5,0.5,0.4,0.6,1.0,1.0,higher_m,higher_m,False,"{""durations"":[1000,1500,1000,1500],""alternatives"":[""all"",""all"",""all"",""all""],""attributes"":[""p"",""m"",""p"",""m""]}","[{""x"":896,""y"":281,""t"":-148},{""x"":946,""y"":279,""t"":0},{""x"":978,""y"":300,""t"":183},{""x"":995,""y"":294,""t"":320},{""x"":986,""y"":335,""t"":459},{""x"":945,""y"":412,""t"":595},{""x"":868,""y"":471,""t"":734},{""x"":838,""y"":477,""t"":870},{""x"":791,""y"":480,""t"":1006},{""x"":735,""y"":446,""t"":1153},{""x"":678,""y"":430,""t"":1302},{""x"":633,""y"":416,""t"":1437},{""x"":742,""y"":385,""t"":1577},{""x"":800,""y"":372,""t"":1715},{""x"":733,""y"":394,""t"":1993},{""x"":786,""y"":456,""t"":2152},{""x"":733,""y"":440,""t"":2298},{""x"":690,""y"":468,""t"":2429},{""x"":679,""y"":472,""t"":2564},{""x"":692,""y"":474,""t"":2703},{""x"":726,""y"":420,""t"":2850},{""x"":734,""y"":355,""t"":2985},{""x"":770,""y"":334,""t"":3119},{""x"":814,""y"":336,""t"":3251},{""x"":882,""y"":335,""t"":3387},{""x"":832,""y"":379,""t"":3523},{""x"":787,""y"":416,""t"":3663},{""x"":755,""y"":459,""t"":3796},{""x"":749,""y"":518,""t"":3931},{""x"":701,""y"":508,""t"":4077},{""x"":687,""y"":524,""t"":4217},{""x"":763,""y"":499,""t"":4354},{""x"":760,""y"":497,""t"":4493},{""x"":716,""y"":456,""t"":4653},{""x"":727,""y"":393,""t"":4816},{""x"":840,""y"":374,""t"":4953},{""x"":888,""y"":337,""t"":5094},{""x"":894,""y"":321,""t"":5232},{""x"":805,""y"":300,""t"":5374},{""x"":704,""y"":297,""t"":5512},{""x"":598,""y"":275,""t"":5655},{""x"":588,""y"":268,""t"":5795},{""x"":541,""y"":287,""t"":5941},{""x"":520,""y"":320,""t"":6087},{""x"":544,""y"":358,""t"":6229},{""x"":544,""y"":353,""t"":6371},{""x"":687,""y"":184,""t"":6502},{""x"":846,""y"":121,""t"":6631}]",1,0.0,1.0,pt_b-last,0
138,1,71,exp_118,1.0,553.8000000119209,0.49,0.22,4.2,7.9,higher_p,higher_m,0,1,alternatives,0.0,False,2.058,1.738,0.3199999999999998,0.5866799156325715,0.4,0.6,0.5,0.5,1.0,1.0,higher_m,higher_m,False,"{""durations"":[1000,1500,1000,1500],""alternatives"":[0,1,0,1],""attributes"":[""all"",""all"",""all"",""all""]}","[{""x"":860,""y"":163,""t"":-201},{""x"":859,""y"":188,""t"":-67},{""x"":871,""y"":165,""t"":0},{""x"":841,""y"":216,""t"":146},{""x"":811,""y"":209,""t"":473},{""x"":754,""y"":231,""t"":626},{""x"":671,""y"":251,""t"":762},{""x"":640,""y"":303,""t"":896},{""x"":574,""y"":338,""t"":1029},{""x"":557,""y"":356,""t"":1175},{""x"":579,""y"":323,""t"":1313},{""x"":685,""y"":293,""t"":1449},{""x"":777,""y"":316,""t"":1581},{""x"":861,""y"":298,""t"":1712},{""x"":909,""y"":278,""t"":1849},{""x"":924,""y"":275,""t"":1983},{""x"":968,""y"":233,""t"":2120},{""x"":1007,""y"":228,""t"":2254},{""x"":1101,""y"":203,""t"":2387},{""x"":1117,""y"":167,""t"":2524},{""x"":1159,""y"":144,""t"":2657},{""x"":1191,""y"":135,""t"":2798},{""x"":1162,""y"":156,""t"":2936},{""x"":1090,""y"":167,""t"":3067},{""x"":949,""y"":142,""t"":3203},{""x"":891,""y"":147,""t"":3339},{""x"":837,""y"":214,""t"":3471},{""x"":831,""y"":222,""t"":3604},{""x"":866,""y"":285,""t"":3739},{""x"":848,""y"":340,""t"":3892},{""x"":847,""y"":458,""t"":4040},{""x"":831,""y"":541,""t"":4173},{""x"":895,""y"":574,""t"":4308},{""x"":927,""y"":569,""t"":4443},{""x"":885,""y"":556,""t"":4581},{""x"":889,""y"":505,""t"":4731},{""x"":866,""y"":443,""t"":4874},{""x"":871,""y"":439,""t"":5009},{""x"":919,""y"":396,""t"":5148},{""x"":946,""y"":353,""t"":5281},{""x"":935,""y"":315,""t"":5414},{""x"":994,""y"":271,""t"":5574},{""x"":925,""y"":243,""t"":5715},{""x"":906,""y"":207,""t"":5854},{""x"":880,""y"":181,""t"":5989},{""x"":779,""y"":248,""t"":6125},{""x"":806,""y"":317,""t"":6275},{""x"":879,""y"":270,""t"":6420},{""x"":828,""y"":258,""t"":6566}]",1,0.0,1.0,pt_b-last,0
138,1,72,exp_81,1.0,531.4000000357628,0.61,0.29,2.2,8.1,higher_p,higher_m,0,1,attributes,1.0,True,1.342,2.349,-1.0069999999999997,-0.7791520984804501,0.5,0.5,0.6,0.4,0.0,1.0,higher_p,higher_m,False,"{""durations"":[1500,1000,1500,1000],""alternatives"":[""all"",""all"",""all"",""all""],""attributes"":[""p"",""m"",""p"",""m""]}","[{""x"":663,""y"":176,""t"":-254},{""x"":722,""y"":219,""t"":-104},{""x"":769,""y"":259,""t"":0},{""x"":757,""y"":227,""t"":175},{""x"":726,""y"":292,""t"":531},{""x"":684,""y"":284,""t"":674},{""x"":686,""y"":266,""t"":820},{""x"":634,""y"":248,""t"":960},{""x"":622,""y"":269,""t"":1107},{""x"":603,""y"":210,""t"":1255},{""x"":571,""y"":180,""t"":1395},{""x"":577,""y"":187,""t"":1539},{""x"":560,""y"":147,""t"":1690},{""x"":632,""y"":171,""t"":1839},{""x"":632,""y"":222,""t"":1987},{""x"":585,""y"":225,""t"":2152},{""x"":664,""y"":220,""t"":2304},{""x"":709,""y"":241,""t"":2455},{""x"":705,""y"":217,""t"":2602},{""x"":729,""y"":268,""t"":2743},{""x"":753,""y"":357,""t"":2890},{""x"":761,""y"":483,""t"":3040},{""x"":740,""y"":541,""t"":3186},{""x"":745,""y"":569,""t"":3329},{""x"":770,""y"":598,""t"":3471},{""x"":838,""y"":583,""t"":3612},{""x"":865,""y"":536,""t"":3758},{""x"":845,""y"":516,""t"":3904},{""x"":824,""y"":515,""t"":4046},{""x"":848,""y"":470,""t"":4188},{""x"":777,""y"":432,""t"":4331},{""x"":831,""y"":395,""t"":4480},{""x"":835,""y"":348,""t"":4634},{""x"":873,""y"":317,""t"":4778},{""x"":904,""y"":280,""t"":4925},{""x"":857,""y"":280,""t"":5071},{""x"":769,""y"":339,""t"":5221},{""x"":686,""y"":337,""t"":5362},{""x"":663,""y"":328,""t"":5505},{""x"":645,""y"":335,""t"":5650},{""x"":627,""y"":322,""t"":5810},{""x"":615,""y"":280,""t"":5955},{""x"":648,""y"":303,""t"":6096},{""x"":659,""y"":353,""t"":6247},{""x"":805,""y"":264,""t"":6396},{""x"":926,""y"":96,""t"":6547}]",1,0.0,1.0,pt_b-last,0
138,1,73,exp_65,1.0,912.6999999880792,0.72,0.51,4.2,5.2,higher_p,higher_m,0,1,attributes,1.0,True,3.024,2.652,0.3719999999999999,0.6402015921464201,0.5,0.5,0.6,0.4,0.0,1.0,higher_p,higher_m,False,"{""durations"":[1500,1000,1500,1000],""alternatives"":[""all"",""all"",""all"",""all""],""attributes"":[""p"",""m"",""p"",""m""]}","[{""x"":955,""y"":137,""t"":-215},{""x"":893,""y"":176,""t"":-67},{""x"":850,""y"":205,""t"":0},{""x"":839,""y"":244,""t"":170},{""x"":818,""y"":249,""t"":505},{""x"":857,""y"":293,""t"":687},{""x"":801,""y"":321,""t"":837},{""x"":856,""y"":339,""t"":997},{""x"":888,""y"":317,""t"":1155},{""x"":927,""y"":319,""t"":1312},{""x"":900,""y"":322,""t"":1469},{""x"":969,""y"":249,""t"":1624},{""x"":907,""y"":210,""t"":1807},{""x"":968,""y"":207,""t"":1959},{""x"":1049,""y"":195,""t"":2116},{""x"":1013,""y"":204,""t"":2273},{""x"":950,""y"":197,""t"":2424},{""x"":868,""y"":201,""t"":2586},{""x"":895,""y"":173,""t"":2739},{""x"":940,""y"":169,""t"":2901},{""x"":917,""y"":186,""t"":3057},{""x"":823,""y"":197,""t"":3216},{""x"":771,""y"":240,""t"":3370},{""x"":678,""y"":311,""t"":3527},{""x"":682,""y"":251,""t"":3694},{""x"":618,""y"":289,""t"":3844},{""x"":588,""y"":246,""t"":3996},{""x"":624,""y"":296,""t"":4148},{""x"":565,""y"":252,""t"":4301},{""x"":518,""y"":250,""t"":4460},{""x"":534,""y"":241,""t"":4664},{""x"":550,""y"":257,""t"":4823},{""x"":517,""y"":244,""t"":4985},{""x"":575,""y"":251,""t"":5143},{""x"":681,""y"":240,""t"":5301},{""x"":744,""y"":222,""t"":5453},{""x"":777,""y"":227,""t"":5607},{""x"":801,""y"":205,""t"":5756},{""x"":822,""y"":218,""t"":5915},{""x"":839,""y"":240,""t"":6064},{""x"":809,""y"":289,""t"":6211},{""x"":833,""y"":353,""t"":6361},{""x"":850,""y"":411,""t"":6519},{""x"":844,""y"":339,""t"":6674},{""x"":789,""y"":335,""t"":6834},{""x"":840,""y"":330,""t"":7000},{""x"":887,""y"":375,""t"":7150}]",1,0.0,1.0,pt_b-last,0
138,1,74,exp_70,1.0,1394.199999988079,0.72,0.51,4.2,5.2,higher_p,higher_m,0,1,alternatives,0.0,False,3.024,2.652,0.3719999999999999,0.6402015921464201,0.4,0.6,0.5,0.5,1.0,1.0,higher_m,higher_m,False,"{""durations"":[1000,1500,1000,1500],""alternatives"":[0,1,0,1],""attributes"":[""all"",""all"",""all"",""all""]}","[{""x"":911,""y"":494,""t"":-155},{""x"":930,""y"":572,""t"":0},{""x"":925,""y"":497,""t"":171},{""x"":792,""y"":436,""t"":446},{""x"":729,""y"":347,""t"":603},{""x"":612,""y"":262,""t"":750},{""x"":658,""y"":230,""t"":902},{""x"":679,""y"":170,""t"":1050},{""x"":781,""y"":157,""t"":1210},{""x"":853,""y"":174,""t"":1373},{""x"":932,""y"":165,""t"":1548},{""x"":978,""y"":141,""t"":1698},{""x"":877,""y"":114,""t"":1853},{""x"":894,""y"":143,""t"":2004},{""x"":889,""y"":243,""t"":2153},{""x"":949,""y"":303,""t"":2300},{""x"":913,""y"":352,""t"":2450},{""x"":845,""y"":324,""t"":2598},{""x"":740,""y"":323,""t"":2746},{""x"":639,""y"":354,""t"":2902},{""x"":586,""y"":385,""t"":3054},{""x"":560,""y"":351,""t"":3206},{""x"":540,""y"":285,""t"":3355},{""x"":498,""y"":294,""t"":3505},{""x"":488,""y"":265,""t"":3656},{""x"":535,""y"":221,""t"":3806},{""x"":439,""y"":210,""t"":3957},{""x"":442,""y"":176,""t"":4107},{""x"":428,""y"":158,""t"":4257},{""x"":560,""y"":172,""t"":4410},{""x"":659,""y"":176,""t"":4566},{""x"":746,""y"":183,""t"":4713},{""x"":711,""y"":216,""t"":4860},{""x"":762,""y"":239,""t"":5014},{""x"":774,""y"":309,""t"":5170},{""x"":832,""y"":333,""t"":5318},{""x"":877,""y"":323,""t"":5464},{""x"":914,""y"":354,""t"":5611},{""x"":872,""y"":321,""t"":5762},{""x"":847,""y"":283,""t"":5919},{""x"":767,""y"":284,""t"":6069},{""x"":714,""y"":329,""t"":6218},{""x"":722,""y"":421,""t"":6379},{""x"":712,""y"":516,""t"":6545},{""x"":703,""y"":581,""t"":6697},{""x"":709,""y"":588,""t"":6850},{""x"":736,""y"":562,""t"":7005},{""x"":696,""y"":488,""t"":7158},{""x"":778,""y"":407,""t"":7318},{""x"":759,""y"":378,""t"":7475}]",1,0.0,1.0,pt_b-last,0
138,1,75,exp_112,1.0,644.8999999761581,0.49,0.22,4.2,7.9,higher_p,higher_m,0,1,alternatives,0.0,False,2.058,1.738,0.3199999999999998,0.5866799156325715,0.6,0.4,0.5,0.5,0.0,1.0,higher_p,higher_m,False,"{""durations"":[1500,1000,1500,1000],""alternatives"":[0,1,0,1],""attributes"":[""all"",""all"",""all"",""all""]}","[{""x"":780,""y"":227,""t"":-223},{""x"":808,""y"":149,""t"":-76},{""x"":808,""y"":109,""t"":0},{""x"":780,""y"":90,""t"":174},{""x"":898,""y"":87,""t"":542},{""x"":952,""y"":145,""t"":695},{""x"":988,""y"":173,""t"":847},{""x"":987,""y"":183,""t"":996},{""x"":872,""y"":213,""t"":1142},{""x"":852,""y"":217,""t"":1293},{""x"":783,""y"":222,""t"":1441},{""x"":800,""y"":274,""t"":1589},{""x"":696,""y"":371,""t"":1748},{""x"":623,""y"":426,""t"":1901},{""x"":608,""y"":430,""t"":2053},{""x"":560,""y"":395,""t"":2203},{""x"":513,""y"":421,""t"":2361},{""x"":538,""y"":492,""t"":2510},{""x"":596,""y"":540,""t"":2653},{""x"":590,""y"":414,""t"":2826},{""x"":564,""y"":402,""t"":2995},{""x"":625,""y"":405,""t"":3156},{""x"":743,""y"":349,""t"":3306},{""x"":808,""y"":334,""t"":3465},{""x"":830,""y"":319,""t"":3616},{""x"":840,""y"":296,""t"":3768},{""x"":806,""y"":278,""t"":3924},{""x"":871,""y"":273,""t"":4089},{""x"":780,""y"":296,""t"":4248},{""x"":753,""y"":285,""t"":4414},{""x"":670,""y"":310,""t"":4583},{""x"":524,""y"":284,""t"":4750},{""x"":513,""y"":255,""t"":4909},{""x"":477,""y"":211,""t"":5065},{""x"":468,""y"":242,""t"":5222},{""x"":523,""y"":204,""t"":5374},{""x"":586,""y"":233,""t"":5525},{""x"":662,""y"":224,""t"":5686},{""x"":745,""y"":223,""t"":5853},{""x"":745,""y"":269,""t"":6008},{""x"":734,""y"":322,""t"":6166},{""x"":638,""y"":382,""t"":6332},{""x"":680,""y"":303,""t"":6490},{""x"":837,""y"":228,""t"":6647}]",1,0.0,1.0,pt_b-last,0
138,1,76,exp_21,1.0,710.1999999880791,0.28,0.17,4.3,8.3,higher_p,higher_m,0,1,attributes,1.0,True,1.204,1.4110000000000005,-0.2070000000000003,0.0442583094249129,0.5,0.5,0.4,0.6,1.0,0.0,higher_m,higher_p,False,"{""durations"":[1500,1000,1500,1000],""alternatives"":[""all"",""all"",""all"",""all""],""attributes"":[""m"",""p"",""m"",""p""]}","[{""x"":786,""y"":221,""t"":-159},{""x"":798,""y"":247,""t"":0},{""x"":753,""y"":235,""t"":185},{""x"":783,""y"":265,""t"":417},{""x"":882,""y"":296,""t"":646},{""x"":821,""y"":274,""t"":805},{""x"":847,""y"":286,""t"":964},{""x"":910,""y"":270,""t"":1120},{""x"":958,""y"":269,""t"":1274},{""x"":889,""y"":259,""t"":1433},{""x"":879,""y"":246,""t"":1585},{""x"":892,""y"":212,""t"":1749},{""x"":892,""y"":259,""t"":1904},{""x"":824,""y"":314,""t"":2062},{""x"":894,""y"":371,""t"":2214},{""x"":899,""y"":428,""t"":2366},{""x"":902,""y"":340,""t"":2522},{""x"":886,""y"":360,""t"":2679},{""x"":880,""y"":338,""t"":2834},{""x"":841,""y"":380,""t"":2990},{""x"":842,""y"":332,""t"":3146},{""x"":884,""y"":315,""t"":3300},{""x"":820,""y"":296,""t"":3452},{""x"":731,""y"":260,""t"":3610},{""x"":791,""y"":250,""t"":3762},{""x"":801,""y"":249,""t"":3912},{""x"":801,""y"":237,""t"":4065},{""x"":873,""y"":244,""t"":4221},{""x"":837,""y"":267,""t"":4419},{""x"":880,""y"":238,""t"":4579},{""x"":863,""y"":243,""t"":4737},{""x"":847,""y"":218,""t"":4888},{""x"":771,""y"":286,""t"":5041},{""x"":765,""y"":362,""t"":5202},{""x"":798,""y"":333,""t"":5367},{""x"":810,""y"":284,""t"":5521},{""x"":814,""y"":292,""t"":5681},{""x"":784,""y"":253,""t"":5847},{""x"":854,""y"":251,""t"":5998},{""x"":850,""y"":252,""t"":6152},{""x"":910,""y"":254,""t"":6303},{""x"":921,""y"":248,""t"":6460},{""x"":917,""y"":238,""t"":6617},{""x"":926,""y"":239,""t"":6770}]",1,0.0,1.0,pt_b-last,0
138,1,77,exp_0,1.0,3204.399999976158,0.79,0.49,5.300000000000001,8.3,higher_p,higher_m,0,1,alternatives,0.0,False,4.187000000000001,4.067,0.120000000000001,0.3808273136562317,0.6,0.4,0.5,0.5,0.0,1.0,higher_p,higher_m,False,"{""durations"":[1500,1000,1500,1000],""alternatives"":[0,1,0,1],""attributes"":[""all"",""all"",""all"",""all""]}","[{""x"":739,""y"":327,""t"":-153},{""x"":747,""y"":223,""t"":0},{""x"":750,""y"":244,""t"":175},{""x"":794,""y"":243,""t"":330},{""x"":730,""y"":243,""t"":485},{""x"":668,""y"":216,""t"":770},{""x"":746,""y"":222,""t"":932},{""x"":732,""y"":294,""t"":1082},{""x"":720,""y"":363,""t"":1233},{""x"":729,""y"":424,""t"":1386},{""x"":744,""y"":462,""t"":1539},{""x"":728,""y"":476,""t"":1694},{""x"":742,""y"":440,""t"":1862},{""x"":767,""y"":423,""t"":2017},{""x"":803,""y"":411,""t"":2170},{""x"":790,""y"":343,""t"":2341},{""x"":778,""y"":301,""t"":2511},{""x"":850,""y"":275,""t"":2666},{""x"":875,""y"":239,""t"":2827},{""x"":965,""y"":209,""t"":2990},{""x"":966,""y"":204,""t"":3144},{""x"":933,""y"":188,""t"":3302},{""x"":796,""y"":121,""t"":3454},{""x"":767,""y"":134,""t"":3605},{""x"":749,""y"":87,""t"":3752},{""x"":747,""y"":81,""t"":3908},{""x"":757,""y"":105,""t"":4059},{""x"":652,""y"":125,""t"":4211},{""x"":631,""y"":153,""t"":4371},{""x"":637,""y"":180,""t"":4521},{""x"":656,""y"":205,""t"":4683},{""x"":720,""y"":179,""t"":4837},{""x"":840,""y"":170,""t"":4990},{""x"":890,""y"":211,""t"":5140},{""x"":852,""y"":244,""t"":5291},{""x"":834,""y"":250,""t"":5444},{""x"":890,""y"":250,""t"":5599},{""x"":924,""y"":260,""t"":5761},{""x"":913,""y"":259,""t"":5917},{""x"":911,""y"":225,""t"":6072},{""x"":852,""y"":254,""t"":6224},{""x"":939,""y"":233,""t"":6409},{""x"":950,""y"":240,""t"":6564},{""x"":919,""y"":229,""t"":6713},{""x"":842,""y"":248,""t"":6867},{""x"":858,""y"":252,""t"":7020},{""x"":810,""y"":270,""t"":7166},{""x"":804,""y"":258,""t"":7320},{""x"":847,""y"":309,""t"":7488},{""x"":896,""y"":295,""t"":7639},{""x"":863,""y"":264,""t"":7794},{""x"":876,""y"":236,""t"":7952},{""x"":892,""y"":234,""t"":8107},{""x"":853,""y"":233,""t"":8261},{""x"":837,""y"":246,""t"":8417},{""x"":805,""y"":265,""t"":8577},{""x"":836,""y"":224,""t"":8732},{""x"":833,""y"":235,""t"":8891},{""x"":742,""y"":254,""t"":9068},{""x"":849,""y"":201,""t"":9224},{""x"":772,""y"":231,""t"":9380}]",1,0.0,1.0,pt_b-last,0
138,1,78,exp_110,1.0,489.2999999523163,0.78,0.4,2.1,3.0,higher_p,higher_m,0,1,alternatives,0.0,False,1.638,1.2000000000000002,0.4379999999999999,0.7081329507986127,0.4,0.6,0.5,0.5,1.0,1.0,higher_m,higher_m,False,"{""durations"":[1000,1500,1000,1500],""alternatives"":[0,1,0,1],""attributes"":[""all"",""all"",""all"",""all""]}","[{""x"":770,""y"":376,""t"":-166},{""x"":726,""y"":438,""t"":0},{""x"":662,""y"":383,""t"":204},{""x"":556,""y"":365,""t"":368},{""x"":651,""y"":458,""t"":691},{""x"":803,""y"":303,""t"":859},{""x"":870,""y"":272,""t"":1170},{""x"":797,""y"":249,""t"":1347},{""x"":753,""y"":230,""t"":1518},{""x"":841,""y"":191,""t"":1679},{""x"":866,""y"":239,""t"":1857},{""x"":810,""y"":262,""t"":2033},{""x"":808,""y"":345,""t"":2201},{""x"":764,""y"":338,""t"":2364},{""x"":811,""y"":301,""t"":2538},{""x"":835,""y"":297,""t"":2706},{""x"":903,""y"":272,""t"":2871},{""x"":907,""y"":273,""t"":3053},{""x"":886,""y"":252,""t"":3219},{""x"":825,""y"":264,""t"":3387},{""x"":747,""y"":221,""t"":3551},{""x"":784,""y"":224,""t"":3713},{""x"":807,""y"":229,""t"":3873},{""x"":796,""y"":252,""t"":4033},{""x"":833,""y"":222,""t"":4193},{""x"":817,""y"":204,""t"":4366},{""x"":821,""y"":187,""t"":4538},{""x"":818,""y"":196,""t"":4702},{""x"":749,""y"":254,""t"":4863},{""x"":773,""y"":322,""t"":5024},{""x"":781,""y"":310,""t"":5183},{""x"":778,""y"":297,""t"":5344},{""x"":785,""y"":277,""t"":5499},{""x"":836,""y"":302,""t"":5656},{""x"":917,""y"":272,""t"":5823},{""x"":941,""y"":275,""t"":5991},{""x"":921,""y"":303,""t"":6156},{""x"":908,""y"":289,""t"":6315},{""x"":895,""y"":318,""t"":6480},{""x"":866,""y"":285,""t"":6655},{""x"":857,""y"":243,""t"":6809}]",1,8.515907917263842e-306,1.0,pt_b-last,0
138,1,79,catch_14,1.0,551.3999999761581,0.22,0.28,4.1,7.9,dominated,dominant,1,1,alternatives,0.0,False,0.902,2.212,-1.3100000000000005,-1.0910187904746071,0.5,0.5,0.5,0.5,,1.0,,dominant,True,"{""durations"":[1250,1250,1250,1250],""attributes"":[""all"",""all"",""all"",""all""],""alternatives"":[0,1,0,1]}","[{""x"":791,""y"":312,""t"":-234},{""x"":754,""y"":249,""t"":-72},{""x"":678,""y"":192,""t"":0},{""x"":625,""y"":182,""t"":192},{""x"":631,""y"":158,""t"":480},{""x"":676,""y"":185,""t"":738},{""x"":759,""y"":192,""t"":901},{""x"":789,""y"":192,""t"":1059},{""x"":821,""y"":200,""t"":1219},{""x"":858,""y"":199,""t"":1376},{""x"":873,""y"":189,""t"":1549},{""x"":732,""y"":150,""t"":1711},{""x"":632,""y"":120,""t"":1868},{""x"":477,""y"":109,""t"":2023},{""x"":462,""y"":260,""t"":2183},{""x"":502,""y"":401,""t"":2341},{""x"":527,""y"":527,""t"":2499},{""x"":504,""y"":494,""t"":2658},{""x"":606,""y"":453,""t"":2818},{""x"":676,""y"":405,""t"":2991},{""x"":791,""y"":371,""t"":3155},{""x"":890,""y"":341,""t"":3309},{""x"":896,""y"":277,""t"":3467},{""x"":901,""y"":182,""t"":3624},{""x"":807,""y"":256,""t"":3781},{""x"":755,""y"":264,""t"":3944},{""x"":711,""y"":194,""t"":4121},{""x"":581,""y"":186,""t"":4283},{""x"":508,""y"":164,""t"":4448},{""x"":491,""y"":240,""t"":4611},{""x"":541,""y"":316,""t"":4769},{""x"":583,""y"":251,""t"":4928},{""x"":540,""y"":223,""t"":5092},{""x"":553,""y"":203,""t"":5248},{""x"":532,""y"":218,""t"":5406},{""x"":555,""y"":201,""t"":5566},{""x"":558,""y"":190,""t"":5727},{""x"":537,""y"":184,""t"":5887},{""x"":657,""y"":229,""t"":6046},{""x"":581,""y"":289,""t"":6203},{""x"":638,""y"":399,""t"":6373},{""x"":803,""y"":320,""t"":6535},{""x"":775,""y"":363,""t"":6693}]",1,0.0,1.0,pt_b-last,0
138,1,80,exp_33,1.0,594.6000000238419,0.79,0.7,2.0,3.2,higher_p,higher_m,0,1,attributes,1.0,True,1.58,2.24,-0.6599999999999997,-0.4219978340514986,0.5,0.5,0.6,0.4,0.0,1.0,higher_p,higher_m,False,"{""durations"":[1500,1000,1500,1000],""alternatives"":[""all"",""all"",""all"",""all""],""attributes"":[""p"",""m"",""p"",""m""]}","[{""x"":739,""y"":383,""t"":-165},{""x"":768,""y"":339,""t"":0},{""x"":781,""y"":300,""t"":194},{""x"":813,""y"":212,""t"":502},{""x"":815,""y"":219,""t"":668},{""x"":845,""y"":232,""t"":840},{""x"":751,""y"":244,""t"":1000},{""x"":699,""y"":200,""t"":1157},{""x"":725,""y"":123,""t"":1326},{""x"":831,""y"":20,""t"":1502},{""x"":864,""y"":0,""t"":1673},{""x"":853,""y"":36,""t"":1839},{""x"":931,""y"":137,""t"":2003},{""x"":1018,""y"":232,""t"":2176},{""x"":970,""y"":215,""t"":2341},{""x"":917,""y"":213,""t"":2509},{""x"":925,""y"":211,""t"":2678},{""x"":921,""y"":232,""t"":2858},{""x"":872,""y"":240,""t"":3029},{""x"":886,""y"":310,""t"":3194},{""x"":827,""y"":339,""t"":3364},{""x"":688,""y"":351,""t"":3530},{""x"":615,""y"":291,""t"":3695},{""x"":578,""y"":259,""t"":3862},{""x"":536,""y"":253,""t"":4027},{""x"":507,""y"":240,""t"":4197},{""x"":501,""y"":319,""t"":4359},{""x"":535,""y"":323,""t"":4531},{""x"":482,""y"":336,""t"":4707},{""x"":607,""y"":289,""t"":4877},{""x"":643,""y"":272,""t"":5045},{""x"":726,""y"":248,""t"":5205},{""x"":723,""y"":344,""t"":5378},{""x"":736,""y"":309,""t"":5542},{""x"":765,""y"":317,""t"":5707},{""x"":742,""y"":337,""t"":5881},{""x"":709,""y"":380,""t"":6043},{""x"":727,""y"":420,""t"":6215},{""x"":731,""y"":486,""t"":6410},{""x"":773,""y"":534,""t"":6577}]",1,0.0,1.0,pt_b-last,0
138,1,81,exp_85,1.0,744.4000000357628,0.61,0.29,2.2,8.1,higher_p,higher_m,0,1,attributes,1.0,True,1.342,2.349,-1.0069999999999997,-0.7791520984804501,0.5,0.5,0.4,0.6,1.0,0.0,higher_m,higher_p,False,"{""durations"":[1500,1000,1500,1000],""alternatives"":[""all"",""all"",""all"",""all""],""attributes"":[""m"",""p"",""m"",""p""]}","[{""x"":792,""y"":506,""t"":-234},{""x"":728,""y"":505,""t"":-72},{""x"":679,""y"":506,""t"":1},{""x"":631,""y"":434,""t"":197},{""x"":598,""y"":385,""t"":565},{""x"":637,""y"":337,""t"":770},{""x"":659,""y"":346,""t"":948},{""x"":638,""y"":384,""t"":1141},{""x"":677,""y"":379,""t"":1315},{""x"":731,""y"":343,""t"":1491},{""x"":728,""y"":363,""t"":1669},{""x"":686,""y"":352,""t"":1858},{""x"":722,""y"":352,""t"":2049},{""x"":704,""y"":455,""t"":2222},{""x"":642,""y"":519,""t"":2399},{""x"":648,""y"":564,""t"":2565},{""x"":769,""y"":585,""t"":2738},{""x"":843,""y"":525,""t"":2908},{""x"":874,""y"":481,""t"":3087},{""x"":863,""y"":421,""t"":3255},{""x"":823,""y"":380,""t"":3428},{""x"":842,""y"":394,""t"":3608},{""x"":874,""y"":370,""t"":3790},{""x"":906,""y"":356,""t"":3957},{""x"":924,""y"":348,""t"":4138},{""x"":930,""y"":296,""t"":4308},{""x"":932,""y"":295,""t"":4477},{""x"":860,""y"":295,""t"":4651},{""x"":834,""y"":208,""t"":4827},{""x"":864,""y"":202,""t"":5023},{""x"":857,""y"":154,""t"":5196},{""x"":853,""y"":143,""t"":5367},{""x"":808,""y"":126,""t"":5531},{""x"":833,""y"":132,""t"":5695},{""x"":819,""y"":157,""t"":5877},{""x"":794,""y"":143,""t"":6049},{""x"":762,""y"":207,""t"":6219},{""x"":704,""y"":189,""t"":6384},{""x"":735,""y"":254,""t"":6547},{""x"":753,""y"":254,""t"":6727},{""x"":644,""y"":256,""t"":6894}]",1,0.0,1.0,pt_b-last,0
138,1,82,catch_16,1.0,413.1999999880791,0.32,0.37,6.799999999999999,7.800000000000001,dominated,dominant,1,1,alternatives,0.0,False,2.176,2.886,-0.7100000000000004,-0.4734609845455846,0.5,0.5,0.5,0.5,,1.0,,dominant,True,"{""durations"":[1250,1250,1250,1250],""attributes"":[""all"",""all"",""all"",""all""],""alternatives"":[0,1,0,1]}","[{""x"":728,""y"":348,""t"":-244},{""x"":718,""y"":341,""t"":-76},{""x"":707,""y"":310,""t"":1},{""x"":742,""y"":335,""t"":192},{""x"":784,""y"":356,""t"":463},{""x"":850,""y"":396,""t"":811},{""x"":895,""y"":310,""t"":1000},{""x"":761,""y"":331,""t"":1167},{""x"":696,""y"":292,""t"":1341},{""x"":578,""y"":254,""t"":1506},{""x"":561,""y"":188,""t"":1715},{""x"":557,""y"":205,""t"":1877},{""x"":497,""y"":166,""t"":2045},{""x"":473,""y"":124,""t"":2206},{""x"":447,""y"":233,""t"":2371},{""x"":543,""y"":268,""t"":2545},{""x"":589,""y"":279,""t"":2704},{""x"":604,""y"":277,""t"":2865},{""x"":550,""y"":291,""t"":3038},{""x"":713,""y"":271,""t"":3206},{""x"":793,""y"":268,""t"":3371},{""x"":873,""y"":240,""t"":3533},{""x"":962,""y"":227,""t"":3694},{""x"":908,""y"":302,""t"":3857},{""x"":833,""y"":368,""t"":4019},{""x"":774,""y"":472,""t"":4181},{""x"":712,""y"":524,""t"":4348},{""x"":624,""y"":392,""t"":4519},{""x"":574,""y"":352,""t"":4682},{""x"":482,""y"":355,""t"":4844},{""x"":550,""y"":361,""t"":5007},{""x"":617,""y"":344,""t"":5173},{""x"":600,""y"":298,""t"":5337},{""x"":612,""y"":269,""t"":5507},{""x"":649,""y"":248,""t"":5707},{""x"":658,""y"":257,""t"":5882},{""x"":630,""y"":207,""t"":6050},{""x"":582,""y"":164,""t"":6220},{""x"":647,""y"":236,""t"":6399},{""x"":724,""y"":246,""t"":6577}]",1,0.0,1.0,pt_b-last,0
138,1,83,catch_18,1.0,734.4000000357628,0.19,0.37,3.1,3.8,dominated,dominant,1,1,alternatives,0.0,False,0.5890000000000001,1.406,-0.8169999999999998,-0.5835921266029265,0.5,0.5,0.5,0.5,,1.0,,dominant,True,"{""durations"":[1250,1250,1250,1250],""attributes"":[""all"",""all"",""all"",""all""],""alternatives"":[0,1,0,1]}","[{""x"":1015,""y"":220,""t"":-223},{""x"":939,""y"":197,""t"":0},{""x"":813,""y"":198,""t"":213},{""x"":856,""y"":178,""t"":542},{""x"":1027,""y"":167,""t"":716},{""x"":1070,""y"":164,""t"":902},{""x"":1122,""y"":139,""t"":1081},{""x"":1192,""y"":146,""t"":1265},{""x"":1048,""y"":137,""t"":1452},{""x"":905,""y"":170,""t"":1648},{""x"":729,""y"":214,""t"":1836},{""x"":635,""y"":185,""t"":2016},{""x"":695,""y"":115,""t"":2203},{""x"":610,""y"":194,""t"":2382},{""x"":523,""y"":244,""t"":2561},{""x"":543,""y"":255,""t"":2743},{""x"":643,""y"":265,""t"":2934},{""x"":737,""y"":278,""t"":3131},{""x"":830,""y"":327,""t"":3321},{""x"":879,""y"":276,""t"":3507},{""x"":921,""y"":257,""t"":3687},{""x"":979,""y"":259,""t"":3863},{""x"":1051,""y"":261,""t"":4045},{""x"":1020,""y"":243,""t"":4221},{""x"":1009,""y"":239,""t"":4402},{""x"":911,""y"":214,""t"":4578},{""x"":867,""y"":191,""t"":4759},{""x"":845,""y"":167,""t"":4931},{""x"":804,""y"":188,""t"":5125},{""x"":704,""y"":282,""t"":5302},{""x"":653,""y"":294,""t"":5490},{""x"":718,""y"":322,""t"":5664},{""x"":775,""y"":313,""t"":5849},{""x"":765,""y"":305,""t"":6034},{""x"":682,""y"":410,""t"":6212},{""x"":594,""y"":459,""t"":6398},{""x"":638,""y"":544,""t"":6583},{""x"":879,""y"":368,""t"":6769},{""x"":1081,""y"":72,""t"":6950}]",1,0.0,1.0,pt_b-last,0
138,1,84,exp_56,1.0,539.7000000476837,0.41,0.21,1.7999999999999998,6.2,higher_p,higher_m,0,1,alternatives,0.0,False,0.7379999999999999,1.302,-0.5640000000000002,-0.3231885851028555,0.6,0.4,0.5,0.5,0.0,1.0,higher_p,higher_m,False,"{""durations"":[1500,1000,1500,1000],""alternatives"":[0,1,0,1],""attributes"":[""all"",""all"",""all"",""all""]}","[{""x"":921,""y"":150,""t"":-195},{""x"":869,""y"":139,""t"":0},{""x"":792,""y"":162,""t"":210},{""x"":649,""y"":129,""t"":536},{""x"":640,""y"":132,""t"":713},{""x"":730,""y"":125,""t"":891},{""x"":787,""y"":144,""t"":1066},{""x"":820,""y"":174,""t"":1244},{""x"":879,""y"":181,""t"":1424},{""x"":922,""y"":181,""t"":1597},{""x"":983,""y"":193,""t"":1771},{""x"":996,""y"":190,""t"":1962},{""x"":1055,""y"":191,""t"":2129},{""x"":912,""y"":185,""t"":2303},{""x"":872,""y"":276,""t"":2474},{""x"":858,""y"":344,""t"":2643},{""x"":864,""y"":412,""t"":2821},{""x"":935,""y"":400,""t"":3000},{""x"":919,""y"":448,""t"":3187},{""x"":798,""y"":414,""t"":3365},{""x"":779,""y"":345,""t"":3540},{""x"":737,""y"":354,""t"":3716},{""x"":732,""y"":397,""t"":3893},{""x"":740,""y"":379,""t"":4073},{""x"":756,""y"":352,""t"":4251},{""x"":814,""y"":347,""t"":4426},{""x"":850,""y"":327,""t"":4598},{""x"":904,""y"":293,""t"":4790},{""x"":918,""y"":313,""t"":4983},{""x"":875,""y"":297,""t"":5160},{""x"":869,""y"":342,""t"":5340},{""x"":919,""y"":299,""t"":5514},{""x"":951,""y"":305,""t"":5704},{""x"":1007,""y"":279,""t"":5888},{""x"":994,""y"":251,""t"":6073},{""x"":889,""y"":212,""t"":6249},{""x"":878,""y"":288,""t"":6428},{""x"":896,""y"":327,""t"":6607},{""x"":844,""y"":377,""t"":6786}]",1,0.0,1.0,pt_b-last,0
138,1,85,catch_17,1.0,761.6999999880791,0.4,0.68,2.2,3.0,dominated,dominant,1,1,attributes,1.0,True,0.8800000000000001,2.04,-1.16,-0.9366293389923512,0.5,0.5,0.5,0.5,,1.0,,dominant,True,"{""durations"":[1250,1250,1250,1250],""attributes"":[""p"",""m"",""p"",""m""],""alternatives"":[""all"",""all"",""all"",""all""]}","[{""x"":876,""y"":356,""t"":-180},{""x"":873,""y"":345,""t"":0},{""x"":839,""y"":355,""t"":202},{""x"":765,""y"":290,""t"":430},{""x"":701,""y"":308,""t"":700},{""x"":669,""y"":262,""t"":872},{""x"":621,""y"":227,""t"":1247},{""x"":609,""y"":166,""t"":1433},{""x"":610,""y"":142,""t"":1623},{""x"":655,""y"":170,""t"":1800},{""x"":566,""y"":153,""t"":1990},{""x"":596,""y"":147,""t"":2183},{""x"":713,""y"":172,""t"":2359},{""x"":800,""y"":200,""t"":2537},{""x"":758,""y"":222,""t"":2717},{""x"":671,""y"":302,""t"":2889},{""x"":661,""y"":379,""t"":3070},{""x"":657,""y"":445,""t"":3236},{""x"":753,""y"":441,""t"":3403},{""x"":875,""y"":416,""t"":3578},{""x"":909,""y"":385,""t"":3748},{""x"":950,""y"":384,""t"":3920},{""x"":960,""y"":339,""t"":4097},{""x"":1002,""y"":317,""t"":4265},{""x"":933,""y"":303,""t"":4450},{""x"":933,""y"":269,""t"":4621},{""x"":944,""y"":301,""t"":4790},{""x"":976,""y"":327,""t"":4958},{""x"":917,""y"":381,""t"":5129},{""x"":925,""y"":379,""t"":5293},{""x"":792,""y"":315,""t"":5461},{""x"":663,""y"":320,""t"":5626},{""x"":623,""y"":382,""t"":5795},{""x"":599,""y"":439,""t"":5975},{""x"":601,""y"":479,""t"":6143},{""x"":640,""y"":482,""t"":6313},{""x"":680,""y"":506,""t"":6481},{""x"":832,""y"":396,""t"":6664},{""x"":1004,""y"":257,""t"":6834}]",1,0.0,1.0,pt_b-last,0
138,1,86,exp_66,1.0,736.6000000238419,0.72,0.51,4.2,5.2,higher_p,higher_m,0,1,alternatives,0.0,False,3.024,2.652,0.3719999999999999,0.6402015921464201,0.6,0.4,0.5,0.5,0.0,0.0,higher_p,higher_p,False,"{""durations"":[1000,1500,1000,1500],""alternatives"":[1,0,1,0],""attributes"":[""all"",""all"",""all"",""all""]}","[{""x"":909,""y"":309,""t"":-244},{""x"":927,""y"":303,""t"":-76},{""x"":951,""y"":289,""t"":0},{""x"":900,""y"":300,""t"":271},{""x"":818,""y"":342,""t"":637},{""x"":733,""y"":375,""t"":802},{""x"":766,""y"":398,""t"":976},{""x"":842,""y"":433,""t"":1144},{""x"":853,""y"":407,""t"":1328},{""x"":906,""y"":390,""t"":1501},{""x"":936,""y"":329,""t"":1666},{""x"":932,""y"":289,""t"":1837},{""x"":983,""y"":283,""t"":2003},{""x"":974,""y"":246,""t"":2167},{""x"":992,""y"":233,""t"":2331},{""x"":995,""y"":233,""t"":2497},{""x"":991,""y"":171,""t"":2667},{""x"":865,""y"":149,""t"":2836},{""x"":857,""y"":213,""t"":3014},{""x"":793,""y"":203,""t"":3178},{""x"":785,""y"":190,""t"":3345},{""x"":756,""y"":187,""t"":3517},{""x"":732,""y"":172,""t"":3680},{""x"":642,""y"":228,""t"":3848},{""x"":605,""y"":252,""t"":4022},{""x"":599,""y"":290,""t"":4215},{""x"":565,""y"":370,""t"":4384},{""x"":517,""y"":362,""t"":4547},{""x"":508,""y"":458,""t"":4723},{""x"":625,""y"":472,""t"":4909},{""x"":680,""y"":460,""t"":5083},{""x"":736,""y"":356,""t"":5252},{""x"":764,""y"":345,""t"":5423},{""x"":849,""y"":337,""t"":5589},{""x"":1085,""y"":241,""t"":5754},{""x"":1026,""y"":189,""t"":5926},{""x"":960,""y"":195,""t"":6093},{""x"":894,""y"":256,""t"":6259},{""x"":835,""y"":313,""t"":6425},{""x"":985,""y"":146,""t"":6600},{""x"":891,""y"":151,""t"":6767}]",1,0.0,1.0,pt_b-last,0
138,1,87,exp_28,1.0,834.1999999880791,0.3,0.17,2.0,3.0,higher_p,higher_m,0,1,alternatives,0.0,False,0.6,0.51,0.0899999999999999,0.3499494233597794,0.4,0.6,0.5,0.5,1.0,0.0,higher_m,higher_p,False,"{""durations"":[1500,1000,1500,1000],""alternatives"":[1,0,1,0],""attributes"":[""all"",""all"",""all"",""all""]}","[{""x"":1187,""y"":-147,""t"":-236},{""x"":1123,""y"":-148,""t"":-75},{""x"":1100,""y"":-181,""t"":2},{""x"":942,""y"":15,""t"":220},{""x"":884,""y"":69,""t"":602},{""x"":830,""y"":105,""t"":767},{""x"":827,""y"":186,""t"":932},{""x"":812,""y"":251,""t"":1099},{""x"":765,""y"":333,""t"":1281},{""x"":713,""y"":306,""t"":1442},{""x"":650,""y"":262,""t"":1602},{""x"":580,""y"":256,""t"":1802},{""x"":508,""y"":364,""t"":1966},{""x"":573,""y"":339,""t"":2160},{""x"":601,""y"":261,""t"":2395},{""x"":629,""y"":183,""t"":2954},{""x"":659,""y"":204,""t"":3138},{""x"":711,""y"":191,""t"":3305},{""x"":707,""y"":284,""t"":3461},{""x"":765,""y"":331,""t"":3618},{""x"":735,""y"":347,""t"":3781},{""x"":728,""y"":305,""t"":3943},{""x"":709,""y"":235,""t"":4099},{""x"":719,""y"":238,""t"":4266},{""x"":754,""y"":242,""t"":4427},{""x"":771,""y"":229,""t"":4586},{""x"":730,""y"":247,""t"":4753},{""x"":744,""y"":228,""t"":4928},{""x"":654,""y"":187,""t"":5088},{""x"":640,""y"":187,""t"":5256},{""x"":636,""y"":245,""t"":5416},{""x"":679,""y"":192,""t"":5579},{""x"":719,""y"":175,""t"":5746},{""x"":716,""y"":152,""t"":5908},{""x"":754,""y"":153,""t"":6076},{""x"":758,""y"":151,""t"":6249},{""x"":827,""y"":96,""t"":6411},{""x"":863,""y"":98,""t"":6578},{""x"":873,""y"":110,""t"":6742},{""x"":917,""y"":92,""t"":6915},{""x"":921,""y"":88,""t"":7084},{""x"":850,""y"":159,""t"":7240}]",1,9.93324622486991e-269,1.0,pt_b-last,0
138,1,88,exp_4,1.0,952.100000023842,0.79,0.49,5.300000000000001,8.3,higher_p,higher_m,0,1,alternatives,0.0,False,4.187000000000001,4.067,0.120000000000001,0.3808273136562317,0.4,0.6,0.5,0.5,1.0,0.0,higher_m,higher_p,False,"{""durations"":[1500,1000,1500,1000],""alternatives"":[1,0,1,0],""attributes"":[""all"",""all"",""all"",""all""]}","[{""x"":719,""y"":395,""t"":-165},{""x"":657,""y"":313,""t"":0},{""x"":632,""y"":328,""t"":184},{""x"":748,""y"":276,""t"":347},{""x"":788,""y"":222,""t"":648},{""x"":825,""y"":178,""t"":808},{""x"":840,""y"":177,""t"":965},{""x"":882,""y"":170,""t"":1129},{""x"":841,""y"":151,""t"":1284},{""x"":730,""y"":173,""t"":1440},{""x"":670,""y"":161,""t"":1600},{""x"":764,""y"":98,""t"":1768},{""x"":630,""y"":80,""t"":1928},{""x"":610,""y"":87,""t"":2088},{""x"":488,""y"":122,""t"":2246},{""x"":435,""y"":169,""t"":2404},{""x"":369,""y"":139,""t"":2574},{""x"":360,""y"":151,""t"":2734},{""x"":285,""y"":146,""t"":2898},{""x"":309,""y"":82,""t"":3067},{""x"":441,""y"":74,""t"":3221},{""x"":651,""y"":20,""t"":3383},{""x"":788,""y"":60,""t"":3550},{""x"":843,""y"":83,""t"":3703},{""x"":904,""y"":58,""t"":3860},{""x"":1003,""y"":49,""t"":4021},{""x"":1078,""y"":61,""t"":4177},{""x"":1089,""y"":49,""t"":4335},{""x"":1003,""y"":58,""t"":4498},{""x"":1002,""y"":58,""t"":4683},{""x"":898,""y"":1,""t"":4842},{""x"":850,""y"":99,""t"":5002},{""x"":833,""y"":166,""t"":5173},{""x"":804,""y"":174,""t"":5332},{""x"":771,""y"":198,""t"":5498},{""x"":757,""y"":241,""t"":5661},{""x"":818,""y"":280,""t"":5825},{""x"":780,""y"":205,""t"":5987},{""x"":756,""y"":241,""t"":6142},{""x"":700,""y"":331,""t"":6301},{""x"":733,""y"":400,""t"":6457},{""x"":707,""y"":463,""t"":6616},{""x"":665,""y"":453,""t"":6777},{""x"":691,""y"":368,""t"":6940},{""x"":683,""y"":376,""t"":7101}]",1,0.0,1.0,pt_b-last,0
138,1,89,exp_75,1.0,691.5,0.8,0.2,4.0,6.799999999999999,higher_p,higher_m,0,1,attributes,1.0,True,3.2,1.36,1.8400000000000003,2.151159690652763,0.5,0.5,0.6,0.4,0.0,0.0,higher_p,higher_p,False,"{""durations"":[1000,1500,1000,1500],""alternatives"":[""all"",""all"",""all"",""all""],""attributes"":[""m"",""p"",""m"",""p""]}","[{""x"":786,""y"":183,""t"":-161},{""x"":761,""y"":211,""t"":0},{""x"":712,""y"":156,""t"":247},{""x"":667,""y"":198,""t"":557},{""x"":628,""y"":233,""t"":714},{""x"":518,""y"":168,""t"":869},{""x"":654,""y"":130,""t"":1026},{""x"":691,""y"":128,""t"":1190},{""x"":640,""y"":117,""t"":1358},{""x"":626,""y"":142,""t"":1517},{""x"":554,""y"":178,""t"":1675},{""x"":632,""y"":209,""t"":1844},{""x"":709,""y"":213,""t"":2008},{""x"":771,""y"":309,""t"":2164},{""x"":840,""y"":305,""t"":2322},{""x"":864,""y"":266,""t"":2478},{""x"":842,""y"":278,""t"":2640},{""x"":824,""y"":257,""t"":2795},{""x"":823,""y"":244,""t"":2968},{""x"":826,""y"":196,""t"":3124},{""x"":682,""y"":183,""t"":3281},{""x"":626,""y"":129,""t"":3440},{""x"":504,""y"":200,""t"":3594},{""x"":497,""y"":307,""t"":3748},{""x"":472,""y"":345,""t"":3906},{""x"":449,""y"":319,""t"":4068},{""x"":451,""y"":330,""t"":4226},{""x"":477,""y"":259,""t"":4385},{""x"":441,""y"":251,""t"":4543},{""x"":492,""y"":188,""t"":4703},{""x"":585,""y"":256,""t"":4863},{""x"":622,""y"":281,""t"":5021},{""x"":683,""y"":322,""t"":5176},{""x"":690,""y"":227,""t"":5336},{""x"":722,""y"":195,""t"":5494},{""x"":701,""y"":149,""t"":5647},{""x"":627,""y"":112,""t"":5812},{""x"":518,""y"":25,""t"":5973},{""x"":531,""y"":50,""t"":6128},{""x"":568,""y"":100,""t"":6280},{""x"":502,""y"":92,""t"":6438},{""x"":499,""y"":130,""t"":6603},{""x"":563,""y"":168,""t"":6763},{""x"":698,""y"":113,""t"":6920}]",1,0.0,1.0,pt_b-last,0
138,1,90,exp_87,1.0,776.5,0.61,0.29,2.2,8.1,higher_p,higher_m,0,1,attributes,1.0,True,1.342,2.349,-1.0069999999999997,-0.7791520984804501,0.5,0.5,0.4,0.6,1.0,1.0,higher_m,higher_m,False,"{""durations"":[1000,1500,1000,1500],""alternatives"":[""all"",""all"",""all"",""all""],""attributes"":[""p"",""m"",""p"",""m""]}","[{""x"":860,""y"":110,""t"":-163},{""x"":801,""y"":131,""t"":0},{""x"":823,""y"":153,""t"":184},{""x"":829,""y"":135,""t"":462},{""x"":848,""y"":173,""t"":653},{""x"":884,""y"":164,""t"":820},{""x"":834,""y"":174,""t"":980},{""x"":768,""y"":115,""t"":1144},{""x"":741,""y"":82,""t"":1325},{""x"":780,""y"":96,""t"":1493},{""x"":894,""y"":75,""t"":1653},{""x"":904,""y"":87,""t"":1833},{""x"":854,""y"":143,""t"":1994},{""x"":791,""y"":238,""t"":2160},{""x"":786,""y"":312,""t"":2328},{""x"":745,""y"":375,""t"":2494},{""x"":691,""y"":393,""t"":2655},{""x"":618,""y"":362,""t"":2810},{""x"":581,""y"":356,""t"":2981},{""x"":541,""y"":333,""t"":3134},{""x"":605,""y"":308,""t"":3285},{""x"":545,""y"":295,""t"":3442},{""x"":526,""y"":225,""t"":3595},{""x"":643,""y"":219,""t"":3768},{""x"":673,""y"":201,""t"":3922},{""x"":719,""y"":190,""t"":4088},{""x"":696,""y"":164,""t"":4243},{""x"":632,""y"":142,""t"":4397},{""x"":581,""y"":96,""t"":4578},{""x"":673,""y"":117,""t"":4731},{""x"":735,""y"":99,""t"":4886},{""x"":683,""y"":105,""t"":5039},{""x"":652,""y"":98,""t"":5190},{""x"":634,""y"":108,""t"":5342},{""x"":642,""y"":123,""t"":5497},{""x"":640,""y"":150,""t"":5647},{""x"":675,""y"":127,""t"":5802},{""x"":655,""y"":123,""t"":5964},{""x"":634,""y"":213,""t"":6115},{""x"":682,""y"":326,""t"":6268},{""x"":706,""y"":425,""t"":6420},{""x"":832,""y"":421,""t"":6580},{""x"":759,""y"":409,""t"":6745},{""x"":788,""y"":450,""t"":6940}]",1,0.0,1.0,pt_b-last,0
138,1,91,exp_17,1.0,758.5,0.28,0.17,4.3,8.3,higher_p,higher_m,0,1,attributes,1.0,True,1.204,1.4110000000000005,-0.2070000000000003,0.0442583094249129,0.5,0.5,0.6,0.4,0.0,1.0,higher_p,higher_m,False,"{""durations"":[1500,1000,1500,1000],""alternatives"":[""all"",""all"",""all"",""all""],""attributes"":[""p"",""m"",""p"",""m""]}","[{""x"":1002,""y"":244,""t"":-162},{""x"":1058,""y"":217,""t"":0},{""x"":781,""y"":231,""t"":181},{""x"":821,""y"":252,""t"":475},{""x"":809,""y"":279,""t"":631},{""x"":734,""y"":254,""t"":782},{""x"":747,""y"":229,""t"":981},{""x"":878,""y"":115,""t"":1132},{""x"":981,""y"":138,""t"":1289},{""x"":1061,""y"":165,""t"":1437},{""x"":1038,""y"":114,""t"":1593},{""x"":978,""y"":217,""t"":1760},{""x"":914,""y"":319,""t"":1916},{""x"":918,""y"":216,""t"":2070},{""x"":814,""y"":221,""t"":2220},{""x"":795,""y"":232,""t"":2372},{""x"":801,""y"":263,""t"":2524},{""x"":862,""y"":252,""t"":2673},{""x"":924,""y"":237,""t"":2827},{""x"":1011,""y"":169,""t"":2985},{""x"":926,""y"":250,""t"":3134},{""x"":789,""y"":302,""t"":3286},{""x"":690,""y"":287,""t"":3442},{""x"":612,""y"":305,""t"":3596},{""x"":571,""y"":287,""t"":3747},{""x"":538,""y"":263,""t"":3900},{""x"":546,""y"":249,""t"":4054},{""x"":632,""y"":218,""t"":4203},{""x"":772,""y"":184,""t"":4359},{""x"":827,""y"":166,""t"":4516},{""x"":869,""y"":126,""t"":4675},{""x"":847,""y"":137,""t"":4825},{""x"":824,""y"":213,""t"":4977},{""x"":849,""y"":313,""t"":5130},{""x"":817,""y"":404,""t"":5280},{""x"":793,""y"":396,""t"":5430},{""x"":762,""y"":310,""t"":5585},{""x"":758,""y"":295,""t"":5746},{""x"":767,""y"":276,""t"":5901},{""x"":703,""y"":352,""t"":6051},{""x"":631,""y"":442,""t"":6204},{""x"":624,""y"":513,""t"":6349},{""x"":672,""y"":560,""t"":6505},{""x"":717,""y"":483,""t"":6664},{""x"":704,""y"":488,""t"":6816}]",1,0.0,1.0,pt_b-last,0
138,1,92,exp_109,1.0,917.899999976158,0.78,0.4,2.1,3.0,higher_p,higher_m,0,1,attributes,1.0,True,1.638,1.2000000000000002,0.4379999999999999,0.7081329507986127,0.5,0.5,0.4,0.6,1.0,0.0,higher_m,higher_p,False,"{""durations"":[1500,1000,1500,1000],""alternatives"":[""all"",""all"",""all"",""all""],""attributes"":[""m"",""p"",""m"",""p""]}","[{""x"":687,""y"":370,""t"":-164},{""x"":633,""y"":332,""t"":0},{""x"":664,""y"":328,""t"":174},{""x"":692,""y"":294,""t"":331},{""x"":675,""y"":214,""t"":617},{""x"":716,""y"":175,""t"":772},{""x"":816,""y"":144,""t"":935},{""x"":753,""y"":129,""t"":1115},{""x"":673,""y"":138,""t"":1270},{""x"":674,""y"":159,""t"":1424},{""x"":617,""y"":121,""t"":1577},{""x"":631,""y"":115,""t"":1734},{""x"":637,""y"":111,""t"":1896},{""x"":639,""y"":123,""t"":2047},{""x"":648,""y"":214,""t"":2199},{""x"":617,""y"":292,""t"":2358},{""x"":593,""y"":394,""t"":2509},{""x"":620,""y"":486,""t"":2659},{""x"":606,""y"":444,""t"":2814},{""x"":607,""y"":417,""t"":2983},{""x"":613,""y"":388,""t"":3134},{""x"":690,""y"":346,""t"":3287},{""x"":747,""y"":307,""t"":3441},{""x"":786,""y"":265,""t"":3589},{""x"":823,""y"":251,""t"":3738},{""x"":762,""y"":258,""t"":3888},{""x"":757,""y"":224,""t"":4054},{""x"":748,""y"":135,""t"":4199},{""x"":798,""y"":144,""t"":4350},{""x"":796,""y"":133,""t"":4499},{""x"":809,""y"":206,""t"":4662},{""x"":746,""y"":295,""t"":4813},{""x"":707,""y"":358,""t"":4962},{""x"":640,""y"":274,""t"":5112},{""x"":690,""y"":235,""t"":5265},{""x"":682,""y"":204,""t"":5414},{""x"":716,""y"":164,""t"":5562},{""x"":731,""y"":132,""t"":5716},{""x"":738,""y"":141,""t"":5874},{""x"":696,""y"":123,""t"":6031},{""x"":678,""y"":155,""t"":6181},{""x"":640,""y"":238,""t"":6334},{""x"":625,""y"":352,""t"":6481},{""x"":653,""y"":409,""t"":6634},{""x"":752,""y"":304,""t"":6793},{""x"":697,""y"":119,""t"":6937}]",1,5.42350707077879e-284,1.0,pt_b-last,0
138,1,93,exp_106,1.0,2305.599999964237,0.78,0.4,2.1,3.0,higher_p,higher_m,0,1,alternatives,0.0,False,1.638,1.2000000000000002,0.4379999999999999,0.7081329507986127,0.6,0.4,0.5,0.5,0.0,0.0,higher_p,higher_p,False,"{""durations"":[1000,1500,1000,1500],""alternatives"":[1,0,1,0],""attributes"":[""all"",""all"",""all"",""all""]}","[{""x"":1212,""y"":35,""t"":-151},{""x"":1127,""y"":129,""t"":0},{""x"":1032,""y"":221,""t"":167},{""x"":913,""y"":331,""t"":318},{""x"":861,""y"":243,""t"":598},{""x"":767,""y"":274,""t"":750},{""x"":892,""y"":186,""t"":895},{""x"":764,""y"":236,""t"":1048},{""x"":657,""y"":223,""t"":1198},{""x"":642,""y"":243,""t"":1348},{""x"":661,""y"":259,""t"":1493},{""x"":726,""y"":257,""t"":1640},{""x"":780,""y"":214,""t"":1790},{""x"":789,""y"":236,""t"":1939},{""x"":871,""y"":185,""t"":2083},{""x"":912,""y"":165,""t"":2227},{""x"":961,""y"":79,""t"":2374},{""x"":955,""y"":107,""t"":2524},{""x"":949,""y"":124,""t"":2668},{""x"":927,""y"":123,""t"":2812},{""x"":929,""y"":127,""t"":2978},{""x"":829,""y"":150,""t"":3154},{""x"":841,""y"":84,""t"":3303},{""x"":684,""y"":163,""t"":3449},{""x"":650,""y"":196,""t"":3601},{""x"":611,""y"":297,""t"":3749},{""x"":606,""y"":414,""t"":3899},{""x"":565,""y"":398,""t"":4056},{""x"":518,""y"":351,""t"":4210},{""x"":577,""y"":301,""t"":4359},{""x"":709,""y"":263,""t"":4508},{""x"":712,""y"":298,""t"":4651},{""x"":755,""y"":256,""t"":4798},{""x"":772,""y"":247,""t"":4941},{""x"":735,""y"":230,""t"":5089},{""x"":632,""y"":167,""t"":5233},{""x"":623,""y"":119,""t"":5384},{""x"":632,""y"":116,""t"":5531},{""x"":639,""y"":118,""t"":5678},{""x"":710,""y"":131,""t"":5837},{""x"":760,""y"":150,""t"":5985},{""x"":699,""y"":166,""t"":6133},{""x"":700,""y"":220,""t"":6289},{""x"":697,""y"":283,""t"":6432},{""x"":742,""y"":255,""t"":6578},{""x"":709,""y"":223,""t"":6726},{""x"":707,""y"":168,""t"":6872},{""x"":702,""y"":194,""t"":7016},{""x"":716,""y"":165,""t"":7167},{""x"":735,""y"":146,""t"":7310},{""x"":753,""y"":200,""t"":7456},{""x"":738,""y"":155,""t"":7600},{""x"":689,""y"":154,""t"":7745},{""x"":686,""y"":152,""t"":7891},{""x"":626,""y"":248,""t"":8053},{""x"":725,""y"":111,""t"":8200},{""x"":730,""y"":77,""t"":8346}]",1,5.42350707077879e-284,1.0,pt_b-last,0
138,1,94,exp_31,1.0,1093.7000000476835,0.3,0.17,2.0,3.0,higher_p,higher_m,0,1,attributes,1.0,True,0.6,0.51,0.0899999999999999,0.3499494233597794,0.5,0.5,0.4,0.6,1.0,1.0,higher_m,higher_m,False,"{""durations"":[1000,1500,1000,1500],""alternatives"":[""all"",""all"",""all"",""all""],""attributes"":[""p"",""m"",""p"",""m""]}","[{""x"":831,""y"":216,""t"":-149},{""x"":812,""y"":247,""t"":0},{""x"":795,""y"":316,""t"":166},{""x"":792,""y"":276,""t"":315},{""x"":731,""y"":247,""t"":468},{""x"":676,""y"":220,""t"":751},{""x"":610,""y"":196,""t"":906},{""x"":712,""y"":183,""t"":1051},{""x"":797,""y"":189,""t"":1203},{""x"":819,""y"":160,""t"":1349},{""x"":869,""y"":131,""t"":1497},{""x"":872,""y"":121,""t"":1648},{""x"":926,""y"":109,""t"":1789},{""x"":968,""y"":176,""t"":1935},{""x"":898,""y"":272,""t"":2077},{""x"":854,""y"":397,""t"":2222},{""x"":829,""y"":486,""t"":2370},{""x"":839,""y"":475,""t"":2514},{""x"":863,""y"":486,""t"":2662},{""x"":906,""y"":427,""t"":2805},{""x"":880,""y"":391,""t"":2965},{""x"":861,""y"":326,""t"":3111},{""x"":797,""y"":270,""t"":3252},{""x"":786,""y"":241,""t"":3398},{""x"":838,""y"":266,""t"":3552},{""x"":807,""y"":171,""t"":3728},{""x"":851,""y"":165,""t"":3873},{""x"":887,""y"":104,""t"":4025},{""x"":944,""y"":31,""t"":4179},{""x"":986,""y"":24,""t"":4329},{""x"":1014,""y"":10,""t"":4476},{""x"":1011,""y"":14,""t"":4623},{""x"":944,""y"":5,""t"":4772},{""x"":854,""y"":40,""t"":4919},{""x"":736,""y"":58,""t"":5065},{""x"":820,""y"":91,""t"":5215},{""x"":769,""y"":86,""t"":5361},{""x"":750,""y"":133,""t"":5509},{""x"":830,""y"":161,""t"":5663},{""x"":802,""y"":146,""t"":5811},{""x"":786,""y"":127,""t"":5962},{""x"":729,""y"":230,""t"":6108},{""x"":719,""y"":342,""t"":6255},{""x"":717,""y"":433,""t"":6399},{""x"":693,""y"":536,""t"":6546},{""x"":673,""y"":564,""t"":6693},{""x"":718,""y"":516,""t"":6851},{""x"":799,""y"":420,""t"":6998},{""x"":847,""y"":471,""t"":7144}]",1,1.559703141649155e-290,1.0,pt_b-last,0
138,1,95,exp_77,1.0,1587.5,0.8,0.2,4.0,6.799999999999999,higher_p,higher_m,0,1,attributes,1.0,True,3.2,1.36,1.8400000000000003,2.151159690652763,0.5,0.5,0.4,0.6,1.0,0.0,higher_m,higher_p,False,"{""durations"":[1500,1000,1500,1000],""alternatives"":[""all"",""all"",""all"",""all""],""attributes"":[""m"",""p"",""m"",""p""]}","[{""x"":896,""y"":293,""t"":-209},{""x"":876,""y"":210,""t"":-69},{""x"":902,""y"":161,""t"":0},{""x"":836,""y"":151,""t"":176},{""x"":740,""y"":93,""t"":394},{""x"":713,""y"":64,""t"":599},{""x"":704,""y"":107,""t"":835},{""x"":702,""y"":173,""t"":982},{""x"":691,""y"":281,""t"":1129},{""x"":721,""y"":362,""t"":1275},{""x"":673,""y"":446,""t"":1416},{""x"":682,""y"":345,""t"":1562},{""x"":643,""y"":300,""t"":1709},{""x"":615,""y"":245,""t"":1856},{""x"":634,""y"":206,""t"":1996},{""x"":692,""y"":169,""t"":2135},{""x"":746,""y"":215,""t"":2279},{""x"":785,""y"":234,""t"":2419},{""x"":837,""y"":228,""t"":2563},{""x"":771,""y"":202,""t"":2703},{""x"":818,""y"":91,""t"":2849},{""x"":802,""y"":67,""t"":2994},{""x"":792,""y"":-18,""t"":3136},{""x"":843,""y"":-37,""t"":3276},{""x"":898,""y"":-35,""t"":3417},{""x"":909,""y"":1,""t"":3561},{""x"":967,""y"":31,""t"":3705},{""x"":922,""y"":55,""t"":3848},{""x"":853,""y"":53,""t"":3986},{""x"":821,""y"":102,""t"":4124},{""x"":769,""y"":115,""t"":4268},{""x"":761,""y"":153,""t"":4407},{""x"":739,""y"":85,""t"":4555},{""x"":679,""y"":87,""t"":4704},{""x"":581,""y"":121,""t"":4844},{""x"":581,""y"":165,""t"":4985},{""x"":591,""y"":177,""t"":5124},{""x"":695,""y"":141,""t"":5262},{""x"":719,""y"":142,""t"":5401},{""x"":794,""y"":140,""t"":5556},{""x"":903,""y"":170,""t"":5730},{""x"":941,""y"":135,""t"":5881},{""x"":885,""y"":114,""t"":6023},{""x"":804,""y"":198,""t"":6169},{""x"":834,""y"":238,""t"":6318},{""x"":850,""y"":215,""t"":6462},{""x"":810,""y"":300,""t"":6603},{""x"":836,""y"":425,""t"":6744},{""x"":774,""y"":497,""t"":6886},{""x"":775,""y"":543,""t"":7030},{""x"":750,""y"":576,""t"":7173},{""x"":691,""y"":563,""t"":7320},{""x"":819,""y"":355,""t"":7469},{""x"":800,""y"":222,""t"":7611}]",1,0.0,1.0,pt_b-last,0
138,1,96,exp_38,1.0,722.3999999761581,0.79,0.7,2.0,3.2,higher_p,higher_m,0,1,alternatives,0.0,False,1.58,2.24,-0.6599999999999997,-0.4219978340514986,0.4,0.6,0.5,0.5,1.0,1.0,higher_m,higher_m,False,"{""durations"":[1000,1500,1000,1500],""alternatives"":[0,1,0,1],""attributes"":[""all"",""all"",""all"",""all""]}","[{""x"":812,""y"":276,""t"":-145},{""x"":863,""y"":296,""t"":0},{""x"":845,""y"":331,""t"":164},{""x"":806,""y"":327,""t"":309},{""x"":965,""y"":264,""t"":505},{""x"":1035,""y"":205,""t"":732},{""x"":1108,""y"":143,""t"":874},{""x"":1114,""y"":113,""t"":1015},{""x"":1123,""y"":88,""t"":1162},{""x"":1126,""y"":64,""t"":1309},{""x"":1136,""y"":76,""t"":1452},{""x"":1038,""y"":41,""t"":1592},{""x"":919,""y"":4,""t"":1734},{""x"":853,""y"":4,""t"":1880},{""x"":752,""y"":32,""t"":2023},{""x"":695,""y"":45,""t"":2163},{""x"":629,""y"":38,""t"":2302},{""x"":672,""y"":23,""t"":2445},{""x"":682,""y"":49,""t"":2587},{""x"":712,""y"":72,""t"":2729},{""x"":699,""y"":80,""t"":2875},{""x"":728,""y"":93,""t"":3018},{""x"":833,""y"":89,""t"":3160},{""x"":976,""y"":134,""t"":3303},{""x"":1014,""y"":100,""t"":3444},{""x"":919,""y"":166,""t"":3588},{""x"":928,""y"":210,""t"":3727},{""x"":874,""y"":220,""t"":3872},{""x"":826,""y"":215,""t"":4019},{""x"":754,""y"":341,""t"":4167},{""x"":730,""y"":418,""t"":4307},{""x"":726,""y"":374,""t"":4444},{""x"":622,""y"":325,""t"":4585},{""x"":567,""y"":280,""t"":4723},{""x"":608,""y"":266,""t"":4869},{""x"":643,""y"":252,""t"":5012},{""x"":676,""y"":224,""t"":5154},{""x"":678,""y"":212,""t"":5296},{""x"":707,""y"":174,""t"":5437},{""x"":721,""y"":160,""t"":5578},{""x"":719,""y"":143,""t"":5725},{""x"":740,""y"":153,""t"":5873},{""x"":740,""y"":89,""t"":6014},{""x"":775,""y"":161,""t"":6155},{""x"":752,""y"":257,""t"":6300},{""x"":746,""y"":301,""t"":6449},{""x"":786,""y"":155,""t"":6596},{""x"":877,""y"":-70,""t"":6738}]",1,0.0,1.0,pt_b-last,0
138,1,97,exp_119,1.0,679.5,0.49,0.22,4.2,7.9,higher_p,higher_m,0,1,attributes,1.0,True,2.058,1.738,0.3199999999999998,0.5866799156325715,0.5,0.5,0.4,0.6,1.0,1.0,higher_m,higher_m,False,"{""durations"":[1000,1500,1000,1500],""alternatives"":[""all"",""all"",""all"",""all""],""attributes"":[""p"",""m"",""p"",""m""]}","[{""x"":1023,""y"":153,""t"":-145},{""x"":1031,""y"":114,""t"":0},{""x"":939,""y"":210,""t"":166},{""x"":783,""y"":285,""t"":312},{""x"":772,""y"":341,""t"":459},{""x"":810,""y"":398,""t"":730},{""x"":786,""y"":410,""t"":877},{""x"":747,""y"":380,""t"":1016},{""x"":816,""y"":393,""t"":1168},{""x"":776,""y"":415,""t"":1312},{""x"":735,""y"":399,""t"":1453},{""x"":724,""y"":350,""t"":1595},{""x"":821,""y"":310,""t"":1738},{""x"":900,""y"":298,""t"":1881},{""x"":904,""y"":369,""t"":2021},{""x"":868,""y"":470,""t"":2165},{""x"":871,""y"":544,""t"":2307},{""x"":775,""y"":568,""t"":2446},{""x"":757,""y"":573,""t"":2592},{""x"":704,""y"":560,""t"":2730},{""x"":744,""y"":499,""t"":2876},{""x"":818,""y"":413,""t"":3020},{""x"":727,""y"":403,""t"":3163},{""x"":722,""y"":394,""t"":3308},{""x"":693,""y"":299,""t"":3446},{""x"":758,""y"":290,""t"":3586},{""x"":801,""y"":266,""t"":3725},{""x"":807,""y"":253,""t"":3866},{""x"":751,""y"":274,""t"":4016},{""x"":754,""y"":234,""t"":4165},{""x"":756,""y"":215,""t"":4310},{""x"":680,""y"":223,""t"":4450},{""x"":662,""y"":184,""t"":4592},{""x"":652,""y"":179,""t"":4737},{""x"":697,""y"":213,""t"":4880},{""x"":675,""y"":212,""t"":5024},{""x"":648,""y"":231,""t"":5174},{""x"":677,""y"":209,""t"":5317},{""x"":631,""y"":238,""t"":5467},{""x"":631,""y"":247,""t"":5612},{""x"":637,""y"":261,""t"":5770},{""x"":688,""y"":252,""t"":5914},{""x"":703,""y"":305,""t"":6064},{""x"":743,""y"":352,""t"":6207},{""x"":725,""y"":364,""t"":6357},{""x"":847,""y"":294,""t"":6514},{""x"":855,""y"":209,""t"":6657}]",1,0.0,1.0,pt_b-last,0
138,1,98,exp_54,1.0,980.3000000119208,0.49,0.32,6.9,8.2,higher_p,higher_m,0,1,alternatives,0.0,False,3.381,2.624,0.7570000000000006,1.0364678509508771,0.4,0.6,0.5,0.5,1.0,1.0,higher_m,higher_m,False,"{""durations"":[1000,1500,1000,1500],""alternatives"":[0,1,0,1],""attributes"":[""all"",""all"",""all"",""all""]}","[{""x"":885,""y"":443,""t"":-147},{""x"":928,""y"":477,""t"":0},{""x"":929,""y"":495,""t"":170},{""x"":903,""y"":508,""t"":322},{""x"":916,""y"":488,""t"":602},{""x"":964,""y"":438,""t"":751},{""x"":980,""y"":388,""t"":895},{""x"":990,""y"":335,""t"":1043},{""x"":1010,""y"":319,""t"":1191},{""x"":911,""y"":279,""t"":1359},{""x"":857,""y"":234,""t"":1528},{""x"":741,""y"":229,""t"":1672},{""x"":714,""y"":204,""t"":1821},{""x"":678,""y"":255,""t"":1971},{""x"":654,""y"":294,""t"":2116},{""x"":710,""y"":442,""t"":2260},{""x"":688,""y"":421,""t"":2407},{""x"":690,""y"":386,""t"":2555},{""x"":654,""y"":338,""t"":2695},{""x"":668,""y"":302,""t"":2843},{""x"":691,""y"":296,""t"":2993},{""x"":743,""y"":193,""t"":3138},{""x"":832,""y"":199,""t"":3286},{""x"":836,""y"":186,""t"":3431},{""x"":879,""y"":172,""t"":3573},{""x"":920,""y"":170,""t"":3720},{""x"":889,""y"":180,""t"":3861},{""x"":840,""y"":163,""t"":4013},{""x"":863,""y"":204,""t"":4165},{""x"":801,""y"":195,""t"":4315},{""x"":789,""y"":202,""t"":4461},{""x"":779,""y"":253,""t"":4607},{""x"":780,""y"":314,""t"":4753},{""x"":795,""y"":356,""t"":4897},{""x"":783,""y"":380,""t"":5042},{""x"":790,""y"":404,""t"":5190},{""x"":792,""y"":408,""t"":5337},{""x"":770,""y"":430,""t"":5493},{""x"":732,""y"":441,""t"":5641},{""x"":727,""y"":424,""t"":5802},{""x"":686,""y"":379,""t"":5951},{""x"":697,""y"":308,""t"":6095},{""x"":743,""y"":317,""t"":6247},{""x"":692,""y"":283,""t"":6394},{""x"":697,""y"":266,""t"":6542},{""x"":696,""y"":300,""t"":6690},{""x"":854,""y"":230,""t"":6841},{""x"":955,""y"":195,""t"":6988}]",1,0.0,1.0,pt_b-last,0
138,1,99,exp_32,1.0,739.8999999761581,0.79,0.7,2.0,3.2,higher_p,higher_m,0,1,alternatives,0.0,False,1.58,2.24,-0.6599999999999997,-0.4219978340514986,0.6,0.4,0.5,0.5,0.0,1.0,higher_p,higher_m,False,"{""durations"":[1500,1000,1500,1000],""alternatives"":[0,1,0,1],""attributes"":[""all"",""all"",""all"",""all""]}","[{""x"":1089,""y"":376,""t"":-151},{""x"":1019,""y"":407,""t"":0},{""x"":982,""y"":391,""t"":168},{""x"":939,""y"":396,""t"":317},{""x"":870,""y"":418,""t"":517},{""x"":819,""y"":348,""t"":743},{""x"":747,""y"":346,""t"":891},{""x"":770,""y"":380,""t"":1041},{""x"":763,""y"":370,""t"":1185},{""x"":818,""y"":327,""t"":1334},{""x"":851,""y"":328,""t"":1484},{""x"":850,""y"":295,""t"":1626},{""x"":845,""y"":245,""t"":1788},{""x"":804,""y"":202,""t"":1940},{""x"":795,""y"":221,""t"":2088},{""x"":919,""y"":269,""t"":2233},{""x"":940,""y"":217,""t"":2376},{""x"":969,""y"":242,""t"":2521},{""x"":942,""y"":251,""t"":2667},{""x"":876,""y"":246,""t"":2813},{""x"":815,""y"":241,""t"":2967},{""x"":759,""y"":207,""t"":3112},{""x"":783,""y"":210,""t"":3274},{""x"":792,""y"":156,""t"":3445},{""x"":763,""y"":128,""t"":3592},{""x"":783,""y"":119,""t"":3739},{""x"":755,""y"":146,""t"":3887},{""x"":821,""y"":182,""t"":4034},{""x"":866,""y"":198,""t"":4178},{""x"":892,""y"":175,""t"":4329},{""x"":920,""y"":131,""t"":4477},{""x"":858,""y"":148,""t"":4633},{""x"":843,""y"":120,""t"":4783},{""x"":890,""y"":209,""t"":4928},{""x"":874,""y"":271,""t"":5078},{""x"":815,""y"":255,""t"":5225},{""x"":813,""y"":348,""t"":5370},{""x"":841,""y"":483,""t"":5519},{""x"":867,""y"":528,""t"":5673},{""x"":843,""y"":458,""t"":5825},{""x"":868,""y"":451,""t"":5972},{""x"":870,""y"":458,""t"":6117},{""x"":851,""y"":504,""t"":6264},{""x"":860,""y"":541,""t"":6414},{""x"":911,""y"":456,""t"":6563},{""x"":923,""y"":427,""t"":6708}]",1,0.0,1.0,pt_b-last,0
138,1,100,exp_5,1.0,1259.0,0.79,0.49,5.300000000000001,8.3,higher_p,higher_m,0,1,attributes,1.0,True,4.187000000000001,4.067,0.120000000000001,0.3808273136562317,0.5,0.5,0.4,0.6,1.0,0.0,higher_m,higher_p,False,"{""durations"":[1500,1000,1500,1000],""alternatives"":[""all"",""all"",""all"",""all""],""attributes"":[""m"",""p"",""m"",""p""]}","[{""x"":807,""y"":417,""t"":-149},{""x"":783,""y"":342,""t"":0},{""x"":757,""y"":299,""t"":169},{""x"":700,""y"":250,""t"":322},{""x"":647,""y"":187,""t"":615},{""x"":762,""y"":175,""t"":779},{""x"":817,""y"":183,""t"":925},{""x"":748,""y"":190,""t"":1075},{""x"":620,""y"":185,""t"":1223},{""x"":525,""y"":171,""t"":1374},{""x"":573,""y"":168,""t"":1531},{""x"":653,""y"":176,""t"":1685},{""x"":619,""y"":149,""t"":1848},{""x"":598,""y"":164,""t"":2000},{""x"":600,""y"":194,""t"":2147},{""x"":626,""y"":208,""t"":2311},{""x"":676,""y"":207,""t"":2460},{""x"":695,""y"":203,""t"":2621},{""x"":766,""y"":193,""t"":2779},{""x"":802,""y"":178,""t"":2939},{""x"":784,""y"":186,""t"":3091},{""x"":768,""y"":153,""t"":3239},{""x"":827,""y"":156,""t"":3385},{""x"":797,""y"":169,""t"":3538},{""x"":759,""y"":200,""t"":3691},{""x"":771,""y"":274,""t"":3841},{""x"":729,""y"":394,""t"":3991},{""x"":735,""y"":506,""t"":4143},{""x"":714,""y"":565,""t"":4310},{""x"":704,""y"":601,""t"":4462},{""x"":716,""y"":575,""t"":4630},{""x"":734,""y"":532,""t"":4783},{""x"":681,""y"":450,""t"":4937},{""x"":724,""y"":449,""t"":5088},{""x"":799,""y"":458,""t"":5241},{""x"":796,""y"":445,""t"":5392},{""x"":727,""y"":334,""t"":5547},{""x"":704,""y"":293,""t"":5706},{""x"":645,""y"":243,""t"":5866},{""x"":664,""y"":295,""t"":6017},{""x"":706,""y"":328,""t"":6169},{""x"":671,""y"":350,""t"":6331},{""x"":652,""y"":359,""t"":6499},{""x"":697,""y"":398,""t"":6653},{""x"":643,""y"":326,""t"":6810},{""x"":628,""y"":342,""t"":6966},{""x"":663,""y"":291,""t"":7125},{""x"":662,""y"":323,""t"":7279}]",1,0.0,1.0,pt_b-last,0
138,1,101,exp_12,1.0,925.1999999880792,0.7,0.29,1.7999999999999998,5.0,higher_p,higher_m,0,1,alternatives,0.0,False,1.2599999999999998,1.45,-0.1900000000000001,0.061755780592902,0.4,0.6,0.5,0.5,1.0,0.0,higher_m,higher_p,False,"{""durations"":[1500,1000,1500,1000],""alternatives"":[1,0,1,0],""attributes"":[""all"",""all"",""all"",""all""]}","[{""x"":865,""y"":133,""t"":-159},{""x"":857,""y"":183,""t"":0},{""x"":851,""y"":162,""t"":182},{""x"":912,""y"":175,""t"":337},{""x"":989,""y"":203,""t"":547},{""x"":1041,""y"":158,""t"":795},{""x"":1110,""y"":164,""t"":946},{""x"":1003,""y"":182,""t"":1097},{""x"":906,""y"":121,""t"":1247},{""x"":808,""y"":53,""t"":1398},{""x"":817,""y"":13,""t"":1558},{""x"":810,""y"":162,""t"":1715},{""x"":880,""y"":144,""t"":1877},{""x"":900,""y"":81,""t"":2028},{""x"":870,""y"":139,""t"":2193},{""x"":929,""y"":110,""t"":2378},{""x"":859,""y"":91,""t"":2532},{""x"":743,""y"":-72,""t"":2685},{""x"":677,""y"":-119,""t"":2843},{""x"":620,""y"":6,""t"":3013},{""x"":696,""y"":-25,""t"":3165},{""x"":764,""y"":-24,""t"":3318},{""x"":709,""y"":38,""t"":3477},{""x"":759,""y"":108,""t"":3630},{""x"":829,""y"":224,""t"":3782},{""x"":901,""y"":296,""t"":3938},{""x"":994,""y"":286,""t"":4088},{""x"":1037,""y"":305,""t"":4239},{""x"":994,""y"":274,""t"":4389},{""x"":1011,""y"":341,""t"":4545},{""x"":1093,""y"":313,""t"":4699},{""x"":1026,""y"":269,""t"":4850},{""x"":977,""y"":257,""t"":5001},{""x"":920,""y"":259,""t"":5160},{""x"":930,""y"":378,""t"":5307},{""x"":970,""y"":496,""t"":5458},{""x"":979,""y"":588,""t"":5611},{""x"":921,""y"":669,""t"":5771},{""x"":906,""y"":671,""t"":5931},{""x"":932,""y"":555,""t"":6084},{""x"":919,""y"":429,""t"":6233},{""x"":880,""y"":336,""t"":6385},{""x"":944,""y"":283,""t"":6538},{""x"":973,""y"":213,""t"":6697},{""x"":1141,""y"":153,""t"":6858},{""x"":1156,""y"":141,""t"":7009}]",1,0.0,1.0,pt_b-last,0
138,1,102,exp_39,1.0,1113.300000011921,0.79,0.7,2.0,3.2,higher_p,higher_m,0,1,attributes,1.0,True,1.58,2.24,-0.6599999999999997,-0.4219978340514986,0.5,0.5,0.4,0.6,1.0,1.0,higher_m,higher_m,False,"{""durations"":[1000,1500,1000,1500],""alternatives"":[""all"",""all"",""all"",""all""],""attributes"":[""p"",""m"",""p"",""m""]}","[{""x"":740,""y"":117,""t"":-155},{""x"":846,""y"":128,""t"":0},{""x"":872,""y"":104,""t"":176},{""x"":816,""y"":88,""t"":367},{""x"":796,""y"":33,""t"":630},{""x"":815,""y"":46,""t"":780},{""x"":808,""y"":94,""t"":931},{""x"":748,""y"":114,""t"":1083},{""x"":712,""y"":106,""t"":1248},{""x"":724,""y"":131,""t"":1399},{""x"":762,""y"":133,""t"":1551},{""x"":850,""y"":154,""t"":1701},{""x"":890,""y"":135,""t"":1857},{""x"":848,""y"":96,""t"":2005},{""x"":741,""y"":180,""t"":2154},{""x"":757,""y"":271,""t"":2306},{""x"":724,""y"":440,""t"":2457},{""x"":738,""y"":398,""t"":2607},{""x"":753,""y"":333,""t"":2758},{""x"":771,""y"":294,""t"":2927},{""x"":796,""y"":280,""t"":3076},{""x"":795,""y"":241,""t"":3225},{""x"":727,""y"":271,""t"":3381},{""x"":691,""y"":356,""t"":3533},{""x"":661,""y"":253,""t"":3687},{""x"":641,""y"":266,""t"":3843},{""x"":611,""y"":213,""t"":4009},{""x"":608,""y"":176,""t"":4189},{""x"":618,""y"":117,""t"":4340},{""x"":697,""y"":107,""t"":4497},{""x"":780,""y"":76,""t"":4651},{""x"":722,""y"":89,""t"":4808},{""x"":813,""y"":132,""t"":4968},{""x"":791,""y"":149,""t"":5124},{""x"":828,""y"":63,""t"":5284},{""x"":745,""y"":68,""t"":5439},{""x"":725,""y"":4,""t"":5595},{""x"":716,""y"":69,""t"":5762},{""x"":630,""y"":121,""t"":5919},{""x"":604,""y"":198,""t"":6078},{""x"":661,""y"":321,""t"":6233},{""x"":709,""y"":430,""t"":6394},{""x"":770,""y"":387,""t"":6551},{""x"":768,""y"":381,""t"":6705},{""x"":745,""y"":319,""t"":6878},{""x"":784,""y"":250,""t"":7033},{""x"":853,""y"":163,""t"":7188}]",1,0.0,1.0,pt_b-last,0
138,1,103,exp_83,1.0,2630.0,0.61,0.29,2.2,8.1,higher_p,higher_m,0,1,attributes,1.0,True,1.342,2.349,-1.0069999999999997,-0.7791520984804501,0.5,0.5,0.6,0.4,0.0,0.0,higher_p,higher_p,False,"{""durations"":[1000,1500,1000,1500],""alternatives"":[""all"",""all"",""all"",""all""],""attributes"":[""m"",""p"",""m"",""p""]}","[{""x"":806,""y"":271,""t"":-163},{""x"":825,""y"":339,""t"":0},{""x"":849,""y"":284,""t"":181},{""x"":855,""y"":306,""t"":342},{""x"":899,""y"":266,""t"":644},{""x"":929,""y"":244,""t"":804},{""x"":836,""y"":260,""t"":967},{""x"":779,""y"":277,""t"":1138},{""x"":642,""y"":222,""t"":1307},{""x"":670,""y"":301,""t"":1468},{""x"":820,""y"":391,""t"":1627},{""x"":850,""y"":335,""t"":1786},{""x"":965,""y"":274,""t"":1947},{""x"":1075,""y"":235,""t"":2101},{""x"":1043,""y"":217,""t"":2261},{""x"":931,""y"":228,""t"":2415},{""x"":919,""y"":344,""t"":2571},{""x"":939,""y"":403,""t"":2724},{""x"":862,""y"":423,""t"":2884},{""x"":929,""y"":313,""t"":3054},{""x"":910,""y"":265,""t"":3218},{""x"":1020,""y"":229,""t"":3370},{""x"":995,""y"":182,""t"":3526},{""x"":887,""y"":193,""t"":3684},{""x"":884,""y"":213,""t"":3839},{""x"":911,""y"":214,""t"":3996},{""x"":956,""y"":216,""t"":4161},{""x"":1022,""y"":226,""t"":4316},{""x"":1032,""y"":204,""t"":4472},{""x"":972,""y"":222,""t"":4624},{""x"":844,""y"":235,""t"":4774},{""x"":829,""y"":209,""t"":4932},{""x"":734,""y"":161,""t"":5085},{""x"":787,""y"":164,""t"":5238},{""x"":789,""y"":195,""t"":5396},{""x"":848,""y"":216,""t"":5555},{""x"":850,""y"":213,""t"":5714},{""x"":827,""y"":226,""t"":5884},{""x"":828,""y"":247,""t"":6056},{""x"":752,""y"":254,""t"":6249},{""x"":784,""y"":296,""t"":6406},{""x"":820,""y"":290,""t"":6564},{""x"":733,""y"":310,""t"":6723},{""x"":766,""y"":337,""t"":6878},{""x"":730,""y"":315,""t"":7032},{""x"":601,""y"":222,""t"":7190},{""x"":635,""y"":347,""t"":7348},{""x"":696,""y"":402,""t"":7502},{""x"":664,""y"":511,""t"":7654},{""x"":775,""y"":395,""t"":7809},{""x"":799,""y"":437,""t"":7963},{""x"":811,""y"":460,""t"":8118},{""x"":858,""y"":428,""t"":8272},{""x"":845,""y"":380,""t"":8443},{""x"":920,""y"":348,""t"":8596},{""x"":846,""y"":249,""t"":8747}]",1,0.0,1.0,pt_b-last,0
138,1,105,exp_93,1.0,618.3999999761581,0.5,0.38,3.0,4.0,higher_p,higher_m,0,1,attributes,1.0,True,1.5,1.52,-0.02,0.2367304922727919,0.5,0.5,0.4,0.6,1.0,0.0,higher_m,higher_p,False,"{""durations"":[1500,1000,1500,1000],""alternatives"":[""all"",""all"",""all"",""all""],""attributes"":[""m"",""p"",""m"",""p""]}","[{""x"":555,""y"":182,""t"":-140},{""x"":620,""y"":182,""t"":0},{""x"":679,""y"":112,""t"":334},{""x"":541,""y"":77,""t"":482},{""x"":446,""y"":22,""t"":622},{""x"":353,""y"":-15,""t"":762},{""x"":414,""y"":-3,""t"":904},{""x"":621,""y"":-3,""t"":1044},{""x"":688,""y"":-47,""t"":1183},{""x"":712,""y"":-30,""t"":1319},{""x"":677,""y"":8,""t"":1463},{""x"":562,""y"":99,""t"":1608},{""x"":621,""y"":225,""t"":1756},{""x"":639,""y"":335,""t"":1890},{""x"":756,""y"":368,""t"":2032},{""x"":777,""y"":312,""t"":2170},{""x"":866,""y"":305,""t"":2303},{""x"":735,""y"":276,""t"":2436},{""x"":696,""y"":234,""t"":2570},{""x"":715,""y"":189,""t"":2701},{""x"":796,""y"":88,""t"":2841},{""x"":755,""y"":71,""t"":2980},{""x"":787,""y"":33,""t"":3118},{""x"":714,""y"":-36,""t"":3256},{""x"":570,""y"":-46,""t"":3392},{""x"":514,""y"":2,""t"":3526},{""x"":495,""y"":35,""t"":3660},{""x"":482,""y"":85,""t"":3797},{""x"":551,""y"":70,""t"":3931},{""x"":626,""y"":49,""t"":4067},{""x"":659,""y"":48,""t"":4205},{""x"":714,""y"":-10,""t"":4339},{""x"":691,""y"":-55,""t"":4538},{""x"":786,""y"":-104,""t"":4757},{""x"":693,""y"":41,""t"":4898},{""x"":805,""y"":99,""t"":5044},{""x"":805,""y"":153,""t"":5181},{""x"":794,""y"":132,""t"":5327},{""x"":747,""y"":148,""t"":5467},{""x"":720,""y"":222,""t"":5602},{""x"":612,""y"":316,""t"":5749},{""x"":661,""y"":347,""t"":5885},{""x"":641,""y"":302,""t"":6021},{""x"":700,""y"":296,""t"":6157},{""x"":722,""y"":257,""t"":6289},{""x"":766,""y"":316,""t"":6452},{""x"":824,""y"":220,""t"":6601},{""x"":780,""y"":193,""t"":6736}]",1,0.0,1.0,pt_b-last,0
138,1,106,exp_86,1.0,838.5,0.61,0.29,2.2,8.1,higher_p,higher_m,0,1,alternatives,0.0,False,1.342,2.349,-1.0069999999999997,-0.7791520984804501,0.4,0.6,0.5,0.5,1.0,1.0,higher_m,higher_m,False,"{""durations"":[1000,1500,1000,1500],""alternatives"":[0,1,0,1],""attributes"":[""all"",""all"",""all"",""all""]}","[{""x"":806,""y"":82,""t"":-193},{""x"":792,""y"":114,""t"":-64},{""x"":732,""y"":124,""t"":0},{""x"":737,""y"":129,""t"":155},{""x"":791,""y"":121,""t"":474},{""x"":684,""y"":110,""t"":606},{""x"":524,""y"":42,""t"":742},{""x"":528,""y"":9,""t"":878},{""x"":571,""y"":1,""t"":1019},{""x"":661,""y"":-30,""t"":1168},{""x"":729,""y"":-27,""t"":1307},{""x"":805,""y"":-112,""t"":1441},{""x"":832,""y"":-125,""t"":1578},{""x"":698,""y"":25,""t"":1711},{""x"":679,""y"":202,""t"":1853},{""x"":684,""y"":326,""t"":1993},{""x"":668,""y"":464,""t"":2148},{""x"":835,""y"":404,""t"":2302},{""x"":939,""y"":369,""t"":2452},{""x"":1018,""y"":376,""t"":2606},{""x"":983,""y"":294,""t"":2757},{""x"":938,""y"":215,""t"":2921},{""x"":863,""y"":173,""t"":3071},{""x"":720,""y"":172,""t"":3222},{""x"":566,""y"":180,""t"":3376},{""x"":471,""y"":202,""t"":3526},{""x"":561,""y"":269,""t"":3679},{""x"":611,""y"":198,""t"":3838},{""x"":710,""y"":167,""t"":4013},{""x"":748,""y"":156,""t"":4171},{""x"":826,""y"":100,""t"":4325},{""x"":853,""y"":44,""t"":4478},{""x"":820,""y"":-3,""t"":4630},{""x"":842,""y"":-44,""t"":4779},{""x"":831,""y"":-68,""t"":4935},{""x"":927,""y"":-3,""t"":5084},{""x"":993,""y"":35,""t"":5233},{""x"":942,""y"":95,""t"":5385},{""x"":822,""y"":56,""t"":5537},{""x"":774,""y"":57,""t"":5693},{""x"":816,""y"":100,""t"":5863},{""x"":776,""y"":103,""t"":6014},{""x"":586,""y"":187,""t"":6163},{""x"":614,""y"":226,""t"":6313},{""x"":562,""y"":232,""t"":6464},{""x"":594,""y"":205,""t"":6628},{""x"":708,""y"":239,""t"":6781},{""x"":680,""y"":182,""t"":6927}]",1,0.0,1.0,pt_b-last,0
138,1,107,exp_48,1.0,497.6999999880791,0.49,0.32,6.9,8.2,higher_p,higher_m,0,1,alternatives,0.0,False,3.381,2.624,0.7570000000000006,1.0364678509508771,0.6,0.4,0.5,0.5,0.0,1.0,higher_p,higher_m,False,"{""durations"":[1500,1000,1500,1000],""alternatives"":[0,1,0,1],""attributes"":[""all"",""all"",""all"",""all""]}","[{""x"":1094,""y"":188,""t"":-159},{""x"":1104,""y"":195,""t"":0},{""x"":1084,""y"":154,""t"":178},{""x"":993,""y"":165,""t"":388},{""x"":996,""y"":196,""t"":634},{""x"":975,""y"":176,""t"":785},{""x"":810,""y"":174,""t"":950},{""x"":724,""y"":133,""t"":1119},{""x"":618,""y"":121,""t"":1270},{""x"":527,""y"":134,""t"":1426},{""x"":528,""y"":121,""t"":1579},{""x"":492,""y"":107,""t"":1741},{""x"":421,""y"":119,""t"":1908},{""x"":450,""y"":64,""t"":2060},{""x"":395,""y"":111,""t"":2212},{""x"":427,""y"":122,""t"":2364},{""x"":553,""y"":236,""t"":2522},{""x"":666,""y"":343,""t"":2675},{""x"":718,""y"":384,""t"":2825},{""x"":757,""y"":336,""t"":2990},{""x"":813,""y"":284,""t"":3145},{""x"":905,""y"":281,""t"":3295},{""x"":1009,""y"":225,""t"":3447},{""x"":1075,""y"":227,""t"":3599},{""x"":1007,""y"":377,""t"":3752},{""x"":1004,""y"":451,""t"":3904},{""x"":910,""y"":354,""t"":4054},{""x"":870,""y"":320,""t"":4207},{""x"":799,""y"":280,""t"":4360},{""x"":838,""y"":198,""t"":4509},{""x"":840,""y"":183,""t"":4672},{""x"":816,""y"":211,""t"":4829},{""x"":736,""y"":228,""t"":4978},{""x"":638,""y"":204,""t"":5133},{""x"":586,""y"":222,""t"":5287},{""x"":678,""y"":231,""t"":5438},{""x"":706,""y"":231,""t"":5591},{""x"":771,""y"":215,""t"":5753},{""x"":709,""y"":176,""t"":5921},{""x"":701,""y"":135,""t"":6086},{""x"":729,""y"":122,""t"":6251},{""x"":866,""y"":37,""t"":6409},{""x"":935,""y"":-2,""t"":6562}]",1,0.0,1.0,pt_b-last,0
138,1,108,exp_55,1.0,398.8000000119209,0.49,0.32,6.9,8.2,higher_p,higher_m,0,1,attributes,1.0,True,3.381,2.624,0.7570000000000006,1.0364678509508771,0.5,0.5,0.4,0.6,1.0,1.0,higher_m,higher_m,False,"{""durations"":[1000,1500,1000,1500],""alternatives"":[""all"",""all"",""all"",""all""],""attributes"":[""p"",""m"",""p"",""m""]}","[{""x"":1071,""y"":117,""t"":-152},{""x"":1035,""y"":87,""t"":0},{""x"":896,""y"":152,""t"":173},{""x"":936,""y"":156,""t"":326},{""x"":917,""y"":213,""t"":608},{""x"":948,""y"":154,""t"":765},{""x"":868,""y"":151,""t"":911},{""x"":860,""y"":162,""t"":1060},{""x"":813,""y"":134,""t"":1213},{""x"":706,""y"":100,""t"":1367},{""x"":717,""y"":114,""t"":1516},{""x"":889,""y"":113,""t"":1663},{""x"":941,""y"":101,""t"":1812},{""x"":913,""y"":63,""t"":1966},{""x"":818,""y"":88,""t"":2112},{""x"":716,""y"":61,""t"":2263},{""x"":830,""y"":61,""t"":2411},{""x"":898,""y"":110,""t"":2560},{""x"":955,""y"":83,""t"":2704},{""x"":937,""y"":93,""t"":2857},{""x"":975,""y"":107,""t"":3009},{""x"":959,""y"":148,""t"":3159},{""x"":934,""y"":316,""t"":3316},{""x"":897,""y"":424,""t"":3479},{""x"":921,""y"":417,""t"":3631},{""x"":961,""y"":449,""t"":3775},{""x"":992,""y"":417,""t"":3923},{""x"":1009,""y"":338,""t"":4082},{""x"":972,""y"":256,""t"":4237},{""x"":987,""y"":258,""t"":4386},{""x"":1039,""y"":204,""t"":4534},{""x"":960,""y"":164,""t"":4682},{""x"":878,""y"":179,""t"":4832},{""x"":843,""y"":178,""t"":4981},{""x"":850,""y"":168,""t"":5128},{""x"":860,""y"":179,""t"":5278},{""x"":850,""y"":189,""t"":5428},{""x"":814,""y"":168,""t"":5572},{""x"":757,""y"":186,""t"":5716},{""x"":783,""y"":211,""t"":5878},{""x"":826,""y"":273,""t"":6025},{""x"":811,""y"":377,""t"":6184},{""x"":791,""y"":383,""t"":6335},{""x"":888,""y"":324,""t"":6482}]",1,0.0,1.0,pt_b-last,0
138,1,109,exp_92,1.0,383.4000000357628,0.5,0.38,3.0,4.0,higher_p,higher_m,0,1,alternatives,0.0,False,1.5,1.52,-0.02,0.2367304922727919,0.4,0.6,0.5,0.5,1.0,0.0,higher_m,higher_p,False,"{""durations"":[1500,1000,1500,1000],""alternatives"":[1,0,1,0],""attributes"":[""all"",""all"",""all"",""all""]}","[{""x"":793,""y"":177,""t"":-152},{""x"":797,""y"":210,""t"":0},{""x"":823,""y"":204,""t"":171},{""x"":852,""y"":192,""t"":380},{""x"":884,""y"":172,""t"":615},{""x"":992,""y"":145,""t"":777},{""x"":981,""y"":189,""t"":931},{""x"":882,""y"":181,""t"":1080},{""x"":788,""y"":187,""t"":1230},{""x"":784,""y"":155,""t"":1384},{""x"":739,""y"":148,""t"":1533},{""x"":695,""y"":130,""t"":1688},{""x"":667,""y"":157,""t"":1839},{""x"":630,""y"":129,""t"":1986},{""x"":638,""y"":168,""t"":2138},{""x"":692,""y"":248,""t"":2285},{""x"":845,""y"":327,""t"":2433},{""x"":904,""y"":360,""t"":2581},{""x"":990,""y"":423,""t"":2729},{""x"":1029,""y"":399,""t"":2882},{""x"":1120,""y"":363,""t"":3031},{""x"":1216,""y"":318,""t"":3178},{""x"":1270,""y"":271,""t"":3327},{""x"":1288,""y"":229,""t"":3478},{""x"":1292,""y"":245,""t"":3624},{""x"":1227,""y"":242,""t"":3768},{""x"":1024,""y"":226,""t"":3912},{""x"":883,""y"":199,""t"":4061},{""x"":806,""y"":162,""t"":4205},{""x"":682,""y"":156,""t"":4352},{""x"":599,""y"":165,""t"":4501},{""x"":501,""y"":131,""t"":4664},{""x"":515,""y"":111,""t"":4810},{""x"":566,""y"":110,""t"":4957},{""x"":647,""y"":229,""t"":5103},{""x"":701,""y"":230,""t"":5251},{""x"":760,""y"":245,""t"":5399},{""x"":766,""y"":284,""t"":5544},{""x"":808,""y"":310,""t"":5702},{""x"":882,""y"":338,""t"":5872},{""x"":886,""y"":331,""t"":6020},{""x"":990,""y"":304,""t"":6186},{""x"":950,""y"":264,""t"":6337},{""x"":960,""y"":293,""t"":6488}]",1,0.0,1.0,pt_b-last,0
138,1,110,catch_19,1.0,578.6999999880791,0.48,0.59,3.1,4.8,dominated,dominant,1,1,attributes,1.0,True,1.488,2.832,-1.344,-1.1260137328105846,0.5,0.5,0.5,0.5,,1.0,,dominant,True,"{""durations"":[1250,1250,1250,1250],""attributes"":[""p"",""m"",""p"",""m""],""alternatives"":[""all"",""all"",""all"",""all""]}","[{""x"":751,""y"":203,""t"":-150},{""x"":754,""y"":249,""t"":0},{""x"":785,""y"":223,""t"":174},{""x"":750,""y"":237,""t"":346},{""x"":685,""y"":211,""t"":663},{""x"":629,""y"":244,""t"":817},{""x"":600,""y"":281,""t"":964},{""x"":569,""y"":278,""t"":1116},{""x"":567,""y"":254,""t"":1263},{""x"":527,""y"":200,""t"":1416},{""x"":532,""y"":209,""t"":1570},{""x"":534,""y"":182,""t"":1714},{""x"":692,""y"":173,""t"":1863},{""x"":852,""y"":153,""t"":2010},{""x"":831,""y"":172,""t"":2160},{""x"":821,""y"":212,""t"":2304},{""x"":784,""y"":244,""t"":2451},{""x"":838,""y"":395,""t"":2599},{""x"":827,""y"":450,""t"":2749},{""x"":790,""y"":424,""t"":2906},{""x"":750,""y"":454,""t"":3052},{""x"":714,""y"":422,""t"":3210},{""x"":703,""y"":446,""t"":3374},{""x"":773,""y"":437,""t"":3520},{""x"":814,""y"":387,""t"":3673},{""x"":810,""y"":322,""t"":3827},{""x"":818,""y"":293,""t"":3977},{""x"":742,""y"":233,""t"":4125},{""x"":674,""y"":184,""t"":4276},{""x"":656,""y"":159,""t"":4428},{""x"":663,""y"":137,""t"":4570},{""x"":716,""y"":154,""t"":4710},{""x"":879,""y"":148,""t"":4853},{""x"":892,""y"":149,""t"":4996},{""x"":860,""y"":162,""t"":5146},{""x"":863,""y"":168,""t"":5286},{""x"":829,""y"":162,""t"":5448},{""x"":814,""y"":167,""t"":5596},{""x"":763,""y"":158,""t"":5748},{""x"":675,""y"":175,""t"":5893},{""x"":722,""y"":190,""t"":6034},{""x"":731,""y"":211,""t"":6177},{""x"":760,""y"":314,""t"":6325},{""x"":782,""y"":321,""t"":6472},{""x"":878,""y"":190,""t"":6614},{""x"":931,""y"":64,""t"":6756}]",1,0.0,1.0,pt_b-last,0
138,1,111,exp_97,1.0,764.5,0.58,0.38,4.9,6.9,higher_p,higher_m,0,1,attributes,1.0,True,2.842,2.6220000000000003,0.2199999999999997,0.4837536146444008,0.5,0.5,0.6,0.4,0.0,1.0,higher_p,higher_m,False,"{""durations"":[1500,1000,1500,1000],""alternatives"":[""all"",""all"",""all"",""all""],""attributes"":[""p"",""m"",""p"",""m""]}","[{""x"":1016,""y"":100,""t"":-147},{""x"":982,""y"":182,""t"":0},{""x"":1119,""y"":51,""t"":165},{""x"":1145,""y"":42,""t"":374},{""x"":1067,""y"":108,""t"":610},{""x"":997,""y"":195,""t"":766},{""x"":973,""y"":280,""t"":910},{""x"":846,""y"":252,""t"":1053},{""x"":800,""y"":253,""t"":1203},{""x"":794,""y"":264,""t"":1350},{""x"":802,""y"":205,""t"":1498},{""x"":809,""y"":167,""t"":1650},{""x"":757,""y"":181,""t"":1797},{""x"":770,""y"":154,""t"":1941},{""x"":872,""y"":143,""t"":2085},{""x"":889,""y"":135,""t"":2226},{""x"":814,""y"":114,""t"":2369},{""x"":841,""y"":75,""t"":2513},{""x"":921,""y"":65,""t"":2657},{""x"":942,""y"":46,""t"":2809},{""x"":1058,""y"":153,""t"":2956},{""x"":1016,""y"":176,""t"":3099},{""x"":995,""y"":195,""t"":3244},{""x"":921,""y"":197,""t"":3389},{""x"":873,""y"":207,""t"":3535},{""x"":874,""y"":203,""t"":3673},{""x"":881,""y"":182,""t"":3819},{""x"":943,""y"":183,""t"":3959},{""x"":1007,""y"":163,""t"":4105},{""x"":1058,""y"":156,""t"":4249},{""x"":1050,""y"":124,""t"":4388},{""x"":1082,""y"":105,""t"":4546},{""x"":1035,""y"":186,""t"":4689},{""x"":990,""y"":208,""t"":4829},{""x"":994,""y"":191,""t"":4971},{""x"":959,""y"":190,""t"":5113},{""x"":902,""y"":170,""t"":5258},{""x"":895,""y"":157,""t"":5405},{""x"":818,""y"":146,""t"":5554},{""x"":855,""y"":160,""t"":5722},{""x"":838,""y"":207,""t"":5866},{""x"":703,""y"":270,""t"":6014},{""x"":745,""y"":332,""t"":6181},{""x"":795,""y"":290,""t"":6327},{""x"":957,""y"":236,""t"":6487},{""x"":984,""y"":205,""t"":6633},{""x"":955,""y"":191,""t"":6776}]",1,0.0,1.0,pt_b-last,0
138,1,112,exp_7,1.0,581.6999999880791,0.79,0.49,5.300000000000001,8.3,higher_p,higher_m,0,1,attributes,1.0,True,4.187000000000001,4.067,0.120000000000001,0.3808273136562317,0.5,0.5,0.4,0.6,1.0,1.0,higher_m,higher_m,False,"{""durations"":[1000,1500,1000,1500],""alternatives"":[""all"",""all"",""all"",""all""],""attributes"":[""p"",""m"",""p"",""m""]}","[{""x"":846,""y"":164,""t"":-146},{""x"":829,""y"":203,""t"":0},{""x"":755,""y"":195,""t"":170},{""x"":796,""y"":239,""t"":370},{""x"":802,""y"":290,""t"":601},{""x"":777,""y"":307,""t"":745},{""x"":717,""y"":265,""t"":891},{""x"":715,""y"":297,""t"":1036},{""x"":698,""y"":326,""t"":1188},{""x"":734,""y"":290,""t"":1338},{""x"":693,""y"":332,""t"":1480},{""x"":728,""y"":326,""t"":1624},{""x"":819,""y"":302,""t"":1777},{""x"":875,""y"":300,""t"":1918},{""x"":949,""y"":269,""t"":2062},{""x"":999,""y"":221,""t"":2208},{""x"":947,""y"":362,""t"":2354},{""x"":928,""y"":450,""t"":2498},{""x"":935,""y"":496,""t"":2641},{""x"":949,""y"":486,""t"":2784},{""x"":999,""y"":451,""t"":2941},{""x"":1080,""y"":462,""t"":3097},{""x"":1093,""y"":452,""t"":3240},{""x"":1092,""y"":497,""t"":3379},{""x"":1070,""y"":511,""t"":3524},{""x"":1055,""y"":480,""t"":3670},{""x"":993,""y"":433,""t"":3820},{""x"":929,""y"":372,""t"":3963},{""x"":897,""y"":345,""t"":4121},{""x"":898,""y"":309,""t"":4268},{""x"":944,""y"":242,""t"":4413},{""x"":954,""y"":229,""t"":4555},{""x"":873,""y"":224,""t"":4692},{""x"":749,""y"":225,""t"":4839},{""x"":829,""y"":141,""t"":4980},{""x"":877,""y"":109,""t"":5124},{""x"":915,""y"":75,""t"":5271},{""x"":952,""y"":94,""t"":5409},{""x"":962,""y"":143,""t"":5552},{""x"":981,""y"":179,""t"":5701},{""x"":974,""y"":220,""t"":5851},{""x"":1037,""y"":189,""t"":5993},{""x"":1051,""y"":211,""t"":6134},{""x"":1033,""y"":289,""t"":6282},{""x"":1106,""y"":278,""t"":6431},{""x"":1128,""y"":245,""t"":6576},{""x"":1174,""y"":248,""t"":6717}]",1,0.0,1.0,pt_b-last,0
138,1,113,exp_11,1.0,388.8999999761581,0.7,0.29,1.7999999999999998,5.0,higher_p,higher_m,0,1,attributes,1.0,True,1.2599999999999998,1.45,-0.1900000000000001,0.061755780592902,0.5,0.5,0.6,0.4,0.0,0.0,higher_p,higher_p,False,"{""durations"":[1000,1500,1000,1500],""alternatives"":[""all"",""all"",""all"",""all""],""attributes"":[""m"",""p"",""m"",""p""]}","[{""x"":886,""y"":136,""t"":-147},{""x"":789,""y"":72,""t"":0},{""x"":774,""y"":108,""t"":170},{""x"":715,""y"":56,""t"":377},{""x"":771,""y"":74,""t"":626},{""x"":863,""y"":89,""t"":767},{""x"":896,""y"":93,""t"":914},{""x"":931,""y"":131,""t"":1060},{""x"":898,""y"":148,""t"":1213},{""x"":937,""y"":145,""t"":1368},{""x"":948,""y"":145,""t"":1513},{""x"":960,""y"":143,""t"":1662},{""x"":945,""y"":119,""t"":1805},{""x"":817,""y"":120,""t"":1953},{""x"":690,""y"":87,""t"":2102},{""x"":641,""y"":115,""t"":2247},{""x"":731,""y"":139,""t"":2392},{""x"":837,""y"":182,""t"":2540},{""x"":930,""y"":152,""t"":2686},{""x"":993,""y"":181,""t"":2831},{""x"":1070,""y"":185,""t"":2987},{""x"":1029,""y"":217,""t"":3133},{""x"":989,""y"":274,""t"":3282},{""x"":973,""y"":232,""t"":3424},{""x"":870,""y"":216,""t"":3570},{""x"":786,""y"":191,""t"":3716},{""x"":754,""y"":160,""t"":3863},{""x"":786,""y"":126,""t"":4009},{""x"":761,""y"":93,""t"":4168},{""x"":788,""y"":72,""t"":4312},{""x"":716,""y"":96,""t"":4458},{""x"":764,""y"":83,""t"":4606},{""x"":813,""y"":106,""t"":4752},{""x"":847,""y"":103,""t"":4897},{""x"":848,""y"":95,""t"":5044},{""x"":861,""y"":123,""t"":5195},{""x"":886,""y"":158,""t"":5348},{""x"":897,""y"":150,""t"":5509},{""x"":906,""y"":145,""t"":5658},{""x"":897,""y"":126,""t"":5818},{""x"":859,""y"":135,""t"":5962},{""x"":806,""y"":158,""t"":6116},{""x"":884,""y"":141,""t"":6270},{""x"":806,""y"":226,""t"":6422}]",1,0.0,1.0,pt_b-last,0
138,1,114,exp_103,1.0,452.10000002384186,0.58,0.38,4.9,6.9,higher_p,higher_m,0,1,attributes,1.0,True,2.842,2.6220000000000003,0.2199999999999997,0.4837536146444008,0.5,0.5,0.4,0.6,1.0,1.0,higher_m,higher_m,False,"{""durations"":[1000,1500,1000,1500],""alternatives"":[""all"",""all"",""all"",""all""],""attributes"":[""p"",""m"",""p"",""m""]}","[{""x"":679,""y"":227,""t"":-151},{""x"":716,""y"":202,""t"":0},{""x"":730,""y"":220,""t"":177},{""x"":730,""y"":241,""t"":334},{""x"":694,""y"":303,""t"":560},{""x"":728,""y"":409,""t"":785},{""x"":699,""y"":431,""t"":934},{""x"":646,""y"":372,""t"":1083},{""x"":666,""y"":450,""t"":1244},{""x"":671,""y"":534,""t"":1395},{""x"":654,""y"":507,""t"":1538},{""x"":723,""y"":487,""t"":1689},{""x"":815,""y"":461,""t"":1843},{""x"":901,""y"":444,""t"":1989},{""x"":941,""y"":414,""t"":2134},{""x"":883,""y"":367,""t"":2283},{""x"":950,""y"":311,""t"":2432},{""x"":1050,""y"":295,""t"":2589},{""x"":1129,""y"":257,""t"":2753},{""x"":1157,""y"":217,""t"":2947},{""x"":1163,""y"":169,""t"":3094},{""x"":1149,""y"":214,""t"":3244},{""x"":1103,""y"":259,""t"":3397},{""x"":981,""y"":287,""t"":3544},{""x"":893,""y"":301,""t"":3692},{""x"":788,""y"":323,""t"":3843},{""x"":764,""y"":318,""t"":3998},{""x"":726,""y"":302,""t"":4152},{""x"":796,""y"":248,""t"":4299},{""x"":844,""y"":222,""t"":4447},{""x"":912,""y"":224,""t"":4600},{""x"":888,""y"":217,""t"":4750},{""x"":861,""y"":210,""t"":4893},{""x"":849,""y"":220,""t"":5037},{""x"":799,""y"":278,""t"":5188},{""x"":799,""y"":246,""t"":5336},{""x"":738,""y"":244,""t"":5483},{""x"":733,""y"":260,""t"":5636},{""x"":737,""y"":263,""t"":5792},{""x"":677,""y"":277,""t"":5940},{""x"":683,""y"":253,""t"":6089},{""x"":755,""y"":244,""t"":6245},{""x"":803,""y"":263,""t"":6394}]",1,0.0,1.0,pt_b-last,0
138,1,115,exp_14,1.0,391.8000000119209,0.7,0.29,1.7999999999999998,5.0,higher_p,higher_m,0,1,alternatives,0.0,False,1.2599999999999998,1.45,-0.1900000000000001,0.061755780592902,0.4,0.6,0.5,0.5,1.0,1.0,higher_m,higher_m,False,"{""durations"":[1000,1500,1000,1500],""alternatives"":[0,1,0,1],""attributes"":[""all"",""all"",""all"",""all""]}","[{""x"":722,""y"":242,""t"":-163},{""x"":713,""y"":284,""t"":0},{""x"":745,""y"":271,""t"":191},{""x"":637,""y"":292,""t"":365},{""x"":646,""y"":219,""t"":657},{""x"":776,""y"":228,""t"":817},{""x"":830,""y"":264,""t"":976},{""x"":860,""y"":227,""t"":1134},{""x"":930,""y"":213,""t"":1295},{""x"":977,""y"":222,""t"":1447},{""x"":925,""y"":198,""t"":1593},{""x"":969,""y"":214,""t"":1739},{""x"":971,""y"":187,""t"":1894},{""x"":1034,""y"":213,""t"":2046},{""x"":991,""y"":230,""t"":2202},{""x"":930,""y"":213,""t"":2354},{""x"":898,""y"":236,""t"":2504},{""x"":886,""y"":215,""t"":2658},{""x"":808,""y"":186,""t"":2808},{""x"":709,""y"":194,""t"":2975},{""x"":665,""y"":213,""t"":3132},{""x"":629,""y"":218,""t"":3291},{""x"":671,""y"":211,""t"":3440},{""x"":773,""y"":269,""t"":3594},{""x"":800,""y"":283,""t"":3748},{""x"":795,""y"":288,""t"":3897},{""x"":810,""y"":258,""t"":4050},{""x"":904,""y"":245,""t"":4215},{""x"":935,""y"":210,""t"":4361},{""x"":973,""y"":202,""t"":4510},{""x"":915,""y"":246,""t"":4659},{""x"":885,""y"":244,""t"":4809},{""x"":863,""y"":263,""t"":4958},{""x"":856,""y"":261,""t"":5105},{""x"":830,""y"":282,""t"":5264},{""x"":819,""y"":282,""t"":5426},{""x"":793,""y"":268,""t"":5582},{""x"":755,""y"":271,""t"":5737},{""x"":760,""y"":266,""t"":5899},{""x"":760,""y"":300,""t"":6055},{""x"":762,""y"":405,""t"":6218},{""x"":842,""y"":453,""t"":6369},{""x"":858,""y"":475,""t"":6517}]",1,0.0,1.0,pt_b-last,0
138,1,116,exp_62,1.0,605.6999999880791,0.41,0.21,1.7999999999999998,6.2,higher_p,higher_m,0,1,alternatives,0.0,False,0.7379999999999999,1.302,-0.5640000000000002,-0.3231885851028555,0.4,0.6,0.5,0.5,1.0,1.0,higher_m,higher_m,False,"{""durations"":[1000,1500,1000,1500],""alternatives"":[0,1,0,1],""attributes"":[""all"",""all"",""all"",""all""]}","[{""x"":893,""y"":370,""t"":-153},{""x"":908,""y"":339,""t"":0},{""x"":891,""y"":297,""t"":178},{""x"":807,""y"":284,""t"":465},{""x"":749,""y"":329,""t"":618},{""x"":665,""y"":314,""t"":769},{""x"":665,""y"":334,""t"":922},{""x"":739,""y"":322,""t"":1069},{""x"":832,""y"":307,""t"":1226},{""x"":866,""y"":292,""t"":1383},{""x"":914,""y"":310,""t"":1533},{""x"":1020,""y"":270,""t"":1682},{""x"":1055,""y"":260,""t"":1836},{""x"":936,""y"":302,""t"":1987},{""x"":937,""y"":451,""t"":2133},{""x"":945,""y"":501,""t"":2281},{""x"":983,""y"":490,""t"":2433},{""x"":964,""y"":462,""t"":2586},{""x"":952,""y"":391,""t"":2751},{""x"":940,""y"":387,""t"":2921},{""x"":936,""y"":380,""t"":3081},{""x"":910,""y"":357,""t"":3230},{""x"":817,""y"":331,""t"":3380},{""x"":810,""y"":254,""t"":3530},{""x"":823,""y"":242,""t"":3686},{""x"":825,""y"":220,""t"":3833},{""x"":828,""y"":227,""t"":3982},{""x"":843,""y"":191,""t"":4137},{""x"":859,""y"":137,""t"":4298},{""x"":874,""y"":217,""t"":4447},{""x"":873,""y"":218,""t"":4595},{""x"":845,""y"":236,""t"":4752},{""x"":822,""y"":239,""t"":4900},{""x"":841,""y"":259,""t"":5049},{""x"":854,""y"":208,""t"":5198},{""x"":878,""y"":240,""t"":5350},{""x"":901,""y"":219,""t"":5499},{""x"":920,""y"":259,""t"":5652},{""x"":967,""y"":289,""t"":5811},{""x"":975,""y"":267,""t"":5964},{""x"":987,""y"":256,""t"":6113},{""x"":928,""y"":287,""t"":6262},{""x"":923,""y"":286,""t"":6418},{""x"":908,""y"":314,""t"":6578},{""x"":945,""y"":345,""t"":6728}]",1,0.0,1.0,pt_b-last,0
138,1,117,exp_51,1.0,626.1999999880791,0.49,0.32,6.9,8.2,higher_p,higher_m,0,1,attributes,1.0,True,3.381,2.624,0.7570000000000006,1.0364678509508771,0.5,0.5,0.6,0.4,0.0,0.0,higher_p,higher_p,False,"{""durations"":[1000,1500,1000,1500],""alternatives"":[""all"",""all"",""all"",""all""],""attributes"":[""m"",""p"",""m"",""p""]}","[{""x"":944,""y"":227,""t"":-174},{""x"":891,""y"":252,""t"":1},{""x"":718,""y"":286,""t"":172},{""x"":685,""y"":269,""t"":330},{""x"":644,""y"":230,""t"":487},{""x"":654,""y"":210,""t"":779},{""x"":716,""y"":135,""t"":940},{""x"":605,""y"":128,""t"":1093},{""x"":494,""y"":136,""t"":1257},{""x"":470,""y"":142,""t"":1408},{""x"":537,""y"":145,""t"":1560},{""x"":577,""y"":167,""t"":1712},{""x"":589,""y"":329,""t"":1864},{""x"":665,""y"":390,""t"":2022},{""x"":677,""y"":490,""t"":2171},{""x"":728,""y"":504,""t"":2318},{""x"":884,""y"":454,""t"":2468},{""x"":844,""y"":430,""t"":2620},{""x"":786,""y"":393,""t"":2770},{""x"":815,""y"":376,""t"":2933},{""x"":865,""y"":333,""t"":3086},{""x"":882,""y"":288,""t"":3236},{""x"":837,""y"":237,""t"":3387},{""x"":779,""y"":192,""t"":3537},{""x"":696,""y"":183,""t"":3688},{""x"":655,""y"":168,""t"":3849},{""x"":637,""y"":167,""t"":4014},{""x"":577,""y"":169,""t"":4179},{""x"":633,""y"":192,""t"":4334},{""x"":641,""y"":238,""t"":4486},{""x"":615,""y"":243,""t"":4646},{""x"":714,""y"":198,""t"":4809},{""x"":720,""y"":223,""t"":4983},{""x"":717,""y"":190,""t"":5146},{""x"":726,""y"":175,""t"":5301},{""x"":705,""y"":135,""t"":5463},{""x"":693,""y"":99,""t"":5622},{""x"":727,""y"":110,""t"":5792},{""x"":670,""y"":132,""t"":5949},{""x"":702,""y"":187,""t"":6103},{""x"":723,""y"":199,""t"":6252},{""x"":741,""y"":209,""t"":6416},{""x"":779,""y"":216,""t"":6573},{""x"":770,""y"":164,""t"":6725}]",1,0.0,1.0,pt_b-last,0
138,1,118,catch_11,1.0,483.0999999642372,0.18,0.58,1.6999999999999995,5.0,dominated,dominant,1,1,attributes,1.0,True,0.3059999999999999,2.9,-2.594,-2.412592495162716,0.5,0.5,0.5,0.5,,1.0,,dominant,True,"{""durations"":[1250,1250,1250,1250],""attributes"":[""p"",""m"",""p"",""m""],""alternatives"":[""all"",""all"",""all"",""all""]}","[{""x"":876,""y"":300,""t"":-156},{""x"":944,""y"":277,""t"":0},{""x"":874,""y"":280,""t"":194},{""x"":824,""y"":277,""t"":503},{""x"":881,""y"":294,""t"":663},{""x"":945,""y"":300,""t"":815},{""x"":973,""y"":297,""t"":974},{""x"":957,""y"":248,""t"":1130},{""x"":966,""y"":271,""t"":1292},{""x"":973,""y"":250,""t"":1452},{""x"":992,""y"":248,""t"":1611},{""x"":998,""y"":244,""t"":1763},{""x"":927,""y"":249,""t"":1917},{""x"":754,""y"":244,""t"":2088},{""x"":732,""y"":263,""t"":2253},{""x"":755,""y"":339,""t"":2410},{""x"":720,""y"":339,""t"":2567},{""x"":715,""y"":417,""t"":2724},{""x"":714,""y"":416,""t"":2892},{""x"":701,""y"":444,""t"":3060},{""x"":648,""y"":452,""t"":3221},{""x"":630,""y"":401,""t"":3381},{""x"":690,""y"":353,""t"":3540},{""x"":681,""y"":329,""t"":3694},{""x"":695,""y"":303,""t"":3855},{""x"":694,""y"":297,""t"":4028},{""x"":665,""y"":293,""t"":4193},{""x"":654,""y"":294,""t"":4354},{""x"":636,""y"":295,""t"":4523},{""x"":657,""y"":308,""t"":4676},{""x"":673,""y"":295,""t"":4834},{""x"":633,""y"":267,""t"":4988},{""x"":671,""y"":275,""t"":5146},{""x"":659,""y"":284,""t"":5304},{""x"":668,""y"":288,""t"":5461},{""x"":697,""y"":300,""t"":5618},{""x"":812,""y"":263,""t"":5782},{""x"":752,""y"":295,""t"":5945},{""x"":774,""y"":319,""t"":6103},{""x"":718,""y"":300,""t"":6265},{""x"":884,""y"":235,""t"":6430},{""x"":960,""y"":-5,""t"":6587}]",1,0.0,1.0,pt_b-last,0
138,1,119,exp_34,1.0,628.5,0.79,0.7,2.0,3.2,higher_p,higher_m,0,1,alternatives,0.0,False,1.58,2.24,-0.6599999999999997,-0.4219978340514986,0.6,0.4,0.5,0.5,0.0,0.0,higher_p,higher_p,False,"{""durations"":[1000,1500,1000,1500],""alternatives"":[1,0,1,0],""attributes"":[""all"",""all"",""all"",""all""]}","[{""x"":1141,""y"":-37,""t"":-161},{""x"":998,""y"":31,""t"":0},{""x"":993,""y"":41,""t"":186},{""x"":1017,""y"":112,""t"":495},{""x"":1019,""y"":161,""t"":656},{""x"":1007,""y"":300,""t"":815},{""x"":930,""y"":359,""t"":976},{""x"":803,""y"":347,""t"":1131},{""x"":790,""y"":280,""t"":1301},{""x"":682,""y"":281,""t"":1461},{""x"":567,""y"":211,""t"":1616},{""x"":576,""y"":198,""t"":1776},{""x"":641,""y"":238,""t"":1935},{""x"":616,""y"":299,""t"":2090},{""x"":714,""y"":296,""t"":2245},{""x"":731,""y"":281,""t"":2408},{""x"":810,""y"":244,""t"":2566},{""x"":862,""y"":254,""t"":2746},{""x"":866,""y"":254,""t"":2915},{""x"":891,""y"":217,""t"":3074},{""x"":905,""y"":240,""t"":3234},{""x"":886,""y"":226,""t"":3392},{""x"":872,""y"":233,""t"":3548},{""x"":880,""y"":247,""t"":3709},{""x"":897,""y"":288,""t"":3870},{""x"":934,""y"":276,""t"":4026},{""x"":897,""y"":294,""t"":4196},{""x"":933,""y"":316,""t"":4349},{""x"":923,""y"":298,""t"":4510},{""x"":901,""y"":274,""t"":4679},{""x"":875,""y"":253,""t"":4840},{""x"":859,""y"":273,""t"":4995},{""x"":857,""y"":291,""t"":5152},{""x"":846,""y"":335,""t"":5309},{""x"":856,""y"":316,""t"":5465},{""x"":809,""y"":318,""t"":5621},{""x"":826,""y"":327,""t"":5813},{""x"":786,""y"":307,""t"":5971},{""x"":718,""y"":330,""t"":6131},{""x"":750,""y"":379,""t"":6284},{""x"":802,""y"":407,""t"":6441},{""x"":766,""y"":418,""t"":6603},{""x"":822,""y"":360,""t"":6759}]",1,0.0,1.0,pt_b-last,0
138,1,120,exp_44,1.0,730.0,0.81,0.48,1.6999999999999995,7.9,higher_p,higher_m,0,1,alternatives,0.0,False,1.3769999999999998,3.792,-2.415,-2.2283544163938904,0.4,0.6,0.5,0.5,1.0,0.0,higher_m,higher_p,False,"{""durations"":[1500,1000,1500,1000],""alternatives"":[1,0,1,0],""attributes"":[""all"",""all"",""all"",""all""]}","[{""x"":718,""y"":259,""t"":-160},{""x"":646,""y"":246,""t"":0},{""x"":658,""y"":261,""t"":188},{""x"":695,""y"":281,""t"":489},{""x"":770,""y"":272,""t"":643},{""x"":787,""y"":277,""t"":797},{""x"":857,""y"":283,""t"":953},{""x"":924,""y"":299,""t"":1107},{""x"":854,""y"":252,""t"":1271},{""x"":788,""y"":256,""t"":1427},{""x"":735,""y"":239,""t"":1584},{""x"":705,""y"":208,""t"":1758},{""x"":776,""y"":198,""t"":1934},{""x"":725,""y"":214,""t"":2093},{""x"":670,""y"":231,""t"":2250},{""x"":729,""y"":221,""t"":2404},{""x"":803,""y"":162,""t"":2775},{""x"":884,""y"":175,""t"":2971},{""x"":928,""y"":189,""t"":3135},{""x"":988,""y"":219,""t"":3291},{""x"":940,""y"":213,""t"":3449},{""x"":889,""y"":240,""t"":3606},{""x"":883,""y"":239,""t"":3761},{""x"":804,""y"":220,""t"":3920},{""x"":817,""y"":267,""t"":4071},{""x"":770,""y"":278,""t"":4232},{""x"":768,""y"":318,""t"":4389},{""x"":716,""y"":313,""t"":4546},{""x"":736,""y"":290,""t"":4712},{""x"":721,""y"":301,""t"":4872},{""x"":701,""y"":293,""t"":5029},{""x"":689,""y"":254,""t"":5184},{""x"":702,""y"":302,""t"":5340},{""x"":736,""y"":370,""t"":5496},{""x"":710,""y"":373,""t"":5654},{""x"":701,""y"":379,""t"":5816},{""x"":713,""y"":333,""t"":5986},{""x"":704,""y"":334,""t"":6144},{""x"":635,""y"":351,""t"":6303},{""x"":736,""y"":411,""t"":6458},{""x"":832,""y"":384,""t"":6620},{""x"":830,""y"":407,""t"":6779},{""x"":819,""y"":387,""t"":6929}]",1,0.0,1.0,pt_b-last,0
138,1,121,exp_79,1.0,509.5,0.8,0.2,4.0,6.799999999999999,higher_p,higher_m,0,1,attributes,1.0,True,3.2,1.36,1.8400000000000003,2.151159690652763,0.5,0.5,0.4,0.6,1.0,1.0,higher_m,higher_m,False,"{""durations"":[1000,1500,1000,1500],""alternatives"":[""all"",""all"",""all"",""all""],""attributes"":[""p"",""m"",""p"",""m""]}","[{""x"":875,""y"":199,""t"":-167},{""x"":820,""y"":185,""t"":0},{""x"":756,""y"":287,""t"":189},{""x"":715,""y"":340,""t"":421},{""x"":656,""y"":346,""t"":649},{""x"":563,""y"":283,""t"":808},{""x"":561,""y"":363,""t"":973},{""x"":563,""y"":373,""t"":1133},{""x"":539,""y"":388,""t"":1311},{""x"":475,""y"":379,""t"":1477},{""x"":583,""y"":370,""t"":1637},{""x"":661,""y"":342,""t"":1799},{""x"":675,""y"":434,""t"":1959},{""x"":679,""y"":528,""t"":2120},{""x"":715,""y"":518,""t"":2280},{""x"":734,""y"":515,""t"":2441},{""x"":644,""y"":432,""t"":2603},{""x"":699,""y"":366,""t"":2765},{""x"":756,""y"":312,""t"":2934},{""x"":671,""y"":252,""t"":3101},{""x"":627,""y"":206,""t"":3265},{""x"":665,""y"":178,""t"":3425},{""x"":693,""y"":192,""t"":3585},{""x"":742,""y"":200,""t"":3751},{""x"":714,""y"":152,""t"":3911},{""x"":700,""y"":146,""t"":4078},{""x"":685,""y"":161,""t"":4247},{""x"":743,""y"":143,""t"":4408},{""x"":726,""y"":192,""t"":4574},{""x"":719,""y"":176,""t"":4732},{""x"":688,""y"":225,""t"":4892},{""x"":657,""y"":266,""t"":5055},{""x"":641,""y"":280,""t"":5214},{""x"":620,""y"":263,""t"":5375},{""x"":593,""y"":269,""t"":5536},{""x"":608,""y"":277,""t"":5696},{""x"":620,""y"":255,""t"":5881},{""x"":609,""y"":244,""t"":6046},{""x"":661,""y"":258,""t"":6204},{""x"":777,""y"":234,""t"":6381},{""x"":852,""y"":146,""t"":6547}]",1,0.0,1.0,pt_b-last,0
138,1,122,exp_100,1.0,1098.899999976158,0.58,0.38,4.9,6.9,higher_p,higher_m,0,1,alternatives,0.0,False,2.842,2.6220000000000003,0.2199999999999997,0.4837536146444008,0.4,0.6,0.5,0.5,1.0,0.0,higher_m,higher_p,False,"{""durations"":[1500,1000,1500,1000],""alternatives"":[1,0,1,0],""attributes"":[""all"",""all"",""all"",""all""]}","[{""x"":668,""y"":112,""t"":-241},{""x"":642,""y"":167,""t"":-78},{""x"":680,""y"":170,""t"":0},{""x"":730,""y"":173,""t"":196},{""x"":760,""y"":216,""t"":575},{""x"":837,""y"":202,""t"":780},{""x"":932,""y"":226,""t"":943},{""x"":887,""y"":186,""t"":1117},{""x"":901,""y"":160,""t"":1288},{""x"":842,""y"":137,""t"":1460},{""x"":732,""y"":129,""t"":1632},{""x"":596,""y"":95,""t"":1810},{""x"":544,""y"":121,""t"":2006},{""x"":509,""y"":225,""t"":2169},{""x"":574,""y"":225,""t"":2338},{""x"":617,""y"":346,""t"":2504},{""x"":676,""y"":458,""t"":2666},{""x"":736,""y"":570,""t"":2836},{""x"":826,""y"":604,""t"":3012},{""x"":877,""y"":569,""t"":3184},{""x"":877,""y"":563,""t"":3347},{""x"":842,""y"":491,""t"":3516},{""x"":791,""y"":434,""t"":3686},{""x"":788,""y"":344,""t"":3846},{""x"":799,""y"":287,""t"":4029},{""x"":801,""y"":248,""t"":4196},{""x"":769,""y"":210,""t"":4361},{""x"":780,""y"":221,""t"":4527},{""x"":731,""y"":198,""t"":4704},{""x"":692,""y"":158,""t"":4870},{""x"":559,""y"":177,""t"":5071},{""x"":486,""y"":189,""t"":5238},{""x"":433,""y"":201,""t"":5401},{""x"":476,""y"":226,""t"":5566},{""x"":539,""y"":227,""t"":5732},{""x"":586,""y"":255,""t"":5903},{""x"":666,""y"":234,""t"":6073},{""x"":771,""y"":233,""t"":6235},{""x"":854,""y"":203,""t"":6398},{""x"":923,""y"":207,""t"":6564},{""x"":972,""y"":193,""t"":6727},{""x"":909,""y"":194,""t"":6900},{""x"":1015,""y"":179,""t"":7075},{""x"":823,""y"":212,""t"":7240}]",1,0.0,1.0,pt_b-last,0
138,1,123,exp_49,1.0,533.8000000119209,0.49,0.32,6.9,8.2,higher_p,higher_m,0,1,attributes,1.0,True,3.381,2.624,0.7570000000000006,1.0364678509508771,0.5,0.5,0.6,0.4,0.0,1.0,higher_p,higher_m,False,"{""durations"":[1500,1000,1500,1000],""alternatives"":[""all"",""all"",""all"",""all""],""attributes"":[""p"",""m"",""p"",""m""]}","[{""x"":574,""y"":280,""t"":-164},{""x"":576,""y"":274,""t"":0},{""x"":637,""y"":308,""t"":193},{""x"":591,""y"":283,""t"":363},{""x"":583,""y"":342,""t"":687},{""x"":646,""y"":308,""t"":857},{""x"":624,""y"":256,""t"":1018},{""x"":702,""y"":257,""t"":1207},{""x"":736,""y"":225,""t"":1367},{""x"":729,""y"":223,""t"":1531},{""x"":673,""y"":226,""t"":1698},{""x"":611,""y"":242,""t"":1875},{""x"":572,""y"":239,""t"":2041},{""x"":640,""y"":243,""t"":2210},{""x"":690,""y"":245,""t"":2370},{""x"":638,""y"":218,""t"":2531},{""x"":584,""y"":288,""t"":2696},{""x"":620,""y"":349,""t"":2868},{""x"":640,""y"":412,""t"":3040},{""x"":618,""y"":473,""t"":3205},{""x"":625,""y"":508,""t"":3365},{""x"":601,""y"":489,""t"":3532},{""x"":592,""y"":466,""t"":3703},{""x"":588,""y"":497,""t"":3871},{""x"":593,""y"":428,""t"":4045},{""x"":602,""y"":453,""t"":4211},{""x"":615,""y"":363,""t"":4382},{""x"":605,""y"":356,""t"":4559},{""x"":631,""y"":318,""t"":4739},{""x"":650,""y"":279,""t"":4912},{""x"":792,""y"":283,""t"":5083},{""x"":824,""y"":262,""t"":5255},{""x"":801,""y"":235,""t"":5423},{""x"":759,""y"":229,""t"":5597},{""x"":790,""y"":233,""t"":5776},{""x"":788,""y"":188,""t"":5956},{""x"":730,""y"":182,""t"":6127},{""x"":701,""y"":216,""t"":6310},{""x"":739,""y"":257,""t"":6482},{""x"":896,""y"":260,""t"":6653}]",1,0.0,1.0,pt_b-last,0
138,1,124,exp_2,1.0,360.3999999761581,0.79,0.49,5.300000000000001,8.3,higher_p,higher_m,0,1,alternatives,0.0,False,4.187000000000001,4.067,0.120000000000001,0.3808273136562317,0.6,0.4,0.5,0.5,0.0,0.0,higher_p,higher_p,False,"{""durations"":[1000,1500,1000,1500],""alternatives"":[1,0,1,0],""attributes"":[""all"",""all"",""all"",""all""]}","[{""x"":780,""y"":149,""t"":-171},{""x"":813,""y"":73,""t"":0},{""x"":737,""y"":191,""t"":218},{""x"":784,""y"":121,""t"":539},{""x"":693,""y"":69,""t"":804},{""x"":682,""y"":41,""t"":981},{""x"":752,""y"":32,""t"":1157},{""x"":779,""y"":50,""t"":1348},{""x"":861,""y"":50,""t"":1520},{""x"":873,""y"":76,""t"":1707},{""x"":744,""y"":235,""t"":1877},{""x"":691,""y"":373,""t"":2074},{""x"":693,""y"":372,""t"":2254},{""x"":639,""y"":310,""t"":2428},{""x"":639,""y"":292,""t"":2598},{""x"":578,""y"":272,""t"":2795},{""x"":591,""y"":222,""t"":2971},{""x"":650,""y"":218,""t"":3156},{""x"":617,""y"":268,""t"":3326},{""x"":646,""y"":188,""t"":3507},{""x"":651,""y"":170,""t"":3676},{""x"":688,""y"":137,""t"":3848},{""x"":689,""y"":136,""t"":4019},{""x"":742,""y"":122,""t"":4198},{""x"":819,""y"":162,""t"":4373},{""x"":853,""y"":168,""t"":4540},{""x"":796,""y"":136,""t"":4719},{""x"":797,""y"":121,""t"":4889},{""x"":724,""y"":129,""t"":5064},{""x"":765,""y"":88,""t"":5238},{""x"":824,""y"":121,""t"":5409},{""x"":810,""y"":152,""t"":5580},{""x"":831,""y"":137,""t"":5746},{""x"":829,""y"":120,""t"":5928},{""x"":794,""y"":143,""t"":6112},{""x"":762,""y"":253,""t"":6288},{""x"":884,""y"":240,""t"":6470},{""x"":804,""y"":219,""t"":6642}]",1,0.0,1.0,pt_b-last,0
138,1,125,exp_111,1.0,426.0,0.78,0.4,2.1,3.0,higher_p,higher_m,0,1,attributes,1.0,True,1.638,1.2000000000000002,0.4379999999999999,0.7081329507986127,0.5,0.5,0.4,0.6,1.0,1.0,higher_m,higher_m,False,"{""durations"":[1000,1500,1000,1500],""alternatives"":[""all"",""all"",""all"",""all""],""attributes"":[""p"",""m"",""p"",""m""]}","[{""x"":1089,""y"":137,""t"":-176},{""x"":1066,""y"":100,""t"":0},{""x"":962,""y"":30,""t"":198},{""x"":883,""y"":49,""t"":383},{""x"":878,""y"":67,""t"":553},{""x"":838,""y"":73,""t"":873},{""x"":844,""y"":72,""t"":1046},{""x"":725,""y"":144,""t"":1226},{""x"":589,""y"":172,""t"":1406},{""x"":568,""y"":206,""t"":1579},{""x"":621,""y"":258,""t"":1748},{""x"":618,""y"":282,""t"":1915},{""x"":595,""y"":305,""t"":2084},{""x"":605,""y"":323,""t"":2254},{""x"":525,""y"":297,""t"":2424},{""x"":528,""y"":313,""t"":2590},{""x"":551,""y"":329,""t"":2755},{""x"":622,""y"":360,""t"":2929},{""x"":630,""y"":361,""t"":3108},{""x"":554,""y"":401,""t"":3286},{""x"":460,""y"":393,""t"":3457},{""x"":442,""y"":397,""t"":3627},{""x"":417,""y"":377,""t"":3793},{""x"":374,""y"":362,""t"":3964},{""x"":447,""y"":355,""t"":4134},{""x"":431,""y"":371,""t"":4310},{""x"":436,""y"":371,""t"":4479},{""x"":409,""y"":349,""t"":4647},{""x"":437,""y"":298,""t"":4823},{""x"":500,""y"":295,""t"":4991},{""x"":522,""y"":292,""t"":5161},{""x"":464,""y"":351,""t"":5331},{""x"":535,""y"":377,""t"":5506},{""x"":548,""y"":395,""t"":5677},{""x"":613,""y"":362,""t"":5849},{""x"":626,""y"":399,""t"":6026},{""x"":608,""y"":343,""t"":6197},{""x"":683,""y"":390,""t"":6387},{""x"":800,""y"":350,""t"":6554}]",1,8.515907917263842e-306,1.0,pt_b-last,0
138,1,126,catch_10,1.0,498.1999999880791,0.31,0.51,1.6999999999999995,3.2,dominated,dominant,1,1,alternatives,0.0,False,0.5269999999999999,1.632,-1.1050000000000002,-0.8800198734488577,0.5,0.5,0.5,0.5,,1.0,,dominant,True,"{""durations"":[1250,1250,1250,1250],""attributes"":[""all"",""all"",""all"",""all""],""alternatives"":[0,1,0,1]}","[{""x"":964,""y"":299,""t"":-175},{""x"":922,""y"":333,""t"":0},{""x"":807,""y"":379,""t"":203},{""x"":763,""y"":355,""t"":532},{""x"":724,""y"":328,""t"":705},{""x"":600,""y"":332,""t"":865},{""x"":593,""y"":357,""t"":1033},{""x"":671,""y"":349,""t"":1208},{""x"":740,""y"":327,""t"":1382},{""x"":792,""y"":338,""t"":1568},{""x"":864,""y"":289,""t"":1728},{""x"":885,""y"":277,""t"":1938},{""x"":860,""y"":245,""t"":2106},{""x"":878,""y"":303,""t"":2270},{""x"":871,""y"":309,""t"":2430},{""x"":902,""y"":291,""t"":2605},{""x"":851,""y"":309,""t"":2763},{""x"":776,""y"":325,""t"":2929},{""x"":821,""y"":314,""t"":3093},{""x"":712,""y"":327,""t"":3253},{""x"":636,""y"":290,""t"":3425},{""x"":609,""y"":297,""t"":3588},{""x"":588,""y"":256,""t"":3751},{""x"":640,""y"":274,""t"":3917},{""x"":704,""y"":275,""t"":4070},{""x"":765,""y"":281,""t"":4233},{""x"":831,""y"":280,""t"":4395},{""x"":880,""y"":218,""t"":4560},{""x"":888,""y"":191,""t"":4727},{""x"":877,""y"":189,""t"":4884},{""x"":893,""y"":175,""t"":5044},{""x"":892,""y"":222,""t"":5210},{""x"":834,""y"":216,""t"":5372},{""x"":815,""y"":205,""t"":5535},{""x"":855,""y"":181,""t"":5700},{""x"":817,""y"":205,""t"":5867},{""x"":808,""y"":217,""t"":6039},{""x"":773,""y"":271,""t"":6199},{""x"":788,""y"":329,""t"":6369},{""x"":777,""y"":342,""t"":6537},{""x"":723,""y"":389,""t"":6696}]",1,0.0,1.0,pt_b-last,0
138,1,127,exp_63,1.0,524.0,0.41,0.21,1.7999999999999998,6.2,higher_p,higher_m,0,1,attributes,1.0,True,0.7379999999999999,1.302,-0.5640000000000002,-0.3231885851028555,0.5,0.5,0.4,0.6,1.0,1.0,higher_m,higher_m,False,"{""durations"":[1000,1500,1000,1500],""alternatives"":[""all"",""all"",""all"",""all""],""attributes"":[""p"",""m"",""p"",""m""]}","[{""x"":644,""y"":271,""t"":-166},{""x"":629,""y"":266,""t"":0},{""x"":662,""y"":255,""t"":190},{""x"":671,""y"":275,""t"":376},{""x"":634,""y"":297,""t"":682},{""x"":602,""y"":338,""t"":848},{""x"":634,""y"":324,""t"":1010},{""x"":629,""y"":338,""t"":1179},{""x"":629,""y"":316,""t"":1351},{""x"":611,""y"":290,""t"":1511},{""x"":705,""y"":304,""t"":1676},{""x"":814,""y"":285,""t"":1862},{""x"":840,""y"":270,""t"":2027},{""x"":857,""y"":297,""t"":2207},{""x"":908,""y"":247,""t"":2379},{""x"":908,""y"":184,""t"":2550},{""x"":901,""y"":162,""t"":2740},{""x"":923,""y"":185,""t"":2913},{""x"":940,""y"":203,""t"":3081},{""x"":931,""y"":225,""t"":3253},{""x"":879,""y"":239,""t"":3417},{""x"":828,""y"":258,""t"":3578},{""x"":714,""y"":269,""t"":3746},{""x"":680,""y"":249,""t"":3911},{""x"":714,""y"":239,""t"":4082},{""x"":758,""y"":270,""t"":4254},{""x"":808,""y"":240,""t"":4420},{""x"":768,""y"":253,""t"":4585},{""x"":753,""y"":278,""t"":4746},{""x"":706,""y"":293,""t"":4906},{""x"":719,""y"":296,""t"":5074},{""x"":705,""y"":308,""t"":5234},{""x"":748,""y"":331,""t"":5400},{""x"":725,""y"":345,""t"":5562},{""x"":741,""y"":348,""t"":5730},{""x"":796,""y"":351,""t"":5910},{""x"":805,""y"":335,""t"":6077},{""x"":757,""y"":391,""t"":6250},{""x"":807,""y"":342,""t"":6440},{""x"":768,""y"":388,""t"":6615}]",1,0.0,1.0,pt_b-last,0
138,1,128,exp_72,1.0,1193.0,0.8,0.2,4.0,6.799999999999999,higher_p,higher_m,0,1,alternatives,0.0,False,3.2,1.36,1.8400000000000003,2.151159690652763,0.6,0.4,0.5,0.5,0.0,1.0,higher_p,higher_m,False,"{""durations"":[1500,1000,1500,1000],""alternatives"":[0,1,0,1],""attributes"":[""all"",""all"",""all"",""all""]}","[{""x"":840,""y"":470,""t"":-170},{""x"":830,""y"":469,""t"":0},{""x"":837,""y"":434,""t"":221},{""x"":760,""y"":392,""t"":454},{""x"":702,""y"":357,""t"":704},{""x"":651,""y"":297,""t"":872},{""x"":706,""y"":286,""t"":1042},{""x"":609,""y"":273,""t"":1208},{""x"":518,""y"":222,""t"":1379},{""x"":577,""y"":206,""t"":1546},{""x"":640,""y"":183,""t"":1720},{""x"":685,""y"":207,""t"":1902},{""x"":759,""y"":194,""t"":2074},{""x"":798,""y"":162,""t"":2238},{""x"":870,""y"":171,""t"":2408},{""x"":945,""y"":150,""t"":2573},{""x"":928,""y"":182,""t"":2746},{""x"":872,""y"":172,""t"":2924},{""x"":820,""y"":221,""t"":3094},{""x"":704,""y"":259,""t"":3265},{""x"":659,""y"":288,""t"":3428},{""x"":635,""y"":311,""t"":3591},{""x"":682,""y"":299,""t"":3752},{""x"":669,""y"":292,""t"":3920},{""x"":723,""y"":259,""t"":4081},{""x"":696,""y"":263,""t"":4244},{""x"":662,""y"":295,""t"":4410},{""x"":657,""y"":284,""t"":4577},{""x"":639,""y"":248,""t"":4749},{""x"":670,""y"":238,""t"":4906},{""x"":595,""y"":252,""t"":5065},{""x"":608,""y"":257,""t"":5227},{""x"":603,""y"":262,""t"":5378},{""x"":625,""y"":266,""t"":5535},{""x"":626,""y"":246,""t"":5689},{""x"":652,""y"":207,""t"":5855},{""x"":649,""y"":213,""t"":6008},{""x"":733,""y"":218,""t"":6165},{""x"":781,""y"":199,""t"":6318},{""x"":840,""y"":187,""t"":6478},{""x"":909,""y"":183,""t"":6630},{""x"":897,""y"":256,""t"":6788},{""x"":874,""y"":278,""t"":6950},{""x"":927,""y"":210,""t"":7115},{""x"":957,""y"":190,""t"":7275}]",1,0.0,1.0,pt_b-last,0
138,1,129,exp_61,1.0,586.3999999761581,0.41,0.21,1.7999999999999998,6.2,higher_p,higher_m,0,1,attributes,1.0,True,0.7379999999999999,1.302,-0.5640000000000002,-0.3231885851028555,0.5,0.5,0.4,0.6,1.0,0.0,higher_m,higher_p,False,"{""durations"":[1500,1000,1500,1000],""alternatives"":[""all"",""all"",""all"",""all""],""attributes"":[""m"",""p"",""m"",""p""]}","[{""x"":759,""y"":295,""t"":-222},{""x"":791,""y"":252,""t"":0},{""x"":760,""y"":221,""t"":198},{""x"":839,""y"":195,""t"":509},{""x"":912,""y"":175,""t"":669},{""x"":834,""y"":167,""t"":829},{""x"":818,""y"":167,""t"":993},{""x"":816,""y"":176,""t"":1148},{""x"":957,""y"":170,""t"":1306},{""x"":870,""y"":213,""t"":1460},{""x"":870,""y"":324,""t"":1618},{""x"":879,""y"":390,""t"":1794},{""x"":861,""y"":449,""t"":1962},{""x"":916,""y"":464,""t"":2122},{""x"":935,""y"":449,""t"":2283},{""x"":937,""y"":463,""t"":2447},{""x"":930,""y"":508,""t"":2612},{""x"":913,""y"":444,""t"":2772},{""x"":1008,""y"":411,""t"":2943},{""x"":967,""y"":374,""t"":3122},{""x"":949,""y"":354,""t"":3288},{""x"":893,""y"":314,""t"":3455},{""x"":899,""y"":265,""t"":3624},{""x"":959,""y"":227,""t"":3796},{""x"":897,""y"":162,""t"":3960},{""x"":879,""y"":135,""t"":4135},{""x"":904,""y"":120,""t"":4301},{""x"":947,""y"":78,""t"":4463},{""x"":1007,""y"":89,""t"":4625},{""x"":1014,""y"":117,""t"":4796},{""x"":967,""y"":179,""t"":4959},{""x"":913,""y"":171,""t"":5123},{""x"":909,""y"":179,""t"":5289},{""x"":937,""y"":195,""t"":5452},{""x"":890,""y"":229,""t"":5613},{""x"":912,""y"":220,""t"":5787},{""x"":848,""y"":213,""t"":5957},{""x"":805,""y"":226,""t"":6137},{""x"":756,""y"":249,""t"":6298},{""x"":892,""y"":234,""t"":6473},{""x"":931,""y"":210,""t"":6634},{""x"":913,""y"":281,""t"":6794}]",1,0.0,1.0,pt_b-last,0
138,1,130,catch_12,1.0,323.69999998807907,0.23,0.47,5.0,6.0,dominated,dominant,1,1,alternatives,0.0,False,1.15,2.82,-1.6699999999999997,-1.4615534740320202,0.5,0.5,0.5,0.5,,1.0,,dominant,True,"{""durations"":[1250,1250,1250,1250],""attributes"":[""all"",""all"",""all"",""all""],""alternatives"":[0,1,0,1]}","[{""x"":734,""y"":261,""t"":-161},{""x"":703,""y"":230,""t"":0},{""x"":686,""y"":214,""t"":204},{""x"":648,""y"":196,""t"":510},{""x"":642,""y"":173,""t"":671},{""x"":535,""y"":60,""t"":829},{""x"":520,""y"":43,""t"":990},{""x"":570,""y"":59,""t"":1148},{""x"":618,""y"":106,""t"":1300},{""x"":674,""y"":122,""t"":1458},{""x"":740,""y"":135,""t"":1628},{""x"":810,""y"":184,""t"":1783},{""x"":903,""y"":183,""t"":1939},{""x"":889,""y"":180,""t"":2100},{""x"":958,""y"":164,""t"":2251},{""x"":990,""y"":170,""t"":2406},{""x"":993,""y"":152,""t"":2564},{""x"":919,""y"":117,""t"":2719},{""x"":802,""y"":135,""t"":2876},{""x"":676,""y"":93,""t"":3036},{""x"":567,""y"":99,""t"":3192},{""x"":457,""y"":70,""t"":3347},{""x"":413,""y"":75,""t"":3503},{""x"":440,""y"":180,""t"":3658},{""x"":402,""y"":164,""t"":3809},{""x"":428,""y"":232,""t"":3962},{""x"":526,""y"":215,""t"":4121},{""x"":714,""y"":206,""t"":4277},{""x"":768,""y"":215,""t"":4439},{""x"":841,""y"":210,""t"":4593},{""x"":873,""y"":187,""t"":4746},{""x"":880,""y"":188,""t"":4899},{""x"":878,""y"":201,""t"":5053},{""x"":827,""y"":209,""t"":5209},{""x"":822,""y"":188,""t"":5364},{""x"":816,""y"":169,""t"":5519},{""x"":802,""y"":136,""t"":5679},{""x"":773,""y"":155,""t"":5841},{""x"":718,""y"":224,""t"":6003},{""x"":849,""y"":172,""t"":6172},{""x"":882,""y"":163,""t"":6327}]",1,0.0,1.0,pt_b-last,0
138,1,131,exp_105,1.0,624.5999999642372,0.78,0.4,2.1,3.0,higher_p,higher_m,0,1,attributes,1.0,True,1.638,1.2000000000000002,0.4379999999999999,0.7081329507986127,0.5,0.5,0.6,0.4,0.0,1.0,higher_p,higher_m,False,"{""durations"":[1500,1000,1500,1000],""alternatives"":[""all"",""all"",""all"",""all""],""attributes"":[""p"",""m"",""p"",""m""]}","[{""x"":751,""y"":247,""t"":-241},{""x"":748,""y"":349,""t"":-72},{""x"":721,""y"":426,""t"":0},{""x"":748,""y"":350,""t"":190},{""x"":677,""y"":294,""t"":509},{""x"":617,""y"":265,""t"":754},{""x"":600,""y"":202,""t"":940},{""x"":593,""y"":153,""t"":1189},{""x"":618,""y"":147,""t"":1349},{""x"":577,""y"":154,""t"":1509},{""x"":543,""y"":102,""t"":1675},{""x"":482,""y"":77,""t"":1839},{""x"":540,""y"":76,""t"":1999},{""x"":640,""y"":111,""t"":2154},{""x"":705,""y"":132,""t"":2313},{""x"":665,""y"":101,""t"":2473},{""x"":599,""y"":101,""t"":2630},{""x"":593,""y"":207,""t"":2790},{""x"":631,""y"":359,""t"":2962},{""x"":596,""y"":476,""t"":3117},{""x"":578,""y"":425,""t"":3276},{""x"":533,""y"":462,""t"":3426},{""x"":577,""y"":393,""t"":3585},{""x"":546,""y"":323,""t"":3744},{""x"":482,""y"":252,""t"":3899},{""x"":496,""y"":244,""t"":4050},{""x"":586,""y"":223,""t"":4203},{""x"":560,""y"":204,""t"":4357},{""x"":565,""y"":178,""t"":4518},{""x"":593,""y"":178,""t"":4678},{""x"":565,""y"":204,""t"":4836},{""x"":498,""y"":125,""t"":4989},{""x"":593,""y"":114,""t"":5138},{""x"":647,""y"":117,""t"":5291},{""x"":619,""y"":152,""t"":5443},{""x"":583,""y"":136,""t"":5593},{""x"":645,""y"":127,""t"":5751},{""x"":612,""y"":83,""t"":5916},{""x"":609,""y"":150,""t"":6065},{""x"":606,""y"":234,""t"":6217},{""x"":602,""y"":299,""t"":6374},{""x"":760,""y"":247,""t"":6533},{""x"":770,""y"":17,""t"":6687}]",1,8.515907917263842e-306,1.0,pt_b-last,0
138,1,132,catch_15,1.0,602.5,0.22,0.49,3.0,4.9,dominated,dominant,1,1,attributes,1.0,True,0.66,2.401,-1.741,-1.5346311477336216,0.5,0.5,0.5,0.5,,1.0,,dominant,True,"{""durations"":[1250,1250,1250,1250],""attributes"":[""p"",""m"",""p"",""m""],""alternatives"":[""all"",""all"",""all"",""all""]}","[{""x"":1310,""y"":66,""t"":-159},{""x"":1195,""y"":201,""t"":0},{""x"":1089,""y"":245,""t"":175},{""x"":989,""y"":312,""t"":329},{""x"":939,""y"":248,""t"":484},{""x"":806,""y"":228,""t"":784},{""x"":704,""y"":234,""t"":940},{""x"":821,""y"":244,""t"":1094},{""x"":906,""y"":275,""t"":1256},{""x"":1005,""y"":239,""t"":1415},{""x"":991,""y"":176,""t"":1575},{""x"":964,""y"":129,""t"":1727},{""x"":828,""y"":118,""t"":1880},{""x"":933,""y"":128,""t"":2030},{""x"":901,""y"":205,""t"":2182},{""x"":849,""y"":258,""t"":2340},{""x"":763,""y"":278,""t"":2488},{""x"":854,""y"":211,""t"":2635},{""x"":847,""y"":225,""t"":2787},{""x"":786,""y"":250,""t"":2941},{""x"":748,""y"":310,""t"":3091},{""x"":720,""y"":305,""t"":3245},{""x"":723,""y"":317,""t"":3394},{""x"":759,""y"":256,""t"":3544},{""x"":735,""y"":156,""t"":3694},{""x"":727,""y"":115,""t"":3852},{""x"":793,""y"":48,""t"":3999},{""x"":815,""y"":27,""t"":4147},{""x"":826,""y"":-1,""t"":4303},{""x"":802,""y"":-9,""t"":4461},{""x"":781,""y"":21,""t"":4610},{""x"":668,""y"":118,""t"":4757},{""x"":703,""y"":32,""t"":4909},{""x"":644,""y"":54,""t"":5059},{""x"":657,""y"":49,""t"":5211},{""x"":638,""y"":77,""t"":5361},{""x"":667,""y"":65,""t"":5510},{""x"":711,""y"":64,""t"":5660},{""x"":747,""y"":96,""t"":5819},{""x"":776,""y"":155,""t"":5968},{""x"":762,""y"":227,""t"":6116},{""x"":787,""y"":209,""t"":6265},{""x"":800,""y"":247,""t"":6425},{""x"":880,""y"":217,""t"":6572},{""x"":1099,""y"":52,""t"":6720}]",1,0.0,1.0,pt_b-last,0
138,1,133,exp_41,1.0,516.7000000476837,0.81,0.48,1.6999999999999995,7.9,higher_p,higher_m,0,1,attributes,1.0,True,1.3769999999999998,3.792,-2.415,-2.2283544163938904,0.5,0.5,0.6,0.4,0.0,1.0,higher_p,higher_m,False,"{""durations"":[1500,1000,1500,1000],""alternatives"":[""all"",""all"",""all"",""all""],""attributes"":[""p"",""m"",""p"",""m""]}","[{""x"":939,""y"":127,""t"":-282},{""x"":805,""y"":166,""t"":-132},{""x"":696,""y"":258,""t"":1},{""x"":683,""y"":212,""t"":183},{""x"":758,""y"":250,""t"":430},{""x"":672,""y"":285,""t"":637},{""x"":665,""y"":247,""t"":875},{""x"":659,""y"":228,""t"":1025},{""x"":684,""y"":213,""t"":1179},{""x"":626,""y"":150,""t"":1331},{""x"":599,""y"":118,""t"":1489},{""x"":657,""y"":109,""t"":1640},{""x"":639,""y"":133,""t"":1807},{""x"":639,""y"":127,""t"":1964},{""x"":745,""y"":152,""t"":2118},{""x"":893,""y"":177,""t"":2269},{""x"":878,""y"":214,""t"":2425},{""x"":878,""y"":333,""t"":2575},{""x"":830,""y"":459,""t"":2726},{""x"":798,""y"":451,""t"":2879},{""x"":769,""y"":400,""t"":3035},{""x"":718,""y"":325,""t"":3187},{""x"":750,""y"":279,""t"":3339},{""x"":711,""y"":226,""t"":3492},{""x"":662,""y"":219,""t"":3642},{""x"":684,""y"":194,""t"":3798},{""x"":666,""y"":140,""t"":3944},{""x"":681,""y"":121,""t"":4099},{""x"":679,""y"":153,""t"":4252},{""x"":656,""y"":175,""t"":4401},{""x"":658,""y"":193,""t"":4556},{""x"":624,""y"":218,""t"":4716},{""x"":497,""y"":250,""t"":4864},{""x"":561,""y"":282,""t"":5015},{""x"":616,""y"":262,""t"":5167},{""x"":661,""y"":226,""t"":5322},{""x"":726,""y"":217,""t"":5475},{""x"":766,""y"":166,""t"":5624},{""x"":807,""y"":208,""t"":5787},{""x"":809,""y"":214,""t"":5940},{""x"":840,""y"":206,""t"":6088},{""x"":824,""y"":186,""t"":6234},{""x"":806,""y"":255,""t"":6395},{""x"":755,""y"":226,""t"":6544},{""x"":694,""y"":165,""t"":6690}]",1,0.0,1.0,pt_b-last,0
138,1,134,exp_13,1.0,462.5,0.7,0.29,1.7999999999999998,5.0,higher_p,higher_m,0,1,attributes,1.0,True,1.2599999999999998,1.45,-0.1900000000000001,0.061755780592902,0.5,0.5,0.4,0.6,1.0,0.0,higher_m,higher_p,False,"{""durations"":[1500,1000,1500,1000],""alternatives"":[""all"",""all"",""all"",""all""],""attributes"":[""m"",""p"",""m"",""p""]}","[{""x"":718,""y"":239,""t"":-215},{""x"":741,""y"":361,""t"":-70},{""x"":742,""y"":482,""t"":0},{""x"":816,""y"":466,""t"":168},{""x"":853,""y"":464,""t"":526},{""x"":850,""y"":414,""t"":710},{""x"":792,""y"":445,""t"":862},{""x"":819,""y"":542,""t"":1016},{""x"":751,""y"":606,""t"":1166},{""x"":741,""y"":559,""t"":1322},{""x"":705,""y"":601,""t"":1480},{""x"":716,""y"":600,""t"":1631},{""x"":730,""y"":665,""t"":1819},{""x"":687,""y"":607,""t"":1976},{""x"":617,""y"":509,""t"":2129},{""x"":577,""y"":424,""t"":2282},{""x"":639,""y"":332,""t"":2445},{""x"":680,""y"":246,""t"":2606},{""x"":757,""y"":211,""t"":2824},{""x"":770,""y"":144,""t"":2991},{""x"":868,""y"":147,""t"":3145},{""x"":805,""y"":132,""t"":3305},{""x"":776,""y"":114,""t"":3459},{""x"":811,""y"":139,""t"":3612},{""x"":825,""y"":160,""t"":3786},{""x"":810,""y"":188,""t"":3939},{""x"":799,""y"":172,""t"":4094},{""x"":786,""y"":177,""t"":4253},{""x"":706,""y"":193,""t"":4401},{""x"":694,""y"":189,""t"":4561},{""x"":770,""y"":191,""t"":4758},{""x"":730,""y"":223,""t"":4916},{""x"":681,""y"":285,""t"":5073},{""x"":679,""y"":294,""t"":5226},{""x"":689,""y"":352,""t"":5380},{""x"":679,""y"":378,""t"":5533},{""x"":701,""y"":353,""t"":5690},{""x"":646,""y"":302,""t"":5852},{""x"":657,""y"":285,""t"":5999},{""x"":654,""y"":256,""t"":6151},{""x"":602,""y"":223,""t"":6315},{""x"":732,""y"":160,""t"":6468},{""x"":715,""y"":147,""t"":6619}]",1,0.0,1.0,pt_b-last,0
138,1,135,exp_16,1.0,598.3999999761581,0.28,0.17,4.3,8.3,higher_p,higher_m,0,1,alternatives,0.0,False,1.204,1.4110000000000005,-0.2070000000000003,0.0442583094249129,0.6,0.4,0.5,0.5,0.0,1.0,higher_p,higher_m,False,"{""durations"":[1500,1000,1500,1000],""alternatives"":[0,1,0,1],""attributes"":[""all"",""all"",""all"",""all""]}","[{""x"":884,""y"":167,""t"":-233},{""x"":882,""y"":184,""t"":-83},{""x"":965,""y"":170,""t"":0},{""x"":927,""y"":250,""t"":182},{""x"":908,""y"":222,""t"":414},{""x"":869,""y"":251,""t"":621},{""x"":806,""y"":236,""t"":866},{""x"":746,""y"":257,""t"":1014},{""x"":778,""y"":239,""t"":1166},{""x"":818,""y"":223,""t"":1343},{""x"":875,""y"":241,""t"":1488},{""x"":916,""y"":220,""t"":1634},{""x"":910,""y"":220,""t"":1799},{""x"":988,""y"":215,""t"":1945},{""x"":1027,""y"":190,""t"":2099},{""x"":959,""y"":230,""t"":2247},{""x"":950,""y"":316,""t"":2401},{""x"":930,""y"":354,""t"":2552},{""x"":906,""y"":347,""t"":2702},{""x"":870,""y"":318,""t"":2862},{""x"":828,""y"":295,""t"":3015},{""x"":805,""y"":274,""t"":3164},{""x"":807,""y"":219,""t"":3317},{""x"":731,""y"":201,""t"":3472},{""x"":643,""y"":178,""t"":3624},{""x"":665,""y"":192,""t"":3775},{""x"":685,""y"":206,""t"":3929},{""x"":739,""y"":181,""t"":4084},{""x"":785,""y"":172,""t"":4232},{""x"":829,""y"":169,""t"":4380},{""x"":828,""y"":183,""t"":4540},{""x"":835,""y"":173,""t"":4691},{""x"":848,""y"":171,""t"":4839},{""x"":852,""y"":215,""t"":4990},{""x"":892,""y"":223,""t"":5139},{""x"":867,""y"":270,""t"":5284},{""x"":838,""y"":287,""t"":5428},{""x"":862,""y"":259,""t"":5586},{""x"":873,""y"":229,""t"":5744},{""x"":946,""y"":228,""t"":5897},{""x"":918,""y"":227,""t"":6046},{""x"":904,""y"":236,""t"":6193},{""x"":931,""y"":238,""t"":6342},{""x"":1038,""y"":205,""t"":6493},{""x"":948,""y"":151,""t"":6639}]",1,0.0,1.0,pt_b-last,0
138,1,136,exp_6,1.0,311.19999998807907,0.79,0.49,5.300000000000001,8.3,higher_p,higher_m,0,1,alternatives,0.0,False,4.187000000000001,4.067,0.120000000000001,0.3808273136562317,0.4,0.6,0.5,0.5,1.0,1.0,higher_m,higher_m,False,"{""durations"":[1000,1500,1000,1500],""alternatives"":[0,1,0,1],""attributes"":[""all"",""all"",""all"",""all""]}","[{""x"":645,""y"":321,""t"":-150},{""x"":699,""y"":416,""t"":0},{""x"":754,""y"":407,""t"":169},{""x"":726,""y"":393,""t"":330},{""x"":641,""y"":367,""t"":613},{""x"":560,""y"":376,""t"":760},{""x"":529,""y"":355,""t"":930},{""x"":582,""y"":486,""t"":1078},{""x"":637,""y"":476,""t"":1229},{""x"":675,""y"":451,""t"":1388},{""x"":745,""y"":425,""t"":1538},{""x"":807,""y"":382,""t"":1681},{""x"":929,""y"":341,""t"":1833},{""x"":952,""y"":288,""t"":1978},{""x"":937,""y"":275,""t"":2127},{""x"":1004,""y"":240,""t"":2274},{""x"":1037,""y"":222,""t"":2421},{""x"":912,""y"":155,""t"":2567},{""x"":845,""y"":117,""t"":2714},{""x"":720,""y"":99,""t"":2859},{""x"":636,""y"":52,""t"":3025},{""x"":545,""y"":55,""t"":3182},{""x"":557,""y"":43,""t"":3333},{""x"":620,""y"":66,""t"":3482},{""x"":737,""y"":92,""t"":3637},{""x"":827,""y"":132,""t"":3787},{""x"":898,""y"":146,""t"":3938},{""x"":949,""y"":163,""t"":4090},{""x"":1001,""y"":163,""t"":4244},{""x"":1048,""y"":172,""t"":4402},{""x"":968,""y"":179,""t"":4551},{""x"":976,""y"":217,""t"":4701},{""x"":941,""y"":260,""t"":4852},{""x"":915,""y"":253,""t"":5002},{""x"":852,""y"":258,""t"":5155},{""x"":821,""y"":301,""t"":5305},{""x"":834,""y"":308,""t"":5458},{""x"":779,""y"":315,""t"":5605},{""x"":771,""y"":291,""t"":5758},{""x"":753,""y"":319,""t"":5912},{""x"":744,""y"":321,""t"":6068},{""x"":877,""y"":316,""t"":6225},{""x"":846,""y"":287,""t"":6376}]",1,0.0,1.0,pt_b-last,0
138,1,137,catch_13,1.0,385.0,0.21,0.52,1.7999999999999998,2.8,dominated,dominant,1,1,attributes,1.0,True,0.3779999999999999,1.456,-1.078,-0.8522297721820514,0.5,0.5,0.5,0.5,,1.0,,dominant,True,"{""durations"":[1250,1250,1250,1250],""attributes"":[""p"",""m"",""p"",""m""],""alternatives"":[""all"",""all"",""all"",""all""]}","[{""x"":770,""y"":328,""t"":-278},{""x"":732,""y"":473,""t"":-73},{""x"":699,""y"":585,""t"":1},{""x"":760,""y"":486,""t"":180},{""x"":687,""y"":451,""t"":565},{""x"":637,""y"":395,""t"":724},{""x"":579,""y"":352,""t"":877},{""x"":469,""y"":314,""t"":1037},{""x"":452,""y"":272,""t"":1189},{""x"":467,""y"":252,""t"":1346},{""x"":455,""y"":235,""t"":1511},{""x"":457,""y"":233,""t"":1674},{""x"":592,""y"":227,""t"":1839},{""x"":738,""y"":215,""t"":1999},{""x"":683,""y"":208,""t"":2165},{""x"":652,""y"":286,""t"":2322},{""x"":680,""y"":285,""t"":2485},{""x"":699,""y"":335,""t"":2647},{""x"":740,""y"":384,""t"":2806},{""x"":800,""y"":365,""t"":2987},{""x"":775,""y"":305,""t"":3146},{""x"":760,""y"":293,""t"":3308},{""x"":758,""y"":305,""t"":3501},{""x"":747,""y"":303,""t"":3662},{""x"":745,""y"":275,""t"":3831},{""x"":679,""y"":233,""t"":3995},{""x"":652,""y"":258,""t"":4155},{""x"":686,""y"":263,""t"":4321},{""x"":649,""y"":221,""t"":4478},{""x"":766,""y"":240,""t"":4633},{""x"":829,""y"":232,""t"":4790},{""x"":849,""y"":250,""t"":4964},{""x"":822,""y"":258,""t"":5117},{""x"":771,""y"":277,""t"":5272},{""x"":725,""y"":285,""t"":5426},{""x"":702,""y"":292,""t"":5577},{""x"":682,""y"":285,""t"":5740},{""x"":707,""y"":235,""t"":5902},{""x"":723,""y"":218,""t"":6053},{""x"":748,""y"":212,""t"":6221},{""x"":748,""y"":219,""t"":6376},{""x"":830,""y"":287,""t"":6528}]",1,1.72e-319,1.0,pt_b-last,0
138,1,138,exp_24,1.0,525.0,0.3,0.17,2.0,3.0,higher_p,higher_m,0,1,alternatives,0.0,False,0.6,0.51,0.0899999999999999,0.3499494233597794,0.6,0.4,0.5,0.5,0.0,1.0,higher_p,higher_m,False,"{""durations"":[1500,1000,1500,1000],""alternatives"":[0,1,0,1],""attributes"":[""all"",""all"",""all"",""all""]}","[{""x"":986,""y"":203,""t"":-157},{""x"":967,""y"":216,""t"":0},{""x"":957,""y"":220,""t"":183},{""x"":988,""y"":216,""t"":337},{""x"":987,""y"":228,""t"":625},{""x"":1047,""y"":236,""t"":784},{""x"":1072,""y"":206,""t"":935},{""x"":1009,""y"":253,""t"":1090},{""x"":933,""y"":256,""t"":1251},{""x"":777,""y"":281,""t"":1405},{""x"":704,""y"":261,""t"":1559},{""x"":668,""y"":237,""t"":1717},{""x"":668,""y"":258,""t"":1876},{""x"":603,""y"":262,""t"":2027},{""x"":556,""y"":257,""t"":2177},{""x"":508,""y"":229,""t"":2330},{""x"":551,""y"":235,""t"":2483},{""x"":622,""y"":264,""t"":2638},{""x"":714,""y"":277,""t"":2793},{""x"":736,""y"":235,""t"":2956},{""x"":779,""y"":260,""t"":3116},{""x"":866,""y"":239,""t"":3270},{""x"":860,""y"":312,""t"":3431},{""x"":829,""y"":334,""t"":3583},{""x"":818,""y"":482,""t"":3739},{""x"":792,""y"":550,""t"":3892},{""x"":721,""y"":484,""t"":4043},{""x"":677,""y"":441,""t"":4191},{""x"":588,""y"":429,""t"":4342},{""x"":564,""y"":418,""t"":4491},{""x"":579,""y"":367,""t"":4654},{""x"":518,""y"":291,""t"":4804},{""x"":498,""y"":305,""t"":4954},{""x"":595,""y"":341,""t"":5110},{""x"":620,""y"":371,""t"":5258},{""x"":640,""y"":328,""t"":5410},{""x"":678,""y"":331,""t"":5568},{""x"":776,""y"":292,""t"":5720},{""x"":786,""y"":243,""t"":5873},{""x"":790,""y"":255,""t"":6031},{""x"":836,""y"":239,""t"":6183},{""x"":840,""y"":247,""t"":6331},{""x"":848,""y"":267,""t"":6494},{""x"":839,""y"":298,""t"":6642},{""x"":807,""y"":224,""t"":6794}]",1,1.559703141649155e-290,1.0,pt_b-last,0
138,1,139,exp_76,1.0,820.6000000238419,0.8,0.2,4.0,6.799999999999999,higher_p,higher_m,0,1,alternatives,0.0,False,3.2,1.36,1.8400000000000003,2.151159690652763,0.4,0.6,0.5,0.5,1.0,0.0,higher_m,higher_p,False,"{""durations"":[1500,1000,1500,1000],""alternatives"":[1,0,1,0],""attributes"":[""all"",""all"",""all"",""all""]}","[{""x"":876,""y"":295,""t"":-157},{""x"":859,""y"":290,""t"":0},{""x"":843,""y"":326,""t"":182},{""x"":752,""y"":335,""t"":490},{""x"":675,""y"":353,""t"":645},{""x"":649,""y"":307,""t"":801},{""x"":704,""y"":296,""t"":958},{""x"":750,""y"":243,""t"":1107},{""x"":798,""y"":240,""t"":1263},{""x"":900,""y"":256,""t"":1420},{""x"":918,""y"":225,""t"":1575},{""x"":959,""y"":229,""t"":1743},{""x"":952,""y"":205,""t"":1903},{""x"":1001,""y"":215,""t"":2056},{""x"":1040,""y"":258,""t"":2209},{""x"":978,""y"":369,""t"":2364},{""x"":849,""y"":415,""t"":2521},{""x"":857,""y"":477,""t"":2676},{""x"":821,""y"":548,""t"":2829},{""x"":764,""y"":508,""t"":2994},{""x"":759,""y"":510,""t"":3145},{""x"":726,""y"":464,""t"":3298},{""x"":712,""y"":436,""t"":3452},{""x"":744,""y"":374,""t"":3611},{""x"":724,""y"":332,""t"":3763},{""x"":691,""y"":323,""t"":3916},{""x"":655,""y"":244,""t"":4078},{""x"":682,""y"":259,""t"":4231},{""x"":730,""y"":252,""t"":4388},{""x"":718,""y"":216,""t"":4556},{""x"":726,""y"":213,""t"":4778},{""x"":677,""y"":247,""t"":4938},{""x"":688,""y"":219,""t"":5094},{""x"":751,""y"":240,""t"":5256},{""x"":749,""y"":294,""t"":5414},{""x"":703,""y"":298,""t"":5571},{""x"":629,""y"":307,""t"":5736},{""x"":642,""y"":339,""t"":5899},{""x"":677,""y"":328,""t"":6057},{""x"":699,""y"":292,""t"":6209},{""x"":665,""y"":270,""t"":6386},{""x"":697,""y"":303,""t"":6558},{""x"":695,""y"":230,""t"":6722},{""x"":646,""y"":297,""t"":6876}]",1,0.0,1.0,pt_b-last,0
