subject_id,block,trial,condition,choice,rt,p0,p1,m0,m1,label0,label1,higher_p,higher_m,presentation,presentation01,by_attribute,ev0,ev1,delta_ev,delta_ev_z,g0,g1,gp,gm,duration_favours,last_stage_favours,duration_favours_str,last_stage_favours_str,choose_higher_p,sequence,webgazer_data,predicted_choice,predicted_choiceprob_0,predicted_choiceprob_1,model,rep
142-alternatives,0,1,exp_8,0.0,480.3999999761581,0.7,0.29,1.7999999999999998,5.0,higher_p,higher_m,0,1,alternatives,0.0,False,1.2599999999999998,1.45,-0.1900000000000001,0.0617557805929019,0.6,0.4,0.5,0.5,0.0,1.0,higher_p,higher_m,True,"{""durations"":[1500,1000,1500,1000],""alternatives"":[0,1,0,1],""attributes"":[""all"",""all"",""all"",""all""]}","[{""x"":1255,""y"":503,""t"":-14},{""x"":1300,""y"":512,""t"":0},{""x"":1260,""y"":544,""t"":65},{""x"":1267,""y"":559,""t"":75},{""x"":1266,""y"":533,""t"":127},{""x"":1225,""y"":558,""t"":137},{""x"":1235,""y"":543,""t"":182},{""x"":1228,""y"":539,""t"":205},{""x"":1217,""y"":565,""t"":254},{""x"":1196,""y"":584,""t"":272},{""x"":1228,""y"":573,""t"":320},{""x"":1255,""y"":564,""t"":342},{""x"":1255,""y"":581,""t"":389},{""x"":1255,""y"":595,""t"":408},{""x"":1269,""y"":585,""t"":456},{""x"":1281,""y"":576,""t"":477},{""x"":1337,""y"":588,""t"":524},{""x"":1413,""y"":573,""t"":546},{""x"":1487,""y"":580,""t"":593},{""x"":1551,""y"":587,""t"":614},{""x"":1566,""y"":601,""t"":662},{""x"":1576,""y"":612,""t"":681},{""x"":1602,""y"":607,""t"":728},{""x"":1623,""y"":604,""t"":750},{""x"":1648,""y"":612,""t"":797},{""x"":1654,""y"":615,""t"":835},{""x"":1633,""y"":610,""t"":851},{""x"":1517,""y"":643,""t"":899},{""x"":1456,""y"":675,""t"":919},{""x"":1508,""y"":673,""t"":970},{""x"":1513,""y"":653,""t"":988},{""x"":1490,""y"":646,""t"":1034},{""x"":1489,""y"":640,""t"":1054},{""x"":1490,""y"":597,""t"":1101},{""x"":1462,""y"":590,""t"":1123},{""x"":1493,""y"":567,""t"":1170},{""x"":1520,""y"":549,""t"":1192},{""x"":1574,""y"":511,""t"":1238},{""x"":1553,""y"":495,""t"":1259},{""x"":1525,""y"":526,""t"":1307},{""x"":1502,""y"":554,""t"":1327},{""x"":1418,""y"":581,""t"":1373},{""x"":1384,""y"":591,""t"":1395},{""x"":1363,""y"":612,""t"":1442},{""x"":1337,""y"":640,""t"":1463},{""x"":1343,""y"":660,""t"":1511},{""x"":1320,""y"":669,""t"":1532},{""x"":1351,""y"":676,""t"":1580},{""x"":1380,""y"":680,""t"":1600},{""x"":1423,""y"":668,""t"":1647},{""x"":1511,""y"":649,""t"":1686},{""x"":1501,""y"":644,""t"":1700},{""x"":1436,""y"":691,""t"":1746},{""x"":1401,""y"":727,""t"":1769},{""x"":1239,""y"":702,""t"":1817},{""x"":1102,""y"":678,""t"":1837},{""x"":933,""y"":701,""t"":1886},{""x"":853,""y"":682,""t"":1905},{""x"":783,""y"":675,""t"":1952},{""x"":732,""y"":669,""t"":1973},{""x"":635,""y"":657,""t"":2019},{""x"":645,""y"":654,""t"":2042},{""x"":668,""y"":626,""t"":2088},{""x"":665,""y"":579,""t"":2110},{""x"":694,""y"":529,""t"":2157},{""x"":686,""y"":492,""t"":2177},{""x"":720,""y"":442,""t"":2224},{""x"":752,""y"":402,""t"":2246},{""x"":756,""y"":386,""t"":2293},{""x"":720,""y"":352,""t"":2332},{""x"":651,""y"":325,""t"":2348},{""x"":649,""y"":296,""t"":2396},{""x"":668,""y"":280,""t"":2415},{""x"":680,""y"":268,""t"":2470},{""x"":683,""y"":243,""t"":2483},{""x"":691,""y"":243,""t"":2531},{""x"":757,""y"":234,""t"":2551},{""x"":831,""y"":238,""t"":2598},{""x"":883,""y"":245,""t"":2620},{""x"":1077,""y"":264,""t"":2666},{""x"":1228,""y"":281,""t"":2687},{""x"":1321,""y"":308,""t"":2733},{""x"":1392,""y"":330,""t"":2755},{""x"":1459,""y"":350,""t"":2803},{""x"":1507,""y"":367,""t"":2822},{""x"":1553,""y"":369,""t"":2869},{""x"":1634,""y"":358,""t"":2891},{""x"":1620,""y"":370,""t"":2937},{""x"":1602,""y"":380,""t"":2959},{""x"":1618,""y"":426,""t"":3006},{""x"":1615,""y"":471,""t"":3044},{""x"":1571,""y"":511,""t"":3060},{""x"":1541,""y"":532,""t"":3108},{""x"":1492,""y"":595,""t"":3147},{""x"":1481,""y"":639,""t"":3164},{""x"":1459,""y"":631,""t"":3211},{""x"":1491,""y"":626,""t"":3230},{""x"":1423,""y"":623,""t"":3277},{""x"":1445,""y"":617,""t"":3299},{""x"":1397,""y"":645,""t"":3345},{""x"":1362,""y"":653,""t"":3368},{""x"":1375,""y"":658,""t"":3414},{""x"":1387,""y"":661,""t"":3434},{""x"":1402,""y"":660,""t"":3483},{""x"":1416,""y"":659,""t"":3502},{""x"":1325,""y"":665,""t"":3550},{""x"":1255,""y"":667,""t"":3572},{""x"":1201,""y"":672,""t"":3619},{""x"":1156,""y"":677,""t"":3639},{""x"":1061,""y"":673,""t"":3686},{""x"":955,""y"":667,""t"":3708},{""x"":865,""y"":629,""t"":3754},{""x"":794,""y"":582,""t"":3775},{""x"":766,""y"":549,""t"":3823},{""x"":749,""y"":522,""t"":3843},{""x"":739,""y"":502,""t"":3890},{""x"":728,""y"":497,""t"":3912},{""x"":701,""y"":495,""t"":3958},{""x"":685,""y"":499,""t"":3980},{""x"":580,""y"":517,""t"":4026},{""x"":606,""y"":537,""t"":4048},{""x"":600,""y"":552,""t"":4096},{""x"":598,""y"":565,""t"":4115},{""x"":640,""y"":548,""t"":4162},{""x"":640,""y"":537,""t"":4183},{""x"":643,""y"":532,""t"":4230},{""x"":642,""y"":533,""t"":4250},{""x"":648,""y"":537,""t"":4298},{""x"":671,""y"":536,""t"":4320},{""x"":658,""y"":559,""t"":4367},{""x"":648,""y"":580,""t"":4387},{""x"":704,""y"":536,""t"":4435},{""x"":785,""y"":489,""t"":4455},{""x"":857,""y"":431,""t"":4505},{""x"":851,""y"":398,""t"":4524},{""x"":896,""y"":362,""t"":4571},{""x"":932,""y"":334,""t"":4591},{""x"":927,""y"":304,""t"":4639},{""x"":876,""y"":281,""t"":4659},{""x"":906,""y"":274,""t"":4705},{""x"":878,""y"":250,""t"":4727},{""x"":887,""y"":254,""t"":4774},{""x"":837,""y"":261,""t"":4794},{""x"":1033,""y"":279,""t"":4842},{""x"":1200,""y"":296,""t"":4863},{""x"":1269,""y"":323,""t"":4914},{""x"":1323,""y"":357,""t"":4930},{""x"":1406,""y"":381,""t"":4978},{""x"":1471,""y"":401,""t"":4999},{""x"":1515,""y"":431,""t"":5046},{""x"":1517,""y"":449,""t"":5068},{""x"":1604,""y"":449,""t"":5116},{""x"":1672,""y"":448,""t"":5134},{""x"":1675,""y"":468,""t"":5181},{""x"":1671,""y"":484,""t"":5203},{""x"":1645,""y"":471,""t"":5253},{""x"":1626,""y"":490,""t"":5271},{""x"":1544,""y"":489,""t"":5318},{""x"":1472,""y"":486,""t"":5340},{""x"":1386,""y"":508,""t"":5387},{""x"":1314,""y"":525,""t"":5406},{""x"":1325,""y"":558,""t"":5454},{""x"":1320,""y"":548,""t"":5475},{""x"":1272,""y"":554,""t"":5524},{""x"":1236,""y"":563,""t"":5543},{""x"":1257,""y"":574,""t"":5590},{""x"":1292,""y"":548,""t"":5630},{""x"":1253,""y"":555,""t"":5646},{""x"":1116,""y"":628,""t"":5693},{""x"":1150,""y"":650,""t"":5714},{""x"":1167,""y"":606,""t"":5761},{""x"":1203,""y"":607,""t"":5781},{""x"":1197,""y"":605,""t"":5829},{""x"":1253,""y"":582,""t"":5849},{""x"":1175,""y"":688,""t"":5896},{""x"":1223,""y"":669,""t"":5917},{""x"":1191,""y"":638,""t"":5962},{""x"":1197,""y"":634,""t"":5986}]",0,0.5235710723727214,0.47642892762727856,eu_b-last_b-longer,0
142-alternatives,0,2,exp_96,1.0,309.10000002384186,0.58,0.38,4.9,6.9,higher_p,higher_m,0,1,alternatives,0.0,False,2.842,2.6220000000000003,0.2199999999999997,0.4837536146444008,0.6,0.4,0.5,0.5,0.0,1.0,higher_p,higher_m,False,"{""durations"":[1500,1000,1500,1000],""alternatives"":[0,1,0,1],""attributes"":[""all"",""all"",""all"",""all""]}","[{""x"":1190,""y"":511,""t"":0},{""x"":1115,""y"":537,""t"":46},{""x"":1125,""y"":531,""t"":69},{""x"":1165,""y"":540,""t"":117},{""x"":1158,""y"":540,""t"":138},{""x"":1140,""y"":536,""t"":186},{""x"":1124,""y"":543,""t"":206},{""x"":1142,""y"":540,""t"":252},{""x"":1175,""y"":518,""t"":273},{""x"":1209,""y"":528,""t"":323},{""x"":1238,""y"":538,""t"":341},{""x"":1364,""y"":556,""t"":390},{""x"":1348,""y"":583,""t"":410},{""x"":1337,""y"":600,""t"":458},{""x"":1357,""y"":604,""t"":478},{""x"":1311,""y"":635,""t"":527},{""x"":1378,""y"":645,""t"":546},{""x"":1404,""y"":641,""t"":595},{""x"":1489,""y"":606,""t"":613},{""x"":1560,""y"":608,""t"":663},{""x"":1548,""y"":635,""t"":682},{""x"":1558,""y"":638,""t"":734},{""x"":1597,""y"":633,""t"":750},{""x"":1466,""y"":653,""t"":802},{""x"":1421,""y"":649,""t"":818},{""x"":1399,""y"":640,""t"":866},{""x"":1416,""y"":638,""t"":886},{""x"":1430,""y"":589,""t"":934},{""x"":1460,""y"":566,""t"":954},{""x"":1497,""y"":527,""t"":1001},{""x"":1457,""y"":514,""t"":1021},{""x"":1474,""y"":510,""t"":1068},{""x"":1489,""y"":489,""t"":1088},{""x"":1474,""y"":516,""t"":1134},{""x"":1447,""y"":547,""t"":1157},{""x"":1419,""y"":571,""t"":1205},{""x"":1396,""y"":591,""t"":1224},{""x"":1510,""y"":595,""t"":1270},{""x"":1607,""y"":597,""t"":1294},{""x"":1500,""y"":605,""t"":1339},{""x"":1527,""y"":595,""t"":1362},{""x"":1444,""y"":618,""t"":1409},{""x"":1372,""y"":638,""t"":1430},{""x"":1392,""y"":642,""t"":1479},{""x"":1411,""y"":644,""t"":1498},{""x"":1473,""y"":650,""t"":1546},{""x"":1526,""y"":655,""t"":1565},{""x"":1532,""y"":635,""t"":1612},{""x"":1491,""y"":607,""t"":1633},{""x"":1465,""y"":609,""t"":1678},{""x"":1442,""y"":611,""t"":1702},{""x"":1432,""y"":612,""t"":1748},{""x"":1444,""y"":632,""t"":1769},{""x"":1358,""y"":664,""t"":1815},{""x"":1315,""y"":677,""t"":1837},{""x"":1139,""y"":685,""t"":1885},{""x"":992,""y"":690,""t"":1905},{""x"":891,""y"":695,""t"":1958},{""x"":812,""y"":706,""t"":1972},{""x"":716,""y"":711,""t"":2019},{""x"":642,""y"":715,""t"":2042},{""x"":588,""y"":699,""t"":2089},{""x"":550,""y"":686,""t"":2110},{""x"":575,""y"":654,""t"":2156},{""x"":620,""y"":622,""t"":2177},{""x"":564,""y"":624,""t"":2223},{""x"":520,""y"":627,""t"":2246},{""x"":535,""y"":602,""t"":2292},{""x"":594,""y"":568,""t"":2313},{""x"":594,""y"":509,""t"":2360},{""x"":640,""y"":447,""t"":2381},{""x"":646,""y"":379,""t"":2427},{""x"":651,""y"":324,""t"":2450},{""x"":686,""y"":314,""t"":2497},{""x"":742,""y"":307,""t"":2516},{""x"":774,""y"":308,""t"":2564},{""x"":722,""y"":303,""t"":2584},{""x"":716,""y"":293,""t"":2631},{""x"":678,""y"":276,""t"":2654},{""x"":713,""y"":263,""t"":2705},{""x"":718,""y"":263,""t"":2721},{""x"":913,""y"":269,""t"":2772},{""x"":1083,""y"":270,""t"":2788},{""x"":1244,""y"":262,""t"":2834},{""x"":1405,""y"":263,""t"":2875},{""x"":1525,""y"":265,""t"":2891},{""x"":1661,""y"":269,""t"":2939},{""x"":1727,""y"":287,""t"":2959},{""x"":1810,""y"":270,""t"":3006},{""x"":1895,""y"":285,""t"":3044},{""x"":1957,""y"":298,""t"":3062},{""x"":1837,""y"":374,""t"":3108},{""x"":1707,""y"":430,""t"":3129},{""x"":1699,""y"":490,""t"":3176},{""x"":1602,""y"":560,""t"":3197},{""x"":1568,""y"":607,""t"":3245},{""x"":1505,""y"":654,""t"":3266},{""x"":1560,""y"":678,""t"":3314},{""x"":1540,""y"":703,""t"":3334},{""x"":1564,""y"":694,""t"":3384},{""x"":1610,""y"":677,""t"":3401},{""x"":1653,""y"":661,""t"":3447},{""x"":1689,""y"":645,""t"":3470},{""x"":1646,""y"":634,""t"":3517},{""x"":1572,""y"":640,""t"":3537},{""x"":1528,""y"":642,""t"":3584},{""x"":1492,""y"":643,""t"":3604},{""x"":1288,""y"":663,""t"":3651},{""x"":1116,""y"":679,""t"":3673},{""x"":941,""y"":663,""t"":3721},{""x"":841,""y"":638,""t"":3742},{""x"":743,""y"":637,""t"":3788},{""x"":630,""y"":654,""t"":3810},{""x"":635,""y"":623,""t"":3857},{""x"":649,""y"":598,""t"":3878},{""x"":636,""y"":569,""t"":3926},{""x"":631,""y"":545,""t"":3945},{""x"":598,""y"":553,""t"":3991},{""x"":562,""y"":550,""t"":4029},{""x"":540,""y"":563,""t"":4047},{""x"":580,""y"":562,""t"":4097},{""x"":608,""y"":558,""t"":4115},{""x"":525,""y"":594,""t"":4161},{""x"":458,""y"":624,""t"":4183},{""x"":458,""y"":623,""t"":4231},{""x"":512,""y"":612,""t"":4251},{""x"":465,""y"":625,""t"":4298},{""x"":434,""y"":652,""t"":4320},{""x"":477,""y"":649,""t"":4366},{""x"":516,""y"":646,""t"":4387},{""x"":540,""y"":651,""t"":4434},{""x"":623,""y"":613,""t"":4455},{""x"":671,""y"":586,""t"":4502},{""x"":680,""y"":557,""t"":4523},{""x"":744,""y"":480,""t"":4570},{""x"":785,""y"":432,""t"":4592},{""x"":794,""y"":363,""t"":4639},{""x"":798,""y"":308,""t"":4659},{""x"":778,""y"":280,""t"":4706},{""x"":831,""y"":265,""t"":4727},{""x"":793,""y"":231,""t"":4774},{""x"":791,""y"":224,""t"":4795},{""x"":737,""y"":227,""t"":4842},{""x"":768,""y"":225,""t"":4882},{""x"":740,""y"":232,""t"":4897},{""x"":714,""y"":315,""t"":4944},{""x"":686,""y"":378,""t"":4964},{""x"":670,""y"":446,""t"":5011},{""x"":638,""y"":505,""t"":5033},{""x"":686,""y"":526,""t"":5083},{""x"":593,""y"":552,""t"":5102},{""x"":585,""y"":570,""t"":5149},{""x"":554,""y"":569,""t"":5170},{""x"":560,""y"":607,""t"":5216},{""x"":566,""y"":636,""t"":5238},{""x"":739,""y"":624,""t"":5286},{""x"":869,""y"":645,""t"":5305},{""x"":967,""y"":632,""t"":5351},{""x"":1073,""y"":598,""t"":5373},{""x"":1137,""y"":583,""t"":5420},{""x"":1129,""y"":566,""t"":5460},{""x"":1116,""y"":552,""t"":5475},{""x"":1125,""y"":542,""t"":5522},{""x"":1165,""y"":538,""t"":5543},{""x"":1191,""y"":518,""t"":5590},{""x"":1175,""y"":537,""t"":5612},{""x"":1148,""y"":512,""t"":5658},{""x"":1128,""y"":488,""t"":5678},{""x"":1084,""y"":501,""t"":5725},{""x"":1110,""y"":490,""t"":5747},{""x"":1108,""y"":491,""t"":5794},{""x"":1106,""y"":493,""t"":5815}]",1,0.7324783711918536,0.26752162880814634,eu_b-last_b-longer,0
142-alternatives,0,4,exp_104,0.0,383.9000000357628,0.78,0.4,2.1,3.0,higher_p,higher_m,0,1,alternatives,0.0,False,1.638,1.2000000000000002,0.4379999999999999,0.7081329507986126,0.6,0.4,0.5,0.5,0.0,1.0,higher_p,higher_m,True,"{""durations"":[1500,1000,1500,1000],""alternatives"":[0,1,0,1],""attributes"":[""all"",""all"",""all"",""all""]}","[{""x"":1143,""y"":530,""t"":0},{""x"":1145,""y"":523,""t"":50},{""x"":1146,""y"":517,""t"":69},{""x"":1138,""y"":519,""t"":117},{""x"":1129,""y"":515,""t"":155},{""x"":1122,""y"":512,""t"":172},{""x"":1161,""y"":497,""t"":220},{""x"":1158,""y"":491,""t"":239},{""x"":1175,""y"":509,""t"":288},{""x"":1188,""y"":519,""t"":306},{""x"":1307,""y"":539,""t"":352},{""x"":1406,""y"":555,""t"":376},{""x"":1441,""y"":562,""t"":424},{""x"":1515,""y"":595,""t"":443},{""x"":1560,""y"":603,""t"":491},{""x"":1593,""y"":609,""t"":510},{""x"":1581,""y"":613,""t"":557},{""x"":1623,""y"":622,""t"":579},{""x"":1645,""y"":619,""t"":625},{""x"":1663,""y"":624,""t"":647},{""x"":1657,""y"":626,""t"":694},{""x"":1724,""y"":617,""t"":716},{""x"":1635,""y"":614,""t"":764},{""x"":1579,""y"":627,""t"":783},{""x"":1576,""y"":622,""t"":830},{""x"":1577,""y"":622,""t"":850},{""x"":1431,""y"":647,""t"":900},{""x"":1307,""y"":668,""t"":919},{""x"":1397,""y"":663,""t"":966},{""x"":1458,""y"":667,""t"":988},{""x"":1474,""y"":658,""t"":1035},{""x"":1457,""y"":659,""t"":1055},{""x"":1536,""y"":621,""t"":1102},{""x"":1453,""y"":581,""t"":1123},{""x"":1472,""y"":535,""t"":1170},{""x"":1504,""y"":499,""t"":1190},{""x"":1562,""y"":454,""t"":1236},{""x"":1600,""y"":426,""t"":1260},{""x"":1614,""y"":398,""t"":1308},{""x"":1640,""y"":420,""t"":1327},{""x"":1571,""y"":453,""t"":1374},{""x"":1534,""y"":494,""t"":1396},{""x"":1476,""y"":512,""t"":1449},{""x"":1472,""y"":531,""t"":1463},{""x"":1416,""y"":563,""t"":1512},{""x"":1388,""y"":590,""t"":1531},{""x"":1362,""y"":619,""t"":1579},{""x"":1370,""y"":630,""t"":1599},{""x"":1355,""y"":649,""t"":1645},{""x"":1375,""y"":658,""t"":1668},{""x"":1397,""y"":677,""t"":1718},{""x"":1416,""y"":673,""t"":1734},{""x"":1209,""y"":694,""t"":1781},{""x"":1007,""y"":722,""t"":1803},{""x"":827,""y"":700,""t"":1851},{""x"":657,""y"":678,""t"":1871},{""x"":628,""y"":647,""t"":1918},{""x"":652,""y"":618,""t"":1939},{""x"":568,""y"":624,""t"":1987},{""x"":488,""y"":623,""t"":2007},{""x"":479,""y"":616,""t"":2054},{""x"":478,""y"":611,""t"":2075},{""x"":538,""y"":572,""t"":2122},{""x"":562,""y"":537,""t"":2143},{""x"":618,""y"":507,""t"":2192},{""x"":622,""y"":488,""t"":2211},{""x"":589,""y"":474,""t"":2266},{""x"":498,""y"":432,""t"":2279},{""x"":489,""y"":411,""t"":2331},{""x"":536,""y"":389,""t"":2347},{""x"":601,""y"":373,""t"":2398},{""x"":602,""y"":354,""t"":2415},{""x"":701,""y"":313,""t"":2463},{""x"":739,""y"":280,""t"":2482},{""x"":759,""y"":281,""t"":2531},{""x"":738,""y"":283,""t"":2551},{""x"":758,""y"":297,""t"":2599},{""x"":844,""y"":273,""t"":2620},{""x"":1060,""y"":273,""t"":2667},{""x"":1229,""y"":291,""t"":2688},{""x"":1443,""y"":297,""t"":2738},{""x"":1603,""y"":288,""t"":2755},{""x"":1681,""y"":278,""t"":2807},{""x"":1769,""y"":280,""t"":2823},{""x"":1781,""y"":268,""t"":2881},{""x"":1799,""y"":284,""t"":2893},{""x"":1810,""y"":325,""t"":2945},{""x"":1811,""y"":361,""t"":2959},{""x"":1713,""y"":396,""t"":3009},{""x"":1738,""y"":408,""t"":3026},{""x"":1700,""y"":442,""t"":3085},{""x"":1664,""y"":470,""t"":3096},{""x"":1646,""y"":497,""t"":3147},{""x"":1629,""y"":519,""t"":3163},{""x"":1610,""y"":511,""t"":3215},{""x"":1559,""y"":499,""t"":3231},{""x"":1497,""y"":526,""t"":3280},{""x"":1462,""y"":542,""t"":3299},{""x"":1408,""y"":563,""t"":3347},{""x"":1500,""y"":560,""t"":3368},{""x"":1539,""y"":547,""t"":3416},{""x"":1565,""y"":552,""t"":3436},{""x"":1525,""y"":574,""t"":3484},{""x"":1490,""y"":592,""t"":3503},{""x"":1442,""y"":584,""t"":3554},{""x"":1474,""y"":592,""t"":3571},{""x"":1439,""y"":581,""t"":3637},{""x"":1426,""y"":568,""t"":3647},{""x"":1404,""y"":567,""t"":3700},{""x"":1421,""y"":576,""t"":3711},{""x"":1489,""y"":582,""t"":3764},{""x"":1541,""y"":578,""t"":3776},{""x"":1476,""y"":589,""t"":3823},{""x"":1520,""y"":586,""t"":3844},{""x"":1560,""y"":587,""t"":3890},{""x"":1535,""y"":589,""t"":3911},{""x"":1531,""y"":597,""t"":3959},{""x"":1460,""y"":608,""t"":3979},{""x"":1527,""y"":596,""t"":4026},{""x"":1419,""y"":604,""t"":4066},{""x"":1397,""y"":602,""t"":4082},{""x"":1414,""y"":594,""t"":4130},{""x"":1414,""y"":590,""t"":4150},{""x"":1384,""y"":617,""t"":4196},{""x"":1363,""y"":614,""t"":4218},{""x"":1381,""y"":623,""t"":4264},{""x"":1344,""y"":637,""t"":4285},{""x"":1345,""y"":624,""t"":4334},{""x"":1401,""y"":608,""t"":4353},{""x"":1364,""y"":622,""t"":4399},{""x"":1330,""y"":625,""t"":4422},{""x"":1284,""y"":635,""t"":4476},{""x"":1254,""y"":629,""t"":4489},{""x"":1234,""y"":672,""t"":4536},{""x"":1247,""y"":695,""t"":4558},{""x"":1211,""y"":691,""t"":4611},{""x"":1228,""y"":694,""t"":4625},{""x"":1151,""y"":693,""t"":4673},{""x"":1038,""y"":687,""t"":4693},{""x"":1009,""y"":685,""t"":4742},{""x"":953,""y"":661,""t"":4761},{""x"":895,""y"":634,""t"":4808},{""x"":850,""y"":611,""t"":4829},{""x"":757,""y"":592,""t"":4875},{""x"":660,""y"":584,""t"":4897},{""x"":756,""y"":594,""t"":4943},{""x"":833,""y"":592,""t"":4985},{""x"":922,""y"":557,""t"":4999},{""x"":1051,""y"":528,""t"":5047},{""x"":1124,""y"":539,""t"":5068},{""x"":1238,""y"":522,""t"":5117},{""x"":1306,""y"":507,""t"":5136},{""x"":1295,""y"":493,""t"":5182},{""x"":1280,""y"":482,""t"":5202},{""x"":1332,""y"":467,""t"":5250},{""x"":1374,""y"":456,""t"":5271},{""x"":1370,""y"":452,""t"":5319},{""x"":1387,""y"":488,""t"":5338},{""x"":1348,""y"":498,""t"":5386},{""x"":1367,""y"":524,""t"":5408},{""x"":1334,""y"":535,""t"":5459},{""x"":1320,""y"":540,""t"":5475},{""x"":1235,""y"":586,""t"":5522},{""x"":1226,""y"":587,""t"":5543},{""x"":1236,""y"":586,""t"":5590},{""x"":1235,""y"":573,""t"":5611},{""x"":1227,""y"":575,""t"":5660},{""x"":1227,""y"":561,""t"":5679},{""x"":1244,""y"":540,""t"":5725},{""x"":1243,""y"":591,""t"":5764},{""x"":1232,""y"":586,""t"":5781},{""x"":1194,""y"":569,""t"":5827},{""x"":1163,""y"":554,""t"":5850},{""x"":1242,""y"":524,""t"":5896},{""x"":1214,""y"":509,""t"":5918}]",0,0.861549085895288,0.13845091410471197,eu_b-last_b-longer,0
142-alternatives,0,6,exp_50,0.0,263.9000000357628,0.49,0.32,6.9,8.2,higher_p,higher_m,0,1,alternatives,0.0,False,3.381,2.624,0.7570000000000006,1.0364678509508771,0.6,0.4,0.5,0.5,0.0,0.0,higher_p,higher_p,True,"{""durations"":[1000,1500,1000,1500],""alternatives"":[1,0,1,0],""attributes"":[""all"",""all"",""all"",""all""]}","[{""x"":1109,""y"":529,""t"":-13},{""x"":1123,""y"":499,""t"":0},{""x"":1102,""y"":497,""t"":56},{""x"":1083,""y"":497,""t"":80},{""x"":1076,""y"":512,""t"":127},{""x"":1070,""y"":527,""t"":136},{""x"":1074,""y"":529,""t"":189},{""x"":1077,""y"":532,""t"":205},{""x"":1123,""y"":514,""t"":252},{""x"":1115,""y"":515,""t"":290},{""x"":1087,""y"":518,""t"":307},{""x"":1046,""y"":525,""t"":353},{""x"":973,""y"":535,""t"":375},{""x"":880,""y"":530,""t"":422},{""x"":803,""y"":526,""t"":444},{""x"":711,""y"":542,""t"":491},{""x"":637,""y"":554,""t"":510},{""x"":607,""y"":553,""t"":557},{""x"":587,""y"":552,""t"":579},{""x"":570,""y"":565,""t"":627},{""x"":561,""y"":576,""t"":647},{""x"":593,""y"":599,""t"":695},{""x"":636,""y"":598,""t"":714},{""x"":615,""y"":620,""t"":761},{""x"":656,""y"":614,""t"":783},{""x"":643,""y"":594,""t"":831},{""x"":632,""y"":576,""t"":850},{""x"":688,""y"":566,""t"":897},{""x"":735,""y"":558,""t"":920},{""x"":819,""y"":500,""t"":967},{""x"":848,""y"":467,""t"":986},{""x"":826,""y"":428,""t"":1034},{""x"":804,""y"":395,""t"":1055},{""x"":779,""y"":350,""t"":1102},{""x"":744,""y"":325,""t"":1124},{""x"":746,""y"":308,""t"":1170},{""x"":751,""y"":296,""t"":1192},{""x"":847,""y"":299,""t"":1239},{""x"":900,""y"":309,""t"":1259},{""x"":973,""y"":360,""t"":1305},{""x"":1096,""y"":408,""t"":1327},{""x"":1172,""y"":427,""t"":1373},{""x"":1223,""y"":445,""t"":1396},{""x"":1298,""y"":469,""t"":1441},{""x"":1285,""y"":508,""t"":1464},{""x"":1340,""y"":493,""t"":1510},{""x"":1381,""y"":507,""t"":1531},{""x"":1495,""y"":529,""t"":1579},{""x"":1582,""y"":543,""t"":1599},{""x"":1657,""y"":537,""t"":1647},{""x"":1655,""y"":576,""t"":1667},{""x"":1648,""y"":548,""t"":1714},{""x"":1633,""y"":506,""t"":1753},{""x"":1616,""y"":469,""t"":1769},{""x"":1661,""y"":422,""t"":1817},{""x"":1659,""y"":396,""t"":1836},{""x"":1658,""y"":391,""t"":1888},{""x"":1655,""y"":384,""t"":1905},{""x"":1663,""y"":371,""t"":1953},{""x"":1668,""y"":361,""t"":1973},{""x"":1613,""y"":365,""t"":2020},{""x"":1585,""y"":372,""t"":2042},{""x"":1612,""y"":341,""t"":2088},{""x"":1581,""y"":330,""t"":2108},{""x"":1627,""y"":306,""t"":2155},{""x"":1650,""y"":307,""t"":2178},{""x"":1621,""y"":309,""t"":2227},{""x"":1591,""y"":331,""t"":2245},{""x"":1615,""y"":309,""t"":2293},{""x"":1648,""y"":289,""t"":2313},{""x"":1556,""y"":335,""t"":2360},{""x"":1511,""y"":411,""t"":2381},{""x"":1423,""y"":485,""t"":2427},{""x"":1328,""y"":534,""t"":2449},{""x"":1363,""y"":566,""t"":2495},{""x"":1396,""y"":591,""t"":2517},{""x"":1377,""y"":605,""t"":2565},{""x"":1362,""y"":615,""t"":2585},{""x"":1421,""y"":630,""t"":2632},{""x"":1451,""y"":639,""t"":2653},{""x"":1546,""y"":632,""t"":2699},{""x"":1523,""y"":652,""t"":2722},{""x"":1367,""y"":649,""t"":2767},{""x"":1178,""y"":634,""t"":2790},{""x"":1075,""y"":597,""t"":2838},{""x"":946,""y"":571,""t"":2857},{""x"":859,""y"":519,""t"":2905},{""x"":793,""y"":475,""t"":2925},{""x"":718,""y"":466,""t"":2973},{""x"":662,""y"":459,""t"":2994},{""x"":619,""y"":436,""t"":3041},{""x"":625,""y"":374,""t"":3062},{""x"":602,""y"":343,""t"":3110},{""x"":610,""y"":317,""t"":3129},{""x"":674,""y"":290,""t"":3176},{""x"":723,""y"":278,""t"":3198},{""x"":689,""y"":277,""t"":3245},{""x"":686,""y"":262,""t"":3266},{""x"":665,""y"":260,""t"":3312},{""x"":648,""y"":261,""t"":3333},{""x"":620,""y"":251,""t"":3379},{""x"":597,""y"":244,""t"":3401},{""x"":770,""y"":219,""t"":3449},{""x"":909,""y"":191,""t"":3469},{""x"":1086,""y"":251,""t"":3516},{""x"":1299,""y"":303,""t"":3537},{""x"":1408,""y"":365,""t"":3585},{""x"":1475,""y"":385,""t"":3606},{""x"":1522,""y"":407,""t"":3652},{""x"":1528,""y"":434,""t"":3674},{""x"":1570,""y"":485,""t"":3721},{""x"":1598,""y"":526,""t"":3741},{""x"":1616,""y"":553,""t"":3789},{""x"":1625,""y"":573,""t"":3809},{""x"":1648,""y"":589,""t"":3856},{""x"":1661,""y"":600,""t"":3877},{""x"":1615,""y"":631,""t"":3925},{""x"":1572,""y"":655,""t"":3945},{""x"":1520,""y"":639,""t"":3994},{""x"":1523,""y"":650,""t"":4013},{""x"":1544,""y"":662,""t"":4061},{""x"":1562,""y"":670,""t"":4080},{""x"":1563,""y"":598,""t"":4126},{""x"":1562,""y"":534,""t"":4149},{""x"":1558,""y"":493,""t"":4201},{""x"":1553,""y"":459,""t"":4218},{""x"":1610,""y"":401,""t"":4265},{""x"":1658,""y"":353,""t"":4285},{""x"":1683,""y"":327,""t"":4332},{""x"":1710,""y"":324,""t"":4353},{""x"":1578,""y"":523,""t"":4399},{""x"":1437,""y"":708,""t"":4422},{""x"":1400,""y"":850,""t"":4468},{""x"":1288,""y"":968,""t"":4488},{""x"":1248,""y"":964,""t"":4535},{""x"":1280,""y"":974,""t"":4557},{""x"":1289,""y"":905,""t"":4604},{""x"":1323,""y"":863,""t"":4625},{""x"":1336,""y"":837,""t"":4672},{""x"":1394,""y"":810,""t"":4694},{""x"":1399,""y"":774,""t"":4741},{""x"":1353,""y"":761,""t"":4762},{""x"":1391,""y"":757,""t"":4809},{""x"":1430,""y"":732,""t"":4830},{""x"":1378,""y"":725,""t"":4876},{""x"":1324,""y"":716,""t"":4897},{""x"":1283,""y"":676,""t"":4944},{""x"":1250,""y"":643,""t"":4965},{""x"":1248,""y"":640,""t"":5014},{""x"":1278,""y"":631,""t"":5034},{""x"":1319,""y"":601,""t"":5080},{""x"":1307,""y"":587,""t"":5101},{""x"":1307,""y"":577,""t"":5149},{""x"":1291,""y"":569,""t"":5170},{""x"":1267,""y"":572,""t"":5217},{""x"":1275,""y"":560,""t"":5237},{""x"":1278,""y"":552,""t"":5284},{""x"":1280,""y"":546,""t"":5306},{""x"":1266,""y"":522,""t"":5353},{""x"":1210,""y"":502,""t"":5373},{""x"":1201,""y"":507,""t"":5421},{""x"":1195,""y"":513,""t"":5441},{""x"":1171,""y"":518,""t"":5485},{""x"":1180,""y"":493,""t"":5527},{""x"":1197,""y"":484,""t"":5543},{""x"":1169,""y"":479,""t"":5593},{""x"":1113,""y"":530,""t"":5610},{""x"":1152,""y"":541,""t"":5656},{""x"":1195,""y"":559,""t"":5679},{""x"":1164,""y"":599,""t"":5726},{""x"":1138,""y"":580,""t"":5747},{""x"":1120,""y"":583,""t"":5795},{""x"":1102,""y"":585,""t"":5814}]",0,0.9447445492841353,0.05525545071586475,eu_b-last_b-longer,0
142-alternatives,0,8,exp_78,0.0,368.0,0.8,0.2,4.0,6.799999999999999,higher_p,higher_m,0,1,alternatives,0.0,False,3.2,1.36,1.8400000000000003,2.151159690652763,0.4,0.6,0.5,0.5,1.0,1.0,higher_m,higher_m,True,"{""durations"":[1000,1500,1000,1500],""alternatives"":[0,1,0,1],""attributes"":[""all"",""all"",""all"",""all""]}","[{""x"":1156,""y"":563,""t"":0},{""x"":1160,""y"":553,""t"":43},{""x"":1123,""y"":553,""t"":83},{""x"":1041,""y"":527,""t"":130},{""x"":971,""y"":506,""t"":150},{""x"":977,""y"":514,""t"":197},{""x"":953,""y"":517,""t"":206},{""x"":997,""y"":506,""t"":257},{""x"":1039,""y"":507,""t"":273},{""x"":1000,""y"":528,""t"":319},{""x"":907,""y"":549,""t"":342},{""x"":778,""y"":554,""t"":389},{""x"":672,""y"":557,""t"":408},{""x"":680,""y"":553,""t"":455},{""x"":671,""y"":567,""t"":477},{""x"":656,""y"":575,""t"":523},{""x"":673,""y"":576,""t"":561},{""x"":690,""y"":577,""t"":580},{""x"":629,""y"":599,""t"":628},{""x"":618,""y"":612,""t"":647},{""x"":617,""y"":613,""t"":694},{""x"":632,""y"":619,""t"":715},{""x"":685,""y"":615,""t"":762},{""x"":728,""y"":588,""t"":784},{""x"":653,""y"":538,""t"":831},{""x"":633,""y"":498,""t"":852},{""x"":617,""y"":436,""t"":904},{""x"":558,""y"":417,""t"":920},{""x"":540,""y"":421,""t"":971},{""x"":542,""y"":382,""t"":988},{""x"":526,""y"":377,""t"":1040},{""x"":567,""y"":374,""t"":1054},{""x"":513,""y"":393,""t"":1106},{""x"":470,""y"":386,""t"":1123},{""x"":598,""y"":372,""t"":1170},{""x"":689,""y"":360,""t"":1192},{""x"":838,""y"":393,""t"":1239},{""x"":998,""y"":401,""t"":1260},{""x"":1133,""y"":360,""t"":1309},{""x"":1194,""y"":397,""t"":1328},{""x"":1357,""y"":372,""t"":1374},{""x"":1467,""y"":364,""t"":1395},{""x"":1579,""y"":329,""t"":1442},{""x"":1651,""y"":325,""t"":1463},{""x"":1643,""y"":377,""t"":1510},{""x"":1640,""y"":437,""t"":1532},{""x"":1684,""y"":451,""t"":1577},{""x"":1697,""y"":487,""t"":1600},{""x"":1617,""y"":547,""t"":1646},{""x"":1572,""y"":586,""t"":1667},{""x"":1503,""y"":612,""t"":1713},{""x"":1459,""y"":622,""t"":1735},{""x"":1438,""y"":583,""t"":1782},{""x"":1431,""y"":568,""t"":1821},{""x"":1425,""y"":555,""t"":1837},{""x"":1456,""y"":533,""t"":1888},{""x"":1481,""y"":534,""t"":1906},{""x"":1459,""y"":535,""t"":1952},{""x"":1456,""y"":510,""t"":1974},{""x"":1497,""y"":522,""t"":2021},{""x"":1459,""y"":544,""t"":2041},{""x"":1475,""y"":575,""t"":2088},{""x"":1540,""y"":605,""t"":2109},{""x"":1526,""y"":638,""t"":2156},{""x"":1591,""y"":644,""t"":2178},{""x"":1536,""y"":677,""t"":2223},{""x"":1487,""y"":705,""t"":2246},{""x"":1514,""y"":684,""t"":2292},{""x"":1546,""y"":666,""t"":2313},{""x"":1613,""y"":650,""t"":2360},{""x"":1683,""y"":635,""t"":2382},{""x"":1577,""y"":627,""t"":2428},{""x"":1563,""y"":606,""t"":2449},{""x"":1549,""y"":592,""t"":2497},{""x"":1510,""y"":587,""t"":2517},{""x"":1438,""y"":548,""t"":2566},{""x"":1435,""y"":494,""t"":2586},{""x"":1520,""y"":420,""t"":2636},{""x"":1573,""y"":364,""t"":2654},{""x"":1601,""y"":321,""t"":2700},{""x"":1535,""y"":318,""t"":2721},{""x"":1537,""y"":270,""t"":2768},{""x"":1538,""y"":300,""t"":2790},{""x"":1284,""y"":308,""t"":2837},{""x"":1152,""y"":312,""t"":2857},{""x"":966,""y"":292,""t"":2905},{""x"":799,""y"":286,""t"":2925},{""x"":692,""y"":288,""t"":2972},{""x"":569,""y"":294,""t"":2993},{""x"":614,""y"":298,""t"":3040},{""x"":651,""y"":316,""t"":3061},{""x"":510,""y"":360,""t"":3109},{""x"":433,""y"":400,""t"":3129},{""x"":426,""y"":443,""t"":3175},{""x"":447,""y"":484,""t"":3198},{""x"":452,""y"":505,""t"":3244},{""x"":462,""y"":521,""t"":3266},{""x"":478,""y"":516,""t"":3314},{""x"":495,""y"":510,""t"":3333},{""x"":470,""y"":557,""t"":3380},{""x"":523,""y"":578,""t"":3401},{""x"":556,""y"":585,""t"":3447},{""x"":616,""y"":564,""t"":3469},{""x"":587,""y"":575,""t"":3516},{""x"":684,""y"":587,""t"":3555},{""x"":728,""y"":580,""t"":3571},{""x"":743,""y"":592,""t"":3623},{""x"":733,""y"":602,""t"":3640},{""x"":717,""y"":617,""t"":3686},{""x"":702,""y"":629,""t"":3708},{""x"":833,""y"":662,""t"":3754},{""x"":865,""y"":649,""t"":3775},{""x"":1089,""y"":642,""t"":3822},{""x"":1193,""y"":656,""t"":3842},{""x"":1353,""y"":632,""t"":3896},{""x"":1482,""y"":611,""t"":3910},{""x"":1548,""y"":607,""t"":3959},{""x"":1566,""y"":596,""t"":3998},{""x"":1604,""y"":585,""t"":4013},{""x"":1609,""y"":573,""t"":4061},{""x"":1631,""y"":567,""t"":4081},{""x"":1652,""y"":558,""t"":4130},{""x"":1662,""y"":505,""t"":4149},{""x"":1728,""y"":424,""t"":4195},{""x"":1794,""y"":354,""t"":4218},{""x"":1782,""y"":326,""t"":4264},{""x"":1821,""y"":296,""t"":4286},{""x"":1790,""y"":290,""t"":4333},{""x"":1763,""y"":307,""t"":4352},{""x"":1719,""y"":284,""t"":4401},{""x"":1696,""y"":272,""t"":4422},{""x"":1617,""y"":297,""t"":4469},{""x"":1564,""y"":283,""t"":4490},{""x"":1527,""y"":297,""t"":4536},{""x"":1497,""y"":311,""t"":4557},{""x"":1303,""y"":304,""t"":4603},{""x"":1165,""y"":321,""t"":4625},{""x"":1093,""y"":353,""t"":4673},{""x"":942,""y"":384,""t"":4693},{""x"":914,""y"":373,""t"":4740},{""x"":850,""y"":366,""t"":4779},{""x"":829,""y"":356,""t"":4795},{""x"":748,""y"":364,""t"":4842},{""x"":760,""y"":377,""t"":4863},{""x"":704,""y"":392,""t"":4911},{""x"":649,""y"":407,""t"":4932},{""x"":623,""y"":410,""t"":4980},{""x"":642,""y"":413,""t"":5000},{""x"":767,""y"":409,""t"":5047},{""x"":766,""y"":419,""t"":5067},{""x"":750,""y"":435,""t"":5116},{""x"":722,""y"":459,""t"":5136},{""x"":687,""y"":471,""t"":5183},{""x"":655,""y"":465,""t"":5204},{""x"":656,""y"":463,""t"":5249},{""x"":746,""y"":480,""t"":5271},{""x"":766,""y"":492,""t"":5319},{""x"":797,""y"":498,""t"":5338},{""x"":901,""y"":495,""t"":5387},{""x"":986,""y"":525,""t"":5406},{""x"":1018,""y"":526,""t"":5455},{""x"":1030,""y"":533,""t"":5476},{""x"":1047,""y"":482,""t"":5524},{""x"":1059,""y"":438,""t"":5543},{""x"":1090,""y"":422,""t"":5591},{""x"":1089,""y"":428,""t"":5611},{""x"":1113,""y"":448,""t"":5658},{""x"":1125,""y"":478,""t"":5679},{""x"":1136,""y"":511,""t"":5728},{""x"":1153,""y"":488,""t"":5746},{""x"":1167,""y"":464,""t"":5795},{""x"":1121,""y"":455,""t"":5815},{""x"":1158,""y"":441,""t"":5862},{""x"":1122,""y"":443,""t"":5884}]",0,0.9994017081320177,0.00059829186798224,eu_b-last_b-longer,0
142-alternatives,0,10,catch_2,1.0,58.19999998807907,0.38,0.6,2.2,4.0,dominated,dominant,1,1,alternatives,0.0,False,0.8360000000000001,2.4,-1.5639999999999998,-1.35245159498456,0.5,0.5,0.5,0.5,,1.0,,dominant,True,"{""durations"":[1250,1250,1250,1250],""attributes"":[""all"",""all"",""all"",""all""],""alternatives"":[0,1,0,1]}","[{""x"":1336,""y"":370,""t"":-15},{""x"":1325,""y"":368,""t"":0},{""x"":1326,""y"":389,""t"":48},{""x"":1281,""y"":375,""t"":95},{""x"":1238,""y"":364,""t"":111},{""x"":1205,""y"":390,""t"":165},{""x"":1190,""y"":419,""t"":176},{""x"":1175,""y"":417,""t"":228},{""x"":1163,""y"":415,""t"":239},{""x"":1097,""y"":438,""t"":288},{""x"":1109,""y"":442,""t"":308},{""x"":1021,""y"":422,""t"":357},{""x"":930,""y"":402,""t"":375},{""x"":850,""y"":410,""t"":421},{""x"":791,""y"":427,""t"":444},{""x"":738,""y"":458,""t"":491},{""x"":698,""y"":483,""t"":510},{""x"":648,""y"":499,""t"":558},{""x"":628,""y"":495,""t"":578},{""x"":595,""y"":512,""t"":626},{""x"":585,""y"":530,""t"":666},{""x"":566,""y"":550,""t"":682},{""x"":655,""y"":737,""t"":730},{""x"":735,""y"":895,""t"":749},{""x"":753,""y"":887,""t"":797},{""x"":761,""y"":880,""t"":817},{""x"":761,""y"":821,""t"":864},{""x"":742,""y"":710,""t"":886},{""x"":738,""y"":621,""t"":936},{""x"":770,""y"":527,""t"":953},{""x"":703,""y"":462,""t"":1005},{""x"":645,""y"":410,""t"":1021},{""x"":649,""y"":348,""t"":1073},{""x"":586,""y"":310,""t"":1090},{""x"":571,""y"":275,""t"":1138},{""x"":618,""y"":247,""t"":1157},{""x"":640,""y"":236,""t"":1203},{""x"":631,""y"":228,""t"":1225},{""x"":641,""y"":226,""t"":1273},{""x"":694,""y"":227,""t"":1294},{""x"":669,""y"":215,""t"":1340},{""x"":639,""y"":255,""t"":1361},{""x"":657,""y"":237,""t"":1407},{""x"":694,""y"":242,""t"":1429},{""x"":877,""y"":250,""t"":1476},{""x"":1026,""y"":257,""t"":1498},{""x"":1196,""y"":280,""t"":1544},{""x"":1340,""y"":300,""t"":1565},{""x"":1505,""y"":262,""t"":1612},{""x"":1610,""y"":291,""t"":1632},{""x"":1657,""y"":301,""t"":1679},{""x"":1763,""y"":302,""t"":1702},{""x"":1741,""y"":356,""t"":1749},{""x"":1758,""y"":391,""t"":1769},{""x"":1778,""y"":426,""t"":1815},{""x"":1703,""y"":470,""t"":1837},{""x"":1588,""y"":524,""t"":1882},{""x"":1500,""y"":590,""t"":1906},{""x"":1415,""y"":637,""t"":1953},{""x"":1465,""y"":649,""t"":1974},{""x"":1476,""y"":613,""t"":2022},{""x"":1465,""y"":570,""t"":2041},{""x"":1506,""y"":513,""t"":2088},{""x"":1522,""y"":469,""t"":2110},{""x"":1509,""y"":467,""t"":2156},{""x"":1549,""y"":442,""t"":2178},{""x"":1532,""y"":400,""t"":2224},{""x"":1534,""y"":367,""t"":2245},{""x"":1522,""y"":400,""t"":2292},{""x"":1511,""y"":429,""t"":2313},{""x"":1546,""y"":427,""t"":2362},{""x"":1385,""y"":485,""t"":2381},{""x"":1463,""y"":523,""t"":2428},{""x"":1532,""y"":555,""t"":2449},{""x"":1527,""y"":596,""t"":2496},{""x"":1521,""y"":630,""t"":2518},{""x"":1534,""y"":635,""t"":2565},{""x"":1473,""y"":657,""t"":2585},{""x"":1496,""y"":670,""t"":2633},{""x"":1517,""y"":678,""t"":2654},{""x"":1533,""y"":682,""t"":2700},{""x"":1447,""y"":712,""t"":2721},{""x"":1394,""y"":699,""t"":2769},{""x"":1351,""y"":687,""t"":2788},{""x"":1198,""y"":681,""t"":2837},{""x"":1058,""y"":664,""t"":2858},{""x"":926,""y"":644,""t"":2905},{""x"":837,""y"":622,""t"":2926},{""x"":766,""y"":608,""t"":2978},{""x"":733,""y"":597,""t"":2992},{""x"":684,""y"":566,""t"":3040},{""x"":656,""y"":545,""t"":3061},{""x"":664,""y"":553,""t"":3109},{""x"":682,""y"":561,""t"":3130},{""x"":680,""y"":556,""t"":3176},{""x"":670,""y"":572,""t"":3197},{""x"":643,""y"":591,""t"":3243},{""x"":649,""y"":602,""t"":3265},{""x"":838,""y"":602,""t"":3311},{""x"":988,""y"":606,""t"":3334},{""x"":1059,""y"":640,""t"":3381},{""x"":1146,""y"":643,""t"":3401},{""x"":1287,""y"":654,""t"":3449},{""x"":1394,""y"":666,""t"":3469},{""x"":1436,""y"":647,""t"":3515},{""x"":1458,""y"":632,""t"":3538},{""x"":1402,""y"":595,""t"":3585},{""x"":1433,""y"":547,""t"":3604},{""x"":1486,""y"":530,""t"":3652},{""x"":1535,""y"":470,""t"":3673},{""x"":1604,""y"":409,""t"":3720},{""x"":1646,""y"":376,""t"":3741},{""x"":1585,""y"":351,""t"":3787},{""x"":1541,""y"":318,""t"":3810},{""x"":1587,""y"":291,""t"":3858},{""x"":1599,""y"":278,""t"":3897},{""x"":1637,""y"":277,""t"":3911},{""x"":1591,""y"":289,""t"":3959},{""x"":1545,""y"":293,""t"":3979},{""x"":1548,""y"":268,""t"":4025},{""x"":1549,""y"":274,""t"":4047},{""x"":1500,""y"":258,""t"":4093},{""x"":1516,""y"":262,""t"":4115},{""x"":1520,""y"":254,""t"":4162},{""x"":1506,""y"":261,""t"":4182},{""x"":1509,""y"":311,""t"":4232},{""x"":1501,""y"":360,""t"":4251},{""x"":1402,""y"":447,""t"":4299},{""x"":1360,""y"":509,""t"":4320},{""x"":1323,""y"":585,""t"":4366},{""x"":1288,""y"":643,""t"":4388},{""x"":1297,""y"":689,""t"":4434},{""x"":1284,""y"":719,""t"":4455},{""x"":1260,""y"":739,""t"":4502},{""x"":1235,""y"":748,""t"":4522},{""x"":1219,""y"":763,""t"":4569},{""x"":1208,""y"":772,""t"":4591},{""x"":1239,""y"":758,""t"":4637},{""x"":1268,""y"":747,""t"":4659},{""x"":1254,""y"":767,""t"":4705},{""x"":1247,""y"":764,""t"":4728},{""x"":1300,""y"":765,""t"":4774},{""x"":1319,""y"":754,""t"":4796},{""x"":1363,""y"":727,""t"":4843},{""x"":1400,""y"":702,""t"":4864},{""x"":1385,""y"":689,""t"":4912},{""x"":1425,""y"":674,""t"":4930},{""x"":1365,""y"":680,""t"":4977},{""x"":1343,""y"":692,""t"":5000},{""x"":1396,""y"":678,""t"":5048},{""x"":1440,""y"":666,""t"":5067},{""x"":1377,""y"":678,""t"":5116},{""x"":1321,""y"":689,""t"":5135},{""x"":1380,""y"":680,""t"":5182},{""x"":1489,""y"":651,""t"":5204},{""x"":1489,""y"":669,""t"":5251},{""x"":1474,""y"":684,""t"":5271},{""x"":1386,""y"":697,""t"":5317},{""x"":1345,""y"":698,""t"":5339},{""x"":1303,""y"":707,""t"":5387},{""x"":1401,""y"":715,""t"":5406},{""x"":1308,""y"":733,""t"":5455},{""x"":1319,""y"":719,""t"":5474},{""x"":1234,""y"":710,""t"":5522},{""x"":1165,""y"":667,""t"":5544},{""x"":1174,""y"":620,""t"":5590}]",1,0.0037630407484338384,0.9962369592515661,eu_b-last_b-longer,0
142-alternatives,0,14,exp_26,0.0,213.0999999642372,0.3,0.17,2.0,3.0,higher_p,higher_m,0,1,alternatives,0.0,False,0.6,0.51,0.0899999999999999,0.3499494233597794,0.6,0.4,0.5,0.5,0.0,0.0,higher_p,higher_p,True,"{""durations"":[1000,1500,1000,1500],""alternatives"":[1,0,1,0],""attributes"":[""all"",""all"",""all"",""all""]}","[{""x"":1091,""y"":442,""t"":-16},{""x"":1054,""y"":461,""t"":0},{""x"":989,""y"":498,""t"":54},{""x"":960,""y"":487,""t"":100},{""x"":938,""y"":476,""t"":109},{""x"":946,""y"":511,""t"":158},{""x"":960,""y"":543,""t"":171},{""x"":1015,""y"":484,""t"":217},{""x"":1101,""y"":455,""t"":239},{""x"":1239,""y"":426,""t"":287},{""x"":1328,""y"":404,""t"":307},{""x"":1409,""y"":402,""t"":353},{""x"":1461,""y"":410,""t"":376},{""x"":1564,""y"":393,""t"":422},{""x"":1634,""y"":397,""t"":444},{""x"":1638,""y"":422,""t"":492},{""x"":1659,""y"":433,""t"":512},{""x"":1645,""y"":457,""t"":559},{""x"":1628,""y"":478,""t"":580},{""x"":1339,""y"":711,""t"":626},{""x"":1077,""y"":891,""t"":648},{""x"":1072,""y"":987,""t"":694},{""x"":1075,""y"":1061,""t"":715},{""x"":1140,""y"":989,""t"":764},{""x"":1201,""y"":920,""t"":783},{""x"":1295,""y"":823,""t"":829},{""x"":1381,""y"":746,""t"":852},{""x"":1414,""y"":659,""t"":898},{""x"":1477,""y"":565,""t"":938},{""x"":1536,""y"":481,""t"":953},{""x"":1579,""y"":411,""t"":1001},{""x"":1589,""y"":339,""t"":1021},{""x"":1726,""y"":251,""t"":1069},{""x"":1786,""y"":197,""t"":1090},{""x"":1781,""y"":159,""t"":1137},{""x"":1736,""y"":151,""t"":1157},{""x"":1674,""y"":154,""t"":1203},{""x"":1618,""y"":161,""t"":1226},{""x"":1368,""y"":207,""t"":1272},{""x"":1103,""y"":266,""t"":1294},{""x"":957,""y"":279,""t"":1341},{""x"":852,""y"":315,""t"":1361},{""x"":714,""y"":348,""t"":1408},{""x"":618,""y"":364,""t"":1430},{""x"":490,""y"":421,""t"":1478},{""x"":456,""y"":449,""t"":1497},{""x"":411,""y"":457,""t"":1543},{""x"":337,""y"":477,""t"":1564},{""x"":338,""y"":509,""t"":1612},{""x"":407,""y"":526,""t"":1633},{""x"":395,""y"":507,""t"":1680},{""x"":377,""y"":488,""t"":1701},{""x"":470,""y"":436,""t"":1747},{""x"":496,""y"":396,""t"":1770},{""x"":453,""y"":353,""t"":1818},{""x"":425,""y"":333,""t"":1837},{""x"":420,""y"":319,""t"":1884},{""x"":456,""y"":325,""t"":1906},{""x"":451,""y"":312,""t"":1952},{""x"":484,""y"":299,""t"":1974},{""x"":521,""y"":279,""t"":2022},{""x"":549,""y"":250,""t"":2042},{""x"":622,""y"":242,""t"":2088},{""x"":584,""y"":254,""t"":2108},{""x"":603,""y"":262,""t"":2157},{""x"":551,""y"":302,""t"":2177},{""x"":562,""y"":346,""t"":2227},{""x"":492,""y"":435,""t"":2245},{""x"":500,""y"":442,""t"":2292},{""x"":515,""y"":478,""t"":2312},{""x"":486,""y"":506,""t"":2358},{""x"":519,""y"":516,""t"":2382},{""x"":524,""y"":526,""t"":2432},{""x"":518,""y"":515,""t"":2450},{""x"":528,""y"":535,""t"":2498},{""x"":497,""y"":569,""t"":2516},{""x"":489,""y"":570,""t"":2563},{""x"":477,""y"":572,""t"":2586},{""x"":739,""y"":606,""t"":2632},{""x"":928,""y"":607,""t"":2653},{""x"":1082,""y"":599,""t"":2701},{""x"":1229,""y"":574,""t"":2721},{""x"":1327,""y"":550,""t"":2767},{""x"":1431,""y"":513,""t"":2789},{""x"":1479,""y"":484,""t"":2835},{""x"":1510,""y"":460,""t"":2856},{""x"":1607,""y"":450,""t"":2903},{""x"":1625,""y"":451,""t"":2925},{""x"":1672,""y"":464,""t"":2974},{""x"":1703,""y"":481,""t"":2992},{""x"":1639,""y"":453,""t"":3041},{""x"":1614,""y"":412,""t"":3062},{""x"":1636,""y"":377,""t"":3110},{""x"":1651,""y"":348,""t"":3130},{""x"":1682,""y"":322,""t"":3177},{""x"":1678,""y"":318,""t"":3197},{""x"":1690,""y"":303,""t"":3243},{""x"":1698,""y"":292,""t"":3266},{""x"":1652,""y"":309,""t"":3316},{""x"":1611,""y"":324,""t"":3332},{""x"":1635,""y"":320,""t"":3380},{""x"":1629,""y"":321,""t"":3402},{""x"":1617,""y"":314,""t"":3449},{""x"":1603,""y"":298,""t"":3469},{""x"":1576,""y"":321,""t"":3518},{""x"":1554,""y"":341,""t"":3537},{""x"":1476,""y"":338,""t"":3583},{""x"":1513,""y"":330,""t"":3606},{""x"":1376,""y"":334,""t"":3653},{""x"":1228,""y"":337,""t"":3674},{""x"":1072,""y"":335,""t"":3719},{""x"":890,""y"":339,""t"":3741},{""x"":762,""y"":336,""t"":3787},{""x"":671,""y"":322,""t"":3809},{""x"":482,""y"":362,""t"":3855},{""x"":413,""y"":384,""t"":3878},{""x"":393,""y"":414,""t"":3923},{""x"":368,""y"":442,""t"":3946},{""x"":310,""y"":489,""t"":3992},{""x"":291,""y"":517,""t"":4012},{""x"":299,""y"":540,""t"":4059},{""x"":287,""y"":565,""t"":4081},{""x"":379,""y"":565,""t"":4128},{""x"":462,""y"":562,""t"":4150},{""x"":486,""y"":518,""t"":4196},{""x"":481,""y"":470,""t"":4217},{""x"":509,""y"":422,""t"":4264},{""x"":500,""y"":395,""t"":4286},{""x"":521,""y"":357,""t"":4333},{""x"":586,""y"":330,""t"":4354},{""x"":570,""y"":321,""t"":4399},{""x"":556,""y"":316,""t"":4422},{""x"":580,""y"":300,""t"":4468},{""x"":600,""y"":288,""t"":4489},{""x"":583,""y"":290,""t"":4536},{""x"":561,""y"":290,""t"":4558},{""x"":599,""y"":337,""t"":4606},{""x"":631,""y"":378,""t"":4625},{""x"":666,""y"":401,""t"":4672},{""x"":646,""y"":410,""t"":4694},{""x"":543,""y"":448,""t"":4740},{""x"":665,""y"":454,""t"":4781},{""x"":694,""y"":459,""t"":4794},{""x"":681,""y"":434,""t"":4841},{""x"":792,""y"":422,""t"":4864},{""x"":733,""y"":467,""t"":4911},{""x"":679,""y"":490,""t"":4932},{""x"":569,""y"":500,""t"":4980},{""x"":513,""y"":503,""t"":5000},{""x"":531,""y"":487,""t"":5049},{""x"":524,""y"":473,""t"":5068},{""x"":553,""y"":467,""t"":5115},{""x"":541,""y"":465,""t"":5135},{""x"":519,""y"":471,""t"":5182},{""x"":556,""y"":505,""t"":5203},{""x"":634,""y"":518,""t"":5249},{""x"":751,""y"":500,""t"":5271},{""x"":809,""y"":493,""t"":5318},{""x"":844,""y"":488,""t"":5358},{""x"":890,""y"":478,""t"":5372},{""x"":956,""y"":492,""t"":5418},{""x"":996,""y"":515,""t"":5441},{""x"":948,""y"":549,""t"":5488},{""x"":903,""y"":577,""t"":5509},{""x"":852,""y"":578,""t"":5557},{""x"":882,""y"":597,""t"":5577},{""x"":951,""y"":580,""t"":5626},{""x"":1020,""y"":539,""t"":5646},{""x"":1013,""y"":527,""t"":5701},{""x"":974,""y"":528,""t"":5713}]",0,0.6558447686652668,0.34415523133473314,eu_b-last_b-longer,0
142-alternatives,0,15,exp_40,1.0,263.30000001192093,0.81,0.48,1.6999999999999995,7.9,higher_p,higher_m,0,1,alternatives,0.0,False,1.3769999999999998,3.792,-2.415,-2.2283544163938904,0.6,0.4,0.5,0.5,0.0,1.0,higher_p,higher_m,False,"{""durations"":[1500,1000,1500,1000],""alternatives"":[0,1,0,1],""attributes"":[""all"",""all"",""all"",""all""]}","[{""x"":1018,""y"":370,""t"":0},{""x"":1007,""y"":402,""t"":45},{""x"":959,""y"":431,""t"":69},{""x"":1041,""y"":408,""t"":116},{""x"":977,""y"":435,""t"":155},{""x"":906,""y"":512,""t"":171},{""x"":979,""y"":525,""t"":219},{""x"":969,""y"":514,""t"":239},{""x"":850,""y"":507,""t"":286},{""x"":724,""y"":522,""t"":307},{""x"":536,""y"":560,""t"":354},{""x"":380,""y"":591,""t"":376},{""x"":339,""y"":608,""t"":422},{""x"":305,""y"":625,""t"":443},{""x"":300,""y"":599,""t"":489},{""x"":364,""y"":583,""t"":512},{""x"":341,""y"":581,""t"":560},{""x"":330,""y"":577,""t"":580},{""x"":296,""y"":569,""t"":628},{""x"":269,""y"":562,""t"":647},{""x"":357,""y"":487,""t"":694},{""x"":435,""y"":423,""t"":716},{""x"":417,""y"":418,""t"":763},{""x"":457,""y"":389,""t"":783},{""x"":491,""y"":361,""t"":830},{""x"":587,""y"":350,""t"":851},{""x"":579,""y"":325,""t"":898},{""x"":571,""y"":306,""t"":919},{""x"":564,""y"":294,""t"":967},{""x"":551,""y"":270,""t"":988},{""x"":569,""y"":276,""t"":1035},{""x"":586,""y"":281,""t"":1074},{""x"":567,""y"":307,""t"":1090},{""x"":549,""y"":322,""t"":1138},{""x"":546,""y"":304,""t"":1156},{""x"":624,""y"":310,""t"":1204},{""x"":652,""y"":321,""t"":1225},{""x"":824,""y"":338,""t"":1271},{""x"":885,""y"":381,""t"":1293},{""x"":1054,""y"":369,""t"":1339},{""x"":1221,""y"":360,""t"":1360},{""x"":1366,""y"":358,""t"":1407},{""x"":1444,""y"":342,""t"":1447},{""x"":1561,""y"":311,""t"":1463},{""x"":1381,""y"":337,""t"":1510},{""x"":1321,""y"":336,""t"":1530},{""x"":1111,""y"":346,""t"":1576},{""x"":984,""y"":341,""t"":1616},{""x"":841,""y"":342,""t"":1634},{""x"":807,""y"":339,""t"":1680},{""x"":779,""y"":327,""t"":1702},{""x"":829,""y"":310,""t"":1749},{""x"":997,""y"":315,""t"":1787},{""x"":1171,""y"":312,""t"":1802},{""x"":1286,""y"":315,""t"":1850},{""x"":1399,""y"":318,""t"":1871},{""x"":1497,""y"":327,""t"":1921},{""x"":1609,""y"":316,""t"":1939},{""x"":1636,""y"":311,""t"":1986},{""x"":1683,""y"":287,""t"":2008},{""x"":1680,""y"":334,""t"":2058},{""x"":1680,""y"":385,""t"":2075},{""x"":1591,""y"":442,""t"":2121},{""x"":1538,""y"":486,""t"":2143},{""x"":1484,""y"":533,""t"":2190},{""x"":1480,""y"":580,""t"":2212},{""x"":1461,""y"":628,""t"":2261},{""x"":1427,""y"":656,""t"":2280},{""x"":1407,""y"":658,""t"":2327},{""x"":1460,""y"":644,""t"":2348},{""x"":1473,""y"":606,""t"":2395},{""x"":1445,""y"":554,""t"":2416},{""x"":1490,""y"":488,""t"":2461},{""x"":1476,""y"":437,""t"":2483},{""x"":1410,""y"":413,""t"":2530},{""x"":1422,""y"":373,""t"":2552},{""x"":1409,""y"":356,""t"":2598},{""x"":1476,""y"":311,""t"":2636},{""x"":1506,""y"":290,""t"":2654},{""x"":1530,""y"":253,""t"":2699},{""x"":1524,""y"":233,""t"":2721},{""x"":1594,""y"":203,""t"":2768},{""x"":1570,""y"":205,""t"":2789},{""x"":1455,""y"":208,""t"":2836},{""x"":1356,""y"":213,""t"":2858},{""x"":1100,""y"":255,""t"":2903},{""x"":987,""y"":267,""t"":2926},{""x"":904,""y"":273,""t"":2972},{""x"":711,""y"":311,""t"":3012},{""x"":554,""y"":342,""t"":3028},{""x"":666,""y"":359,""t"":3075},{""x"":716,""y"":391,""t"":3094},{""x"":757,""y"":443,""t"":3141},{""x"":802,""y"":484,""t"":3164},{""x"":917,""y"":486,""t"":3211},{""x"":1008,""y"":518,""t"":3232},{""x"":1057,""y"":511,""t"":3279},{""x"":1178,""y"":494,""t"":3299},{""x"":1279,""y"":479,""t"":3348},{""x"":1335,""y"":475,""t"":3367},{""x"":1327,""y"":490,""t"":3413},{""x"":1315,""y"":492,""t"":3435},{""x"":1360,""y"":480,""t"":3482},{""x"":1424,""y"":457,""t"":3503},{""x"":1387,""y"":469,""t"":3551},{""x"":1378,""y"":470,""t"":3570},{""x"":1346,""y"":481,""t"":3616},{""x"":1375,""y"":476,""t"":3640},{""x"":1306,""y"":487,""t"":3690},{""x"":1238,""y"":487,""t"":3708},{""x"":1250,""y"":509,""t"":3756},{""x"":1287,""y"":505,""t"":3793},{""x"":1298,""y"":512,""t"":3810},{""x"":1251,""y"":512,""t"":3858},{""x"":1304,""y"":494,""t"":3896},{""x"":1289,""y"":491,""t"":3910},{""x"":1366,""y"":475,""t"":3957},{""x"":1328,""y"":486,""t"":3980},{""x"":1342,""y"":446,""t"":4026},{""x"":1345,""y"":443,""t"":4048},{""x"":1320,""y"":454,""t"":4094},{""x"":1298,""y"":464,""t"":4115},{""x"":1286,""y"":499,""t"":4163},{""x"":1258,""y"":524,""t"":4201},{""x"":1277,""y"":528,""t"":4218},{""x"":1295,""y"":508,""t"":4268},{""x"":1351,""y"":478,""t"":4285},{""x"":1320,""y"":460,""t"":4332},{""x"":1342,""y"":437,""t"":4354},{""x"":1387,""y"":465,""t"":4403},{""x"":1399,""y"":490,""t"":4421},{""x"":1424,""y"":526,""t"":4468},{""x"":1444,""y"":528,""t"":4506},{""x"":1451,""y"":503,""t"":4523},{""x"":1460,""y"":483,""t"":4570},{""x"":1428,""y"":472,""t"":4591},{""x"":1451,""y"":436,""t"":4637},{""x"":1484,""y"":405,""t"":4660},{""x"":1481,""y"":400,""t"":4707},{""x"":1573,""y"":370,""t"":4728},{""x"":1562,""y"":382,""t"":4774},{""x"":1549,""y"":393,""t"":4796},{""x"":1494,""y"":402,""t"":4843},{""x"":1494,""y"":394,""t"":4864},{""x"":1563,""y"":366,""t"":4911},{""x"":1539,""y"":342,""t"":4930},{""x"":1553,""y"":323,""t"":4976},{""x"":1591,""y"":311,""t"":4999},{""x"":1571,""y"":312,""t"":5046},{""x"":1564,""y"":318,""t"":5067},{""x"":1500,""y"":364,""t"":5115},{""x"":1500,""y"":426,""t"":5135},{""x"":1483,""y"":463,""t"":5182},{""x"":1419,""y"":501,""t"":5203},{""x"":1358,""y"":566,""t"":5249},{""x"":1282,""y"":610,""t"":5270},{""x"":1208,""y"":641,""t"":5319},{""x"":1149,""y"":663,""t"":5339},{""x"":1134,""y"":676,""t"":5386},{""x"":1126,""y"":684,""t"":5407},{""x"":1054,""y"":686,""t"":5455},{""x"":989,""y"":679,""t"":5476},{""x"":1049,""y"":645,""t"":5522},{""x"":1059,""y"":626,""t"":5544},{""x"":1092,""y"":612,""t"":5590},{""x"":1181,""y"":600,""t"":5612},{""x"":1168,""y"":561,""t"":5660},{""x"":1152,""y"":542,""t"":5678},{""x"":1125,""y"":534,""t"":5725},{""x"":1078,""y"":546,""t"":5748},{""x"":1111,""y"":531,""t"":5794}]",1,0.002327683105817506,0.9976723168941826,eu_b-last_b-longer,0
142-alternatives,0,18,catch_0,1.0,582.5,0.19,0.72,2.0,3.0,dominated,dominant,1,1,alternatives,0.0,False,0.38,2.16,-1.7800000000000002,-1.5747724051190084,0.5,0.5,0.5,0.5,,1.0,,dominant,True,"{""durations"":[1250,1250,1250,1250],""attributes"":[""all"",""all"",""all"",""all""],""alternatives"":[0,1,0,1]}","[{""x"":941,""y"":537,""t"":0},{""x"":894,""y"":548,""t"":50},{""x"":877,""y"":554,""t"":69},{""x"":880,""y"":566,""t"":116},{""x"":908,""y"":552,""t"":137},{""x"":889,""y"":558,""t"":185},{""x"":847,""y"":539,""t"":206},{""x"":797,""y"":531,""t"":254},{""x"":792,""y"":530,""t"":273},{""x"":662,""y"":537,""t"":321},{""x"":554,""y"":542,""t"":341},{""x"":470,""y"":555,""t"":389},{""x"":453,""y"":546,""t"":409},{""x"":422,""y"":547,""t"":455},{""x"":419,""y"":548,""t"":477},{""x"":374,""y"":524,""t"":525},{""x"":408,""y"":497,""t"":544},{""x"":370,""y"":521,""t"":592},{""x"":336,""y"":560,""t"":614},{""x"":353,""y"":533,""t"":661},{""x"":391,""y"":505,""t"":680},{""x"":337,""y"":451,""t"":728},{""x"":325,""y"":429,""t"":748},{""x"":396,""y"":391,""t"":796},{""x"":417,""y"":352,""t"":818},{""x"":464,""y"":321,""t"":865},{""x"":497,""y"":297,""t"":884},{""x"":496,""y"":279,""t"":934},{""x"":460,""y"":290,""t"":953},{""x"":460,""y"":288,""t"":1001},{""x"":482,""y"":283,""t"":1022},{""x"":565,""y"":274,""t"":1070},{""x"":568,""y"":281,""t"":1089},{""x"":562,""y"":332,""t"":1136},{""x"":541,""y"":377,""t"":1158},{""x"":510,""y"":431,""t"":1204},{""x"":466,""y"":468,""t"":1226},{""x"":458,""y"":559,""t"":1274},{""x"":421,""y"":652,""t"":1293},{""x"":598,""y"":648,""t"":1339},{""x"":786,""y"":653,""t"":1361},{""x"":943,""y"":653,""t"":1408},{""x"":1082,""y"":637,""t"":1430},{""x"":1217,""y"":599,""t"":1476},{""x"":1324,""y"":586,""t"":1497},{""x"":1370,""y"":568,""t"":1545},{""x"":1459,""y"":530,""t"":1564},{""x"":1472,""y"":553,""t"":1612},{""x"":1513,""y"":565,""t"":1634},{""x"":1487,""y"":598,""t"":1680},{""x"":1475,""y"":599,""t"":1702},{""x"":1473,""y"":572,""t"":1748},{""x"":1403,""y"":574,""t"":1769},{""x"":1332,""y"":584,""t"":1819},{""x"":1281,""y"":597,""t"":1838},{""x"":1252,""y"":554,""t"":1885},{""x"":1238,""y"":545,""t"":1906},{""x"":1306,""y"":523,""t"":1952},{""x"":1317,""y"":499,""t"":1973},{""x"":1300,""y"":480,""t"":2020},{""x"":1261,""y"":462,""t"":2040},{""x"":1284,""y"":415,""t"":2087},{""x"":1259,""y"":419,""t"":2109},{""x"":1248,""y"":469,""t"":2161},{""x"":1240,""y"":513,""t"":2177},{""x"":1276,""y"":547,""t"":2224},{""x"":1308,""y"":575,""t"":2246},{""x"":1367,""y"":606,""t"":2292},{""x"":1416,""y"":631,""t"":2313},{""x"":1303,""y"":678,""t"":2360},{""x"":1280,""y"":720,""t"":2381},{""x"":1244,""y"":723,""t"":2428},{""x"":1258,""y"":730,""t"":2448},{""x"":1245,""y"":730,""t"":2495},{""x"":1235,""y"":729,""t"":2517},{""x"":1341,""y"":684,""t"":2566},{""x"":1328,""y"":683,""t"":2585},{""x"":1406,""y"":670,""t"":2631},{""x"":1363,""y"":689,""t"":2653},{""x"":1299,""y"":697,""t"":2698},{""x"":1245,""y"":724,""t"":2721},{""x"":1073,""y"":736,""t"":2769},{""x"":959,""y"":744,""t"":2790},{""x"":817,""y"":702,""t"":2839},{""x"":735,""y"":668,""t"":2858},{""x"":586,""y"":633,""t"":2905},{""x"":516,""y"":586,""t"":2924},{""x"":430,""y"":556,""t"":2972},{""x"":328,""y"":550,""t"":2993},{""x"":342,""y"":474,""t"":3043},{""x"":266,""y"":495,""t"":3061},{""x"":235,""y"":456,""t"":3109},{""x"":217,""y"":425,""t"":3129},{""x"":295,""y"":375,""t"":3176},{""x"":368,""y"":335,""t"":3198},{""x"":372,""y"":291,""t"":3246},{""x"":416,""y"":281,""t"":3266},{""x"":426,""y"":265,""t"":3313},{""x"":436,""y"":256,""t"":3332},{""x"":668,""y"":304,""t"":3381},{""x"":928,""y"":333,""t"":3401},{""x"":1049,""y"":388,""t"":3448},{""x"":1200,""y"":432,""t"":3469},{""x"":1292,""y"":453,""t"":3515},{""x"":1350,""y"":506,""t"":3538},{""x"":1379,""y"":520,""t"":3587},{""x"":1433,""y"":508,""t"":3606},{""x"":1386,""y"":540,""t"":3653},{""x"":1391,""y"":527,""t"":3673},{""x"":1432,""y"":520,""t"":3721},{""x"":1530,""y"":489,""t"":3741},{""x"":1511,""y"":489,""t"":3789},{""x"":1507,""y"":490,""t"":3810},{""x"":1493,""y"":483,""t"":3857},{""x"":1520,""y"":469,""t"":3877},{""x"":1432,""y"":501,""t"":3926},{""x"":1392,""y"":512,""t"":3945},{""x"":1435,""y"":498,""t"":3992},{""x"":1421,""y"":521,""t"":4013},{""x"":1456,""y"":554,""t"":4060},{""x"":1474,""y"":553,""t"":4081},{""x"":1429,""y"":548,""t"":4129},{""x"":1386,""y"":555,""t"":4149},{""x"":1379,""y"":573,""t"":4195},{""x"":1361,""y"":597,""t"":4217},{""x"":1278,""y"":632,""t"":4262},{""x"":1208,""y"":661,""t"":4285},{""x"":1184,""y"":668,""t"":4333},{""x"":1163,""y"":669,""t"":4354},{""x"":1158,""y"":663,""t"":4401},{""x"":1216,""y"":668,""t"":4422},{""x"":1230,""y"":678,""t"":4469},{""x"":1243,""y"":685,""t"":4489},{""x"":1224,""y"":681,""t"":4536},{""x"":1213,""y"":646,""t"":4557},{""x"":1258,""y"":632,""t"":4604},{""x"":1297,""y"":619,""t"":4625},{""x"":1328,""y"":606,""t"":4672},{""x"":1427,""y"":585,""t"":4694},{""x"":1466,""y"":595,""t"":4739},{""x"":1512,""y"":592,""t"":4761},{""x"":1481,""y"":594,""t"":4807},{""x"":1494,""y"":608,""t"":4829},{""x"":1500,""y"":612,""t"":4878},{""x"":1462,""y"":618,""t"":4896},{""x"":1457,""y"":611,""t"":4944},{""x"":1404,""y"":613,""t"":4965},{""x"":1317,""y"":655,""t"":5012},{""x"":1290,""y"":655,""t"":5034},{""x"":1278,""y"":650,""t"":5084},{""x"":1308,""y"":622,""t"":5101},{""x"":1326,""y"":599,""t"":5149},{""x"":1373,""y"":587,""t"":5170},{""x"":1419,""y"":542,""t"":5218},{""x"":1388,""y"":569,""t"":5236},{""x"":1257,""y"":612,""t"":5284},{""x"":1232,""y"":628,""t"":5305},{""x"":1207,""y"":624,""t"":5353},{""x"":1106,""y"":635,""t"":5374},{""x"":1079,""y"":597,""t"":5421},{""x"":1051,""y"":580,""t"":5442},{""x"":961,""y"":608,""t"":5492},{""x"":919,""y"":604,""t"":5510},{""x"":917,""y"":619,""t"":5557},{""x"":919,""y"":631,""t"":5578},{""x"":884,""y"":597,""t"":5623},{""x"":819,""y"":589,""t"":5646},{""x"":867,""y"":584,""t"":5695},{""x"":912,""y"":581,""t"":5713},{""x"":877,""y"":659,""t"":5760},{""x"":942,""y"":648,""t"":5782},{""x"":960,""y"":621,""t"":5832},{""x"":967,""y"":611,""t"":5850},{""x"":1053,""y"":576,""t"":5899},{""x"":1068,""y"":568,""t"":5918},{""x"":1086,""y"":564,""t"":5965},{""x"":1121,""y"":581,""t"":5985},{""x"":1178,""y"":561,""t"":6032},{""x"":1129,""y"":594,""t"":6052},{""x"":1179,""y"":557,""t"":6099},{""x"":1224,""y"":551,""t"":6121}]",1,0.00073742218786794,0.9992625778121321,eu_b-last_b-longer,0
142-alternatives,0,20,exp_58,1.0,411.0999999642372,0.41,0.21,1.7999999999999998,6.2,higher_p,higher_m,0,1,alternatives,0.0,False,0.7379999999999999,1.302,-0.5640000000000002,-0.3231885851028555,0.6,0.4,0.5,0.5,0.0,0.0,higher_p,higher_p,False,"{""durations"":[1000,1500,1000,1500],""alternatives"":[1,0,1,0],""attributes"":[""all"",""all"",""all"",""all""]}","[{""x"":962,""y"":440,""t"":-18},{""x"":897,""y"":483,""t"":0},{""x"":867,""y"":525,""t"":54},{""x"":790,""y"":524,""t"":99},{""x"":763,""y"":569,""t"":108},{""x"":855,""y"":545,""t"":157},{""x"":876,""y"":538,""t"":172},{""x"":861,""y"":555,""t"":218},{""x"":917,""y"":565,""t"":239},{""x"":1003,""y"":560,""t"":286},{""x"":1076,""y"":556,""t"":307},{""x"":1182,""y"":579,""t"":354},{""x"":1275,""y"":605,""t"":376},{""x"":1283,""y"":623,""t"":426},{""x"":1294,""y"":642,""t"":443},{""x"":1362,""y"":618,""t"":491},{""x"":1375,""y"":611,""t"":510},{""x"":1406,""y"":591,""t"":557},{""x"":1390,""y"":600,""t"":580},{""x"":1388,""y"":615,""t"":628},{""x"":1383,""y"":628,""t"":646},{""x"":1385,""y"":635,""t"":693},{""x"":1380,""y"":586,""t"":733},{""x"":1360,""y"":562,""t"":750},{""x"":1470,""y"":491,""t"":797},{""x"":1579,""y"":435,""t"":817},{""x"":1576,""y"":419,""t"":864},{""x"":1601,""y"":399,""t"":885},{""x"":1626,""y"":349,""t"":932},{""x"":1626,""y"":329,""t"":953},{""x"":1585,""y"":306,""t"":1000},{""x"":1539,""y"":292,""t"":1022},{""x"":1568,""y"":282,""t"":1069},{""x"":1527,""y"":289,""t"":1090},{""x"":1574,""y"":276,""t"":1137},{""x"":1583,""y"":282,""t"":1156},{""x"":1595,""y"":270,""t"":1204},{""x"":1559,""y"":260,""t"":1224},{""x"":1269,""y"":319,""t"":1270},{""x"":982,""y"":392,""t"":1294},{""x"":752,""y"":452,""t"":1342},{""x"":593,""y"":496,""t"":1361},{""x"":457,""y"":517,""t"":1414},{""x"":345,""y"":569,""t"":1429},{""x"":278,""y"":610,""t"":1476},{""x"":216,""y"":634,""t"":1497},{""x"":167,""y"":656,""t"":1545},{""x"":87,""y"":699,""t"":1566},{""x"":102,""y"":686,""t"":1614},{""x"":125,""y"":672,""t"":1633},{""x"":145,""y"":680,""t"":1680},{""x"":161,""y"":633,""t"":1702},{""x"":224,""y"":564,""t"":1750},{""x"":219,""y"":509,""t"":1769},{""x"":246,""y"":437,""t"":1814},{""x"":265,""y"":392,""t"":1838},{""x"":309,""y"":354,""t"":1883},{""x"":347,""y"":324,""t"":1906},{""x"":408,""y"":292,""t"":1955},{""x"":386,""y"":297,""t"":1974},{""x"":439,""y"":346,""t"":2020},{""x"":471,""y"":412,""t"":2041},{""x"":440,""y"":492,""t"":2092},{""x"":412,""y"":559,""t"":2109},{""x"":470,""y"":559,""t"":2157},{""x"":500,""y"":560,""t"":2176},{""x"":737,""y"":535,""t"":2224},{""x"":914,""y"":532,""t"":2245},{""x"":1115,""y"":483,""t"":2292},{""x"":1256,""y"":475,""t"":2314},{""x"":1327,""y"":487,""t"":2360},{""x"":1372,""y"":492,""t"":2382},{""x"":1538,""y"":466,""t"":2429},{""x"":1669,""y"":444,""t"":2450},{""x"":1675,""y"":398,""t"":2496},{""x"":1757,""y"":357,""t"":2517},{""x"":1642,""y"":358,""t"":2563},{""x"":1675,""y"":334,""t"":2586},{""x"":1707,""y"":306,""t"":2633},{""x"":1642,""y"":333,""t"":2654},{""x"":1629,""y"":325,""t"":2702},{""x"":1589,""y"":318,""t"":2721},{""x"":1586,""y"":334,""t"":2768},{""x"":1576,""y"":331,""t"":2790},{""x"":1621,""y"":314,""t"":2837},{""x"":1614,""y"":287,""t"":2858},{""x"":1524,""y"":326,""t"":2905},{""x"":1485,""y"":345,""t"":2926},{""x"":1469,""y"":339,""t"":2972},{""x"":1456,""y"":333,""t"":2994},{""x"":1437,""y"":336,""t"":3040},{""x"":1398,""y"":346,""t"":3061},{""x"":1468,""y"":356,""t"":3108},{""x"":1529,""y"":364,""t"":3129},{""x"":1450,""y"":422,""t"":3177},{""x"":1435,""y"":451,""t"":3198},{""x"":1312,""y"":498,""t"":3244},{""x"":1331,""y"":541,""t"":3264},{""x"":1335,""y"":553,""t"":3311},{""x"":1344,""y"":552,""t"":3334},{""x"":1332,""y"":580,""t"":3381},{""x"":1364,""y"":591,""t"":3401},{""x"":1356,""y"":585,""t"":3448},{""x"":1339,""y"":613,""t"":3470},{""x"":1303,""y"":605,""t"":3517},{""x"":1270,""y"":597,""t"":3537},{""x"":1190,""y"":612,""t"":3583},{""x"":1177,""y"":570,""t"":3621},{""x"":1141,""y"":556,""t"":3640},{""x"":1012,""y"":590,""t"":3686},{""x"":923,""y"":617,""t"":3707},{""x"":822,""y"":603,""t"":3755},{""x"":724,""y"":601,""t"":3776},{""x"":612,""y"":599,""t"":3828},{""x"":524,""y"":597,""t"":3844},{""x"":461,""y"":581,""t"":3890},{""x"":387,""y"":573,""t"":3912},{""x"":321,""y"":595,""t"":3959},{""x"":276,""y"":623,""t"":3979},{""x"":240,""y"":625,""t"":4024},{""x"":246,""y"":607,""t"":4048},{""x"":294,""y"":535,""t"":4094},{""x"":345,""y"":472,""t"":4116},{""x"":307,""y"":483,""t"":4163},{""x"":343,""y"":435,""t"":4183},{""x"":421,""y"":372,""t"":4229},{""x"":433,""y"":338,""t"":4251},{""x"":421,""y"":308,""t"":4298},{""x"":408,""y"":284,""t"":4320},{""x"":371,""y"":300,""t"":4366},{""x"":339,""y"":314,""t"":4387},{""x"":525,""y"":305,""t"":4434},{""x"":683,""y"":303,""t"":4455},{""x"":896,""y"":309,""t"":4502},{""x"":1019,""y"":346,""t"":4522},{""x"":1187,""y"":327,""t"":4571},{""x"":1287,""y"":323,""t"":4592},{""x"":1317,""y"":346,""t"":4640},{""x"":1425,""y"":325,""t"":4660},{""x"":1442,""y"":326,""t"":4710},{""x"":1527,""y"":308,""t"":4727},{""x"":1541,""y"":298,""t"":4775},{""x"":1570,""y"":302,""t"":4796},{""x"":1560,""y"":296,""t"":4846},{""x"":1583,""y"":288,""t"":4864},{""x"":1579,""y"":292,""t"":4913},{""x"":1602,""y"":289,""t"":4932},{""x"":1655,""y"":286,""t"":4981},{""x"":1616,""y"":294,""t"":4999},{""x"":1618,""y"":309,""t"":5046},{""x"":1592,""y"":340,""t"":5068},{""x"":1542,""y"":387,""t"":5115},{""x"":1540,""y"":388,""t"":5135},{""x"":1509,""y"":398,""t"":5185},{""x"":1450,""y"":424,""t"":5204},{""x"":1294,""y"":467,""t"":5254},{""x"":1162,""y"":502,""t"":5271},{""x"":1072,""y"":546,""t"":5318},{""x"":991,""y"":555,""t"":5339},{""x"":951,""y"":559,""t"":5387},{""x"":924,""y"":560,""t"":5408},{""x"":907,""y"":606,""t"":5457},{""x"":938,""y"":609,""t"":5475},{""x"":985,""y"":579,""t"":5525},{""x"":1030,""y"":552,""t"":5543},{""x"":1075,""y"":513,""t"":5592},{""x"":1115,""y"":479,""t"":5611},{""x"":1164,""y"":480,""t"":5658},{""x"":1112,""y"":505,""t"":5679},{""x"":1097,""y"":515,""t"":5726},{""x"":1100,""y"":520,""t"":5748},{""x"":1126,""y"":527,""t"":5796},{""x"":1152,""y"":503,""t"":5815},{""x"":1174,""y"":493,""t"":5864},{""x"":1166,""y"":487,""t"":5883},{""x"":1207,""y"":466,""t"":5930}]",1,0.27816100811220046,0.7218389918877995,eu_b-last_b-longer,0
142-alternatives,0,21,exp_94,0.0,471.5,0.5,0.38,3.0,4.0,higher_p,higher_m,0,1,alternatives,0.0,False,1.5,1.52,-0.02,0.2367304922727919,0.4,0.6,0.5,0.5,1.0,1.0,higher_m,higher_m,True,"{""durations"":[1000,1500,1000,1500],""alternatives"":[0,1,0,1],""attributes"":[""all"",""all"",""all"",""all""]}","[{""x"":910,""y"":518,""t"":0},{""x"":841,""y"":523,""t"":52},{""x"":775,""y"":518,""t"":69},{""x"":796,""y"":517,""t"":117},{""x"":708,""y"":583,""t"":137},{""x"":770,""y"":562,""t"":183},{""x"":716,""y"":572,""t"":205},{""x"":606,""y"":556,""t"":252},{""x"":556,""y"":568,""t"":274},{""x"":537,""y"":671,""t"":323},{""x"":418,""y"":754,""t"":341},{""x"":577,""y"":860,""t"":388},{""x"":720,""y"":949,""t"":410},{""x"":800,""y"":1009,""t"":457},{""x"":743,""y"":1012,""t"":495},{""x"":683,""y"":1035,""t"":511},{""x"":792,""y"":1108,""t"":556},{""x"":872,""y"":1161,""t"":579},{""x"":822,""y"":1171,""t"":628},{""x"":792,""y"":1149,""t"":647},{""x"":718,""y"":982,""t"":695},{""x"":562,""y"":851,""t"":716},{""x"":539,""y"":682,""t"":764},{""x"":482,""y"":558,""t"":783},{""x"":445,""y"":432,""t"":830},{""x"":453,""y"":332,""t"":852},{""x"":426,""y"":277,""t"":899},{""x"":477,""y"":228,""t"":919},{""x"":437,""y"":219,""t"":965},{""x"":460,""y"":188,""t"":987},{""x"":556,""y"":169,""t"":1037},{""x"":532,""y"":163,""t"":1056},{""x"":491,""y"":163,""t"":1103},{""x"":461,""y"":166,""t"":1123},{""x"":673,""y"":191,""t"":1169},{""x"":855,""y"":216,""t"":1192},{""x"":1062,""y"":225,""t"":1238},{""x"":1164,""y"":256,""t"":1258},{""x"":1298,""y"":267,""t"":1305},{""x"":1353,""y"":305,""t"":1327},{""x"":1447,""y"":303,""t"":1373},{""x"":1530,""y"":298,""t"":1395},{""x"":1646,""y"":308,""t"":1442},{""x"":1632,""y"":379,""t"":1481},{""x"":1585,""y"":446,""t"":1497},{""x"":1642,""y"":478,""t"":1546},{""x"":1679,""y"":483,""t"":1566},{""x"":1576,""y"":524,""t"":1613},{""x"":1571,""y"":560,""t"":1634},{""x"":1534,""y"":595,""t"":1681},{""x"":1504,""y"":656,""t"":1700},{""x"":1491,""y"":620,""t"":1748},{""x"":1495,""y"":591,""t"":1769},{""x"":1507,""y"":526,""t"":1818},{""x"":1545,""y"":497,""t"":1837},{""x"":1592,""y"":425,""t"":1883},{""x"":1558,""y"":415,""t"":1905},{""x"":1554,""y"":388,""t"":1954},{""x"":1521,""y"":385,""t"":1972},{""x"":1536,""y"":362,""t"":2022},{""x"":1549,""y"":344,""t"":2041},{""x"":1541,""y"":325,""t"":2090},{""x"":1518,""y"":301,""t"":2109},{""x"":1431,""y"":306,""t"":2157},{""x"":1495,""y"":289,""t"":2177},{""x"":1468,""y"":321,""t"":2224},{""x"":1557,""y"":299,""t"":2246},{""x"":1533,""y"":297,""t"":2293},{""x"":1561,""y"":293,""t"":2312},{""x"":1440,""y"":325,""t"":2361},{""x"":1439,""y"":309,""t"":2381},{""x"":1402,""y"":321,""t"":2429},{""x"":1372,""y"":331,""t"":2450},{""x"":1392,""y"":343,""t"":2497},{""x"":1333,""y"":397,""t"":2516},{""x"":1347,""y"":387,""t"":2565},{""x"":1342,""y"":394,""t"":2586},{""x"":1348,""y"":391,""t"":2632},{""x"":1354,""y"":388,""t"":2653},{""x"":1178,""y"":400,""t"":2698},{""x"":1052,""y"":411,""t"":2721},{""x"":924,""y"":386,""t"":2767},{""x"":856,""y"":358,""t"":2789},{""x"":751,""y"":366,""t"":2837},{""x"":695,""y"":358,""t"":2858},{""x"":628,""y"":330,""t"":2906},{""x"":579,""y"":306,""t"":2925},{""x"":568,""y"":302,""t"":2971},{""x"":598,""y"":292,""t"":2994},{""x"":622,""y"":279,""t"":3040},{""x"":570,""y"":295,""t"":3061},{""x"":566,""y"":302,""t"":3109},{""x"":543,""y"":307,""t"":3130},{""x"":501,""y"":298,""t"":3177},{""x"":516,""y"":287,""t"":3197},{""x"":504,""y"":316,""t"":3243},{""x"":498,""y"":357,""t"":3266},{""x"":475,""y"":415,""t"":3312},{""x"":459,""y"":464,""t"":3333},{""x"":521,""y"":464,""t"":3379},{""x"":576,""y"":480,""t"":3401},{""x"":571,""y"":501,""t"":3448},{""x"":496,""y"":557,""t"":3469},{""x"":461,""y"":635,""t"":3517},{""x"":422,""y"":705,""t"":3537},{""x"":542,""y"":727,""t"":3585},{""x"":645,""y"":742,""t"":3606},{""x"":818,""y"":759,""t"":3653},{""x"":1001,""y"":746,""t"":3673},{""x"":1105,""y"":719,""t"":3720},{""x"":1144,""y"":726,""t"":3742},{""x"":1232,""y"":714,""t"":3788},{""x"":1270,""y"":716,""t"":3810},{""x"":1276,""y"":710,""t"":3857},{""x"":1275,""y"":703,""t"":3877},{""x"":1293,""y"":712,""t"":3924},{""x"":1268,""y"":721,""t"":3944},{""x"":1281,""y"":722,""t"":3991},{""x"":1359,""y"":713,""t"":4013},{""x"":1439,""y"":691,""t"":4060},{""x"":1427,""y"":658,""t"":4082},{""x"":1504,""y"":591,""t"":4129},{""x"":1460,""y"":562,""t"":4150},{""x"":1395,""y"":498,""t"":4199},{""x"":1337,""y"":447,""t"":4217},{""x"":1352,""y"":399,""t"":4266},{""x"":1409,""y"":355,""t"":4286},{""x"":1472,""y"":302,""t"":4334},{""x"":1505,""y"":275,""t"":4353},{""x"":1547,""y"":271,""t"":4400},{""x"":1515,""y"":249,""t"":4422},{""x"":1503,""y"":239,""t"":4470},{""x"":1486,""y"":250,""t"":4488},{""x"":1539,""y"":248,""t"":4535},{""x"":1521,""y"":299,""t"":4556},{""x"":1554,""y"":274,""t"":4604},{""x"":1587,""y"":224,""t"":4625},{""x"":1481,""y"":217,""t"":4672},{""x"":1362,""y"":238,""t"":4693},{""x"":1082,""y"":258,""t"":4740},{""x"":959,""y"":281,""t"":4761},{""x"":909,""y"":282,""t"":4808},{""x"":863,""y"":291,""t"":4830},{""x"":842,""y"":312,""t"":4879},{""x"":845,""y"":331,""t"":4898},{""x"":798,""y"":363,""t"":4946},{""x"":763,""y"":390,""t"":4964},{""x"":735,""y"":396,""t"":5010},{""x"":716,""y"":399,""t"":5033},{""x"":622,""y"":444,""t"":5081},{""x"":583,""y"":443,""t"":5102},{""x"":531,""y"":441,""t"":5150},{""x"":527,""y"":434,""t"":5169},{""x"":540,""y"":406,""t"":5218},{""x"":564,""y"":383,""t"":5238},{""x"":615,""y"":393,""t"":5285},{""x"":628,""y"":423,""t"":5304},{""x"":756,""y"":419,""t"":5359},{""x"":790,""y"":429,""t"":5372},{""x"":835,""y"":460,""t"":5420},{""x"":871,""y"":487,""t"":5442},{""x"":908,""y"":530,""t"":5489},{""x"":929,""y"":573,""t"":5508},{""x"":872,""y"":593,""t"":5557},{""x"":836,""y"":608,""t"":5577},{""x"":872,""y"":635,""t"":5624},{""x"":953,""y"":603,""t"":5646},{""x"":938,""y"":605,""t"":5695},{""x"":923,""y"":605,""t"":5713},{""x"":890,""y"":611,""t"":5760},{""x"":866,""y"":611,""t"":5782},{""x"":857,""y"":562,""t"":5829},{""x"":893,""y"":512,""t"":5849},{""x"":955,""y"":481,""t"":5896},{""x"":926,""y"":510,""t"":5918},{""x"":908,""y"":496,""t"":5966},{""x"":892,""y"":514,""t"":5985}]",0,0.577047803312092,0.422952196687908,eu_b-last_b-longer,0
142-alternatives,0,24,exp_64,1.0,289.80000001192093,0.72,0.51,4.2,5.2,higher_p,higher_m,0,1,alternatives,0.0,False,3.024,2.652,0.3719999999999999,0.64020159214642,0.6,0.4,0.5,0.5,0.0,1.0,higher_p,higher_m,False,"{""durations"":[1500,1000,1500,1000],""alternatives"":[0,1,0,1],""attributes"":[""all"",""all"",""all"",""all""]}","[{""x"":885,""y"":574,""t"":0},{""x"":875,""y"":538,""t"":46},{""x"":880,""y"":546,""t"":95},{""x"":887,""y"":553,""t"":112},{""x"":835,""y"":602,""t"":161},{""x"":782,""y"":638,""t"":171},{""x"":831,""y"":630,""t"":219},{""x"":896,""y"":619,""t"":239},{""x"":991,""y"":619,""t"":286},{""x"":1087,""y"":612,""t"":307},{""x"":1109,""y"":618,""t"":356},{""x"":1119,""y"":637,""t"":375},{""x"":1171,""y"":648,""t"":424},{""x"":1181,""y"":688,""t"":443},{""x"":1263,""y"":681,""t"":490},{""x"":1330,""y"":674,""t"":512},{""x"":1363,""y"":658,""t"":560},{""x"":1291,""y"":688,""t"":579},{""x"":1287,""y"":642,""t"":626},{""x"":1237,""y"":612,""t"":648},{""x"":1216,""y"":750,""t"":694},{""x"":1188,""y"":857,""t"":716},{""x"":1195,""y"":940,""t"":764},{""x"":1215,""y"":987,""t"":784},{""x"":1234,""y"":863,""t"":832},{""x"":1241,""y"":760,""t"":851},{""x"":1316,""y"":641,""t"":899},{""x"":1417,""y"":548,""t"":919},{""x"":1445,""y"":463,""t"":968},{""x"":1483,""y"":395,""t"":987},{""x"":1434,""y"":375,""t"":1034},{""x"":1461,""y"":341,""t"":1056},{""x"":1560,""y"":307,""t"":1103},{""x"":1543,""y"":313,""t"":1124},{""x"":1530,""y"":351,""t"":1172},{""x"":1424,""y"":411,""t"":1191},{""x"":1423,""y"":445,""t"":1237},{""x"":1429,""y"":439,""t"":1259},{""x"":1374,""y"":502,""t"":1306},{""x"":1345,""y"":534,""t"":1328},{""x"":1319,""y"":589,""t"":1375},{""x"":1275,""y"":608,""t"":1395},{""x"":1196,""y"":639,""t"":1441},{""x"":1099,""y"":680,""t"":1463},{""x"":950,""y"":662,""t"":1511},{""x"":819,""y"":644,""t"":1530},{""x"":760,""y"":608,""t"":1583},{""x"":717,""y"":569,""t"":1598},{""x"":690,""y"":533,""t"":1645},{""x"":600,""y"":517,""t"":1668},{""x"":546,""y"":540,""t"":1716},{""x"":521,""y"":528,""t"":1735},{""x"":385,""y"":535,""t"":1782},{""x"":307,""y"":536,""t"":1804},{""x"":271,""y"":599,""t"":1850},{""x"":307,""y"":583,""t"":1871},{""x"":310,""y"":580,""t"":1919},{""x"":313,""y"":588,""t"":1940},{""x"":214,""y"":627,""t"":1988},{""x"":244,""y"":574,""t"":2007},{""x"":216,""y"":520,""t"":2053},{""x"":196,""y"":475,""t"":2075},{""x"":331,""y"":438,""t"":2122},{""x"":398,""y"":414,""t"":2143},{""x"":400,""y"":360,""t"":2189},{""x"":483,""y"":317,""t"":2212},{""x"":424,""y"":320,""t"":2260},{""x"":432,""y"":293,""t"":2280},{""x"":482,""y"":281,""t"":2328},{""x"":524,""y"":274,""t"":2346},{""x"":585,""y"":261,""t"":2393},{""x"":652,""y"":250,""t"":2416},{""x"":646,""y"":235,""t"":2463},{""x"":622,""y"":228,""t"":2483},{""x"":634,""y"":246,""t"":2532},{""x"":589,""y"":262,""t"":2550},{""x"":667,""y"":261,""t"":2598},{""x"":710,""y"":276,""t"":2620},{""x"":865,""y"":286,""t"":2667},{""x"":987,""y"":322,""t"":2688},{""x"":1120,""y"":307,""t"":2735},{""x"":1204,""y"":323,""t"":2754},{""x"":1293,""y"":314,""t"":2804},{""x"":1380,""y"":290,""t"":2824},{""x"":1439,""y"":292,""t"":2870},{""x"":1479,""y"":303,""t"":2891},{""x"":1545,""y"":301,""t"":2937},{""x"":1594,""y"":299,""t"":2960},{""x"":1632,""y"":266,""t"":3006},{""x"":1584,""y"":280,""t"":3046},{""x"":1558,""y"":292,""t"":3062},{""x"":1579,""y"":284,""t"":3109},{""x"":1564,""y"":292,""t"":3130},{""x"":1547,""y"":270,""t"":3176},{""x"":1551,""y"":281,""t"":3198},{""x"":1557,""y"":289,""t"":3245},{""x"":1637,""y"":273,""t"":3266},{""x"":1516,""y"":308,""t"":3312},{""x"":1470,""y"":322,""t"":3332},{""x"":1432,""y"":310,""t"":3380},{""x"":1373,""y"":320,""t"":3401},{""x"":1343,""y"":328,""t"":3447},{""x"":1336,""y"":335,""t"":3470},{""x"":1291,""y"":396,""t"":3516},{""x"":1231,""y"":466,""t"":3537},{""x"":1178,""y"":533,""t"":3586},{""x"":1149,""y"":567,""t"":3605},{""x"":1188,""y"":596,""t"":3656},{""x"":1193,""y"":601,""t"":3674},{""x"":1157,""y"":625,""t"":3722},{""x"":1232,""y"":629,""t"":3741},{""x"":1076,""y"":629,""t"":3793},{""x"":919,""y"":687,""t"":3809},{""x"":855,""y"":698,""t"":3856},{""x"":763,""y"":673,""t"":3878},{""x"":697,""y"":677,""t"":3925},{""x"":647,""y"":678,""t"":3946},{""x"":774,""y"":647,""t"":3993},{""x"":869,""y"":587,""t"":4014},{""x"":1004,""y"":522,""t"":4061},{""x"":1119,""y"":479,""t"":4081},{""x"":1233,""y"":416,""t"":4129},{""x"":1291,""y"":376,""t"":4149},{""x"":1403,""y"":335,""t"":4198},{""x"":1499,""y"":293,""t"":4217},{""x"":1488,""y"":289,""t"":4264},{""x"":1534,""y"":264,""t"":4286},{""x"":1349,""y"":235,""t"":4333},{""x"":1092,""y"":303,""t"":4353},{""x"":935,""y"":293,""t"":4401},{""x"":804,""y"":286,""t"":4422},{""x"":776,""y"":255,""t"":4470},{""x"":760,""y"":230,""t"":4489},{""x"":721,""y"":207,""t"":4538},{""x"":694,""y"":189,""t"":4557},{""x"":543,""y"":283,""t"":4605},{""x"":447,""y"":371,""t"":4625},{""x"":387,""y"":444,""t"":4672},{""x"":343,""y"":505,""t"":4693},{""x"":237,""y"":607,""t"":4740},{""x"":221,""y"":635,""t"":4761},{""x"":169,""y"":665,""t"":4811},{""x"":132,""y"":686,""t"":4830},{""x"":180,""y"":754,""t"":4877},{""x"":227,""y"":808,""t"":4897},{""x"":234,""y"":791,""t"":4944},{""x"":210,""y"":834,""t"":4964},{""x"":242,""y"":798,""t"":5011},{""x"":232,""y"":775,""t"":5033},{""x"":224,""y"":766,""t"":5081},{""x"":248,""y"":762,""t"":5102},{""x"":265,""y"":756,""t"":5148},{""x"":289,""y"":784,""t"":5169},{""x"":324,""y"":759,""t"":5216},{""x"":348,""y"":732,""t"":5237},{""x"":450,""y"":721,""t"":5285},{""x"":561,""y"":727,""t"":5306},{""x"":630,""y"":683,""t"":5352},{""x"":637,""y"":710,""t"":5373},{""x"":699,""y"":659,""t"":5422},{""x"":800,""y"":620,""t"":5441},{""x"":791,""y"":650,""t"":5488},{""x"":865,""y"":591,""t"":5510},{""x"":879,""y"":605,""t"":5557},{""x"":987,""y"":562,""t"":5597},{""x"":927,""y"":557,""t"":5612},{""x"":914,""y"":587,""t"":5659},{""x"":866,""y"":573,""t"":5680},{""x"":873,""y"":561,""t"":5730},{""x"":856,""y"":555,""t"":5748},{""x"":840,""y"":562,""t"":5796},{""x"":764,""y"":617,""t"":5815}]",0,0.7927291984819921,0.2072708015180079,eu_b-last_b-longer,0
142-alternatives,0,25,exp_82,1.0,339.5,0.61,0.29,2.2,8.1,higher_p,higher_m,0,1,alternatives,0.0,False,1.342,2.349,-1.0069999999999997,-0.7791520984804502,0.6,0.4,0.5,0.5,0.0,0.0,higher_p,higher_p,False,"{""durations"":[1000,1500,1000,1500],""alternatives"":[1,0,1,0],""attributes"":[""all"",""all"",""all"",""all""]}","[{""x"":873,""y"":512,""t"":0},{""x"":874,""y"":565,""t"":50},{""x"":907,""y"":559,""t"":69},{""x"":945,""y"":564,""t"":118},{""x"":1030,""y"":539,""t"":137},{""x"":992,""y"":588,""t"":185},{""x"":1054,""y"":550,""t"":205},{""x"":1122,""y"":511,""t"":255},{""x"":1173,""y"":476,""t"":273},{""x"":1231,""y"":500,""t"":321},{""x"":1283,""y"":551,""t"":341},{""x"":1300,""y"":568,""t"":388},{""x"":1311,""y"":582,""t"":409},{""x"":1349,""y"":600,""t"":457},{""x"":1418,""y"":592,""t"":478},{""x"":1454,""y"":606,""t"":530},{""x"":1504,""y"":601,""t"":545},{""x"":1587,""y"":606,""t"":592},{""x"":1630,""y"":611,""t"":612},{""x"":1571,""y"":588,""t"":660},{""x"":1459,""y"":582,""t"":681},{""x"":1481,""y"":506,""t"":730},{""x"":1270,""y"":551,""t"":749},{""x"":1291,""y"":493,""t"":797},{""x"":1309,""y"":463,""t"":817},{""x"":1404,""y"":423,""t"":865},{""x"":1436,""y"":415,""t"":885},{""x"":1483,""y"":386,""t"":934},{""x"":1464,""y"":377,""t"":952},{""x"":1272,""y"":413,""t"":1001},{""x"":1210,""y"":410,""t"":1021},{""x"":1212,""y"":457,""t"":1069},{""x"":1214,""y"":523,""t"":1090},{""x"":1252,""y"":572,""t"":1138},{""x"":1269,""y"":615,""t"":1157},{""x"":1283,""y"":660,""t"":1203},{""x"":1284,""y"":694,""t"":1225},{""x"":1012,""y"":766,""t"":1273},{""x"":787,""y"":818,""t"":1294},{""x"":574,""y"":827,""t"":1341},{""x"":399,""y"":862,""t"":1360},{""x"":338,""y"":816,""t"":1408},{""x"":298,""y"":773,""t"":1429},{""x"":252,""y"":730,""t"":1479},{""x"":260,""y"":662,""t"":1498},{""x"":287,""y"":581,""t"":1546},{""x"":296,""y"":518,""t"":1566},{""x"":177,""y"":544,""t"":1614},{""x"":288,""y"":445,""t"":1633},{""x"":342,""y"":375,""t"":1681},{""x"":420,""y"":322,""t"":1701},{""x"":475,""y"":276,""t"":1748},{""x"":523,""y"":241,""t"":1769},{""x"":441,""y"":258,""t"":1817},{""x"":461,""y"":247,""t"":1838},{""x"":489,""y"":215,""t"":1886},{""x"":458,""y"":223,""t"":1905},{""x"":473,""y"":281,""t"":1951},{""x"":469,""y"":342,""t"":1974},{""x"":403,""y"":424,""t"":2021},{""x"":326,""y"":493,""t"":2042},{""x"":245,""y"":576,""t"":2090},{""x"":261,""y"":594,""t"":2109},{""x"":217,""y"":694,""t"":2155},{""x"":202,""y"":762,""t"":2177},{""x"":171,""y"":808,""t"":2225},{""x"":237,""y"":788,""t"":2246},{""x"":282,""y"":728,""t"":2292},{""x"":299,""y"":719,""t"":2314},{""x"":280,""y"":678,""t"":2359},{""x"":314,""y"":574,""t"":2382},{""x"":386,""y"":506,""t"":2430},{""x"":449,""y"":449,""t"":2449},{""x"":483,""y"":382,""t"":2495},{""x"":454,""y"":388,""t"":2517},{""x"":457,""y"":320,""t"":2564},{""x"":547,""y"":280,""t"":2585},{""x"":598,""y"":300,""t"":2632},{""x"":687,""y"":278,""t"":2654},{""x"":865,""y"":283,""t"":2700},{""x"":989,""y"":299,""t"":2722},{""x"":1248,""y"":281,""t"":2768},{""x"":1325,""y"":282,""t"":2789},{""x"":1314,""y"":341,""t"":2835},{""x"":1410,""y"":332,""t"":2858},{""x"":1418,""y"":343,""t"":2903},{""x"":1547,""y"":334,""t"":2925},{""x"":1638,""y"":315,""t"":2973},{""x"":1710,""y"":302,""t"":2992},{""x"":1673,""y"":348,""t"":3038},{""x"":1643,""y"":406,""t"":3062},{""x"":1659,""y"":434,""t"":3109},{""x"":1667,""y"":456,""t"":3129},{""x"":1626,""y"":486,""t"":3175},{""x"":1592,""y"":508,""t"":3198},{""x"":1618,""y"":546,""t"":3245},{""x"":1637,""y"":577,""t"":3265},{""x"":1586,""y"":601,""t"":3311},{""x"":1540,""y"":619,""t"":3334},{""x"":1518,""y"":592,""t"":3381},{""x"":1484,""y"":590,""t"":3401},{""x"":1488,""y"":605,""t"":3449},{""x"":1493,""y"":617,""t"":3470},{""x"":1444,""y"":666,""t"":3518},{""x"":1432,""y"":676,""t"":3538},{""x"":1399,""y"":675,""t"":3586},{""x"":1371,""y"":673,""t"":3605},{""x"":1359,""y"":672,""t"":3652},{""x"":1350,""y"":669,""t"":3673},{""x"":1127,""y"":691,""t"":3721},{""x"":939,""y"":708,""t"":3742},{""x"":726,""y"":780,""t"":3789},{""x"":567,""y"":840,""t"":3810},{""x"":487,""y"":832,""t"":3857},{""x"":431,""y"":823,""t"":3878},{""x"":366,""y"":830,""t"":3925},{""x"":322,""y"":835,""t"":3946},{""x"":249,""y"":813,""t"":3992},{""x"":194,""y"":848,""t"":4014},{""x"":166,""y"":820,""t"":4062},{""x"":140,""y"":842,""t"":4082},{""x"":131,""y"":776,""t"":4128},{""x"":169,""y"":722,""t"":4148},{""x"":248,""y"":654,""t"":4199},{""x"":293,""y"":577,""t"":4217},{""x"":301,""y"":507,""t"":4263},{""x"":448,""y"":417,""t"":4285},{""x"":443,""y"":358,""t"":4332},{""x"":429,""y"":334,""t"":4354},{""x"":486,""y"":282,""t"":4402},{""x"":535,""y"":243,""t"":4421},{""x"":666,""y"":224,""t"":4469},{""x"":762,""y"":217,""t"":4489},{""x"":1007,""y"":231,""t"":4537},{""x"":1176,""y"":250,""t"":4557},{""x"":1332,""y"":269,""t"":4604},{""x"":1487,""y"":266,""t"":4625},{""x"":1556,""y"":257,""t"":4671},{""x"":1594,""y"":271,""t"":4708},{""x"":1545,""y"":302,""t"":4727},{""x"":1660,""y"":272,""t"":4773},{""x"":1667,""y"":263,""t"":4796},{""x"":1688,""y"":279,""t"":4841},{""x"":1609,""y"":307,""t"":4864},{""x"":1555,""y"":284,""t"":4911},{""x"":1505,""y"":264,""t"":4931},{""x"":1531,""y"":262,""t"":4976},{""x"":1571,""y"":271,""t"":4999},{""x"":1572,""y"":276,""t"":5049},{""x"":1574,""y"":286,""t"":5068},{""x"":1529,""y"":273,""t"":5116},{""x"":1436,""y"":308,""t"":5136},{""x"":1481,""y"":317,""t"":5186},{""x"":1509,""y"":312,""t"":5203},{""x"":1500,""y"":306,""t"":5251},{""x"":1440,""y"":320,""t"":5271},{""x"":1333,""y"":343,""t"":5320},{""x"":1294,""y"":343,""t"":5339},{""x"":1286,""y"":368,""t"":5388},{""x"":1251,""y"":376,""t"":5408},{""x"":1171,""y"":419,""t"":5456},{""x"":1106,""y"":454,""t"":5475},{""x"":1177,""y"":429,""t"":5523},{""x"":1218,""y"":425,""t"":5544},{""x"":1143,""y"":446,""t"":5591},{""x"":1074,""y"":451,""t"":5611},{""x"":1066,""y"":465,""t"":5658},{""x"":1050,""y"":470,""t"":5679},{""x"":1019,""y"":469,""t"":5727},{""x"":994,""y"":458,""t"":5748},{""x"":907,""y"":528,""t"":5796},{""x"":926,""y"":511,""t"":5815},{""x"":878,""y"":550,""t"":5862}]",1,0.18394962788121638,0.8160503721187837,eu_b-last_b-longer,0
142-alternatives,0,27,exp_30,0.0,613.7000000476837,0.3,0.17,2.0,3.0,higher_p,higher_m,0,1,alternatives,0.0,False,0.6,0.51,0.0899999999999999,0.3499494233597794,0.4,0.6,0.5,0.5,1.0,1.0,higher_m,higher_m,True,"{""durations"":[1000,1500,1000,1500],""alternatives"":[0,1,0,1],""attributes"":[""all"",""all"",""all"",""all""]}","[{""x"":1079,""y"":492,""t"":0},{""x"":1044,""y"":508,""t"":45},{""x"":988,""y"":485,""t"":94},{""x"":1021,""y"":455,""t"":104},{""x"":977,""y"":499,""t"":153},{""x"":915,""y"":547,""t"":172},{""x"":954,""y"":518,""t"":217},{""x"":1024,""y"":494,""t"":238},{""x"":1039,""y"":510,""t"":284},{""x"":935,""y"":592,""t"":308},{""x"":945,""y"":591,""t"":357},{""x"":982,""y"":604,""t"":375},{""x"":1015,""y"":628,""t"":424},{""x"":1105,""y"":631,""t"":444},{""x"":1184,""y"":645,""t"":491},{""x"":1194,""y"":683,""t"":512},{""x"":1248,""y"":673,""t"":561},{""x"":1261,""y"":686,""t"":580},{""x"":1273,""y"":669,""t"":627},{""x"":1311,""y"":657,""t"":647},{""x"":1278,""y"":605,""t"":693},{""x"":1271,""y"":566,""t"":715},{""x"":1256,""y"":567,""t"":762},{""x"":1307,""y"":514,""t"":784},{""x"":1232,""y"":543,""t"":833},{""x"":1306,""y"":488,""t"":852},{""x"":1378,""y"":433,""t"":902},{""x"":1360,""y"":458,""t"":919},{""x"":1442,""y"":416,""t"":967},{""x"":1460,""y"":387,""t"":987},{""x"":1481,""y"":356,""t"":1034},{""x"":1490,""y"":345,""t"":1056},{""x"":1457,""y"":390,""t"":1103},{""x"":1388,""y"":442,""t"":1123},{""x"":1333,""y"":523,""t"":1172},{""x"":1411,""y"":543,""t"":1192},{""x"":1391,""y"":589,""t"":1239},{""x"":1390,""y"":609,""t"":1260},{""x"":1108,""y"":672,""t"":1307},{""x"":880,""y"":732,""t"":1327},{""x"":741,""y"":722,""t"":1375},{""x"":605,""y"":757,""t"":1396},{""x"":470,""y"":797,""t"":1443},{""x"":365,""y"":829,""t"":1462},{""x"":327,""y"":836,""t"":1509},{""x"":305,""y"":838,""t"":1531},{""x"":289,""y"":732,""t"":1578},{""x"":269,""y"":634,""t"":1599},{""x"":277,""y"":536,""t"":1647},{""x"":376,""y"":446,""t"":1667},{""x"":412,""y"":387,""t"":1713},{""x"":434,""y"":339,""t"":1735},{""x"":406,""y"":354,""t"":1783},{""x"":372,""y"":349,""t"":1804},{""x"":464,""y"":314,""t"":1852},{""x"":492,""y"":290,""t"":1870},{""x"":444,""y"":311,""t"":1918},{""x"":532,""y"":313,""t"":1939},{""x"":492,""y"":357,""t"":1987},{""x"":452,""y"":405,""t"":2007},{""x"":473,""y"":478,""t"":2054},{""x"":453,""y"":538,""t"":2076},{""x"":493,""y"":541,""t"":2123},{""x"":526,""y"":541,""t"":2144},{""x"":696,""y"":563,""t"":2191},{""x"":840,""y"":581,""t"":2212},{""x"":982,""y"":615,""t"":2259},{""x"":1113,""y"":633,""t"":2280},{""x"":1148,""y"":654,""t"":2328},{""x"":1173,""y"":655,""t"":2346},{""x"":1261,""y"":643,""t"":2395},{""x"":1348,""y"":618,""t"":2415},{""x"":1300,""y"":691,""t"":2462},{""x"":1310,""y"":690,""t"":2484},{""x"":1325,""y"":671,""t"":2532},{""x"":1303,""y"":676,""t"":2551},{""x"":1342,""y"":663,""t"":2597},{""x"":1320,""y"":664,""t"":2618},{""x"":1335,""y"":637,""t"":2664},{""x"":1345,""y"":613,""t"":2687},{""x"":1294,""y"":619,""t"":2736},{""x"":1363,""y"":587,""t"":2755},{""x"":1268,""y"":627,""t"":2802},{""x"":1270,""y"":629,""t"":2824},{""x"":1304,""y"":597,""t"":2871},{""x"":1333,""y"":570,""t"":2892},{""x"":1328,""y"":555,""t"":2938},{""x"":1308,""y"":555,""t"":2960},{""x"":1255,""y"":544,""t"":3007},{""x"":1210,""y"":536,""t"":3028},{""x"":1166,""y"":557,""t"":3074},{""x"":1270,""y"":503,""t"":3095},{""x"":1308,""y"":479,""t"":3143},{""x"":1339,""y"":463,""t"":3162},{""x"":1329,""y"":427,""t"":3210},{""x"":1320,""y"":397,""t"":3231},{""x"":1364,""y"":359,""t"":3277},{""x"":1383,""y"":343,""t"":3299},{""x"":1404,""y"":371,""t"":3348},{""x"":1398,""y"":408,""t"":3367},{""x"":1444,""y"":449,""t"":3419},{""x"":1472,""y"":469,""t"":3435},{""x"":1462,""y"":503,""t"":3482},{""x"":1470,""y"":533,""t"":3503},{""x"":1457,""y"":543,""t"":3552},{""x"":1479,""y"":588,""t"":3572},{""x"":1419,""y"":620,""t"":3620},{""x"":1354,""y"":636,""t"":3640},{""x"":1228,""y"":678,""t"":3686},{""x"":1204,""y"":688,""t"":3707},{""x"":1151,""y"":672,""t"":3754},{""x"":1231,""y"":620,""t"":3774},{""x"":968,""y"":623,""t"":3823},{""x"":849,""y"":567,""t"":3843},{""x"":697,""y"":517,""t"":3891},{""x"":658,""y"":463,""t"":3912},{""x"":639,""y"":443,""t"":3959},{""x"":678,""y"":391,""t"":3978},{""x"":676,""y"":349,""t"":4025},{""x"":700,""y"":317,""t"":4047},{""x"":663,""y"":281,""t"":4095},{""x"":636,""y"":254,""t"":4116},{""x"":606,""y"":255,""t"":4163},{""x"":516,""y"":250,""t"":4184},{""x"":656,""y"":295,""t"":4232},{""x"":772,""y"":336,""t"":4251},{""x"":954,""y"":326,""t"":4298},{""x"":1143,""y"":321,""t"":4320},{""x"":1274,""y"":336,""t"":4368},{""x"":1309,""y"":345,""t"":4388},{""x"":1335,""y"":379,""t"":4436},{""x"":1399,""y"":391,""t"":4456},{""x"":1192,""y"":448,""t"":4504},{""x"":1017,""y"":526,""t"":4522},{""x"":837,""y"":582,""t"":4569},{""x"":684,""y"":627,""t"":4591},{""x"":618,""y"":626,""t"":4641},{""x"":518,""y"":681,""t"":4659},{""x"":514,""y"":656,""t"":4705},{""x"":385,""y"":701,""t"":4728},{""x"":346,""y"":688,""t"":4774},{""x"":302,""y"":737,""t"":4796},{""x"":479,""y"":707,""t"":4843},{""x"":537,""y"":755,""t"":4862},{""x"":662,""y"":756,""t"":4911},{""x"":804,""y"":752,""t"":4932},{""x"":898,""y"":751,""t"":4978},{""x"":975,""y"":747,""t"":5000},{""x"":975,""y"":751,""t"":5048},{""x"":969,""y"":754,""t"":5067},{""x"":1033,""y"":734,""t"":5114},{""x"":1150,""y"":706,""t"":5135},{""x"":1097,""y"":746,""t"":5183},{""x"":1218,""y"":707,""t"":5202},{""x"":1269,""y"":686,""t"":5250},{""x"":1272,""y"":677,""t"":5272},{""x"":1332,""y"":670,""t"":5319},{""x"":1329,""y"":675,""t"":5339},{""x"":1195,""y"":675,""t"":5387},{""x"":1233,""y"":643,""t"":5407},{""x"":1154,""y"":630,""t"":5456},{""x"":1121,""y"":611,""t"":5474},{""x"":1097,""y"":557,""t"":5528},{""x"":989,""y"":587,""t"":5544},{""x"":867,""y"":607,""t"":5592},{""x"":953,""y"":569,""t"":5611},{""x"":917,""y"":612,""t"":5661},{""x"":954,""y"":612,""t"":5679},{""x"":928,""y"":674,""t"":5727},{""x"":1019,""y"":619,""t"":5748},{""x"":1070,""y"":590,""t"":5796},{""x"":1020,""y"":626,""t"":5815},{""x"":1043,""y"":630,""t"":5863},{""x"":1079,""y"":634,""t"":5882},{""x"":1011,""y"":742,""t"":5931},{""x"":1091,""y"":696,""t"":5951},{""x"":1153,""y"":644,""t"":6001},{""x"":1227,""y"":612,""t"":6020},{""x"":1305,""y"":549,""t"":6069},{""x"":1278,""y"":553,""t"":6088},{""x"":1204,""y"":560,""t"":6136},{""x"":1286,""y"":516,""t"":6156}]",0,0.6418951824868844,0.3581048175131156,eu_b-last_b-longer,0
142-alternatives,0,28,exp_36,1.0,269.89999997615814,0.79,0.7,2.0,3.2,higher_p,higher_m,0,1,alternatives,0.0,False,1.58,2.24,-0.6599999999999997,-0.4219978340514987,0.4,0.6,0.5,0.5,1.0,0.0,higher_m,higher_p,False,"{""durations"":[1500,1000,1500,1000],""alternatives"":[1,0,1,0],""attributes"":[""all"",""all"",""all"",""all""]}","[{""x"":961,""y"":549,""t"":-19},{""x"":893,""y"":520,""t"":0},{""x"":829,""y"":539,""t"":55},{""x"":782,""y"":551,""t"":69},{""x"":739,""y"":541,""t"":135},{""x"":706,""y"":532,""t"":144},{""x"":770,""y"":514,""t"":196},{""x"":787,""y"":507,""t"":205},{""x"":850,""y"":533,""t"":256},{""x"":905,""y"":556,""t"":273},{""x"":934,""y"":589,""t"":320},{""x"":1025,""y"":570,""t"":341},{""x"":1133,""y"":570,""t"":387},{""x"":1290,""y"":561,""t"":410},{""x"":1362,""y"":571,""t"":456},{""x"":1383,""y"":586,""t"":478},{""x"":1424,""y"":595,""t"":524},{""x"":1461,""y"":584,""t"":545},{""x"":1462,""y"":610,""t"":594},{""x"":1474,""y"":615,""t"":612},{""x"":1376,""y"":613,""t"":661},{""x"":1418,""y"":597,""t"":680},{""x"":1440,""y"":552,""t"":727},{""x"":1424,""y"":544,""t"":750},{""x"":1472,""y"":524,""t"":798},{""x"":1532,""y"":498,""t"":817},{""x"":1555,""y"":456,""t"":864},{""x"":1490,""y"":445,""t"":886},{""x"":1467,""y"":458,""t"":932},{""x"":1538,""y"":415,""t"":952},{""x"":1594,""y"":382,""t"":999},{""x"":1578,""y"":401,""t"":1021},{""x"":1494,""y"":495,""t"":1067},{""x"":1422,""y"":501,""t"":1089},{""x"":1331,""y"":534,""t"":1135},{""x"":1311,""y"":560,""t"":1157},{""x"":1260,""y"":580,""t"":1206},{""x"":1294,""y"":592,""t"":1224},{""x"":1317,""y"":626,""t"":1272},{""x"":1332,""y"":648,""t"":1293},{""x"":1337,""y"":654,""t"":1339},{""x"":1300,""y"":665,""t"":1361},{""x"":1261,""y"":682,""t"":1407},{""x"":1172,""y"":702,""t"":1428},{""x"":1144,""y"":698,""t"":1476},{""x"":1123,""y"":692,""t"":1497},{""x"":1169,""y"":677,""t"":1545},{""x"":1212,""y"":663,""t"":1565},{""x"":1210,""y"":655,""t"":1612},{""x"":1210,""y"":622,""t"":1633},{""x"":1255,""y"":594,""t"":1680},{""x"":1250,""y"":578,""t"":1701},{""x"":1123,""y"":615,""t"":1747},{""x"":985,""y"":666,""t"":1770},{""x"":775,""y"":652,""t"":1818},{""x"":674,""y"":604,""t"":1837},{""x"":664,""y"":535,""t"":1887},{""x"":572,""y"":495,""t"":1906},{""x"":428,""y"":485,""t"":1954},{""x"":308,""y"":481,""t"":1973},{""x"":237,""y"":519,""t"":2021},{""x"":220,""y"":567,""t"":2040},{""x"":219,""y"":546,""t"":2087},{""x"":258,""y"":595,""t"":2109},{""x"":200,""y"":546,""t"":2156},{""x"":156,""y"":503,""t"":2178},{""x"":288,""y"":444,""t"":2225},{""x"":418,""y"":392,""t"":2245},{""x"":401,""y"":347,""t"":2292},{""x"":429,""y"":313,""t"":2314},{""x"":456,""y"":289,""t"":2361},{""x"":445,""y"":266,""t"":2381},{""x"":483,""y"":251,""t"":2427},{""x"":432,""y"":247,""t"":2449},{""x"":469,""y"":265,""t"":2496},{""x"":510,""y"":275,""t"":2517},{""x"":462,""y"":347,""t"":2565},{""x"":420,""y"":409,""t"":2586},{""x"":376,""y"":441,""t"":2632},{""x"":319,""y"":490,""t"":2654},{""x"":296,""y"":506,""t"":2709},{""x"":291,""y"":515,""t"":2722},{""x"":381,""y"":575,""t"":2768},{""x"":446,""y"":628,""t"":2788},{""x"":626,""y"":662,""t"":2835},{""x"":781,""y"":684,""t"":2857},{""x"":897,""y"":700,""t"":2905},{""x"":1040,""y"":699,""t"":2926},{""x"":1137,""y"":676,""t"":2972},{""x"":1258,""y"":676,""t"":2994},{""x"":1295,""y"":616,""t"":3040},{""x"":1374,""y"":543,""t"":3060},{""x"":1433,""y"":502,""t"":3108},{""x"":1504,""y"":444,""t"":3130},{""x"":1559,""y"":405,""t"":3175},{""x"":1522,""y"":382,""t"":3198},{""x"":1472,""y"":362,""t"":3246},{""x"":1383,""y"":351,""t"":3266},{""x"":1288,""y"":380,""t"":3312},{""x"":1310,""y"":357,""t"":3333},{""x"":1313,""y"":416,""t"":3379},{""x"":1269,""y"":489,""t"":3401},{""x"":1273,""y"":536,""t"":3449},{""x"":1277,""y"":576,""t"":3470},{""x"":1119,""y"":640,""t"":3517},{""x"":1073,""y"":672,""t"":3538},{""x"":1142,""y"":681,""t"":3586},{""x"":1140,""y"":697,""t"":3605},{""x"":1136,""y"":736,""t"":3651},{""x"":1133,""y"":767,""t"":3673},{""x"":1197,""y"":756,""t"":3719},{""x"":1224,""y"":746,""t"":3741},{""x"":1247,""y"":751,""t"":3788},{""x"":1265,""y"":754,""t"":3809},{""x"":1286,""y"":738,""t"":3856},{""x"":1315,""y"":713,""t"":3876},{""x"":1216,""y"":723,""t"":3922},{""x"":1117,""y"":738,""t"":3945},{""x"":1215,""y"":670,""t"":3994},{""x"":1229,""y"":631,""t"":4013},{""x"":1349,""y"":570,""t"":4060},{""x"":1321,""y"":558,""t"":4080},{""x"":1422,""y"":514,""t"":4128},{""x"":1383,""y"":515,""t"":4165},{""x"":1352,""y"":506,""t"":4182},{""x"":1346,""y"":495,""t"":4231},{""x"":1282,""y"":521,""t"":4251},{""x"":1148,""y"":492,""t"":4299},{""x"":951,""y"":516,""t"":4320},{""x"":787,""y"":566,""t"":4368},{""x"":647,""y"":528,""t"":4387},{""x"":449,""y"":510,""t"":4434},{""x"":365,""y"":483,""t"":4456},{""x"":234,""y"":480,""t"":4505},{""x"":123,""y"":448,""t"":4522},{""x"":75,""y"":415,""t"":4570},{""x"":66,""y"":426,""t"":4590},{""x"":118,""y"":408,""t"":4638},{""x"":164,""y"":407,""t"":4658},{""x"":181,""y"":382,""t"":4705},{""x"":222,""y"":354,""t"":4728},{""x"":283,""y"":341,""t"":4775},{""x"":310,""y"":339,""t"":4796},{""x"":384,""y"":340,""t"":4844},{""x"":447,""y"":343,""t"":4864},{""x"":527,""y"":308,""t"":4914},{""x"":554,""y"":329,""t"":4931},{""x"":626,""y"":320,""t"":4978},{""x"":719,""y"":307,""t"":4999},{""x"":880,""y"":326,""t"":5048},{""x"":1029,""y"":338,""t"":5068},{""x"":1167,""y"":368,""t"":5115},{""x"":1272,""y"":383,""t"":5136},{""x"":1347,""y"":391,""t"":5183},{""x"":1419,""y"":393,""t"":5204},{""x"":1432,""y"":420,""t"":5251},{""x"":1419,""y"":456,""t"":5271},{""x"":1440,""y"":456,""t"":5319},{""x"":1315,""y"":487,""t"":5339},{""x"":1299,""y"":486,""t"":5388},{""x"":1189,""y"":523,""t"":5407},{""x"":1169,""y"":563,""t"":5454},{""x"":1118,""y"":538,""t"":5476},{""x"":1097,""y"":507,""t"":5523},{""x"":1066,""y"":514,""t"":5544},{""x"":1081,""y"":474,""t"":5591},{""x"":1042,""y"":503,""t"":5612},{""x"":1061,""y"":497,""t"":5660},{""x"":998,""y"":520,""t"":5679},{""x"":1072,""y"":494,""t"":5726},{""x"":1003,""y"":535,""t"":5748},{""x"":1021,""y"":636,""t"":5794},{""x"":1042,""y"":734,""t"":5815}]",1,0.21630980154521123,0.7836901984547888,eu_b-last_b-longer,0
142-alternatives,0,29,exp_46,1.0,282.30000001192093,0.81,0.48,1.6999999999999995,7.9,higher_p,higher_m,0,1,alternatives,0.0,False,1.3769999999999998,3.792,-2.415,-2.2283544163938904,0.4,0.6,0.5,0.5,1.0,1.0,higher_m,higher_m,False,"{""durations"":[1000,1500,1000,1500],""alternatives"":[0,1,0,1],""attributes"":[""all"",""all"",""all"",""all""]}","[{""x"":1163,""y"":449,""t"":-19},{""x"":1148,""y"":448,""t"":0},{""x"":1102,""y"":439,""t"":59},{""x"":1063,""y"":433,""t"":81},{""x"":997,""y"":423,""t"":130},{""x"":943,""y"":416,""t"":139},{""x"":926,""y"":438,""t"":187},{""x"":914,""y"":457,""t"":206},{""x"":864,""y"":458,""t"":256},{""x"":828,""y"":469,""t"":274},{""x"":724,""y"":465,""t"":322},{""x"":662,""y"":457,""t"":342},{""x"":639,""y"":427,""t"":389},{""x"":554,""y"":451,""t"":427},{""x"":486,""y"":472,""t"":442},{""x"":438,""y"":495,""t"":491},{""x"":402,""y"":514,""t"":511},{""x"":368,""y"":507,""t"":559},{""x"":355,""y"":501,""t"":579},{""x"":313,""y"":543,""t"":627},{""x"":309,""y"":562,""t"":647},{""x"":322,""y"":541,""t"":694},{""x"":363,""y"":522,""t"":716},{""x"":365,""y"":489,""t"":762},{""x"":381,""y"":441,""t"":783},{""x"":380,""y"":393,""t"":829},{""x"":431,""y"":351,""t"":851},{""x"":402,""y"":316,""t"":903},{""x"":382,""y"":309,""t"":919},{""x"":334,""y"":308,""t"":966},{""x"":390,""y"":292,""t"":988},{""x"":429,""y"":276,""t"":1036},{""x"":377,""y"":265,""t"":1055},{""x"":389,""y"":279,""t"":1103},{""x"":475,""y"":260,""t"":1122},{""x"":477,""y"":288,""t"":1169},{""x"":478,""y"":313,""t"":1191},{""x"":720,""y"":331,""t"":1238},{""x"":895,""y"":361,""t"":1259},{""x"":1136,""y"":352,""t"":1307},{""x"":1257,""y"":358,""t"":1327},{""x"":1382,""y"":346,""t"":1374},{""x"":1463,""y"":344,""t"":1396},{""x"":1528,""y"":338,""t"":1444},{""x"":1616,""y"":340,""t"":1462},{""x"":1611,""y"":341,""t"":1510},{""x"":1532,""y"":395,""t"":1530},{""x"":1486,""y"":375,""t"":1576},{""x"":1315,""y"":418,""t"":1600},{""x"":1232,""y"":483,""t"":1648},{""x"":1216,""y"":513,""t"":1668},{""x"":1241,""y"":579,""t"":1714},{""x"":1211,""y"":629,""t"":1735},{""x"":1243,""y"":629,""t"":1781},{""x"":1293,""y"":645,""t"":1804},{""x"":1284,""y"":619,""t"":1852},{""x"":1310,""y"":595,""t"":1871},{""x"":1351,""y"":525,""t"":1917},{""x"":1286,""y"":488,""t"":1940},{""x"":1341,""y"":424,""t"":1988},{""x"":1393,""y"":390,""t"":2007},{""x"":1395,""y"":349,""t"":2056},{""x"":1472,""y"":320,""t"":2074},{""x"":1531,""y"":285,""t"":2122},{""x"":1559,""y"":252,""t"":2142},{""x"":1633,""y"":207,""t"":2189},{""x"":1586,""y"":197,""t"":2212},{""x"":1604,""y"":190,""t"":2262},{""x"":1651,""y"":177,""t"":2280},{""x"":1707,""y"":177,""t"":2326},{""x"":1719,""y"":195,""t"":2347},{""x"":1727,""y"":186,""t"":2395},{""x"":1704,""y"":181,""t"":2416},{""x"":1514,""y"":233,""t"":2463},{""x"":1425,""y"":253,""t"":2483},{""x"":1376,""y"":239,""t"":2530},{""x"":1308,""y"":244,""t"":2551},{""x"":1261,""y"":252,""t"":2599},{""x"":1216,""y"":268,""t"":2620},{""x"":1116,""y"":287,""t"":2667},{""x"":1034,""y"":302,""t"":2687},{""x"":993,""y"":299,""t"":2735},{""x"":972,""y"":290,""t"":2754},{""x"":812,""y"":280,""t"":2800},{""x"":682,""y"":270,""t"":2823},{""x"":561,""y"":291,""t"":2871},{""x"":466,""y"":309,""t"":2890},{""x"":429,""y"":313,""t"":2937},{""x"":358,""y"":363,""t"":2959},{""x"":357,""y"":356,""t"":3007},{""x"":376,""y"":346,""t"":3027},{""x"":473,""y"":543,""t"":3075},{""x"":561,""y"":710,""t"":3095},{""x"":578,""y"":914,""t"":3143},{""x"":645,""y"":1078,""t"":3162},{""x"":760,""y"":1058,""t"":3209},{""x"":864,""y"":1054,""t"":3231},{""x"":942,""y"":974,""t"":3278},{""x"":966,""y"":929,""t"":3299},{""x"":1003,""y"":858,""t"":3347},{""x"":1024,""y"":817,""t"":3367},{""x"":1087,""y"":758,""t"":3417},{""x"":1104,""y"":711,""t"":3435},{""x"":1222,""y"":606,""t"":3482},{""x"":1259,""y"":594,""t"":3504},{""x"":1356,""y"":539,""t"":3551},{""x"":1296,""y"":538,""t"":3571},{""x"":1324,""y"":492,""t"":3619},{""x"":1359,""y"":449,""t"":3639},{""x"":1391,""y"":423,""t"":3687},{""x"":1392,""y"":411,""t"":3708},{""x"":1399,""y"":383,""t"":3754},{""x"":1361,""y"":392,""t"":3775},{""x"":1384,""y"":406,""t"":3822},{""x"":1402,""y"":420,""t"":3843},{""x"":1361,""y"":482,""t"":3891},{""x"":1336,""y"":554,""t"":3912},{""x"":1284,""y"":603,""t"":3960},{""x"":1239,""y"":643,""t"":3979},{""x"":1259,""y"":664,""t"":4025},{""x"":1261,""y"":669,""t"":4048},{""x"":1260,""y"":695,""t"":4096},{""x"":1299,""y"":706,""t"":4116},{""x"":1264,""y"":755,""t"":4162},{""x"":1276,""y"":794,""t"":4183},{""x"":1296,""y"":730,""t"":4229},{""x"":1313,""y"":672,""t"":4251},{""x"":1328,""y"":636,""t"":4301},{""x"":1302,""y"":613,""t"":4319},{""x"":1223,""y"":631,""t"":4365},{""x"":1246,""y"":607,""t"":4386},{""x"":1245,""y"":562,""t"":4432},{""x"":1245,""y"":525,""t"":4456},{""x"":1229,""y"":507,""t"":4503},{""x"":1200,""y"":551,""t"":4523},{""x"":1248,""y"":525,""t"":4570},{""x"":1329,""y"":536,""t"":4591},{""x"":1319,""y"":525,""t"":4638},{""x"":1317,""y"":492,""t"":4659},{""x"":1322,""y"":503,""t"":4706},{""x"":1322,""y"":491,""t"":4727},{""x"":1252,""y"":518,""t"":4777},{""x"":1223,""y"":529,""t"":4796},{""x"":1279,""y"":516,""t"":4843},{""x"":1360,""y"":493,""t"":4864},{""x"":1338,""y"":534,""t"":4912},{""x"":1335,""y"":510,""t"":4931},{""x"":1317,""y"":524,""t"":4977},{""x"":1325,""y"":486,""t"":4999},{""x"":1328,""y"":477,""t"":5045},{""x"":1372,""y"":447,""t"":5067},{""x"":1380,""y"":445,""t"":5114},{""x"":1375,""y"":455,""t"":5135},{""x"":1387,""y"":452,""t"":5181},{""x"":1396,""y"":450,""t"":5204},{""x"":1313,""y"":471,""t"":5254},{""x"":1267,""y"":480,""t"":5272},{""x"":1126,""y"":519,""t"":5320},{""x"":1007,""y"":551,""t"":5338},{""x"":877,""y"":613,""t"":5386},{""x"":941,""y"":588,""t"":5407},{""x"":820,""y"":634,""t"":5455},{""x"":790,""y"":645,""t"":5474},{""x"":823,""y"":598,""t"":5523},{""x"":816,""y"":580,""t"":5543},{""x"":794,""y"":612,""t"":5593},{""x"":776,""y"":640,""t"":5611},{""x"":806,""y"":647,""t"":5661},{""x"":827,""y"":648,""t"":5679},{""x"":859,""y"":646,""t"":5730},{""x"":841,""y"":672,""t"":5748},{""x"":895,""y"":669,""t"":5798},{""x"":997,""y"":606,""t"":5815}]",1,0.0038192907235678215,0.9961807092764321,eu_b-last_b-longer,0
142-alternatives,0,31,exp_60,1.0,440.3000000119209,0.41,0.21,1.7999999999999998,6.2,higher_p,higher_m,0,1,alternatives,0.0,False,0.7379999999999999,1.302,-0.5640000000000002,-0.3231885851028555,0.4,0.6,0.5,0.5,1.0,0.0,higher_m,higher_p,False,"{""durations"":[1500,1000,1500,1000],""alternatives"":[1,0,1,0],""attributes"":[""all"",""all"",""all"",""all""]}","[{""x"":1012,""y"":489,""t"":0},{""x"":990,""y"":521,""t"":52},{""x"":934,""y"":506,""t"":70},{""x"":882,""y"":557,""t"":126},{""x"":900,""y"":550,""t"":137},{""x"":855,""y"":580,""t"":185},{""x"":861,""y"":560,""t"":205},{""x"":769,""y"":542,""t"":253},{""x"":658,""y"":577,""t"":274},{""x"":547,""y"":539,""t"":322},{""x"":397,""y"":550,""t"":341},{""x"":379,""y"":543,""t"":388},{""x"":374,""y"":569,""t"":409},{""x"":421,""y"":537,""t"":457},{""x"":357,""y"":570,""t"":477},{""x"":309,""y"":572,""t"":525},{""x"":288,""y"":573,""t"":546},{""x"":270,""y"":540,""t"":594},{""x"":244,""y"":575,""t"":613},{""x"":203,""y"":588,""t"":659},{""x"":270,""y"":519,""t"":682},{""x"":291,""y"":435,""t"":728},{""x"":239,""y"":408,""t"":748},{""x"":160,""y"":401,""t"":797},{""x"":166,""y"":372,""t"":817},{""x"":140,""y"":404,""t"":865},{""x"":105,""y"":388,""t"":885},{""x"":127,""y"":347,""t"":933},{""x"":155,""y"":329,""t"":954},{""x"":189,""y"":301,""t"":1002},{""x"":217,""y"":283,""t"":1021},{""x"":301,""y"":288,""t"":1070},{""x"":337,""y"":330,""t"":1090},{""x"":382,""y"":413,""t"":1137},{""x"":390,""y"":443,""t"":1157},{""x"":343,""y"":470,""t"":1204},{""x"":293,""y"":562,""t"":1226},{""x"":400,""y"":612,""t"":1273},{""x"":611,""y"":575,""t"":1294},{""x"":767,""y"":536,""t"":1343},{""x"":869,""y"":554,""t"":1362},{""x"":1006,""y"":538,""t"":1410},{""x"":1175,""y"":508,""t"":1429},{""x"":1245,""y"":528,""t"":1478},{""x"":1297,""y"":529,""t"":1496},{""x"":1346,""y"":560,""t"":1545},{""x"":1408,""y"":514,""t"":1565},{""x"":1439,""y"":512,""t"":1613},{""x"":1460,""y"":483,""t"":1633},{""x"":1375,""y"":513,""t"":1679},{""x"":1379,""y"":467,""t"":1702},{""x"":1375,""y"":454,""t"":1749},{""x"":1340,""y"":472,""t"":1770},{""x"":1352,""y"":505,""t"":1816},{""x"":1361,""y"":533,""t"":1838},{""x"":1395,""y"":543,""t"":1885},{""x"":1423,""y"":551,""t"":1906},{""x"":1393,""y"":546,""t"":1952},{""x"":1365,""y"":541,""t"":1973},{""x"":1300,""y"":574,""t"":2020},{""x"":1360,""y"":596,""t"":2041},{""x"":1305,""y"":588,""t"":2089},{""x"":1309,""y"":540,""t"":2110},{""x"":1319,""y"":479,""t"":2157},{""x"":1220,""y"":491,""t"":2177},{""x"":1218,""y"":485,""t"":2226},{""x"":1267,""y"":439,""t"":2245},{""x"":1321,""y"":373,""t"":2293},{""x"":1367,""y"":318,""t"":2314},{""x"":1363,""y"":295,""t"":2361},{""x"":1359,""y"":279,""t"":2382},{""x"":1329,""y"":361,""t"":2430},{""x"":1349,""y"":440,""t"":2449},{""x"":1318,""y"":551,""t"":2494},{""x"":1279,""y"":612,""t"":2517},{""x"":1250,""y"":684,""t"":2567},{""x"":1221,""y"":722,""t"":2585},{""x"":1206,""y"":737,""t"":2632},{""x"":1148,""y"":755,""t"":2653},{""x"":1182,""y"":786,""t"":2699},{""x"":1162,""y"":793,""t"":2722},{""x"":976,""y"":858,""t"":2769},{""x"":825,""y"":894,""t"":2789},{""x"":658,""y"":866,""t"":2835},{""x"":522,""y"":838,""t"":2857},{""x"":423,""y"":837,""t"":2905},{""x"":347,""y"":834,""t"":2925},{""x"":311,""y"":780,""t"":2972},{""x"":263,""y"":744,""t"":2992},{""x"":288,""y"":606,""t"":3039},{""x"":317,""y"":490,""t"":3062},{""x"":323,""y"":414,""t"":3110},{""x"":333,""y"":354,""t"":3128},{""x"":347,""y"":270,""t"":3175},{""x"":378,""y"":206,""t"":3198},{""x"":417,""y"":174,""t"":3244},{""x"":496,""y"":140,""t"":3265},{""x"":418,""y"":168,""t"":3316},{""x"":336,""y"":202,""t"":3334},{""x"":311,""y"":159,""t"":3382},{""x"":327,""y"":161,""t"":3401},{""x"":300,""y"":157,""t"":3450},{""x"":372,""y"":164,""t"":3470},{""x"":383,""y"":176,""t"":3516},{""x"":370,""y"":186,""t"":3557},{""x"":349,""y"":198,""t"":3570},{""x"":402,""y"":256,""t"":3618},{""x"":371,""y"":317,""t"":3638},{""x"":321,""y"":375,""t"":3686},{""x"":293,""y"":399,""t"":3707},{""x"":241,""y"":464,""t"":3755},{""x"":270,""y"":554,""t"":3775},{""x"":425,""y"":612,""t"":3823},{""x"":582,""y"":641,""t"":3843},{""x"":725,""y"":653,""t"":3891},{""x"":842,""y"":659,""t"":3911},{""x"":973,""y"":674,""t"":3960},{""x"":1047,""y"":704,""t"":3978},{""x"":1104,""y"":687,""t"":4026},{""x"":1159,""y"":688,""t"":4046},{""x"":1196,""y"":683,""t"":4094},{""x"":1219,""y"":677,""t"":4116},{""x"":1132,""y"":685,""t"":4165},{""x"":1076,""y"":702,""t"":4184},{""x"":1060,""y"":719,""t"":4231},{""x"":1045,""y"":733,""t"":4251},{""x"":1077,""y"":729,""t"":4299},{""x"":1162,""y"":702,""t"":4319},{""x"":1208,""y"":678,""t"":4367},{""x"":1155,""y"":708,""t"":4386},{""x"":1167,""y"":679,""t"":4435},{""x"":1156,""y"":713,""t"":4456},{""x"":1153,""y"":687,""t"":4503},{""x"":1180,""y"":692,""t"":4524},{""x"":1220,""y"":714,""t"":4570},{""x"":1207,""y"":760,""t"":4591},{""x"":1268,""y"":749,""t"":4638},{""x"":1319,""y"":738,""t"":4659},{""x"":1282,""y"":745,""t"":4708},{""x"":1292,""y"":756,""t"":4726},{""x"":1265,""y"":780,""t"":4774},{""x"":1279,""y"":767,""t"":4796},{""x"":1210,""y"":735,""t"":4842},{""x"":1249,""y"":690,""t"":4862},{""x"":1247,""y"":653,""t"":4910},{""x"":1213,""y"":633,""t"":4932},{""x"":1208,""y"":595,""t"":4978},{""x"":1136,""y"":584,""t"":5000},{""x"":1128,""y"":561,""t"":5046},{""x"":1173,""y"":528,""t"":5068},{""x"":1007,""y"":559,""t"":5116},{""x"":925,""y"":563,""t"":5136},{""x"":723,""y"":589,""t"":5184},{""x"":618,""y"":560,""t"":5203},{""x"":579,""y"":529,""t"":5249},{""x"":563,""y"":518,""t"":5271},{""x"":479,""y"":557,""t"":5317},{""x"":449,""y"":542,""t"":5340},{""x"":508,""y"":492,""t"":5387},{""x"":553,""y"":423,""t"":5407},{""x"":566,""y"":411,""t"":5455},{""x"":494,""y"":460,""t"":5476},{""x"":405,""y"":541,""t"":5526},{""x"":340,""y"":605,""t"":5543},{""x"":353,""y"":582,""t"":5590},{""x"":266,""y"":588,""t"":5610},{""x"":274,""y"":559,""t"":5660},{""x"":291,""y"":572,""t"":5679},{""x"":298,""y"":599,""t"":5729},{""x"":305,""y"":556,""t"":5747},{""x"":341,""y"":533,""t"":5793},{""x"":363,""y"":584,""t"":5815},{""x"":467,""y"":537,""t"":5861},{""x"":479,""y"":586,""t"":5883},{""x"":479,""y"":626,""t"":5932},{""x"":617,""y"":614,""t"":5952}]",1,0.38771805459413405,0.6122819454058659,eu_b-last_b-longer,0
142-alternatives,0,32,exp_90,0.0,670.9000000357628,0.5,0.38,3.0,4.0,higher_p,higher_m,0,1,alternatives,0.0,False,1.5,1.52,-0.02,0.2367304922727919,0.6,0.4,0.5,0.5,0.0,0.0,higher_p,higher_p,True,"{""durations"":[1000,1500,1000,1500],""alternatives"":[1,0,1,0],""attributes"":[""all"",""all"",""all"",""all""]}","[{""x"":731,""y"":557,""t"":0},{""x"":671,""y"":650,""t"":50},{""x"":692,""y"":660,""t"":69},{""x"":722,""y"":690,""t"":116},{""x"":750,""y"":693,""t"":136},{""x"":720,""y"":688,""t"":185},{""x"":656,""y"":694,""t"":205},{""x"":656,""y"":664,""t"":255},{""x"":549,""y"":691,""t"":274},{""x"":451,""y"":692,""t"":321},{""x"":369,""y"":693,""t"":341},{""x"":390,""y"":646,""t"":388},{""x"":423,""y"":657,""t"":409},{""x"":340,""y"":671,""t"":456},{""x"":271,""y"":682,""t"":476},{""x"":277,""y"":682,""t"":524},{""x"":257,""y"":680,""t"":545},{""x"":213,""y"":675,""t"":594},{""x"":179,""y"":670,""t"":614},{""x"":194,""y"":599,""t"":662},{""x"":223,""y"":516,""t"":681},{""x"":246,""y"":437,""t"":730},{""x"":280,""y"":371,""t"":749},{""x"":330,""y"":378,""t"":795},{""x"":319,""y"":445,""t"":817},{""x"":342,""y"":514,""t"":865},{""x"":346,""y"":599,""t"":886},{""x"":340,""y"":627,""t"":934},{""x"":337,""y"":673,""t"":952},{""x"":355,""y"":694,""t"":999},{""x"":351,""y"":720,""t"":1021},{""x"":383,""y"":753,""t"":1068},{""x"":419,""y"":704,""t"":1090},{""x"":455,""y"":605,""t"":1140},{""x"":496,""y"":539,""t"":1156},{""x"":463,""y"":487,""t"":1203},{""x"":433,""y"":444,""t"":1225},{""x"":494,""y"":494,""t"":1273},{""x"":672,""y"":470,""t"":1293},{""x"":862,""y"":420,""t"":1338},{""x"":984,""y"":391,""t"":1361},{""x"":1105,""y"":397,""t"":1410},{""x"":1271,""y"":380,""t"":1429},{""x"":1316,""y"":407,""t"":1476},{""x"":1377,""y"":403,""t"":1498},{""x"":1410,""y"":473,""t"":1545},{""x"":1440,""y"":532,""t"":1566},{""x"":1449,""y"":576,""t"":1615},{""x"":1450,""y"":612,""t"":1633},{""x"":1451,""y"":637,""t"":1680},{""x"":1416,""y"":664,""t"":1702},{""x"":1334,""y"":656,""t"":1750},{""x"":1248,""y"":700,""t"":1770},{""x"":1281,""y"":634,""t"":1818},{""x"":1085,""y"":651,""t"":1837},{""x"":1134,""y"":585,""t"":1885},{""x"":1133,""y"":562,""t"":1905},{""x"":1197,""y"":505,""t"":1953},{""x"":1102,""y"":542,""t"":1973},{""x"":1160,""y"":493,""t"":2021},{""x"":1228,""y"":453,""t"":2041},{""x"":1293,""y"":386,""t"":2087},{""x"":1363,""y"":338,""t"":2110},{""x"":1311,""y"":366,""t"":2158},{""x"":1402,""y"":357,""t"":2177},{""x"":1362,""y"":395,""t"":2229},{""x"":1415,""y"":366,""t"":2246},{""x"":1400,""y"":349,""t"":2293},{""x"":1396,""y"":322,""t"":2314},{""x"":1427,""y"":329,""t"":2360},{""x"":1451,""y"":338,""t"":2382},{""x"":1446,""y"":426,""t"":2432},{""x"":1418,""y"":561,""t"":2450},{""x"":1420,""y"":625,""t"":2496},{""x"":1414,""y"":666,""t"":2517},{""x"":1340,""y"":738,""t"":2565},{""x"":1302,""y"":750,""t"":2585},{""x"":1280,""y"":719,""t"":2631},{""x"":1267,""y"":671,""t"":2653},{""x"":1309,""y"":653,""t"":2698},{""x"":1360,""y"":568,""t"":2721},{""x"":1381,""y"":506,""t"":2769},{""x"":1391,""y"":450,""t"":2788},{""x"":1072,""y"":513,""t"":2837},{""x"":887,""y"":487,""t"":2857},{""x"":619,""y"":527,""t"":2906},{""x"":563,""y"":469,""t"":2925},{""x"":469,""y"":417,""t"":2974},{""x"":319,""y"":451,""t"":2994},{""x"":268,""y"":418,""t"":3041},{""x"":272,""y"":369,""t"":3061},{""x"":331,""y"":315,""t"":3108},{""x"":308,""y"":316,""t"":3147},{""x"":219,""y"":400,""t"":3162},{""x"":193,""y"":474,""t"":3210},{""x"":177,""y"":537,""t"":3231},{""x"":175,""y"":639,""t"":3278},{""x"":146,""y"":710,""t"":3300},{""x"":154,""y"":718,""t"":3347},{""x"":150,""y"":768,""t"":3368},{""x"":180,""y"":760,""t"":3414},{""x"":213,""y"":748,""t"":3434},{""x"":254,""y"":708,""t"":3483},{""x"":280,""y"":669,""t"":3503},{""x"":305,""y"":572,""t"":3552},{""x"":372,""y"":477,""t"":3570},{""x"":339,""y"":432,""t"":3619},{""x"":309,""y"":397,""t"":3639},{""x"":356,""y"":341,""t"":3685},{""x"":384,""y"":305,""t"":3707},{""x"":385,""y"":257,""t"":3754},{""x"":373,""y"":258,""t"":3775},{""x"":713,""y"":223,""t"":3823},{""x"":956,""y"":199,""t"":3843},{""x"":1170,""y"":209,""t"":3890},{""x"":1256,""y"":216,""t"":3911},{""x"":1432,""y"":204,""t"":3957},{""x"":1445,""y"":263,""t"":3979},{""x"":1524,""y"":255,""t"":4026},{""x"":1617,""y"":241,""t"":4047},{""x"":1658,""y"":244,""t"":4094},{""x"":1717,""y"":230,""t"":4116},{""x"":1682,""y"":260,""t"":4162},{""x"":1656,""y"":281,""t"":4184},{""x"":1628,""y"":283,""t"":4232},{""x"":1605,""y"":281,""t"":4252},{""x"":1430,""y"":505,""t"":4299},{""x"":1382,""y"":679,""t"":4319},{""x"":1355,""y"":816,""t"":4367},{""x"":1289,""y"":928,""t"":4386},{""x"":1138,""y"":952,""t"":4432},{""x"":1023,""y"":948,""t"":4456},{""x"":1011,""y"":921,""t"":4502},{""x"":933,""y"":920,""t"":4523},{""x"":888,""y"":924,""t"":4571},{""x"":929,""y"":933,""t"":4591},{""x"":950,""y"":912,""t"":4638},{""x"":971,""y"":891,""t"":4658},{""x"":1032,""y"":895,""t"":4705},{""x"":1077,""y"":907,""t"":4728},{""x"":1102,""y"":913,""t"":4775},{""x"":1087,""y"":884,""t"":4796},{""x"":1115,""y"":862,""t"":4842},{""x"":1192,""y"":879,""t"":4864},{""x"":1182,""y"":815,""t"":4911},{""x"":1075,""y"":810,""t"":4931},{""x"":1111,""y"":734,""t"":4980},{""x"":1142,""y"":670,""t"":4999},{""x"":1186,""y"":610,""t"":5047},{""x"":1223,""y"":562,""t"":5067},{""x"":1261,""y"":523,""t"":5115},{""x"":1219,""y"":514,""t"":5136},{""x"":1310,""y"":428,""t"":5184},{""x"":1312,""y"":403,""t"":5204},{""x"":1329,""y"":393,""t"":5251},{""x"":1348,""y"":381,""t"":5272},{""x"":1203,""y"":442,""t"":5318},{""x"":1077,""y"":497,""t"":5340},{""x"":975,""y"":517,""t"":5387},{""x"":945,""y"":537,""t"":5407},{""x"":799,""y"":576,""t"":5456},{""x"":812,""y"":532,""t"":5475},{""x"":863,""y"":487,""t"":5521},{""x"":858,""y"":501,""t"":5544},{""x"":831,""y"":529,""t"":5589},{""x"":735,""y"":583,""t"":5612},{""x"":820,""y"":532,""t"":5659},{""x"":732,""y"":571,""t"":5680},{""x"":735,""y"":573,""t"":5729},{""x"":829,""y"":541,""t"":5748},{""x"":843,""y"":574,""t"":5795},{""x"":910,""y"":574,""t"":5815},{""x"":919,""y"":595,""t"":5864},{""x"":948,""y"":573,""t"":5883},{""x"":1017,""y"":547,""t"":5936},{""x"":927,""y"":588,""t"":5952},{""x"":897,""y"":627,""t"":6000},{""x"":905,""y"":643,""t"":6019},{""x"":885,""y"":646,""t"":6067},{""x"":930,""y"":642,""t"":6087},{""x"":997,""y"":620,""t"":6137},{""x"":977,""y"":633,""t"":6156},{""x"":939,""y"":702,""t"":6205}]",0,0.5919175160512224,0.40808248394877755,eu_b-last_b-longer,0
142-alternatives,0,33,exp_10,0.0,270.2000000476837,0.7,0.29,1.7999999999999998,5.0,higher_p,higher_m,0,1,alternatives,0.0,False,1.2599999999999998,1.45,-0.1900000000000001,0.0617557805929019,0.6,0.4,0.5,0.5,0.0,0.0,higher_p,higher_p,True,"{""durations"":[1000,1500,1000,1500],""alternatives"":[1,0,1,0],""attributes"":[""all"",""all"",""all"",""all""]}","[{""x"":727,""y"":610,""t"":0},{""x"":752,""y"":560,""t"":44},{""x"":767,""y"":579,""t"":96},{""x"":792,""y"":586,""t"":105},{""x"":785,""y"":598,""t"":156},{""x"":747,""y"":632,""t"":172},{""x"":754,""y"":641,""t"":218},{""x"":769,""y"":642,""t"":240},{""x"":633,""y"":630,""t"":288},{""x"":518,""y"":620,""t"":308},{""x"":422,""y"":611,""t"":354},{""x"":350,""y"":584,""t"":374},{""x"":315,""y"":567,""t"":421},{""x"":275,""y"":561,""t"":443},{""x"":345,""y"":534,""t"":490},{""x"":401,""y"":504,""t"":511},{""x"":388,""y"":487,""t"":559},{""x"":378,""y"":474,""t"":579},{""x"":414,""y"":499,""t"":626},{""x"":442,""y"":465,""t"":647},{""x"":442,""y"":436,""t"":694},{""x"":410,""y"":429,""t"":715},{""x"":425,""y"":361,""t"":762},{""x"":437,""y"":298,""t"":783},{""x"":361,""y"":329,""t"":830},{""x"":297,""y"":358,""t"":851},{""x"":318,""y"":389,""t"":901},{""x"":334,""y"":376,""t"":919},{""x"":396,""y"":317,""t"":967},{""x"":409,""y"":301,""t"":986},{""x"":367,""y"":415,""t"":1034},{""x"":380,""y"":361,""t"":1054},{""x"":397,""y"":377,""t"":1102},{""x"":422,""y"":387,""t"":1124},{""x"":486,""y"":352,""t"":1171},{""x"":539,""y"":322,""t"":1191},{""x"":640,""y"":280,""t"":1239},{""x"":630,""y"":277,""t"":1259},{""x"":829,""y"":265,""t"":1307},{""x"":929,""y"":291,""t"":1327},{""x"":1072,""y"":318,""t"":1373},{""x"":1206,""y"":344,""t"":1395},{""x"":1275,""y"":379,""t"":1441},{""x"":1307,""y"":412,""t"":1464},{""x"":1268,""y"":483,""t"":1510},{""x"":1269,""y"":532,""t"":1531},{""x"":1253,""y"":571,""t"":1578},{""x"":1311,""y"":590,""t"":1599},{""x"":1372,""y"":622,""t"":1646},{""x"":1289,""y"":691,""t"":1668},{""x"":1323,""y"":664,""t"":1715},{""x"":1276,""y"":707,""t"":1735},{""x"":1154,""y"":721,""t"":1783},{""x"":1162,""y"":679,""t"":1803},{""x"":1237,""y"":598,""t"":1850},{""x"":1321,""y"":543,""t"":1871},{""x"":1392,""y"":457,""t"":1918},{""x"":1451,""y"":395,""t"":1938},{""x"":1533,""y"":330,""t"":1985},{""x"":1573,""y"":288,""t"":2008},{""x"":1483,""y"":341,""t"":2055},{""x"":1508,""y"":314,""t"":2076},{""x"":1469,""y"":293,""t"":2123},{""x"":1467,""y"":263,""t"":2143},{""x"":1511,""y"":265,""t"":2190},{""x"":1440,""y"":332,""t"":2211},{""x"":1432,""y"":343,""t"":2259},{""x"":1424,""y"":353,""t"":2279},{""x"":1425,""y"":345,""t"":2326},{""x"":1368,""y"":370,""t"":2347},{""x"":1381,""y"":353,""t"":2394},{""x"":1352,""y"":384,""t"":2415},{""x"":1175,""y"":387,""t"":2463},{""x"":1005,""y"":437,""t"":2484},{""x"":915,""y"":431,""t"":2529},{""x"":797,""y"":455,""t"":2552},{""x"":732,""y"":486,""t"":2600},{""x"":714,""y"":471,""t"":2619},{""x"":681,""y"":476,""t"":2666},{""x"":530,""y"":533,""t"":2688},{""x"":497,""y"":486,""t"":2734},{""x"":408,""y"":464,""t"":2754},{""x"":371,""y"":429,""t"":2801},{""x"":348,""y"":400,""t"":2823},{""x"":278,""y"":454,""t"":2869},{""x"":240,""y"":455,""t"":2891},{""x"":296,""y"":414,""t"":2937},{""x"":363,""y"":371,""t"":2960},{""x"":439,""y"":337,""t"":3006},{""x"":496,""y"":303,""t"":3027},{""x"":452,""y"":317,""t"":3074},{""x"":446,""y"":321,""t"":3094},{""x"":397,""y"":365,""t"":3141},{""x"":381,""y"":405,""t"":3163},{""x"":369,""y"":517,""t"":3210},{""x"":396,""y"":595,""t"":3231},{""x"":394,""y"":644,""t"":3277},{""x"":414,""y"":628,""t"":3299},{""x"":410,""y"":679,""t"":3345},{""x"":463,""y"":689,""t"":3368},{""x"":616,""y"":741,""t"":3414},{""x"":745,""y"":782,""t"":3435},{""x"":853,""y"":768,""t"":3482},{""x"":901,""y"":807,""t"":3504},{""x"":992,""y"":800,""t"":3551},{""x"":1044,""y"":789,""t"":3571},{""x"":1104,""y"":785,""t"":3619},{""x"":1137,""y"":759,""t"":3639},{""x"":1205,""y"":763,""t"":3686},{""x"":1234,""y"":773,""t"":3707},{""x"":1234,""y"":755,""t"":3754},{""x"":1267,""y"":710,""t"":3776},{""x"":1249,""y"":695,""t"":3823},{""x"":1175,""y"":730,""t"":3843},{""x"":1202,""y"":709,""t"":3891},{""x"":1166,""y"":714,""t"":3910},{""x"":1175,""y"":724,""t"":3957},{""x"":1233,""y"":650,""t"":3978},{""x"":1174,""y"":610,""t"":4026},{""x"":1235,""y"":574,""t"":4047},{""x"":1243,""y"":535,""t"":4095},{""x"":1286,""y"":491,""t"":4116},{""x"":1125,""y"":529,""t"":4162},{""x"":1186,""y"":465,""t"":4184},{""x"":1152,""y"":521,""t"":4232},{""x"":1171,""y"":507,""t"":4251},{""x"":1178,""y"":503,""t"":4299},{""x"":1184,""y"":500,""t"":4318},{""x"":1256,""y"":462,""t"":4365},{""x"":1282,""y"":451,""t"":4387},{""x"":1361,""y"":409,""t"":4435},{""x"":1345,""y"":399,""t"":4455},{""x"":1342,""y"":380,""t"":4501},{""x"":1307,""y"":416,""t"":4524},{""x"":1303,""y"":449,""t"":4571},{""x"":1277,""y"":460,""t"":4592},{""x"":1254,""y"":517,""t"":4640},{""x"":1198,""y"":572,""t"":4659},{""x"":1183,""y"":645,""t"":4706},{""x"":1182,""y"":680,""t"":4727},{""x"":1155,""y"":705,""t"":4776},{""x"":1139,""y"":724,""t"":4795},{""x"":1122,""y"":732,""t"":4843},{""x"":1119,""y"":733,""t"":4863},{""x"":1048,""y"":755,""t"":4911},{""x"":989,""y"":771,""t"":4931},{""x"":986,""y"":826,""t"":4978},{""x"":1034,""y"":793,""t"":5000},{""x"":1197,""y"":728,""t"":5047},{""x"":1260,""y"":686,""t"":5067},{""x"":1285,""y"":640,""t"":5116},{""x"":1303,""y"":602,""t"":5134},{""x"":1284,""y"":540,""t"":5182},{""x"":1266,""y"":489,""t"":5202},{""x"":1189,""y"":484,""t"":5250},{""x"":1171,""y"":508,""t"":5272},{""x"":1101,""y"":514,""t"":5317},{""x"":964,""y"":555,""t"":5339},{""x"":912,""y"":535,""t"":5386},{""x"":856,""y"":521,""t"":5408},{""x"":906,""y"":483,""t"":5455},{""x"":842,""y"":500,""t"":5476},{""x"":816,""y"":514,""t"":5522},{""x"":731,""y"":582,""t"":5543},{""x"":798,""y"":546,""t"":5590},{""x"":702,""y"":590,""t"":5611},{""x"":654,""y"":702,""t"":5657},{""x"":689,""y"":667,""t"":5680},{""x"":819,""y"":591,""t"":5727},{""x"":697,""y"":657,""t"":5748},{""x"":686,""y"":656,""t"":5796},{""x"":773,""y"":608,""t"":5816}]",1,0.6575226735880934,0.34247732641190665,eu_b-last_b-longer,0
142-alternatives,0,34,exp_102,0.0,204.69999998807907,0.58,0.38,4.9,6.9,higher_p,higher_m,0,1,alternatives,0.0,False,2.842,2.6220000000000003,0.2199999999999997,0.4837536146444008,0.4,0.6,0.5,0.5,1.0,1.0,higher_m,higher_m,True,"{""durations"":[1000,1500,1000,1500],""alternatives"":[0,1,0,1],""attributes"":[""all"",""all"",""all"",""all""]}","[{""x"":842,""y"":618,""t"":0},{""x"":703,""y"":634,""t"":46},{""x"":717,""y"":613,""t"":97},{""x"":651,""y"":618,""t"":107},{""x"":684,""y"":644,""t"":154},{""x"":649,""y"":688,""t"":172},{""x"":706,""y"":820,""t"":218},{""x"":661,""y"":964,""t"":240},{""x"":773,""y"":1018,""t"":288},{""x"":926,""y"":1060,""t"":307},{""x"":1059,""y"":990,""t"":354},{""x"":1174,""y"":976,""t"":375},{""x"":1240,""y"":903,""t"":422},{""x"":1283,""y"":853,""t"":443},{""x"":1327,""y"":859,""t"":491},{""x"":1354,""y"":871,""t"":512},{""x"":1409,""y"":827,""t"":558},{""x"":1417,""y"":788,""t"":580},{""x"":1376,""y"":729,""t"":627},{""x"":1295,""y"":709,""t"":647},{""x"":1326,""y"":589,""t"":696},{""x"":1351,""y"":489,""t"":715},{""x"":1454,""y"":398,""t"":762},{""x"":1410,""y"":365,""t"":801},{""x"":1404,""y"":351,""t"":817},{""x"":1446,""y"":312,""t"":864},{""x"":1391,""y"":337,""t"":886},{""x"":1354,""y"":380,""t"":933},{""x"":1397,""y"":362,""t"":953},{""x"":1362,""y"":334,""t"":1004},{""x"":1435,""y"":302,""t"":1021},{""x"":1489,""y"":291,""t"":1068},{""x"":1516,""y"":302,""t"":1088},{""x"":1512,""y"":319,""t"":1136},{""x"":1529,""y"":332,""t"":1156},{""x"":1397,""y"":396,""t"":1203},{""x"":1346,""y"":419,""t"":1226},{""x"":1097,""y"":427,""t"":1273},{""x"":971,""y"":388,""t"":1293},{""x"":825,""y"":365,""t"":1340},{""x"":708,""y"":344,""t"":1362},{""x"":605,""y"":353,""t"":1407},{""x"":608,""y"":315,""t"":1429},{""x"":578,""y"":283,""t"":1477},{""x"":544,""y"":266,""t"":1498},{""x"":568,""y"":230,""t"":1545},{""x"":597,""y"":215,""t"":1565},{""x"":535,""y"":281,""t"":1613},{""x"":456,""y"":414,""t"":1632},{""x"":381,""y"":456,""t"":1680},{""x"":371,""y"":491,""t"":1701},{""x"":352,""y"":535,""t"":1748},{""x"":326,""y"":572,""t"":1770},{""x"":308,""y"":622,""t"":1816},{""x"":320,""y"":605,""t"":1837},{""x"":303,""y"":610,""t"":1884},{""x"":276,""y"":611,""t"":1905},{""x"":497,""y"":622,""t"":1952},{""x"":635,""y"":645,""t"":1974},{""x"":762,""y"":668,""t"":2020},{""x"":898,""y"":655,""t"":2042},{""x"":1006,""y"":655,""t"":2088},{""x"":1063,""y"":648,""t"":2110},{""x"":1046,""y"":711,""t"":2162},{""x"":1024,""y"":763,""t"":2178},{""x"":1058,""y"":750,""t"":2224},{""x"":1104,""y"":721,""t"":2245},{""x"":1081,""y"":716,""t"":2292},{""x"":1058,""y"":710,""t"":2313},{""x"":1063,""y"":715,""t"":2359},{""x"":1086,""y"":712,""t"":2380},{""x"":1125,""y"":713,""t"":2430},{""x"":1156,""y"":713,""t"":2448},{""x"":1169,""y"":732,""t"":2494},{""x"":1236,""y"":765,""t"":2516},{""x"":1033,""y"":785,""t"":2563},{""x"":850,""y"":801,""t"":2585},{""x"":680,""y"":829,""t"":2633},{""x"":587,""y"":831,""t"":2653},{""x"":493,""y"":843,""t"":2701},{""x"":426,""y"":886,""t"":2720},{""x"":572,""y"":861,""t"":2767},{""x"":703,""y"":837,""t"":2789},{""x"":891,""y"":814,""t"":2836},{""x"":1052,""y"":794,""t"":2856},{""x"":1191,""y"":801,""t"":2904},{""x"":1280,""y"":809,""t"":2924},{""x"":1248,""y"":805,""t"":2971},{""x"":1214,""y"":802,""t"":2993},{""x"":1239,""y"":754,""t"":3040},{""x"":1241,""y"":752,""t"":3062},{""x"":1278,""y"":769,""t"":3109},{""x"":1356,""y"":754,""t"":3129},{""x"":1371,""y"":692,""t"":3176},{""x"":1416,""y"":617,""t"":3197},{""x"":1416,""y"":542,""t"":3246},{""x"":1482,""y"":466,""t"":3266},{""x"":1491,""y"":409,""t"":3313},{""x"":1494,""y"":364,""t"":3332},{""x"":1511,""y"":327,""t"":3380},{""x"":1523,""y"":300,""t"":3400},{""x"":1545,""y"":258,""t"":3447},{""x"":1542,""y"":224,""t"":3470},{""x"":1434,""y"":262,""t"":3517},{""x"":1463,""y"":249,""t"":3537},{""x"":1398,""y"":244,""t"":3584},{""x"":1357,""y"":249,""t"":3604},{""x"":1093,""y"":289,""t"":3653},{""x"":902,""y"":291,""t"":3673},{""x"":841,""y"":266,""t"":3721},{""x"":795,""y"":250,""t"":3740},{""x"":781,""y"":220,""t"":3788},{""x"":680,""y"":234,""t"":3809},{""x"":617,""y"":215,""t"":3856},{""x"":570,""y"":201,""t"":3878},{""x"":593,""y"":193,""t"":3925},{""x"":507,""y"":199,""t"":3946},{""x"":528,""y"":201,""t"":3993},{""x"":555,""y"":205,""t"":4014},{""x"":492,""y"":237,""t"":4063},{""x"":442,""y"":265,""t"":4080},{""x"":414,""y"":269,""t"":4129},{""x"":394,""y"":273,""t"":4149},{""x"":425,""y"":311,""t"":4196},{""x"":423,""y"":383,""t"":4217},{""x"":421,""y"":429,""t"":4265},{""x"":376,""y"":486,""t"":4285},{""x"":391,""y"":574,""t"":4334},{""x"":397,""y"":597,""t"":4353},{""x"":517,""y"":667,""t"":4401},{""x"":622,""y"":723,""t"":4420},{""x"":793,""y"":701,""t"":4467},{""x"":925,""y"":670,""t"":4488},{""x"":1022,""y"":611,""t"":4534},{""x"":1047,""y"":590,""t"":4557},{""x"":1185,""y"":542,""t"":4605},{""x"":1275,""y"":520,""t"":4626},{""x"":1338,""y"":467,""t"":4675},{""x"":1384,""y"":423,""t"":4692},{""x"":1370,""y"":421,""t"":4739},{""x"":1351,""y"":421,""t"":4761},{""x"":1319,""y"":465,""t"":4809},{""x"":1348,""y"":440,""t"":4830},{""x"":1353,""y"":453,""t"":4878},{""x"":1317,""y"":450,""t"":4898},{""x"":1389,""y"":394,""t"":4945},{""x"":1418,""y"":346,""t"":4965},{""x"":1332,""y"":408,""t"":5011},{""x"":1295,""y"":451,""t"":5033},{""x"":1287,""y"":496,""t"":5079},{""x"":1364,""y"":451,""t"":5100},{""x"":1286,""y"":479,""t"":5148},{""x"":1272,""y"":469,""t"":5169},{""x"":1272,""y"":465,""t"":5218},{""x"":1255,""y"":485,""t"":5237},{""x"":1206,""y"":500,""t"":5285},{""x"":1222,""y"":468,""t"":5305},{""x"":1142,""y"":514,""t"":5353},{""x"":1101,""y"":510,""t"":5373},{""x"":1115,""y"":492,""t"":5421},{""x"":944,""y"":580,""t"":5442},{""x"":974,""y"":567,""t"":5489},{""x"":905,""y"":595,""t"":5508},{""x"":776,""y"":629,""t"":5556},{""x"":844,""y"":600,""t"":5578},{""x"":929,""y"":557,""t"":5624},{""x"":844,""y"":593,""t"":5646},{""x"":840,""y"":604,""t"":5693},{""x"":790,""y"":618,""t"":5714}]",1,0.8181585416225056,0.18184145837749455,eu_b-last_b-longer,0
142-alternatives,0,36,exp_108,0.0,303.4000000357628,0.78,0.4,2.1,3.0,higher_p,higher_m,0,1,alternatives,0.0,False,1.638,1.2000000000000002,0.4379999999999999,0.7081329507986126,0.4,0.6,0.5,0.5,1.0,0.0,higher_m,higher_p,True,"{""durations"":[1500,1000,1500,1000],""alternatives"":[1,0,1,0],""attributes"":[""all"",""all"",""all"",""all""]}","[{""x"":993,""y"":470,""t"":-20},{""x"":999,""y"":468,""t"":0},{""x"":1017,""y"":461,""t"":60},{""x"":1035,""y"":451,""t"":81},{""x"":998,""y"":455,""t"":131},{""x"":1025,""y"":456,""t"":140},{""x"":1045,""y"":481,""t"":193},{""x"":1043,""y"":487,""t"":206},{""x"":909,""y"":477,""t"":253},{""x"":814,""y"":461,""t"":274},{""x"":571,""y"":462,""t"":321},{""x"":495,""y"":443,""t"":342},{""x"":467,""y"":447,""t"":388},{""x"":467,""y"":441,""t"":410},{""x"":384,""y"":476,""t"":463},{""x"":298,""y"":528,""t"":477},{""x"":299,""y"":540,""t"":524},{""x"":203,""y"":585,""t"":545},{""x"":304,""y"":604,""t"":595},{""x"":324,""y"":647,""t"":613},{""x"":401,""y"":622,""t"":661},{""x"":452,""y"":616,""t"":682},{""x"":516,""y"":594,""t"":733},{""x"":571,""y"":573,""t"":750},{""x"":631,""y"":538,""t"":797},{""x"":644,""y"":507,""t"":816},{""x"":656,""y"":458,""t"":863},{""x"":696,""y"":438,""t"":884},{""x"":695,""y"":424,""t"":931},{""x"":671,""y"":412,""t"":953},{""x"":646,""y"":385,""t"":1000},{""x"":622,""y"":363,""t"":1022},{""x"":800,""y"":359,""t"":1069},{""x"":951,""y"":358,""t"":1088},{""x"":1067,""y"":323,""t"":1136},{""x"":1140,""y"":332,""t"":1158},{""x"":1251,""y"":364,""t"":1205},{""x"":1362,""y"":357,""t"":1225},{""x"":1454,""y"":371,""t"":1273},{""x"":1523,""y"":383,""t"":1293},{""x"":1511,""y"":395,""t"":1340},{""x"":1510,""y"":392,""t"":1360},{""x"":1502,""y"":414,""t"":1407},{""x"":1529,""y"":392,""t"":1429},{""x"":1572,""y"":374,""t"":1480},{""x"":1522,""y"":381,""t"":1498},{""x"":1540,""y"":396,""t"":1549},{""x"":1523,""y"":430,""t"":1565},{""x"":1497,""y"":424,""t"":1611},{""x"":1534,""y"":375,""t"":1632},{""x"":1563,""y"":343,""t"":1679},{""x"":1526,""y"":339,""t"":1701},{""x"":1544,""y"":320,""t"":1749},{""x"":1555,""y"":308,""t"":1769},{""x"":1622,""y"":327,""t"":1818},{""x"":1595,""y"":310,""t"":1836},{""x"":1621,""y"":293,""t"":1884},{""x"":1663,""y"":259,""t"":1905},{""x"":1571,""y"":316,""t"":1953},{""x"":1534,""y"":347,""t"":1974},{""x"":1479,""y"":407,""t"":2020},{""x"":1482,""y"":434,""t"":2042},{""x"":1444,""y"":487,""t"":2088},{""x"":1412,""y"":531,""t"":2109},{""x"":1423,""y"":570,""t"":2156},{""x"":1473,""y"":590,""t"":2177},{""x"":1509,""y"":619,""t"":2224},{""x"":1481,""y"":650,""t"":2245},{""x"":1538,""y"":656,""t"":2291},{""x"":1587,""y"":658,""t"":2313},{""x"":1458,""y"":631,""t"":2357},{""x"":1428,""y"":629,""t"":2382},{""x"":1415,""y"":600,""t"":2431},{""x"":1442,""y"":554,""t"":2450},{""x"":1467,""y"":513,""t"":2498},{""x"":1491,""y"":467,""t"":2517},{""x"":1504,""y"":426,""t"":2563},{""x"":1537,""y"":412,""t"":2585},{""x"":1501,""y"":422,""t"":2633},{""x"":1539,""y"":393,""t"":2652},{""x"":1570,""y"":372,""t"":2698},{""x"":1580,""y"":346,""t"":2722},{""x"":1442,""y"":343,""t"":2775},{""x"":1323,""y"":343,""t"":2789},{""x"":1011,""y"":354,""t"":2837},{""x"":858,""y"":342,""t"":2858},{""x"":805,""y"":339,""t"":2906},{""x"":770,""y"":338,""t"":2924},{""x"":697,""y"":325,""t"":2971},{""x"":623,""y"":306,""t"":2992},{""x"":605,""y"":315,""t"":3039},{""x"":603,""y"":323,""t"":3061},{""x"":450,""y"":392,""t"":3110},{""x"":417,""y"":434,""t"":3130},{""x"":392,""y"":469,""t"":3180},{""x"":420,""y"":493,""t"":3197},{""x"":396,""y"":529,""t"":3245},{""x"":406,""y"":559,""t"":3265},{""x"":302,""y"":577,""t"":3312},{""x"":312,""y"":592,""t"":3333},{""x"":367,""y"":559,""t"":3381},{""x"":460,""y"":508,""t"":3400},{""x"":462,""y"":481,""t"":3450},{""x"":453,""y"":459,""t"":3470},{""x"":630,""y"":459,""t"":3518},{""x"":801,""y"":430,""t"":3537},{""x"":1035,""y"":407,""t"":3586},{""x"":1193,""y"":412,""t"":3605},{""x"":1307,""y"":418,""t"":3653},{""x"":1407,""y"":449,""t"":3674},{""x"":1493,""y"":447,""t"":3722},{""x"":1544,""y"":433,""t"":3740},{""x"":1565,""y"":429,""t"":3789},{""x"":1574,""y"":427,""t"":3808},{""x"":1584,""y"":403,""t"":3856},{""x"":1501,""y"":406,""t"":3878},{""x"":1261,""y"":401,""t"":3925},{""x"":1053,""y"":396,""t"":3945},{""x"":879,""y"":367,""t"":3993},{""x"":822,""y"":341,""t"":4033},{""x"":780,""y"":320,""t"":4047},{""x"":768,""y"":299,""t"":4099},{""x"":764,""y"":283,""t"":4114},{""x"":953,""y"":282,""t"":4161},{""x"":1145,""y"":284,""t"":4183},{""x"":1260,""y"":302,""t"":4231},{""x"":1322,""y"":328,""t"":4252},{""x"":1424,""y"":343,""t"":4300},{""x"":1497,""y"":350,""t"":4320},{""x"":1584,""y"":341,""t"":4369},{""x"":1597,""y"":344,""t"":4387},{""x"":1647,""y"":335,""t"":4435},{""x"":1735,""y"":313,""t"":4455},{""x"":1693,""y"":328,""t"":4503},{""x"":1690,""y"":330,""t"":4524},{""x"":1607,""y"":332,""t"":4572},{""x"":1574,""y"":332,""t"":4591},{""x"":1597,""y"":323,""t"":4640},{""x"":1605,""y"":296,""t"":4659},{""x"":1552,""y"":321,""t"":4708},{""x"":1513,""y"":346,""t"":4728},{""x"":1493,""y"":444,""t"":4777},{""x"":1510,""y"":532,""t"":4795},{""x"":1412,""y"":613,""t"":4844},{""x"":1434,""y"":665,""t"":4863},{""x"":1402,""y"":690,""t"":4909},{""x"":1371,""y"":711,""t"":4932},{""x"":1340,""y"":710,""t"":4979},{""x"":1345,""y"":728,""t"":4998},{""x"":1339,""y"":726,""t"":5046},{""x"":1357,""y"":724,""t"":5067},{""x"":1386,""y"":724,""t"":5114},{""x"":1410,""y"":718,""t"":5135},{""x"":1373,""y"":722,""t"":5184},{""x"":1384,""y"":712,""t"":5203},{""x"":1419,""y"":672,""t"":5250},{""x"":1441,""y"":659,""t"":5272},{""x"":1392,""y"":639,""t"":5319},{""x"":1339,""y"":642,""t"":5338},{""x"":1241,""y"":617,""t"":5387},{""x"":1158,""y"":596,""t"":5407},{""x"":1037,""y"":626,""t"":5464},{""x"":972,""y"":586,""t"":5475},{""x"":872,""y"":606,""t"":5528},{""x"":914,""y"":593,""t"":5543},{""x"":925,""y"":570,""t"":5591},{""x"":968,""y"":538,""t"":5611},{""x"":952,""y"":543,""t"":5663},{""x"":913,""y"":554,""t"":5680},{""x"":902,""y"":528,""t"":5729},{""x"":952,""y"":499,""t"":5747},{""x"":945,""y"":507,""t"":5796},{""x"":914,""y"":494,""t"":5814},{""x"":1001,""y"":475,""t"":5862},{""x"":1081,""y"":483,""t"":5884}]",0,0.9469907693372641,0.053009230662735884,eu_b-last_b-longer,0
142-alternatives,0,38,exp_52,0.0,427.6999999880791,0.49,0.32,6.9,8.2,higher_p,higher_m,0,1,alternatives,0.0,False,3.381,2.624,0.7570000000000006,1.0364678509508771,0.4,0.6,0.5,0.5,1.0,0.0,higher_m,higher_p,True,"{""durations"":[1500,1000,1500,1000],""alternatives"":[1,0,1,0],""attributes"":[""all"",""all"",""all"",""all""]}","[{""x"":987,""y"":501,""t"":0},{""x"":973,""y"":481,""t"":46},{""x"":947,""y"":493,""t"":95},{""x"":862,""y"":529,""t"":104},{""x"":902,""y"":506,""t"":156},{""x"":939,""y"":486,""t"":171},{""x"":1007,""y"":455,""t"":217},{""x"":1067,""y"":428,""t"":240},{""x"":1142,""y"":442,""t"":286},{""x"":1166,""y"":444,""t"":307},{""x"":1261,""y"":479,""t"":354},{""x"":1380,""y"":512,""t"":375},{""x"":1418,""y"":537,""t"":423},{""x"":1495,""y"":551,""t"":443},{""x"":1513,""y"":543,""t"":491},{""x"":1523,""y"":536,""t"":511},{""x"":1449,""y"":536,""t"":558},{""x"":1399,""y"":520,""t"":579},{""x"":1436,""y"":469,""t"":628},{""x"":1450,""y"":453,""t"":646},{""x"":1465,""y"":411,""t"":694},{""x"":1484,""y"":389,""t"":715},{""x"":1406,""y"":391,""t"":761},{""x"":1323,""y"":398,""t"":784},{""x"":1404,""y"":356,""t"":831},{""x"":1410,""y"":326,""t"":850},{""x"":1463,""y"":325,""t"":897},{""x"":1528,""y"":323,""t"":919},{""x"":1552,""y"":295,""t"":968},{""x"":1511,""y"":303,""t"":988},{""x"":1591,""y"":278,""t"":1036},{""x"":1502,""y"":305,""t"":1056},{""x"":1545,""y"":282,""t"":1102},{""x"":1455,""y"":315,""t"":1124},{""x"":1580,""y"":278,""t"":1171},{""x"":1524,""y"":290,""t"":1208},{""x"":1536,""y"":300,""t"":1224},{""x"":1593,""y"":256,""t"":1272},{""x"":1568,""y"":267,""t"":1293},{""x"":1581,""y"":248,""t"":1341},{""x"":1586,""y"":270,""t"":1361},{""x"":1616,""y"":246,""t"":1409},{""x"":1585,""y"":252,""t"":1429},{""x"":1616,""y"":221,""t"":1477},{""x"":1557,""y"":237,""t"":1498},{""x"":1500,""y"":329,""t"":1546},{""x"":1487,""y"":409,""t"":1566},{""x"":1467,""y"":474,""t"":1614},{""x"":1387,""y"":538,""t"":1633},{""x"":1432,""y"":578,""t"":1680},{""x"":1444,""y"":619,""t"":1701},{""x"":1467,""y"":661,""t"":1748},{""x"":1438,""y"":685,""t"":1769},{""x"":1202,""y"":691,""t"":1818},{""x"":990,""y"":692,""t"":1837},{""x"":792,""y"":670,""t"":1886},{""x"":649,""y"":636,""t"":1906},{""x"":535,""y"":632,""t"":1953},{""x"":421,""y"":608,""t"":1974},{""x"":349,""y"":595,""t"":2024},{""x"":279,""y"":607,""t"":2042},{""x"":271,""y"":527,""t"":2089},{""x"":254,""y"":454,""t"":2109},{""x"":262,""y"":443,""t"":2157},{""x"":275,""y"":396,""t"":2177},{""x"":303,""y"":357,""t"":2224},{""x"":333,""y"":327,""t"":2246},{""x"":230,""y"":345,""t"":2292},{""x"":307,""y"":326,""t"":2313},{""x"":312,""y"":288,""t"":2360},{""x"":324,""y"":281,""t"":2382},{""x"":312,""y"":271,""t"":2429},{""x"":343,""y"":254,""t"":2450},{""x"":346,""y"":253,""t"":2496},{""x"":318,""y"":249,""t"":2517},{""x"":339,""y"":293,""t"":2567},{""x"":259,""y"":399,""t"":2585},{""x"":325,""y"":441,""t"":2632},{""x"":454,""y"":460,""t"":2652},{""x"":477,""y"":481,""t"":2699},{""x"":495,""y"":497,""t"":2720},{""x"":536,""y"":520,""t"":2767},{""x"":458,""y"":548,""t"":2790},{""x"":613,""y"":618,""t"":2836},{""x"":793,""y"":640,""t"":2858},{""x"":1001,""y"":646,""t"":2905},{""x"":1117,""y"":671,""t"":2925},{""x"":1153,""y"":701,""t"":2971},{""x"":1223,""y"":702,""t"":2993},{""x"":1347,""y"":707,""t"":3041},{""x"":1461,""y"":708,""t"":3060},{""x"":1547,""y"":709,""t"":3108},{""x"":1594,""y"":702,""t"":3128},{""x"":1529,""y"":671,""t"":3178},{""x"":1495,""y"":659,""t"":3198},{""x"":1479,""y"":594,""t"":3245},{""x"":1385,""y"":579,""t"":3264},{""x"":1374,""y"":527,""t"":3311},{""x"":1414,""y"":466,""t"":3333},{""x"":1453,""y"":400,""t"":3380},{""x"":1523,""y"":336,""t"":3401},{""x"":1475,""y"":327,""t"":3448},{""x"":1485,""y"":283,""t"":3469},{""x"":1452,""y"":279,""t"":3516},{""x"":1525,""y"":243,""t"":3538},{""x"":1461,""y"":292,""t"":3586},{""x"":1477,""y"":294,""t"":3604},{""x"":1476,""y"":268,""t"":3650},{""x"":1412,""y"":277,""t"":3673},{""x"":1453,""y"":242,""t"":3721},{""x"":1466,""y"":241,""t"":3742},{""x"":1496,""y"":242,""t"":3788},{""x"":1469,""y"":266,""t"":3810},{""x"":1470,""y"":265,""t"":3857},{""x"":1387,""y"":310,""t"":3878},{""x"":1486,""y"":272,""t"":3934},{""x"":1498,""y"":257,""t"":3945},{""x"":1316,""y"":243,""t"":4001},{""x"":1197,""y"":221,""t"":4013},{""x"":934,""y"":249,""t"":4061},{""x"":846,""y"":235,""t"":4081},{""x"":725,""y"":250,""t"":4127},{""x"":637,""y"":265,""t"":4149},{""x"":655,""y"":262,""t"":4197},{""x"":617,""y"":275,""t"":4218},{""x"":632,""y"":265,""t"":4264},{""x"":500,""y"":289,""t"":4284},{""x"":427,""y"":286,""t"":4332},{""x"":401,""y"":286,""t"":4353},{""x"":383,""y"":271,""t"":4399},{""x"":429,""y"":257,""t"":4421},{""x"":435,""y"":257,""t"":4471},{""x"":445,""y"":257,""t"":4489},{""x"":308,""y"":292,""t"":4538},{""x"":257,""y"":288,""t"":4557},{""x"":336,""y"":271,""t"":4605},{""x"":407,""y"":255,""t"":4624},{""x"":390,""y"":333,""t"":4673},{""x"":400,""y"":398,""t"":4693},{""x"":454,""y"":473,""t"":4740},{""x"":514,""y"":505,""t"":4780},{""x"":546,""y"":523,""t"":4795},{""x"":520,""y"":559,""t"":4846},{""x"":495,""y"":586,""t"":4864},{""x"":559,""y"":594,""t"":4913},{""x"":619,""y"":581,""t"":4932},{""x"":585,""y"":588,""t"":4980},{""x"":567,""y"":577,""t"":4999},{""x"":596,""y"":604,""t"":5048},{""x"":691,""y"":622,""t"":5066},{""x"":818,""y"":571,""t"":5114},{""x"":964,""y"":534,""t"":5136},{""x"":1023,""y"":507,""t"":5181},{""x"":1032,""y"":488,""t"":5203},{""x"":1024,""y"":531,""t"":5252},{""x"":1066,""y"":493,""t"":5270},{""x"":1139,""y"":489,""t"":5318},{""x"":1177,""y"":485,""t"":5340},{""x"":1166,""y"":464,""t"":5387},{""x"":1100,""y"":479,""t"":5406},{""x"":1102,""y"":465,""t"":5455},{""x"":1023,""y"":469,""t"":5474},{""x"":935,""y"":519,""t"":5523},{""x"":919,""y"":506,""t"":5543},{""x"":813,""y"":560,""t"":5589},{""x"":853,""y"":530,""t"":5612},{""x"":882,""y"":500,""t"":5659},{""x"":772,""y"":526,""t"":5679},{""x"":838,""y"":526,""t"":5726},{""x"":803,""y"":505,""t"":5746},{""x"":827,""y"":481,""t"":5799},{""x"":808,""y"":454,""t"":5816},{""x"":907,""y"":444,""t"":5865},{""x"":963,""y"":439,""t"":5883},{""x"":910,""y"":460,""t"":5933},{""x"":888,""y"":465,""t"":5951}]",0,0.965631276886607,0.03436872311339301,eu_b-last_b-longer,0
142-alternatives,0,40,exp_88,0.0,338.10000002384186,0.5,0.38,3.0,4.0,higher_p,higher_m,0,1,alternatives,0.0,False,1.5,1.52,-0.02,0.2367304922727919,0.6,0.4,0.5,0.5,0.0,1.0,higher_p,higher_m,True,"{""durations"":[1500,1000,1500,1000],""alternatives"":[0,1,0,1],""attributes"":[""all"",""all"",""all"",""all""]}","[{""x"":838,""y"":485,""t"":0},{""x"":845,""y"":479,""t"":53},{""x"":853,""y"":475,""t"":68},{""x"":967,""y"":462,""t"":116},{""x"":997,""y"":454,""t"":138},{""x"":1036,""y"":457,""t"":184},{""x"":1023,""y"":462,""t"":206},{""x"":888,""y"":496,""t"":253},{""x"":808,""y"":505,""t"":274},{""x"":728,""y"":512,""t"":320},{""x"":702,""y"":516,""t"":342},{""x"":634,""y"":533,""t"":388},{""x"":575,""y"":546,""t"":410},{""x"":508,""y"":558,""t"":458},{""x"":498,""y"":558,""t"":478},{""x"":473,""y"":547,""t"":525},{""x"":451,""y"":538,""t"":545},{""x"":440,""y"":501,""t"":593},{""x"":385,""y"":515,""t"":612},{""x"":444,""y"":446,""t"":662},{""x"":456,""y"":401,""t"":681},{""x"":410,""y"":388,""t"":733},{""x"":464,""y"":355,""t"":750},{""x"":425,""y"":358,""t"":797},{""x"":426,""y"":333,""t"":816},{""x"":480,""y"":351,""t"":864},{""x"":498,""y"":400,""t"":885},{""x"":435,""y"":360,""t"":932},{""x"":381,""y"":326,""t"":954},{""x"":377,""y"":328,""t"":1002},{""x"":372,""y"":325,""t"":1021},{""x"":594,""y"":312,""t"":1068},{""x"":666,""y"":371,""t"":1090},{""x"":853,""y"":338,""t"":1137},{""x"":951,""y"":370,""t"":1156},{""x"":1068,""y"":365,""t"":1203},{""x"":1145,""y"":354,""t"":1226},{""x"":1257,""y"":321,""t"":1275},{""x"":1328,""y"":319,""t"":1294},{""x"":1360,""y"":323,""t"":1341},{""x"":1352,""y"":346,""t"":1379},{""x"":1363,""y"":357,""t"":1396},{""x"":1420,""y"":345,""t"":1443},{""x"":1463,""y"":335,""t"":1462},{""x"":1398,""y"":352,""t"":1508},{""x"":1444,""y"":324,""t"":1531},{""x"":1397,""y"":343,""t"":1580},{""x"":1481,""y"":308,""t"":1599},{""x"":1479,""y"":317,""t"":1647},{""x"":1488,""y"":332,""t"":1667},{""x"":1457,""y"":332,""t"":1713},{""x"":1462,""y"":321,""t"":1734},{""x"":1535,""y"":347,""t"":1781},{""x"":1496,""y"":389,""t"":1804},{""x"":1485,""y"":403,""t"":1851},{""x"":1481,""y"":432,""t"":1872},{""x"":1446,""y"":445,""t"":1919},{""x"":1473,""y"":458,""t"":1939},{""x"":1495,""y"":430,""t"":1987},{""x"":1515,""y"":410,""t"":2007},{""x"":1498,""y"":392,""t"":2054},{""x"":1473,""y"":365,""t"":2076},{""x"":1486,""y"":349,""t"":2124},{""x"":1435,""y"":347,""t"":2143},{""x"":1486,""y"":317,""t"":2191},{""x"":1461,""y"":308,""t"":2211},{""x"":1485,""y"":288,""t"":2258},{""x"":1506,""y"":273,""t"":2279},{""x"":1487,""y"":269,""t"":2325},{""x"":1465,""y"":284,""t"":2348},{""x"":1492,""y"":379,""t"":2393},{""x"":1509,""y"":435,""t"":2416},{""x"":1435,""y"":503,""t"":2465},{""x"":1458,""y"":542,""t"":2483},{""x"":1421,""y"":557,""t"":2531},{""x"":1432,""y"":570,""t"":2551},{""x"":1360,""y"":571,""t"":2598},{""x"":1371,""y"":533,""t"":2619},{""x"":1437,""y"":475,""t"":2667},{""x"":1465,""y"":453,""t"":2688},{""x"":1518,""y"":413,""t"":2735},{""x"":1516,""y"":369,""t"":2756},{""x"":1475,""y"":357,""t"":2805},{""x"":1475,""y"":342,""t"":2824},{""x"":1282,""y"":340,""t"":2870},{""x"":1082,""y"":346,""t"":2891},{""x"":814,""y"":323,""t"":2937},{""x"":652,""y"":300,""t"":2960},{""x"":532,""y"":302,""t"":3007},{""x"":491,""y"":272,""t"":3027},{""x"":411,""y"":264,""t"":3075},{""x"":426,""y"":234,""t"":3096},{""x"":384,""y"":243,""t"":3144},{""x"":371,""y"":247,""t"":3162},{""x"":382,""y"":257,""t"":3209},{""x"":406,""y"":276,""t"":3232},{""x"":340,""y"":308,""t"":3279},{""x"":308,""y"":326,""t"":3300},{""x"":276,""y"":358,""t"":3346},{""x"":287,""y"":363,""t"":3368},{""x"":346,""y"":337,""t"":3415},{""x"":325,""y"":366,""t"":3435},{""x"":403,""y"":400,""t"":3483},{""x"":395,""y"":455,""t"":3504},{""x"":407,""y"":478,""t"":3551},{""x"":417,""y"":495,""t"":3570},{""x"":419,""y"":516,""t"":3617},{""x"":467,""y"":509,""t"":3656},{""x"":486,""y"":500,""t"":3673},{""x"":501,""y"":541,""t"":3724},{""x"":499,""y"":577,""t"":3742},{""x"":469,""y"":585,""t"":3789},{""x"":443,""y"":590,""t"":3808},{""x"":642,""y"":621,""t"":3855},{""x"":806,""y"":640,""t"":3877},{""x"":906,""y"":667,""t"":3924},{""x"":1085,""y"":650,""t"":3964},{""x"":1198,""y"":675,""t"":3979},{""x"":1309,""y"":664,""t"":4026},{""x"":1394,""y"":653,""t"":4048},{""x"":1355,""y"":658,""t"":4095},{""x"":1313,""y"":662,""t"":4115},{""x"":1359,""y"":659,""t"":4161},{""x"":1393,""y"":657,""t"":4184},{""x"":1441,""y"":631,""t"":4230},{""x"":1454,""y"":639,""t"":4251},{""x"":1401,""y"":635,""t"":4300},{""x"":1368,""y"":639,""t"":4319},{""x"":1332,""y"":659,""t"":4366},{""x"":1260,""y"":650,""t"":4388},{""x"":1267,""y"":654,""t"":4435},{""x"":1249,""y"":654,""t"":4455},{""x"":1367,""y"":590,""t"":4502},{""x"":1468,""y"":535,""t"":4524},{""x"":1566,""y"":542,""t"":4571},{""x"":1568,""y"":532,""t"":4590},{""x"":1560,""y"":498,""t"":4637},{""x"":1549,""y"":471,""t"":4660},{""x"":1603,""y"":412,""t"":4706},{""x"":1600,""y"":395,""t"":4727},{""x"":1619,""y"":384,""t"":4775},{""x"":1621,""y"":380,""t"":4795},{""x"":1640,""y"":354,""t"":4843},{""x"":1668,""y"":323,""t"":4862},{""x"":1678,""y"":312,""t"":4910},{""x"":1546,""y"":352,""t"":4930},{""x"":1569,""y"":324,""t"":4977},{""x"":1553,""y"":300,""t"":5000},{""x"":1565,""y"":298,""t"":5049},{""x"":1582,""y"":291,""t"":5068},{""x"":1357,""y"":345,""t"":5116},{""x"":1156,""y"":437,""t"":5136},{""x"":983,""y"":407,""t"":5183},{""x"":740,""y"":444,""t"":5204},{""x"":645,""y"":420,""t"":5251},{""x"":525,""y"":410,""t"":5271},{""x"":476,""y"":401,""t"":5322},{""x"":446,""y"":393,""t"":5339},{""x"":455,""y"":404,""t"":5388},{""x"":490,""y"":375,""t"":5407},{""x"":509,""y"":360,""t"":5454},{""x"":520,""y"":359,""t"":5475},{""x"":529,""y"":362,""t"":5522},{""x"":495,""y"":377,""t"":5543},{""x"":538,""y"":350,""t"":5593},{""x"":556,""y"":339,""t"":5612},{""x"":561,""y"":352,""t"":5660},{""x"":580,""y"":353,""t"":5679},{""x"":615,""y"":360,""t"":5727},{""x"":645,""y"":367,""t"":5747},{""x"":715,""y"":364,""t"":5795},{""x"":732,""y"":383,""t"":5816},{""x"":735,""y"":412,""t"":5865},{""x"":804,""y"":434,""t"":5883}]",1,0.453628245979516,0.546371754020484,eu_b-last_b-longer,0
142-alternatives,0,41,exp_74,0.0,261.5,0.8,0.2,4.0,6.799999999999999,higher_p,higher_m,0,1,alternatives,0.0,False,3.2,1.36,1.8400000000000003,2.151159690652763,0.6,0.4,0.5,0.5,0.0,0.0,higher_p,higher_p,True,"{""durations"":[1000,1500,1000,1500],""alternatives"":[1,0,1,0],""attributes"":[""all"",""all"",""all"",""all""]}","[{""x"":900,""y"":539,""t"":-10},{""x"":797,""y"":579,""t"":0},{""x"":733,""y"":599,""t"":55},{""x"":652,""y"":611,""t"":73},{""x"":743,""y"":567,""t"":141},{""x"":794,""y"":530,""t"":185},{""x"":846,""y"":496,""t"":204},{""x"":968,""y"":498,""t"":250},{""x"":1072,""y"":492,""t"":274},{""x"":1200,""y"":482,""t"":323},{""x"":1346,""y"":464,""t"":341},{""x"":1367,""y"":442,""t"":389},{""x"":1406,""y"":444,""t"":409},{""x"":1453,""y"":447,""t"":455},{""x"":1454,""y"":439,""t"":477},{""x"":1441,""y"":489,""t"":523},{""x"":1501,""y"":511,""t"":545},{""x"":1525,""y"":513,""t"":592},{""x"":1534,""y"":486,""t"":614},{""x"":1530,""y"":508,""t"":660},{""x"":1515,""y"":506,""t"":680},{""x"":1513,""y"":478,""t"":727},{""x"":1446,""y"":484,""t"":749},{""x"":1445,""y"":467,""t"":798},{""x"":1476,""y"":424,""t"":816},{""x"":1475,""y"":405,""t"":863},{""x"":1457,""y"":390,""t"":886},{""x"":1381,""y"":357,""t"":932},{""x"":1343,""y"":321,""t"":954},{""x"":1324,""y"":305,""t"":1001},{""x"":1421,""y"":281,""t"":1021},{""x"":1497,""y"":240,""t"":1068},{""x"":1568,""y"":207,""t"":1090},{""x"":1541,""y"":217,""t"":1138},{""x"":1517,""y"":224,""t"":1157},{""x"":1311,""y"":264,""t"":1209},{""x"":1185,""y"":261,""t"":1226},{""x"":1053,""y"":244,""t"":1275},{""x"":957,""y"":232,""t"":1293},{""x"":841,""y"":216,""t"":1340},{""x"":761,""y"":245,""t"":1378},{""x"":701,""y"":271,""t"":1394},{""x"":527,""y"":301,""t"":1441},{""x"":437,""y"":319,""t"":1464},{""x"":444,""y"":373,""t"":1512},{""x"":331,""y"":396,""t"":1532},{""x"":298,""y"":414,""t"":1580},{""x"":320,""y"":438,""t"":1599},{""x"":363,""y"":419,""t"":1646},{""x"":399,""y"":408,""t"":1667},{""x"":389,""y"":377,""t"":1714},{""x"":389,""y"":349,""t"":1753},{""x"":408,""y"":331,""t"":1770},{""x"":512,""y"":320,""t"":1819},{""x"":599,""y"":315,""t"":1838},{""x"":641,""y"":285,""t"":1885},{""x"":676,""y"":261,""t"":1905},{""x"":609,""y"":257,""t"":1951},{""x"":544,""y"":247,""t"":1974},{""x"":506,""y"":273,""t"":2022},{""x"":453,""y"":290,""t"":2042},{""x"":404,""y"":305,""t"":2089},{""x"":337,""y"":335,""t"":2110},{""x"":349,""y"":378,""t"":2158},{""x"":346,""y"":394,""t"":2178},{""x"":408,""y"":417,""t"":2226},{""x"":453,""y"":436,""t"":2244},{""x"":421,""y"":454,""t"":2292},{""x"":394,""y"":467,""t"":2313},{""x"":327,""y"":543,""t"":2361},{""x"":284,""y"":608,""t"":2381},{""x"":437,""y"":579,""t"":2428},{""x"":400,""y"":596,""t"":2450},{""x"":578,""y"":537,""t"":2497},{""x"":566,""y"":530,""t"":2517},{""x"":549,""y"":517,""t"":2566},{""x"":533,""y"":505,""t"":2586},{""x"":609,""y"":454,""t"":2632},{""x"":632,""y"":437,""t"":2653},{""x"":785,""y"":445,""t"":2699},{""x"":1001,""y"":439,""t"":2721},{""x"":1078,""y"":454,""t"":2767},{""x"":1136,""y"":466,""t"":2790},{""x"":1248,""y"":449,""t"":2845},{""x"":1418,""y"":446,""t"":2857},{""x"":1446,""y"":459,""t"":2908},{""x"":1488,""y"":459,""t"":2926},{""x"":1444,""y"":491,""t"":2971},{""x"":1375,""y"":538,""t"":2994},{""x"":1295,""y"":543,""t"":3040},{""x"":1274,""y"":530,""t"":3061},{""x"":1304,""y"":495,""t"":3108},{""x"":1375,""y"":456,""t"":3129},{""x"":1360,""y"":440,""t"":3179},{""x"":1424,""y"":391,""t"":3198},{""x"":1521,""y"":364,""t"":3245},{""x"":1552,""y"":326,""t"":3284},{""x"":1675,""y"":281,""t"":3299},{""x"":1613,""y"":285,""t"":3347},{""x"":1578,""y"":326,""t"":3367},{""x"":1522,""y"":327,""t"":3413},{""x"":1409,""y"":407,""t"":3436},{""x"":1271,""y"":383,""t"":3483},{""x"":1142,""y"":362,""t"":3504},{""x"":977,""y"":356,""t"":3554},{""x"":818,""y"":363,""t"":3571},{""x"":690,""y"":387,""t"":3617},{""x"":666,""y"":382,""t"":3640},{""x"":628,""y"":410,""t"":3687},{""x"":568,""y"":398,""t"":3708},{""x"":525,""y"":417,""t"":3755},{""x"":419,""y"":443,""t"":3775},{""x"":390,""y"":411,""t"":3822},{""x"":373,""y"":411,""t"":3843},{""x"":354,""y"":400,""t"":3891},{""x"":402,""y"":378,""t"":3912},{""x"":474,""y"":354,""t"":3960},{""x"":529,""y"":331,""t"":3979},{""x"":496,""y"":336,""t"":4024},{""x"":491,""y"":326,""t"":4047},{""x"":458,""y"":303,""t"":4094},{""x"":384,""y"":301,""t"":4114},{""x"":411,""y"":301,""t"":4161},{""x"":380,""y"":329,""t"":4184},{""x"":390,""y"":338,""t"":4230},{""x"":381,""y"":347,""t"":4252},{""x"":362,""y"":390,""t"":4300},{""x"":367,""y"":427,""t"":4320},{""x"":382,""y"":452,""t"":4366},{""x"":309,""y"":485,""t"":4388},{""x"":288,""y"":530,""t"":4435},{""x"":233,""y"":579,""t"":4456},{""x"":351,""y"":621,""t"":4505},{""x"":427,""y"":609,""t"":4522},{""x"":559,""y"":649,""t"":4569},{""x"":625,""y"":617,""t"":4592},{""x"":683,""y"":613,""t"":4641},{""x"":704,""y"":575,""t"":4660},{""x"":739,""y"":595,""t"":4707},{""x"":810,""y"":619,""t"":4728},{""x"":921,""y"":583,""t"":4776},{""x"":944,""y"":590,""t"":4796},{""x"":915,""y"":575,""t"":4844},{""x"":854,""y"":657,""t"":4863},{""x"":842,""y"":612,""t"":4913},{""x"":814,""y"":593,""t"":4932},{""x"":806,""y"":582,""t"":4980},{""x"":809,""y"":574,""t"":4999},{""x"":836,""y"":569,""t"":5048},{""x"":859,""y"":564,""t"":5067},{""x"":823,""y"":583,""t"":5115},{""x"":791,""y"":599,""t"":5135},{""x"":827,""y"":567,""t"":5189},{""x"":771,""y"":587,""t"":5203},{""x"":760,""y"":605,""t"":5251},{""x"":758,""y"":596,""t"":5271},{""x"":741,""y"":590,""t"":5319},{""x"":725,""y"":575,""t"":5338},{""x"":710,""y"":582,""t"":5386},{""x"":710,""y"":606,""t"":5407},{""x"":714,""y"":585,""t"":5455},{""x"":675,""y"":557,""t"":5474},{""x"":672,""y"":546,""t"":5522},{""x"":668,""y"":540,""t"":5542},{""x"":698,""y"":546,""t"":5589},{""x"":715,""y"":515,""t"":5612},{""x"":663,""y"":497,""t"":5659},{""x"":612,""y"":488,""t"":5679},{""x"":647,""y"":482,""t"":5726},{""x"":628,""y"":489,""t"":5746}]",0,0.999437223696559,0.0005627763034408994,eu_b-last_b-longer,0
142-alternatives,0,44,exp_116,0.0,275.30000001192093,0.49,0.22,4.2,7.9,higher_p,higher_m,0,1,alternatives,0.0,False,2.058,1.738,0.3199999999999998,0.5866799156325714,0.4,0.6,0.5,0.5,1.0,0.0,higher_m,higher_p,True,"{""durations"":[1500,1000,1500,1000],""alternatives"":[1,0,1,0],""attributes"":[""all"",""all"",""all"",""all""]}","[{""x"":842,""y"":540,""t"":-9},{""x"":873,""y"":536,""t"":0},{""x"":856,""y"":577,""t"":54},{""x"":840,""y"":611,""t"":71},{""x"":882,""y"":582,""t"":140},{""x"":897,""y"":560,""t"":183},{""x"":909,""y"":535,""t"":206},{""x"":806,""y"":510,""t"":253},{""x"":734,""y"":463,""t"":273},{""x"":688,""y"":432,""t"":319},{""x"":612,""y"":421,""t"":342},{""x"":595,""y"":422,""t"":390},{""x"":556,""y"":441,""t"":409},{""x"":478,""y"":450,""t"":456},{""x"":449,""y"":443,""t"":477},{""x"":376,""y"":464,""t"":523},{""x"":300,""y"":511,""t"":545},{""x"":271,""y"":529,""t"":592},{""x"":247,""y"":540,""t"":614},{""x"":230,""y"":490,""t"":660},{""x"":221,""y"":446,""t"":681},{""x"":214,""y"":417,""t"":728},{""x"":290,""y"":356,""t"":749},{""x"":309,""y"":348,""t"":797},{""x"":359,""y"":300,""t"":818},{""x"":366,""y"":264,""t"":865},{""x"":391,""y"":241,""t"":886},{""x"":430,""y"":229,""t"":934},{""x"":484,""y"":201,""t"":953},{""x"":461,""y"":205,""t"":1001},{""x"":344,""y"":309,""t"":1041},{""x"":311,""y"":357,""t"":1056},{""x"":332,""y"":391,""t"":1103},{""x"":341,""y"":434,""t"":1124},{""x"":383,""y"":465,""t"":1172},{""x"":455,""y"":478,""t"":1191},{""x"":489,""y"":553,""t"":1237},{""x"":496,""y"":572,""t"":1260},{""x"":725,""y"":585,""t"":1306},{""x"":914,""y"":631,""t"":1328},{""x"":1014,""y"":634,""t"":1374},{""x"":1113,""y"":627,""t"":1395},{""x"":1280,""y"":603,""t"":1443},{""x"":1295,""y"":582,""t"":1463},{""x"":1319,""y"":590,""t"":1511},{""x"":1356,""y"":579,""t"":1531},{""x"":1410,""y"":583,""t"":1580},{""x"":1390,""y"":583,""t"":1598},{""x"":1347,""y"":594,""t"":1645},{""x"":1300,""y"":581,""t"":1667},{""x"":1236,""y"":589,""t"":1714},{""x"":1301,""y"":551,""t"":1736},{""x"":1357,""y"":535,""t"":1785},{""x"":1345,""y"":536,""t"":1803},{""x"":1421,""y"":492,""t"":1851},{""x"":1483,""y"":456,""t"":1872},{""x"":1469,""y"":466,""t"":1918},{""x"":1372,""y"":516,""t"":1939},{""x"":1316,""y"":548,""t"":1986},{""x"":1302,""y"":564,""t"":2008},{""x"":1264,""y"":562,""t"":2054},{""x"":1283,""y"":517,""t"":2076},{""x"":1234,""y"":516,""t"":2123},{""x"":1224,""y"":496,""t"":2142},{""x"":1270,""y"":461,""t"":2189},{""x"":1333,""y"":418,""t"":2211},{""x"":1329,""y"":397,""t"":2257},{""x"":1377,""y"":350,""t"":2279},{""x"":1382,""y"":333,""t"":2326},{""x"":1401,""y"":333,""t"":2347},{""x"":1440,""y"":302,""t"":2394},{""x"":1385,""y"":310,""t"":2416},{""x"":1399,""y"":306,""t"":2462},{""x"":1326,""y"":326,""t"":2484},{""x"":1436,""y"":317,""t"":2530},{""x"":1423,""y"":330,""t"":2552},{""x"":1444,""y"":321,""t"":2599},{""x"":1318,""y"":366,""t"":2619},{""x"":1372,""y"":360,""t"":2665},{""x"":1374,""y"":355,""t"":2703},{""x"":1330,""y"":381,""t"":2722},{""x"":1194,""y"":399,""t"":2770},{""x"":1082,""y"":371,""t"":2789},{""x"":893,""y"":372,""t"":2836},{""x"":778,""y"":351,""t"":2856},{""x"":707,""y"":330,""t"":2902},{""x"":582,""y"":307,""t"":2943},{""x"":474,""y"":287,""t"":2960},{""x"":420,""y"":260,""t"":3007},{""x"":341,""y"":247,""t"":3027},{""x"":340,""y"":244,""t"":3073},{""x"":317,""y"":227,""t"":3095},{""x"":259,""y"":282,""t"":3142},{""x"":208,""y"":371,""t"":3163},{""x"":218,""y"":417,""t"":3209},{""x"":249,""y"":468,""t"":3232},{""x"":277,""y"":485,""t"":3278},{""x"":340,""y"":489,""t"":3299},{""x"":351,""y"":514,""t"":3345},{""x"":339,""y"":544,""t"":3367},{""x"":566,""y"":586,""t"":3416},{""x"":783,""y"":613,""t"":3435},{""x"":957,""y"":641,""t"":3481},{""x"":1085,""y"":635,""t"":3504},{""x"":1217,""y"":683,""t"":3550},{""x"":1360,""y"":658,""t"":3571},{""x"":1367,""y"":688,""t"":3619},{""x"":1362,""y"":711,""t"":3638},{""x"":1332,""y"":711,""t"":3685},{""x"":1330,""y"":691,""t"":3707},{""x"":1312,""y"":689,""t"":3754},{""x"":1255,""y"":710,""t"":3776},{""x"":1264,""y"":717,""t"":3823},{""x"":1269,""y"":722,""t"":3844},{""x"":1297,""y"":709,""t"":3889},{""x"":1335,""y"":712,""t"":3911},{""x"":1339,""y"":718,""t"":3958},{""x"":1347,""y"":729,""t"":3978},{""x"":1344,""y"":722,""t"":4025},{""x"":1372,""y"":715,""t"":4047},{""x"":1384,""y"":682,""t"":4094},{""x"":1402,""y"":649,""t"":4115},{""x"":1479,""y"":653,""t"":4161},{""x"":1574,""y"":641,""t"":4183},{""x"":1612,""y"":614,""t"":4229},{""x"":1591,""y"":626,""t"":4251},{""x"":1524,""y"":639,""t"":4297},{""x"":1497,""y"":622,""t"":4319},{""x"":1485,""y"":627,""t"":4366},{""x"":1454,""y"":642,""t"":4388},{""x"":1394,""y"":628,""t"":4435},{""x"":1306,""y"":626,""t"":4456},{""x"":1361,""y"":539,""t"":4502},{""x"":1341,""y"":494,""t"":4523},{""x"":1325,""y"":448,""t"":4570},{""x"":1335,""y"":418,""t"":4590},{""x"":1302,""y"":396,""t"":4642},{""x"":1352,""y"":342,""t"":4659},{""x"":1395,""y"":325,""t"":4706},{""x"":1450,""y"":299,""t"":4728},{""x"":1446,""y"":288,""t"":4776},{""x"":1508,""y"":272,""t"":4795},{""x"":1465,""y"":287,""t"":4843},{""x"":1527,""y"":274,""t"":4863},{""x"":1555,""y"":259,""t"":4910},{""x"":1588,""y"":244,""t"":4931},{""x"":1548,""y"":272,""t"":4978},{""x"":1498,""y"":306,""t"":4998},{""x"":1548,""y"":366,""t"":5047},{""x"":1590,""y"":418,""t"":5067},{""x"":1551,""y"":485,""t"":5114},{""x"":1456,""y"":564,""t"":5136},{""x"":1404,""y"":608,""t"":5183},{""x"":1382,""y"":649,""t"":5203},{""x"":1255,""y"":679,""t"":5251},{""x"":1136,""y"":691,""t"":5271},{""x"":1002,""y"":688,""t"":5319},{""x"":990,""y"":699,""t"":5339},{""x"":855,""y"":702,""t"":5387},{""x"":809,""y"":709,""t"":5407},{""x"":749,""y"":745,""t"":5456},{""x"":770,""y"":688,""t"":5474},{""x"":777,""y"":639,""t"":5523},{""x"":773,""y"":632,""t"":5542},{""x"":785,""y"":619,""t"":5587},{""x"":810,""y"":621,""t"":5611},{""x"":819,""y"":604,""t"":5660},{""x"":821,""y"":617,""t"":5680},{""x"":869,""y"":572,""t"":5727},{""x"":895,""y"":536,""t"":5748},{""x"":1021,""y"":479,""t"":5797},{""x"":988,""y"":519,""t"":5815}]",0,0.9328438311029942,0.0671561688970058,eu_b-last_b-longer,0
142-alternatives,0,45,exp_114,0.0,468.5,0.49,0.22,4.2,7.9,higher_p,higher_m,0,1,alternatives,0.0,False,2.058,1.738,0.3199999999999998,0.5866799156325714,0.6,0.4,0.5,0.5,0.0,0.0,higher_p,higher_p,True,"{""durations"":[1000,1500,1000,1500],""alternatives"":[1,0,1,0],""attributes"":[""all"",""all"",""all"",""all""]}","[{""x"":966,""y"":418,""t"":-22},{""x"":893,""y"":399,""t"":0},{""x"":918,""y"":402,""t"":53},{""x"":863,""y"":439,""t"":69},{""x"":894,""y"":427,""t"":123},{""x"":873,""y"":409,""t"":147},{""x"":892,""y"":385,""t"":196},{""x"":827,""y"":413,""t"":205},{""x"":843,""y"":405,""t"":252},{""x"":791,""y"":432,""t"":274},{""x"":703,""y"":434,""t"":322},{""x"":587,""y"":440,""t"":342},{""x"":559,""y"":431,""t"":389},{""x"":553,""y"":406,""t"":409},{""x"":476,""y"":440,""t"":456},{""x"":370,""y"":477,""t"":477},{""x"":324,""y"":501,""t"":524},{""x"":269,""y"":523,""t"":546},{""x"":215,""y"":527,""t"":593},{""x"":283,""y"":524,""t"":614},{""x"":309,""y"":474,""t"":660},{""x"":320,""y"":442,""t"":681},{""x"":289,""y"":488,""t"":727},{""x"":428,""y"":441,""t"":750},{""x"":358,""y"":429,""t"":796},{""x"":394,""y"":381,""t"":818},{""x"":475,""y"":335,""t"":867},{""x"":543,""y"":297,""t"":885},{""x"":556,""y"":278,""t"":932},{""x"":565,""y"":263,""t"":954},{""x"":512,""y"":311,""t"":1001},{""x"":513,""y"":342,""t"":1020},{""x"":591,""y"":367,""t"":1068},{""x"":610,""y"":402,""t"":1089},{""x"":590,""y"":426,""t"":1135},{""x"":587,""y"":449,""t"":1158},{""x"":584,""y"":468,""t"":1203},{""x"":585,""y"":482,""t"":1225},{""x"":772,""y"":477,""t"":1271},{""x"":990,""y"":500,""t"":1293},{""x"":1150,""y"":515,""t"":1340},{""x"":1335,""y"":498,""t"":1360},{""x"":1444,""y"":478,""t"":1408},{""x"":1519,""y"":491,""t"":1430},{""x"":1603,""y"":466,""t"":1478},{""x"":1639,""y"":459,""t"":1498},{""x"":1654,""y"":410,""t"":1545},{""x"":1675,""y"":376,""t"":1564},{""x"":1566,""y"":380,""t"":1611},{""x"":1579,""y"":346,""t"":1650},{""x"":1625,""y"":341,""t"":1668},{""x"":1640,""y"":321,""t"":1715},{""x"":1583,""y"":310,""t"":1735},{""x"":1504,""y"":301,""t"":1781},{""x"":1461,""y"":297,""t"":1804},{""x"":1423,""y"":315,""t"":1850},{""x"":1391,""y"":331,""t"":1871},{""x"":1382,""y"":333,""t"":1918},{""x"":1375,""y"":335,""t"":1939},{""x"":1406,""y"":325,""t"":1986},{""x"":1365,""y"":332,""t"":2008},{""x"":1364,""y"":318,""t"":2055},{""x"":1390,""y"":310,""t"":2075},{""x"":1329,""y"":295,""t"":2123},{""x"":1400,""y"":294,""t"":2143},{""x"":1253,""y"":319,""t"":2190},{""x"":1205,""y"":310,""t"":2210},{""x"":1042,""y"":403,""t"":2257},{""x"":1026,""y"":381,""t"":2280},{""x"":884,""y"":394,""t"":2327},{""x"":799,""y"":381,""t"":2347},{""x"":684,""y"":362,""t"":2395},{""x"":605,""y"":344,""t"":2415},{""x"":598,""y"":307,""t"":2465},{""x"":520,""y"":292,""t"":2483},{""x"":556,""y"":288,""t"":2530},{""x"":650,""y"":261,""t"":2552},{""x"":623,""y"":254,""t"":2598},{""x"":661,""y"":249,""t"":2636},{""x"":700,""y"":232,""t"":2654},{""x"":693,""y"":248,""t"":2702},{""x"":697,""y"":243,""t"":2720},{""x"":676,""y"":251,""t"":2768},{""x"":658,""y"":259,""t"":2789},{""x"":633,""y"":255,""t"":2836},{""x"":612,""y"":252,""t"":2858},{""x"":615,""y"":248,""t"":2907},{""x"":612,""y"":238,""t"":2926},{""x"":518,""y"":257,""t"":2975},{""x"":614,""y"":246,""t"":2994},{""x"":569,""y"":251,""t"":3041},{""x"":643,""y"":233,""t"":3061},{""x"":593,""y"":311,""t"":3111},{""x"":572,""y"":373,""t"":3129},{""x"":481,""y"":432,""t"":3176},{""x"":454,""y"":475,""t"":3197},{""x"":421,""y"":578,""t"":3243},{""x"":427,""y"":575,""t"":3266},{""x"":443,""y"":575,""t"":3312},{""x"":459,""y"":571,""t"":3332},{""x"":622,""y"":613,""t"":3380},{""x"":723,""y"":658,""t"":3402},{""x"":815,""y"":654,""t"":3451},{""x"":904,""y"":660,""t"":3470},{""x"":1012,""y"":655,""t"":3516},{""x"":1118,""y"":660,""t"":3536},{""x"":1245,""y"":672,""t"":3583},{""x"":1346,""y"":680,""t"":3606},{""x"":1348,""y"":689,""t"":3652},{""x"":1430,""y"":693,""t"":3674},{""x"":1488,""y"":679,""t"":3721},{""x"":1513,""y"":670,""t"":3740},{""x"":1484,""y"":680,""t"":3786},{""x"":1453,""y"":688,""t"":3808},{""x"":1438,""y"":685,""t"":3855},{""x"":1401,""y"":701,""t"":3878},{""x"":1424,""y"":704,""t"":3923},{""x"":1484,""y"":705,""t"":3946},{""x"":1494,""y"":657,""t"":3991},{""x"":1396,""y"":650,""t"":4012},{""x"":1421,""y"":548,""t"":4060},{""x"":1415,""y"":512,""t"":4080},{""x"":1416,""y"":482,""t"":4127},{""x"":1385,""y"":482,""t"":4150},{""x"":1379,""y"":455,""t"":4198},{""x"":1411,""y"":410,""t"":4218},{""x"":1368,""y"":401,""t"":4268},{""x"":1367,""y"":390,""t"":4286},{""x"":1333,""y"":376,""t"":4333},{""x"":1338,""y"":371,""t"":4354},{""x"":1376,""y"":356,""t"":4405},{""x"":1346,""y"":373,""t"":4421},{""x"":1381,""y"":336,""t"":4469},{""x"":1324,""y"":340,""t"":4488},{""x"":1370,""y"":331,""t"":4536},{""x"":1380,""y"":333,""t"":4557},{""x"":1338,""y"":342,""t"":4603},{""x"":1421,""y"":342,""t"":4626},{""x"":1432,""y"":339,""t"":4675},{""x"":1491,""y"":316,""t"":4694},{""x"":1401,""y"":331,""t"":4741},{""x"":1416,""y"":309,""t"":4761},{""x"":1337,""y"":355,""t"":4808},{""x"":1270,""y"":395,""t"":4829},{""x"":1271,""y"":455,""t"":4876},{""x"":1300,""y"":490,""t"":4898},{""x"":1314,""y"":548,""t"":4945},{""x"":1327,""y"":594,""t"":4965},{""x"":1252,""y"":630,""t"":5012},{""x"":1237,""y"":671,""t"":5034},{""x"":1223,""y"":674,""t"":5081},{""x"":1186,""y"":674,""t"":5100},{""x"":1223,""y"":670,""t"":5149},{""x"":1323,""y"":668,""t"":5169},{""x"":1304,""y"":684,""t"":5214},{""x"":1217,""y"":696,""t"":5238},{""x"":1127,""y"":657,""t"":5285},{""x"":1004,""y"":606,""t"":5306},{""x"":922,""y"":601,""t"":5353},{""x"":856,""y"":597,""t"":5374},{""x"":890,""y"":561,""t"":5421},{""x"":866,""y"":576,""t"":5441},{""x"":758,""y"":613,""t"":5489},{""x"":773,""y"":601,""t"":5510},{""x"":756,""y"":591,""t"":5559},{""x"":746,""y"":583,""t"":5577},{""x"":759,""y"":564,""t"":5627},{""x"":773,""y"":548,""t"":5645},{""x"":819,""y"":509,""t"":5695},{""x"":913,""y"":474,""t"":5713},{""x"":990,""y"":432,""t"":5762},{""x"":1029,""y"":450,""t"":5781},{""x"":1012,""y"":522,""t"":5829},{""x"":1086,""y"":507,""t"":5850},{""x"":1177,""y"":485,""t"":5897},{""x"":1252,""y"":466,""t"":5918},{""x"":1267,""y"":459,""t"":5965},{""x"":1173,""y"":507,""t"":5985}]",1,0.8942142405325391,0.105785759467461,eu_b-last_b-longer,0
142-alternatives,0,48,exp_22,1.0,239.9000000357628,0.28,0.17,4.3,8.3,higher_p,higher_m,0,1,alternatives,0.0,False,1.204,1.4110000000000005,-0.2070000000000003,0.0442583094249128,0.4,0.6,0.5,0.5,1.0,1.0,higher_m,higher_m,False,"{""durations"":[1000,1500,1000,1500],""alternatives"":[0,1,0,1],""attributes"":[""all"",""all"",""all"",""all""]}","[{""x"":982,""y"":478,""t"":0},{""x"":987,""y"":453,""t"":51},{""x"":994,""y"":427,""t"":68},{""x"":929,""y"":448,""t"":116},{""x"":954,""y"":430,""t"":137},{""x"":928,""y"":427,""t"":185},{""x"":892,""y"":432,""t"":205},{""x"":890,""y"":445,""t"":252},{""x"":889,""y"":456,""t"":274},{""x"":1018,""y"":436,""t"":321},{""x"":1072,""y"":481,""t"":340},{""x"":1116,""y"":482,""t"":387},{""x"":1192,""y"":517,""t"":409},{""x"":1308,""y"":511,""t"":457},{""x"":1377,""y"":498,""t"":477},{""x"":1385,""y"":508,""t"":525},{""x"":1363,""y"":533,""t"":545},{""x"":1378,""y"":580,""t"":594},{""x"":1434,""y"":586,""t"":613},{""x"":1445,""y"":557,""t"":661},{""x"":1495,""y"":544,""t"":681},{""x"":1560,""y"":493,""t"":729},{""x"":1565,""y"":455,""t"":750},{""x"":1488,""y"":461,""t"":797},{""x"":1418,""y"":468,""t"":817},{""x"":1471,""y"":412,""t"":866},{""x"":1431,""y"":374,""t"":885},{""x"":1499,""y"":357,""t"":935},{""x"":1571,""y"":329,""t"":953},{""x"":1564,""y"":308,""t"":1000},{""x"":1495,""y"":327,""t"":1020},{""x"":1448,""y"":318,""t"":1067},{""x"":1458,""y"":318,""t"":1089},{""x"":1447,""y"":322,""t"":1136},{""x"":1439,""y"":317,""t"":1156},{""x"":1285,""y"":374,""t"":1203},{""x"":1127,""y"":421,""t"":1225},{""x"":901,""y"":468,""t"":1273},{""x"":743,""y"":488,""t"":1293},{""x"":555,""y"":484,""t"":1340},{""x"":478,""y"":474,""t"":1361},{""x"":431,""y"":507,""t"":1409},{""x"":433,""y"":510,""t"":1430},{""x"":438,""y"":498,""t"":1477},{""x"":431,""y"":505,""t"":1496},{""x"":408,""y"":475,""t"":1546},{""x"":348,""y"":452,""t"":1565},{""x"":354,""y"":411,""t"":1613},{""x"":327,""y"":371,""t"":1634},{""x"":301,""y"":349,""t"":1680},{""x"":368,""y"":299,""t"":1701},{""x"":361,""y"":294,""t"":1748},{""x"":365,""y"":287,""t"":1768},{""x"":376,""y"":283,""t"":1818},{""x"":425,""y"":292,""t"":1837},{""x"":434,""y"":273,""t"":1886},{""x"":403,""y"":276,""t"":1906},{""x"":444,""y"":279,""t"":1953},{""x"":488,""y"":293,""t"":1974},{""x"":426,""y"":297,""t"":2022},{""x"":455,""y"":296,""t"":2040},{""x"":403,""y"":296,""t"":2087},{""x"":366,""y"":299,""t"":2110},{""x"":473,""y"":282,""t"":2157},{""x"":446,""y"":286,""t"":2178},{""x"":735,""y"":259,""t"":2225},{""x"":912,""y"":268,""t"":2245},{""x"":1140,""y"":236,""t"":2295},{""x"":1316,""y"":216,""t"":2313},{""x"":1459,""y"":243,""t"":2361},{""x"":1519,""y"":289,""t"":2381},{""x"":1661,""y"":264,""t"":2427},{""x"":1749,""y"":226,""t"":2450},{""x"":1806,""y"":215,""t"":2496},{""x"":1823,""y"":206,""t"":2517},{""x"":1803,""y"":222,""t"":2563},{""x"":1829,""y"":237,""t"":2584},{""x"":1840,""y"":222,""t"":2632},{""x"":1842,""y"":209,""t"":2654},{""x"":1814,""y"":203,""t"":2700},{""x"":1745,""y"":204,""t"":2722},{""x"":1718,""y"":201,""t"":2768},{""x"":1681,""y"":214,""t"":2790},{""x"":1613,""y"":265,""t"":2837},{""x"":1557,""y"":347,""t"":2857},{""x"":1545,""y"":378,""t"":2905},{""x"":1542,""y"":411,""t"":2925},{""x"":1505,""y"":448,""t"":2971},{""x"":1421,""y"":486,""t"":2994},{""x"":1397,""y"":548,""t"":3041},{""x"":1383,""y"":614,""t"":3061},{""x"":1334,""y"":668,""t"":3107},{""x"":1348,""y"":700,""t"":3129},{""x"":1379,""y"":714,""t"":3176},{""x"":1336,""y"":739,""t"":3196},{""x"":1278,""y"":754,""t"":3244},{""x"":1274,""y"":744,""t"":3265},{""x"":1325,""y"":727,""t"":3313},{""x"":1331,""y"":750,""t"":3334},{""x"":1136,""y"":756,""t"":3380},{""x"":906,""y"":794,""t"":3402},{""x"":720,""y"":763,""t"":3448},{""x"":604,""y"":725,""t"":3469},{""x"":489,""y"":742,""t"":3514},{""x"":452,""y"":749,""t"":3536},{""x"":400,""y"":693,""t"":3584},{""x"":323,""y"":656,""t"":3606},{""x"":228,""y"":655,""t"":3655},{""x"":179,""y"":622,""t"":3673},{""x"":166,""y"":582,""t"":3720},{""x"":163,""y"":549,""t"":3740},{""x"":170,""y"":546,""t"":3788},{""x"":197,""y"":576,""t"":3809},{""x"":289,""y"":560,""t"":3859},{""x"":384,""y"":551,""t"":3878},{""x"":364,""y"":524,""t"":3928},{""x"":347,""y"":501,""t"":3946},{""x"":394,""y"":436,""t"":3992},{""x"":435,""y"":382,""t"":4013},{""x"":371,""y"":359,""t"":4061},{""x"":346,""y"":318,""t"":4080},{""x"":351,""y"":295,""t"":4127},{""x"":429,""y"":273,""t"":4150},{""x"":410,""y"":252,""t"":4198},{""x"":414,""y"":257,""t"":4217},{""x"":482,""y"":259,""t"":4264},{""x"":539,""y"":263,""t"":4285},{""x"":521,""y"":270,""t"":4331},{""x"":504,""y"":277,""t"":4352},{""x"":816,""y"":255,""t"":4398},{""x"":1013,""y"":253,""t"":4422},{""x"":1202,""y"":259,""t"":4468},{""x"":1320,""y"":250,""t"":4490},{""x"":1373,""y"":246,""t"":4537},{""x"":1434,""y"":256,""t"":4557},{""x"":1516,""y"":241,""t"":4606},{""x"":1576,""y"":228,""t"":4625},{""x"":1534,""y"":231,""t"":4673},{""x"":1557,""y"":211,""t"":4694},{""x"":1554,""y"":224,""t"":4744},{""x"":1545,""y"":237,""t"":4761},{""x"":1461,""y"":270,""t"":4810},{""x"":1412,""y"":291,""t"":4829},{""x"":1429,""y"":286,""t"":4877},{""x"":1426,""y"":281,""t"":4898},{""x"":1466,""y"":263,""t"":4946},{""x"":1498,""y"":247,""t"":4964},{""x"":1446,""y"":280,""t"":5013},{""x"":1430,""y"":267,""t"":5033},{""x"":1431,""y"":259,""t"":5081},{""x"":1416,""y"":248,""t"":5102},{""x"":1420,""y"":222,""t"":5151},{""x"":1421,""y"":220,""t"":5170},{""x"":1359,""y"":225,""t"":5218},{""x"":1360,""y"":230,""t"":5238},{""x"":1310,""y"":246,""t"":5289},{""x"":1268,""y"":259,""t"":5305},{""x"":1146,""y"":320,""t"":5354},{""x"":1044,""y"":371,""t"":5372},{""x"":996,""y"":390,""t"":5421},{""x"":925,""y"":394,""t"":5441},{""x"":826,""y"":457,""t"":5492},{""x"":880,""y"":436,""t"":5509},{""x"":757,""y"":454,""t"":5559},{""x"":764,""y"":425,""t"":5577},{""x"":748,""y"":409,""t"":5626},{""x"":706,""y"":413,""t"":5645},{""x"":719,""y"":390,""t"":5694},{""x"":731,""y"":371,""t"":5713}]",0,0.49890201904988024,0.5010979809501198,eu_b-last_b-longer,0
142-alternatives,0,49,exp_80,1.0,212.19999998807907,0.61,0.29,2.2,8.1,higher_p,higher_m,0,1,alternatives,0.0,False,1.342,2.349,-1.0069999999999997,-0.7791520984804502,0.6,0.4,0.5,0.5,0.0,1.0,higher_p,higher_m,False,"{""durations"":[1500,1000,1500,1000],""alternatives"":[0,1,0,1],""attributes"":[""all"",""all"",""all"",""all""]}","[{""x"":759,""y"":434,""t"":0},{""x"":847,""y"":427,""t"":51},{""x"":867,""y"":439,""t"":70},{""x"":841,""y"":487,""t"":118},{""x"":783,""y"":550,""t"":138},{""x"":787,""y"":593,""t"":185},{""x"":845,""y"":569,""t"":205},{""x"":860,""y"":551,""t"":252},{""x"":735,""y"":531,""t"":291},{""x"":636,""y"":567,""t"":308},{""x"":630,""y"":557,""t"":356},{""x"":602,""y"":499,""t"":375},{""x"":486,""y"":554,""t"":423},{""x"":382,""y"":525,""t"":443},{""x"":361,""y"":506,""t"":491},{""x"":331,""y"":506,""t"":510},{""x"":322,""y"":493,""t"":559},{""x"":296,""y"":494,""t"":580},{""x"":375,""y"":476,""t"":627},{""x"":385,""y"":471,""t"":647},{""x"":400,""y"":458,""t"":697},{""x"":324,""y"":487,""t"":716},{""x"":383,""y"":446,""t"":762},{""x"":412,""y"":458,""t"":783},{""x"":370,""y"":479,""t"":830},{""x"":359,""y"":439,""t"":852},{""x"":363,""y"":409,""t"":901},{""x"":368,""y"":385,""t"":920},{""x"":338,""y"":365,""t"":969},{""x"":332,""y"":363,""t"":987},{""x"":304,""y"":429,""t"":1035},{""x"":256,""y"":465,""t"":1055},{""x"":233,""y"":516,""t"":1102},{""x"":216,""y"":559,""t"":1124},{""x"":157,""y"":618,""t"":1173},{""x"":143,""y"":650,""t"":1192},{""x"":158,""y"":680,""t"":1242},{""x"":210,""y"":668,""t"":1260},{""x"":285,""y"":703,""t"":1308},{""x"":365,""y"":675,""t"":1327},{""x"":614,""y"":654,""t"":1373},{""x"":766,""y"":648,""t"":1395},{""x"":864,""y"":623,""t"":1442},{""x"":975,""y"":568,""t"":1462},{""x"":1034,""y"":551,""t"":1510},{""x"":1073,""y"":529,""t"":1532},{""x"":1184,""y"":539,""t"":1581},{""x"":1304,""y"":539,""t"":1599},{""x"":1343,""y"":552,""t"":1648},{""x"":1342,""y"":557,""t"":1667},{""x"":1392,""y"":539,""t"":1714},{""x"":1409,""y"":515,""t"":1735},{""x"":1404,""y"":515,""t"":1782},{""x"":1341,""y"":521,""t"":1802},{""x"":1369,""y"":545,""t"":1850},{""x"":1414,""y"":554,""t"":1871},{""x"":1440,""y"":534,""t"":1918},{""x"":1398,""y"":526,""t"":1940},{""x"":1374,""y"":537,""t"":1987},{""x"":1328,""y"":544,""t"":2007},{""x"":1355,""y"":509,""t"":2056},{""x"":1382,""y"":471,""t"":2075},{""x"":1421,""y"":435,""t"":2123},{""x"":1429,""y"":401,""t"":2143},{""x"":1313,""y"":446,""t"":2191},{""x"":1388,""y"":390,""t"":2211},{""x"":1407,""y"":381,""t"":2258},{""x"":1502,""y"":336,""t"":2280},{""x"":1535,""y"":301,""t"":2328},{""x"":1559,""y"":291,""t"":2347},{""x"":1581,""y"":273,""t"":2394},{""x"":1633,""y"":252,""t"":2415},{""x"":1676,""y"":215,""t"":2462},{""x"":1556,""y"":247,""t"":2483},{""x"":1551,""y"":220,""t"":2532},{""x"":1541,""y"":185,""t"":2551},{""x"":1230,""y"":236,""t"":2600},{""x"":1097,""y"":261,""t"":2620},{""x"":949,""y"":279,""t"":2668},{""x"":882,""y"":296,""t"":2687},{""x"":736,""y"":284,""t"":2735},{""x"":629,""y"":289,""t"":2755},{""x"":514,""y"":278,""t"":2802},{""x"":408,""y"":267,""t"":2824},{""x"":315,""y"":252,""t"":2870},{""x"":224,""y"":256,""t"":2891},{""x"":157,""y"":268,""t"":2937},{""x"":171,""y"":258,""t"":2960},{""x"":191,""y"":313,""t"":3009},{""x"":142,""y"":386,""t"":3027},{""x"":120,""y"":439,""t"":3076},{""x"":94,""y"":476,""t"":3094},{""x"":95,""y"":521,""t"":3142},{""x"":101,""y"":556,""t"":3162},{""x"":127,""y"":587,""t"":3209},{""x"":130,""y"":597,""t"":3232},{""x"":162,""y"":595,""t"":3280},{""x"":192,""y"":590,""t"":3300},{""x"":184,""y"":593,""t"":3349},{""x"":179,""y"":593,""t"":3367},{""x"":183,""y"":631,""t"":3415},{""x"":197,""y"":666,""t"":3435},{""x"":499,""y"":674,""t"":3482},{""x"":734,""y"":670,""t"":3502},{""x"":926,""y"":657,""t"":3554},{""x"":1119,""y"":629,""t"":3571},{""x"":1181,""y"":637,""t"":3620},{""x"":1224,""y"":653,""t"":3638},{""x"":1305,""y"":623,""t"":3684},{""x"":1326,""y"":605,""t"":3708},{""x"":1356,""y"":614,""t"":3754},{""x"":1392,""y"":607,""t"":3775},{""x"":1445,""y"":599,""t"":3823},{""x"":1488,""y"":622,""t"":3843},{""x"":1479,""y"":650,""t"":3891},{""x"":1432,""y"":662,""t"":3911},{""x"":1555,""y"":638,""t"":3959},{""x"":1552,""y"":639,""t"":3979},{""x"":1473,""y"":633,""t"":4027},{""x"":1422,""y"":642,""t"":4046},{""x"":1399,""y"":641,""t"":4096},{""x"":1376,""y"":638,""t"":4115},{""x"":1333,""y"":657,""t"":4162},{""x"":1329,""y"":648,""t"":4183},{""x"":1372,""y"":630,""t"":4231},{""x"":1394,""y"":631,""t"":4252},{""x"":1336,""y"":663,""t"":4298},{""x"":1406,""y"":636,""t"":4319},{""x"":1373,""y"":619,""t"":4367},{""x"":1311,""y"":635,""t"":4388},{""x"":1276,""y"":618,""t"":4437},{""x"":1364,""y"":520,""t"":4455},{""x"":1300,""y"":482,""t"":4501},{""x"":1371,""y"":427,""t"":4522},{""x"":1468,""y"":370,""t"":4570},{""x"":1549,""y"":324,""t"":4591},{""x"":1570,""y"":278,""t"":4639},{""x"":1514,""y"":266,""t"":4660},{""x"":1472,""y"":253,""t"":4707},{""x"":1539,""y"":219,""t"":4728},{""x"":1474,""y"":238,""t"":4776},{""x"":1503,""y"":218,""t"":4795},{""x"":1531,""y"":201,""t"":4843},{""x"":1530,""y"":223,""t"":4863},{""x"":1476,""y"":268,""t"":4912},{""x"":1361,""y"":337,""t"":4931},{""x"":1333,""y"":398,""t"":4981},{""x"":1307,""y"":458,""t"":4999},{""x"":1279,""y"":511,""t"":5046},{""x"":1221,""y"":568,""t"":5066},{""x"":1173,""y"":597,""t"":5115},{""x"":1218,""y"":626,""t"":5136},{""x"":1236,""y"":640,""t"":5185},{""x"":1236,""y"":664,""t"":5204},{""x"":1158,""y"":690,""t"":5255},{""x"":1092,""y"":709,""t"":5272},{""x"":1037,""y"":697,""t"":5318},{""x"":963,""y"":705,""t"":5339},{""x"":855,""y"":695,""t"":5385},{""x"":836,""y"":681,""t"":5407},{""x"":784,""y"":689,""t"":5456},{""x"":782,""y"":681,""t"":5475},{""x"":770,""y"":679,""t"":5524},{""x"":765,""y"":677,""t"":5544},{""x"":792,""y"":659,""t"":5593},{""x"":772,""y"":671,""t"":5612},{""x"":893,""y"":621,""t"":5659},{""x"":907,""y"":626,""t"":5679},{""x"":956,""y"":592,""t"":5729},{""x"":950,""y"":591,""t"":5747}]",0,0.11428157969864508,0.885718420301355,eu_b-last_b-longer,0
142-alternatives,0,53,catch_8,1.0,221.79999995231628,0.22,0.32,3.7,5.0,dominated,dominant,1,1,alternatives,0.0,False,0.8140000000000001,1.6,-0.786,-0.5516849732965938,0.5,0.5,0.5,0.5,,1.0,,dominant,True,"{""durations"":[1250,1250,1250,1250],""attributes"":[""all"",""all"",""all"",""all""],""alternatives"":[0,1,0,1]}","[{""x"":363,""y"":10,""t"":-10},{""x"":568,""y"":-60,""t"":0},{""x"":769,""y"":-67,""t"":59},{""x"":816,""y"":-7,""t"":98},{""x"":524,""y"":168,""t"":128},{""x"":408,""y"":266,""t"":159},{""x"":763,""y"":357,""t"":189},{""x"":1033,""y"":476,""t"":237},{""x"":1224,""y"":583,""t"":249},{""x"":1447,""y"":684,""t"":304},{""x"":1357,""y"":780,""t"":313},{""x"":1485,""y"":797,""t"":363},{""x"":1423,""y"":830,""t"":376},{""x"":1595,""y"":802,""t"":429},{""x"":1700,""y"":813,""t"":443},{""x"":1783,""y"":754,""t"":492},{""x"":1837,""y"":689,""t"":510},{""x"":1918,""y"":633,""t"":558},{""x"":1921,""y"":562,""t"":579},{""x"":1680,""y"":458,""t"":626},{""x"":1653,""y"":450,""t"":646},{""x"":1616,""y"":481,""t"":695},{""x"":1633,""y"":481,""t"":716},{""x"":1590,""y"":472,""t"":762},{""x"":1590,""y"":487,""t"":784},{""x"":1474,""y"":515,""t"":830},{""x"":1375,""y"":539,""t"":852},{""x"":1235,""y"":528,""t"":900},{""x"":1126,""y"":560,""t"":919},{""x"":1051,""y"":568,""t"":967},{""x"":994,""y"":574,""t"":987},{""x"":925,""y"":569,""t"":1034},{""x"":874,""y"":564,""t"":1054},{""x"":941,""y"":598,""t"":1103},{""x"":1004,""y"":627,""t"":1122},{""x"":1146,""y"":569,""t"":1169},{""x"":1242,""y"":592,""t"":1190},{""x"":1250,""y"":640,""t"":1237},{""x"":1304,""y"":634,""t"":1259},{""x"":1276,""y"":657,""t"":1307},{""x"":1239,""y"":667,""t"":1326},{""x"":1254,""y"":669,""t"":1375},{""x"":1265,""y"":669,""t"":1395},{""x"":1195,""y"":677,""t"":1442},{""x"":1097,""y"":692,""t"":1463},{""x"":1038,""y"":622,""t"":1512},{""x"":991,""y"":561,""t"":1532},{""x"":1042,""y"":539,""t"":1580},{""x"":1128,""y"":478,""t"":1599},{""x"":1197,""y"":413,""t"":1649},{""x"":1109,""y"":463,""t"":1667},{""x"":1083,""y"":480,""t"":1718},{""x"":1066,""y"":489,""t"":1735},{""x"":1096,""y"":505,""t"":1784},{""x"":1050,""y"":525,""t"":1803},{""x"":928,""y"":559,""t"":1850},{""x"":1014,""y"":532,""t"":1872},{""x"":1010,""y"":484,""t"":1922},{""x"":1036,""y"":442,""t"":1940},{""x"":1099,""y"":409,""t"":1989},{""x"":1049,""y"":430,""t"":2007},{""x"":985,""y"":417,""t"":2055},{""x"":1014,""y"":420,""t"":2075},{""x"":1011,""y"":412,""t"":2124},{""x"":927,""y"":462,""t"":2143},{""x"":859,""y"":537,""t"":2194},{""x"":803,""y"":601,""t"":2211},{""x"":734,""y"":646,""t"":2261},{""x"":801,""y"":656,""t"":2279},{""x"":894,""y"":649,""t"":2326},{""x"":975,""y"":640,""t"":2348},{""x"":1089,""y"":712,""t"":2397},{""x"":1184,""y"":771,""t"":2414},{""x"":1217,""y"":794,""t"":2462},{""x"":1254,""y"":823,""t"":2483},{""x"":1341,""y"":834,""t"":2534},{""x"":1363,""y"":865,""t"":2551},{""x"":1400,""y"":864,""t"":2603},{""x"":1432,""y"":862,""t"":2620},{""x"":1417,""y"":836,""t"":2667},{""x"":1400,""y"":812,""t"":2688},{""x"":1429,""y"":806,""t"":2737},{""x"":1435,""y"":813,""t"":2756},{""x"":1456,""y"":816,""t"":2805},{""x"":1471,""y"":818,""t"":2823},{""x"":1524,""y"":774,""t"":2873},{""x"":1588,""y"":731,""t"":2891},{""x"":1501,""y"":732,""t"":2939},{""x"":1500,""y"":677,""t"":2958},{""x"":1551,""y"":596,""t"":3007},{""x"":1594,""y"":529,""t"":3026},{""x"":1639,""y"":480,""t"":3075},{""x"":1638,""y"":481,""t"":3094},{""x"":1631,""y"":429,""t"":3145},{""x"":1576,""y"":421,""t"":3163},{""x"":1577,""y"":410,""t"":3211},{""x"":1582,""y"":371,""t"":3232},{""x"":1604,""y"":342,""t"":3278},{""x"":1584,""y"":332,""t"":3299},{""x"":1566,""y"":340,""t"":3348},{""x"":1542,""y"":343,""t"":3368},{""x"":1543,""y"":391,""t"":3420},{""x"":1484,""y"":437,""t"":3436},{""x"":1423,""y"":448,""t"":3483},{""x"":1364,""y"":465,""t"":3502},{""x"":1232,""y"":478,""t"":3555},{""x"":1124,""y"":489,""t"":3570},{""x"":1027,""y"":473,""t"":3622},{""x"":981,""y"":515,""t"":3639},{""x"":890,""y"":492,""t"":3687},{""x"":829,""y"":471,""t"":3708},{""x"":800,""y"":457,""t"":3756},{""x"":770,""y"":447,""t"":3775},{""x"":792,""y"":420,""t"":3825},{""x"":817,""y"":397,""t"":3844},{""x"":823,""y"":381,""t"":3893},{""x"":804,""y"":362,""t"":3912},{""x"":788,""y"":373,""t"":3962},{""x"":794,""y"":373,""t"":3979},{""x"":807,""y"":345,""t"":4027},{""x"":962,""y"":348,""t"":4047},{""x"":1086,""y"":335,""t"":4096},{""x"":1177,""y"":324,""t"":4115},{""x"":1119,""y"":353,""t"":4165},{""x"":1043,""y"":393,""t"":4184},{""x"":1033,""y"":404,""t"":4234},{""x"":955,""y"":477,""t"":4252},{""x"":866,""y"":553,""t"":4303},{""x"":835,""y"":599,""t"":4319},{""x"":846,""y"":613,""t"":4368},{""x"":839,""y"":649,""t"":4388},{""x"":831,""y"":644,""t"":4438},{""x"":798,""y"":657,""t"":4456},{""x"":770,""y"":700,""t"":4506},{""x"":764,""y"":731,""t"":4524},{""x"":788,""y"":733,""t"":4576},{""x"":798,""y"":731,""t"":4590},{""x"":807,""y"":700,""t"":4641},{""x"":815,""y"":672,""t"":4660},{""x"":795,""y"":674,""t"":4711},{""x"":780,""y"":673,""t"":4728},{""x"":855,""y"":613,""t"":4775},{""x"":939,""y"":562,""t"":4794},{""x"":1024,""y"":514,""t"":4845},{""x"":1039,""y"":504,""t"":4863},{""x"":1041,""y"":479,""t"":4910},{""x"":1039,""y"":459,""t"":4932},{""x"":1101,""y"":405,""t"":4981},{""x"":1152,""y"":360,""t"":4999},{""x"":1165,""y"":351,""t"":5049},{""x"":1173,""y"":347,""t"":5067},{""x"":1236,""y"":332,""t"":5117},{""x"":1270,""y"":338,""t"":5136},{""x"":1263,""y"":333,""t"":5184},{""x"":1261,""y"":333,""t"":5204},{""x"":1154,""y"":369,""t"":5255},{""x"":1035,""y"":430,""t"":5271},{""x"":1049,""y"":499,""t"":5320},{""x"":1072,""y"":561,""t"":5339},{""x"":1099,""y"":558,""t"":5388},{""x"":1031,""y"":579,""t"":5407},{""x"":1082,""y"":607,""t"":5458},{""x"":1090,""y"":628,""t"":5475},{""x"":1083,""y"":670,""t"":5524},{""x"":1075,""y"":642,""t"":5544},{""x"":1050,""y"":661,""t"":5592},{""x"":1051,""y"":669,""t"":5611},{""x"":1023,""y"":665,""t"":5659},{""x"":992,""y"":671,""t"":5680},{""x"":1065,""y"":671,""t"":5729},{""x"":1118,""y"":670,""t"":5747}]",1,0.05667539697159588,0.9433246030284042,eu_b-last_b-longer,0
142-alternatives,0,54,exp_20,1.0,545.2000000476837,0.28,0.17,4.3,8.3,higher_p,higher_m,0,1,alternatives,0.0,False,1.204,1.4110000000000005,-0.2070000000000003,0.0442583094249128,0.4,0.6,0.5,0.5,1.0,0.0,higher_m,higher_p,False,"{""durations"":[1500,1000,1500,1000],""alternatives"":[1,0,1,0],""attributes"":[""all"",""all"",""all"",""all""]}","[{""x"":1055,""y"":664,""t"":0},{""x"":1009,""y"":660,""t"":50},{""x"":972,""y"":657,""t"":70},{""x"":986,""y"":643,""t"":118},{""x"":1001,""y"":631,""t"":138},{""x"":964,""y"":621,""t"":185},{""x"":933,""y"":608,""t"":205},{""x"":831,""y"":599,""t"":252},{""x"":872,""y"":573,""t"":273},{""x"":750,""y"":577,""t"":321},{""x"":778,""y"":540,""t"":341},{""x"":817,""y"":512,""t"":388},{""x"":801,""y"":565,""t"":408},{""x"":848,""y"":507,""t"":456},{""x"":906,""y"":460,""t"":478},{""x"":963,""y"":437,""t"":528},{""x"":1013,""y"":390,""t"":546},{""x"":988,""y"":383,""t"":593},{""x"":929,""y"":361,""t"":614},{""x"":881,""y"":404,""t"":660},{""x"":869,""y"":361,""t"":681},{""x"":829,""y"":403,""t"":728},{""x"":835,""y"":426,""t"":748},{""x"":819,""y"":495,""t"":796},{""x"":806,""y"":554,""t"":818},{""x"":859,""y"":583,""t"":866},{""x"":906,""y"":605,""t"":886},{""x"":969,""y"":626,""t"":936},{""x"":1108,""y"":620,""t"":953},{""x"":1254,""y"":605,""t"":1002},{""x"":1380,""y"":590,""t"":1021},{""x"":1381,""y"":582,""t"":1069},{""x"":1363,""y"":578,""t"":1090},{""x"":1344,""y"":579,""t"":1136},{""x"":1324,""y"":580,""t"":1157},{""x"":1377,""y"":587,""t"":1205},{""x"":1409,""y"":589,""t"":1224},{""x"":1397,""y"":642,""t"":1271},{""x"":1411,""y"":674,""t"":1293},{""x"":1391,""y"":663,""t"":1341},{""x"":1341,""y"":664,""t"":1361},{""x"":1393,""y"":646,""t"":1409},{""x"":1443,""y"":623,""t"":1429},{""x"":1490,""y"":598,""t"":1478},{""x"":1528,""y"":576,""t"":1497},{""x"":1563,""y"":575,""t"":1546},{""x"":1586,""y"":596,""t"":1565},{""x"":1518,""y"":617,""t"":1613},{""x"":1458,""y"":635,""t"":1632},{""x"":1406,""y"":634,""t"":1679},{""x"":1385,""y"":616,""t"":1701},{""x"":1422,""y"":609,""t"":1748},{""x"":1356,""y"":613,""t"":1769},{""x"":1462,""y"":578,""t"":1817},{""x"":1448,""y"":596,""t"":1836},{""x"":1415,""y"":617,""t"":1883},{""x"":1356,""y"":640,""t"":1906},{""x"":1306,""y"":651,""t"":1953},{""x"":1224,""y"":661,""t"":1973},{""x"":1325,""y"":647,""t"":2021},{""x"":1413,""y"":634,""t"":2040},{""x"":1369,""y"":630,""t"":2087},{""x"":1354,""y"":573,""t"":2109},{""x"":1293,""y"":578,""t"":2158},{""x"":1330,""y"":571,""t"":2177},{""x"":1366,""y"":528,""t"":2223},{""x"":1335,""y"":504,""t"":2246},{""x"":1298,""y"":523,""t"":2293},{""x"":1257,""y"":552,""t"":2313},{""x"":1356,""y"":544,""t"":2359},{""x"":1371,""y"":545,""t"":2381},{""x"":1387,""y"":537,""t"":2428},{""x"":1400,""y"":531,""t"":2450},{""x"":1399,""y"":569,""t"":2497},{""x"":1439,""y"":565,""t"":2518},{""x"":1360,""y"":581,""t"":2564},{""x"":1304,""y"":552,""t"":2585},{""x"":1327,""y"":561,""t"":2631},{""x"":1338,""y"":554,""t"":2653},{""x"":1194,""y"":529,""t"":2701},{""x"":1138,""y"":512,""t"":2720},{""x"":1039,""y"":444,""t"":2768},{""x"":988,""y"":452,""t"":2789},{""x"":884,""y"":494,""t"":2836},{""x"":833,""y"":509,""t"":2858},{""x"":795,""y"":521,""t"":2906},{""x"":773,""y"":531,""t"":2925},{""x"":638,""y"":520,""t"":2971},{""x"":528,""y"":510,""t"":2992},{""x"":466,""y"":481,""t"":3040},{""x"":420,""y"":455,""t"":3061},{""x"":418,""y"":482,""t"":3108},{""x"":440,""y"":517,""t"":3130},{""x"":494,""y"":542,""t"":3178},{""x"":558,""y"":554,""t"":3197},{""x"":601,""y"":562,""t"":3245},{""x"":640,""y"":569,""t"":3265},{""x"":667,""y"":584,""t"":3314},{""x"":692,""y"":599,""t"":3333},{""x"":740,""y"":621,""t"":3381},{""x"":751,""y"":657,""t"":3401},{""x"":929,""y"":660,""t"":3448},{""x"":1075,""y"":657,""t"":3468},{""x"":1124,""y"":679,""t"":3517},{""x"":1160,""y"":696,""t"":3538},{""x"":1227,""y"":719,""t"":3585},{""x"":1278,""y"":736,""t"":3605},{""x"":1331,""y"":744,""t"":3653},{""x"":1370,""y"":749,""t"":3673},{""x"":1432,""y"":739,""t"":3723},{""x"":1444,""y"":753,""t"":3741},{""x"":1443,""y"":768,""t"":3790},{""x"":1436,""y"":780,""t"":3809},{""x"":1424,""y"":766,""t"":3857},{""x"":1485,""y"":758,""t"":3877},{""x"":1495,""y"":722,""t"":3926},{""x"":1469,""y"":709,""t"":3945},{""x"":1455,""y"":710,""t"":3993},{""x"":1444,""y"":703,""t"":4012},{""x"":1341,""y"":731,""t"":4058},{""x"":1295,""y"":744,""t"":4081},{""x"":1341,""y"":753,""t"":4130},{""x"":1341,""y"":753,""t"":4149},{""x"":1302,""y"":753,""t"":4197},{""x"":1250,""y"":747,""t"":4216},{""x"":1226,""y"":749,""t"":4263},{""x"":1148,""y"":774,""t"":4286},{""x"":1130,""y"":773,""t"":4334},{""x"":1172,""y"":746,""t"":4353},{""x"":1130,""y"":758,""t"":4400},{""x"":1096,""y"":768,""t"":4421},{""x"":1088,""y"":754,""t"":4468},{""x"":1166,""y"":739,""t"":4490},{""x"":1173,""y"":728,""t"":4538},{""x"":1216,""y"":707,""t"":4558},{""x"":1246,""y"":669,""t"":4606},{""x"":1270,""y"":638,""t"":4625},{""x"":1384,""y"":567,""t"":4672},{""x"":1462,""y"":525,""t"":4693},{""x"":1451,""y"":539,""t"":4742},{""x"":1439,""y"":548,""t"":4762},{""x"":1509,""y"":529,""t"":4811},{""x"":1521,""y"":516,""t"":4829},{""x"":1389,""y"":521,""t"":4878},{""x"":1312,""y"":524,""t"":4896},{""x"":1240,""y"":500,""t"":4944},{""x"":1155,""y"":507,""t"":4965},{""x"":1052,""y"":516,""t"":5015},{""x"":923,""y"":506,""t"":5034},{""x"":856,""y"":491,""t"":5084},{""x"":797,""y"":474,""t"":5102},{""x"":761,""y"":473,""t"":5155},{""x"":707,""y"":489,""t"":5169},{""x"":689,""y"":501,""t"":5219},{""x"":680,""y"":512,""t"":5238},{""x"":683,""y"":508,""t"":5286},{""x"":709,""y"":516,""t"":5306},{""x"":742,""y"":518,""t"":5353},{""x"":773,""y"":519,""t"":5373},{""x"":787,""y"":518,""t"":5421},{""x"":740,""y"":531,""t"":5441},{""x"":760,""y"":552,""t"":5491},{""x"":832,""y"":584,""t"":5508},{""x"":914,""y"":586,""t"":5558},{""x"":935,""y"":596,""t"":5578},{""x"":971,""y"":590,""t"":5628},{""x"":1000,""y"":585,""t"":5645},{""x"":1027,""y"":581,""t"":5693},{""x"":1058,""y"":570,""t"":5713},{""x"":1069,""y"":573,""t"":5764},{""x"":1024,""y"":574,""t"":5782},{""x"":1056,""y"":584,""t"":5833},{""x"":1006,""y"":581,""t"":5849},{""x"":996,""y"":548,""t"":5900},{""x"":999,""y"":545,""t"":5917},{""x"":1010,""y"":539,""t"":5968},{""x"":998,""y"":551,""t"":5986},{""x"":1031,""y"":535,""t"":6035},{""x"":1086,""y"":541,""t"":6053}]",0,0.6349536411004145,0.3650463588995856,eu_b-last_b-longer,0
142-alternatives,0,57,exp_42,1.0,678.1999999880791,0.81,0.48,1.6999999999999995,7.9,higher_p,higher_m,0,1,alternatives,0.0,False,1.3769999999999998,3.792,-2.415,-2.2283544163938904,0.6,0.4,0.5,0.5,0.0,0.0,higher_p,higher_p,False,"{""durations"":[1000,1500,1000,1500],""alternatives"":[1,0,1,0],""attributes"":[""all"",""all"",""all"",""all""]}","[{""x"":1073,""y"":668,""t"":0},{""x"":1107,""y"":637,""t"":53},{""x"":1103,""y"":623,""t"":69},{""x"":1089,""y"":641,""t"":116},{""x"":1035,""y"":622,""t"":137},{""x"":1027,""y"":625,""t"":184},{""x"":1045,""y"":641,""t"":204},{""x"":1028,""y"":653,""t"":251},{""x"":1016,""y"":662,""t"":272},{""x"":923,""y"":677,""t"":320},{""x"":845,""y"":690,""t"":342},{""x"":820,""y"":678,""t"":388},{""x"":802,""y"":667,""t"":410},{""x"":729,""y"":664,""t"":455},{""x"":684,""y"":638,""t"":478},{""x"":682,""y"":606,""t"":524},{""x"":679,""y"":589,""t"":544},{""x"":723,""y"":578,""t"":592},{""x"":763,""y"":569,""t"":614},{""x"":814,""y"":490,""t"":663},{""x"":891,""y"":468,""t"":681},{""x"":825,""y"":439,""t"":730},{""x"":768,""y"":416,""t"":750},{""x"":756,""y"":409,""t"":795},{""x"":658,""y"":398,""t"":817},{""x"":603,""y"":401,""t"":865},{""x"":559,""y"":405,""t"":885},{""x"":509,""y"":432,""t"":934},{""x"":505,""y"":442,""t"":953},{""x"":541,""y"":439,""t"":999},{""x"":562,""y"":437,""t"":1022},{""x"":584,""y"":464,""t"":1068},{""x"":629,""y"":484,""t"":1089},{""x"":645,""y"":494,""t"":1135},{""x"":614,""y"":506,""t"":1157},{""x"":631,""y"":535,""t"":1203},{""x"":645,""y"":558,""t"":1225},{""x"":808,""y"":593,""t"":1271},{""x"":968,""y"":606,""t"":1293},{""x"":1112,""y"":604,""t"":1339},{""x"":1247,""y"":594,""t"":1361},{""x"":1243,""y"":627,""t"":1408},{""x"":1364,""y"":636,""t"":1430},{""x"":1332,""y"":640,""t"":1476},{""x"":1344,""y"":648,""t"":1497},{""x"":1450,""y"":610,""t"":1543},{""x"":1535,""y"":577,""t"":1566},{""x"":1655,""y"":557,""t"":1612},{""x"":1646,""y"":559,""t"":1633},{""x"":1644,""y"":524,""t"":1684},{""x"":1574,""y"":535,""t"":1701},{""x"":1528,""y"":560,""t"":1748},{""x"":1564,""y"":554,""t"":1769},{""x"":1595,""y"":543,""t"":1814},{""x"":1488,""y"":579,""t"":1837},{""x"":1502,""y"":582,""t"":1884},{""x"":1534,""y"":563,""t"":1905},{""x"":1567,""y"":555,""t"":1959},{""x"":1532,""y"":544,""t"":1974},{""x"":1484,""y"":566,""t"":2022},{""x"":1443,""y"":585,""t"":2042},{""x"":1324,""y"":650,""t"":2088},{""x"":1262,""y"":683,""t"":2109},{""x"":1291,""y"":650,""t"":2155},{""x"":1289,""y"":678,""t"":2177},{""x"":1233,""y"":713,""t"":2228},{""x"":1192,""y"":736,""t"":2244},{""x"":1181,""y"":740,""t"":2291},{""x"":1128,""y"":741,""t"":2313},{""x"":1205,""y"":691,""t"":2361},{""x"":1228,""y"":671,""t"":2381},{""x"":1179,""y"":651,""t"":2428},{""x"":1217,""y"":625,""t"":2450},{""x"":1253,""y"":591,""t"":2499},{""x"":1283,""y"":564,""t"":2517},{""x"":1242,""y"":571,""t"":2564},{""x"":1214,""y"":582,""t"":2585},{""x"":1197,""y"":593,""t"":2631},{""x"":1164,""y"":609,""t"":2652},{""x"":1300,""y"":584,""t"":2699},{""x"":1270,""y"":583,""t"":2722},{""x"":1216,""y"":623,""t"":2770},{""x"":1104,""y"":622,""t"":2807},{""x"":1051,""y"":646,""t"":2823},{""x"":993,""y"":639,""t"":2872},{""x"":954,""y"":641,""t"":2892},{""x"":889,""y"":649,""t"":2939},{""x"":848,""y"":650,""t"":2959},{""x"":780,""y"":660,""t"":3006},{""x"":742,""y"":642,""t"":3026},{""x"":735,""y"":591,""t"":3073},{""x"":734,""y"":547,""t"":3095},{""x"":714,""y"":542,""t"":3142},{""x"":699,""y"":539,""t"":3164},{""x"":733,""y"":519,""t"":3208},{""x"":696,""y"":508,""t"":3231},{""x"":686,""y"":480,""t"":3277},{""x"":680,""y"":458,""t"":3300},{""x"":639,""y"":429,""t"":3346},{""x"":606,""y"":406,""t"":3368},{""x"":630,""y"":413,""t"":3414},{""x"":656,""y"":384,""t"":3436},{""x"":597,""y"":368,""t"":3483},{""x"":548,""y"":357,""t"":3503},{""x"":764,""y"":405,""t"":3551},{""x"":876,""y"":442,""t"":3572},{""x"":985,""y"":459,""t"":3619},{""x"":1066,""y"":495,""t"":3640},{""x"":1201,""y"":517,""t"":3687},{""x"":1304,""y"":560,""t"":3707},{""x"":1324,""y"":541,""t"":3755},{""x"":1312,""y"":567,""t"":3775},{""x"":1343,""y"":549,""t"":3820},{""x"":1383,""y"":573,""t"":3843},{""x"":1419,""y"":530,""t"":3890},{""x"":1444,""y"":492,""t"":3911},{""x"":1426,""y"":530,""t"":3960},{""x"":1381,""y"":513,""t"":3979},{""x"":1430,""y"":504,""t"":4028},{""x"":1439,""y"":532,""t"":4047},{""x"":1389,""y"":543,""t"":4092},{""x"":1228,""y"":598,""t"":4130},{""x"":1207,""y"":637,""t"":4150},{""x"":1187,""y"":696,""t"":4196},{""x"":1143,""y"":738,""t"":4217},{""x"":1199,""y"":763,""t"":4265},{""x"":1248,""y"":782,""t"":4284},{""x"":1284,""y"":746,""t"":4333},{""x"":1245,""y"":724,""t"":4353},{""x"":1125,""y"":720,""t"":4401},{""x"":1034,""y"":709,""t"":4421},{""x"":923,""y"":700,""t"":4466},{""x"":864,""y"":668,""t"":4490},{""x"":782,""y"":647,""t"":4541},{""x"":783,""y"":621,""t"":4557},{""x"":834,""y"":593,""t"":4603},{""x"":883,""y"":571,""t"":4625},{""x"":855,""y"":548,""t"":4674},{""x"":833,""y"":529,""t"":4694},{""x"":814,""y"":535,""t"":4740},{""x"":800,""y"":542,""t"":4762},{""x"":739,""y"":516,""t"":4810},{""x"":778,""y"":517,""t"":4829},{""x"":802,""y"":522,""t"":4877},{""x"":827,""y"":509,""t"":4897},{""x"":801,""y"":496,""t"":4946},{""x"":781,""y"":485,""t"":4965},{""x"":759,""y"":478,""t"":5015},{""x"":742,""y"":474,""t"":5033},{""x"":760,""y"":462,""t"":5082},{""x"":777,""y"":453,""t"":5102},{""x"":740,""y"":462,""t"":5151},{""x"":763,""y"":485,""t"":5170},{""x"":869,""y"":524,""t"":5218},{""x"":964,""y"":539,""t"":5238},{""x"":1087,""y"":534,""t"":5287},{""x"":1131,""y"":550,""t"":5305},{""x"":1186,""y"":526,""t"":5353},{""x"":1234,""y"":542,""t"":5372},{""x"":1187,""y"":577,""t"":5419},{""x"":1111,""y"":601,""t"":5442},{""x"":1065,""y"":623,""t"":5490},{""x"":1092,""y"":636,""t"":5509},{""x"":1078,""y"":626,""t"":5556},{""x"":1065,""y"":616,""t"":5576},{""x"":1079,""y"":608,""t"":5626},{""x"":1109,""y"":626,""t"":5644},{""x"":1025,""y"":604,""t"":5694},{""x"":1040,""y"":566,""t"":5713},{""x"":982,""y"":535,""t"":5764},{""x"":958,""y"":512,""t"":5782},{""x"":1004,""y"":475,""t"":5831},{""x"":984,""y"":484,""t"":5850},{""x"":960,""y"":515,""t"":5899},{""x"":940,""y"":543,""t"":5917},{""x"":1016,""y"":488,""t"":5967},{""x"":963,""y"":472,""t"":5986},{""x"":909,""y"":467,""t"":6036},{""x"":874,""y"":479,""t"":6053},{""x"":841,""y"":513,""t"":6101},{""x"":824,""y"":511,""t"":6120},{""x"":839,""y"":518,""t"":6170},{""x"":864,""y"":486,""t"":6188}]",1,0.00405948295195973,0.9959405170480403,eu_b-last_b-longer,0
142-alternatives,0,59,catch_4,1.0,483.3999999761581,0.19,0.31,4.0,7.3,dominated,dominant,1,1,alternatives,0.0,False,0.76,2.263,-1.503,-1.289666551381776,0.5,0.5,0.5,0.5,,1.0,,dominant,True,"{""durations"":[1250,1250,1250,1250],""attributes"":[""all"",""all"",""all"",""all""],""alternatives"":[0,1,0,1]}","[{""x"":882,""y"":530,""t"":0},{""x"":837,""y"":565,""t"":44},{""x"":851,""y"":605,""t"":76},{""x"":963,""y"":590,""t"":132},{""x"":1059,""y"":576,""t"":142},{""x"":1051,""y"":558,""t"":193},{""x"":1040,""y"":546,""t"":205},{""x"":1039,""y"":565,""t"":254},{""x"":992,""y"":562,""t"":274},{""x"":1097,""y"":577,""t"":323},{""x"":1210,""y"":575,""t"":341},{""x"":1288,""y"":596,""t"":387},{""x"":1342,""y"":623,""t"":409},{""x"":1357,""y"":624,""t"":458},{""x"":1365,""y"":624,""t"":478},{""x"":1391,""y"":634,""t"":525},{""x"":1409,""y"":641,""t"":545},{""x"":1457,""y"":629,""t"":592},{""x"":1492,""y"":625,""t"":613},{""x"":1548,""y"":618,""t"":661},{""x"":1609,""y"":630,""t"":680},{""x"":1566,""y"":623,""t"":728},{""x"":1479,""y"":618,""t"":750},{""x"":1555,""y"":608,""t"":797},{""x"":1599,""y"":600,""t"":817},{""x"":1630,""y"":533,""t"":865},{""x"":1586,""y"":523,""t"":885},{""x"":1598,""y"":523,""t"":934},{""x"":1530,""y"":543,""t"":953},{""x"":1560,""y"":518,""t"":1001},{""x"":1589,""y"":484,""t"":1039},{""x"":1559,""y"":518,""t"":1056},{""x"":1578,""y"":515,""t"":1105},{""x"":1566,""y"":496,""t"":1124},{""x"":1418,""y"":493,""t"":1169},{""x"":1250,""y"":467,""t"":1190},{""x"":1169,""y"":485,""t"":1237},{""x"":1140,""y"":515,""t"":1259},{""x"":1018,""y"":512,""t"":1307},{""x"":923,""y"":503,""t"":1327},{""x"":805,""y"":488,""t"":1376},{""x"":747,""y"":516,""t"":1395},{""x"":711,""y"":507,""t"":1443},{""x"":687,""y"":500,""t"":1463},{""x"":601,""y"":501,""t"":1510},{""x"":588,""y"":526,""t"":1531},{""x"":612,""y"":519,""t"":1580},{""x"":582,""y"":524,""t"":1600},{""x"":591,""y"":541,""t"":1646},{""x"":603,""y"":554,""t"":1668},{""x"":613,""y"":575,""t"":1715},{""x"":613,""y"":590,""t"":1734},{""x"":598,""y"":621,""t"":1783},{""x"":619,""y"":626,""t"":1803},{""x"":686,""y"":605,""t"":1850},{""x"":672,""y"":587,""t"":1871},{""x"":604,""y"":578,""t"":1918},{""x"":546,""y"":570,""t"":1939},{""x"":549,""y"":557,""t"":1986},{""x"":572,""y"":544,""t"":2006},{""x"":588,""y"":549,""t"":2054},{""x"":581,""y"":556,""t"":2076},{""x"":619,""y"":496,""t"":2130},{""x"":652,""y"":446,""t"":2143},{""x"":689,""y"":445,""t"":2191},{""x"":735,""y"":443,""t"":2211},{""x"":725,""y"":469,""t"":2258},{""x"":751,""y"":481,""t"":2279},{""x"":793,""y"":493,""t"":2325},{""x"":834,""y"":502,""t"":2348},{""x"":840,""y"":529,""t"":2396},{""x"":843,""y"":552,""t"":2415},{""x"":999,""y"":586,""t"":2462},{""x"":1129,""y"":615,""t"":2483},{""x"":1254,""y"":652,""t"":2533},{""x"":1374,""y"":667,""t"":2551},{""x"":1445,""y"":679,""t"":2598},{""x"":1496,""y"":687,""t"":2620},{""x"":1486,""y"":700,""t"":2667},{""x"":1513,""y"":728,""t"":2687},{""x"":1613,""y"":716,""t"":2734},{""x"":1692,""y"":704,""t"":2756},{""x"":1667,""y"":722,""t"":2803},{""x"":1560,""y"":758,""t"":2823},{""x"":1440,""y"":733,""t"":2871},{""x"":1339,""y"":724,""t"":2890},{""x"":1353,""y"":688,""t"":2938},{""x"":1372,""y"":640,""t"":2958},{""x"":1351,""y"":610,""t"":3006},{""x"":1333,""y"":585,""t"":3028},{""x"":1306,""y"":600,""t"":3077},{""x"":1348,""y"":543,""t"":3096},{""x"":1455,""y"":524,""t"":3144},{""x"":1557,""y"":466,""t"":3163},{""x"":1509,""y"":440,""t"":3211},{""x"":1468,""y"":443,""t"":3232},{""x"":1468,""y"":460,""t"":3278},{""x"":1460,""y"":427,""t"":3298},{""x"":1408,""y"":466,""t"":3347},{""x"":1408,""y"":486,""t"":3367},{""x"":1333,""y"":522,""t"":3414},{""x"":1251,""y"":484,""t"":3436},{""x"":1079,""y"":449,""t"":3484},{""x"":962,""y"":396,""t"":3503},{""x"":865,""y"":392,""t"":3550},{""x"":835,""y"":368,""t"":3571},{""x"":822,""y"":355,""t"":3617},{""x"":789,""y"":348,""t"":3639},{""x"":814,""y"":351,""t"":3685},{""x"":818,""y"":362,""t"":3707},{""x"":744,""y"":369,""t"":3755},{""x"":718,""y"":420,""t"":3776},{""x"":735,""y"":436,""t"":3824},{""x"":754,""y"":451,""t"":3843},{""x"":739,""y"":474,""t"":3891},{""x"":687,""y"":453,""t"":3912},{""x"":713,""y"":458,""t"":3961},{""x"":707,""y"":479,""t"":3979},{""x"":692,""y"":496,""t"":4027},{""x"":701,""y"":478,""t"":4065},{""x"":710,""y"":500,""t"":4081},{""x"":729,""y"":481,""t"":4131},{""x"":787,""y"":430,""t"":4150},{""x"":767,""y"":436,""t"":4199},{""x"":757,""y"":388,""t"":4218},{""x"":765,""y"":395,""t"":4266},{""x"":731,""y"":410,""t"":4286},{""x"":713,""y"":445,""t"":4334},{""x"":728,""y"":457,""t"":4353},{""x"":698,""y"":488,""t"":4405},{""x"":672,""y"":515,""t"":4420},{""x"":619,""y"":548,""t"":4470},{""x"":596,""y"":578,""t"":4490},{""x"":634,""y"":581,""t"":4538},{""x"":681,""y"":572,""t"":4557},{""x"":696,""y"":584,""t"":4605},{""x"":684,""y"":600,""t"":4624},{""x"":706,""y"":604,""t"":4671},{""x"":725,""y"":606,""t"":4693},{""x"":727,""y"":631,""t"":4741},{""x"":731,""y"":627,""t"":4761},{""x"":804,""y"":621,""t"":4810},{""x"":875,""y"":609,""t"":4829},{""x"":910,""y"":614,""t"":4877},{""x"":928,""y"":606,""t"":4897},{""x"":969,""y"":577,""t"":4944},{""x"":1025,""y"":559,""t"":4965},{""x"":999,""y"":559,""t"":5014},{""x"":967,""y"":555,""t"":5033},{""x"":974,""y"":543,""t"":5083},{""x"":979,""y"":534,""t"":5101},{""x"":1006,""y"":538,""t"":5149},{""x"":1027,""y"":542,""t"":5170},{""x"":1031,""y"":539,""t"":5217},{""x"":1032,""y"":537,""t"":5237},{""x"":1039,""y"":529,""t"":5284},{""x"":1043,""y"":523,""t"":5305},{""x"":1058,""y"":518,""t"":5353},{""x"":1070,""y"":515,""t"":5374},{""x"":956,""y"":490,""t"":5421},{""x"":858,""y"":470,""t"":5441},{""x"":777,""y"":465,""t"":5490},{""x"":797,""y"":474,""t"":5509},{""x"":785,""y"":515,""t"":5557},{""x"":772,""y"":547,""t"":5578},{""x"":773,""y"":537,""t"":5626},{""x"":707,""y"":532,""t"":5646},{""x"":684,""y"":558,""t"":5693},{""x"":668,""y"":581,""t"":5712},{""x"":746,""y"":570,""t"":5762},{""x"":762,""y"":567,""t"":5781},{""x"":718,""y"":559,""t"":5832},{""x"":681,""y"":552,""t"":5849},{""x"":773,""y"":550,""t"":5896},{""x"":821,""y"":545,""t"":5918},{""x"":831,""y"":551,""t"":5966},{""x"":783,""y"":544,""t"":5986},{""x"":782,""y"":536,""t"":6032}]",1,0.009196864645682151,0.9908031353543179,eu_b-last_b-longer,0
142-alternatives,0,60,catch_6,1.0,408.0,0.23,0.59,1.9,2.7,dominated,dominant,1,1,alternatives,0.0,False,0.437,1.593,-1.156,-0.9325122869528244,0.5,0.5,0.5,0.5,,1.0,,dominant,True,"{""durations"":[1250,1250,1250,1250],""attributes"":[""all"",""all"",""all"",""all""],""alternatives"":[0,1,0,1]}","[{""x"":844,""y"":638,""t"":0},{""x"":894,""y"":618,""t"":46},{""x"":947,""y"":618,""t"":69},{""x"":989,""y"":589,""t"":127},{""x"":1023,""y"":564,""t"":141},{""x"":1010,""y"":580,""t"":208},{""x"":1058,""y"":605,""t"":252},{""x"":1085,""y"":638,""t"":274},{""x"":1003,""y"":621,""t"":322},{""x"":934,""y"":608,""t"":341},{""x"":899,""y"":580,""t"":386},{""x"":858,""y"":550,""t"":409},{""x"":792,""y"":566,""t"":456},{""x"":735,""y"":581,""t"":477},{""x"":666,""y"":602,""t"":524},{""x"":668,""y"":608,""t"":545},{""x"":632,""y"":723,""t"":593},{""x"":648,""y"":838,""t"":612},{""x"":679,""y"":787,""t"":659},{""x"":697,""y"":724,""t"":681},{""x"":635,""y"":666,""t"":728},{""x"":584,""y"":616,""t"":750},{""x"":594,""y"":570,""t"":796},{""x"":605,""y"":532,""t"":817},{""x"":646,""y"":509,""t"":864},{""x"":690,""y"":503,""t"":885},{""x"":695,""y"":499,""t"":932},{""x"":690,""y"":506,""t"":953},{""x"":675,""y"":522,""t"":1000},{""x"":694,""y"":526,""t"":1020},{""x"":650,""y"":541,""t"":1067},{""x"":630,""y"":552,""t"":1090},{""x"":685,""y"":585,""t"":1137},{""x"":760,""y"":598,""t"":1158},{""x"":835,""y"":654,""t"":1205},{""x"":909,""y"":675,""t"":1225},{""x"":942,""y"":673,""t"":1273},{""x"":1003,""y"":679,""t"":1293},{""x"":1126,""y"":645,""t"":1340},{""x"":1267,""y"":600,""t"":1362},{""x"":1283,""y"":608,""t"":1410},{""x"":1256,""y"":616,""t"":1429},{""x"":1349,""y"":612,""t"":1484},{""x"":1407,""y"":574,""t"":1496},{""x"":1427,""y"":569,""t"":1544},{""x"":1386,""y"":578,""t"":1566},{""x"":1413,""y"":576,""t"":1613},{""x"":1399,""y"":585,""t"":1633},{""x"":1456,""y"":563,""t"":1681},{""x"":1501,""y"":544,""t"":1701},{""x"":1555,""y"":584,""t"":1749},{""x"":1592,""y"":599,""t"":1770},{""x"":1603,""y"":614,""t"":1817},{""x"":1680,""y"":597,""t"":1838},{""x"":1674,""y"":606,""t"":1887},{""x"":1726,""y"":621,""t"":1906},{""x"":1735,""y"":615,""t"":1953},{""x"":1651,""y"":644,""t"":1973},{""x"":1628,""y"":651,""t"":2019},{""x"":1554,""y"":679,""t"":2041},{""x"":1464,""y"":672,""t"":2091},{""x"":1416,""y"":665,""t"":2110},{""x"":1403,""y"":646,""t"":2157},{""x"":1435,""y"":625,""t"":2178},{""x"":1447,""y"":610,""t"":2224},{""x"":1349,""y"":632,""t"":2244},{""x"":1305,""y"":594,""t"":2293},{""x"":1269,""y"":555,""t"":2313},{""x"":1244,""y"":572,""t"":2363},{""x"":1279,""y"":545,""t"":2382},{""x"":1304,""y"":543,""t"":2430},{""x"":1385,""y"":534,""t"":2449},{""x"":1389,""y"":534,""t"":2497},{""x"":1400,""y"":539,""t"":2516},{""x"":1396,""y"":522,""t"":2564},{""x"":1387,""y"":527,""t"":2584},{""x"":1452,""y"":520,""t"":2631},{""x"":1395,""y"":537,""t"":2654},{""x"":1314,""y"":534,""t"":2703},{""x"":1265,""y"":501,""t"":2722},{""x"":1118,""y"":495,""t"":2769},{""x"":1007,""y"":487,""t"":2789},{""x"":913,""y"":459,""t"":2838},{""x"":888,""y"":433,""t"":2856},{""x"":823,""y"":448,""t"":2904},{""x"":773,""y"":463,""t"":2926},{""x"":746,""y"":500,""t"":2972},{""x"":732,""y"":522,""t"":2994},{""x"":693,""y"":528,""t"":3041},{""x"":691,""y"":526,""t"":3061},{""x"":702,""y"":537,""t"":3108},{""x"":716,""y"":546,""t"":3130},{""x"":697,""y"":570,""t"":3176},{""x"":684,""y"":574,""t"":3198},{""x"":608,""y"":616,""t"":3246},{""x"":546,""y"":651,""t"":3264},{""x"":515,""y"":666,""t"":3313},{""x"":533,""y"":667,""t"":3333},{""x"":544,""y"":660,""t"":3381},{""x"":557,""y"":652,""t"":3402},{""x"":663,""y"":666,""t"":3451},{""x"":833,""y"":688,""t"":3469},{""x"":979,""y"":708,""t"":3516},{""x"":1090,""y"":687,""t"":3537},{""x"":1244,""y"":699,""t"":3586},{""x"":1289,""y"":703,""t"":3605},{""x"":1359,""y"":711,""t"":3651},{""x"":1384,""y"":721,""t"":3673},{""x"":1365,""y"":742,""t"":3719},{""x"":1367,""y"":704,""t"":3741},{""x"":1423,""y"":668,""t"":3790},{""x"":1468,""y"":675,""t"":3809},{""x"":1463,""y"":659,""t"":3857},{""x"":1407,""y"":647,""t"":3877},{""x"":1346,""y"":647,""t"":3925},{""x"":1308,""y"":638,""t"":3944},{""x"":1324,""y"":642,""t"":3995},{""x"":1337,""y"":646,""t"":4013},{""x"":1364,""y"":643,""t"":4062},{""x"":1358,""y"":670,""t"":4081},{""x"":1412,""y"":659,""t"":4131},{""x"":1409,""y"":687,""t"":4150},{""x"":1422,""y"":648,""t"":4197},{""x"":1454,""y"":634,""t"":4217},{""x"":1402,""y"":633,""t"":4265},{""x"":1336,""y"":633,""t"":4286},{""x"":1347,""y"":620,""t"":4333},{""x"":1295,""y"":629,""t"":4353},{""x"":1298,""y"":623,""t"":4401},{""x"":1301,""y"":619,""t"":4421},{""x"":1291,""y"":608,""t"":4471},{""x"":1284,""y"":600,""t"":4489},{""x"":1330,""y"":589,""t"":4539},{""x"":1386,""y"":552,""t"":4557},{""x"":1391,""y"":559,""t"":4604},{""x"":1380,""y"":584,""t"":4626},{""x"":1353,""y"":584,""t"":4676},{""x"":1322,""y"":598,""t"":4694},{""x"":1335,""y"":616,""t"":4741},{""x"":1358,""y"":617,""t"":4761},{""x"":1354,""y"":612,""t"":4809},{""x"":1382,""y"":593,""t"":4829},{""x"":1324,""y"":597,""t"":4881},{""x"":1273,""y"":601,""t"":4897},{""x"":1220,""y"":614,""t"":4947},{""x"":1214,""y"":607,""t"":4965},{""x"":1300,""y"":584,""t"":5014},{""x"":1324,""y"":549,""t"":5033},{""x"":1360,""y"":564,""t"":5082},{""x"":1344,""y"":570,""t"":5100},{""x"":1304,""y"":577,""t"":5152},{""x"":1270,""y"":593,""t"":5170},{""x"":1357,""y"":580,""t"":5220},{""x"":1432,""y"":569,""t"":5238},{""x"":1337,""y"":590,""t"":5286},{""x"":1236,""y"":602,""t"":5306},{""x"":1195,""y"":615,""t"":5353},{""x"":1161,""y"":606,""t"":5373},{""x"":1180,""y"":604,""t"":5422},{""x"":1218,""y"":565,""t"":5441},{""x"":1144,""y"":596,""t"":5490},{""x"":1082,""y"":622,""t"":5509},{""x"":1028,""y"":636,""t"":5557},{""x"":1021,""y"":633,""t"":5577},{""x"":1057,""y"":632,""t"":5624},{""x"":1046,""y"":609,""t"":5646},{""x"":1055,""y"":599,""t"":5692},{""x"":1135,""y"":599,""t"":5714},{""x"":1111,""y"":587,""t"":5764},{""x"":1098,""y"":569,""t"":5782},{""x"":1097,""y"":566,""t"":5831},{""x"":1096,""y"":565,""t"":5850},{""x"":1144,""y"":552,""t"":5895},{""x"":1143,""y"":536,""t"":5917},{""x"":1144,""y"":563,""t"":5966}]",1,0.007805589439649446,0.9921944105603505,eu_b-last_b-longer,0
142-alternatives,0,61,exp_68,0.0,301.69999998807907,0.72,0.51,4.2,5.2,higher_p,higher_m,0,1,alternatives,0.0,False,3.024,2.652,0.3719999999999999,0.64020159214642,0.4,0.6,0.5,0.5,1.0,0.0,higher_m,higher_p,True,"{""durations"":[1500,1000,1500,1000],""alternatives"":[1,0,1,0],""attributes"":[""all"",""all"",""all"",""all""]}","[{""x"":998,""y"":607,""t"":0},{""x"":977,""y"":613,""t"":42},{""x"":899,""y"":625,""t"":92},{""x"":887,""y"":599,""t"":103},{""x"":911,""y"":573,""t"":154},{""x"":981,""y"":584,""t"":171},{""x"":1013,""y"":562,""t"":218},{""x"":986,""y"":602,""t"":239},{""x"":936,""y"":579,""t"":286},{""x"":893,""y"":559,""t"":308},{""x"":858,""y"":544,""t"":355},{""x"":829,""y"":530,""t"":375},{""x"":804,""y"":609,""t"":422},{""x"":761,""y"":669,""t"":444},{""x"":592,""y"":841,""t"":490},{""x"":612,""y"":975,""t"":510},{""x"":614,""y"":973,""t"":557},{""x"":616,""y"":938,""t"":579},{""x"":605,""y"":860,""t"":627},{""x"":629,""y"":795,""t"":646},{""x"":585,""y"":727,""t"":694},{""x"":549,""y"":670,""t"":716},{""x"":544,""y"":595,""t"":765},{""x"":538,""y"":557,""t"":784},{""x"":574,""y"":523,""t"":831},{""x"":514,""y"":497,""t"":852},{""x"":534,""y"":413,""t"":898},{""x"":547,""y"":402,""t"":919},{""x"":579,""y"":367,""t"":969},{""x"":548,""y"":363,""t"":987},{""x"":572,""y"":373,""t"":1035},{""x"":567,""y"":367,""t"":1055},{""x"":795,""y"":377,""t"":1103},{""x"":907,""y"":433,""t"":1124},{""x"":1075,""y"":443,""t"":1171},{""x"":1213,""y"":453,""t"":1192},{""x"":1375,""y"":459,""t"":1239},{""x"":1504,""y"":465,""t"":1259},{""x"":1482,""y"":511,""t"":1309},{""x"":1462,""y"":540,""t"":1327},{""x"":1489,""y"":554,""t"":1376},{""x"":1549,""y"":548,""t"":1394},{""x"":1593,""y"":505,""t"":1441},{""x"":1587,""y"":484,""t"":1463},{""x"":1501,""y"":520,""t"":1511},{""x"":1479,""y"":542,""t"":1531},{""x"":1451,""y"":573,""t"":1579},{""x"":1452,""y"":580,""t"":1599},{""x"":1426,""y"":563,""t"":1648},{""x"":1403,""y"":548,""t"":1668},{""x"":1457,""y"":511,""t"":1715},{""x"":1501,""y"":489,""t"":1735},{""x"":1533,""y"":456,""t"":1782},{""x"":1581,""y"":418,""t"":1802},{""x"":1508,""y"":443,""t"":1850},{""x"":1532,""y"":442,""t"":1871},{""x"":1479,""y"":475,""t"":1918},{""x"":1422,""y"":518,""t"":1940},{""x"":1427,""y"":567,""t"":1987},{""x"":1431,""y"":608,""t"":2008},{""x"":1406,""y"":645,""t"":2055},{""x"":1391,""y"":668,""t"":2074},{""x"":1362,""y"":683,""t"":2122},{""x"":1319,""y"":701,""t"":2142},{""x"":1190,""y"":721,""t"":2191},{""x"":1151,""y"":736,""t"":2212},{""x"":1159,""y"":765,""t"":2258},{""x"":1271,""y"":754,""t"":2278},{""x"":1245,""y"":732,""t"":2326},{""x"":1355,""y"":710,""t"":2347},{""x"":1347,""y"":711,""t"":2395},{""x"":1334,""y"":702,""t"":2414},{""x"":1388,""y"":639,""t"":2461},{""x"":1409,""y"":622,""t"":2484},{""x"":1409,""y"":573,""t"":2531},{""x"":1407,""y"":533,""t"":2551},{""x"":1456,""y"":505,""t"":2599},{""x"":1467,""y"":486,""t"":2619},{""x"":1478,""y"":506,""t"":2665},{""x"":1440,""y"":454,""t"":2688},{""x"":1455,""y"":455,""t"":2735},{""x"":1466,""y"":458,""t"":2756},{""x"":1352,""y"":408,""t"":2803},{""x"":1192,""y"":407,""t"":2824},{""x"":1077,""y"":391,""t"":2870},{""x"":975,""y"":357,""t"":2910},{""x"":841,""y"":385,""t"":2926},{""x"":740,""y"":414,""t"":2974},{""x"":672,""y"":447,""t"":2993},{""x"":607,""y"":466,""t"":3039},{""x"":550,""y"":471,""t"":3062},{""x"":539,""y"":495,""t"":3116},{""x"":512,""y"":514,""t"":3129},{""x"":493,""y"":534,""t"":3177},{""x"":482,""y"":550,""t"":3196},{""x"":527,""y"":586,""t"":3245},{""x"":598,""y"":591,""t"":3266},{""x"":592,""y"":618,""t"":3314},{""x"":608,""y"":629,""t"":3334},{""x"":616,""y"":618,""t"":3381},{""x"":624,""y"":607,""t"":3401},{""x"":664,""y"":564,""t"":3452},{""x"":709,""y"":531,""t"":3470},{""x"":709,""y"":495,""t"":3517},{""x"":711,""y"":424,""t"":3536},{""x"":727,""y"":426,""t"":3586},{""x"":758,""y"":410,""t"":3605},{""x"":719,""y"":397,""t"":3652},{""x"":701,""y"":400,""t"":3673},{""x"":738,""y"":405,""t"":3722},{""x"":735,""y"":436,""t"":3741},{""x"":906,""y"":395,""t"":3791},{""x"":1029,""y"":390,""t"":3809},{""x"":1142,""y"":373,""t"":3857},{""x"":1256,""y"":390,""t"":3876},{""x"":1395,""y"":367,""t"":3924},{""x"":1479,""y"":351,""t"":3944},{""x"":1532,""y"":352,""t"":3993},{""x"":1617,""y"":337,""t"":4013},{""x"":1615,""y"":339,""t"":4064},{""x"":1572,""y"":345,""t"":4081},{""x"":1521,""y"":386,""t"":4131},{""x"":1540,""y"":389,""t"":4149},{""x"":1565,""y"":388,""t"":4204},{""x"":1581,""y"":384,""t"":4217},{""x"":1525,""y"":402,""t"":4267},{""x"":1495,""y"":430,""t"":4285},{""x"":1509,""y"":424,""t"":4337},{""x"":1519,""y"":398,""t"":4353},{""x"":1471,""y"":420,""t"":4400},{""x"":1430,""y"":439,""t"":4422},{""x"":1446,""y"":426,""t"":4468},{""x"":1416,""y"":423,""t"":4490},{""x"":1389,""y"":428,""t"":4537},{""x"":1351,""y"":474,""t"":4557},{""x"":1369,""y"":493,""t"":4606},{""x"":1374,""y"":518,""t"":4624},{""x"":1353,""y"":567,""t"":4674},{""x"":1326,""y"":612,""t"":4693},{""x"":1281,""y"":622,""t"":4740},{""x"":1243,""y"":627,""t"":4761},{""x"":1260,""y"":674,""t"":4809},{""x"":1242,""y"":697,""t"":4828},{""x"":1245,""y"":693,""t"":4878},{""x"":1250,""y"":687,""t"":4896},{""x"":1258,""y"":709,""t"":4945},{""x"":1283,""y"":725,""t"":4965},{""x"":1260,""y"":713,""t"":5014},{""x"":1240,""y"":701,""t"":5033},{""x"":1248,""y"":662,""t"":5082},{""x"":1350,""y"":603,""t"":5101},{""x"":1347,""y"":585,""t"":5149},{""x"":1344,""y"":570,""t"":5169},{""x"":1442,""y"":545,""t"":5215},{""x"":1458,""y"":532,""t"":5238},{""x"":1379,""y"":548,""t"":5286},{""x"":1329,""y"":563,""t"":5305},{""x"":1204,""y"":558,""t"":5351},{""x"":1097,""y"":553,""t"":5374},{""x"":1052,""y"":545,""t"":5424},{""x"":1046,""y"":544,""t"":5441},{""x"":1039,""y"":544,""t"":5487},{""x"":1050,""y"":555,""t"":5510},{""x"":1000,""y"":560,""t"":5557},{""x"":951,""y"":571,""t"":5578},{""x"":964,""y"":564,""t"":5627},{""x"":979,""y"":557,""t"":5646},{""x"":1020,""y"":566,""t"":5695},{""x"":1074,""y"":552,""t"":5713},{""x"":1031,""y"":566,""t"":5761},{""x"":1017,""y"":580,""t"":5780},{""x"":1158,""y"":561,""t"":5829},{""x"":1142,""y"":566,""t"":5850}]",0,0.9165265653863666,0.0834734346136335,eu_b-last_b-longer,0
142-alternatives,0,63,exp_18,1.0,387.5,0.28,0.17,4.3,8.3,higher_p,higher_m,0,1,alternatives,0.0,False,1.204,1.4110000000000005,-0.2070000000000003,0.0442583094249128,0.6,0.4,0.5,0.5,0.0,0.0,higher_p,higher_p,False,"{""durations"":[1000,1500,1000,1500],""alternatives"":[1,0,1,0],""attributes"":[""all"",""all"",""all"",""all""]}","[{""x"":1012,""y"":584,""t"":0},{""x"":1011,""y"":609,""t"":66},{""x"":1012,""y"":631,""t"":76},{""x"":965,""y"":657,""t"":129},{""x"":994,""y"":642,""t"":140},{""x"":913,""y"":658,""t"":192},{""x"":844,""y"":673,""t"":205},{""x"":966,""y"":640,""t"":254},{""x"":1072,""y"":612,""t"":273},{""x"":1142,""y"":634,""t"":321},{""x"":1295,""y"":630,""t"":341},{""x"":1340,""y"":650,""t"":388},{""x"":1421,""y"":651,""t"":410},{""x"":1490,""y"":643,""t"":458},{""x"":1544,""y"":637,""t"":478},{""x"":1591,""y"":620,""t"":524},{""x"":1575,""y"":614,""t"":545},{""x"":1523,""y"":613,""t"":594},{""x"":1516,""y"":611,""t"":613},{""x"":1491,""y"":586,""t"":663},{""x"":1526,""y"":555,""t"":680},{""x"":1542,""y"":551,""t"":729},{""x"":1506,""y"":549,""t"":750},{""x"":1458,""y"":513,""t"":796},{""x"":1388,""y"":526,""t"":818},{""x"":1381,""y"":539,""t"":866},{""x"":1417,""y"":501,""t"":886},{""x"":1425,""y"":480,""t"":934},{""x"":1428,""y"":470,""t"":953},{""x"":1372,""y"":506,""t"":1001},{""x"":1324,""y"":537,""t"":1021},{""x"":1373,""y"":494,""t"":1068},{""x"":1416,""y"":458,""t"":1089},{""x"":1382,""y"":476,""t"":1135},{""x"":1485,""y"":428,""t"":1158},{""x"":1502,""y"":412,""t"":1204},{""x"":1493,""y"":439,""t"":1226},{""x"":1352,""y"":450,""t"":1273},{""x"":1200,""y"":409,""t"":1292},{""x"":1027,""y"":439,""t"":1339},{""x"":884,""y"":466,""t"":1361},{""x"":756,""y"":473,""t"":1409},{""x"":654,""y"":478,""t"":1429},{""x"":629,""y"":473,""t"":1476},{""x"":578,""y"":488,""t"":1497},{""x"":565,""y"":492,""t"":1544},{""x"":556,""y"":498,""t"":1565},{""x"":570,""y"":504,""t"":1612},{""x"":595,""y"":506,""t"":1633},{""x"":604,""y"":511,""t"":1680},{""x"":615,""y"":515,""t"":1702},{""x"":652,""y"":517,""t"":1751},{""x"":676,""y"":488,""t"":1769},{""x"":727,""y"":440,""t"":1817},{""x"":789,""y"":443,""t"":1838},{""x"":749,""y"":407,""t"":1885},{""x"":754,""y"":454,""t"":1906},{""x"":745,""y"":449,""t"":1954},{""x"":709,""y"":447,""t"":1972},{""x"":710,""y"":405,""t"":2020},{""x"":723,""y"":410,""t"":2059},{""x"":733,""y"":374,""t"":2074},{""x"":730,""y"":372,""t"":2124},{""x"":776,""y"":400,""t"":2144},{""x"":805,""y"":448,""t"":2193},{""x"":826,""y"":472,""t"":2211},{""x"":819,""y"":496,""t"":2257},{""x"":811,""y"":515,""t"":2280},{""x"":795,""y"":540,""t"":2326},{""x"":750,""y"":578,""t"":2348},{""x"":770,""y"":574,""t"":2396},{""x"":749,""y"":573,""t"":2415},{""x"":779,""y"":579,""t"":2469},{""x"":817,""y"":583,""t"":2484},{""x"":759,""y"":599,""t"":2532},{""x"":731,""y"":627,""t"":2551},{""x"":724,""y"":621,""t"":2599},{""x"":720,""y"":615,""t"":2619},{""x"":775,""y"":665,""t"":2666},{""x"":815,""y"":693,""t"":2688},{""x"":952,""y"":702,""t"":2733},{""x"":1024,""y"":726,""t"":2755},{""x"":1168,""y"":707,""t"":2802},{""x"":1264,""y"":714,""t"":2823},{""x"":1353,""y"":689,""t"":2869},{""x"":1405,""y"":686,""t"":2892},{""x"":1429,""y"":640,""t"":2940},{""x"":1441,""y"":594,""t"":2960},{""x"":1452,""y"":520,""t"":3010},{""x"":1452,""y"":471,""t"":3028},{""x"":1460,""y"":491,""t"":3074},{""x"":1562,""y"":443,""t"":3096},{""x"":1533,""y"":435,""t"":3142},{""x"":1471,""y"":437,""t"":3163},{""x"":1508,""y"":401,""t"":3211},{""x"":1559,""y"":392,""t"":3232},{""x"":1528,""y"":356,""t"":3279},{""x"":1498,""y"":326,""t"":3300},{""x"":1482,""y"":296,""t"":3345},{""x"":1469,""y"":343,""t"":3367},{""x"":1515,""y"":308,""t"":3414},{""x"":1512,""y"":343,""t"":3435},{""x"":1361,""y"":340,""t"":3484},{""x"":1231,""y"":338,""t"":3503},{""x"":1145,""y"":347,""t"":3553},{""x"":1076,""y"":357,""t"":3571},{""x"":941,""y"":359,""t"":3619},{""x"":831,""y"":361,""t"":3640},{""x"":728,""y"":400,""t"":3687},{""x"":648,""y"":433,""t"":3707},{""x"":639,""y"":444,""t"":3754},{""x"":647,""y"":424,""t"":3776},{""x"":624,""y"":455,""t"":3824},{""x"":611,""y"":480,""t"":3844},{""x"":672,""y"":465,""t"":3891},{""x"":697,""y"":451,""t"":3910},{""x"":653,""y"":495,""t"":3957},{""x"":637,""y"":526,""t"":3979},{""x"":674,""y"":554,""t"":4027},{""x"":670,""y"":559,""t"":4048},{""x"":631,""y"":600,""t"":4095},{""x"":613,""y"":642,""t"":4116},{""x"":671,""y"":623,""t"":4164},{""x"":721,""y"":605,""t"":4184},{""x"":689,""y"":617,""t"":4231},{""x"":736,""y"":604,""t"":4270},{""x"":777,""y"":578,""t"":4286},{""x"":760,""y"":585,""t"":4338},{""x"":747,""y"":599,""t"":4354},{""x"":737,""y"":601,""t"":4402},{""x"":792,""y"":598,""t"":4421},{""x"":929,""y"":620,""t"":4471},{""x"":1034,""y"":642,""t"":4489},{""x"":1202,""y"":642,""t"":4537},{""x"":1278,""y"":680,""t"":4556},{""x"":1302,""y"":677,""t"":4604},{""x"":1374,""y"":659,""t"":4626},{""x"":1491,""y"":677,""t"":4673},{""x"":1584,""y"":692,""t"":4694},{""x"":1600,""y"":701,""t"":4741},{""x"":1649,""y"":689,""t"":4762},{""x"":1594,""y"":700,""t"":4811},{""x"":1579,""y"":693,""t"":4829},{""x"":1634,""y"":694,""t"":4879},{""x"":1677,""y"":695,""t"":4898},{""x"":1566,""y"":676,""t"":4948},{""x"":1555,""y"":680,""t"":4966},{""x"":1557,""y"":659,""t"":5015},{""x"":1564,""y"":637,""t"":5033},{""x"":1535,""y"":637,""t"":5083},{""x"":1455,""y"":653,""t"":5101},{""x"":1403,""y"":651,""t"":5149},{""x"":1395,""y"":642,""t"":5169},{""x"":1405,""y"":597,""t"":5216},{""x"":1415,""y"":558,""t"":5238},{""x"":1369,""y"":552,""t"":5283},{""x"":1281,""y"":601,""t"":5306},{""x"":1254,""y"":583,""t"":5356},{""x"":1235,""y"":583,""t"":5373},{""x"":1144,""y"":586,""t"":5422},{""x"":1176,""y"":583,""t"":5441},{""x"":1220,""y"":595,""t"":5490},{""x"":1208,""y"":622,""t"":5509},{""x"":1220,""y"":617,""t"":5557},{""x"":1196,""y"":611,""t"":5577},{""x"":1255,""y"":616,""t"":5625},{""x"":1208,""y"":643,""t"":5645},{""x"":1223,""y"":633,""t"":5694},{""x"":1236,""y"":624,""t"":5714},{""x"":1268,""y"":614,""t"":5762},{""x"":1243,""y"":597,""t"":5781},{""x"":1216,""y"":618,""t"":5831},{""x"":1194,""y"":601,""t"":5849},{""x"":1261,""y"":591,""t"":5897},{""x"":1312,""y"":592,""t"":5918}]",0,0.5142061989708182,0.48579380102918185,eu_b-last_b-longer,0
142-alternatives,0,65,exp_98,0.0,333.5999999642372,0.58,0.38,4.9,6.9,higher_p,higher_m,0,1,alternatives,0.0,False,2.842,2.6220000000000003,0.2199999999999997,0.4837536146444008,0.6,0.4,0.5,0.5,0.0,0.0,higher_p,higher_p,True,"{""durations"":[1000,1500,1000,1500],""alternatives"":[1,0,1,0],""attributes"":[""all"",""all"",""all"",""all""]}","[{""x"":1064,""y"":598,""t"":-26},{""x"":1038,""y"":582,""t"":0},{""x"":1037,""y"":588,""t"":67},{""x"":1054,""y"":550,""t"":80},{""x"":1010,""y"":569,""t"":128},{""x"":932,""y"":565,""t"":161},{""x"":919,""y"":564,""t"":190},{""x"":942,""y"":539,""t"":239},{""x"":882,""y"":536,""t"":283},{""x"":840,""y"":524,""t"":308},{""x"":774,""y"":514,""t"":356},{""x"":715,""y"":515,""t"":376},{""x"":658,""y"":515,""t"":422},{""x"":629,""y"":527,""t"":444},{""x"":653,""y"":530,""t"":491},{""x"":661,""y"":537,""t"":511},{""x"":665,""y"":558,""t"":558},{""x"":719,""y"":584,""t"":579},{""x"":756,""y"":593,""t"":625},{""x"":812,""y"":603,""t"":647},{""x"":825,""y"":542,""t"":696},{""x"":835,""y"":489,""t"":716},{""x"":803,""y"":463,""t"":763},{""x"":777,""y"":447,""t"":784},{""x"":695,""y"":410,""t"":830},{""x"":589,""y"":400,""t"":851},{""x"":560,""y"":395,""t"":897},{""x"":513,""y"":399,""t"":918},{""x"":583,""y"":409,""t"":967},{""x"":617,""y"":378,""t"":987},{""x"":627,""y"":358,""t"":1038},{""x"":636,""y"":342,""t"":1055},{""x"":670,""y"":373,""t"":1102},{""x"":735,""y"":400,""t"":1124},{""x"":770,""y"":381,""t"":1171},{""x"":807,""y"":393,""t"":1191},{""x"":974,""y"":396,""t"":1237},{""x"":1124,""y"":394,""t"":1260},{""x"":1211,""y"":412,""t"":1308},{""x"":1326,""y"":429,""t"":1327},{""x"":1463,""y"":423,""t"":1374},{""x"":1461,""y"":434,""t"":1396},{""x"":1446,""y"":436,""t"":1442},{""x"":1499,""y"":427,""t"":1463},{""x"":1571,""y"":433,""t"":1509},{""x"":1625,""y"":438,""t"":1532},{""x"":1633,""y"":496,""t"":1578},{""x"":1626,""y"":555,""t"":1599},{""x"":1647,""y"":599,""t"":1647},{""x"":1660,""y"":635,""t"":1668},{""x"":1650,""y"":658,""t"":1715},{""x"":1650,""y"":655,""t"":1735},{""x"":1597,""y"":668,""t"":1783},{""x"":1525,""y"":666,""t"":1822},{""x"":1540,""y"":667,""t"":1837},{""x"":1562,""y"":662,""t"":1883},{""x"":1523,""y"":657,""t"":1906},{""x"":1390,""y"":695,""t"":1953},{""x"":1287,""y"":720,""t"":1972},{""x"":1098,""y"":708,""t"":2020},{""x"":943,""y"":691,""t"":2040},{""x"":778,""y"":683,""t"":2087},{""x"":705,""y"":671,""t"":2110},{""x"":620,""y"":662,""t"":2159},{""x"":583,""y"":680,""t"":2178},{""x"":608,""y"":653,""t"":2225},{""x"":637,""y"":631,""t"":2245},{""x"":604,""y"":625,""t"":2290},{""x"":615,""y"":617,""t"":2313},{""x"":611,""y"":614,""t"":2362},{""x"":612,""y"":612,""t"":2381},{""x"":652,""y"":644,""t"":2428},{""x"":705,""y"":671,""t"":2448},{""x"":713,""y"":660,""t"":2496},{""x"":779,""y"":657,""t"":2518},{""x"":806,""y"":675,""t"":2566},{""x"":800,""y"":675,""t"":2586},{""x"":735,""y"":683,""t"":2635},{""x"":698,""y"":676,""t"":2654},{""x"":681,""y"":661,""t"":2701},{""x"":669,""y"":647,""t"":2720},{""x"":658,""y"":620,""t"":2769},{""x"":625,""y"":625,""t"":2790},{""x"":592,""y"":626,""t"":2836},{""x"":556,""y"":634,""t"":2857},{""x"":607,""y"":642,""t"":2905},{""x"":622,""y"":625,""t"":2924},{""x"":701,""y"":591,""t"":2972},{""x"":713,""y"":579,""t"":2993},{""x"":783,""y"":484,""t"":3041},{""x"":842,""y"":404,""t"":3061},{""x"":773,""y"":379,""t"":3110},{""x"":711,""y"":361,""t"":3129},{""x"":658,""y"":353,""t"":3177},{""x"":613,""y"":350,""t"":3198},{""x"":535,""y"":352,""t"":3246},{""x"":535,""y"":337,""t"":3266},{""x"":548,""y"":332,""t"":3314},{""x"":594,""y"":307,""t"":3333},{""x"":603,""y"":292,""t"":3382},{""x"":612,""y"":282,""t"":3401},{""x"":856,""y"":302,""t"":3447},{""x"":1064,""y"":321,""t"":3470},{""x"":1204,""y"":341,""t"":3517},{""x"":1295,""y"":356,""t"":3537},{""x"":1334,""y"":368,""t"":3584},{""x"":1453,""y"":358,""t"":3606},{""x"":1521,""y"":350,""t"":3652},{""x"":1501,""y"":374,""t"":3692},{""x"":1478,""y"":386,""t"":3708},{""x"":1480,""y"":406,""t"":3755},{""x"":1528,""y"":388,""t"":3775},{""x"":1519,""y"":360,""t"":3822},{""x"":1517,""y"":362,""t"":3844},{""x"":1604,""y"":357,""t"":3892},{""x"":1593,""y"":379,""t"":3912},{""x"":1567,""y"":405,""t"":3960},{""x"":1553,""y"":440,""t"":3980},{""x"":1604,""y"":456,""t"":4027},{""x"":1646,""y"":484,""t"":4048},{""x"":1630,""y"":522,""t"":4094},{""x"":1601,""y"":562,""t"":4116},{""x"":1528,""y"":603,""t"":4161},{""x"":1495,""y"":623,""t"":4184},{""x"":1547,""y"":638,""t"":4230},{""x"":1695,""y"":622,""t"":4252},{""x"":1610,""y"":616,""t"":4301},{""x"":1535,""y"":610,""t"":4320},{""x"":1500,""y"":587,""t"":4365},{""x"":1497,""y"":547,""t"":4388},{""x"":1444,""y"":508,""t"":4433},{""x"":1401,""y"":475,""t"":4456},{""x"":1362,""y"":438,""t"":4504},{""x"":1392,""y"":399,""t"":4523},{""x"":1460,""y"":360,""t"":4570},{""x"":1520,""y"":330,""t"":4592},{""x"":1512,""y"":328,""t"":4637},{""x"":1480,""y"":335,""t"":4659},{""x"":1496,""y"":329,""t"":4705},{""x"":1434,""y"":338,""t"":4727},{""x"":1562,""y"":335,""t"":4775},{""x"":1613,""y"":330,""t"":4795},{""x"":1644,""y"":332,""t"":4845},{""x"":1663,""y"":339,""t"":4863},{""x"":1570,""y"":368,""t"":4911},{""x"":1489,""y"":392,""t"":4932},{""x"":1522,""y"":377,""t"":4979},{""x"":1570,""y"":368,""t"":4999},{""x"":1548,""y"":379,""t"":5054},{""x"":1531,""y"":375,""t"":5066},{""x"":1574,""y"":357,""t"":5115},{""x"":1628,""y"":319,""t"":5134},{""x"":1680,""y"":303,""t"":5183},{""x"":1670,""y"":318,""t"":5202},{""x"":1539,""y"":337,""t"":5253},{""x"":1414,""y"":358,""t"":5272},{""x"":1251,""y"":415,""t"":5320},{""x"":1150,""y"":468,""t"":5338},{""x"":1092,""y"":488,""t"":5388},{""x"":1044,""y"":511,""t"":5406},{""x"":1083,""y"":514,""t"":5455},{""x"":1122,""y"":515,""t"":5475},{""x"":1154,""y"":516,""t"":5522},{""x"":1150,""y"":537,""t"":5543},{""x"":1097,""y"":538,""t"":5593},{""x"":1086,""y"":529,""t"":5610},{""x"":1077,""y"":531,""t"":5659},{""x"":1091,""y"":516,""t"":5679},{""x"":1073,""y"":524,""t"":5728},{""x"":1059,""y"":531,""t"":5747},{""x"":1151,""y"":557,""t"":5795},{""x"":1215,""y"":547,""t"":5815},{""x"":1294,""y"":547,""t"":5865}]",0,0.8270915260944525,0.17290847390554762,eu_b-last_b-longer,0
142-alternatives,0,67,exp_84,0.0,875.8999999761581,0.61,0.29,2.2,8.1,higher_p,higher_m,0,1,alternatives,0.0,False,1.342,2.349,-1.0069999999999997,-0.7791520984804502,0.4,0.6,0.5,0.5,1.0,0.0,higher_m,higher_p,True,"{""durations"":[1500,1000,1500,1000],""alternatives"":[1,0,1,0],""attributes"":[""all"",""all"",""all"",""all""]}","[{""x"":882,""y"":529,""t"":0},{""x"":866,""y"":522,""t"":43},{""x"":890,""y"":500,""t"":99},{""x"":914,""y"":480,""t"":108},{""x"":900,""y"":466,""t"":161},{""x"":927,""y"":474,""t"":171},{""x"":948,""y"":480,""t"":226},{""x"":978,""y"":462,""t"":239},{""x"":1127,""y"":464,""t"":287},{""x"":1206,""y"":471,""t"":307},{""x"":1294,""y"":479,""t"":353},{""x"":1407,""y"":458,""t"":376},{""x"":1488,""y"":452,""t"":422},{""x"":1551,""y"":447,""t"":444},{""x"":1591,""y"":486,""t"":491},{""x"":1644,""y"":515,""t"":510},{""x"":1593,""y"":567,""t"":557},{""x"":1612,""y"":595,""t"":579},{""x"":1686,""y"":571,""t"":628},{""x"":1712,""y"":565,""t"":647},{""x"":1683,""y"":514,""t"":694},{""x"":1601,""y"":486,""t"":715},{""x"":1612,""y"":451,""t"":763},{""x"":1620,""y"":422,""t"":784},{""x"":1665,""y"":375,""t"":830},{""x"":1652,""y"":355,""t"":852},{""x"":1677,""y"":349,""t"":898},{""x"":1676,""y"":345,""t"":918},{""x"":1705,""y"":320,""t"":965},{""x"":1716,""y"":313,""t"":987},{""x"":1639,""y"":328,""t"":1035},{""x"":1573,""y"":343,""t"":1056},{""x"":1566,""y"":336,""t"":1104},{""x"":1583,""y"":329,""t"":1123},{""x"":1650,""y"":322,""t"":1170},{""x"":1694,""y"":315,""t"":1192},{""x"":1684,""y"":306,""t"":1240},{""x"":1627,""y"":313,""t"":1260},{""x"":1582,""y"":321,""t"":1306},{""x"":1549,""y"":336,""t"":1328},{""x"":1554,""y"":353,""t"":1375},{""x"":1546,""y"":350,""t"":1395},{""x"":1533,""y"":353,""t"":1442},{""x"":1523,""y"":355,""t"":1463},{""x"":1533,""y"":360,""t"":1510},{""x"":1575,""y"":348,""t"":1530},{""x"":1553,""y"":351,""t"":1580},{""x"":1528,""y"":350,""t"":1599},{""x"":1600,""y"":324,""t"":1653},{""x"":1642,""y"":324,""t"":1667},{""x"":1647,""y"":308,""t"":1714},{""x"":1666,""y"":294,""t"":1735},{""x"":1705,""y"":303,""t"":1783},{""x"":1795,""y"":292,""t"":1803},{""x"":1649,""y"":340,""t"":1851},{""x"":1521,""y"":381,""t"":1871},{""x"":1273,""y"":398,""t"":1920},{""x"":1065,""y"":412,""t"":1938},{""x"":933,""y"":414,""t"":1986},{""x"":830,""y"":414,""t"":2006},{""x"":732,""y"":416,""t"":2052},{""x"":902,""y"":409,""t"":2093},{""x"":1099,""y"":389,""t"":2108},{""x"":1213,""y"":403,""t"":2157},{""x"":1261,""y"":424,""t"":2177},{""x"":1310,""y"":419,""t"":2224},{""x"":1351,""y"":414,""t"":2245},{""x"":1429,""y"":419,""t"":2290},{""x"":1531,""y"":389,""t"":2313},{""x"":1622,""y"":358,""t"":2361},{""x"":1672,""y"":344,""t"":2380},{""x"":1674,""y"":372,""t"":2426},{""x"":1686,""y"":383,""t"":2449},{""x"":1738,""y"":353,""t"":2495},{""x"":1633,""y"":383,""t"":2518},{""x"":1604,""y"":392,""t"":2566},{""x"":1600,""y"":378,""t"":2585},{""x"":1626,""y"":381,""t"":2632},{""x"":1593,""y"":385,""t"":2653},{""x"":1550,""y"":402,""t"":2702},{""x"":1546,""y"":410,""t"":2721},{""x"":1484,""y"":455,""t"":2768},{""x"":1540,""y"":475,""t"":2790},{""x"":1491,""y"":531,""t"":2836},{""x"":1403,""y"":634,""t"":2857},{""x"":1260,""y"":793,""t"":2905},{""x"":1105,""y"":929,""t"":2926},{""x"":965,""y"":1015,""t"":2978},{""x"":801,""y"":1084,""t"":2993},{""x"":706,""y"":1125,""t"":3044},{""x"":667,""y"":1153,""t"":3061},{""x"":742,""y"":1163,""t"":3113},{""x"":777,""y"":1155,""t"":3130},{""x"":824,""y"":1146,""t"":3180},{""x"":814,""y"":1157,""t"":3198},{""x"":818,""y"":1157,""t"":3246},{""x"":803,""y"":1157,""t"":3266},{""x"":902,""y"":1149,""t"":3317},{""x"":990,""y"":1116,""t"":3332},{""x"":1054,""y"":1091,""t"":3381},{""x"":1053,""y"":1086,""t"":3400},{""x"":1040,""y"":1067,""t"":3449},{""x"":974,""y"":1075,""t"":3470},{""x"":966,""y"":1075,""t"":3521},{""x"":997,""y"":1068,""t"":3538},{""x"":1054,""y"":1046,""t"":3588},{""x"":1120,""y"":1012,""t"":3606},{""x"":1170,""y"":982,""t"":3655},{""x"":1246,""y"":948,""t"":3673},{""x"":1310,""y"":905,""t"":3721},{""x"":1337,""y"":882,""t"":3740},{""x"":1312,""y"":865,""t"":3790},{""x"":1287,""y"":859,""t"":3808},{""x"":1253,""y"":849,""t"":3858},{""x"":1152,""y"":842,""t"":3878},{""x"":1088,""y"":885,""t"":3929},{""x"":1114,""y"":904,""t"":3945},{""x"":1078,""y"":903,""t"":3995},{""x"":1115,""y"":907,""t"":4013},{""x"":1188,""y"":922,""t"":4062},{""x"":1188,""y"":934,""t"":4081},{""x"":1135,""y"":958,""t"":4131},{""x"":1038,""y"":968,""t"":4149},{""x"":1050,""y"":972,""t"":4198},{""x"":1013,""y"":988,""t"":4218},{""x"":892,""y"":1027,""t"":4265},{""x"":791,""y"":1059,""t"":4285},{""x"":739,""y"":1030,""t"":4333},{""x"":589,""y"":1055,""t"":4354},{""x"":404,""y"":1110,""t"":4401},{""x"":252,""y"":1158,""t"":4422},{""x"":179,""y"":1158,""t"":4470},{""x"":103,""y"":1091,""t"":4489},{""x"":260,""y"":1081,""t"":4537},{""x"":392,""y"":1079,""t"":4556},{""x"":503,""y"":1082,""t"":4603},{""x"":599,""y"":1085,""t"":4626},{""x"":465,""y"":1076,""t"":4675},{""x"":648,""y"":1079,""t"":4694},{""x"":777,""y"":1089,""t"":4742},{""x"":880,""y"":1105,""t"":4761},{""x"":1039,""y"":1081,""t"":4809},{""x"":1172,""y"":1067,""t"":4828},{""x"":1220,""y"":1057,""t"":4876},{""x"":1117,""y"":1092,""t"":4897},{""x"":975,""y"":1085,""t"":4947},{""x"":849,""y"":1066,""t"":4965},{""x"":760,""y"":1112,""t"":5012},{""x"":678,""y"":1118,""t"":5034},{""x"":585,""y"":1094,""t"":5080},{""x"":508,""y"":1073,""t"":5102},{""x"":673,""y"":1029,""t"":5151},{""x"":483,""y"":1025,""t"":5170},{""x"":341,""y"":1020,""t"":5218},{""x"":261,""y"":1022,""t"":5237},{""x"":218,""y"":1025,""t"":5285},{""x"":188,""y"":1029,""t"":5304},{""x"":250,""y"":1033,""t"":5353},{""x"":240,""y"":1038,""t"":5373},{""x"":290,""y"":1047,""t"":5427},{""x"":273,""y"":1021,""t"":5442},{""x"":310,""y"":1031,""t"":5491},{""x"":353,""y"":1034,""t"":5509},{""x"":478,""y"":1020,""t"":5557},{""x"":465,""y"":1048,""t"":5577},{""x"":521,""y"":1038,""t"":5627},{""x"":610,""y"":1009,""t"":5644},{""x"":596,""y"":1034,""t"":5693},{""x"":585,""y"":1041,""t"":5713},{""x"":536,""y"":1058,""t"":5762},{""x"":493,""y"":1072,""t"":5781},{""x"":446,""y"":1071,""t"":5832},{""x"":406,""y"":1069,""t"":5849},{""x"":420,""y"":1075,""t"":5898},{""x"":476,""y"":1091,""t"":5917},{""x"":463,""y"":1082,""t"":5967},{""x"":451,""y"":1074,""t"":5985},{""x"":445,""y"":1078,""t"":6036},{""x"":461,""y"":1053,""t"":6053},{""x"":447,""y"":1043,""t"":6101},{""x"":483,""y"":1040,""t"":6121},{""x"":501,""y"":1021,""t"":6173},{""x"":492,""y"":1053,""t"":6190},{""x"":541,""y"":1028,""t"":6240},{""x"":606,""y"":1011,""t"":6258},{""x"":717,""y"":985,""t"":6305},{""x"":747,""y"":970,""t"":6325},{""x"":804,""y"":948,""t"":6374},{""x"":853,""y"":950,""t"":6393},{""x"":950,""y"":912,""t"":6441}]",1,0.270294961039055,0.729705038960945,eu_b-last_b-longer,0
142-alternatives,1,72,exp_32,1.0,424.2999999523163,0.79,0.7,2.0,3.2,higher_p,higher_m,0,1,alternatives,0.0,False,1.58,2.24,-0.6599999999999997,-0.4219978340514987,0.6,0.4,0.5,0.5,0.0,1.0,higher_p,higher_m,False,"{""durations"":[1500,1000,1500,1000],""alternatives"":[0,1,0,1],""attributes"":[""all"",""all"",""all"",""all""]}","[{""x"":794,""y"":310,""t"":0},{""x"":857,""y"":328,""t"":47},{""x"":820,""y"":354,""t"":98},{""x"":787,""y"":375,""t"":115},{""x"":792,""y"":366,""t"":167},{""x"":767,""y"":349,""t"":178},{""x"":783,""y"":369,""t"":227},{""x"":740,""y"":369,""t"":239},{""x"":739,""y"":351,""t"":288},{""x"":801,""y"":359,""t"":308},{""x"":893,""y"":402,""t"":357},{""x"":961,""y"":410,""t"":376},{""x"":1023,""y"":377,""t"":424},{""x"":1181,""y"":394,""t"":443},{""x"":1104,""y"":407,""t"":491},{""x"":1033,""y"":417,""t"":511},{""x"":1049,""y"":437,""t"":559},{""x"":1061,""y"":453,""t"":578},{""x"":1146,""y"":443,""t"":625},{""x"":1277,""y"":486,""t"":647},{""x"":1340,""y"":499,""t"":694},{""x"":1436,""y"":506,""t"":716},{""x"":1367,""y"":543,""t"":765},{""x"":1427,""y"":564,""t"":783},{""x"":1322,""y"":528,""t"":831},{""x"":1309,""y"":547,""t"":851},{""x"":1336,""y"":549,""t"":900},{""x"":1353,""y"":538,""t"":920},{""x"":1308,""y"":490,""t"":970},{""x"":1335,""y"":485,""t"":987},{""x"":1250,""y"":458,""t"":1035},{""x"":1266,""y"":475,""t"":1056},{""x"":1230,""y"":436,""t"":1103},{""x"":1163,""y"":389,""t"":1123},{""x"":1187,""y"":354,""t"":1169},{""x"":1179,""y"":334,""t"":1191},{""x"":1175,""y"":304,""t"":1239},{""x"":1127,""y"":282,""t"":1259},{""x"":1242,""y"":328,""t"":1306},{""x"":1254,""y"":330,""t"":1328},{""x"":1215,""y"":301,""t"":1374},{""x"":1202,""y"":307,""t"":1395},{""x"":1174,""y"":322,""t"":1443},{""x"":1159,""y"":302,""t"":1463},{""x"":1104,""y"":312,""t"":1510},{""x"":1078,""y"":326,""t"":1531},{""x"":1176,""y"":354,""t"":1578},{""x"":1166,""y"":318,""t"":1599},{""x"":1240,""y"":328,""t"":1648},{""x"":1256,""y"":291,""t"":1668},{""x"":1335,""y"":318,""t"":1714},{""x"":1335,""y"":307,""t"":1736},{""x"":1114,""y"":353,""t"":1781},{""x"":1021,""y"":371,""t"":1804},{""x"":817,""y"":369,""t"":1853},{""x"":709,""y"":346,""t"":1871},{""x"":611,""y"":389,""t"":1924},{""x"":544,""y"":385,""t"":1940},{""x"":466,""y"":387,""t"":1989},{""x"":383,""y"":360,""t"":2008},{""x"":353,""y"":360,""t"":2056},{""x"":347,""y"":344,""t"":2076},{""x"":338,""y"":338,""t"":2124},{""x"":362,""y"":339,""t"":2144},{""x"":339,""y"":338,""t"":2191},{""x"":397,""y"":343,""t"":2211},{""x"":402,""y"":346,""t"":2259},{""x"":409,""y"":361,""t"":2278},{""x"":414,""y"":367,""t"":2325},{""x"":470,""y"":376,""t"":2347},{""x"":467,""y"":351,""t"":2395},{""x"":482,""y"":330,""t"":2416},{""x"":456,""y"":347,""t"":2463},{""x"":467,""y"":340,""t"":2483},{""x"":468,""y"":320,""t"":2532},{""x"":414,""y"":295,""t"":2551},{""x"":479,""y"":299,""t"":2599},{""x"":464,""y"":311,""t"":2619},{""x"":448,""y"":293,""t"":2667},{""x"":461,""y"":283,""t"":2687},{""x"":492,""y"":260,""t"":2734},{""x"":445,""y"":243,""t"":2756},{""x"":608,""y"":282,""t"":2805},{""x"":748,""y"":306,""t"":2824},{""x"":960,""y"":323,""t"":2871},{""x"":1063,""y"":351,""t"":2890},{""x"":1143,""y"":358,""t"":2939},{""x"":1203,""y"":364,""t"":2959},{""x"":1383,""y"":401,""t"":3007},{""x"":1424,""y"":414,""t"":3028},{""x"":1511,""y"":426,""t"":3074},{""x"":1576,""y"":424,""t"":3096},{""x"":1571,""y"":444,""t"":3143},{""x"":1571,""y"":471,""t"":3163},{""x"":1475,""y"":480,""t"":3210},{""x"":1457,""y"":520,""t"":3231},{""x"":1351,""y"":493,""t"":3278},{""x"":1387,""y"":494,""t"":3299},{""x"":1399,""y"":517,""t"":3348},{""x"":1351,""y"":500,""t"":3368},{""x"":1257,""y"":460,""t"":3414},{""x"":1303,""y"":454,""t"":3434},{""x"":1124,""y"":499,""t"":3481},{""x"":937,""y"":538,""t"":3504},{""x"":757,""y"":525,""t"":3553},{""x"":639,""y"":548,""t"":3572},{""x"":636,""y"":526,""t"":3620},{""x"":536,""y"":535,""t"":3639},{""x"":415,""y"":532,""t"":3686},{""x"":346,""y"":558,""t"":3724},{""x"":268,""y"":566,""t"":3741},{""x"":146,""y"":543,""t"":3788},{""x"":124,""y"":546,""t"":3809},{""x"":191,""y"":511,""t"":3855},{""x"":215,""y"":470,""t"":3877},{""x"":289,""y"":450,""t"":3924},{""x"":376,""y"":400,""t"":3946},{""x"":430,""y"":353,""t"":3994},{""x"":477,""y"":314,""t"":4013},{""x"":730,""y"":314,""t"":4061},{""x"":889,""y"":272,""t"":4082},{""x"":1059,""y"":225,""t"":4128},{""x"":1112,""y"":204,""t"":4149},{""x"":1243,""y"":230,""t"":4197},{""x"":1261,""y"":210,""t"":4216},{""x"":1177,""y"":212,""t"":4262},{""x"":1115,""y"":220,""t"":4285},{""x"":1062,""y"":232,""t"":4333},{""x"":1007,""y"":227,""t"":4354},{""x"":965,""y"":270,""t"":4403},{""x"":917,""y"":273,""t"":4421},{""x"":834,""y"":307,""t"":4469},{""x"":743,""y"":311,""t"":4489},{""x"":618,""y"":371,""t"":4537},{""x"":514,""y"":421,""t"":4558},{""x"":467,""y"":445,""t"":4610},{""x"":432,""y"":462,""t"":4626},{""x"":353,""y"":480,""t"":4674},{""x"":291,""y"":492,""t"":4693},{""x"":308,""y"":477,""t"":4740},{""x"":322,""y"":461,""t"":4761},{""x"":325,""y"":479,""t"":4807},{""x"":452,""y"":538,""t"":4829},{""x"":581,""y"":550,""t"":4876},{""x"":691,""y"":557,""t"":4897},{""x"":735,""y"":508,""t"":4944},{""x"":780,""y"":439,""t"":4966},{""x"":919,""y"":410,""t"":5012},{""x"":1010,""y"":399,""t"":5033},{""x"":987,""y"":367,""t"":5079},{""x"":1020,""y"":355,""t"":5101},{""x"":1049,""y"":336,""t"":5150},{""x"":1057,""y"":301,""t"":5169},{""x"":980,""y"":296,""t"":5217},{""x"":910,""y"":293,""t"":5236},{""x"":919,""y"":298,""t"":5285},{""x"":961,""y"":283,""t"":5305},{""x"":945,""y"":250,""t"":5352},{""x"":951,""y"":255,""t"":5374},{""x"":903,""y"":243,""t"":5423},{""x"":887,""y"":281,""t"":5442},{""x"":857,""y"":284,""t"":5489},{""x"":873,""y"":286,""t"":5508},{""x"":775,""y"":298,""t"":5557},{""x"":723,""y"":320,""t"":5576},{""x"":715,""y"":390,""t"":5624},{""x"":652,""y"":397,""t"":5645},{""x"":719,""y"":405,""t"":5691},{""x"":720,""y"":403,""t"":5714},{""x"":742,""y"":392,""t"":5761},{""x"":810,""y"":415,""t"":5782},{""x"":825,""y"":421,""t"":5831},{""x"":844,""y"":420,""t"":5850},{""x"":878,""y"":406,""t"":5900},{""x"":897,""y"":398,""t"":5918},{""x"":876,""y"":388,""t"":5966},{""x"":807,""y"":341,""t"":5985}]",0,0.08771102093029566,0.9122889790697044,eu_b-last_b-longer,0
142-alternatives,1,73,exp_112,1.0,345.39999997615814,0.49,0.22,4.2,7.9,higher_p,higher_m,0,1,alternatives,0.0,False,2.058,1.738,0.3199999999999998,0.5866799156325714,0.6,0.4,0.5,0.5,0.0,1.0,higher_p,higher_m,False,"{""durations"":[1500,1000,1500,1000],""alternatives"":[0,1,0,1],""attributes"":[""all"",""all"",""all"",""all""]}","[{""x"":904,""y"":362,""t"":0},{""x"":893,""y"":362,""t"":59},{""x"":826,""y"":355,""t"":70},{""x"":762,""y"":377,""t"":122},{""x"":757,""y"":366,""t"":137},{""x"":738,""y"":323,""t"":184},{""x"":724,""y"":287,""t"":204},{""x"":775,""y"":295,""t"":249},{""x"":812,""y"":317,""t"":291},{""x"":852,""y"":319,""t"":308},{""x"":952,""y"":402,""t"":355},{""x"":990,""y"":471,""t"":376},{""x"":1108,""y"":515,""t"":422},{""x"":1220,""y"":532,""t"":444},{""x"":1372,""y"":563,""t"":492},{""x"":1444,""y"":549,""t"":512},{""x"":1555,""y"":568,""t"":559},{""x"":1650,""y"":574,""t"":579},{""x"":1645,""y"":608,""t"":626},{""x"":1717,""y"":634,""t"":648},{""x"":1670,""y"":620,""t"":696},{""x"":1658,""y"":634,""t"":716},{""x"":1594,""y"":583,""t"":764},{""x"":1580,""y"":517,""t"":782},{""x"":1546,""y"":488,""t"":829},{""x"":1410,""y"":429,""t"":850},{""x"":1458,""y"":426,""t"":898},{""x"":1356,""y"":392,""t"":919},{""x"":1356,""y"":358,""t"":965},{""x"":1355,""y"":382,""t"":988},{""x"":1230,""y"":340,""t"":1035},{""x"":1345,""y"":384,""t"":1055},{""x"":1377,""y"":360,""t"":1102},{""x"":1361,""y"":358,""t"":1123},{""x"":1354,""y"":324,""t"":1171},{""x"":1296,""y"":302,""t"":1190},{""x"":1281,""y"":270,""t"":1238},{""x"":1224,""y"":275,""t"":1259},{""x"":1195,""y"":250,""t"":1306},{""x"":1128,""y"":240,""t"":1327},{""x"":1095,""y"":211,""t"":1375},{""x"":1075,""y"":216,""t"":1395},{""x"":1098,""y"":223,""t"":1442},{""x"":1058,""y"":246,""t"":1464},{""x"":1170,""y"":229,""t"":1511},{""x"":1243,""y"":260,""t"":1550},{""x"":1240,""y"":243,""t"":1566},{""x"":1197,""y"":270,""t"":1612},{""x"":1276,""y"":301,""t"":1634},{""x"":1241,""y"":304,""t"":1680},{""x"":1338,""y"":282,""t"":1701},{""x"":1227,""y"":319,""t"":1748},{""x"":1211,""y"":325,""t"":1769},{""x"":1017,""y"":368,""t"":1817},{""x"":861,""y"":420,""t"":1838},{""x"":720,""y"":417,""t"":1885},{""x"":611,""y"":403,""t"":1906},{""x"":417,""y"":417,""t"":1953},{""x"":312,""y"":413,""t"":1974},{""x"":324,""y"":449,""t"":2022},{""x"":364,""y"":475,""t"":2041},{""x"":355,""y"":469,""t"":2087},{""x"":379,""y"":472,""t"":2109},{""x"":346,""y"":462,""t"":2156},{""x"":395,""y"":435,""t"":2177},{""x"":416,""y"":405,""t"":2225},{""x"":451,""y"":376,""t"":2245},{""x"":416,""y"":338,""t"":2295},{""x"":414,""y"":326,""t"":2314},{""x"":496,""y"":313,""t"":2363},{""x"":488,""y"":302,""t"":2380},{""x"":497,""y"":266,""t"":2428},{""x"":501,""y"":274,""t"":2449},{""x"":503,""y"":292,""t"":2496},{""x"":502,""y"":260,""t"":2517},{""x"":484,""y"":258,""t"":2567},{""x"":536,""y"":254,""t"":2586},{""x"":521,""y"":246,""t"":2635},{""x"":499,""y"":244,""t"":2654},{""x"":485,""y"":238,""t"":2702},{""x"":433,""y"":234,""t"":2721},{""x"":648,""y"":204,""t"":2767},{""x"":887,""y"":198,""t"":2789},{""x"":1060,""y"":177,""t"":2836},{""x"":1234,""y"":169,""t"":2857},{""x"":1340,""y"":163,""t"":2904},{""x"":1498,""y"":145,""t"":2924},{""x"":1475,""y"":167,""t"":2973},{""x"":1518,""y"":175,""t"":2992},{""x"":1545,""y"":199,""t"":3039},{""x"":1518,""y"":190,""t"":3062},{""x"":1618,""y"":191,""t"":3108},{""x"":1635,""y"":207,""t"":3130},{""x"":1488,""y"":210,""t"":3179},{""x"":1503,""y"":222,""t"":3197},{""x"":1515,""y"":270,""t"":3244},{""x"":1407,""y"":325,""t"":3266},{""x"":1307,""y"":335,""t"":3312},{""x"":1339,""y"":335,""t"":3334},{""x"":1336,""y"":410,""t"":3380},{""x"":1330,""y"":401,""t"":3402},{""x"":1265,""y"":449,""t"":3448},{""x"":1221,""y"":417,""t"":3469},{""x"":1289,""y"":465,""t"":3516},{""x"":1319,""y"":477,""t"":3537},{""x"":1155,""y"":493,""t"":3584},{""x"":976,""y"":521,""t"":3605},{""x"":836,""y"":549,""t"":3651},{""x"":750,""y"":561,""t"":3673},{""x"":706,""y"":556,""t"":3720},{""x"":667,""y"":548,""t"":3742},{""x"":655,""y"":530,""t"":3789},{""x"":569,""y"":517,""t"":3809},{""x"":482,""y"":499,""t"":3855},{""x"":429,""y"":477,""t"":3878},{""x"":424,""y"":469,""t"":3925},{""x"":366,""y"":445,""t"":3945},{""x"":338,""y"":455,""t"":3992},{""x"":299,""y"":472,""t"":4014},{""x"":322,""y"":458,""t"":4060},{""x"":340,""y"":459,""t"":4081},{""x"":414,""y"":460,""t"":4128},{""x"":461,""y"":446,""t"":4149},{""x"":441,""y"":440,""t"":4195},{""x"":402,""y"":451,""t"":4218},{""x"":454,""y"":443,""t"":4267},{""x"":465,""y"":423,""t"":4285},{""x"":494,""y"":407,""t"":4332},{""x"":463,""y"":412,""t"":4353},{""x"":521,""y"":398,""t"":4400},{""x"":434,""y"":453,""t"":4421},{""x"":514,""y"":438,""t"":4467},{""x"":539,""y"":409,""t"":4490},{""x"":579,""y"":348,""t"":4536},{""x"":615,""y"":339,""t"":4558},{""x"":688,""y"":309,""t"":4604},{""x"":682,""y"":329,""t"":4625},{""x"":700,""y"":305,""t"":4673},{""x"":695,""y"":277,""t"":4693},{""x"":704,""y"":281,""t"":4741},{""x"":712,""y"":272,""t"":4761},{""x"":653,""y"":283,""t"":4809},{""x"":605,""y"":313,""t"":4830},{""x"":550,""y"":281,""t"":4878},{""x"":475,""y"":259,""t"":4897},{""x"":607,""y"":226,""t"":4944},{""x"":761,""y"":214,""t"":4965},{""x"":1012,""y"":162,""t"":5012},{""x"":1136,""y"":172,""t"":5034},{""x"":1248,""y"":130,""t"":5085},{""x"":1268,""y"":105,""t"":5101},{""x"":1403,""y"":99,""t"":5151},{""x"":1449,""y"":110,""t"":5169},{""x"":1512,""y"":93,""t"":5218},{""x"":1576,""y"":104,""t"":5238},{""x"":1603,""y"":94,""t"":5286},{""x"":1592,""y"":99,""t"":5306},{""x"":1450,""y"":179,""t"":5356},{""x"":1326,""y"":205,""t"":5373},{""x"":1255,""y"":240,""t"":5421},{""x"":1176,""y"":316,""t"":5441},{""x"":1073,""y"":332,""t"":5490},{""x"":1039,""y"":370,""t"":5509},{""x"":1011,""y"":353,""t"":5558},{""x"":957,""y"":342,""t"":5578},{""x"":899,""y"":303,""t"":5626},{""x"":835,""y"":299,""t"":5646},{""x"":891,""y"":280,""t"":5695},{""x"":967,""y"":294,""t"":5712},{""x"":897,""y"":274,""t"":5760},{""x"":914,""y"":246,""t"":5780},{""x"":933,""y"":387,""t"":5832},{""x"":995,""y"":514,""t"":5850},{""x"":993,""y"":622,""t"":5898},{""x"":1035,""y"":727,""t"":5918}]",1,0.8287238629691505,0.17127613703084943,eu_b-last_b-longer,0
142-alternatives,1,75,exp_62,1.0,273.0,0.41,0.21,1.7999999999999998,6.2,higher_p,higher_m,0,1,alternatives,0.0,False,0.7379999999999999,1.302,-0.5640000000000002,-0.3231885851028555,0.4,0.6,0.5,0.5,1.0,1.0,higher_m,higher_m,False,"{""durations"":[1000,1500,1000,1500],""alternatives"":[0,1,0,1],""attributes"":[""all"",""all"",""all"",""all""]}","[{""x"":1021,""y"":452,""t"":0},{""x"":1092,""y"":421,""t"":45},{""x"":1038,""y"":425,""t"":97},{""x"":950,""y"":386,""t"":108},{""x"":960,""y"":439,""t"":161},{""x"":1027,""y"":365,""t"":171},{""x"":939,""y"":376,""t"":220},{""x"":920,""y"":402,""t"":240},{""x"":944,""y"":367,""t"":287},{""x"":890,""y"":400,""t"":307},{""x"":860,""y"":382,""t"":357},{""x"":1022,""y"":436,""t"":375},{""x"":1089,""y"":410,""t"":425},{""x"":1148,""y"":456,""t"":443},{""x"":1285,""y"":479,""t"":491},{""x"":1394,""y"":498,""t"":510},{""x"":1415,""y"":520,""t"":558},{""x"":1436,""y"":575,""t"":580},{""x"":1418,""y"":554,""t"":628},{""x"":1451,""y"":592,""t"":647},{""x"":1485,""y"":552,""t"":695},{""x"":1492,""y"":599,""t"":714},{""x"":1504,""y"":593,""t"":763},{""x"":1486,""y"":589,""t"":784},{""x"":1461,""y"":520,""t"":833},{""x"":1465,""y"":487,""t"":852},{""x"":1457,""y"":431,""t"":899},{""x"":1479,""y"":444,""t"":919},{""x"":1409,""y"":426,""t"":968},{""x"":1384,""y"":436,""t"":987},{""x"":1464,""y"":427,""t"":1035},{""x"":1480,""y"":457,""t"":1055},{""x"":1550,""y"":508,""t"":1102},{""x"":1499,""y"":570,""t"":1123},{""x"":1579,""y"":591,""t"":1170},{""x"":1521,""y"":599,""t"":1192},{""x"":1570,""y"":587,""t"":1238},{""x"":1548,""y"":557,""t"":1258},{""x"":1277,""y"":618,""t"":1307},{""x"":1018,""y"":682,""t"":1326},{""x"":833,""y"":671,""t"":1372},{""x"":633,""y"":655,""t"":1395},{""x"":511,""y"":662,""t"":1441},{""x"":405,""y"":652,""t"":1463},{""x"":384,""y"":621,""t"":1512},{""x"":451,""y"":592,""t"":1531},{""x"":359,""y"":607,""t"":1579},{""x"":287,""y"":619,""t"":1598},{""x"":237,""y"":573,""t"":1644},{""x"":192,""y"":595,""t"":1668},{""x"":281,""y"":523,""t"":1715},{""x"":332,""y"":449,""t"":1735},{""x"":380,""y"":394,""t"":1782},{""x"":406,""y"":342,""t"":1804},{""x"":435,""y"":305,""t"":1851},{""x"":423,""y"":290,""t"":1871},{""x"":444,""y"":268,""t"":1917},{""x"":452,""y"":229,""t"":1938},{""x"":455,""y"":234,""t"":1985},{""x"":451,""y"":219,""t"":2007},{""x"":438,""y"":201,""t"":2055},{""x"":411,""y"":176,""t"":2076},{""x"":434,""y"":191,""t"":2123},{""x"":454,""y"":206,""t"":2142},{""x"":451,""y"":216,""t"":2190},{""x"":451,""y"":227,""t"":2212},{""x"":482,""y"":250,""t"":2259},{""x"":467,""y"":274,""t"":2279},{""x"":522,""y"":271,""t"":2328},{""x"":513,""y"":296,""t"":2348},{""x"":506,""y"":314,""t"":2395},{""x"":450,""y"":351,""t"":2416},{""x"":389,""y"":395,""t"":2462},{""x"":368,""y"":413,""t"":2482},{""x"":353,""y"":439,""t"":2530},{""x"":430,""y"":432,""t"":2551},{""x"":506,""y"":427,""t"":2598},{""x"":567,""y"":389,""t"":2620},{""x"":561,""y"":344,""t"":2667},{""x"":595,""y"":332,""t"":2688},{""x"":716,""y"":293,""t"":2736},{""x"":804,""y"":263,""t"":2755},{""x"":977,""y"":291,""t"":2804},{""x"":1168,""y"":238,""t"":2824},{""x"":1338,""y"":268,""t"":2871},{""x"":1516,""y"":272,""t"":2891},{""x"":1596,""y"":276,""t"":2939},{""x"":1567,""y"":252,""t"":2958},{""x"":1625,""y"":293,""t"":3006},{""x"":1660,""y"":273,""t"":3026},{""x"":1722,""y"":321,""t"":3073},{""x"":1778,""y"":351,""t"":3096},{""x"":1820,""y"":383,""t"":3144},{""x"":1785,""y"":444,""t"":3163},{""x"":1697,""y"":519,""t"":3209},{""x"":1677,""y"":553,""t"":3231},{""x"":1665,""y"":577,""t"":3277},{""x"":1628,""y"":613,""t"":3299},{""x"":1662,""y"":636,""t"":3346},{""x"":1620,""y"":630,""t"":3367},{""x"":1561,""y"":595,""t"":3415},{""x"":1522,""y"":580,""t"":3434},{""x"":1475,""y"":589,""t"":3487},{""x"":1481,""y"":543,""t"":3503},{""x"":1499,""y"":520,""t"":3550},{""x"":1437,""y"":456,""t"":3572},{""x"":1237,""y"":415,""t"":3619},{""x"":1068,""y"":382,""t"":3639},{""x"":863,""y"":320,""t"":3685},{""x"":687,""y"":310,""t"":3708},{""x"":569,""y"":296,""t"":3755},{""x"":547,""y"":269,""t"":3775},{""x"":485,""y"":235,""t"":3821},{""x"":443,""y"":252,""t"":3843},{""x"":250,""y"":306,""t"":3890},{""x"":289,""y"":331,""t"":3910},{""x"":284,""y"":356,""t"":3959},{""x"":283,""y"":383,""t"":3980},{""x"":336,""y"":384,""t"":4030},{""x"":444,""y"":375,""t"":4048},{""x"":372,""y"":332,""t"":4095},{""x"":313,""y"":294,""t"":4115},{""x"":379,""y"":312,""t"":4161},{""x"":403,""y"":336,""t"":4183},{""x"":442,""y"":342,""t"":4230},{""x"":439,""y"":329,""t"":4250},{""x"":460,""y"":323,""t"":4296},{""x"":478,""y"":314,""t"":4320},{""x"":504,""y"":330,""t"":4368},{""x"":491,""y"":336,""t"":4388},{""x"":510,""y"":352,""t"":4436},{""x"":529,""y"":359,""t"":4455},{""x"":656,""y"":304,""t"":4507},{""x"":734,""y"":292,""t"":4524},{""x"":798,""y"":315,""t"":4570},{""x"":902,""y"":290,""t"":4591},{""x"":908,""y"":264,""t"":4640},{""x"":941,""y"":236,""t"":4658},{""x"":958,""y"":209,""t"":4708},{""x"":947,""y"":203,""t"":4728},{""x"":939,""y"":178,""t"":4777},{""x"":957,""y"":181,""t"":4796},{""x"":920,""y"":203,""t"":4843},{""x"":838,""y"":179,""t"":4864},{""x"":859,""y"":179,""t"":4916},{""x"":888,""y"":193,""t"":4930},{""x"":872,""y"":204,""t"":4979},{""x"":842,""y"":206,""t"":4999},{""x"":909,""y"":201,""t"":5050},{""x"":929,""y"":182,""t"":5068},{""x"":944,""y"":234,""t"":5118},{""x"":980,""y"":203,""t"":5136},{""x"":992,""y"":243,""t"":5185},{""x"":907,""y"":260,""t"":5202},{""x"":880,""y"":250,""t"":5252},{""x"":876,""y"":235,""t"":5272},{""x"":846,""y"":232,""t"":5324},{""x"":814,""y"":236,""t"":5338},{""x"":828,""y"":243,""t"":5389},{""x"":841,""y"":249,""t"":5407},{""x"":845,""y"":254,""t"":5457},{""x"":884,""y"":267,""t"":5476},{""x"":929,""y"":306,""t"":5524},{""x"":932,""y"":309,""t"":5544},{""x"":955,""y"":281,""t"":5592},{""x"":988,""y"":280,""t"":5612},{""x"":902,""y"":298,""t"":5662},{""x"":854,""y"":274,""t"":5679},{""x"":835,""y"":287,""t"":5728},{""x"":830,""y"":341,""t"":5747},{""x"":835,""y"":331,""t"":5795},{""x"":806,""y"":329,""t"":5814}]",0,0.26603489070511216,0.7339651092948878,eu_b-last_b-longer,0
142-alternatives,1,79,exp_2,0.0,278.5999999642372,0.79,0.49,5.300000000000001,8.3,higher_p,higher_m,0,1,alternatives,0.0,False,4.187000000000001,4.067,0.120000000000001,0.3808273136562316,0.6,0.4,0.5,0.5,0.0,0.0,higher_p,higher_p,True,"{""durations"":[1000,1500,1000,1500],""alternatives"":[1,0,1,0],""attributes"":[""all"",""all"",""all"",""all""]}","[{""x"":1000,""y"":286,""t"":-10},{""x"":967,""y"":304,""t"":0},{""x"":931,""y"":273,""t"":58},{""x"":980,""y"":331,""t"":72},{""x"":960,""y"":312,""t"":141},{""x"":925,""y"":356,""t"":185},{""x"":958,""y"":355,""t"":204},{""x"":976,""y"":350,""t"":250},{""x"":993,""y"":355,""t"":274},{""x"":1088,""y"":386,""t"":323},{""x"":1094,""y"":357,""t"":341},{""x"":1178,""y"":402,""t"":391},{""x"":1184,""y"":429,""t"":410},{""x"":1213,""y"":484,""t"":457},{""x"":1294,""y"":505,""t"":476},{""x"":1339,""y"":511,""t"":526},{""x"":1340,""y"":484,""t"":545},{""x"":1320,""y"":457,""t"":591},{""x"":1360,""y"":433,""t"":614},{""x"":1343,""y"":448,""t"":662},{""x"":1398,""y"":465,""t"":681},{""x"":1412,""y"":461,""t"":727},{""x"":1413,""y"":479,""t"":750},{""x"":1424,""y"":466,""t"":796},{""x"":1456,""y"":439,""t"":817},{""x"":1512,""y"":465,""t"":865},{""x"":1382,""y"":436,""t"":885},{""x"":1396,""y"":441,""t"":933},{""x"":1346,""y"":415,""t"":952},{""x"":1395,""y"":460,""t"":999},{""x"":1452,""y"":487,""t"":1022},{""x"":1504,""y"":530,""t"":1070},{""x"":1453,""y"":557,""t"":1089},{""x"":1414,""y"":559,""t"":1135},{""x"":1366,""y"":557,""t"":1158},{""x"":1451,""y"":543,""t"":1203},{""x"":1354,""y"":474,""t"":1226},{""x"":1306,""y"":422,""t"":1273},{""x"":1195,""y"":374,""t"":1293},{""x"":1055,""y"":332,""t"":1341},{""x"":928,""y"":296,""t"":1360},{""x"":819,""y"":276,""t"":1406},{""x"":719,""y"":270,""t"":1430},{""x"":569,""y"":294,""t"":1478},{""x"":516,""y"":284,""t"":1498},{""x"":495,""y"":264,""t"":1545},{""x"":495,""y"":268,""t"":1565},{""x"":439,""y"":259,""t"":1611},{""x"":421,""y"":255,""t"":1633},{""x"":318,""y"":315,""t"":1682},{""x"":288,""y"":317,""t"":1702},{""x"":235,""y"":321,""t"":1750},{""x"":258,""y"":316,""t"":1770},{""x"":256,""y"":342,""t"":1815},{""x"":271,""y"":360,""t"":1837},{""x"":297,""y"":386,""t"":1885},{""x"":372,""y"":383,""t"":1924},{""x"":350,""y"":416,""t"":1939},{""x"":365,""y"":425,""t"":1987},{""x"":356,""y"":449,""t"":2008},{""x"":355,""y"":443,""t"":2055},{""x"":279,""y"":479,""t"":2075},{""x"":336,""y"":462,""t"":2122},{""x"":366,""y"":445,""t"":2143},{""x"":367,""y"":421,""t"":2191},{""x"":430,""y"":406,""t"":2212},{""x"":429,""y"":364,""t"":2266},{""x"":413,""y"":340,""t"":2279},{""x"":475,""y"":324,""t"":2327},{""x"":487,""y"":337,""t"":2348},{""x"":549,""y"":303,""t"":2396},{""x"":611,""y"":290,""t"":2416},{""x"":912,""y"":318,""t"":2462},{""x"":1054,""y"":344,""t"":2484},{""x"":1214,""y"":344,""t"":2535},{""x"":1311,""y"":372,""t"":2551},{""x"":1486,""y"":394,""t"":2598},{""x"":1531,""y"":427,""t"":2619},{""x"":1549,""y"":439,""t"":2666},{""x"":1477,""y"":434,""t"":2687},{""x"":1465,""y"":443,""t"":2734},{""x"":1521,""y"":481,""t"":2755},{""x"":1583,""y"":476,""t"":2802},{""x"":1547,""y"":474,""t"":2823},{""x"":1557,""y"":440,""t"":2871},{""x"":1554,""y"":416,""t"":2892},{""x"":1588,""y"":418,""t"":2939},{""x"":1509,""y"":461,""t"":2958},{""x"":1432,""y"":447,""t"":3005},{""x"":1419,""y"":470,""t"":3028},{""x"":1451,""y"":409,""t"":3074},{""x"":1431,""y"":411,""t"":3096},{""x"":1422,""y"":335,""t"":3144},{""x"":1426,""y"":330,""t"":3163},{""x"":1429,""y"":292,""t"":3212},{""x"":1383,""y"":248,""t"":3231},{""x"":1408,""y"":223,""t"":3278},{""x"":1435,""y"":209,""t"":3299},{""x"":1523,""y"":181,""t"":3346},{""x"":1530,""y"":165,""t"":3368},{""x"":1521,""y"":174,""t"":3413},{""x"":1464,""y"":175,""t"":3436},{""x"":1240,""y"":211,""t"":3483},{""x"":1034,""y"":238,""t"":3504},{""x"":835,""y"":251,""t"":3552},{""x"":673,""y"":263,""t"":3571},{""x"":616,""y"":267,""t"":3622},{""x"":544,""y"":284,""t"":3639},{""x"":501,""y"":293,""t"":3686},{""x"":418,""y"":279,""t"":3708},{""x"":397,""y"":277,""t"":3757},{""x"":389,""y"":276,""t"":3775},{""x"":416,""y"":281,""t"":3821},{""x"":403,""y"":274,""t"":3844},{""x"":321,""y"":282,""t"":3893},{""x"":361,""y"":314,""t"":3912},{""x"":418,""y"":331,""t"":3958},{""x"":470,""y"":344,""t"":3979},{""x"":444,""y"":376,""t"":4024},{""x"":501,""y"":391,""t"":4047},{""x"":452,""y"":387,""t"":4097},{""x"":411,""y"":383,""t"":4115},{""x"":409,""y"":396,""t"":4162},{""x"":456,""y"":401,""t"":4184},{""x"":452,""y"":405,""t"":4232},{""x"":569,""y"":392,""t"":4251},{""x"":498,""y"":401,""t"":4299},{""x"":487,""y"":381,""t"":4320},{""x"":475,""y"":360,""t"":4367},{""x"":448,""y"":358,""t"":4387},{""x"":460,""y"":351,""t"":4433},{""x"":460,""y"":355,""t"":4454},{""x"":473,""y"":325,""t"":4502},{""x"":512,""y"":308,""t"":4523},{""x"":633,""y"":282,""t"":4571},{""x"":734,""y"":254,""t"":4591},{""x"":837,""y"":235,""t"":4638},{""x"":921,""y"":221,""t"":4658},{""x"":888,""y"":208,""t"":4706},{""x"":855,""y"":198,""t"":4726},{""x"":832,""y"":197,""t"":4774},{""x"":835,""y"":208,""t"":4795},{""x"":933,""y"":185,""t"":4843},{""x"":1041,""y"":198,""t"":4863},{""x"":1001,""y"":213,""t"":4911},{""x"":1020,""y"":228,""t"":4932},{""x"":991,""y"":216,""t"":4977},{""x"":922,""y"":238,""t"":5000},{""x"":940,""y"":226,""t"":5048},{""x"":1026,""y"":252,""t"":5067},{""x"":988,""y"":260,""t"":5115},{""x"":977,""y"":269,""t"":5135},{""x"":886,""y"":258,""t"":5185},{""x"":871,""y"":256,""t"":5203},{""x"":890,""y"":243,""t"":5250},{""x"":937,""y"":255,""t"":5272},{""x"":935,""y"":239,""t"":5324},{""x"":862,""y"":222,""t"":5338},{""x"":848,""y"":228,""t"":5390},{""x"":814,""y"":238,""t"":5407},{""x"":864,""y"":243,""t"":5455},{""x"":888,""y"":270,""t"":5476},{""x"":935,""y"":264,""t"":5523},{""x"":854,""y"":278,""t"":5543},{""x"":947,""y"":258,""t"":5595},{""x"":986,""y"":266,""t"":5611},{""x"":891,""y"":276,""t"":5665},{""x"":837,""y"":268,""t"":5679},{""x"":844,""y"":252,""t"":5726},{""x"":924,""y"":330,""t"":5746},{""x"":895,""y"":301,""t"":5795},{""x"":817,""y"":324,""t"":5815}]",0,0.8741953324321505,0.12580466756784942,eu_b-last_b-longer,0
142-alternatives,1,80,catch_12,1.0,282.69999998807907,0.23,0.47,5.0,6.0,dominated,dominant,1,1,alternatives,0.0,False,1.15,2.82,-1.6699999999999997,-1.4615534740320204,0.5,0.5,0.5,0.5,,1.0,,dominant,True,"{""durations"":[1250,1250,1250,1250],""attributes"":[""all"",""all"",""all"",""all""],""alternatives"":[0,1,0,1]}","[{""x"":931,""y"":251,""t"":0},{""x"":892,""y"":295,""t"":45},{""x"":896,""y"":364,""t"":97},{""x"":961,""y"":409,""t"":107},{""x"":940,""y"":392,""t"":161},{""x"":909,""y"":384,""t"":172},{""x"":994,""y"":441,""t"":220},{""x"":988,""y"":451,""t"":240},{""x"":997,""y"":472,""t"":286},{""x"":958,""y"":421,""t"":308},{""x"":790,""y"":437,""t"":355},{""x"":733,""y"":432,""t"":375},{""x"":610,""y"":453,""t"":422},{""x"":504,""y"":458,""t"":443},{""x"":505,""y"":448,""t"":491},{""x"":507,""y"":444,""t"":511},{""x"":429,""y"":451,""t"":560},{""x"":447,""y"":467,""t"":579},{""x"":395,""y"":459,""t"":627},{""x"":469,""y"":432,""t"":646},{""x"":386,""y"":486,""t"":692},{""x"":446,""y"":459,""t"":734},{""x"":404,""y"":423,""t"":749},{""x"":448,""y"":385,""t"":802},{""x"":488,""y"":353,""t"":817},{""x"":496,""y"":314,""t"":866},{""x"":536,""y"":297,""t"":886},{""x"":531,""y"":289,""t"":932},{""x"":587,""y"":262,""t"":953},{""x"":558,""y"":232,""t"":998},{""x"":577,""y"":229,""t"":1022},{""x"":589,""y"":248,""t"":1069},{""x"":564,""y"":253,""t"":1090},{""x"":592,""y"":252,""t"":1138},{""x"":589,""y"":268,""t"":1157},{""x"":583,""y"":293,""t"":1204},{""x"":535,""y"":316,""t"":1226},{""x"":512,""y"":322,""t"":1272},{""x"":489,""y"":371,""t"":1292},{""x"":502,""y"":366,""t"":1339},{""x"":459,""y"":387,""t"":1361},{""x"":574,""y"":417,""t"":1407},{""x"":772,""y"":490,""t"":1430},{""x"":895,""y"":515,""t"":1477},{""x"":1015,""y"":568,""t"":1497},{""x"":1039,""y"":563,""t"":1544},{""x"":1149,""y"":590,""t"":1565},{""x"":1149,""y"":579,""t"":1613},{""x"":1299,""y"":573,""t"":1633},{""x"":1214,""y"":565,""t"":1680},{""x"":1306,""y"":555,""t"":1702},{""x"":1299,""y"":529,""t"":1749},{""x"":1303,""y"":568,""t"":1770},{""x"":1291,""y"":501,""t"":1816},{""x"":1391,""y"":478,""t"":1837},{""x"":1474,""y"":418,""t"":1883},{""x"":1514,""y"":419,""t"":1905},{""x"":1493,""y"":342,""t"":1952},{""x"":1519,""y"":318,""t"":1973},{""x"":1514,""y"":249,""t"":2020},{""x"":1546,""y"":259,""t"":2041},{""x"":1580,""y"":222,""t"":2088},{""x"":1671,""y"":224,""t"":2109},{""x"":1624,""y"":274,""t"":2156},{""x"":1561,""y"":364,""t"":2178},{""x"":1561,""y"":418,""t"":2223},{""x"":1480,""y"":476,""t"":2246},{""x"":1468,""y"":519,""t"":2292},{""x"":1346,""y"":563,""t"":2313},{""x"":1366,""y"":589,""t"":2361},{""x"":1416,""y"":596,""t"":2381},{""x"":1368,""y"":603,""t"":2429},{""x"":1393,""y"":632,""t"":2449},{""x"":1304,""y"":627,""t"":2495},{""x"":1216,""y"":601,""t"":2517},{""x"":1074,""y"":541,""t"":2565},{""x"":948,""y"":493,""t"":2584},{""x"":801,""y"":474,""t"":2630},{""x"":726,""y"":414,""t"":2653},{""x"":593,""y"":394,""t"":2699},{""x"":525,""y"":350,""t"":2722},{""x"":453,""y"":336,""t"":2768},{""x"":458,""y"":312,""t"":2790},{""x"":421,""y"":296,""t"":2836},{""x"":469,""y"":306,""t"":2857},{""x"":520,""y"":316,""t"":2903},{""x"":479,""y"":318,""t"":2925},{""x"":483,""y"":270,""t"":2971},{""x"":491,""y"":229,""t"":2994},{""x"":417,""y"":240,""t"":3042},{""x"":421,""y"":246,""t"":3061},{""x"":420,""y"":261,""t"":3108},{""x"":450,""y"":288,""t"":3130},{""x"":670,""y"":268,""t"":3176},{""x"":895,""y"":238,""t"":3198},{""x"":1023,""y"":196,""t"":3246},{""x"":1173,""y"":174,""t"":3265},{""x"":1227,""y"":150,""t"":3311},{""x"":1304,""y"":155,""t"":3334},{""x"":1296,""y"":171,""t"":3379},{""x"":1324,""y"":188,""t"":3401},{""x"":1337,""y"":214,""t"":3450},{""x"":1360,""y"":236,""t"":3469},{""x"":1421,""y"":260,""t"":3517},{""x"":1534,""y"":244,""t"":3538},{""x"":1496,""y"":204,""t"":3586},{""x"":1456,""y"":200,""t"":3606},{""x"":1376,""y"":174,""t"":3653},{""x"":1406,""y"":169,""t"":3673},{""x"":1365,""y"":166,""t"":3723},{""x"":1386,""y"":178,""t"":3741},{""x"":1426,""y"":208,""t"":3790},{""x"":1503,""y"":195,""t"":3808},{""x"":1479,""y"":256,""t"":3856},{""x"":1536,""y"":254,""t"":3878},{""x"":1597,""y"":257,""t"":3925},{""x"":1582,""y"":258,""t"":3944},{""x"":1535,""y"":261,""t"":3991},{""x"":1497,""y"":250,""t"":4014},{""x"":1515,""y"":232,""t"":4061},{""x"":1411,""y"":232,""t"":4081},{""x"":1337,""y"":239,""t"":4128},{""x"":1395,""y"":234,""t"":4149},{""x"":1345,""y"":300,""t"":4196},{""x"":1322,""y"":334,""t"":4217},{""x"":1312,""y"":397,""t"":4265},{""x"":1347,""y"":471,""t"":4286},{""x"":1297,""y"":529,""t"":4334},{""x"":1321,""y"":588,""t"":4353},{""x"":1373,""y"":620,""t"":4401},{""x"":1355,""y"":630,""t"":4422},{""x"":1318,""y"":601,""t"":4470},{""x"":1305,""y"":632,""t"":4489},{""x"":1231,""y"":630,""t"":4535},{""x"":1230,""y"":660,""t"":4556},{""x"":1207,""y"":649,""t"":4605},{""x"":1225,""y"":663,""t"":4625},{""x"":1289,""y"":648,""t"":4673},{""x"":1351,""y"":651,""t"":4694},{""x"":1317,""y"":636,""t"":4740},{""x"":1359,""y"":627,""t"":4761},{""x"":1396,""y"":627,""t"":4807},{""x"":1402,""y"":629,""t"":4829},{""x"":1394,""y"":622,""t"":4878},{""x"":1444,""y"":668,""t"":4897},{""x"":1517,""y"":633,""t"":4946},{""x"":1525,""y"":612,""t"":4966},{""x"":1444,""y"":591,""t"":5012},{""x"":1451,""y"":608,""t"":5033},{""x"":1344,""y"":593,""t"":5081},{""x"":1211,""y"":572,""t"":5100},{""x"":1177,""y"":549,""t"":5150},{""x"":1080,""y"":516,""t"":5169},{""x"":1066,""y"":504,""t"":5216},{""x"":1073,""y"":498,""t"":5238},{""x"":1041,""y"":432,""t"":5287},{""x"":1033,""y"":417,""t"":5306},{""x"":933,""y"":400,""t"":5353},{""x"":919,""y"":437,""t"":5373},{""x"":817,""y"":446,""t"":5423},{""x"":819,""y"":463,""t"":5441},{""x"":850,""y"":494,""t"":5491},{""x"":826,""y"":515,""t"":5510},{""x"":815,""y"":487,""t"":5557},{""x"":800,""y"":483,""t"":5578},{""x"":791,""y"":425,""t"":5624},{""x"":904,""y"":407,""t"":5646},{""x"":869,""y"":469,""t"":5693},{""x"":902,""y"":460,""t"":5714},{""x"":1003,""y"":477,""t"":5762},{""x"":1035,""y"":478,""t"":5782},{""x"":984,""y"":449,""t"":5829},{""x"":1064,""y"":423,""t"":5849}]",1,0.003352654898844713,0.9966473451011553,eu_b-last_b-longer,0
142-alternatives,1,81,exp_70,0.0,329.0,0.72,0.51,4.2,5.2,higher_p,higher_m,0,1,alternatives,0.0,False,3.024,2.652,0.3719999999999999,0.64020159214642,0.4,0.6,0.5,0.5,1.0,1.0,higher_m,higher_m,True,"{""durations"":[1000,1500,1000,1500],""alternatives"":[0,1,0,1],""attributes"":[""all"",""all"",""all"",""all""]}","[{""x"":872,""y"":289,""t"":0},{""x"":819,""y"":278,""t"":49},{""x"":775,""y"":318,""t"":79},{""x"":824,""y"":324,""t"":127},{""x"":859,""y"":369,""t"":137},{""x"":882,""y"":402,""t"":191},{""x"":818,""y"":421,""t"":206},{""x"":901,""y"":401,""t"":253},{""x"":931,""y"":390,""t"":273},{""x"":786,""y"":435,""t"":320},{""x"":663,""y"":459,""t"":341},{""x"":609,""y"":443,""t"":389},{""x"":448,""y"":469,""t"":408},{""x"":409,""y"":504,""t"":455},{""x"":368,""y"":522,""t"":477},{""x"":322,""y"":497,""t"":524},{""x"":300,""y"":519,""t"":546},{""x"":280,""y"":480,""t"":592},{""x"":214,""y"":458,""t"":613},{""x"":204,""y"":417,""t"":661},{""x"":201,""y"":382,""t"":681},{""x"":185,""y"":340,""t"":729},{""x"":217,""y"":315,""t"":749},{""x"":275,""y"":310,""t"":797},{""x"":298,""y"":300,""t"":818},{""x"":412,""y"":272,""t"":865},{""x"":479,""y"":263,""t"":885},{""x"":585,""y"":236,""t"":933},{""x"":672,""y"":215,""t"":954},{""x"":725,""y"":208,""t"":1006},{""x"":766,""y"":204,""t"":1020},{""x"":854,""y"":212,""t"":1070},{""x"":937,""y"":255,""t"":1089},{""x"":1014,""y"":289,""t"":1135},{""x"":1074,""y"":318,""t"":1156},{""x"":1147,""y"":326,""t"":1205},{""x"":1248,""y"":356,""t"":1225},{""x"":1382,""y"":384,""t"":1270},{""x"":1447,""y"":401,""t"":1294},{""x"":1549,""y"":451,""t"":1340},{""x"":1550,""y"":501,""t"":1362},{""x"":1630,""y"":538,""t"":1408},{""x"":1630,""y"":557,""t"":1429},{""x"":1653,""y"":562,""t"":1475},{""x"":1628,""y"":599,""t"":1498},{""x"":1623,""y"":612,""t"":1545},{""x"":1555,""y"":616,""t"":1565},{""x"":1622,""y"":592,""t"":1612},{""x"":1610,""y"":557,""t"":1632},{""x"":1557,""y"":472,""t"":1680},{""x"":1532,""y"":404,""t"":1701},{""x"":1488,""y"":364,""t"":1749},{""x"":1419,""y"":332,""t"":1770},{""x"":1320,""y"":333,""t"":1817},{""x"":1230,""y"":283,""t"":1836},{""x"":1165,""y"":250,""t"":1883},{""x"":1152,""y"":225,""t"":1906},{""x"":1197,""y"":253,""t"":1953},{""x"":1190,""y"":216,""t"":1973},{""x"":1207,""y"":218,""t"":2021},{""x"":1273,""y"":199,""t"":2041},{""x"":1259,""y"":210,""t"":2087},{""x"":1224,""y"":202,""t"":2110},{""x"":1137,""y"":208,""t"":2155},{""x"":1062,""y"":217,""t"":2177},{""x"":1008,""y"":227,""t"":2224},{""x"":893,""y"":237,""t"":2244},{""x"":805,""y"":245,""t"":2295},{""x"":708,""y"":226,""t"":2314},{""x"":679,""y"":236,""t"":2361},{""x"":660,""y"":245,""t"":2382},{""x"":581,""y"":236,""t"":2429},{""x"":560,""y"":251,""t"":2449},{""x"":555,""y"":282,""t"":2496},{""x"":526,""y"":298,""t"":2517},{""x"":463,""y"":310,""t"":2566},{""x"":403,""y"":325,""t"":2585},{""x"":461,""y"":309,""t"":2633},{""x"":515,""y"":294,""t"":2652},{""x"":478,""y"":277,""t"":2701},{""x"":449,""y"":287,""t"":2722},{""x"":495,""y"":312,""t"":2768},{""x"":485,""y"":323,""t"":2790},{""x"":508,""y"":309,""t"":2837},{""x"":504,""y"":293,""t"":2858},{""x"":485,""y"":300,""t"":2904},{""x"":506,""y"":312,""t"":2926},{""x"":539,""y"":335,""t"":2972},{""x"":518,""y"":333,""t"":2994},{""x"":495,""y"":354,""t"":3041},{""x"":518,""y"":359,""t"":3061},{""x"":554,""y"":373,""t"":3108},{""x"":537,""y"":368,""t"":3129},{""x"":605,""y"":373,""t"":3176},{""x"":613,""y"":378,""t"":3196},{""x"":560,""y"":379,""t"":3245},{""x"":475,""y"":407,""t"":3266},{""x"":433,""y"":418,""t"":3313},{""x"":347,""y"":412,""t"":3333},{""x"":447,""y"":428,""t"":3381},{""x"":582,""y"":460,""t"":3402},{""x"":749,""y"":470,""t"":3448},{""x"":997,""y"":497,""t"":3470},{""x"":1052,""y"":485,""t"":3515},{""x"":1142,""y"":483,""t"":3538},{""x"":1251,""y"":455,""t"":3585},{""x"":1301,""y"":495,""t"":3605},{""x"":1317,""y"":483,""t"":3651},{""x"":1392,""y"":491,""t"":3673},{""x"":1373,""y"":461,""t"":3719},{""x"":1367,""y"":424,""t"":3742},{""x"":1366,""y"":357,""t"":3787},{""x"":1315,""y"":333,""t"":3810},{""x"":1278,""y"":291,""t"":3856},{""x"":1295,""y"":310,""t"":3878},{""x"":1252,""y"":271,""t"":3925},{""x"":1193,""y"":246,""t"":3946},{""x"":1202,""y"":202,""t"":3991},{""x"":1163,""y"":166,""t"":4014},{""x"":1259,""y"":175,""t"":4059},{""x"":1268,""y"":186,""t"":4081},{""x"":1245,""y"":200,""t"":4129},{""x"":1353,""y"":184,""t"":4148},{""x"":1394,""y"":212,""t"":4195},{""x"":1360,""y"":233,""t"":4218},{""x"":1323,""y"":282,""t"":4266},{""x"":1290,""y"":325,""t"":4286},{""x"":1310,""y"":405,""t"":4334},{""x"":1308,""y"":467,""t"":4353},{""x"":1354,""y"":523,""t"":4398},{""x"":1387,""y"":569,""t"":4421},{""x"":1383,""y"":575,""t"":4467},{""x"":1437,""y"":623,""t"":4489},{""x"":1326,""y"":610,""t"":4537},{""x"":1214,""y"":598,""t"":4557},{""x"":1104,""y"":539,""t"":4603},{""x"":989,""y"":474,""t"":4626},{""x"":922,""y"":417,""t"":4673},{""x"":889,""y"":376,""t"":4693},{""x"":911,""y"":368,""t"":4742},{""x"":871,""y"":329,""t"":4762},{""x"":841,""y"":344,""t"":4812},{""x"":809,""y"":379,""t"":4829},{""x"":821,""y"":364,""t"":4875},{""x"":889,""y"":343,""t"":4896},{""x"":820,""y"":306,""t"":4943},{""x"":887,""y"":322,""t"":4966},{""x"":837,""y"":323,""t"":5015},{""x"":785,""y"":317,""t"":5034},{""x"":783,""y"":315,""t"":5084},{""x"":770,""y"":274,""t"":5102},{""x"":827,""y"":273,""t"":5151},{""x"":850,""y"":259,""t"":5170},{""x"":818,""y"":236,""t"":5216},{""x"":806,""y"":239,""t"":5237},{""x"":787,""y"":235,""t"":5286},{""x"":772,""y"":233,""t"":5305},{""x"":744,""y"":269,""t"":5354},{""x"":714,""y"":314,""t"":5373},{""x"":709,""y"":322,""t"":5420},{""x"":703,""y"":325,""t"":5442},{""x"":811,""y"":303,""t"":5491},{""x"":838,""y"":304,""t"":5509},{""x"":845,""y"":283,""t"":5558},{""x"":837,""y"":309,""t"":5578},{""x"":867,""y"":315,""t"":5629},{""x"":821,""y"":321,""t"":5646},{""x"":770,""y"":303,""t"":5697},{""x"":737,""y"":288,""t"":5714},{""x"":859,""y"":484,""t"":5763},{""x"":760,""y"":523,""t"":5781},{""x"":829,""y"":678,""t"":5832}]",0,0.8627289417510374,0.13727105824896255,eu_b-last_b-longer,0
142-alternatives,1,84,exp_38,1.0,321.10000002384186,0.79,0.7,2.0,3.2,higher_p,higher_m,0,1,alternatives,0.0,False,1.58,2.24,-0.6599999999999997,-0.4219978340514987,0.4,0.6,0.5,0.5,1.0,1.0,higher_m,higher_m,False,"{""durations"":[1000,1500,1000,1500],""alternatives"":[0,1,0,1],""attributes"":[""all"",""all"",""all"",""all""]}","[{""x"":810,""y"":340,""t"":0},{""x"":838,""y"":333,""t"":44},{""x"":896,""y"":340,""t"":68},{""x"":892,""y"":318,""t"":127},{""x"":888,""y"":304,""t"":142},{""x"":871,""y"":305,""t"":212},{""x"":886,""y"":297,""t"":255},{""x"":839,""y"":296,""t"":273},{""x"":1030,""y"":370,""t"":320},{""x"":1120,""y"":429,""t"":341},{""x"":1142,""y"":430,""t"":388},{""x"":1064,""y"":447,""t"":408},{""x"":1102,""y"":446,""t"":455},{""x"":1193,""y"":437,""t"":478},{""x"":1170,""y"":481,""t"":526},{""x"":1232,""y"":541,""t"":544},{""x"":1257,""y"":576,""t"":592},{""x"":1252,""y"":535,""t"":613},{""x"":1155,""y"":561,""t"":662},{""x"":1238,""y"":573,""t"":681},{""x"":1373,""y"":571,""t"":730},{""x"":1379,""y"":518,""t"":748},{""x"":1484,""y"":493,""t"":794},{""x"":1476,""y"":462,""t"":817},{""x"":1416,""y"":442,""t"":863},{""x"":1486,""y"":477,""t"":886},{""x"":1477,""y"":505,""t"":934},{""x"":1460,""y"":531,""t"":953},{""x"":1338,""y"":534,""t"":1000},{""x"":1368,""y"":538,""t"":1020},{""x"":1343,""y"":527,""t"":1068},{""x"":1363,""y"":518,""t"":1090},{""x"":1299,""y"":507,""t"":1137},{""x"":1223,""y"":551,""t"":1157},{""x"":1220,""y"":569,""t"":1204},{""x"":1201,""y"":543,""t"":1225},{""x"":996,""y"":557,""t"":1272},{""x"":819,""y"":573,""t"":1293},{""x"":664,""y"":542,""t"":1341},{""x"":582,""y"":531,""t"":1361},{""x"":449,""y"":573,""t"":1407},{""x"":429,""y"":522,""t"":1430},{""x"":295,""y"":536,""t"":1478},{""x"":310,""y"":534,""t"":1498},{""x"":214,""y"":562,""t"":1545},{""x"":152,""y"":579,""t"":1566},{""x"":217,""y"":514,""t"":1612},{""x"":294,""y"":470,""t"":1632},{""x"":284,""y"":423,""t"":1682},{""x"":317,""y"":366,""t"":1700},{""x"":349,""y"":350,""t"":1747},{""x"":406,""y"":328,""t"":1769},{""x"":383,""y"":310,""t"":1816},{""x"":385,""y"":291,""t"":1836},{""x"":547,""y"":224,""t"":1884},{""x"":685,""y"":169,""t"":1904},{""x"":891,""y"":193,""t"":1953},{""x"":1043,""y"":196,""t"":1973},{""x"":1224,""y"":195,""t"":2020},{""x"":1315,""y"":214,""t"":2041},{""x"":1376,""y"":209,""t"":2089},{""x"":1497,""y"":251,""t"":2109},{""x"":1472,""y"":240,""t"":2159},{""x"":1603,""y"":265,""t"":2176},{""x"":1573,""y"":240,""t"":2226},{""x"":1608,""y"":252,""t"":2245},{""x"":1662,""y"":238,""t"":2293},{""x"":1719,""y"":218,""t"":2313},{""x"":1654,""y"":222,""t"":2359},{""x"":1662,""y"":266,""t"":2381},{""x"":1727,""y"":304,""t"":2429},{""x"":1739,""y"":331,""t"":2448},{""x"":1702,""y"":298,""t"":2496},{""x"":1656,""y"":279,""t"":2518},{""x"":1609,""y"":293,""t"":2565},{""x"":1648,""y"":340,""t"":2584},{""x"":1501,""y"":325,""t"":2633},{""x"":1497,""y"":334,""t"":2652},{""x"":1462,""y"":296,""t"":2700},{""x"":1302,""y"":291,""t"":2721},{""x"":1275,""y"":286,""t"":2771},{""x"":1257,""y"":285,""t"":2790},{""x"":1238,""y"":267,""t"":2836},{""x"":1308,""y"":315,""t"":2856},{""x"":1219,""y"":326,""t"":2905},{""x"":1278,""y"":356,""t"":2926},{""x"":1208,""y"":359,""t"":2973},{""x"":1201,""y"":380,""t"":2993},{""x"":1206,""y"":435,""t"":3040},{""x"":1271,""y"":500,""t"":3062},{""x"":1237,""y"":504,""t"":3110},{""x"":1287,""y"":528,""t"":3129},{""x"":1348,""y"":560,""t"":3176},{""x"":1314,""y"":568,""t"":3196},{""x"":1363,""y"":579,""t"":3248},{""x"":1351,""y"":587,""t"":3265},{""x"":1430,""y"":547,""t"":3312},{""x"":1434,""y"":523,""t"":3334},{""x"":1402,""y"":503,""t"":3380},{""x"":1399,""y"":439,""t"":3402},{""x"":1329,""y"":411,""t"":3452},{""x"":1393,""y"":342,""t"":3469},{""x"":1467,""y"":349,""t"":3515},{""x"":1498,""y"":337,""t"":3538},{""x"":1493,""y"":345,""t"":3584},{""x"":1482,""y"":311,""t"":3606},{""x"":1181,""y"":302,""t"":3659},{""x"":1006,""y"":304,""t"":3674},{""x"":839,""y"":322,""t"":3724},{""x"":713,""y"":320,""t"":3741},{""x"":622,""y"":305,""t"":3789},{""x"":600,""y"":288,""t"":3809},{""x"":510,""y"":285,""t"":3857},{""x"":503,""y"":274,""t"":3877},{""x"":403,""y"":282,""t"":3924},{""x"":316,""y"":292,""t"":3946},{""x"":253,""y"":297,""t"":3994},{""x"":263,""y"":306,""t"":4014},{""x"":252,""y"":301,""t"":4061},{""x"":303,""y"":298,""t"":4082},{""x"":303,""y"":320,""t"":4127},{""x"":308,""y"":345,""t"":4149},{""x"":334,""y"":366,""t"":4196},{""x"":338,""y"":375,""t"":4216},{""x"":339,""y"":429,""t"":4262},{""x"":342,""y"":474,""t"":4286},{""x"":402,""y"":483,""t"":4333},{""x"":341,""y"":509,""t"":4353},{""x"":399,""y"":503,""t"":4399},{""x"":470,""y"":493,""t"":4422},{""x"":476,""y"":483,""t"":4469},{""x"":412,""y"":473,""t"":4488},{""x"":391,""y"":480,""t"":4536},{""x"":440,""y"":443,""t"":4557},{""x"":482,""y"":427,""t"":4608},{""x"":427,""y"":446,""t"":4625},{""x"":564,""y"":398,""t"":4672},{""x"":682,""y"":361,""t"":4711},{""x"":813,""y"":322,""t"":4728},{""x"":816,""y"":305,""t"":4776},{""x"":813,""y"":293,""t"":4795},{""x"":804,""y"":282,""t"":4841},{""x"":811,""y"":281,""t"":4864},{""x"":796,""y"":271,""t"":4913},{""x"":816,""y"":253,""t"":4931},{""x"":850,""y"":235,""t"":4982},{""x"":810,""y"":226,""t"":4999},{""x"":824,""y"":277,""t"":5047},{""x"":897,""y"":265,""t"":5067},{""x"":842,""y"":286,""t"":5114},{""x"":746,""y"":295,""t"":5136},{""x"":698,""y"":308,""t"":5185},{""x"":658,""y"":319,""t"":5202},{""x"":572,""y"":350,""t"":5251},{""x"":517,""y"":382,""t"":5270},{""x"":526,""y"":380,""t"":5318},{""x"":573,""y"":370,""t"":5339},{""x"":642,""y"":356,""t"":5389},{""x"":747,""y"":398,""t"":5408},{""x"":774,""y"":420,""t"":5457},{""x"":764,""y"":383,""t"":5475},{""x"":805,""y"":350,""t"":5524},{""x"":814,""y"":340,""t"":5543},{""x"":845,""y"":337,""t"":5591},{""x"":862,""y"":334,""t"":5612},{""x"":882,""y"":348,""t"":5661},{""x"":887,""y"":375,""t"":5679},{""x"":903,""y"":355,""t"":5725},{""x"":876,""y"":357,""t"":5747},{""x"":887,""y"":317,""t"":5794},{""x"":841,""y"":338,""t"":5814}]",1,0.13643490027830416,0.8635650997216959,eu_b-last_b-longer,0
142-alternatives,1,87,exp_48,1.0,493.5,0.49,0.32,6.9,8.2,higher_p,higher_m,0,1,alternatives,0.0,False,3.381,2.624,0.7570000000000006,1.0364678509508771,0.6,0.4,0.5,0.5,0.0,1.0,higher_p,higher_m,False,"{""durations"":[1500,1000,1500,1000],""alternatives"":[0,1,0,1],""attributes"":[""all"",""all"",""all"",""all""]}","[{""x"":1038,""y"":248,""t"":-13},{""x"":1004,""y"":272,""t"":0},{""x"":960,""y"":286,""t"":58},{""x"":951,""y"":283,""t"":73},{""x"":971,""y"":297,""t"":133},{""x"":998,""y"":310,""t"":142},{""x"":1055,""y"":345,""t"":196},{""x"":1042,""y"":344,""t"":206},{""x"":997,""y"":324,""t"":259},{""x"":957,""y"":305,""t"":272},{""x"":1095,""y"":338,""t"":320},{""x"":1118,""y"":337,""t"":342},{""x"":1191,""y"":346,""t"":389},{""x"":1285,""y"":380,""t"":410},{""x"":1379,""y"":395,""t"":459},{""x"":1437,""y"":406,""t"":478},{""x"":1469,""y"":448,""t"":525},{""x"":1398,""y"":469,""t"":546},{""x"":1395,""y"":509,""t"":594},{""x"":1405,""y"":536,""t"":612},{""x"":1366,""y"":500,""t"":660},{""x"":1378,""y"":490,""t"":681},{""x"":1287,""y"":436,""t"":728},{""x"":1207,""y"":388,""t"":750},{""x"":1264,""y"":386,""t"":797},{""x"":1299,""y"":371,""t"":818},{""x"":1382,""y"":331,""t"":866},{""x"":1418,""y"":309,""t"":885},{""x"":1400,""y"":267,""t"":932},{""x"":1383,""y"":234,""t"":954},{""x"":1345,""y"":194,""t"":1001},{""x"":1352,""y"":162,""t"":1021},{""x"":1338,""y"":226,""t"":1069},{""x"":1403,""y"":186,""t"":1090},{""x"":1321,""y"":271,""t"":1136},{""x"":1290,""y"":229,""t"":1156},{""x"":1291,""y"":217,""t"":1204},{""x"":1321,""y"":206,""t"":1225},{""x"":1367,""y"":201,""t"":1272},{""x"":1461,""y"":180,""t"":1294},{""x"":1518,""y"":201,""t"":1342},{""x"":1549,""y"":205,""t"":1361},{""x"":1535,""y"":181,""t"":1408},{""x"":1566,""y"":174,""t"":1429},{""x"":1547,""y"":171,""t"":1480},{""x"":1548,""y"":188,""t"":1498},{""x"":1535,""y"":185,""t"":1548},{""x"":1537,""y"":155,""t"":1566},{""x"":1513,""y"":246,""t"":1613},{""x"":1515,""y"":327,""t"":1634},{""x"":1394,""y"":411,""t"":1681},{""x"":1323,""y"":417,""t"":1701},{""x"":1323,""y"":486,""t"":1750},{""x"":1345,""y"":504,""t"":1768},{""x"":1159,""y"":561,""t"":1815},{""x"":1002,""y"":570,""t"":1837},{""x"":861,""y"":601,""t"":1885},{""x"":785,""y"":596,""t"":1906},{""x"":682,""y"":631,""t"":1951},{""x"":587,""y"":575,""t"":1973},{""x"":475,""y"":552,""t"":2019},{""x"":413,""y"":536,""t"":2041},{""x"":372,""y"":505,""t"":2097},{""x"":362,""y"":464,""t"":2108},{""x"":334,""y"":399,""t"":2155},{""x"":317,""y"":345,""t"":2177},{""x"":323,""y"":301,""t"":2223},{""x"":331,""y"":294,""t"":2246},{""x"":304,""y"":274,""t"":2294},{""x"":318,""y"":262,""t"":2313},{""x"":338,""y"":253,""t"":2358},{""x"":359,""y"":247,""t"":2382},{""x"":406,""y"":240,""t"":2427},{""x"":434,""y"":252,""t"":2449},{""x"":446,""y"":232,""t"":2495},{""x"":442,""y"":212,""t"":2517},{""x"":405,""y"":213,""t"":2565},{""x"":396,""y"":228,""t"":2586},{""x"":357,""y"":229,""t"":2633},{""x"":419,""y"":208,""t"":2653},{""x"":384,""y"":237,""t"":2700},{""x"":333,""y"":280,""t"":2722},{""x"":524,""y"":312,""t"":2768},{""x"":701,""y"":379,""t"":2788},{""x"":888,""y"":419,""t"":2838},{""x"":1052,""y"":476,""t"":2856},{""x"":1061,""y"":466,""t"":2904},{""x"":1068,""y"":466,""t"":2925},{""x"":1219,""y"":456,""t"":2973},{""x"":1349,""y"":486,""t"":2994},{""x"":1446,""y"":496,""t"":3040},{""x"":1477,""y"":520,""t"":3061},{""x"":1477,""y"":469,""t"":3109},{""x"":1548,""y"":491,""t"":3130},{""x"":1603,""y"":392,""t"":3177},{""x"":1564,""y"":373,""t"":3198},{""x"":1616,""y"":341,""t"":3247},{""x"":1635,""y"":343,""t"":3265},{""x"":1660,""y"":306,""t"":3314},{""x"":1617,""y"":256,""t"":3332},{""x"":1572,""y"":250,""t"":3380},{""x"":1568,""y"":273,""t"":3418},{""x"":1653,""y"":281,""t"":3435},{""x"":1640,""y"":317,""t"":3482},{""x"":1553,""y"":275,""t"":3504},{""x"":1511,""y"":300,""t"":3550},{""x"":1423,""y"":307,""t"":3572},{""x"":1255,""y"":303,""t"":3621},{""x"":1136,""y"":335,""t"":3640},{""x"":926,""y"":352,""t"":3686},{""x"":696,""y"":372,""t"":3707},{""x"":570,""y"":391,""t"":3756},{""x"":475,""y"":461,""t"":3775},{""x"":416,""y"":486,""t"":3822},{""x"":264,""y"":512,""t"":3844},{""x"":301,""y"":498,""t"":3889},{""x"":218,""y"":517,""t"":3911},{""x"":246,""y"":485,""t"":3960},{""x"":240,""y"":511,""t"":3980},{""x"":360,""y"":522,""t"":4028},{""x"":299,""y"":557,""t"":4048},{""x"":391,""y"":526,""t"":4099},{""x"":432,""y"":497,""t"":4115},{""x"":486,""y"":495,""t"":4162},{""x"":410,""y"":546,""t"":4183},{""x"":432,""y"":527,""t"":4234},{""x"":411,""y"":503,""t"":4252},{""x"":467,""y"":478,""t"":4300},{""x"":525,""y"":456,""t"":4320},{""x"":555,""y"":441,""t"":4369},{""x"":546,""y"":434,""t"":4388},{""x"":566,""y"":404,""t"":4433},{""x"":536,""y"":409,""t"":4455},{""x"":564,""y"":364,""t"":4503},{""x"":578,""y"":339,""t"":4522},{""x"":523,""y"":330,""t"":4569},{""x"":502,""y"":320,""t"":4592},{""x"":525,""y"":297,""t"":4641},{""x"":525,""y"":277,""t"":4659},{""x"":480,""y"":273,""t"":4706},{""x"":422,""y"":279,""t"":4728},{""x"":382,""y"":282,""t"":4774},{""x"":350,""y"":285,""t"":4795},{""x"":368,""y"":286,""t"":4843},{""x"":386,""y"":288,""t"":4862},{""x"":466,""y"":285,""t"":4908},{""x"":466,""y"":294,""t"":4931},{""x"":640,""y"":244,""t"":4977},{""x"":682,""y"":251,""t"":4999},{""x"":980,""y"":210,""t"":5049},{""x"":1185,""y"":194,""t"":5068},{""x"":1272,""y"":160,""t"":5114},{""x"":1341,""y"":133,""t"":5136},{""x"":1446,""y"":121,""t"":5183},{""x"":1494,""y"":128,""t"":5203},{""x"":1526,""y"":152,""t"":5251},{""x"":1530,""y"":150,""t"":5270},{""x"":1545,""y"":181,""t"":5317},{""x"":1502,""y"":191,""t"":5339},{""x"":1431,""y"":203,""t"":5385},{""x"":1403,""y"":217,""t"":5408},{""x"":1297,""y"":221,""t"":5456},{""x"":1154,""y"":225,""t"":5475},{""x"":1171,""y"":259,""t"":5526},{""x"":1052,""y"":268,""t"":5543},{""x"":996,""y"":258,""t"":5598},{""x"":952,""y"":249,""t"":5611},{""x"":976,""y"":287,""t"":5660},{""x"":922,""y"":319,""t"":5680},{""x"":893,""y"":319,""t"":5728},{""x"":872,""y"":317,""t"":5748},{""x"":851,""y"":308,""t"":5801},{""x"":863,""y"":314,""t"":5816},{""x"":768,""y"":301,""t"":5863},{""x"":750,""y"":298,""t"":5883},{""x"":765,""y"":302,""t"":5933},{""x"":775,""y"":327,""t"":5952},{""x"":798,""y"":305,""t"":6004},{""x"":833,""y"":281,""t"":6020}]",0,0.9072935516199134,0.0927064483800865,eu_b-last_b-longer,0
142-alternatives,1,88,exp_44,1.0,285.19999998807907,0.81,0.48,1.6999999999999995,7.9,higher_p,higher_m,0,1,alternatives,0.0,False,1.3769999999999998,3.792,-2.415,-2.2283544163938904,0.4,0.6,0.5,0.5,1.0,0.0,higher_m,higher_p,False,"{""durations"":[1500,1000,1500,1000],""alternatives"":[1,0,1,0],""attributes"":[""all"",""all"",""all"",""all""]}","[{""x"":1052,""y"":280,""t"":0},{""x"":1098,""y"":264,""t"":56},{""x"":1075,""y"":256,""t"":69},{""x"":1096,""y"":271,""t"":116},{""x"":1136,""y"":256,""t"":137},{""x"":1145,""y"":243,""t"":185},{""x"":1111,""y"":236,""t"":204},{""x"":1124,""y"":245,""t"":252},{""x"":1098,""y"":262,""t"":273},{""x"":1179,""y"":331,""t"":319},{""x"":1282,""y"":378,""t"":340},{""x"":1391,""y"":453,""t"":392},{""x"":1468,""y"":507,""t"":409},{""x"":1412,""y"":474,""t"":457},{""x"":1416,""y"":510,""t"":477},{""x"":1414,""y"":521,""t"":524},{""x"":1454,""y"":533,""t"":546},{""x"":1523,""y"":550,""t"":594},{""x"":1482,""y"":537,""t"":613},{""x"":1467,""y"":470,""t"":661},{""x"":1390,""y"":431,""t"":681},{""x"":1509,""y"":395,""t"":731},{""x"":1533,""y"":316,""t"":750},{""x"":1505,""y"":268,""t"":796},{""x"":1490,""y"":246,""t"":816},{""x"":1468,""y"":197,""t"":862},{""x"":1532,""y"":208,""t"":886},{""x"":1576,""y"":253,""t"":937},{""x"":1596,""y"":295,""t"":954},{""x"":1638,""y"":361,""t"":1000},{""x"":1711,""y"":408,""t"":1022},{""x"":1689,""y"":465,""t"":1070},{""x"":1659,""y"":498,""t"":1088},{""x"":1680,""y"":520,""t"":1137},{""x"":1675,""y"":548,""t"":1157},{""x"":1670,""y"":558,""t"":1205},{""x"":1682,""y"":565,""t"":1225},{""x"":1641,""y"":585,""t"":1273},{""x"":1641,""y"":602,""t"":1293},{""x"":1604,""y"":603,""t"":1340},{""x"":1536,""y"":618,""t"":1362},{""x"":1479,""y"":630,""t"":1410},{""x"":1406,""y"":650,""t"":1430},{""x"":1349,""y"":632,""t"":1477},{""x"":1199,""y"":550,""t"":1497},{""x"":1213,""y"":497,""t"":1551},{""x"":1232,""y"":410,""t"":1565},{""x"":1180,""y"":436,""t"":1615},{""x"":1209,""y"":349,""t"":1634},{""x"":1262,""y"":324,""t"":1682},{""x"":1323,""y"":264,""t"":1700},{""x"":1294,""y"":207,""t"":1749},{""x"":1199,""y"":186,""t"":1769},{""x"":1018,""y"":173,""t"":1816},{""x"":866,""y"":165,""t"":1837},{""x"":751,""y"":185,""t"":1883},{""x"":660,""y"":205,""t"":1905},{""x"":619,""y"":226,""t"":1951},{""x"":590,""y"":241,""t"":1973},{""x"":488,""y"":251,""t"":2020},{""x"":420,""y"":243,""t"":2041},{""x"":486,""y"":272,""t"":2088},{""x"":523,""y"":286,""t"":2109},{""x"":439,""y"":312,""t"":2157},{""x"":372,""y"":334,""t"":2178},{""x"":391,""y"":365,""t"":2226},{""x"":336,""y"":374,""t"":2245},{""x"":379,""y"":383,""t"":2292},{""x"":341,""y"":402,""t"":2314},{""x"":370,""y"":416,""t"":2360},{""x"":288,""y"":455,""t"":2381},{""x"":398,""y"":468,""t"":2428},{""x"":405,""y"":469,""t"":2449},{""x"":450,""y"":466,""t"":2495},{""x"":423,""y"":480,""t"":2518},{""x"":408,""y"":438,""t"":2565},{""x"":444,""y"":398,""t"":2584},{""x"":464,""y"":374,""t"":2631},{""x"":475,""y"":345,""t"":2653},{""x"":481,""y"":335,""t"":2701},{""x"":515,""y"":324,""t"":2721},{""x"":838,""y"":339,""t"":2767},{""x"":1067,""y"":364,""t"":2790},{""x"":1164,""y"":318,""t"":2839},{""x"":1307,""y"":312,""t"":2857},{""x"":1420,""y"":315,""t"":2903},{""x"":1462,""y"":308,""t"":2925},{""x"":1557,""y"":287,""t"":2971},{""x"":1511,""y"":291,""t"":2992},{""x"":1549,""y"":257,""t"":3040},{""x"":1497,""y"":232,""t"":3061},{""x"":1500,""y"":213,""t"":3109},{""x"":1651,""y"":270,""t"":3130},{""x"":1634,""y"":235,""t"":3178},{""x"":1603,""y"":213,""t"":3196},{""x"":1506,""y"":214,""t"":3244},{""x"":1427,""y"":203,""t"":3265},{""x"":1419,""y"":175,""t"":3315},{""x"":1396,""y"":173,""t"":3333},{""x"":1413,""y"":235,""t"":3380},{""x"":1388,""y"":283,""t"":3402},{""x"":1423,""y"":301,""t"":3450},{""x"":1507,""y"":324,""t"":3470},{""x"":1432,""y"":299,""t"":3515},{""x"":1414,""y"":288,""t"":3538},{""x"":1397,""y"":269,""t"":3586},{""x"":1385,""y"":283,""t"":3604},{""x"":1376,""y"":269,""t"":3654},{""x"":1342,""y"":263,""t"":3672},{""x"":1303,""y"":256,""t"":3720},{""x"":1321,""y"":257,""t"":3740},{""x"":1390,""y"":229,""t"":3787},{""x"":1332,""y"":205,""t"":3810},{""x"":1292,""y"":194,""t"":3858},{""x"":1309,""y"":207,""t"":3878},{""x"":1332,""y"":204,""t"":3930},{""x"":1350,""y"":192,""t"":3945},{""x"":1431,""y"":235,""t"":3992},{""x"":1491,""y"":271,""t"":4013},{""x"":1476,""y"":287,""t"":4064},{""x"":1427,""y"":293,""t"":4081},{""x"":1351,""y"":344,""t"":4129},{""x"":1382,""y"":304,""t"":4149},{""x"":1380,""y"":306,""t"":4196},{""x"":1479,""y"":265,""t"":4218},{""x"":1220,""y"":254,""t"":4266},{""x"":1055,""y"":257,""t"":4286},{""x"":955,""y"":267,""t"":4334},{""x"":934,""y"":282,""t"":4353},{""x"":810,""y"":282,""t"":4402},{""x"":714,""y"":275,""t"":4421},{""x"":598,""y"":298,""t"":4470},{""x"":446,""y"":303,""t"":4489},{""x"":423,""y"":299,""t"":4538},{""x"":446,""y"":318,""t"":4557},{""x"":405,""y"":310,""t"":4608},{""x"":384,""y"":295,""t"":4625},{""x"":497,""y"":280,""t"":4673},{""x"":613,""y"":260,""t"":4694},{""x"":727,""y"":226,""t"":4742},{""x"":821,""y"":214,""t"":4762},{""x"":894,""y"":215,""t"":4813},{""x"":1023,""y"":218,""t"":4830},{""x"":1123,""y"":198,""t"":4875},{""x"":1172,""y"":207,""t"":4897},{""x"":1123,""y"":201,""t"":4946},{""x"":1197,""y"":250,""t"":4965},{""x"":1221,""y"":239,""t"":5013},{""x"":1173,""y"":219,""t"":5033},{""x"":1173,""y"":202,""t"":5081},{""x"":1192,""y"":259,""t"":5101},{""x"":1205,""y"":246,""t"":5149},{""x"":1223,""y"":284,""t"":5168},{""x"":1272,""y"":308,""t"":5216},{""x"":1262,""y"":339,""t"":5238},{""x"":1247,""y"":326,""t"":5286},{""x"":1218,""y"":367,""t"":5306},{""x"":1109,""y"":365,""t"":5355},{""x"":1071,""y"":384,""t"":5373},{""x"":963,""y"":360,""t"":5423},{""x"":934,""y"":351,""t"":5441},{""x"":958,""y"":392,""t"":5491},{""x"":961,""y"":350,""t"":5509},{""x"":1030,""y"":384,""t"":5560},{""x"":1087,""y"":364,""t"":5578},{""x"":1055,""y"":344,""t"":5628},{""x"":1019,""y"":366,""t"":5646},{""x"":1014,""y"":345,""t"":5695},{""x"":1003,""y"":357,""t"":5713},{""x"":1119,""y"":349,""t"":5763},{""x"":1084,""y"":342,""t"":5782},{""x"":1096,""y"":344,""t"":5830},{""x"":1071,""y"":311,""t"":5850}]",1,0.006653448007347362,0.9933465519926528,eu_b-last_b-longer,0
142-alternatives,1,89,catch_18,1.0,289.0999999642372,0.19,0.37,3.1,3.8,dominated,dominant,1,1,alternatives,0.0,False,0.5890000000000001,1.406,-0.8169999999999998,-0.5835921266029265,0.5,0.5,0.5,0.5,,1.0,,dominant,True,"{""durations"":[1250,1250,1250,1250],""attributes"":[""all"",""all"",""all"",""all""],""alternatives"":[0,1,0,1]}","[{""x"":856,""y"":495,""t"":0},{""x"":796,""y"":502,""t"":45},{""x"":756,""y"":488,""t"":99},{""x"":726,""y"":475,""t"":110},{""x"":771,""y"":491,""t"":162},{""x"":782,""y"":505,""t"":173},{""x"":733,""y"":553,""t"":226},{""x"":731,""y"":522,""t"":239},{""x"":853,""y"":521,""t"":288},{""x"":966,""y"":513,""t"":307},{""x"":1036,""y"":551,""t"":357},{""x"":1123,""y"":575,""t"":376},{""x"":1264,""y"":591,""t"":423},{""x"":1379,""y"":603,""t"":443},{""x"":1445,""y"":632,""t"":491},{""x"":1495,""y"":656,""t"":510},{""x"":1546,""y"":691,""t"":559},{""x"":1596,""y"":720,""t"":579},{""x"":1546,""y"":714,""t"":627},{""x"":1574,""y"":704,""t"":648},{""x"":1578,""y"":682,""t"":695},{""x"":1586,""y"":655,""t"":716},{""x"":1646,""y"":632,""t"":765},{""x"":1651,""y"":578,""t"":783},{""x"":1645,""y"":559,""t"":831},{""x"":1645,""y"":513,""t"":851},{""x"":1646,""y"":491,""t"":899},{""x"":1623,""y"":485,""t"":920},{""x"":1623,""y"":515,""t"":970},{""x"":1592,""y"":480,""t"":987},{""x"":1513,""y"":460,""t"":1035},{""x"":1448,""y"":433,""t"":1056},{""x"":1240,""y"":466,""t"":1103},{""x"":1123,""y"":451,""t"":1124},{""x"":1058,""y"":508,""t"":1176},{""x"":931,""y"":502,""t"":1191},{""x"":839,""y"":501,""t"":1240},{""x"":766,""y"":498,""t"":1259},{""x"":618,""y"":517,""t"":1306},{""x"":505,""y"":537,""t"":1328},{""x"":396,""y"":556,""t"":1375},{""x"":381,""y"":559,""t"":1396},{""x"":370,""y"":544,""t"":1444},{""x"":373,""y"":529,""t"":1463},{""x"":257,""y"":535,""t"":1509},{""x"":166,""y"":541,""t"":1531},{""x"":180,""y"":506,""t"":1578},{""x"":149,""y"":488,""t"":1599},{""x"":176,""y"":465,""t"":1645},{""x"":217,""y"":464,""t"":1668},{""x"":268,""y"":452,""t"":1715},{""x"":292,""y"":452,""t"":1734},{""x"":289,""y"":414,""t"":1784},{""x"":268,""y"":358,""t"":1803},{""x"":308,""y"":355,""t"":1850},{""x"":343,""y"":354,""t"":1872},{""x"":288,""y"":326,""t"":1919},{""x"":312,""y"":322,""t"":1939},{""x"":346,""y"":322,""t"":1987},{""x"":372,""y"":333,""t"":2007},{""x"":417,""y"":331,""t"":2054},{""x"":455,""y"":331,""t"":2076},{""x"":604,""y"":312,""t"":2123},{""x"":743,""y"":340,""t"":2142},{""x"":844,""y"":283,""t"":2189},{""x"":916,""y"":269,""t"":2212},{""x"":1135,""y"":274,""t"":2261},{""x"":1280,""y"":278,""t"":2280},{""x"":1506,""y"":293,""t"":2326},{""x"":1688,""y"":307,""t"":2347},{""x"":1640,""y"":283,""t"":2394},{""x"":1608,""y"":287,""t"":2415},{""x"":1634,""y"":330,""t"":2463},{""x"":1652,""y"":312,""t"":2483},{""x"":1701,""y"":326,""t"":2534},{""x"":1816,""y"":354,""t"":2550},{""x"":1795,""y"":362,""t"":2599},{""x"":1836,""y"":305,""t"":2619},{""x"":1818,""y"":320,""t"":2667},{""x"":1811,""y"":342,""t"":2688},{""x"":1756,""y"":338,""t"":2737},{""x"":1791,""y"":373,""t"":2755},{""x"":1729,""y"":371,""t"":2803},{""x"":1731,""y"":367,""t"":2824},{""x"":1697,""y"":328,""t"":2872},{""x"":1714,""y"":337,""t"":2892},{""x"":1654,""y"":351,""t"":2942},{""x"":1553,""y"":384,""t"":2959},{""x"":1569,""y"":424,""t"":3009},{""x"":1554,""y"":468,""t"":3027},{""x"":1508,""y"":521,""t"":3074},{""x"":1436,""y"":565,""t"":3096},{""x"":1365,""y"":603,""t"":3144},{""x"":1342,""y"":625,""t"":3163},{""x"":1350,""y"":666,""t"":3213},{""x"":1360,""y"":667,""t"":3232},{""x"":1305,""y"":670,""t"":3281},{""x"":1325,""y"":639,""t"":3300},{""x"":1331,""y"":670,""t"":3348},{""x"":1234,""y"":588,""t"":3367},{""x"":1201,""y"":633,""t"":3414},{""x"":1250,""y"":518,""t"":3436},{""x"":1394,""y"":481,""t"":3484},{""x"":1519,""y"":450,""t"":3504},{""x"":1573,""y"":436,""t"":3550},{""x"":1618,""y"":419,""t"":3572},{""x"":1633,""y"":408,""t"":3620},{""x"":1618,""y"":343,""t"":3639},{""x"":1349,""y"":312,""t"":3687},{""x"":1135,""y"":293,""t"":3707},{""x"":1016,""y"":299,""t"":3755},{""x"":941,""y"":315,""t"":3774},{""x"":848,""y"":280,""t"":3822},{""x"":810,""y"":282,""t"":3844},{""x"":691,""y"":299,""t"":3892},{""x"":597,""y"":315,""t"":3911},{""x"":533,""y"":316,""t"":3956},{""x"":486,""y"":318,""t"":3980},{""x"":436,""y"":319,""t"":4029},{""x"":401,""y"":320,""t"":4048},{""x"":386,""y"":331,""t"":4097},{""x"":375,""y"":339,""t"":4115},{""x"":413,""y"":352,""t"":4162},{""x"":450,""y"":363,""t"":4183},{""x"":489,""y"":357,""t"":4229},{""x"":525,""y"":351,""t"":4250},{""x"":486,""y"":354,""t"":4301},{""x"":438,""y"":375,""t"":4320},{""x"":394,""y"":384,""t"":4369},{""x"":330,""y"":385,""t"":4388},{""x"":297,""y"":425,""t"":4438},{""x"":314,""y"":423,""t"":4456},{""x"":377,""y"":417,""t"":4505},{""x"":380,""y"":415,""t"":4524},{""x"":356,""y"":452,""t"":4572},{""x"":379,""y"":477,""t"":4591},{""x"":545,""y"":571,""t"":4638},{""x"":730,""y"":640,""t"":4659},{""x"":880,""y"":634,""t"":4710},{""x"":1022,""y"":606,""t"":4727},{""x"":1032,""y"":608,""t"":4776},{""x"":1129,""y"":541,""t"":4795},{""x"":1258,""y"":516,""t"":4847},{""x"":1360,""y"":494,""t"":4864},{""x"":1359,""y"":489,""t"":4914},{""x"":1394,""y"":454,""t"":4932},{""x"":1426,""y"":413,""t"":4982},{""x"":1447,""y"":380,""t"":5000},{""x"":1351,""y"":332,""t"":5050},{""x"":1284,""y"":294,""t"":5067},{""x"":1328,""y"":286,""t"":5119},{""x"":1364,""y"":282,""t"":5136},{""x"":1437,""y"":273,""t"":5185},{""x"":1496,""y"":267,""t"":5204},{""x"":1434,""y"":251,""t"":5255},{""x"":1379,""y"":223,""t"":5271},{""x"":1338,""y"":239,""t"":5324},{""x"":1214,""y"":255,""t"":5339},{""x"":1125,""y"":297,""t"":5391},{""x"":1051,""y"":335,""t"":5408},{""x"":942,""y"":358,""t"":5459},{""x"":849,""y"":408,""t"":5475},{""x"":850,""y"":436,""t"":5526},{""x"":852,""y"":445,""t"":5544},{""x"":802,""y"":468,""t"":5594},{""x"":877,""y"":466,""t"":5611},{""x"":880,""y"":500,""t"":5662},{""x"":890,""y"":451,""t"":5679},{""x"":933,""y"":461,""t"":5729},{""x"":1001,""y"":435,""t"":5748},{""x"":959,""y"":447,""t"":5798},{""x"":982,""y"":393,""t"":5816}]",1,0.037964128547552475,0.9620358714524475,eu_b-last_b-longer,0
142-alternatives,1,90,exp_100,0.0,331.7000000476837,0.58,0.38,4.9,6.9,higher_p,higher_m,0,1,alternatives,0.0,False,2.842,2.6220000000000003,0.2199999999999997,0.4837536146444008,0.4,0.6,0.5,0.5,1.0,0.0,higher_m,higher_p,True,"{""durations"":[1500,1000,1500,1000],""alternatives"":[1,0,1,0],""attributes"":[""all"",""all"",""all"",""all""]}","[{""x"":988,""y"":458,""t"":0},{""x"":930,""y"":485,""t"":46},{""x"":882,""y"":506,""t"":77},{""x"":825,""y"":497,""t"":124},{""x"":801,""y"":477,""t"":136},{""x"":696,""y"":532,""t"":184},{""x"":736,""y"":512,""t"":205},{""x"":762,""y"":533,""t"":252},{""x"":760,""y"":549,""t"":272},{""x"":729,""y"":548,""t"":318},{""x"":659,""y"":528,""t"":359},{""x"":601,""y"":511,""t"":374},{""x"":549,""y"":534,""t"":422},{""x"":469,""y"":543,""t"":443},{""x"":369,""y"":531,""t"":492},{""x"":320,""y"":538,""t"":510},{""x"":360,""y"":525,""t"":558},{""x"":375,""y"":557,""t"":580},{""x"":335,""y"":548,""t"":626},{""x"":373,""y"":560,""t"":648},{""x"":474,""y"":516,""t"":694},{""x"":391,""y"":497,""t"":715},{""x"":403,""y"":464,""t"":762},{""x"":401,""y"":450,""t"":784},{""x"":458,""y"":414,""t"":832},{""x"":467,""y"":386,""t"":851},{""x"":402,""y"":391,""t"":906},{""x"":349,""y"":357,""t"":919},{""x"":389,""y"":324,""t"":972},{""x"":402,""y"":301,""t"":987},{""x"":432,""y"":309,""t"":1037},{""x"":486,""y"":320,""t"":1055},{""x"":500,""y"":313,""t"":1108},{""x"":510,""y"":308,""t"":1123},{""x"":633,""y"":288,""t"":1173},{""x"":736,""y"":272,""t"":1191},{""x"":811,""y"":243,""t"":1238},{""x"":880,""y"":224,""t"":1259},{""x"":921,""y"":251,""t"":1305},{""x"":1007,""y"":299,""t"":1327},{""x"":1077,""y"":279,""t"":1375},{""x"":1148,""y"":254,""t"":1394},{""x"":1303,""y"":272,""t"":1442},{""x"":1389,""y"":277,""t"":1462},{""x"":1403,""y"":269,""t"":1510},{""x"":1448,""y"":271,""t"":1531},{""x"":1472,""y"":256,""t"":1578},{""x"":1435,""y"":263,""t"":1600},{""x"":1464,""y"":242,""t"":1648},{""x"":1468,""y"":242,""t"":1667},{""x"":1411,""y"":247,""t"":1714},{""x"":1469,""y"":297,""t"":1735},{""x"":1523,""y"":287,""t"":1783},{""x"":1516,""y"":276,""t"":1803},{""x"":1555,""y"":278,""t"":1852},{""x"":1547,""y"":243,""t"":1870},{""x"":1576,""y"":254,""t"":1919},{""x"":1588,""y"":304,""t"":1940},{""x"":1657,""y"":343,""t"":1986},{""x"":1614,""y"":385,""t"":2007},{""x"":1545,""y"":476,""t"":2053},{""x"":1500,""y"":595,""t"":2075},{""x"":1394,""y"":618,""t"":2124},{""x"":1254,""y"":654,""t"":2143},{""x"":1225,""y"":679,""t"":2190},{""x"":1168,""y"":721,""t"":2211},{""x"":1109,""y"":699,""t"":2263},{""x"":1075,""y"":738,""t"":2280},{""x"":1101,""y"":731,""t"":2328},{""x"":1077,""y"":774,""t"":2347},{""x"":1234,""y"":753,""t"":2395},{""x"":1378,""y"":719,""t"":2416},{""x"":1441,""y"":594,""t"":2464},{""x"":1441,""y"":497,""t"":2483},{""x"":1446,""y"":479,""t"":2530},{""x"":1477,""y"":391,""t"":2551},{""x"":1430,""y"":369,""t"":2601},{""x"":1423,""y"":357,""t"":2619},{""x"":1432,""y"":351,""t"":2668},{""x"":1491,""y"":354,""t"":2688},{""x"":1470,""y"":287,""t"":2735},{""x"":1576,""y"":289,""t"":2754},{""x"":1378,""y"":295,""t"":2805},{""x"":1211,""y"":316,""t"":2823},{""x"":974,""y"":328,""t"":2875},{""x"":776,""y"":340,""t"":2891},{""x"":521,""y"":337,""t"":2939},{""x"":476,""y"":323,""t"":2960},{""x"":409,""y"":301,""t"":3009},{""x"":364,""y"":283,""t"":3026},{""x"":328,""y"":328,""t"":3074},{""x"":308,""y"":366,""t"":3095},{""x"":219,""y"":405,""t"":3143},{""x"":155,""y"":425,""t"":3163},{""x"":202,""y"":428,""t"":3211},{""x"":229,""y"":436,""t"":3231},{""x"":191,""y"":468,""t"":3282},{""x"":229,""y"":534,""t"":3300},{""x"":247,""y"":546,""t"":3353},{""x"":283,""y"":529,""t"":3367},{""x"":255,""y"":500,""t"":3418},{""x"":320,""y"":493,""t"":3435},{""x"":330,""y"":472,""t"":3485},{""x"":409,""y"":432,""t"":3503},{""x"":446,""y"":406,""t"":3552},{""x"":427,""y"":371,""t"":3571},{""x"":374,""y"":336,""t"":3620},{""x"":405,""y"":318,""t"":3639},{""x"":609,""y"":298,""t"":3686},{""x"":772,""y"":281,""t"":3708},{""x"":886,""y"":267,""t"":3758},{""x"":984,""y"":268,""t"":3775},{""x"":1073,""y"":253,""t"":3824},{""x"":1105,""y"":203,""t"":3844},{""x"":1216,""y"":245,""t"":3893},{""x"":1236,""y"":245,""t"":3912},{""x"":1367,""y"":272,""t"":3962},{""x"":1459,""y"":292,""t"":3980},{""x"":1456,""y"":266,""t"":4030},{""x"":1486,""y"":321,""t"":4047},{""x"":1426,""y"":294,""t"":4097},{""x"":1396,""y"":323,""t"":4116},{""x"":1337,""y"":288,""t"":4166},{""x"":1405,""y"":295,""t"":4184},{""x"":1491,""y"":285,""t"":4233},{""x"":1561,""y"":276,""t"":4251},{""x"":1587,""y"":293,""t"":4299},{""x"":1605,""y"":307,""t"":4319},{""x"":1590,""y"":373,""t"":4369},{""x"":1540,""y"":461,""t"":4387},{""x"":1541,""y"":506,""t"":4437},{""x"":1531,""y"":515,""t"":4456},{""x"":1400,""y"":575,""t"":4506},{""x"":1275,""y"":554,""t"":4523},{""x"":1271,""y"":619,""t"":4575},{""x"":1259,""y"":608,""t"":4592},{""x"":1278,""y"":638,""t"":4643},{""x"":1338,""y"":631,""t"":4659},{""x"":1310,""y"":613,""t"":4709},{""x"":1297,""y"":571,""t"":4727},{""x"":1384,""y"":547,""t"":4777},{""x"":1400,""y"":451,""t"":4795},{""x"":1393,""y"":433,""t"":4848},{""x"":1412,""y"":364,""t"":4865},{""x"":1457,""y"":311,""t"":4916},{""x"":1396,""y"":258,""t"":4932},{""x"":1471,""y"":253,""t"":4981},{""x"":1566,""y"":260,""t"":5000},{""x"":1539,""y"":276,""t"":5049},{""x"":1513,""y"":292,""t"":5067},{""x"":1393,""y"":265,""t"":5117},{""x"":1306,""y"":219,""t"":5135},{""x"":1293,""y"":193,""t"":5188},{""x"":1251,""y"":169,""t"":5203},{""x"":1185,""y"":184,""t"":5252},{""x"":1081,""y"":195,""t"":5272},{""x"":1045,""y"":194,""t"":5321},{""x"":998,""y"":215,""t"":5340},{""x"":999,""y"":203,""t"":5391},{""x"":1004,""y"":193,""t"":5408},{""x"":1065,""y"":204,""t"":5456},{""x"":1120,""y"":215,""t"":5475},{""x"":989,""y"":232,""t"":5524},{""x"":956,""y"":321,""t"":5543},{""x"":902,""y"":307,""t"":5593},{""x"":908,""y"":311,""t"":5612},{""x"":1001,""y"":317,""t"":5664},{""x"":971,""y"":329,""t"":5678},{""x"":888,""y"":450,""t"":5727},{""x"":896,""y"":547,""t"":5747},{""x"":910,""y"":626,""t"":5797},{""x"":980,""y"":701,""t"":5815},{""x"":958,""y"":768,""t"":5867}]",1,0.8871385788910428,0.11286142110895718,eu_b-last_b-longer,0
142-alternatives,1,91,exp_4,0.0,342.80000001192093,0.79,0.49,5.300000000000001,8.3,higher_p,higher_m,0,1,alternatives,0.0,False,4.187000000000001,4.067,0.120000000000001,0.3808273136562316,0.4,0.6,0.5,0.5,1.0,0.0,higher_m,higher_p,True,"{""durations"":[1500,1000,1500,1000],""alternatives"":[1,0,1,0],""attributes"":[""all"",""all"",""all"",""all""]}","[{""x"":845,""y"":228,""t"":0},{""x"":861,""y"":232,""t"":53},{""x"":878,""y"":236,""t"":69},{""x"":833,""y"":282,""t"":114},{""x"":853,""y"":284,""t"":137},{""x"":894,""y"":315,""t"":185},{""x"":859,""y"":307,""t"":205},{""x"":887,""y"":309,""t"":252},{""x"":867,""y"":318,""t"":274},{""x"":786,""y"":329,""t"":322},{""x"":795,""y"":319,""t"":341},{""x"":660,""y"":336,""t"":389},{""x"":613,""y"":366,""t"":410},{""x"":565,""y"":389,""t"":456},{""x"":547,""y"":384,""t"":476},{""x"":499,""y"":413,""t"":524},{""x"":461,""y"":437,""t"":545},{""x"":410,""y"":454,""t"":594},{""x"":371,""y"":468,""t"":613},{""x"":423,""y"":477,""t"":660},{""x"":472,""y"":466,""t"":682},{""x"":460,""y"":455,""t"":728},{""x"":508,""y"":433,""t"":749},{""x"":541,""y"":398,""t"":796},{""x"":521,""y"":367,""t"":818},{""x"":460,""y"":359,""t"":864},{""x"":402,""y"":361,""t"":885},{""x"":404,""y"":362,""t"":932},{""x"":423,""y"":346,""t"":954},{""x"":329,""y"":400,""t"":1000},{""x"":356,""y"":414,""t"":1021},{""x"":300,""y"":423,""t"":1070},{""x"":284,""y"":422,""t"":1090},{""x"":223,""y"":460,""t"":1135},{""x"":211,""y"":447,""t"":1158},{""x"":221,""y"":488,""t"":1204},{""x"":232,""y"":523,""t"":1226},{""x"":527,""y"":530,""t"":1272},{""x"":795,""y"":551,""t"":1293},{""x"":956,""y"":511,""t"":1339},{""x"":1087,""y"":493,""t"":1362},{""x"":1128,""y"":452,""t"":1411},{""x"":1127,""y"":474,""t"":1429},{""x"":1162,""y"":411,""t"":1475},{""x"":1259,""y"":449,""t"":1497},{""x"":1275,""y"":432,""t"":1546},{""x"":1296,""y"":443,""t"":1565},{""x"":1327,""y"":449,""t"":1613},{""x"":1329,""y"":428,""t"":1633},{""x"":1304,""y"":404,""t"":1680},{""x"":1316,""y"":412,""t"":1701},{""x"":1394,""y"":448,""t"":1749},{""x"":1420,""y"":435,""t"":1769},{""x"":1455,""y"":433,""t"":1816},{""x"":1475,""y"":473,""t"":1838},{""x"":1574,""y"":467,""t"":1884},{""x"":1624,""y"":482,""t"":1906},{""x"":1619,""y"":475,""t"":1951},{""x"":1613,""y"":496,""t"":1974},{""x"":1578,""y"":461,""t"":2021},{""x"":1600,""y"":425,""t"":2042},{""x"":1598,""y"":413,""t"":2088},{""x"":1520,""y"":384,""t"":2108},{""x"":1567,""y"":408,""t"":2157},{""x"":1452,""y"":349,""t"":2176},{""x"":1381,""y"":422,""t"":2224},{""x"":1376,""y"":374,""t"":2246},{""x"":1334,""y"":340,""t"":2292},{""x"":1349,""y"":296,""t"":2313},{""x"":1290,""y"":369,""t"":2359},{""x"":1278,""y"":377,""t"":2381},{""x"":1307,""y"":413,""t"":2428},{""x"":1334,""y"":443,""t"":2448},{""x"":1349,""y"":458,""t"":2497},{""x"":1399,""y"":488,""t"":2517},{""x"":1381,""y"":502,""t"":2566},{""x"":1346,""y"":503,""t"":2585},{""x"":1270,""y"":533,""t"":2632},{""x"":1220,""y"":562,""t"":2654},{""x"":1236,""y"":512,""t"":2700},{""x"":1199,""y"":452,""t"":2722},{""x"":1263,""y"":442,""t"":2769},{""x"":1267,""y"":367,""t"":2789},{""x"":1082,""y"":359,""t"":2836},{""x"":946,""y"":319,""t"":2857},{""x"":805,""y"":313,""t"":2905},{""x"":658,""y"":283,""t"":2925},{""x"":554,""y"":285,""t"":2973},{""x"":520,""y"":312,""t"":2992},{""x"":412,""y"":325,""t"":3041},{""x"":381,""y"":320,""t"":3062},{""x"":275,""y"":394,""t"":3109},{""x"":192,""y"":452,""t"":3128},{""x"":224,""y"":426,""t"":3175},{""x"":183,""y"":466,""t"":3197},{""x"":236,""y"":463,""t"":3248},{""x"":231,""y"":470,""t"":3266},{""x"":225,""y"":458,""t"":3313},{""x"":186,""y"":475,""t"":3333},{""x"":235,""y"":465,""t"":3382},{""x"":163,""y"":446,""t"":3402},{""x"":123,""y"":478,""t"":3450},{""x"":92,""y"":505,""t"":3469},{""x"":169,""y"":523,""t"":3517},{""x"":218,""y"":540,""t"":3538},{""x"":490,""y"":569,""t"":3584},{""x"":734,""y"":576,""t"":3606},{""x"":868,""y"":613,""t"":3651},{""x"":992,""y"":603,""t"":3673},{""x"":1104,""y"":586,""t"":3720},{""x"":1192,""y"":563,""t"":3742},{""x"":1313,""y"":528,""t"":3788},{""x"":1396,""y"":519,""t"":3809},{""x"":1481,""y"":528,""t"":3856},{""x"":1507,""y"":512,""t"":3878},{""x"":1505,""y"":525,""t"":3927},{""x"":1472,""y"":521,""t"":3945},{""x"":1509,""y"":504,""t"":3993},{""x"":1517,""y"":503,""t"":4013},{""x"":1490,""y"":450,""t"":4061},{""x"":1442,""y"":442,""t"":4082},{""x"":1375,""y"":460,""t"":4130},{""x"":1289,""y"":458,""t"":4150},{""x"":1206,""y"":472,""t"":4197},{""x"":1211,""y"":472,""t"":4218},{""x"":1300,""y"":477,""t"":4265},{""x"":1320,""y"":450,""t"":4285},{""x"":1407,""y"":472,""t"":4334},{""x"":1481,""y"":491,""t"":4353},{""x"":1487,""y"":525,""t"":4401},{""x"":1490,""y"":554,""t"":4422},{""x"":1539,""y"":547,""t"":4470},{""x"":1556,""y"":559,""t"":4489},{""x"":1490,""y"":545,""t"":4536},{""x"":1514,""y"":583,""t"":4558},{""x"":1602,""y"":597,""t"":4611},{""x"":1678,""y"":596,""t"":4625},{""x"":1538,""y"":619,""t"":4673},{""x"":1426,""y"":560,""t"":4693},{""x"":1385,""y"":574,""t"":4743},{""x"":1389,""y"":496,""t"":4761},{""x"":1412,""y"":477,""t"":4812},{""x"":1398,""y"":457,""t"":4830},{""x"":1429,""y"":408,""t"":4878},{""x"":1421,""y"":366,""t"":4897},{""x"":1428,""y"":313,""t"":4943},{""x"":1460,""y"":273,""t"":4965},{""x"":1501,""y"":240,""t"":5012},{""x"":1606,""y"":213,""t"":5032},{""x"":1542,""y"":193,""t"":5081},{""x"":1507,""y"":180,""t"":5101},{""x"":1433,""y"":157,""t"":5150},{""x"":1384,""y"":161,""t"":5170},{""x"":1332,""y"":163,""t"":5216},{""x"":1263,""y"":155,""t"":5238},{""x"":1254,""y"":184,""t"":5287},{""x"":1228,""y"":199,""t"":5306},{""x"":1046,""y"":221,""t"":5357},{""x"":940,""y"":218,""t"":5372},{""x"":856,""y"":260,""t"":5424},{""x"":870,""y"":273,""t"":5441},{""x"":751,""y"":327,""t"":5491},{""x"":807,""y"":304,""t"":5510},{""x"":865,""y"":310,""t"":5558},{""x"":837,""y"":311,""t"":5578},{""x"":929,""y"":294,""t"":5627},{""x"":999,""y"":270,""t"":5644},{""x"":939,""y"":278,""t"":5692},{""x"":917,""y"":301,""t"":5713},{""x"":891,""y"":324,""t"":5763},{""x"":855,""y"":306,""t"":5781},{""x"":777,""y"":279,""t"":5831},{""x"":731,""y"":277,""t"":5850},{""x"":781,""y"":259,""t"":5900}]",0,0.9194769084867784,0.08052309151322158,eu_b-last_b-longer,0
142-alternatives,1,92,catch_16,1.0,273.5,0.32,0.37,6.799999999999999,7.800000000000001,dominated,dominant,1,1,alternatives,0.0,False,2.176,2.886,-0.7100000000000004,-0.4734609845455846,0.5,0.5,0.5,0.5,,1.0,,dominant,True,"{""durations"":[1250,1250,1250,1250],""attributes"":[""all"",""all"",""all"",""all""],""alternatives"":[0,1,0,1]}","[{""x"":767,""y"":286,""t"":-11},{""x"":759,""y"":323,""t"":0},{""x"":707,""y"":346,""t"":62},{""x"":700,""y"":322,""t"":76},{""x"":745,""y"":314,""t"":143},{""x"":715,""y"":323,""t"":188},{""x"":746,""y"":342,""t"":206},{""x"":755,""y"":315,""t"":253},{""x"":773,""y"":298,""t"":272},{""x"":874,""y"":389,""t"":321},{""x"":1024,""y"":357,""t"":340},{""x"":1157,""y"":386,""t"":388},{""x"":1211,""y"":423,""t"":409},{""x"":1374,""y"":447,""t"":455},{""x"":1463,""y"":437,""t"":478},{""x"":1586,""y"":473,""t"":527},{""x"":1681,""y"":502,""t"":545},{""x"":1708,""y"":517,""t"":592},{""x"":1721,""y"":527,""t"":612},{""x"":1717,""y"":530,""t"":661},{""x"":1648,""y"":532,""t"":680},{""x"":1575,""y"":555,""t"":727},{""x"":1460,""y"":522,""t"":749},{""x"":1344,""y"":516,""t"":798},{""x"":1359,""y"":467,""t"":817},{""x"":1423,""y"":488,""t"":864},{""x"":1373,""y"":396,""t"":884},{""x"":1267,""y"":414,""t"":932},{""x"":1221,""y"":370,""t"":953},{""x"":1257,""y"":326,""t"":1002},{""x"":1297,""y"":260,""t"":1021},{""x"":1207,""y"":286,""t"":1068},{""x"":1249,""y"":238,""t"":1089},{""x"":1292,""y"":260,""t"":1136},{""x"":1305,""y"":230,""t"":1158},{""x"":1125,""y"":268,""t"":1205},{""x"":958,""y"":299,""t"":1225},{""x"":831,""y"":314,""t"":1273},{""x"":741,""y"":300,""t"":1293},{""x"":696,""y"":316,""t"":1342},{""x"":626,""y"":340,""t"":1360},{""x"":607,""y"":363,""t"":1409},{""x"":550,""y"":348,""t"":1428},{""x"":469,""y"":379,""t"":1474},{""x"":459,""y"":396,""t"":1498},{""x"":357,""y"":410,""t"":1544},{""x"":334,""y"":403,""t"":1566},{""x"":326,""y"":426,""t"":1614},{""x"":314,""y"":435,""t"":1633},{""x"":347,""y"":457,""t"":1679},{""x"":426,""y"":458,""t"":1701},{""x"":395,""y"":457,""t"":1748},{""x"":406,""y"":423,""t"":1769},{""x"":435,""y"":413,""t"":1816},{""x"":441,""y"":407,""t"":1837},{""x"":435,""y"":371,""t"":1887},{""x"":467,""y"":319,""t"":1906},{""x"":514,""y"":283,""t"":1952},{""x"":554,""y"":254,""t"":1973},{""x"":519,""y"":260,""t"":2022},{""x"":507,""y"":259,""t"":2041},{""x"":483,""y"":278,""t"":2087},{""x"":546,""y"":296,""t"":2110},{""x"":430,""y"":361,""t"":2156},{""x"":513,""y"":378,""t"":2177},{""x"":405,""y"":426,""t"":2223},{""x"":353,""y"":424,""t"":2245},{""x"":339,""y"":471,""t"":2291},{""x"":377,""y"":498,""t"":2313},{""x"":261,""y"":527,""t"":2360},{""x"":260,""y"":522,""t"":2381},{""x"":480,""y"":569,""t"":2427},{""x"":557,""y"":559,""t"":2449},{""x"":782,""y"":582,""t"":2496},{""x"":983,""y"":519,""t"":2518},{""x"":1109,""y"":543,""t"":2569},{""x"":1195,""y"":499,""t"":2585},{""x"":1286,""y"":502,""t"":2634},{""x"":1400,""y"":446,""t"":2652},{""x"":1477,""y"":432,""t"":2698},{""x"":1558,""y"":362,""t"":2739},{""x"":1470,""y"":333,""t"":2755},{""x"":1472,""y"":295,""t"":2802},{""x"":1412,""y"":311,""t"":2824},{""x"":1435,""y"":340,""t"":2872},{""x"":1376,""y"":442,""t"":2891},{""x"":1371,""y"":447,""t"":2937},{""x"":1472,""y"":472,""t"":2959},{""x"":1493,""y"":413,""t"":3005},{""x"":1567,""y"":444,""t"":3026},{""x"":1440,""y"":402,""t"":3072},{""x"":1549,""y"":424,""t"":3112},{""x"":1507,""y"":375,""t"":3129},{""x"":1557,""y"":357,""t"":3176},{""x"":1510,""y"":281,""t"":3198},{""x"":1428,""y"":255,""t"":3245},{""x"":1418,""y"":223,""t"":3266},{""x"":1360,""y"":345,""t"":3314},{""x"":1328,""y"":382,""t"":3332},{""x"":1406,""y"":430,""t"":3379},{""x"":1411,""y"":470,""t"":3402},{""x"":1389,""y"":517,""t"":3451},{""x"":1426,""y"":556,""t"":3470},{""x"":1440,""y"":583,""t"":3517},{""x"":1500,""y"":595,""t"":3537},{""x"":1435,""y"":619,""t"":3583},{""x"":1392,""y"":641,""t"":3606},{""x"":1188,""y"":624,""t"":3652},{""x"":1033,""y"":648,""t"":3674},{""x"":840,""y"":622,""t"":3721},{""x"":750,""y"":625,""t"":3741},{""x"":597,""y"":577,""t"":3788},{""x"":477,""y"":540,""t"":3809},{""x"":360,""y"":523,""t"":3856},{""x"":336,""y"":486,""t"":3878},{""x"":356,""y"":483,""t"":3925},{""x"":424,""y"":448,""t"":3946},{""x"":453,""y"":469,""t"":3994},{""x"":462,""y"":472,""t"":4013},{""x"":404,""y"":447,""t"":4060},{""x"":437,""y"":430,""t"":4081},{""x"":416,""y"":425,""t"":4126},{""x"":403,""y"":423,""t"":4150},{""x"":422,""y"":391,""t"":4196},{""x"":440,""y"":364,""t"":4217},{""x"":484,""y"":324,""t"":4265},{""x"":545,""y"":295,""t"":4284},{""x"":521,""y"":299,""t"":4331},{""x"":584,""y"":292,""t"":4353},{""x"":502,""y"":327,""t"":4401},{""x"":494,""y"":338,""t"":4422},{""x"":520,""y"":374,""t"":4469},{""x"":584,""y"":377,""t"":4489},{""x"":566,""y"":425,""t"":4539},{""x"":565,""y"":435,""t"":4557},{""x"":545,""y"":441,""t"":4604},{""x"":556,""y"":437,""t"":4626},{""x"":558,""y"":426,""t"":4672},{""x"":592,""y"":386,""t"":4693},{""x"":516,""y"":384,""t"":4740},{""x"":451,""y"":382,""t"":4761},{""x"":384,""y"":367,""t"":4808},{""x"":310,""y"":348,""t"":4829},{""x"":256,""y"":332,""t"":4875},{""x"":294,""y"":313,""t"":4897},{""x"":374,""y"":321,""t"":4944},{""x"":444,""y"":328,""t"":4966},{""x"":463,""y"":289,""t"":5015},{""x"":478,""y"":257,""t"":5034},{""x"":443,""y"":259,""t"":5084},{""x"":412,""y"":263,""t"":5102},{""x"":528,""y"":252,""t"":5147},{""x"":682,""y"":248,""t"":5170},{""x"":793,""y"":230,""t"":5218},{""x"":927,""y"":235,""t"":5236},{""x"":889,""y"":221,""t"":5285},{""x"":915,""y"":213,""t"":5305},{""x"":968,""y"":210,""t"":5359},{""x"":1007,""y"":239,""t"":5373},{""x"":985,""y"":277,""t"":5420},{""x"":1017,""y"":282,""t"":5442},{""x"":995,""y"":311,""t"":5490},{""x"":1008,""y"":381,""t"":5510},{""x"":984,""y"":355,""t"":5558},{""x"":921,""y"":351,""t"":5577},{""x"":913,""y"":367,""t"":5622},{""x"":1000,""y"":364,""t"":5645},{""x"":1047,""y"":374,""t"":5692},{""x"":1085,""y"":382,""t"":5713},{""x"":1065,""y"":360,""t"":5762},{""x"":1035,""y"":332,""t"":5780}]",1,0.09379923383663308,0.9062007661633669,eu_b-last_b-longer,0
142-alternatives,1,93,exp_54,0.0,410.10000002384186,0.49,0.32,6.9,8.2,higher_p,higher_m,0,1,alternatives,0.0,False,3.381,2.624,0.7570000000000006,1.0364678509508771,0.4,0.6,0.5,0.5,1.0,1.0,higher_m,higher_m,True,"{""durations"":[1000,1500,1000,1500],""alternatives"":[0,1,0,1],""attributes"":[""all"",""all"",""all"",""all""]}","[{""x"":1035,""y"":252,""t"":-12},{""x"":1105,""y"":258,""t"":0},{""x"":1067,""y"":274,""t"":60},{""x"":1075,""y"":309,""t"":74},{""x"":1059,""y"":322,""t"":133},{""x"":992,""y"":320,""t"":144},{""x"":940,""y"":370,""t"":194},{""x"":926,""y"":351,""t"":205},{""x"":902,""y"":331,""t"":257},{""x"":881,""y"":304,""t"":274},{""x"":746,""y"":329,""t"":320},{""x"":726,""y"":325,""t"":342},{""x"":652,""y"":360,""t"":389},{""x"":634,""y"":383,""t"":408},{""x"":577,""y"":376,""t"":455},{""x"":568,""y"":376,""t"":477},{""x"":483,""y"":397,""t"":530},{""x"":472,""y"":432,""t"":546},{""x"":383,""y"":478,""t"":594},{""x"":422,""y"":459,""t"":613},{""x"":395,""y"":451,""t"":660},{""x"":376,""y"":443,""t"":682},{""x"":383,""y"":414,""t"":729},{""x"":340,""y"":385,""t"":749},{""x"":352,""y"":358,""t"":796},{""x"":367,""y"":341,""t"":816},{""x"":377,""y"":327,""t"":863},{""x"":441,""y"":281,""t"":886},{""x"":414,""y"":288,""t"":933},{""x"":459,""y"":274,""t"":954},{""x"":462,""y"":268,""t"":1001},{""x"":399,""y"":278,""t"":1021},{""x"":381,""y"":304,""t"":1068},{""x"":385,""y"":317,""t"":1088},{""x"":409,""y"":327,""t"":1137},{""x"":459,""y"":343,""t"":1158},{""x"":682,""y"":309,""t"":1205},{""x"":870,""y"":280,""t"":1226},{""x"":1090,""y"":278,""t"":1273},{""x"":1259,""y"":240,""t"":1293},{""x"":1342,""y"":214,""t"":1340},{""x"":1343,""y"":215,""t"":1362},{""x"":1440,""y"":264,""t"":1410},{""x"":1493,""y"":264,""t"":1429},{""x"":1596,""y"":301,""t"":1476},{""x"":1649,""y"":357,""t"":1498},{""x"":1630,""y"":431,""t"":1545},{""x"":1613,""y"":473,""t"":1565},{""x"":1600,""y"":492,""t"":1612},{""x"":1632,""y"":504,""t"":1633},{""x"":1663,""y"":497,""t"":1680},{""x"":1670,""y"":516,""t"":1701},{""x"":1599,""y"":487,""t"":1750},{""x"":1560,""y"":439,""t"":1769},{""x"":1506,""y"":368,""t"":1817},{""x"":1525,""y"":299,""t"":1838},{""x"":1549,""y"":262,""t"":1884},{""x"":1518,""y"":216,""t"":1906},{""x"":1591,""y"":239,""t"":1954},{""x"":1654,""y"":261,""t"":1974},{""x"":1639,""y"":246,""t"":2020},{""x"":1623,""y"":235,""t"":2042},{""x"":1623,""y"":278,""t"":2088},{""x"":1622,""y"":342,""t"":2110},{""x"":1633,""y"":399,""t"":2157},{""x"":1613,""y"":443,""t"":2177},{""x"":1511,""y"":515,""t"":2223},{""x"":1429,""y"":588,""t"":2245},{""x"":1492,""y"":610,""t"":2292},{""x"":1552,""y"":619,""t"":2313},{""x"":1457,""y"":633,""t"":2360},{""x"":1417,""y"":575,""t"":2381},{""x"":1341,""y"":480,""t"":2427},{""x"":1293,""y"":398,""t"":2449},{""x"":1316,""y"":331,""t"":2497},{""x"":1335,""y"":258,""t"":2517},{""x"":1330,""y"":283,""t"":2565},{""x"":1362,""y"":253,""t"":2585},{""x"":1300,""y"":250,""t"":2631},{""x"":1316,""y"":196,""t"":2653},{""x"":1455,""y"":172,""t"":2700},{""x"":1543,""y"":136,""t"":2722},{""x"":1248,""y"":146,""t"":2770},{""x"":1085,""y"":170,""t"":2788},{""x"":843,""y"":205,""t"":2836},{""x"":756,""y"":204,""t"":2857},{""x"":687,""y"":171,""t"":2905},{""x"":648,""y"":160,""t"":2924},{""x"":564,""y"":203,""t"":2970},{""x"":466,""y"":246,""t"":2994},{""x"":403,""y"":259,""t"":3042},{""x"":381,""y"":272,""t"":3061},{""x"":334,""y"":312,""t"":3110},{""x"":286,""y"":330,""t"":3129},{""x"":308,""y"":362,""t"":3175},{""x"":334,""y"":388,""t"":3196},{""x"":276,""y"":432,""t"":3243},{""x"":278,""y"":458,""t"":3264},{""x"":183,""y"":478,""t"":3312},{""x"":102,""y"":506,""t"":3334},{""x"":117,""y"":537,""t"":3381},{""x"":100,""y"":561,""t"":3401},{""x"":127,""y"":553,""t"":3448},{""x"":167,""y"":543,""t"":3468},{""x"":123,""y"":545,""t"":3517},{""x"":87,""y"":544,""t"":3537},{""x"":173,""y"":568,""t"":3585},{""x"":225,""y"":606,""t"":3605},{""x"":401,""y"":514,""t"":3652},{""x"":617,""y"":512,""t"":3674},{""x"":777,""y"":421,""t"":3721},{""x"":906,""y"":343,""t"":3741},{""x"":996,""y"":308,""t"":3787},{""x"":1092,""y"":345,""t"":3809},{""x"":1251,""y"":379,""t"":3856},{""x"":1378,""y"":409,""t"":3877},{""x"":1467,""y"":424,""t"":3924},{""x"":1452,""y"":441,""t"":3945},{""x"":1551,""y"":453,""t"":3992},{""x"":1476,""y"":490,""t"":4014},{""x"":1556,""y"":488,""t"":4061},{""x"":1585,""y"":483,""t"":4080},{""x"":1473,""y"":429,""t"":4128},{""x"":1394,""y"":476,""t"":4150},{""x"":1418,""y"":478,""t"":4196},{""x"":1329,""y"":547,""t"":4218},{""x"":1334,""y"":491,""t"":4264},{""x"":1254,""y"":530,""t"":4285},{""x"":1290,""y"":454,""t"":4331},{""x"":1333,""y"":470,""t"":4353},{""x"":1262,""y"":427,""t"":4400},{""x"":1326,""y"":446,""t"":4422},{""x"":1285,""y"":378,""t"":4470},{""x"":1234,""y"":404,""t"":4489},{""x"":1199,""y"":332,""t"":4539},{""x"":1077,""y"":290,""t"":4557},{""x"":1084,""y"":250,""t"":4604},{""x"":1094,""y"":219,""t"":4626},{""x"":1024,""y"":209,""t"":4674},{""x"":966,""y"":204,""t"":4693},{""x"":919,""y"":230,""t"":4744},{""x"":888,""y"":271,""t"":4761},{""x"":910,""y"":296,""t"":4812},{""x"":871,""y"":299,""t"":4829},{""x"":839,""y"":309,""t"":4876},{""x"":864,""y"":314,""t"":4897},{""x"":838,""y"":271,""t"":4945},{""x"":831,""y"":257,""t"":4965},{""x"":820,""y"":243,""t"":5014},{""x"":836,""y"":250,""t"":5033},{""x"":886,""y"":230,""t"":5084},{""x"":942,""y"":298,""t"":5101},{""x"":962,""y"":304,""t"":5150},{""x"":961,""y"":316,""t"":5169},{""x"":925,""y"":304,""t"":5217},{""x"":860,""y"":288,""t"":5237},{""x"":824,""y"":263,""t"":5286},{""x"":839,""y"":271,""t"":5305},{""x"":861,""y"":285,""t"":5354},{""x"":937,""y"":295,""t"":5373},{""x"":896,""y"":292,""t"":5423},{""x"":885,""y"":310,""t"":5441},{""x"":770,""y"":284,""t"":5490},{""x"":825,""y"":300,""t"":5508},{""x"":807,""y"":289,""t"":5555},{""x"":795,""y"":300,""t"":5578},{""x"":736,""y"":293,""t"":5627},{""x"":742,""y"":302,""t"":5646},{""x"":717,""y"":285,""t"":5695},{""x"":677,""y"":288,""t"":5714},{""x"":696,""y"":289,""t"":5765},{""x"":726,""y"":304,""t"":5782},{""x"":770,""y"":286,""t"":5833},{""x"":799,""y"":263,""t"":5850},{""x"":783,""y"":259,""t"":5901},{""x"":813,""y"":260,""t"":5918}]",0,0.9414596680059384,0.058540331994061744,eu_b-last_b-longer,0
142-alternatives,1,96,catch_14,1.0,272.9000000357628,0.22,0.28,4.1,7.9,dominated,dominant,1,1,alternatives,0.0,False,0.902,2.212,-1.3100000000000005,-1.0910187904746074,0.5,0.5,0.5,0.5,,1.0,,dominant,True,"{""durations"":[1250,1250,1250,1250],""attributes"":[""all"",""all"",""all"",""all""],""alternatives"":[0,1,0,1]}","[{""x"":876,""y"":307,""t"":0},{""x"":908,""y"":339,""t"":48},{""x"":928,""y"":380,""t"":101},{""x"":869,""y"":420,""t"":111},{""x"":878,""y"":391,""t"":161},{""x"":910,""y"":410,""t"":173},{""x"":986,""y"":357,""t"":227},{""x"":1128,""y"":356,""t"":238},{""x"":1169,""y"":380,""t"":287},{""x"":1227,""y"":413,""t"":307},{""x"":1276,""y"":432,""t"":359},{""x"":1291,""y"":469,""t"":375},{""x"":1392,""y"":515,""t"":423},{""x"":1474,""y"":552,""t"":442},{""x"":1440,""y"":549,""t"":488},{""x"":1421,""y"":568,""t"":511},{""x"":1411,""y"":569,""t"":556},{""x"":1433,""y"":568,""t"":580},{""x"":1411,""y"":567,""t"":627},{""x"":1409,""y"":562,""t"":646},{""x"":1301,""y"":563,""t"":694},{""x"":1304,""y"":541,""t"":716},{""x"":1307,""y"":462,""t"":763},{""x"":1326,""y"":383,""t"":783},{""x"":1310,""y"":346,""t"":829},{""x"":1337,""y"":284,""t"":852},{""x"":1274,""y"":298,""t"":899},{""x"":1311,""y"":249,""t"":919},{""x"":1330,""y"":274,""t"":969},{""x"":1341,""y"":235,""t"":987},{""x"":1296,""y"":253,""t"":1035},{""x"":1265,""y"":223,""t"":1054},{""x"":1216,""y"":230,""t"":1101},{""x"":1190,""y"":215,""t"":1143},{""x"":1243,""y"":249,""t"":1158},{""x"":1224,""y"":209,""t"":1209},{""x"":1208,""y"":177,""t"":1226},{""x"":1176,""y"":174,""t"":1274},{""x"":1149,""y"":173,""t"":1293},{""x"":1099,""y"":187,""t"":1340},{""x"":989,""y"":190,""t"":1362},{""x"":904,""y"":238,""t"":1411},{""x"":879,""y"":275,""t"":1429},{""x"":804,""y"":294,""t"":1476},{""x"":676,""y"":325,""t"":1497},{""x"":603,""y"":335,""t"":1543},{""x"":579,""y"":387,""t"":1565},{""x"":521,""y"":404,""t"":1612},{""x"":488,""y"":413,""t"":1633},{""x"":406,""y"":424,""t"":1680},{""x"":405,""y"":408,""t"":1701},{""x"":432,""y"":414,""t"":1748},{""x"":461,""y"":419,""t"":1769},{""x"":527,""y"":419,""t"":1817},{""x"":530,""y"":434,""t"":1837},{""x"":538,""y"":430,""t"":1886},{""x"":536,""y"":436,""t"":1906},{""x"":520,""y"":427,""t"":1953},{""x"":519,""y"":435,""t"":1974},{""x"":514,""y"":394,""t"":2020},{""x"":485,""y"":359,""t"":2041},{""x"":538,""y"":349,""t"":2088},{""x"":538,""y"":347,""t"":2109},{""x"":499,""y"":349,""t"":2155},{""x"":457,""y"":343,""t"":2177},{""x"":478,""y"":319,""t"":2224},{""x"":480,""y"":304,""t"":2245},{""x"":482,""y"":313,""t"":2291},{""x"":507,""y"":303,""t"":2313},{""x"":470,""y"":311,""t"":2360},{""x"":433,""y"":334,""t"":2380},{""x"":405,""y"":344,""t"":2428},{""x"":448,""y"":351,""t"":2450},{""x"":478,""y"":408,""t"":2497},{""x"":516,""y"":401,""t"":2517},{""x"":527,""y"":385,""t"":2564},{""x"":501,""y"":402,""t"":2585},{""x"":424,""y"":399,""t"":2631},{""x"":370,""y"":405,""t"":2654},{""x"":372,""y"":448,""t"":2703},{""x"":408,""y"":482,""t"":2722},{""x"":535,""y"":523,""t"":2770},{""x"":615,""y"":542,""t"":2789},{""x"":764,""y"":560,""t"":2836},{""x"":939,""y"":568,""t"":2857},{""x"":1081,""y"":573,""t"":2907},{""x"":1194,""y"":576,""t"":2925},{""x"":1295,""y"":606,""t"":2972},{""x"":1382,""y"":593,""t"":2994},{""x"":1454,""y"":566,""t"":3041},{""x"":1529,""y"":559,""t"":3061},{""x"":1540,""y"":540,""t"":3108},{""x"":1540,""y"":524,""t"":3130},{""x"":1530,""y"":423,""t"":3178},{""x"":1503,""y"":339,""t"":3197},{""x"":1493,""y"":277,""t"":3245},{""x"":1480,""y"":228,""t"":3264},{""x"":1411,""y"":204,""t"":3311},{""x"":1485,""y"":237,""t"":3334},{""x"":1445,""y"":195,""t"":3381},{""x"":1402,""y"":195,""t"":3401},{""x"":1392,""y"":220,""t"":3449},{""x"":1381,""y"":300,""t"":3469},{""x"":1378,""y"":259,""t"":3516},{""x"":1461,""y"":297,""t"":3537},{""x"":1356,""y"":299,""t"":3585},{""x"":1200,""y"":338,""t"":3606},{""x"":1018,""y"":327,""t"":3654},{""x"":701,""y"":356,""t"":3674},{""x"":607,""y"":361,""t"":3721},{""x"":519,""y"":399,""t"":3740},{""x"":454,""y"":358,""t"":3789},{""x"":388,""y"":321,""t"":3809},{""x"":373,""y"":313,""t"":3857},{""x"":329,""y"":305,""t"":3876},{""x"":319,""y"":308,""t"":3923},{""x"":352,""y"":341,""t"":3946},{""x"":311,""y"":339,""t"":3994},{""x"":310,""y"":355,""t"":4013},{""x"":338,""y"":365,""t"":4058},{""x"":369,""y"":381,""t"":4080},{""x"":459,""y"":389,""t"":4127},{""x"":538,""y"":396,""t"":4150},{""x"":519,""y"":391,""t"":4197},{""x"":555,""y"":383,""t"":4218},{""x"":555,""y"":389,""t"":4264},{""x"":576,""y"":384,""t"":4286},{""x"":585,""y"":399,""t"":4334},{""x"":586,""y"":413,""t"":4354},{""x"":587,""y"":422,""t"":4400},{""x"":521,""y"":455,""t"":4421},{""x"":630,""y"":439,""t"":4469},{""x"":635,""y"":467,""t"":4489},{""x"":597,""y"":458,""t"":4536},{""x"":645,""y"":456,""t"":4557},{""x"":567,""y"":419,""t"":4605},{""x"":471,""y"":396,""t"":4626},{""x"":436,""y"":385,""t"":4677},{""x"":357,""y"":383,""t"":4694},{""x"":331,""y"":367,""t"":4742},{""x"":312,""y"":354,""t"":4762},{""x"":447,""y"":329,""t"":4809},{""x"":562,""y"":299,""t"":4829},{""x"":557,""y"":275,""t"":4876},{""x"":639,""y"":253,""t"":4897},{""x"":744,""y"":255,""t"":4946},{""x"":790,""y"":238,""t"":4965},{""x"":787,""y"":229,""t"":5014},{""x"":781,""y"":223,""t"":5034},{""x"":800,""y"":240,""t"":5083},{""x"":809,""y"":245,""t"":5101},{""x"":750,""y"":267,""t"":5150},{""x"":776,""y"":257,""t"":5170},{""x"":744,""y"":250,""t"":5219},{""x"":734,""y"":261,""t"":5238},{""x"":743,""y"":289,""t"":5288},{""x"":748,""y"":310,""t"":5306},{""x"":802,""y"":310,""t"":5356},{""x"":814,""y"":331,""t"":5373},{""x"":846,""y"":299,""t"":5422},{""x"":841,""y"":271,""t"":5441},{""x"":845,""y"":266,""t"":5489},{""x"":832,""y"":255,""t"":5509},{""x"":874,""y"":277,""t"":5557},{""x"":918,""y"":288,""t"":5577},{""x"":888,""y"":288,""t"":5625},{""x"":865,""y"":311,""t"":5645},{""x"":890,""y"":295,""t"":5695},{""x"":925,""y"":280,""t"":5712},{""x"":965,""y"":269,""t"":5761},{""x"":999,""y"":261,""t"":5782},{""x"":988,""y"":313,""t"":5832}]",1,0.020377000016235332,0.9796229999837647,eu_b-last_b-longer,0
142-alternatives,1,97,exp_118,0.0,461.1999999880791,0.49,0.22,4.2,7.9,higher_p,higher_m,0,1,alternatives,0.0,False,2.058,1.738,0.3199999999999998,0.5866799156325714,0.4,0.6,0.5,0.5,1.0,1.0,higher_m,higher_m,True,"{""durations"":[1000,1500,1000,1500],""alternatives"":[0,1,0,1],""attributes"":[""all"",""all"",""all"",""all""]}","[{""x"":927,""y"":261,""t"":-10},{""x"":936,""y"":251,""t"":0},{""x"":925,""y"":255,""t"":62},{""x"":937,""y"":256,""t"":77},{""x"":971,""y"":244,""t"":135},{""x"":990,""y"":256,""t"":153},{""x"":985,""y"":261,""t"":201},{""x"":1018,""y"":279,""t"":211},{""x"":1012,""y"":279,""t"":262},{""x"":1005,""y"":278,""t"":273},{""x"":872,""y"":314,""t"":322},{""x"":732,""y"":339,""t"":341},{""x"":686,""y"":376,""t"":387},{""x"":630,""y"":382,""t"":410},{""x"":546,""y"":416,""t"":457},{""x"":486,""y"":438,""t"":477},{""x"":430,""y"":470,""t"":526},{""x"":457,""y"":478,""t"":546},{""x"":429,""y"":471,""t"":592},{""x"":426,""y"":478,""t"":613},{""x"":375,""y"":452,""t"":658},{""x"":384,""y"":440,""t"":681},{""x"":399,""y"":439,""t"":729},{""x"":419,""y"":441,""t"":750},{""x"":425,""y"":400,""t"":796},{""x"":410,""y"":344,""t"":818},{""x"":487,""y"":331,""t"":864},{""x"":539,""y"":305,""t"":886},{""x"":536,""y"":301,""t"":939},{""x"":535,""y"":289,""t"":954},{""x"":526,""y"":298,""t"":1000},{""x"":502,""y"":308,""t"":1021},{""x"":526,""y"":322,""t"":1068},{""x"":555,""y"":323,""t"":1089},{""x"":824,""y"":333,""t"":1135},{""x"":936,""y"":287,""t"":1158},{""x"":1088,""y"":283,""t"":1204},{""x"":1159,""y"":269,""t"":1226},{""x"":1219,""y"":316,""t"":1274},{""x"":1247,""y"":285,""t"":1294},{""x"":1323,""y"":319,""t"":1341},{""x"":1418,""y"":287,""t"":1361},{""x"":1574,""y"":275,""t"":1408},{""x"":1603,""y"":261,""t"":1429},{""x"":1667,""y"":292,""t"":1475},{""x"":1681,""y"":311,""t"":1497},{""x"":1699,""y"":348,""t"":1550},{""x"":1706,""y"":378,""t"":1565},{""x"":1663,""y"":428,""t"":1613},{""x"":1620,""y"":469,""t"":1634},{""x"":1617,""y"":504,""t"":1681},{""x"":1612,""y"":532,""t"":1701},{""x"":1663,""y"":555,""t"":1749},{""x"":1706,""y"":573,""t"":1769},{""x"":1651,""y"":548,""t"":1817},{""x"":1589,""y"":528,""t"":1836},{""x"":1592,""y"":455,""t"":1883},{""x"":1563,""y"":386,""t"":1906},{""x"":1491,""y"":333,""t"":1953},{""x"":1431,""y"":290,""t"":1972},{""x"":1428,""y"":272,""t"":2020},{""x"":1435,""y"":246,""t"":2041},{""x"":1436,""y"":215,""t"":2089},{""x"":1448,""y"":215,""t"":2109},{""x"":1429,""y"":190,""t"":2156},{""x"":1431,""y"":192,""t"":2177},{""x"":1429,""y"":171,""t"":2224},{""x"":1391,""y"":152,""t"":2244},{""x"":1416,""y"":144,""t"":2291},{""x"":1438,""y"":154,""t"":2312},{""x"":1370,""y"":150,""t"":2360},{""x"":1341,""y"":213,""t"":2381},{""x"":1321,""y"":194,""t"":2429},{""x"":1361,""y"":234,""t"":2449},{""x"":1390,""y"":230,""t"":2495},{""x"":1406,""y"":228,""t"":2516},{""x"":1393,""y"":212,""t"":2564},{""x"":1315,""y"":216,""t"":2586},{""x"":1153,""y"":222,""t"":2633},{""x"":1120,""y"":251,""t"":2654},{""x"":923,""y"":291,""t"":2701},{""x"":752,""y"":341,""t"":2721},{""x"":650,""y"":335,""t"":2768},{""x"":461,""y"":366,""t"":2788},{""x"":487,""y"":339,""t"":2840},{""x"":488,""y"":341,""t"":2858},{""x"":425,""y"":324,""t"":2904},{""x"":416,""y"":325,""t"":2926},{""x"":425,""y"":349,""t"":2972},{""x"":435,""y"":350,""t"":2993},{""x"":415,""y"":353,""t"":3040},{""x"":389,""y"":373,""t"":3061},{""x"":411,""y"":381,""t"":3108},{""x"":491,""y"":388,""t"":3130},{""x"":481,""y"":422,""t"":3178},{""x"":463,""y"":450,""t"":3198},{""x"":436,""y"":459,""t"":3246},{""x"":462,""y"":447,""t"":3265},{""x"":496,""y"":444,""t"":3313},{""x"":513,""y"":418,""t"":3332},{""x"":458,""y"":442,""t"":3379},{""x"":492,""y"":430,""t"":3401},{""x"":479,""y"":404,""t"":3450},{""x"":497,""y"":383,""t"":3469},{""x"":544,""y"":369,""t"":3517},{""x"":583,""y"":366,""t"":3537},{""x"":620,""y"":358,""t"":3585},{""x"":622,""y"":359,""t"":3605},{""x"":804,""y"":330,""t"":3652},{""x"":953,""y"":325,""t"":3673},{""x"":1064,""y"":300,""t"":3721},{""x"":1167,""y"":282,""t"":3741},{""x"":1198,""y"":300,""t"":3788},{""x"":1297,""y"":276,""t"":3810},{""x"":1373,""y"":263,""t"":3857},{""x"":1421,""y"":261,""t"":3876},{""x"":1534,""y"":320,""t"":3925},{""x"":1623,""y"":371,""t"":3945},{""x"":1498,""y"":360,""t"":3991},{""x"":1426,""y"":403,""t"":4013},{""x"":1387,""y"":468,""t"":4060},{""x"":1350,""y"":522,""t"":4082},{""x"":1437,""y"":538,""t"":4128},{""x"":1472,""y"":544,""t"":4150},{""x"":1508,""y"":539,""t"":4197},{""x"":1465,""y"":491,""t"":4217},{""x"":1471,""y"":425,""t"":4266},{""x"":1418,""y"":397,""t"":4285},{""x"":1404,""y"":348,""t"":4333},{""x"":1391,""y"":307,""t"":4354},{""x"":1234,""y"":294,""t"":4401},{""x"":1087,""y"":264,""t"":4422},{""x"":896,""y"":241,""t"":4469},{""x"":779,""y"":276,""t"":4490},{""x"":744,""y"":266,""t"":4537},{""x"":690,""y"":298,""t"":4557},{""x"":650,""y"":283,""t"":4604},{""x"":583,""y"":315,""t"":4624},{""x"":577,""y"":321,""t"":4671},{""x"":569,""y"":339,""t"":4693},{""x"":601,""y"":346,""t"":4743},{""x"":609,""y"":350,""t"":4762},{""x"":643,""y"":334,""t"":4810},{""x"":687,""y"":329,""t"":4829},{""x"":728,""y"":316,""t"":4876},{""x"":764,""y"":304,""t"":4896},{""x"":891,""y"":300,""t"":4941},{""x"":908,""y"":304,""t"":4966},{""x"":877,""y"":311,""t"":5013},{""x"":841,""y"":351,""t"":5033},{""x"":800,""y"":337,""t"":5081},{""x"":853,""y"":324,""t"":5100},{""x"":814,""y"":295,""t"":5150},{""x"":779,""y"":271,""t"":5169},{""x"":764,""y"":257,""t"":5217},{""x"":752,""y"":245,""t"":5237},{""x"":779,""y"":240,""t"":5285},{""x"":798,""y"":236,""t"":5305},{""x"":778,""y"":224,""t"":5352},{""x"":749,""y"":231,""t"":5374},{""x"":767,""y"":238,""t"":5421},{""x"":728,""y"":254,""t"":5441},{""x"":746,""y"":253,""t"":5489},{""x"":759,""y"":272,""t"":5508},{""x"":767,""y"":279,""t"":5558},{""x"":766,""y"":271,""t"":5578},{""x"":807,""y"":250,""t"":5627},{""x"":828,""y"":242,""t"":5646},{""x"":819,""y"":242,""t"":5694},{""x"":834,""y"":251,""t"":5713},{""x"":745,""y"":298,""t"":5762},{""x"":760,""y"":309,""t"":5782},{""x"":737,""y"":332,""t"":5827},{""x"":712,""y"":328,""t"":5850},{""x"":693,""y"":328,""t"":5899},{""x"":694,""y"":346,""t"":5918},{""x"":753,""y"":359,""t"":5966}]",0,0.8882806137695182,0.11171938623048183,eu_b-last_b-longer,0
142-alternatives,1,99,exp_28,1.0,492.10000002384186,0.3,0.17,2.0,3.0,higher_p,higher_m,0,1,alternatives,0.0,False,0.6,0.51,0.0899999999999999,0.3499494233597794,0.4,0.6,0.5,0.5,1.0,0.0,higher_m,higher_p,False,"{""durations"":[1500,1000,1500,1000],""alternatives"":[1,0,1,0],""attributes"":[""all"",""all"",""all"",""all""]}","[{""x"":912,""y"":293,""t"":0},{""x"":849,""y"":300,""t"":45},{""x"":781,""y"":315,""t"":71},{""x"":737,""y"":287,""t"":125},{""x"":740,""y"":281,""t"":137},{""x"":737,""y"":258,""t"":184},{""x"":727,""y"":246,""t"":206},{""x"":696,""y"":263,""t"":255},{""x"":733,""y"":289,""t"":274},{""x"":698,""y"":319,""t"":321},{""x"":687,""y"":340,""t"":341},{""x"":605,""y"":343,""t"":387},{""x"":570,""y"":354,""t"":409},{""x"":625,""y"":391,""t"":457},{""x"":674,""y"":421,""t"":478},{""x"":627,""y"":429,""t"":526},{""x"":603,""y"":424,""t"":546},{""x"":556,""y"":386,""t"":594},{""x"":516,""y"":350,""t"":613},{""x"":453,""y"":323,""t"":661},{""x"":423,""y"":313,""t"":681},{""x"":469,""y"":307,""t"":729},{""x"":486,""y"":319,""t"":749},{""x"":556,""y"":297,""t"":796},{""x"":616,""y"":280,""t"":818},{""x"":628,""y"":298,""t"":864},{""x"":657,""y"":318,""t"":886},{""x"":566,""y"":316,""t"":933},{""x"":531,""y"":325,""t"":953},{""x"":509,""y"":326,""t"":1000},{""x"":491,""y"":327,""t"":1021},{""x"":441,""y"":347,""t"":1068},{""x"":401,""y"":364,""t"":1090},{""x"":424,""y"":369,""t"":1137},{""x"":426,""y"":357,""t"":1157},{""x"":479,""y"":382,""t"":1203},{""x"":525,""y"":404,""t"":1225},{""x"":511,""y"":383,""t"":1273},{""x"":567,""y"":374,""t"":1294},{""x"":777,""y"":345,""t"":1341},{""x"":984,""y"":324,""t"":1361},{""x"":1098,""y"":283,""t"":1408},{""x"":1253,""y"":300,""t"":1428},{""x"":1351,""y"":253,""t"":1474},{""x"":1426,""y"":214,""t"":1498},{""x"":1511,""y"":213,""t"":1547},{""x"":1575,""y"":213,""t"":1565},{""x"":1570,""y"":219,""t"":1612},{""x"":1567,""y"":234,""t"":1634},{""x"":1589,""y"":234,""t"":1680},{""x"":1598,""y"":216,""t"":1702},{""x"":1614,""y"":200,""t"":1750},{""x"":1569,""y"":205,""t"":1769},{""x"":1601,""y"":236,""t"":1817},{""x"":1620,""y"":250,""t"":1838},{""x"":1662,""y"":292,""t"":1884},{""x"":1665,""y"":330,""t"":1905},{""x"":1615,""y"":346,""t"":1952},{""x"":1495,""y"":359,""t"":1973},{""x"":1542,""y"":431,""t"":2019},{""x"":1516,""y"":505,""t"":2042},{""x"":1459,""y"":494,""t"":2090},{""x"":1372,""y"":543,""t"":2110},{""x"":1394,""y"":566,""t"":2157},{""x"":1419,""y"":629,""t"":2177},{""x"":1450,""y"":618,""t"":2222},{""x"":1496,""y"":614,""t"":2244},{""x"":1474,""y"":575,""t"":2291},{""x"":1572,""y"":561,""t"":2313},{""x"":1603,""y"":554,""t"":2359},{""x"":1597,""y"":478,""t"":2382},{""x"":1680,""y"":474,""t"":2432},{""x"":1697,""y"":393,""t"":2450},{""x"":1731,""y"":382,""t"":2499},{""x"":1672,""y"":329,""t"":2518},{""x"":1719,""y"":354,""t"":2567},{""x"":1698,""y"":359,""t"":2585},{""x"":1694,""y"":419,""t"":2636},{""x"":1639,""y"":446,""t"":2653},{""x"":1590,""y"":466,""t"":2700},{""x"":1453,""y"":485,""t"":2722},{""x"":1395,""y"":544,""t"":2770},{""x"":1362,""y"":524,""t"":2790},{""x"":1023,""y"":533,""t"":2838},{""x"":816,""y"":502,""t"":2857},{""x"":704,""y"":504,""t"":2905},{""x"":594,""y"":494,""t"":2925},{""x"":532,""y"":490,""t"":2975},{""x"":483,""y"":502,""t"":2993},{""x"":458,""y"":479,""t"":3041},{""x"":466,""y"":448,""t"":3062},{""x"":415,""y"":406,""t"":3110},{""x"":378,""y"":371,""t"":3129},{""x"":326,""y"":342,""t"":3176},{""x"":205,""y"":324,""t"":3196},{""x"":253,""y"":306,""t"":3244},{""x"":260,""y"":309,""t"":3264},{""x"":334,""y"":315,""t"":3313},{""x"":395,""y"":312,""t"":3333},{""x"":450,""y"":327,""t"":3380},{""x"":478,""y"":333,""t"":3401},{""x"":668,""y"":298,""t"":3448},{""x"":865,""y"":275,""t"":3469},{""x"":1042,""y"":229,""t"":3516},{""x"":1144,""y"":217,""t"":3537},{""x"":1196,""y"":195,""t"":3587},{""x"":1289,""y"":179,""t"":3606},{""x"":1352,""y"":199,""t"":3653},{""x"":1407,""y"":211,""t"":3674},{""x"":1360,""y"":221,""t"":3724},{""x"":1313,""y"":231,""t"":3741},{""x"":1354,""y"":215,""t"":3789},{""x"":1384,""y"":202,""t"":3808},{""x"":1385,""y"":177,""t"":3854},{""x"":1370,""y"":173,""t"":3878},{""x"":1438,""y"":156,""t"":3925},{""x"":1433,""y"":131,""t"":3946},{""x"":1466,""y"":139,""t"":3995},{""x"":1504,""y"":139,""t"":4013},{""x"":1508,""y"":159,""t"":4059},{""x"":1486,""y"":177,""t"":4082},{""x"":1506,""y"":192,""t"":4130},{""x"":1520,""y"":205,""t"":4149},{""x"":1576,""y"":210,""t"":4197},{""x"":1541,""y"":194,""t"":4218},{""x"":1554,""y"":206,""t"":4264},{""x"":1548,""y"":255,""t"":4286},{""x"":1613,""y"":293,""t"":4332},{""x"":1660,""y"":308,""t"":4353},{""x"":1630,""y"":337,""t"":4400},{""x"":1516,""y"":322,""t"":4421},{""x"":1489,""y"":303,""t"":4468},{""x"":1454,""y"":266,""t"":4489},{""x"":1468,""y"":304,""t"":4535},{""x"":1590,""y"":338,""t"":4558},{""x"":1670,""y"":405,""t"":4606},{""x"":1663,""y"":453,""t"":4624},{""x"":1658,""y"":486,""t"":4669},{""x"":1656,""y"":500,""t"":4712},{""x"":1653,""y"":508,""t"":4728},{""x"":1496,""y"":506,""t"":4775},{""x"":1498,""y"":515,""t"":4795},{""x"":1497,""y"":507,""t"":4846},{""x"":1451,""y"":467,""t"":4863},{""x"":1478,""y"":412,""t"":4908},{""x"":1503,""y"":364,""t"":4932},{""x"":1479,""y"":404,""t"":4979},{""x"":1394,""y"":400,""t"":4998},{""x"":1340,""y"":390,""t"":5045},{""x"":1337,""y"":364,""t"":5067},{""x"":1371,""y"":326,""t"":5118},{""x"":1368,""y"":301,""t"":5135},{""x"":1348,""y"":260,""t"":5183},{""x"":1317,""y"":240,""t"":5203},{""x"":1258,""y"":226,""t"":5251},{""x"":1261,""y"":260,""t"":5271},{""x"":1152,""y"":275,""t"":5319},{""x"":1052,""y"":308,""t"":5339},{""x"":943,""y"":305,""t"":5390},{""x"":958,""y"":359,""t"":5407},{""x"":881,""y"":380,""t"":5456},{""x"":794,""y"":378,""t"":5475},{""x"":718,""y"":432,""t"":5523},{""x"":538,""y"":553,""t"":5542},{""x"":584,""y"":690,""t"":5590},{""x"":678,""y"":799,""t"":5611},{""x"":561,""y"":739,""t"":5660},{""x"":492,""y"":728,""t"":5680},{""x"":553,""y"":635,""t"":5729},{""x"":618,""y"":575,""t"":5747},{""x"":603,""y"":520,""t"":5796},{""x"":591,""y"":467,""t"":5815},{""x"":569,""y"":429,""t"":5864},{""x"":581,""y"":380,""t"":5884},{""x"":559,""y"":357,""t"":5936},{""x"":526,""y"":349,""t"":5952},{""x"":600,""y"":338,""t"":6000},{""x"":704,""y"":353,""t"":6019},{""x"":757,""y"":295,""t"":6070}]",0,0.7579583940183722,0.24204160598162783,eu_b-last_b-longer,0
142-alternatives,1,104,exp_6,0.0,408.1999999880791,0.79,0.49,5.300000000000001,8.3,higher_p,higher_m,0,1,alternatives,0.0,False,4.187000000000001,4.067,0.120000000000001,0.3808273136562316,0.4,0.6,0.5,0.5,1.0,1.0,higher_m,higher_m,True,"{""durations"":[1000,1500,1000,1500],""alternatives"":[0,1,0,1],""attributes"":[""all"",""all"",""all"",""all""]}","[{""x"":856,""y"":334,""t"":-11},{""x"":745,""y"":316,""t"":0},{""x"":785,""y"":291,""t"":61},{""x"":821,""y"":270,""t"":77},{""x"":858,""y"":286,""t"":149},{""x"":890,""y"":271,""t"":171},{""x"":873,""y"":251,""t"":217},{""x"":889,""y"":259,""t"":240},{""x"":790,""y"":292,""t"":286},{""x"":710,""y"":294,""t"":308},{""x"":728,""y"":328,""t"":355},{""x"":711,""y"":364,""t"":376},{""x"":593,""y"":375,""t"":422},{""x"":439,""y"":401,""t"":444},{""x"":399,""y"":412,""t"":492},{""x"":346,""y"":402,""t"":511},{""x"":386,""y"":392,""t"":558},{""x"":372,""y"":388,""t"":578},{""x"":412,""y"":373,""t"":624},{""x"":433,""y"":381,""t"":648},{""x"":376,""y"":364,""t"":695},{""x"":352,""y"":345,""t"":715},{""x"":287,""y"":369,""t"":761},{""x"":238,""y"":369,""t"":784},{""x"":227,""y"":362,""t"":832},{""x"":166,""y"":356,""t"":852},{""x"":230,""y"":358,""t"":899},{""x"":286,""y"":340,""t"":920},{""x"":331,""y"":359,""t"":968},{""x"":370,""y"":375,""t"":987},{""x"":423,""y"":370,""t"":1036},{""x"":440,""y"":364,""t"":1056},{""x"":431,""y"":389,""t"":1104},{""x"":466,""y"":405,""t"":1124},{""x"":426,""y"":394,""t"":1170},{""x"":390,""y"":385,""t"":1191},{""x"":648,""y"":400,""t"":1239},{""x"":866,""y"":414,""t"":1260},{""x"":885,""y"":403,""t"":1305},{""x"":1135,""y"":417,""t"":1328},{""x"":1250,""y"":391,""t"":1375},{""x"":1338,""y"":368,""t"":1395},{""x"":1550,""y"":379,""t"":1442},{""x"":1635,""y"":363,""t"":1462},{""x"":1637,""y"":380,""t"":1510},{""x"":1642,""y"":354,""t"":1531},{""x"":1706,""y"":321,""t"":1577},{""x"":1652,""y"":290,""t"":1600},{""x"":1648,""y"":231,""t"":1649},{""x"":1638,""y"":183,""t"":1668},{""x"":1649,""y"":143,""t"":1716},{""x"":1573,""y"":123,""t"":1734},{""x"":1454,""y"":140,""t"":1781},{""x"":1456,""y"":122,""t"":1804},{""x"":1373,""y"":136,""t"":1852},{""x"":1429,""y"":107,""t"":1872},{""x"":1374,""y"":129,""t"":1919},{""x"":1329,""y"":150,""t"":1940},{""x"":1379,""y"":231,""t"":1985},{""x"":1453,""y"":300,""t"":2007},{""x"":1475,""y"":403,""t"":2056},{""x"":1494,""y"":488,""t"":2075},{""x"":1509,""y"":543,""t"":2123},{""x"":1532,""y"":561,""t"":2142},{""x"":1478,""y"":564,""t"":2189},{""x"":1409,""y"":538,""t"":2212},{""x"":1294,""y"":566,""t"":2259},{""x"":1181,""y"":583,""t"":2279},{""x"":1023,""y"":570,""t"":2327},{""x"":927,""y"":519,""t"":2347},{""x"":822,""y"":452,""t"":2395},{""x"":726,""y"":391,""t"":2414},{""x"":662,""y"":371,""t"":2460},{""x"":634,""y"":358,""t"":2484},{""x"":609,""y"":348,""t"":2531},{""x"":582,""y"":325,""t"":2552},{""x"":506,""y"":317,""t"":2599},{""x"":469,""y"":300,""t"":2620},{""x"":453,""y"":289,""t"":2666},{""x"":430,""y"":272,""t"":2688},{""x"":405,""y"":294,""t"":2735},{""x"":345,""y"":311,""t"":2756},{""x"":293,""y"":299,""t"":2802},{""x"":304,""y"":298,""t"":2824},{""x"":339,""y"":299,""t"":2872},{""x"":371,""y"":314,""t"":2892},{""x"":391,""y"":277,""t"":2938},{""x"":427,""y"":245,""t"":2959},{""x"":478,""y"":257,""t"":3004},{""x"":459,""y"":246,""t"":3027},{""x"":484,""y"":268,""t"":3074},{""x"":493,""y"":295,""t"":3094},{""x"":497,""y"":354,""t"":3140},{""x"":498,""y"":422,""t"":3163},{""x"":473,""y"":462,""t"":3213},{""x"":451,""y"":494,""t"":3232},{""x"":496,""y"":487,""t"":3278},{""x"":497,""y"":482,""t"":3300},{""x"":604,""y"":438,""t"":3347},{""x"":722,""y"":475,""t"":3368},{""x"":908,""y"":477,""t"":3416},{""x"":1062,""y"":478,""t"":3435},{""x"":1058,""y"":403,""t"":3482},{""x"":1101,""y"":357,""t"":3504},{""x"":1204,""y"":320,""t"":3552},{""x"":1340,""y"":298,""t"":3572},{""x"":1560,""y"":300,""t"":3619},{""x"":1637,""y"":312,""t"":3639},{""x"":1718,""y"":333,""t"":3686},{""x"":1691,""y"":371,""t"":3708},{""x"":1770,""y"":391,""t"":3754},{""x"":1820,""y"":356,""t"":3776},{""x"":1746,""y"":313,""t"":3822},{""x"":1679,""y"":314,""t"":3844},{""x"":1646,""y"":296,""t"":3897},{""x"":1563,""y"":276,""t"":3910},{""x"":1497,""y"":254,""t"":3958},{""x"":1446,""y"":251,""t"":3980},{""x"":1518,""y"":244,""t"":4028},{""x"":1521,""y"":210,""t"":4047},{""x"":1473,""y"":208,""t"":4096},{""x"":1515,""y"":271,""t"":4116},{""x"":1478,""y"":228,""t"":4164},{""x"":1447,""y"":213,""t"":4183},{""x"":1452,""y"":178,""t"":4232},{""x"":1422,""y"":164,""t"":4251},{""x"":1337,""y"":145,""t"":4299},{""x"":1265,""y"":139,""t"":4320},{""x"":1234,""y"":138,""t"":4370},{""x"":1240,""y"":127,""t"":4388},{""x"":1150,""y"":159,""t"":4437},{""x"":1038,""y"":198,""t"":4455},{""x"":871,""y"":234,""t"":4503},{""x"":687,""y"":306,""t"":4522},{""x"":684,""y"":331,""t"":4572},{""x"":612,""y"":314,""t"":4591},{""x"":550,""y"":337,""t"":4639},{""x"":463,""y"":355,""t"":4659},{""x"":459,""y"":351,""t"":4707},{""x"":463,""y"":346,""t"":4727},{""x"":414,""y"":383,""t"":4776},{""x"":454,""y"":420,""t"":4795},{""x"":432,""y"":433,""t"":4841},{""x"":363,""y"":481,""t"":4863},{""x"":376,""y"":496,""t"":4913},{""x"":400,""y"":481,""t"":4931},{""x"":360,""y"":508,""t"":4980},{""x"":449,""y"":494,""t"":4999},{""x"":445,""y"":453,""t"":5048},{""x"":518,""y"":439,""t"":5067},{""x"":481,""y"":448,""t"":5120},{""x"":498,""y"":426,""t"":5134},{""x"":434,""y"":455,""t"":5182},{""x"":521,""y"":436,""t"":5204},{""x"":552,""y"":406,""t"":5252},{""x"":538,""y"":388,""t"":5272},{""x"":583,""y"":381,""t"":5325},{""x"":627,""y"":364,""t"":5338},{""x"":673,""y"":359,""t"":5389},{""x"":723,""y"":357,""t"":5407},{""x"":702,""y"":341,""t"":5457},{""x"":711,""y"":335,""t"":5475},{""x"":704,""y"":333,""t"":5525},{""x"":704,""y"":336,""t"":5543},{""x"":693,""y"":319,""t"":5592},{""x"":673,""y"":335,""t"":5612},{""x"":771,""y"":303,""t"":5666},{""x"":860,""y"":288,""t"":5678},{""x"":813,""y"":286,""t"":5729},{""x"":770,""y"":297,""t"":5747},{""x"":773,""y"":284,""t"":5799},{""x"":774,""y"":273,""t"":5816},{""x"":798,""y"":282,""t"":5862},{""x"":898,""y"":274,""t"":5883},{""x"":818,""y"":270,""t"":5933},{""x"":785,""y"":266,""t"":5952}]",0,0.8673054523419376,0.13269454765806246,eu_b-last_b-longer,0
142-alternatives,1,105,catch_10,1.0,233.8999999761581,0.31,0.51,1.6999999999999995,3.2,dominated,dominant,1,1,alternatives,0.0,False,0.5269999999999999,1.632,-1.1050000000000002,-0.8800198734488578,0.5,0.5,0.5,0.5,,1.0,,dominant,True,"{""durations"":[1250,1250,1250,1250],""attributes"":[""all"",""all"",""all"",""all""],""alternatives"":[0,1,0,1]}","[{""x"":730,""y"":276,""t"":-11},{""x"":708,""y"":270,""t"":0},{""x"":745,""y"":256,""t"":66},{""x"":718,""y"":267,""t"":82},{""x"":766,""y"":254,""t"":123},{""x"":858,""y"":241,""t"":152},{""x"":901,""y"":239,""t"":201},{""x"":936,""y"":237,""t"":210},{""x"":989,""y"":241,""t"":270},{""x"":1032,""y"":244,""t"":280},{""x"":989,""y"":261,""t"":337},{""x"":949,""y"":276,""t"":346},{""x"":826,""y"":285,""t"":403},{""x"":740,""y"":280,""t"":414},{""x"":586,""y"":293,""t"":473},{""x"":533,""y"":327,""t"":484},{""x"":503,""y"":370,""t"":543},{""x"":507,""y"":396,""t"":553},{""x"":461,""y"":432,""t"":612},{""x"":410,""y"":450,""t"":622},{""x"":360,""y"":462,""t"":679},{""x"":322,""y"":471,""t"":689},{""x"":397,""y"":457,""t"":747},{""x"":463,""y"":418,""t"":757},{""x"":542,""y"":413,""t"":815},{""x"":462,""y"":382,""t"":826},{""x"":420,""y"":344,""t"":866},{""x"":450,""y"":321,""t"":913},{""x"":500,""y"":302,""t"":923},{""x"":427,""y"":315,""t"":978},{""x"":432,""y"":310,""t"":988},{""x"":442,""y"":336,""t"":1046},{""x"":519,""y"":330,""t"":1056},{""x"":515,""y"":327,""t"":1116},{""x"":498,""y"":326,""t"":1126},{""x"":413,""y"":360,""t"":1189},{""x"":386,""y"":398,""t"":1198},{""x"":401,""y"":417,""t"":1257},{""x"":439,""y"":429,""t"":1268},{""x"":455,""y"":447,""t"":1309},{""x"":486,""y"":430,""t"":1358},{""x"":513,""y"":414,""t"":1368},{""x"":670,""y"":392,""t"":1428},{""x"":739,""y"":363,""t"":1437},{""x"":902,""y"":384,""t"":1492},{""x"":1075,""y"":340,""t"":1501},{""x"":1106,""y"":344,""t"":1556},{""x"":1167,""y"":299,""t"":1566},{""x"":1316,""y"":307,""t"":1619},{""x"":1368,""y"":266,""t"":1633},{""x"":1380,""y"":291,""t"":1684},{""x"":1413,""y"":281,""t"":1702},{""x"":1441,""y"":308,""t"":1751},{""x"":1467,""y"":321,""t"":1769},{""x"":1476,""y"":375,""t"":1821},{""x"":1467,""y"":406,""t"":1838},{""x"":1491,""y"":434,""t"":1890},{""x"":1507,""y"":457,""t"":1906},{""x"":1468,""y"":421,""t"":1955},{""x"":1430,""y"":390,""t"":1974},{""x"":1441,""y"":356,""t"":2024},{""x"":1448,""y"":328,""t"":2042},{""x"":1453,""y"":305,""t"":2090},{""x"":1488,""y"":344,""t"":2109},{""x"":1349,""y"":313,""t"":2158},{""x"":1229,""y"":296,""t"":2177},{""x"":1149,""y"":233,""t"":2230},{""x"":1125,""y"":216,""t"":2246},{""x"":1166,""y"":236,""t"":2297},{""x"":1262,""y"":272,""t"":2314},{""x"":1266,""y"":299,""t"":2365},{""x"":1338,""y"":362,""t"":2380},{""x"":1303,""y"":339,""t"":2431},{""x"":1266,""y"":402,""t"":2449},{""x"":1378,""y"":429,""t"":2500},{""x"":1395,""y"":479,""t"":2517},{""x"":1339,""y"":489,""t"":2569},{""x"":1229,""y"":488,""t"":2586},{""x"":1238,""y"":434,""t"":2637},{""x"":1195,""y"":397,""t"":2652},{""x"":1271,""y"":351,""t"":2703},{""x"":1240,""y"":349,""t"":2721},{""x"":1211,""y"":309,""t"":2772},{""x"":1123,""y"":262,""t"":2789},{""x"":994,""y"":250,""t"":2842},{""x"":854,""y"":276,""t"":2858},{""x"":703,""y"":261,""t"":2909},{""x"":580,""y"":250,""t"":2925},{""x"":489,""y"":263,""t"":2975},{""x"":427,""y"":269,""t"":2993},{""x"":394,""y"":261,""t"":3045},{""x"":356,""y"":249,""t"":3061},{""x"":444,""y"":277,""t"":3114},{""x"":467,""y"":311,""t"":3128},{""x"":460,""y"":333,""t"":3178},{""x"":457,""y"":352,""t"":3196},{""x"":458,""y"":400,""t"":3247},{""x"":460,""y"":440,""t"":3265},{""x"":451,""y"":446,""t"":3316},{""x"":509,""y"":448,""t"":3333},{""x"":537,""y"":455,""t"":3383},{""x"":577,""y"":451,""t"":3402},{""x"":805,""y"":479,""t"":3452},{""x"":946,""y"":496,""t"":3469},{""x"":1035,""y"":504,""t"":3520},{""x"":1031,""y"":527,""t"":3537},{""x"":1136,""y"":531,""t"":3589},{""x"":1185,""y"":489,""t"":3604},{""x"":1200,""y"":481,""t"":3655},{""x"":1213,""y"":463,""t"":3673},{""x"":1239,""y"":459,""t"":3724},{""x"":1293,""y"":456,""t"":3742},{""x"":1309,""y"":442,""t"":3792},{""x"":1331,""y"":437,""t"":3810},{""x"":1283,""y"":429,""t"":3860},{""x"":1300,""y"":430,""t"":3878},{""x"":1389,""y"":463,""t"":3938},{""x"":1369,""y"":428,""t"":3952},{""x"":1341,""y"":442,""t"":4014},{""x"":1358,""y"":476,""t"":4063},{""x"":1390,""y"":493,""t"":4082},{""x"":1443,""y"":523,""t"":4132},{""x"":1400,""y"":571,""t"":4150},{""x"":1431,""y"":590,""t"":4198},{""x"":1351,""y"":534,""t"":4218},{""x"":1506,""y"":539,""t"":4264},{""x"":1470,""y"":473,""t"":4285},{""x"":1530,""y"":397,""t"":4334},{""x"":1495,""y"":415,""t"":4353},{""x"":1501,""y"":381,""t"":4400},{""x"":1448,""y"":349,""t"":4422},{""x"":1508,""y"":333,""t"":4468},{""x"":1461,""y"":284,""t"":4490},{""x"":1468,""y"":272,""t"":4538},{""x"":1405,""y"":267,""t"":4556},{""x"":1413,""y"":239,""t"":4603},{""x"":1364,""y"":267,""t"":4626},{""x"":1358,""y"":294,""t"":4674},{""x"":1396,""y"":261,""t"":4694},{""x"":1374,""y"":249,""t"":4741},{""x"":1346,""y"":249,""t"":4762},{""x"":1304,""y"":232,""t"":4814},{""x"":1350,""y"":226,""t"":4829},{""x"":1343,""y"":202,""t"":4876},{""x"":1377,""y"":188,""t"":4897},{""x"":1390,""y"":210,""t"":4944},{""x"":1407,""y"":290,""t"":4965},{""x"":1429,""y"":298,""t"":5012},{""x"":1417,""y"":296,""t"":5033},{""x"":1394,""y"":288,""t"":5081},{""x"":1467,""y"":369,""t"":5101},{""x"":1397,""y"":356,""t"":5147},{""x"":1337,""y"":343,""t"":5169},{""x"":1313,""y"":314,""t"":5216},{""x"":1306,""y"":325,""t"":5237},{""x"":1201,""y"":308,""t"":5284},{""x"":1132,""y"":314,""t"":5304},{""x"":1085,""y"":311,""t"":5353},{""x"":948,""y"":285,""t"":5372},{""x"":960,""y"":281,""t"":5421},{""x"":912,""y"":279,""t"":5441},{""x"":902,""y"":269,""t"":5489},{""x"":973,""y"":300,""t"":5508},{""x"":945,""y"":276,""t"":5556},{""x"":924,""y"":311,""t"":5577},{""x"":854,""y"":341,""t"":5625},{""x"":778,""y"":337,""t"":5646},{""x"":825,""y"":345,""t"":5692},{""x"":922,""y"":346,""t"":5713},{""x"":906,""y"":342,""t"":5759},{""x"":877,""y"":318,""t"":5782}]",1,0.013954622169600908,0.986045377830399,eu_b-last_b-longer,0
142-alternatives,1,108,exp_16,1.0,415.2999999523163,0.28,0.17,4.3,8.3,higher_p,higher_m,0,1,alternatives,0.0,False,1.204,1.4110000000000005,-0.2070000000000003,0.0442583094249128,0.6,0.4,0.5,0.5,0.0,1.0,higher_p,higher_m,False,"{""durations"":[1500,1000,1500,1000],""alternatives"":[0,1,0,1],""attributes"":[""all"",""all"",""all"",""all""]}","[{""x"":878,""y"":289,""t"":0},{""x"":898,""y"":322,""t"":56},{""x"":869,""y"":335,""t"":73},{""x"":873,""y"":315,""t"":128},{""x"":900,""y"":330,""t"":138},{""x"":911,""y"":305,""t"":187},{""x"":951,""y"":303,""t"":206},{""x"":1013,""y"":277,""t"":254},{""x"":987,""y"":285,""t"":274},{""x"":961,""y"":294,""t"":322},{""x"":1013,""y"":310,""t"":341},{""x"":1127,""y"":342,""t"":388},{""x"":1214,""y"":387,""t"":408},{""x"":1393,""y"":422,""t"":455},{""x"":1530,""y"":475,""t"":478},{""x"":1621,""y"":491,""t"":526},{""x"":1713,""y"":506,""t"":545},{""x"":1672,""y"":515,""t"":592},{""x"":1651,""y"":522,""t"":613},{""x"":1634,""y"":546,""t"":659},{""x"":1614,""y"":564,""t"":681},{""x"":1656,""y"":553,""t"":730},{""x"":1634,""y"":561,""t"":749},{""x"":1534,""y"":518,""t"":796},{""x"":1459,""y"":452,""t"":817},{""x"":1589,""y"":488,""t"":865},{""x"":1589,""y"":437,""t"":884},{""x"":1594,""y"":378,""t"":937},{""x"":1598,""y"":329,""t"":953},{""x"":1598,""y"":320,""t"":1001},{""x"":1537,""y"":275,""t"":1021},{""x"":1530,""y"":290,""t"":1070},{""x"":1524,""y"":255,""t"":1089},{""x"":1440,""y"":228,""t"":1137},{""x"":1370,""y"":208,""t"":1157},{""x"":1243,""y"":226,""t"":1204},{""x"":1120,""y"":228,""t"":1224},{""x"":942,""y"":236,""t"":1278},{""x"":872,""y"":280,""t"":1293},{""x"":776,""y"":298,""t"":1340},{""x"":712,""y"":294,""t"":1361},{""x"":640,""y"":288,""t"":1409},{""x"":630,""y"":321,""t"":1429},{""x"":578,""y"":291,""t"":1476},{""x"":565,""y"":297,""t"":1498},{""x"":516,""y"":291,""t"":1547},{""x"":515,""y"":351,""t"":1566},{""x"":536,""y"":359,""t"":1614},{""x"":538,""y"":371,""t"":1633},{""x"":532,""y"":366,""t"":1681},{""x"":547,""y"":355,""t"":1701},{""x"":544,""y"":350,""t"":1747},{""x"":544,""y"":344,""t"":1769},{""x"":516,""y"":326,""t"":1816},{""x"":478,""y"":310,""t"":1836},{""x"":422,""y"":284,""t"":1883},{""x"":401,""y"":282,""t"":1905},{""x"":359,""y"":310,""t"":1951},{""x"":328,""y"":307,""t"":1974},{""x"":400,""y"":326,""t"":2020},{""x"":474,""y"":371,""t"":2042},{""x"":467,""y"":363,""t"":2088},{""x"":461,""y"":355,""t"":2108},{""x"":446,""y"":369,""t"":2157},{""x"":433,""y"":381,""t"":2176},{""x"":450,""y"":357,""t"":2226},{""x"":450,""y"":334,""t"":2244},{""x"":464,""y"":330,""t"":2290},{""x"":534,""y"":334,""t"":2313},{""x"":536,""y"":310,""t"":2359},{""x"":543,""y"":292,""t"":2382},{""x"":501,""y"":312,""t"":2431},{""x"":471,""y"":295,""t"":2450},{""x"":494,""y"":304,""t"":2498},{""x"":466,""y"":314,""t"":2518},{""x"":707,""y"":267,""t"":2567},{""x"":990,""y"":240,""t"":2585},{""x"":1147,""y"":226,""t"":2632},{""x"":1204,""y"":220,""t"":2652},{""x"":1243,""y"":266,""t"":2698},{""x"":1274,""y"":251,""t"":2722},{""x"":1382,""y"":305,""t"":2769},{""x"":1546,""y"":363,""t"":2790},{""x"":1687,""y"":419,""t"":2835},{""x"":1797,""y"":465,""t"":2857},{""x"":1879,""y"":535,""t"":2904},{""x"":1913,""y"":564,""t"":2925},{""x"":1816,""y"":582,""t"":2971},{""x"":1795,""y"":564,""t"":2994},{""x"":1734,""y"":603,""t"":3041},{""x"":1640,""y"":530,""t"":3062},{""x"":1547,""y"":519,""t"":3109},{""x"":1609,""y"":434,""t"":3128},{""x"":1606,""y"":371,""t"":3175},{""x"":1488,""y"":280,""t"":3197},{""x"":1568,""y"":312,""t"":3244},{""x"":1553,""y"":257,""t"":3266},{""x"":1566,""y"":265,""t"":3315},{""x"":1587,""y"":219,""t"":3334},{""x"":1537,""y"":202,""t"":3383},{""x"":1462,""y"":154,""t"":3401},{""x"":1423,""y"":152,""t"":3450},{""x"":1392,""y"":152,""t"":3469},{""x"":1379,""y"":209,""t"":3516},{""x"":1300,""y"":169,""t"":3537},{""x"":1301,""y"":178,""t"":3586},{""x"":1239,""y"":179,""t"":3606},{""x"":1262,""y"":245,""t"":3653},{""x"":1304,""y"":259,""t"":3690},{""x"":1370,""y"":255,""t"":3708},{""x"":1399,""y"":235,""t"":3754},{""x"":1450,""y"":231,""t"":3776},{""x"":1396,""y"":212,""t"":3824},{""x"":1409,""y"":198,""t"":3844},{""x"":1116,""y"":237,""t"":3890},{""x"":892,""y"":244,""t"":3912},{""x"":777,""y"":264,""t"":3960},{""x"":700,""y"":278,""t"":3980},{""x"":593,""y"":301,""t"":4026},{""x"":557,""y"":325,""t"":4047},{""x"":553,""y"":338,""t"":4096},{""x"":546,""y"":332,""t"":4115},{""x"":799,""y"":378,""t"":4164},{""x"":993,""y"":404,""t"":4184},{""x"":1098,""y"":421,""t"":4233},{""x"":1180,""y"":405,""t"":4251},{""x"":1323,""y"":423,""t"":4299},{""x"":1378,""y"":384,""t"":4318},{""x"":1205,""y"":364,""t"":4365},{""x"":1086,""y"":367,""t"":4387},{""x"":958,""y"":353,""t"":4433},{""x"":905,""y"":353,""t"":4456},{""x"":726,""y"":332,""t"":4503},{""x"":663,""y"":327,""t"":4523},{""x"":629,""y"":361,""t"":4569},{""x"":592,""y"":366,""t"":4591},{""x"":553,""y"":361,""t"":4637},{""x"":488,""y"":335,""t"":4659},{""x"":487,""y"":335,""t"":4707},{""x"":492,""y"":336,""t"":4728},{""x"":503,""y"":318,""t"":4775},{""x"":517,""y"":303,""t"":4796},{""x"":440,""y"":273,""t"":4842},{""x"":456,""y"":246,""t"":4862},{""x"":427,""y"":278,""t"":4909},{""x"":398,""y"":259,""t"":4931},{""x"":404,""y"":240,""t"":4980},{""x"":371,""y"":256,""t"":4999},{""x"":407,""y"":285,""t"":5047},{""x"":411,""y"":288,""t"":5067},{""x"":397,""y"":286,""t"":5116},{""x"":404,""y"":275,""t"":5135},{""x"":444,""y"":245,""t"":5185},{""x"":478,""y"":220,""t"":5203},{""x"":512,""y"":199,""t"":5252},{""x"":529,""y"":199,""t"":5271},{""x"":649,""y"":246,""t"":5321},{""x"":687,""y"":264,""t"":5339},{""x"":702,""y"":278,""t"":5386},{""x"":744,""y"":265,""t"":5408},{""x"":806,""y"":267,""t"":5458},{""x"":856,""y"":270,""t"":5474},{""x"":994,""y"":266,""t"":5521},{""x"":1120,""y"":252,""t"":5543},{""x"":1121,""y"":264,""t"":5589},{""x"":1109,""y"":281,""t"":5611},{""x"":1021,""y"":281,""t"":5658},{""x"":939,""y"":277,""t"":5679},{""x"":939,""y"":275,""t"":5728},{""x"":973,""y"":267,""t"":5748},{""x"":1077,""y"":263,""t"":5797},{""x"":1048,""y"":257,""t"":5815},{""x"":1039,""y"":273,""t"":5862},{""x"":1136,""y"":291,""t"":5884},{""x"":1117,""y"":287,""t"":5932},{""x"":1068,""y"":295,""t"":5951}]",1,0.3772870227603829,0.622712977239617,eu_b-last_b-longer,0
142-alternatives,1,110,exp_14,0.0,461.5,0.7,0.29,1.7999999999999998,5.0,higher_p,higher_m,0,1,alternatives,0.0,False,1.2599999999999998,1.45,-0.1900000000000001,0.0617557805929019,0.4,0.6,0.5,0.5,1.0,1.0,higher_m,higher_m,True,"{""durations"":[1000,1500,1000,1500],""alternatives"":[0,1,0,1],""attributes"":[""all"",""all"",""all"",""all""]}","[{""x"":895,""y"":306,""t"":0},{""x"":901,""y"":300,""t"":60},{""x"":926,""y"":287,""t"":69},{""x"":881,""y"":264,""t"":124},{""x"":817,""y"":287,""t"":137},{""x"":883,""y"":311,""t"":184},{""x"":970,""y"":295,""t"":204},{""x"":1010,""y"":284,""t"":251},{""x"":981,""y"":266,""t"":273},{""x"":1079,""y"":320,""t"":321},{""x"":1204,""y"":360,""t"":341},{""x"":1336,""y"":401,""t"":388},{""x"":1257,""y"":422,""t"":410},{""x"":1388,""y"":454,""t"":458},{""x"":1456,""y"":479,""t"":478},{""x"":1532,""y"":513,""t"":526},{""x"":1591,""y"":540,""t"":545},{""x"":1663,""y"":573,""t"":591},{""x"":1718,""y"":599,""t"":613},{""x"":1624,""y"":534,""t"":661},{""x"":1516,""y"":486,""t"":680},{""x"":1347,""y"":438,""t"":728},{""x"":1308,""y"":462,""t"":749},{""x"":1255,""y"":404,""t"":795},{""x"":1155,""y"":354,""t"":818},{""x"":1219,""y"":314,""t"":865},{""x"":1268,""y"":294,""t"":886},{""x"":1255,""y"":256,""t"":933},{""x"":1285,""y"":245,""t"":954},{""x"":1392,""y"":200,""t"":1000},{""x"":1430,""y"":155,""t"":1021},{""x"":1333,""y"":149,""t"":1067},{""x"":1288,""y"":162,""t"":1090},{""x"":1083,""y"":178,""t"":1136},{""x"":942,""y"":191,""t"":1157},{""x"":865,""y"":208,""t"":1206},{""x"":806,""y"":223,""t"":1225},{""x"":732,""y"":236,""t"":1273},{""x"":682,""y"":237,""t"":1294},{""x"":562,""y"":272,""t"":1342},{""x"":542,""y"":279,""t"":1361},{""x"":477,""y"":328,""t"":1411},{""x"":429,""y"":369,""t"":1429},{""x"":408,""y"":388,""t"":1475},{""x"":373,""y"":409,""t"":1497},{""x"":418,""y"":408,""t"":1543},{""x"":457,""y"":421,""t"":1565},{""x"":476,""y"":446,""t"":1612},{""x"":490,""y"":468,""t"":1632},{""x"":465,""y"":461,""t"":1680},{""x"":479,""y"":470,""t"":1702},{""x"":451,""y"":506,""t"":1748},{""x"":457,""y"":532,""t"":1769},{""x"":400,""y"":531,""t"":1817},{""x"":414,""y"":577,""t"":1837},{""x"":600,""y"":574,""t"":1886},{""x"":759,""y"":570,""t"":1905},{""x"":963,""y"":567,""t"":1951},{""x"":1092,""y"":563,""t"":1974},{""x"":1216,""y"":532,""t"":2020},{""x"":1287,""y"":510,""t"":2041},{""x"":1346,""y"":497,""t"":2089},{""x"":1381,""y"":476,""t"":2109},{""x"":1360,""y"":454,""t"":2157},{""x"":1468,""y"":453,""t"":2176},{""x"":1378,""y"":413,""t"":2222},{""x"":1347,""y"":436,""t"":2245},{""x"":1376,""y"":437,""t"":2292},{""x"":1440,""y"":451,""t"":2314},{""x"":1375,""y"":480,""t"":2360},{""x"":1364,""y"":501,""t"":2382},{""x"":1384,""y"":542,""t"":2428},{""x"":1380,""y"":582,""t"":2449},{""x"":1374,""y"":575,""t"":2495},{""x"":1369,""y"":586,""t"":2517},{""x"":1345,""y"":557,""t"":2564},{""x"":1280,""y"":557,""t"":2586},{""x"":1248,""y"":545,""t"":2637},{""x"":1290,""y"":584,""t"":2652},{""x"":1244,""y"":598,""t"":2700},{""x"":1281,""y"":592,""t"":2721},{""x"":1354,""y"":596,""t"":2769},{""x"":1415,""y"":615,""t"":2789},{""x"":1338,""y"":558,""t"":2839},{""x"":1285,""y"":483,""t"":2858},{""x"":1265,""y"":403,""t"":2906},{""x"":1350,""y"":330,""t"":2925},{""x"":1436,""y"":300,""t"":2976},{""x"":1380,""y"":252,""t"":2994},{""x"":1381,""y"":220,""t"":3041},{""x"":1386,""y"":258,""t"":3062},{""x"":1351,""y"":254,""t"":3108},{""x"":1367,""y"":231,""t"":3129},{""x"":1449,""y"":235,""t"":3177},{""x"":1483,""y"":198,""t"":3197},{""x"":1615,""y"":181,""t"":3245},{""x"":1718,""y"":177,""t"":3265},{""x"":1690,""y"":215,""t"":3313},{""x"":1671,""y"":223,""t"":3332},{""x"":1661,""y"":215,""t"":3379},{""x"":1638,""y"":176,""t"":3401},{""x"":1487,""y"":179,""t"":3448},{""x"":1539,""y"":173,""t"":3470},{""x"":1498,""y"":150,""t"":3516},{""x"":1464,""y"":131,""t"":3537},{""x"":1405,""y"":143,""t"":3584},{""x"":1382,""y"":182,""t"":3605},{""x"":1211,""y"":224,""t"":3652},{""x"":1083,""y"":255,""t"":3674},{""x"":984,""y"":250,""t"":3720},{""x"":884,""y"":250,""t"":3740},{""x"":830,""y"":290,""t"":3788},{""x"":663,""y"":307,""t"":3810},{""x"":620,""y"":323,""t"":3856},{""x"":593,""y"":322,""t"":3877},{""x"":568,""y"":309,""t"":3924},{""x"":588,""y"":314,""t"":3945},{""x"":546,""y"":357,""t"":3992},{""x"":476,""y"":385,""t"":4014},{""x"":485,""y"":395,""t"":4061},{""x"":507,""y"":395,""t"":4081},{""x"":538,""y"":398,""t"":4127},{""x"":531,""y"":381,""t"":4149},{""x"":503,""y"":390,""t"":4195},{""x"":482,""y"":400,""t"":4218},{""x"":377,""y"":414,""t"":4265},{""x"":312,""y"":419,""t"":4284},{""x"":401,""y"":461,""t"":4333},{""x"":415,""y"":485,""t"":4353},{""x"":428,""y"":486,""t"":4401},{""x"":445,""y"":489,""t"":4420},{""x"":452,""y"":483,""t"":4467},{""x"":399,""y"":476,""t"":4489},{""x"":498,""y"":443,""t"":4536},{""x"":376,""y"":438,""t"":4557},{""x"":422,""y"":424,""t"":4607},{""x"":439,""y"":396,""t"":4625},{""x"":472,""y"":368,""t"":4673},{""x"":457,""y"":340,""t"":4694},{""x"":458,""y"":317,""t"":4740},{""x"":481,""y"":323,""t"":4761},{""x"":639,""y"":282,""t"":4809},{""x"":772,""y"":248,""t"":4828},{""x"":891,""y"":222,""t"":4875},{""x"":1114,""y"":245,""t"":4898},{""x"":1207,""y"":224,""t"":4945},{""x"":1396,""y"":267,""t"":4965},{""x"":1495,""y"":229,""t"":5012},{""x"":1535,""y"":227,""t"":5034},{""x"":1514,""y"":220,""t"":5081},{""x"":1559,""y"":192,""t"":5102},{""x"":1395,""y"":199,""t"":5151},{""x"":1223,""y"":237,""t"":5170},{""x"":1053,""y"":241,""t"":5218},{""x"":904,""y"":239,""t"":5238},{""x"":856,""y"":258,""t"":5287},{""x"":793,""y"":246,""t"":5305},{""x"":761,""y"":247,""t"":5354},{""x"":730,""y"":230,""t"":5372},{""x"":829,""y"":216,""t"":5422},{""x"":894,""y"":239,""t"":5442},{""x"":921,""y"":251,""t"":5490},{""x"":886,""y"":254,""t"":5509},{""x"":905,""y"":275,""t"":5558},{""x"":929,""y"":255,""t"":5576},{""x"":948,""y"":269,""t"":5624},{""x"":1000,""y"":293,""t"":5646},{""x"":991,""y"":249,""t"":5694},{""x"":993,""y"":240,""t"":5714},{""x"":1000,""y"":294,""t"":5766},{""x"":938,""y"":303,""t"":5781},{""x"":919,""y"":373,""t"":5830},{""x"":924,""y"":368,""t"":5849},{""x"":1018,""y"":371,""t"":5896},{""x"":1015,""y"":373,""t"":5917},{""x"":1022,""y"":349,""t"":5965}]",0,0.6436041398669732,0.3563958601330268,eu_b-last_b-longer,0
142-alternatives,1,113,exp_34,1.0,397.7999999523163,0.79,0.7,2.0,3.2,higher_p,higher_m,0,1,alternatives,0.0,False,1.58,2.24,-0.6599999999999997,-0.4219978340514987,0.6,0.4,0.5,0.5,0.0,0.0,higher_p,higher_p,False,"{""durations"":[1000,1500,1000,1500],""alternatives"":[1,0,1,0],""attributes"":[""all"",""all"",""all"",""all""]}","[{""x"":809,""y"":232,""t"":0},{""x"":877,""y"":222,""t"":35},{""x"":905,""y"":209,""t"":83},{""x"":928,""y"":198,""t"":104},{""x"":820,""y"":209,""t"":150},{""x"":727,""y"":219,""t"":171},{""x"":661,""y"":251,""t"":216},{""x"":607,""y"":279,""t"":239},{""x"":636,""y"":266,""t"":286},{""x"":664,""y"":254,""t"":306},{""x"":521,""y"":289,""t"":352},{""x"":477,""y"":301,""t"":375},{""x"":463,""y"":305,""t"":423},{""x"":477,""y"":297,""t"":443},{""x"":482,""y"":325,""t"":495},{""x"":479,""y"":348,""t"":512},{""x"":414,""y"":347,""t"":560},{""x"":401,""y"":343,""t"":580},{""x"":439,""y"":358,""t"":629},{""x"":473,""y"":370,""t"":647},{""x"":469,""y"":367,""t"":694},{""x"":530,""y"":383,""t"":716},{""x"":471,""y"":353,""t"":762},{""x"":499,""y"":348,""t"":783},{""x"":504,""y"":338,""t"":829},{""x"":509,""y"":329,""t"":850},{""x"":638,""y"":292,""t"":898},{""x"":656,""y"":287,""t"":919},{""x"":699,""y"":296,""t"":969},{""x"":686,""y"":313,""t"":988},{""x"":694,""y"":368,""t"":1035},{""x"":699,""y"":415,""t"":1055},{""x"":813,""y"":383,""t"":1101},{""x"":989,""y"":340,""t"":1122},{""x"":1109,""y"":355,""t"":1170},{""x"":1217,""y"":304,""t"":1191},{""x"":1147,""y"":313,""t"":1239},{""x"":1252,""y"":279,""t"":1260},{""x"":1236,""y"":283,""t"":1307},{""x"":1271,""y"":277,""t"":1328},{""x"":1225,""y"":315,""t"":1376},{""x"":1362,""y"":366,""t"":1395},{""x"":1398,""y"":418,""t"":1444},{""x"":1333,""y"":462,""t"":1462},{""x"":1265,""y"":464,""t"":1512},{""x"":1295,""y"":469,""t"":1530},{""x"":1282,""y"":497,""t"":1580},{""x"":1333,""y"":520,""t"":1600},{""x"":1424,""y"":530,""t"":1646},{""x"":1372,""y"":545,""t"":1668},{""x"":1307,""y"":529,""t"":1714},{""x"":1296,""y"":525,""t"":1735},{""x"":1149,""y"":549,""t"":1784},{""x"":1089,""y"":581,""t"":1803},{""x"":1109,""y"":574,""t"":1852},{""x"":1130,""y"":567,""t"":1871},{""x"":1078,""y"":565,""t"":1918},{""x"":1070,""y"":576,""t"":1940},{""x"":1074,""y"":575,""t"":1988},{""x"":1110,""y"":576,""t"":2008},{""x"":1200,""y"":568,""t"":2055},{""x"":1278,""y"":561,""t"":2076},{""x"":1282,""y"":571,""t"":2121},{""x"":1260,""y"":560,""t"":2143},{""x"":1223,""y"":531,""t"":2191},{""x"":1085,""y"":491,""t"":2210},{""x"":1065,""y"":478,""t"":2260},{""x"":1013,""y"":421,""t"":2279},{""x"":1086,""y"":372,""t"":2328},{""x"":1169,""y"":354,""t"":2347},{""x"":1211,""y"":326,""t"":2395},{""x"":1186,""y"":284,""t"":2415},{""x"":1227,""y"":266,""t"":2465},{""x"":1173,""y"":263,""t"":2483},{""x"":1149,""y"":245,""t"":2534},{""x"":1157,""y"":218,""t"":2551},{""x"":1200,""y"":222,""t"":2600},{""x"":1162,""y"":202,""t"":2619},{""x"":859,""y"":247,""t"":2669},{""x"":775,""y"":245,""t"":2688},{""x"":764,""y"":242,""t"":2736},{""x"":712,""y"":238,""t"":2755},{""x"":675,""y"":242,""t"":2806},{""x"":697,""y"":204,""t"":2823},{""x"":544,""y"":228,""t"":2876},{""x"":554,""y"":250,""t"":2892},{""x"":462,""y"":290,""t"":2943},{""x"":410,""y"":299,""t"":2960},{""x"":338,""y"":326,""t"":3009},{""x"":282,""y"":348,""t"":3026},{""x"":286,""y"":409,""t"":3077},{""x"":295,""y"":459,""t"":3094},{""x"":256,""y"":452,""t"":3145},{""x"":227,""y"":444,""t"":3163},{""x"":308,""y"":479,""t"":3216},{""x"":406,""y"":477,""t"":3230},{""x"":494,""y"":437,""t"":3281},{""x"":587,""y"":427,""t"":3298},{""x"":630,""y"":413,""t"":3350},{""x"":578,""y"":393,""t"":3366},{""x"":645,""y"":370,""t"":3419},{""x"":616,""y"":338,""t"":3435},{""x"":650,""y"":324,""t"":3486},{""x"":676,""y"":312,""t"":3504},{""x"":710,""y"":265,""t"":3558},{""x"":820,""y"":225,""t"":3571},{""x"":897,""y"":201,""t"":3627},{""x"":980,""y"":184,""t"":3639},{""x"":1037,""y"":204,""t"":3693},{""x"":1100,""y"":239,""t"":3707},{""x"":1160,""y"":266,""t"":3756},{""x"":1287,""y"":265,""t"":3775},{""x"":1295,""y"":236,""t"":3827},{""x"":1200,""y"":215,""t"":3844},{""x"":1333,""y"":238,""t"":3894},{""x"":1414,""y"":292,""t"":3912},{""x"":1472,""y"":264,""t"":3963},{""x"":1401,""y"":242,""t"":3980},{""x"":1480,""y"":222,""t"":4031},{""x"":1423,""y"":225,""t"":4047},{""x"":1400,""y"":228,""t"":4097},{""x"":1391,""y"":231,""t"":4115},{""x"":1338,""y"":273,""t"":4167},{""x"":1291,""y"":308,""t"":4183},{""x"":1293,""y"":311,""t"":4231},{""x"":1304,""y"":333,""t"":4252},{""x"":1297,""y"":364,""t"":4305},{""x"":1270,""y"":389,""t"":4320},{""x"":1223,""y"":397,""t"":4369},{""x"":1207,""y"":432,""t"":4388},{""x"":1135,""y"":380,""t"":4437},{""x"":1075,""y"":334,""t"":4456},{""x"":945,""y"":307,""t"":4502},{""x"":840,""y"":280,""t"":4524},{""x"":808,""y"":265,""t"":4575},{""x"":829,""y"":230,""t"":4591},{""x"":729,""y"":207,""t"":4641},{""x"":650,""y"":205,""t"":4659},{""x"":645,""y"":249,""t"":4708},{""x"":642,""y"":266,""t"":4728},{""x"":624,""y"":251,""t"":4779},{""x"":638,""y"":245,""t"":4796},{""x"":619,""y"":260,""t"":4849},{""x"":619,""y"":274,""t"":4863},{""x"":621,""y"":277,""t"":4912},{""x"":625,""y"":280,""t"":4930},{""x"":617,""y"":300,""t"":4982},{""x"":650,""y"":320,""t"":4999},{""x"":701,""y"":288,""t"":5052},{""x"":746,""y"":261,""t"":5067},{""x"":716,""y"":245,""t"":5117},{""x"":690,""y"":230,""t"":5135},{""x"":665,""y"":221,""t"":5186},{""x"":643,""y"":214,""t"":5202},{""x"":656,""y"":239,""t"":5252},{""x"":666,""y"":263,""t"":5270},{""x"":712,""y"":292,""t"":5322},{""x"":741,""y"":287,""t"":5339},{""x"":712,""y"":298,""t"":5390},{""x"":707,""y"":307,""t"":5408},{""x"":737,""y"":312,""t"":5460},{""x"":763,""y"":315,""t"":5475},{""x"":846,""y"":325,""t"":5526},{""x"":799,""y"":294,""t"":5543},{""x"":768,""y"":273,""t"":5597},{""x"":754,""y"":264,""t"":5610},{""x"":800,""y"":265,""t"":5660},{""x"":863,""y"":268,""t"":5679},{""x"":868,""y"":267,""t"":5729},{""x"":935,""y"":275,""t"":5746},{""x"":916,""y"":280,""t"":5797},{""x"":871,""y"":295,""t"":5816},{""x"":902,""y"":272,""t"":5865},{""x"":889,""y"":266,""t"":5884},{""x"":828,""y"":271,""t"":5937}]",1,0.14381118817269298,0.8561888118273069,eu_b-last_b-longer,0
142-alternatives,1,114,exp_86,1.0,261.10000002384186,0.61,0.29,2.2,8.1,higher_p,higher_m,0,1,alternatives,0.0,False,1.342,2.349,-1.0069999999999997,-0.7791520984804502,0.4,0.6,0.5,0.5,1.0,1.0,higher_m,higher_m,False,"{""durations"":[1000,1500,1000,1500],""alternatives"":[0,1,0,1],""attributes"":[""all"",""all"",""all"",""all""]}","[{""x"":877,""y"":304,""t"":0},{""x"":817,""y"":300,""t"":52},{""x"":811,""y"":304,""t"":70},{""x"":869,""y"":335,""t"":134},{""x"":919,""y"":356,""t"":149},{""x"":885,""y"":346,""t"":218},{""x"":937,""y"":349,""t"":240},{""x"":864,""y"":338,""t"":287},{""x"":791,""y"":320,""t"":308},{""x"":874,""y"":320,""t"":355},{""x"":946,""y"":319,""t"":376},{""x"":1018,""y"":318,""t"":423},{""x"":1071,""y"":308,""t"":442},{""x"":1111,""y"":307,""t"":489},{""x"":1143,""y"":306,""t"":510},{""x"":1187,""y"":344,""t"":558},{""x"":1216,""y"":443,""t"":580},{""x"":1362,""y"":501,""t"":628},{""x"":1396,""y"":510,""t"":648},{""x"":1252,""y"":497,""t"":694},{""x"":1208,""y"":533,""t"":715},{""x"":1323,""y"":549,""t"":762},{""x"":1419,""y"":560,""t"":783},{""x"":1511,""y"":533,""t"":830},{""x"":1448,""y"":464,""t"":852},{""x"":1489,""y"":462,""t"":898},{""x"":1445,""y"":394,""t"":919},{""x"":1464,""y"":410,""t"":966},{""x"":1510,""y"":338,""t"":987},{""x"":1597,""y"":328,""t"":1036},{""x"":1505,""y"":302,""t"":1055},{""x"":1491,""y"":251,""t"":1102},{""x"":1507,""y"":208,""t"":1123},{""x"":1231,""y"":213,""t"":1169},{""x"":1000,""y"":235,""t"":1191},{""x"":851,""y"":245,""t"":1239},{""x"":739,""y"":254,""t"":1259},{""x"":671,""y"":263,""t"":1306},{""x"":616,""y"":271,""t"":1327},{""x"":604,""y"":247,""t"":1374},{""x"":560,""y"":241,""t"":1395},{""x"":534,""y"":254,""t"":1442},{""x"":518,""y"":266,""t"":1463},{""x"":527,""y"":285,""t"":1509},{""x"":541,""y"":302,""t"":1532},{""x"":492,""y"":317,""t"":1578},{""x"":453,""y"":330,""t"":1599},{""x"":405,""y"":304,""t"":1649},{""x"":363,""y"":324,""t"":1668},{""x"":346,""y"":330,""t"":1717},{""x"":336,""y"":335,""t"":1735},{""x"":381,""y"":344,""t"":1781},{""x"":423,""y"":351,""t"":1802},{""x"":407,""y"":352,""t"":1849},{""x"":349,""y"":352,""t"":1871},{""x"":410,""y"":385,""t"":1921},{""x"":342,""y"":369,""t"":1939},{""x"":419,""y"":323,""t"":1988},{""x"":416,""y"":321,""t"":2008},{""x"":355,""y"":304,""t"":2055},{""x"":303,""y"":291,""t"":2075},{""x"":303,""y"":284,""t"":2120},{""x"":306,""y"":280,""t"":2144},{""x"":364,""y"":297,""t"":2191},{""x"":414,""y"":313,""t"":2211},{""x"":488,""y"":347,""t"":2257},{""x"":522,""y"":371,""t"":2279},{""x"":473,""y"":399,""t"":2326},{""x"":428,""y"":422,""t"":2347},{""x"":413,""y"":422,""t"":2394},{""x"":400,""y"":420,""t"":2416},{""x"":417,""y"":457,""t"":2463},{""x"":443,""y"":461,""t"":2483},{""x"":735,""y"":492,""t"":2530},{""x"":878,""y"":513,""t"":2551},{""x"":1009,""y"":526,""t"":2598},{""x"":1125,""y"":532,""t"":2619},{""x"":1275,""y"":533,""t"":2667},{""x"":1360,""y"":534,""t"":2688},{""x"":1400,""y"":528,""t"":2734},{""x"":1326,""y"":538,""t"":2756},{""x"":1387,""y"":560,""t"":2803},{""x"":1455,""y"":564,""t"":2824},{""x"":1467,""y"":536,""t"":2871},{""x"":1471,""y"":511,""t"":2891},{""x"":1373,""y"":455,""t"":2938},{""x"":1230,""y"":408,""t"":2960},{""x"":1207,""y"":350,""t"":3007},{""x"":1348,""y"":358,""t"":3027},{""x"":1418,""y"":370,""t"":3075},{""x"":1445,""y"":343,""t"":3095},{""x"":1489,""y"":347,""t"":3141},{""x"":1409,""y"":323,""t"":3164},{""x"":1333,""y"":302,""t"":3210},{""x"":1227,""y"":282,""t"":3231},{""x"":1222,""y"":268,""t"":3277},{""x"":1262,""y"":230,""t"":3300},{""x"":1296,""y"":232,""t"":3347},{""x"":1327,""y"":192,""t"":3367},{""x"":1292,""y"":190,""t"":3415},{""x"":1215,""y"":193,""t"":3435},{""x"":1193,""y"":180,""t"":3484},{""x"":1206,""y"":163,""t"":3502},{""x"":1257,""y"":170,""t"":3551},{""x"":1279,""y"":215,""t"":3570},{""x"":1180,""y"":212,""t"":3618},{""x"":1082,""y"":228,""t"":3639},{""x"":948,""y"":244,""t"":3688},{""x"":838,""y"":258,""t"":3707},{""x"":713,""y"":281,""t"":3753},{""x"":613,""y"":300,""t"":3775},{""x"":514,""y"":292,""t"":3823},{""x"":429,""y"":314,""t"":3843},{""x"":389,""y"":321,""t"":3891},{""x"":367,""y"":334,""t"":3911},{""x"":369,""y"":343,""t"":3959},{""x"":378,""y"":351,""t"":3980},{""x"":296,""y"":408,""t"":4026},{""x"":278,""y"":460,""t"":4047},{""x"":209,""y"":523,""t"":4096},{""x"":154,""y"":574,""t"":4114},{""x"":173,""y"":614,""t"":4160},{""x"":128,""y"":585,""t"":4183},{""x"":186,""y"":574,""t"":4233},{""x"":239,""y"":552,""t"":4252},{""x"":220,""y"":559,""t"":4299},{""x"":205,""y"":563,""t"":4320},{""x"":311,""y"":525,""t"":4367},{""x"":300,""y"":500,""t"":4387},{""x"":360,""y"":497,""t"":4437},{""x"":418,""y"":478,""t"":4456},{""x"":420,""y"":499,""t"":4504},{""x"":466,""y"":516,""t"":4523},{""x"":374,""y"":542,""t"":4570},{""x"":334,""y"":556,""t"":4590},{""x"":369,""y"":553,""t"":4638},{""x"":399,""y"":549,""t"":4659},{""x"":399,""y"":540,""t"":4709},{""x"":427,""y"":562,""t"":4728},{""x"":401,""y"":541,""t"":4779},{""x"":378,""y"":523,""t"":4795},{""x"":382,""y"":496,""t"":4846},{""x"":376,""y"":483,""t"":4863},{""x"":459,""y"":441,""t"":4912},{""x"":505,""y"":455,""t"":4930},{""x"":554,""y"":406,""t"":4980},{""x"":603,""y"":352,""t"":4999},{""x"":631,""y"":330,""t"":5047},{""x"":652,""y"":314,""t"":5068},{""x"":647,""y"":283,""t"":5118},{""x"":666,""y"":270,""t"":5136},{""x"":691,""y"":263,""t"":5186},{""x"":709,""y"":259,""t"":5203},{""x"":711,""y"":279,""t"":5253},{""x"":722,""y"":274,""t"":5272},{""x"":819,""y"":280,""t"":5324},{""x"":868,""y"":266,""t"":5340},{""x"":869,""y"":264,""t"":5388},{""x"":906,""y"":252,""t"":5406},{""x"":896,""y"":253,""t"":5455},{""x"":884,""y"":255,""t"":5475},{""x"":933,""y"":232,""t"":5524},{""x"":978,""y"":196,""t"":5543},{""x"":940,""y"":195,""t"":5596},{""x"":932,""y"":213,""t"":5610},{""x"":985,""y"":219,""t"":5663},{""x"":1082,""y"":247,""t"":5680},{""x"":1046,""y"":228,""t"":5728},{""x"":1038,""y"":211,""t"":5747},{""x"":1007,""y"":243,""t"":5793}]",1,0.1749352229567953,0.8250647770432047,eu_b-last_b-longer,0
142-alternatives,1,116,exp_106,0.0,281.5999999642372,0.78,0.4,2.1,3.0,higher_p,higher_m,0,1,alternatives,0.0,False,1.638,1.2000000000000002,0.4379999999999999,0.7081329507986126,0.6,0.4,0.5,0.5,0.0,0.0,higher_p,higher_p,True,"{""durations"":[1000,1500,1000,1500],""alternatives"":[1,0,1,0],""attributes"":[""all"",""all"",""all"",""all""]}","[{""x"":881,""y"":261,""t"":0},{""x"":846,""y"":265,""t"":42},{""x"":721,""y"":247,""t"":88},{""x"":618,""y"":233,""t"":105},{""x"":671,""y"":224,""t"":156},{""x"":722,""y"":215,""t"":172},{""x"":757,""y"":209,""t"":220},{""x"":788,""y"":205,""t"":239},{""x"":768,""y"":256,""t"":287},{""x"":751,""y"":300,""t"":308},{""x"":682,""y"":308,""t"":356},{""x"":657,""y"":322,""t"":376},{""x"":620,""y"":308,""t"":422},{""x"":504,""y"":298,""t"":443},{""x"":465,""y"":317,""t"":490},{""x"":436,""y"":333,""t"":511},{""x"":448,""y"":350,""t"":558},{""x"":432,""y"":358,""t"":580},{""x"":371,""y"":366,""t"":627},{""x"":352,""y"":388,""t"":648},{""x"":313,""y"":368,""t"":695},{""x"":282,""y"":350,""t"":716},{""x"":370,""y"":372,""t"":763},{""x"":447,""y"":390,""t"":783},{""x"":436,""y"":390,""t"":831},{""x"":444,""y"":388,""t"":851},{""x"":533,""y"":391,""t"":899},{""x"":500,""y"":409,""t"":919},{""x"":472,""y"":431,""t"":967},{""x"":455,""y"":450,""t"":988},{""x"":526,""y"":466,""t"":1037},{""x"":569,""y"":484,""t"":1056},{""x"":756,""y"":416,""t"":1102},{""x"":914,""y"":357,""t"":1123},{""x"":1017,""y"":337,""t"":1172},{""x"":1143,""y"":320,""t"":1191},{""x"":1207,""y"":278,""t"":1237},{""x"":1281,""y"":275,""t"":1259},{""x"":1330,""y"":273,""t"":1308},{""x"":1372,""y"":332,""t"":1328},{""x"":1453,""y"":321,""t"":1377},{""x"":1587,""y"":356,""t"":1395},{""x"":1613,""y"":367,""t"":1443},{""x"":1526,""y"":358,""t"":1463},{""x"":1473,""y"":341,""t"":1511},{""x"":1469,""y"":397,""t"":1531},{""x"":1486,""y"":346,""t"":1579},{""x"":1430,""y"":422,""t"":1599},{""x"":1429,""y"":387,""t"":1649},{""x"":1477,""y"":387,""t"":1668},{""x"":1389,""y"":377,""t"":1717},{""x"":1342,""y"":364,""t"":1735},{""x"":1381,""y"":391,""t"":1784},{""x"":1415,""y"":415,""t"":1804},{""x"":1355,""y"":456,""t"":1851},{""x"":1306,""y"":506,""t"":1872},{""x"":1240,""y"":502,""t"":1919},{""x"":1170,""y"":482,""t"":1938},{""x"":1225,""y"":495,""t"":1984},{""x"":1274,""y"":504,""t"":2007},{""x"":1392,""y"":510,""t"":2056},{""x"":1458,""y"":529,""t"":2076},{""x"":1469,""y"":513,""t"":2124},{""x"":1483,""y"":513,""t"":2144},{""x"":1446,""y"":509,""t"":2192},{""x"":1384,""y"":514,""t"":2212},{""x"":1327,""y"":490,""t"":2258},{""x"":1269,""y"":518,""t"":2280},{""x"":1273,""y"":532,""t"":2326},{""x"":1272,""y"":554,""t"":2346},{""x"":1118,""y"":558,""t"":2394},{""x"":988,""y"":561,""t"":2415},{""x"":874,""y"":527,""t"":2464},{""x"":782,""y"":497,""t"":2483},{""x"":700,""y"":474,""t"":2530},{""x"":653,""y"":435,""t"":2552},{""x"":648,""y"":426,""t"":2603},{""x"":588,""y"":417,""t"":2620},{""x"":595,""y"":383,""t"":2667},{""x"":608,""y"":356,""t"":2687},{""x"":550,""y"":344,""t"":2733},{""x"":526,""y"":344,""t"":2755},{""x"":527,""y"":324,""t"":2804},{""x"":590,""y"":320,""t"":2822},{""x"":647,""y"":318,""t"":2868},{""x"":597,""y"":294,""t"":2909},{""x"":555,""y"":275,""t"":2926},{""x"":462,""y"":293,""t"":2973},{""x"":430,""y"":303,""t"":2994},{""x"":353,""y"":311,""t"":3039},{""x"":292,""y"":319,""t"":3060},{""x"":322,""y"":346,""t"":3108},{""x"":380,""y"":356,""t"":3130},{""x"":428,""y"":356,""t"":3176},{""x"":464,""y"":352,""t"":3196},{""x"":484,""y"":342,""t"":3243},{""x"":471,""y"":320,""t"":3265},{""x"":689,""y"":295,""t"":3312},{""x"":875,""y"":274,""t"":3333},{""x"":962,""y"":266,""t"":3380},{""x"":1082,""y"":289,""t"":3402},{""x"":1113,""y"":281,""t"":3450},{""x"":1152,""y"":275,""t"":3468},{""x"":1208,""y"":242,""t"":3516},{""x"":1219,""y"":214,""t"":3537},{""x"":1199,""y"":201,""t"":3585},{""x"":1277,""y"":190,""t"":3604},{""x"":1286,""y"":177,""t"":3651},{""x"":1260,""y"":176,""t"":3672},{""x"":1284,""y"":179,""t"":3720},{""x"":1366,""y"":191,""t"":3741},{""x"":1379,""y"":178,""t"":3789},{""x"":1368,""y"":174,""t"":3809},{""x"":1334,""y"":186,""t"":3857},{""x"":1372,""y"":179,""t"":3877},{""x"":1308,""y"":169,""t"":3924},{""x"":1326,""y"":184,""t"":3945},{""x"":1418,""y"":243,""t"":3993},{""x"":1444,""y"":293,""t"":4014},{""x"":1325,""y"":318,""t"":4061},{""x"":1337,""y"":380,""t"":4081},{""x"":1376,""y"":426,""t"":4127},{""x"":1289,""y"":433,""t"":4150},{""x"":1198,""y"":452,""t"":4201},{""x"":1121,""y"":472,""t"":4217},{""x"":1100,""y"":487,""t"":4266},{""x"":1085,""y"":498,""t"":4286},{""x"":957,""y"":523,""t"":4332},{""x"":896,""y"":539,""t"":4353},{""x"":909,""y"":539,""t"":4399},{""x"":997,""y"":532,""t"":4422},{""x"":1079,""y"":558,""t"":4469},{""x"":1150,""y"":578,""t"":4488},{""x"":1244,""y"":558,""t"":4540},{""x"":1322,""y"":539,""t"":4558},{""x"":1304,""y"":494,""t"":4606},{""x"":1278,""y"":461,""t"":4626},{""x"":1292,""y"":397,""t"":4675},{""x"":1285,""y"":354,""t"":4693},{""x"":1298,""y"":301,""t"":4739},{""x"":1294,""y"":276,""t"":4761},{""x"":1248,""y"":239,""t"":4809},{""x"":1155,""y"":261,""t"":4829},{""x"":1152,""y"":259,""t"":4875},{""x"":1151,""y"":259,""t"":4898},{""x"":1188,""y"":228,""t"":4945},{""x"":1221,""y"":203,""t"":4965},{""x"":1141,""y"":224,""t"":5010},{""x"":1101,""y"":228,""t"":5034},{""x"":1108,""y"":227,""t"":5081},{""x"":1076,""y"":218,""t"":5102},{""x"":1077,""y"":226,""t"":5148},{""x"":1223,""y"":302,""t"":5169},{""x"":1186,""y"":274,""t"":5216},{""x"":1143,""y"":252,""t"":5236},{""x"":1135,""y"":237,""t"":5283},{""x"":1111,""y"":217,""t"":5306},{""x"":1000,""y"":227,""t"":5352},{""x"":944,""y"":220,""t"":5373},{""x"":920,""y"":225,""t"":5422},{""x"":902,""y"":229,""t"":5440},{""x"":901,""y"":269,""t"":5486},{""x"":903,""y"":304,""t"":5508},{""x"":879,""y"":272,""t"":5557},{""x"":909,""y"":267,""t"":5578},{""x"":863,""y"":269,""t"":5625},{""x"":818,""y"":325,""t"":5645},{""x"":815,""y"":333,""t"":5691},{""x"":875,""y"":315,""t"":5713},{""x"":892,""y"":343,""t"":5765},{""x"":923,""y"":367,""t"":5781},{""x"":976,""y"":358,""t"":5827}]",0,0.9157639566534201,0.08423604334657991,eu_b-last_b-longer,0
142-alternatives,1,118,exp_76,0.0,339.5,0.8,0.2,4.0,6.799999999999999,higher_p,higher_m,0,1,alternatives,0.0,False,3.2,1.36,1.8400000000000003,2.151159690652763,0.4,0.6,0.5,0.5,1.0,0.0,higher_m,higher_p,True,"{""durations"":[1500,1000,1500,1000],""alternatives"":[1,0,1,0],""attributes"":[""all"",""all"",""all"",""all""]}","[{""x"":869,""y"":402,""t"":-10},{""x"":797,""y"":491,""t"":0},{""x"":858,""y"":461,""t"":66},{""x"":814,""y"":459,""t"":82},{""x"":847,""y"":415,""t"":138},{""x"":908,""y"":448,""t"":183},{""x"":938,""y"":462,""t"":206},{""x"":1012,""y"":532,""t"":252},{""x"":1126,""y"":465,""t"":274},{""x"":1273,""y"":535,""t"":323},{""x"":1389,""y"":588,""t"":342},{""x"":1368,""y"":616,""t"":388},{""x"":1397,""y"":618,""t"":409},{""x"":1451,""y"":661,""t"":457},{""x"":1532,""y"":645,""t"":477},{""x"":1537,""y"":669,""t"":526},{""x"":1433,""y"":626,""t"":545},{""x"":1385,""y"":579,""t"":593},{""x"":1406,""y"":515,""t"":612},{""x"":1438,""y"":448,""t"":660},{""x"":1555,""y"":420,""t"":682},{""x"":1486,""y"":373,""t"":728},{""x"":1534,""y"":385,""t"":750},{""x"":1466,""y"":321,""t"":801},{""x"":1341,""y"":315,""t"":818},{""x"":1314,""y"":273,""t"":867},{""x"":1403,""y"":286,""t"":885},{""x"":1417,""y"":250,""t"":932},{""x"":1364,""y"":254,""t"":954},{""x"":1489,""y"":222,""t"":1000},{""x"":1463,""y"":303,""t"":1022},{""x"":1580,""y"":269,""t"":1070},{""x"":1536,""y"":308,""t"":1090},{""x"":1480,""y"":349,""t"":1138},{""x"":1480,""y"":440,""t"":1157},{""x"":1387,""y"":479,""t"":1205},{""x"":1357,""y"":505,""t"":1224},{""x"":1275,""y"":568,""t"":1271},{""x"":1212,""y"":638,""t"":1293},{""x"":1221,""y"":706,""t"":1341},{""x"":1312,""y"":687,""t"":1362},{""x"":1275,""y"":666,""t"":1410},{""x"":1245,""y"":645,""t"":1428},{""x"":1092,""y"":613,""t"":1477},{""x"":972,""y"":540,""t"":1496},{""x"":756,""y"":488,""t"":1547},{""x"":726,""y"":430,""t"":1565},{""x"":450,""y"":451,""t"":1612},{""x"":487,""y"":436,""t"":1633},{""x"":404,""y"":499,""t"":1679},{""x"":417,""y"":460,""t"":1701},{""x"":364,""y"":435,""t"":1748},{""x"":327,""y"":415,""t"":1769},{""x"":238,""y"":416,""t"":1820},{""x"":280,""y"":416,""t"":1838},{""x"":243,""y"":400,""t"":1885},{""x"":270,""y"":383,""t"":1906},{""x"":299,""y"":357,""t"":1953},{""x"":326,""y"":337,""t"":1973},{""x"":358,""y"":321,""t"":2019},{""x"":331,""y"":342,""t"":2040},{""x"":357,""y"":326,""t"":2086},{""x"":439,""y"":287,""t"":2109},{""x"":475,""y"":306,""t"":2157},{""x"":471,""y"":288,""t"":2177},{""x"":426,""y"":274,""t"":2223},{""x"":446,""y"":276,""t"":2245},{""x"":441,""y"":296,""t"":2291},{""x"":466,""y"":289,""t"":2313},{""x"":427,""y"":291,""t"":2361},{""x"":414,""y"":287,""t"":2381},{""x"":351,""y"":298,""t"":2428},{""x"":383,""y"":265,""t"":2448},{""x"":275,""y"":295,""t"":2494},{""x"":378,""y"":323,""t"":2517},{""x"":434,""y"":320,""t"":2568},{""x"":484,""y"":333,""t"":2585},{""x"":693,""y"":299,""t"":2633},{""x"":821,""y"":293,""t"":2653},{""x"":884,""y"":317,""t"":2701},{""x"":943,""y"":271,""t"":2721},{""x"":1002,""y"":334,""t"":2767},{""x"":1097,""y"":313,""t"":2790},{""x"":1200,""y"":292,""t"":2836},{""x"":1288,""y"":271,""t"":2857},{""x"":1259,""y"":276,""t"":2905},{""x"":1371,""y"":257,""t"":2925},{""x"":1383,""y"":278,""t"":2970},{""x"":1409,""y"":276,""t"":2993},{""x"":1410,""y"":294,""t"":3041},{""x"":1517,""y"":265,""t"":3060},{""x"":1318,""y"":336,""t"":3108},{""x"":1301,""y"":331,""t"":3129},{""x"":1210,""y"":420,""t"":3173},{""x"":1148,""y"":397,""t"":3198},{""x"":1100,""y"":374,""t"":3244},{""x"":1128,""y"":343,""t"":3266},{""x"":956,""y"":334,""t"":3312},{""x"":950,""y"":298,""t"":3333},{""x"":801,""y"":295,""t"":3380},{""x"":867,""y"":289,""t"":3401},{""x"":922,""y"":287,""t"":3448},{""x"":985,""y"":269,""t"":3469},{""x"":906,""y"":263,""t"":3517},{""x"":934,""y"":248,""t"":3536},{""x"":1123,""y"":298,""t"":3584},{""x"":1264,""y"":301,""t"":3606},{""x"":1280,""y"":381,""t"":3654},{""x"":1312,""y"":399,""t"":3673},{""x"":1387,""y"":503,""t"":3720},{""x"":1443,""y"":526,""t"":3741},{""x"":1441,""y"":554,""t"":3787},{""x"":1488,""y"":564,""t"":3809},{""x"":1482,""y"":588,""t"":3857},{""x"":1427,""y"":600,""t"":3878},{""x"":1435,""y"":595,""t"":3927},{""x"":1405,""y"":546,""t"":3944},{""x"":1221,""y"":547,""t"":3994},{""x"":1209,""y"":539,""t"":4013},{""x"":1172,""y"":542,""t"":4060},{""x"":1042,""y"":475,""t"":4082},{""x"":860,""y"":459,""t"":4129},{""x"":781,""y"":406,""t"":4149},{""x"":765,""y"":423,""t"":4198},{""x"":719,""y"":379,""t"":4218},{""x"":586,""y"":384,""t"":4268},{""x"":540,""y"":366,""t"":4286},{""x"":397,""y"":390,""t"":4333},{""x"":405,""y"":400,""t"":4354},{""x"":330,""y"":422,""t"":4402},{""x"":383,""y"":375,""t"":4422},{""x"":312,""y"":358,""t"":4468},{""x"":283,""y"":342,""t"":4489},{""x"":340,""y"":332,""t"":4539},{""x"":376,""y"":319,""t"":4557},{""x"":422,""y"":345,""t"":4605},{""x"":457,""y"":345,""t"":4625},{""x"":498,""y"":361,""t"":4673},{""x"":489,""y"":374,""t"":4693},{""x"":507,""y"":398,""t"":4742},{""x"":515,""y"":390,""t"":4762},{""x"":467,""y"":407,""t"":4811},{""x"":457,""y"":409,""t"":4830},{""x"":418,""y"":413,""t"":4879},{""x"":446,""y"":412,""t"":4897},{""x"":421,""y"":410,""t"":4948},{""x"":435,""y"":422,""t"":4965},{""x"":435,""y"":415,""t"":5015},{""x"":460,""y"":404,""t"":5033},{""x"":605,""y"":420,""t"":5084},{""x"":727,""y"":433,""t"":5102},{""x"":796,""y"":394,""t"":5152},{""x"":879,""y"":402,""t"":5169},{""x"":992,""y"":384,""t"":5221},{""x"":1082,""y"":369,""t"":5237},{""x"":1127,""y"":344,""t"":5288},{""x"":1156,""y"":341,""t"":5305},{""x"":1092,""y"":334,""t"":5358},{""x"":1031,""y"":361,""t"":5374},{""x"":1063,""y"":348,""t"":5420},{""x"":1088,""y"":337,""t"":5442},{""x"":999,""y"":317,""t"":5496},{""x"":974,""y"":327,""t"":5508},{""x"":924,""y"":294,""t"":5559},{""x"":856,""y"":311,""t"":5576},{""x"":837,""y"":303,""t"":5629},{""x"":796,""y"":334,""t"":5646},{""x"":775,""y"":326,""t"":5696},{""x"":750,""y"":326,""t"":5714},{""x"":753,""y"":310,""t"":5763},{""x"":712,""y"":334,""t"":5781},{""x"":747,""y"":332,""t"":5832},{""x"":812,""y"":357,""t"":5848},{""x"":888,""y"":303,""t"":5898},{""x"":933,""y"":277,""t"":5918}]",0,0.9996574508994092,0.0003425491005909198,eu_b-last_b-longer,0
142-alternatives,1,120,exp_110,0.0,312.60000002384186,0.78,0.4,2.1,3.0,higher_p,higher_m,0,1,alternatives,0.0,False,1.638,1.2000000000000002,0.4379999999999999,0.7081329507986126,0.4,0.6,0.5,0.5,1.0,1.0,higher_m,higher_m,True,"{""durations"":[1000,1500,1000,1500],""alternatives"":[0,1,0,1],""attributes"":[""all"",""all"",""all"",""all""]}","[{""x"":863,""y"":248,""t"":-16},{""x"":842,""y"":254,""t"":0},{""x"":946,""y"":273,""t"":59},{""x"":1034,""y"":289,""t"":73},{""x"":1057,""y"":299,""t"":137},{""x"":973,""y"":284,""t"":181},{""x"":917,""y"":336,""t"":225},{""x"":975,""y"":334,""t"":239},{""x"":1040,""y"":325,""t"":287},{""x"":1095,""y"":316,""t"":306},{""x"":1237,""y"":347,""t"":352},{""x"":1314,""y"":313,""t"":375},{""x"":1441,""y"":292,""t"":421},{""x"":1452,""y"":256,""t"":444},{""x"":1555,""y"":330,""t"":492},{""x"":1552,""y"":343,""t"":512},{""x"":1570,""y"":375,""t"":559},{""x"":1563,""y"":409,""t"":579},{""x"":1552,""y"":388,""t"":628},{""x"":1597,""y"":395,""t"":647},{""x"":1752,""y"":412,""t"":695},{""x"":1656,""y"":361,""t"":714},{""x"":1716,""y"":349,""t"":763},{""x"":1719,""y"":289,""t"":784},{""x"":1669,""y"":273,""t"":832},{""x"":1575,""y"":254,""t"":851},{""x"":1560,""y"":249,""t"":902},{""x"":1573,""y"":228,""t"":920},{""x"":1605,""y"":233,""t"":967},{""x"":1633,""y"":239,""t"":988},{""x"":1640,""y"":242,""t"":1037},{""x"":1626,""y"":238,""t"":1056},{""x"":1495,""y"":254,""t"":1103},{""x"":1369,""y"":255,""t"":1122},{""x"":1071,""y"":283,""t"":1168},{""x"":861,""y"":272,""t"":1191},{""x"":731,""y"":281,""t"":1238},{""x"":648,""y"":296,""t"":1260},{""x"":642,""y"":307,""t"":1308},{""x"":610,""y"":303,""t"":1328},{""x"":513,""y"":301,""t"":1375},{""x"":461,""y"":289,""t"":1395},{""x"":367,""y"":310,""t"":1441},{""x"":378,""y"":328,""t"":1463},{""x"":342,""y"":344,""t"":1512},{""x"":318,""y"":357,""t"":1530},{""x"":368,""y"":423,""t"":1577},{""x"":443,""y"":434,""t"":1599},{""x"":476,""y"":449,""t"":1647},{""x"":507,""y"":460,""t"":1667},{""x"":560,""y"":496,""t"":1712},{""x"":606,""y"":526,""t"":1735},{""x"":617,""y"":498,""t"":1788},{""x"":600,""y"":486,""t"":1803},{""x"":559,""y"":497,""t"":1850},{""x"":546,""y"":460,""t"":1872},{""x"":533,""y"":449,""t"":1919},{""x"":500,""y"":392,""t"":1939},{""x"":463,""y"":347,""t"":1986},{""x"":434,""y"":308,""t"":2006},{""x"":409,""y"":292,""t"":2053},{""x"":428,""y"":303,""t"":2075},{""x"":410,""y"":301,""t"":2123},{""x"":458,""y"":293,""t"":2143},{""x"":447,""y"":302,""t"":2190},{""x"":461,""y"":313,""t"":2211},{""x"":661,""y"":299,""t"":2257},{""x"":818,""y"":261,""t"":2280},{""x"":993,""y"":262,""t"":2327},{""x"":1185,""y"":269,""t"":2348},{""x"":1223,""y"":260,""t"":2396},{""x"":1324,""y"":254,""t"":2416},{""x"":1393,""y"":246,""t"":2464},{""x"":1418,""y"":200,""t"":2483},{""x"":1516,""y"":191,""t"":2532},{""x"":1504,""y"":163,""t"":2551},{""x"":1445,""y"":156,""t"":2598},{""x"":1456,""y"":149,""t"":2618},{""x"":1476,""y"":178,""t"":2665},{""x"":1494,""y"":175,""t"":2687},{""x"":1418,""y"":181,""t"":2733},{""x"":1382,""y"":198,""t"":2755},{""x"":1349,""y"":204,""t"":2803},{""x"":1378,""y"":211,""t"":2823},{""x"":1439,""y"":222,""t"":2870},{""x"":1491,""y"":232,""t"":2892},{""x"":1540,""y"":276,""t"":2938},{""x"":1571,""y"":357,""t"":2960},{""x"":1493,""y"":370,""t"":3008},{""x"":1466,""y"":426,""t"":3027},{""x"":1350,""y"":413,""t"":3074},{""x"":1383,""y"":490,""t"":3095},{""x"":1378,""y"":504,""t"":3145},{""x"":1349,""y"":550,""t"":3163},{""x"":1283,""y"":544,""t"":3211},{""x"":1304,""y"":566,""t"":3230},{""x"":1298,""y"":563,""t"":3277},{""x"":1389,""y"":574,""t"":3300},{""x"":1408,""y"":575,""t"":3347},{""x"":1339,""y"":629,""t"":3367},{""x"":1341,""y"":615,""t"":3413},{""x"":1350,""y"":601,""t"":3436},{""x"":1264,""y"":577,""t"":3483},{""x"":1282,""y"":548,""t"":3503},{""x"":1279,""y"":495,""t"":3551},{""x"":1353,""y"":501,""t"":3572},{""x"":1406,""y"":444,""t"":3619},{""x"":1414,""y"":459,""t"":3639},{""x"":1395,""y"":432,""t"":3685},{""x"":1373,""y"":442,""t"":3707},{""x"":1473,""y"":435,""t"":3755},{""x"":1479,""y"":434,""t"":3775},{""x"":1345,""y"":398,""t"":3825},{""x"":1211,""y"":394,""t"":3843},{""x"":1059,""y"":386,""t"":3892},{""x"":877,""y"":408,""t"":3910},{""x"":817,""y"":393,""t"":3958},{""x"":713,""y"":389,""t"":3979},{""x"":617,""y"":360,""t"":4025},{""x"":528,""y"":363,""t"":4047},{""x"":525,""y"":375,""t"":4093},{""x"":488,""y"":363,""t"":4115},{""x"":489,""y"":359,""t"":4164},{""x"":442,""y"":355,""t"":4182},{""x"":464,""y"":331,""t"":4232},{""x"":395,""y"":396,""t"":4251},{""x"":469,""y"":332,""t"":4297},{""x"":505,""y"":367,""t"":4320},{""x"":514,""y"":329,""t"":4368},{""x"":409,""y"":331,""t"":4387},{""x"":504,""y"":319,""t"":4435},{""x"":660,""y"":320,""t"":4455},{""x"":746,""y"":362,""t"":4506},{""x"":855,""y"":450,""t"":4523},{""x"":892,""y"":464,""t"":4574},{""x"":1006,""y"":517,""t"":4591},{""x"":1004,""y"":483,""t"":4638},{""x"":1103,""y"":535,""t"":4660},{""x"":1219,""y"":496,""t"":4708},{""x"":1320,""y"":492,""t"":4727},{""x"":1350,""y"":466,""t"":4776},{""x"":1424,""y"":474,""t"":4795},{""x"":1395,""y"":441,""t"":4844},{""x"":1445,""y"":445,""t"":4864},{""x"":1485,""y"":399,""t"":4910},{""x"":1462,""y"":412,""t"":4931},{""x"":1495,""y"":371,""t"":4979},{""x"":1525,""y"":396,""t"":4999},{""x"":1528,""y"":376,""t"":5048},{""x"":1571,""y"":408,""t"":5068},{""x"":1493,""y"":376,""t"":5117},{""x"":1456,""y"":427,""t"":5135},{""x"":1440,""y"":393,""t"":5182},{""x"":1501,""y"":427,""t"":5202},{""x"":1500,""y"":399,""t"":5251},{""x"":1470,""y"":417,""t"":5271},{""x"":1384,""y"":401,""t"":5321},{""x"":1245,""y"":453,""t"":5339},{""x"":1127,""y"":408,""t"":5394},{""x"":1136,""y"":382,""t"":5407},{""x"":1029,""y"":368,""t"":5456},{""x"":871,""y"":401,""t"":5475},{""x"":949,""y"":360,""t"":5525},{""x"":899,""y"":363,""t"":5543},{""x"":916,""y"":418,""t"":5595},{""x"":1010,""y"":413,""t"":5612},{""x"":1085,""y"":390,""t"":5661},{""x"":1100,""y"":362,""t"":5680},{""x"":1082,""y"":330,""t"":5728},{""x"":1060,""y"":341,""t"":5746},{""x"":1021,""y"":342,""t"":5801},{""x"":997,""y"":366,""t"":5815}]",0,0.9109186597929787,0.08908134020702134,eu_b-last_b-longer,0
142-alternatives,1,122,exp_72,0.0,482.3000000119209,0.8,0.2,4.0,6.799999999999999,higher_p,higher_m,0,1,alternatives,0.0,False,3.2,1.36,1.8400000000000003,2.151159690652763,0.6,0.4,0.5,0.5,0.0,1.0,higher_p,higher_m,True,"{""durations"":[1500,1000,1500,1000],""alternatives"":[0,1,0,1],""attributes"":[""all"",""all"",""all"",""all""]}","[{""x"":993,""y"":309,""t"":-12},{""x"":1003,""y"":324,""t"":0},{""x"":992,""y"":327,""t"":55},{""x"":995,""y"":318,""t"":72},{""x"":940,""y"":332,""t"":126},{""x"":859,""y"":341,""t"":140},{""x"":838,""y"":348,""t"":202},{""x"":893,""y"":331,""t"":211},{""x"":872,""y"":332,""t"":264},{""x"":884,""y"":329,""t"":274},{""x"":738,""y"":346,""t"":326},{""x"":671,""y"":386,""t"":340},{""x"":542,""y"":406,""t"":388},{""x"":519,""y"":415,""t"":410},{""x"":479,""y"":454,""t"":456},{""x"":495,""y"":454,""t"":478},{""x"":486,""y"":466,""t"":526},{""x"":476,""y"":466,""t"":545},{""x"":457,""y"":434,""t"":593},{""x"":514,""y"":410,""t"":613},{""x"":454,""y"":367,""t"":661},{""x"":365,""y"":322,""t"":682},{""x"":348,""y"":307,""t"":729},{""x"":387,""y"":303,""t"":750},{""x"":416,""y"":289,""t"":797},{""x"":410,""y"":301,""t"":817},{""x"":425,""y"":288,""t"":867},{""x"":438,""y"":278,""t"":885},{""x"":483,""y"":296,""t"":932},{""x"":535,""y"":311,""t"":953},{""x"":637,""y"":287,""t"":1002},{""x"":683,""y"":300,""t"":1022},{""x"":832,""y"":253,""t"":1069},{""x"":997,""y"":280,""t"":1089},{""x"":1012,""y"":259,""t"":1136},{""x"":1096,""y"":241,""t"":1157},{""x"":1241,""y"":230,""t"":1204},{""x"":1354,""y"":219,""t"":1225},{""x"":1490,""y"":183,""t"":1272},{""x"":1597,""y"":154,""t"":1292},{""x"":1573,""y"":151,""t"":1340},{""x"":1542,""y"":150,""t"":1361},{""x"":1550,""y"":165,""t"":1407},{""x"":1550,""y"":179,""t"":1429},{""x"":1543,""y"":177,""t"":1475},{""x"":1480,""y"":201,""t"":1496},{""x"":1536,""y"":191,""t"":1550},{""x"":1531,""y"":192,""t"":1565},{""x"":1501,""y"":192,""t"":1614},{""x"":1477,""y"":214,""t"":1633},{""x"":1432,""y"":216,""t"":1680},{""x"":1465,""y"":239,""t"":1701},{""x"":1432,""y"":240,""t"":1748},{""x"":1412,""y"":259,""t"":1770},{""x"":1331,""y"":257,""t"":1817},{""x"":1277,""y"":268,""t"":1836},{""x"":1311,""y"":262,""t"":1884},{""x"":1341,""y"":255,""t"":1906},{""x"":1343,""y"":256,""t"":1954},{""x"":1346,""y"":257,""t"":1973},{""x"":1341,""y"":313,""t"":2020},{""x"":1360,""y"":327,""t"":2042},{""x"":1299,""y"":339,""t"":2089},{""x"":1277,""y"":385,""t"":2110},{""x"":1398,""y"":445,""t"":2156},{""x"":1369,""y"":493,""t"":2178},{""x"":1391,""y"":547,""t"":2225},{""x"":1394,""y"":582,""t"":2244},{""x"":1471,""y"":578,""t"":2290},{""x"":1395,""y"":585,""t"":2313},{""x"":1515,""y"":591,""t"":2361},{""x"":1618,""y"":593,""t"":2382},{""x"":1661,""y"":522,""t"":2428},{""x"":1694,""y"":460,""t"":2450},{""x"":1724,""y"":413,""t"":2498},{""x"":1747,""y"":374,""t"":2517},{""x"":1674,""y"":328,""t"":2564},{""x"":1637,""y"":327,""t"":2586},{""x"":1521,""y"":273,""t"":2632},{""x"":1463,""y"":275,""t"":2654},{""x"":1465,""y"":252,""t"":2701},{""x"":1455,""y"":214,""t"":2722},{""x"":1172,""y"":222,""t"":2769},{""x"":972,""y"":253,""t"":2789},{""x"":798,""y"":269,""t"":2836},{""x"":666,""y"":278,""t"":2856},{""x"":509,""y"":301,""t"":2907},{""x"":405,""y"":324,""t"":2926},{""x"":302,""y"":349,""t"":2972},{""x"":248,""y"":348,""t"":2994},{""x"":236,""y"":366,""t"":3042},{""x"":246,""y"":376,""t"":3061},{""x"":287,""y"":392,""t"":3110},{""x"":363,""y"":424,""t"":3129},{""x"":258,""y"":446,""t"":3175},{""x"":271,""y"":452,""t"":3197},{""x"":337,""y"":462,""t"":3244},{""x"":318,""y"":439,""t"":3265},{""x"":387,""y"":427,""t"":3312},{""x"":417,""y"":401,""t"":3334},{""x"":506,""y"":433,""t"":3382},{""x"":518,""y"":455,""t"":3401},{""x"":529,""y"":409,""t"":3447},{""x"":599,""y"":370,""t"":3470},{""x"":740,""y"":365,""t"":3517},{""x"":848,""y"":345,""t"":3537},{""x"":899,""y"":327,""t"":3582},{""x"":933,""y"":323,""t"":3606},{""x"":854,""y"":308,""t"":3655},{""x"":796,""y"":294,""t"":3674},{""x"":788,""y"":276,""t"":3721},{""x"":789,""y"":256,""t"":3740},{""x"":773,""y"":260,""t"":3787},{""x"":758,""y"":264,""t"":3809},{""x"":737,""y"":270,""t"":3856},{""x"":752,""y"":281,""t"":3877},{""x"":754,""y"":271,""t"":3923},{""x"":758,""y"":283,""t"":3946},{""x"":669,""y"":311,""t"":3993},{""x"":674,""y"":302,""t"":4013},{""x"":556,""y"":330,""t"":4061},{""x"":457,""y"":353,""t"":4081},{""x"":446,""y"":365,""t"":4127},{""x"":440,""y"":374,""t"":4149},{""x"":474,""y"":384,""t"":4195},{""x"":450,""y"":376,""t"":4218},{""x"":507,""y"":363,""t"":4265},{""x"":583,""y"":340,""t"":4286},{""x"":869,""y"":319,""t"":4335},{""x"":1115,""y"":315,""t"":4353},{""x"":1233,""y"":269,""t"":4401},{""x"":1287,""y"":224,""t"":4421},{""x"":1271,""y"":225,""t"":4467},{""x"":1350,""y"":243,""t"":4488},{""x"":1219,""y"":237,""t"":4535},{""x"":1130,""y"":227,""t"":4558},{""x"":1035,""y"":211,""t"":4604},{""x"":989,""y"":222,""t"":4626},{""x"":945,""y"":239,""t"":4672},{""x"":848,""y"":248,""t"":4693},{""x"":823,""y"":265,""t"":4739},{""x"":831,""y"":258,""t"":4761},{""x"":827,""y"":277,""t"":4808},{""x"":826,""y"":292,""t"":4828},{""x"":762,""y"":288,""t"":4876},{""x"":677,""y"":274,""t"":4897},{""x"":672,""y"":280,""t"":4943},{""x"":667,""y"":286,""t"":4966},{""x"":634,""y"":281,""t"":5010},{""x"":576,""y"":281,""t"":5033},{""x"":519,""y"":272,""t"":5082},{""x"":516,""y"":266,""t"":5100},{""x"":599,""y"":268,""t"":5147},{""x"":627,""y"":269,""t"":5170},{""x"":575,""y"":284,""t"":5218},{""x"":554,""y"":277,""t"":5237},{""x"":562,""y"":290,""t"":5290},{""x"":547,""y"":272,""t"":5306},{""x"":563,""y"":291,""t"":5355},{""x"":578,""y"":307,""t"":5373},{""x"":600,""y"":306,""t"":5425},{""x"":637,""y"":315,""t"":5441},{""x"":661,""y"":308,""t"":5491},{""x"":681,""y"":301,""t"":5509},{""x"":724,""y"":294,""t"":5557},{""x"":772,""y"":275,""t"":5577},{""x"":746,""y"":294,""t"":5626},{""x"":777,""y"":298,""t"":5646},{""x"":777,""y"":318,""t"":5696},{""x"":775,""y"":335,""t"":5713},{""x"":800,""y"":345,""t"":5763},{""x"":827,""y"":345,""t"":5780},{""x"":900,""y"":351,""t"":5833},{""x"":861,""y"":378,""t"":5849},{""x"":829,""y"":373,""t"":5900},{""x"":817,""y"":372,""t"":5918},{""x"":798,""y"":366,""t"":5967},{""x"":780,""y"":360,""t"":5986}]",0,0.9990172237648614,0.000982776235138778,eu_b-last_b-longer,0
142-alternatives,1,124,exp_0,0.0,352.39999997615814,0.79,0.49,5.300000000000001,8.3,higher_p,higher_m,0,1,alternatives,0.0,False,4.187000000000001,4.067,0.120000000000001,0.3808273136562316,0.6,0.4,0.5,0.5,0.0,1.0,higher_p,higher_m,True,"{""durations"":[1500,1000,1500,1000],""alternatives"":[0,1,0,1],""attributes"":[""all"",""all"",""all"",""all""]}","[{""x"":790,""y"":305,""t"":0},{""x"":878,""y"":319,""t"":51},{""x"":1013,""y"":328,""t"":68},{""x"":955,""y"":326,""t"":127},{""x"":894,""y"":352,""t"":156},{""x"":879,""y"":362,""t"":185},{""x"":832,""y"":343,""t"":233},{""x"":904,""y"":334,""t"":244},{""x"":819,""y"":339,""t"":296},{""x"":746,""y"":343,""t"":307},{""x"":663,""y"":335,""t"":357},{""x"":629,""y"":321,""t"":375},{""x"":592,""y"":327,""t"":423},{""x"":564,""y"":333,""t"":443},{""x"":471,""y"":362,""t"":491},{""x"":436,""y"":362,""t"":511},{""x"":407,""y"":359,""t"":559},{""x"":300,""y"":352,""t"":580},{""x"":318,""y"":350,""t"":627},{""x"":321,""y"":372,""t"":648},{""x"":364,""y"":331,""t"":694},{""x"":415,""y"":319,""t"":715},{""x"":333,""y"":304,""t"":761},{""x"":319,""y"":315,""t"":784},{""x"":327,""y"":316,""t"":830},{""x"":372,""y"":311,""t"":851},{""x"":434,""y"":300,""t"":896},{""x"":488,""y"":291,""t"":919},{""x"":542,""y"":318,""t"":969},{""x"":587,""y"":341,""t"":988},{""x"":635,""y"":357,""t"":1036},{""x"":682,""y"":361,""t"":1055},{""x"":812,""y"":346,""t"":1102},{""x"":892,""y"":347,""t"":1124},{""x"":1056,""y"":323,""t"":1170},{""x"":1191,""y"":340,""t"":1190},{""x"":1230,""y"":330,""t"":1238},{""x"":1255,""y"":321,""t"":1259},{""x"":1247,""y"":275,""t"":1306},{""x"":1190,""y"":261,""t"":1327},{""x"":1263,""y"":247,""t"":1375},{""x"":1303,""y"":235,""t"":1395},{""x"":1303,""y"":254,""t"":1442},{""x"":1381,""y"":243,""t"":1463},{""x"":1351,""y"":251,""t"":1510},{""x"":1310,""y"":255,""t"":1530},{""x"":1258,""y"":280,""t"":1579},{""x"":1197,""y"":271,""t"":1599},{""x"":1226,""y"":255,""t"":1645},{""x"":1297,""y"":263,""t"":1668},{""x"":1323,""y"":269,""t"":1714},{""x"":1365,""y"":277,""t"":1736},{""x"":1306,""y"":282,""t"":1783},{""x"":1253,""y"":286,""t"":1802},{""x"":1246,""y"":303,""t"":1849},{""x"":1282,""y"":328,""t"":1871},{""x"":1303,""y"":337,""t"":1917},{""x"":1212,""y"":347,""t"":1940},{""x"":1177,""y"":365,""t"":1988},{""x"":1270,""y"":384,""t"":2008},{""x"":1371,""y"":374,""t"":2060},{""x"":1458,""y"":341,""t"":2076},{""x"":1547,""y"":311,""t"":2125},{""x"":1578,""y"":296,""t"":2144},{""x"":1562,""y"":280,""t"":2192},{""x"":1449,""y"":280,""t"":2211},{""x"":1496,""y"":228,""t"":2258},{""x"":1454,""y"":234,""t"":2278},{""x"":1493,""y"":229,""t"":2325},{""x"":1491,""y"":308,""t"":2348},{""x"":1378,""y"":324,""t"":2395},{""x"":1423,""y"":409,""t"":2416},{""x"":1364,""y"":424,""t"":2464},{""x"":1423,""y"":477,""t"":2483},{""x"":1391,""y"":485,""t"":2531},{""x"":1335,""y"":519,""t"":2551},{""x"":1328,""y"":540,""t"":2604},{""x"":1365,""y"":556,""t"":2619},{""x"":1372,""y"":545,""t"":2667},{""x"":1382,""y"":541,""t"":2687},{""x"":1353,""y"":551,""t"":2732},{""x"":1333,""y"":547,""t"":2755},{""x"":1005,""y"":528,""t"":2803},{""x"":824,""y"":486,""t"":2822},{""x"":652,""y"":426,""t"":2869},{""x"":514,""y"":374,""t"":2892},{""x"":456,""y"":342,""t"":2942},{""x"":396,""y"":318,""t"":2959},{""x"":336,""y"":312,""t"":3007},{""x"":308,""y"":322,""t"":3026},{""x"":330,""y"":317,""t"":3074},{""x"":327,""y"":321,""t"":3095},{""x"":310,""y"":315,""t"":3148},{""x"":298,""y"":304,""t"":3163},{""x"":240,""y"":334,""t"":3212},{""x"":339,""y"":297,""t"":3230},{""x"":463,""y"":285,""t"":3279},{""x"":603,""y"":293,""t"":3298},{""x"":733,""y"":305,""t"":3347},{""x"":873,""y"":281,""t"":3367},{""x"":987,""y"":273,""t"":3417},{""x"":1090,""y"":237,""t"":3435},{""x"":1210,""y"":212,""t"":3482},{""x"":1286,""y"":172,""t"":3502},{""x"":1323,""y"":163,""t"":3550},{""x"":1355,""y"":164,""t"":3572},{""x"":1380,""y"":156,""t"":3620},{""x"":1365,""y"":178,""t"":3640},{""x"":1178,""y"":210,""t"":3686},{""x"":985,""y"":240,""t"":3708},{""x"":903,""y"":268,""t"":3755},{""x"":812,""y"":295,""t"":3774},{""x"":703,""y"":316,""t"":3821},{""x"":659,""y"":327,""t"":3843},{""x"":562,""y"":339,""t"":3891},{""x"":508,""y"":347,""t"":3911},{""x"":483,""y"":367,""t"":3957},{""x"":501,""y"":378,""t"":3980},{""x"":699,""y"":363,""t"":4028},{""x"":817,""y"":348,""t"":4047},{""x"":872,""y"":333,""t"":4095},{""x"":924,""y"":326,""t"":4115},{""x"":1022,""y"":289,""t"":4161},{""x"":1103,""y"":257,""t"":4184},{""x"":1092,""y"":260,""t"":4229},{""x"":1130,""y"":256,""t"":4252},{""x"":1185,""y"":252,""t"":4301},{""x"":1228,""y"":250,""t"":4319},{""x"":1219,""y"":226,""t"":4366},{""x"":1285,""y"":201,""t"":4387},{""x"":1358,""y"":195,""t"":4434},{""x"":1295,""y"":201,""t"":4455},{""x"":1349,""y"":222,""t"":4502},{""x"":1332,""y"":237,""t"":4522},{""x"":1406,""y"":225,""t"":4569},{""x"":1355,""y"":198,""t"":4591},{""x"":1317,""y"":184,""t"":4645},{""x"":1251,""y"":193,""t"":4658},{""x"":1099,""y"":221,""t"":4707},{""x"":1081,""y"":276,""t"":4728},{""x"":982,""y"":283,""t"":4776},{""x"":809,""y"":311,""t"":4796},{""x"":765,""y"":326,""t"":4848},{""x"":735,""y"":326,""t"":4864},{""x"":697,""y"":328,""t"":4910},{""x"":685,""y"":340,""t"":4931},{""x"":644,""y"":322,""t"":4984},{""x"":615,""y"":306,""t"":4998},{""x"":661,""y"":307,""t"":5045},{""x"":705,""y"":307,""t"":5068},{""x"":753,""y"":299,""t"":5114},{""x"":796,""y"":292,""t"":5135},{""x"":792,""y"":296,""t"":5181},{""x"":788,""y"":298,""t"":5204},{""x"":756,""y"":333,""t"":5250},{""x"":726,""y"":310,""t"":5271},{""x"":773,""y"":309,""t"":5318},{""x"":789,""y"":328,""t"":5339},{""x"":804,""y"":331,""t"":5385},{""x"":816,""y"":334,""t"":5407},{""x"":802,""y"":329,""t"":5453},{""x"":789,""y"":325,""t"":5476},{""x"":736,""y"":319,""t"":5523},{""x"":722,""y"":306,""t"":5543},{""x"":763,""y"":306,""t"":5593},{""x"":781,""y"":268,""t"":5611},{""x"":761,""y"":265,""t"":5660},{""x"":837,""y"":266,""t"":5679},{""x"":790,""y"":267,""t"":5727},{""x"":778,""y"":262,""t"":5748},{""x"":745,""y"":299,""t"":5799},{""x"":717,""y"":332,""t"":5816},{""x"":912,""y"":502,""t"":5864},{""x"":897,""y"":609,""t"":5884}]",0,0.799095987967849,0.20090401203215089,eu_b-last_b-longer,0
142-alternatives,1,125,exp_92,0.0,344.5999999642372,0.5,0.38,3.0,4.0,higher_p,higher_m,0,1,alternatives,0.0,False,1.5,1.52,-0.02,0.2367304922727919,0.4,0.6,0.5,0.5,1.0,0.0,higher_m,higher_p,True,"{""durations"":[1500,1000,1500,1000],""alternatives"":[1,0,1,0],""attributes"":[""all"",""all"",""all"",""all""]}","[{""x"":900,""y"":251,""t"":0},{""x"":972,""y"":265,""t"":50},{""x"":1031,""y"":278,""t"":69},{""x"":1044,""y"":272,""t"":130},{""x"":1011,""y"":288,""t"":145},{""x"":985,""y"":287,""t"":212},{""x"":960,""y"":282,""t"":256},{""x"":937,""y"":278,""t"":274},{""x"":1019,""y"":291,""t"":320},{""x"":1038,""y"":306,""t"":341},{""x"":1141,""y"":311,""t"":387},{""x"":1237,""y"":356,""t"":410},{""x"":1268,""y"":339,""t"":455},{""x"":1274,""y"":346,""t"":476},{""x"":1321,""y"":326,""t"":524},{""x"":1392,""y"":341,""t"":545},{""x"":1431,""y"":329,""t"":591},{""x"":1393,""y"":296,""t"":614},{""x"":1421,""y"":271,""t"":662},{""x"":1468,""y"":264,""t"":682},{""x"":1527,""y"":238,""t"":729},{""x"":1574,""y"":216,""t"":750},{""x"":1694,""y"":203,""t"":796},{""x"":1752,""y"":215,""t"":817},{""x"":1734,""y"":174,""t"":863},{""x"":1669,""y"":186,""t"":885},{""x"":1579,""y"":162,""t"":933},{""x"":1651,""y"":222,""t"":954},{""x"":1666,""y"":200,""t"":1000},{""x"":1650,""y"":205,""t"":1021},{""x"":1625,""y"":189,""t"":1067},{""x"":1661,""y"":242,""t"":1089},{""x"":1531,""y"":253,""t"":1137},{""x"":1453,""y"":258,""t"":1158},{""x"":1230,""y"":278,""t"":1205},{""x"":1026,""y"":297,""t"":1225},{""x"":903,""y"":302,""t"":1273},{""x"":809,""y"":299,""t"":1292},{""x"":708,""y"":291,""t"":1340},{""x"":605,""y"":309,""t"":1362},{""x"":538,""y"":329,""t"":1409},{""x"":474,""y"":332,""t"":1430},{""x"":350,""y"":307,""t"":1478},{""x"":339,""y"":320,""t"":1497},{""x"":386,""y"":329,""t"":1546},{""x"":441,""y"":331,""t"":1566},{""x"":409,""y"":335,""t"":1612},{""x"":459,""y"":355,""t"":1632},{""x"":453,""y"":362,""t"":1679},{""x"":451,""y"":368,""t"":1702},{""x"":444,""y"":345,""t"":1748},{""x"":441,""y"":325,""t"":1770},{""x"":420,""y"":301,""t"":1816},{""x"":364,""y"":306,""t"":1837},{""x"":379,""y"":297,""t"":1885},{""x"":374,""y"":293,""t"":1906},{""x"":441,""y"":333,""t"":1955},{""x"":400,""y"":354,""t"":1974},{""x"":451,""y"":363,""t"":2021},{""x"":424,""y"":368,""t"":2042},{""x"":361,""y"":384,""t"":2089},{""x"":389,""y"":397,""t"":2108},{""x"":414,""y"":368,""t"":2156},{""x"":435,""y"":343,""t"":2176},{""x"":415,""y"":348,""t"":2222},{""x"":460,""y"":330,""t"":2246},{""x"":459,""y"":314,""t"":2293},{""x"":457,""y"":301,""t"":2314},{""x"":477,""y"":277,""t"":2361},{""x"":494,""y"":258,""t"":2382},{""x"":514,""y"":252,""t"":2430},{""x"":530,""y"":249,""t"":2450},{""x"":502,""y"":283,""t"":2497},{""x"":553,""y"":310,""t"":2517},{""x"":491,""y"":307,""t"":2564},{""x"":516,""y"":302,""t"":2586},{""x"":507,""y"":319,""t"":2632},{""x"":500,""y"":333,""t"":2653},{""x"":732,""y"":345,""t"":2699},{""x"":933,""y"":370,""t"":2721},{""x"":1109,""y"":392,""t"":2769},{""x"":1251,""y"":411,""t"":2790},{""x"":1322,""y"":434,""t"":2837},{""x"":1372,""y"":452,""t"":2857},{""x"":1458,""y"":470,""t"":2905},{""x"":1577,""y"":476,""t"":2925},{""x"":1582,""y"":449,""t"":2972},{""x"":1576,""y"":425,""t"":2994},{""x"":1591,""y"":370,""t"":3041},{""x"":1614,""y"":324,""t"":3061},{""x"":1615,""y"":281,""t"":3109},{""x"":1633,""y"":245,""t"":3129},{""x"":1616,""y"":213,""t"":3175},{""x"":1598,""y"":189,""t"":3198},{""x"":1559,""y"":187,""t"":3246},{""x"":1559,""y"":208,""t"":3265},{""x"":1517,""y"":219,""t"":3312},{""x"":1480,""y"":229,""t"":3334},{""x"":1430,""y"":221,""t"":3380},{""x"":1397,""y"":242,""t"":3402},{""x"":1433,""y"":229,""t"":3450},{""x"":1428,""y"":223,""t"":3469},{""x"":1347,""y"":248,""t"":3515},{""x"":1311,""y"":242,""t"":3538},{""x"":1086,""y"":250,""t"":3584},{""x"":905,""y"":257,""t"":3605},{""x"":826,""y"":267,""t"":3654},{""x"":751,""y"":266,""t"":3674},{""x"":659,""y"":272,""t"":3722},{""x"":621,""y"":278,""t"":3742},{""x"":576,""y"":295,""t"":3790},{""x"":477,""y"":271,""t"":3810},{""x"":464,""y"":277,""t"":3857},{""x"":478,""y"":276,""t"":3877},{""x"":522,""y"":285,""t"":3923},{""x"":550,""y"":282,""t"":3945},{""x"":508,""y"":283,""t"":3991},{""x"":502,""y"":303,""t"":4012},{""x"":377,""y"":307,""t"":4059},{""x"":373,""y"":332,""t"":4082},{""x"":296,""y"":326,""t"":4130},{""x"":285,""y"":327,""t"":4150},{""x"":273,""y"":320,""t"":4197},{""x"":269,""y"":333,""t"":4217},{""x"":375,""y"":331,""t"":4265},{""x"":363,""y"":325,""t"":4286},{""x"":355,""y"":317,""t"":4334},{""x"":349,""y"":310,""t"":4353},{""x"":390,""y"":300,""t"":4403},{""x"":427,""y"":291,""t"":4420},{""x"":412,""y"":303,""t"":4467},{""x"":428,""y"":311,""t"":4490},{""x"":471,""y"":334,""t"":4538},{""x"":506,""y"":354,""t"":4558},{""x"":391,""y"":416,""t"":4606},{""x"":335,""y"":478,""t"":4625},{""x"":422,""y"":602,""t"":4677},{""x"":561,""y"":689,""t"":4692},{""x"":616,""y"":638,""t"":4740},{""x"":626,""y"":592,""t"":4760},{""x"":644,""y"":510,""t"":4810},{""x"":656,""y"":439,""t"":4828},{""x"":750,""y"":373,""t"":4878},{""x"":751,""y"":327,""t"":4897},{""x"":807,""y"":284,""t"":4946},{""x"":852,""y"":251,""t"":4965},{""x"":870,""y"":237,""t"":5014},{""x"":893,""y"":214,""t"":5033},{""x"":902,""y"":216,""t"":5083},{""x"":869,""y"":219,""t"":5101},{""x"":924,""y"":216,""t"":5148},{""x"":950,""y"":228,""t"":5170},{""x"":947,""y"":217,""t"":5218},{""x"":945,""y"":227,""t"":5238},{""x"":928,""y"":238,""t"":5289},{""x"":913,""y"":248,""t"":5306},{""x"":903,""y"":269,""t"":5358},{""x"":858,""y"":286,""t"":5373},{""x"":838,""y"":300,""t"":5421},{""x"":821,""y"":312,""t"":5442},{""x"":814,""y"":315,""t"":5492},{""x"":865,""y"":315,""t"":5509},{""x"":897,""y"":299,""t"":5558},{""x"":929,""y"":284,""t"":5578},{""x"":886,""y"":288,""t"":5628},{""x"":876,""y"":285,""t"":5646},{""x"":869,""y"":288,""t"":5697},{""x"":915,""y"":307,""t"":5714},{""x"":888,""y"":295,""t"":5763},{""x"":882,""y"":304,""t"":5782},{""x"":838,""y"":292,""t"":5833},{""x"":802,""y"":281,""t"":5848}]",1,0.7044512875406373,0.2955487124593627,eu_b-last_b-longer,0
142-alternatives,1,128,exp_66,0.0,275.0,0.72,0.51,4.2,5.2,higher_p,higher_m,0,1,alternatives,0.0,False,3.024,2.652,0.3719999999999999,0.64020159214642,0.6,0.4,0.5,0.5,0.0,0.0,higher_p,higher_p,True,"{""durations"":[1000,1500,1000,1500],""alternatives"":[1,0,1,0],""attributes"":[""all"",""all"",""all"",""all""]}","[{""x"":819,""y"":306,""t"":-13},{""x"":794,""y"":306,""t"":0},{""x"":720,""y"":287,""t"":48},{""x"":834,""y"":275,""t"":69},{""x"":788,""y"":281,""t"":128},{""x"":850,""y"":283,""t"":137},{""x"":836,""y"":271,""t"":189},{""x"":804,""y"":277,""t"":206},{""x"":746,""y"":276,""t"":253},{""x"":681,""y"":283,""t"":274},{""x"":612,""y"":301,""t"":321},{""x"":555,""y"":316,""t"":341},{""x"":507,""y"":353,""t"":389},{""x"":491,""y"":368,""t"":409},{""x"":559,""y"":336,""t"":458},{""x"":593,""y"":351,""t"":477},{""x"":518,""y"":345,""t"":524},{""x"":478,""y"":337,""t"":545},{""x"":445,""y"":340,""t"":592},{""x"":405,""y"":359,""t"":614},{""x"":447,""y"":384,""t"":661},{""x"":485,""y"":404,""t"":682},{""x"":442,""y"":427,""t"":729},{""x"":445,""y"":448,""t"":748},{""x"":432,""y"":446,""t"":794},{""x"":457,""y"":450,""t"":817},{""x"":454,""y"":429,""t"":863},{""x"":403,""y"":418,""t"":885},{""x"":454,""y"":377,""t"":933},{""x"":464,""y"":339,""t"":953},{""x"":462,""y"":316,""t"":1000},{""x"":530,""y"":238,""t"":1021},{""x"":498,""y"":260,""t"":1069},{""x"":470,""y"":281,""t"":1090},{""x"":382,""y"":282,""t"":1140},{""x"":342,""y"":288,""t"":1157},{""x"":358,""y"":302,""t"":1203},{""x"":360,""y"":309,""t"":1225},{""x"":575,""y"":278,""t"":1271},{""x"":787,""y"":263,""t"":1293},{""x"":964,""y"":237,""t"":1341},{""x"":1148,""y"":231,""t"":1361},{""x"":1312,""y"":230,""t"":1410},{""x"":1459,""y"":195,""t"":1430},{""x"":1431,""y"":171,""t"":1477},{""x"":1422,""y"":144,""t"":1498},{""x"":1475,""y"":163,""t"":1545},{""x"":1514,""y"":180,""t"":1564},{""x"":1473,""y"":199,""t"":1612},{""x"":1516,""y"":269,""t"":1632},{""x"":1593,""y"":329,""t"":1679},{""x"":1639,""y"":379,""t"":1702},{""x"":1623,""y"":383,""t"":1750},{""x"":1580,""y"":425,""t"":1768},{""x"":1506,""y"":442,""t"":1818},{""x"":1572,""y"":452,""t"":1836},{""x"":1568,""y"":473,""t"":1884},{""x"":1530,""y"":452,""t"":1906},{""x"":1547,""y"":424,""t"":1955},{""x"":1489,""y"":364,""t"":1973},{""x"":1434,""y"":309,""t"":2020},{""x"":1395,""y"":260,""t"":2040},{""x"":1400,""y"":245,""t"":2086},{""x"":1374,""y"":237,""t"":2110},{""x"":1372,""y"":240,""t"":2157},{""x"":1324,""y"":242,""t"":2177},{""x"":1395,""y"":258,""t"":2223},{""x"":1456,""y"":242,""t"":2245},{""x"":1507,""y"":245,""t"":2292},{""x"":1528,""y"":235,""t"":2314},{""x"":1559,""y"":209,""t"":2361},{""x"":1588,""y"":211,""t"":2381},{""x"":1513,""y"":216,""t"":2427},{""x"":1383,""y"":231,""t"":2449},{""x"":1437,""y"":221,""t"":2498},{""x"":1458,""y"":208,""t"":2517},{""x"":1483,""y"":225,""t"":2563},{""x"":1465,""y"":233,""t"":2586},{""x"":1427,""y"":230,""t"":2630},{""x"":1416,""y"":217,""t"":2653},{""x"":1426,""y"":235,""t"":2701},{""x"":1403,""y"":228,""t"":2720},{""x"":1174,""y"":254,""t"":2768},{""x"":1052,""y"":265,""t"":2790},{""x"":891,""y"":287,""t"":2838},{""x"":760,""y"":304,""t"":2857},{""x"":650,""y"":315,""t"":2903},{""x"":565,""y"":320,""t"":2926},{""x"":518,""y"":302,""t"":2972},{""x"":472,""y"":292,""t"":2992},{""x"":434,""y"":310,""t"":3041},{""x"":425,""y"":317,""t"":3060},{""x"":386,""y"":422,""t"":3107},{""x"":333,""y"":497,""t"":3129},{""x"":371,""y"":508,""t"":3177},{""x"":384,""y"":545,""t"":3197},{""x"":358,""y"":529,""t"":3248},{""x"":287,""y"":549,""t"":3265},{""x"":293,""y"":524,""t"":3312},{""x"":349,""y"":536,""t"":3334},{""x"":496,""y"":471,""t"":3388},{""x"":713,""y"":428,""t"":3401},{""x"":852,""y"":375,""t"":3452},{""x"":979,""y"":345,""t"":3469},{""x"":1090,""y"":296,""t"":3518},{""x"":1071,""y"":280,""t"":3537},{""x"":1092,""y"":257,""t"":3585},{""x"":1190,""y"":235,""t"":3606},{""x"":1205,""y"":212,""t"":3653},{""x"":1186,""y"":181,""t"":3674},{""x"":1184,""y"":173,""t"":3722},{""x"":1112,""y"":189,""t"":3741},{""x"":1213,""y"":190,""t"":3792},{""x"":1240,""y"":215,""t"":3809},{""x"":1259,""y"":216,""t"":3858},{""x"":1312,""y"":218,""t"":3877},{""x"":1343,""y"":230,""t"":3923},{""x"":1366,""y"":229,""t"":3946},{""x"":1435,""y"":233,""t"":3993},{""x"":1491,""y"":238,""t"":4013},{""x"":1513,""y"":259,""t"":4062},{""x"":1455,""y"":259,""t"":4081},{""x"":1450,""y"":355,""t"":4129},{""x"":1523,""y"":425,""t"":4150},{""x"":1463,""y"":435,""t"":4198},{""x"":1451,""y"":462,""t"":4217},{""x"":1445,""y"":472,""t"":4263},{""x"":1423,""y"":513,""t"":4286},{""x"":1469,""y"":551,""t"":4333},{""x"":1520,""y"":578,""t"":4353},{""x"":1461,""y"":539,""t"":4401},{""x"":1474,""y"":569,""t"":4422},{""x"":1419,""y"":508,""t"":4470},{""x"":1307,""y"":524,""t"":4490},{""x"":1227,""y"":467,""t"":4541},{""x"":1314,""y"":469,""t"":4556},{""x"":1238,""y"":388,""t"":4603},{""x"":1286,""y"":321,""t"":4626},{""x"":1344,""y"":291,""t"":4673},{""x"":1395,""y"":268,""t"":4694},{""x"":1373,""y"":230,""t"":4744},{""x"":1355,""y"":200,""t"":4761},{""x"":1270,""y"":202,""t"":4811},{""x"":1201,""y"":199,""t"":4829},{""x"":1202,""y"":199,""t"":4877},{""x"":1205,""y"":201,""t"":4897},{""x"":1129,""y"":207,""t"":4945},{""x"":1061,""y"":219,""t"":4965},{""x"":1060,""y"":205,""t"":5013},{""x"":953,""y"":214,""t"":5034},{""x"":906,""y"":223,""t"":5085},{""x"":908,""y"":246,""t"":5101},{""x"":868,""y"":247,""t"":5152},{""x"":862,""y"":260,""t"":5170},{""x"":866,""y"":299,""t"":5216},{""x"":915,""y"":296,""t"":5238},{""x"":894,""y"":327,""t"":5286},{""x"":867,""y"":330,""t"":5305},{""x"":897,""y"":339,""t"":5351},{""x"":939,""y"":319,""t"":5373},{""x"":896,""y"":338,""t"":5425},{""x"":888,""y"":350,""t"":5441},{""x"":857,""y"":319,""t"":5490},{""x"":842,""y"":303,""t"":5510},{""x"":874,""y"":301,""t"":5561},{""x"":846,""y"":304,""t"":5578},{""x"":848,""y"":341,""t"":5628},{""x"":874,""y"":339,""t"":5645},{""x"":923,""y"":305,""t"":5696},{""x"":886,""y"":292,""t"":5713},{""x"":928,""y"":289,""t"":5764},{""x"":913,""y"":296,""t"":5782}]",0,0.8698207806720052,0.13017921932799473,eu_b-last_b-longer,0
142-alternatives,1,129,exp_24,0.0,352.0,0.3,0.17,2.0,3.0,higher_p,higher_m,0,1,alternatives,0.0,False,0.6,0.51,0.0899999999999999,0.3499494233597794,0.6,0.4,0.5,0.5,0.0,1.0,higher_p,higher_m,True,"{""durations"":[1500,1000,1500,1000],""alternatives"":[0,1,0,1],""attributes"":[""all"",""all"",""all"",""all""]}","[{""x"":724,""y"":312,""t"":0},{""x"":743,""y"":282,""t"":50},{""x"":756,""y"":272,""t"":70},{""x"":799,""y"":269,""t"":137},{""x"":809,""y"":251,""t"":190},{""x"":770,""y"":226,""t"":205},{""x"":779,""y"":236,""t"":251},{""x"":752,""y"":263,""t"":274},{""x"":700,""y"":278,""t"":321},{""x"":603,""y"":299,""t"":341},{""x"":555,""y"":323,""t"":393},{""x"":536,""y"":338,""t"":409},{""x"":484,""y"":341,""t"":456},{""x"":464,""y"":331,""t"":477},{""x"":392,""y"":355,""t"":524},{""x"":331,""y"":362,""t"":545},{""x"":383,""y"":347,""t"":592},{""x"":360,""y"":376,""t"":614},{""x"":385,""y"":375,""t"":661},{""x"":426,""y"":362,""t"":681},{""x"":465,""y"":379,""t"":727},{""x"":482,""y"":380,""t"":750},{""x"":474,""y"":351,""t"":796},{""x"":389,""y"":353,""t"":818},{""x"":414,""y"":342,""t"":863},{""x"":430,""y"":334,""t"":885},{""x"":463,""y"":326,""t"":932},{""x"":442,""y"":324,""t"":954},{""x"":475,""y"":298,""t"":1001},{""x"":455,""y"":288,""t"":1022},{""x"":565,""y"":289,""t"":1070},{""x"":609,""y"":280,""t"":1088},{""x"":702,""y"":279,""t"":1135},{""x"":695,""y"":291,""t"":1157},{""x"":909,""y"":334,""t"":1204},{""x"":1026,""y"":320,""t"":1226},{""x"":1104,""y"":316,""t"":1272},{""x"":1193,""y"":312,""t"":1294},{""x"":1313,""y"":293,""t"":1341},{""x"":1323,""y"":283,""t"":1362},{""x"":1335,""y"":273,""t"":1412},{""x"":1341,""y"":275,""t"":1429},{""x"":1318,""y"":253,""t"":1477},{""x"":1299,""y"":249,""t"":1498},{""x"":1326,""y"":244,""t"":1545},{""x"":1343,""y"":240,""t"":1566},{""x"":1387,""y"":230,""t"":1612},{""x"":1381,""y"":189,""t"":1633},{""x"":1346,""y"":182,""t"":1682},{""x"":1393,""y"":248,""t"":1700},{""x"":1368,""y"":261,""t"":1748},{""x"":1354,""y"":283,""t"":1769},{""x"":1400,""y"":275,""t"":1815},{""x"":1452,""y"":270,""t"":1838},{""x"":1473,""y"":274,""t"":1886},{""x"":1466,""y"":293,""t"":1905},{""x"":1631,""y"":377,""t"":1951},{""x"":1595,""y"":354,""t"":1973},{""x"":1642,""y"":429,""t"":2019},{""x"":1664,""y"":488,""t"":2042},{""x"":1629,""y"":495,""t"":2089},{""x"":1643,""y"":493,""t"":2110},{""x"":1664,""y"":496,""t"":2155},{""x"":1640,""y"":528,""t"":2177},{""x"":1642,""y"":528,""t"":2224},{""x"":1609,""y"":535,""t"":2246},{""x"":1558,""y"":534,""t"":2295},{""x"":1514,""y"":532,""t"":2314},{""x"":1434,""y"":504,""t"":2362},{""x"":1420,""y"":507,""t"":2381},{""x"":1393,""y"":441,""t"":2428},{""x"":1335,""y"":382,""t"":2450},{""x"":1297,""y"":355,""t"":2497},{""x"":1268,""y"":332,""t"":2517},{""x"":1366,""y"":309,""t"":2565},{""x"":1452,""y"":304,""t"":2584},{""x"":1393,""y"":255,""t"":2630},{""x"":1366,""y"":215,""t"":2654},{""x"":1411,""y"":200,""t"":2701},{""x"":1392,""y"":178,""t"":2721},{""x"":1343,""y"":191,""t"":2767},{""x"":1283,""y"":197,""t"":2790},{""x"":1036,""y"":223,""t"":2835},{""x"":834,""y"":238,""t"":2857},{""x"":712,""y"":260,""t"":2906},{""x"":572,""y"":266,""t"":2925},{""x"":562,""y"":270,""t"":2972},{""x"":541,""y"":261,""t"":2994},{""x"":488,""y"":315,""t"":3042},{""x"":377,""y"":359,""t"":3060},{""x"":395,""y"":394,""t"":3108},{""x"":437,""y"":411,""t"":3130},{""x"":448,""y"":393,""t"":3178},{""x"":443,""y"":419,""t"":3197},{""x"":464,""y"":398,""t"":3244},{""x"":470,""y"":436,""t"":3265},{""x"":498,""y"":421,""t"":3313},{""x"":444,""y"":439,""t"":3333},{""x"":726,""y"":449,""t"":3380},{""x"":925,""y"":473,""t"":3401},{""x"":1102,""y"":504,""t"":3448},{""x"":1187,""y"":489,""t"":3469},{""x"":1408,""y"":510,""t"":3518},{""x"":1497,""y"":469,""t"":3537},{""x"":1580,""y"":488,""t"":3584},{""x"":1532,""y"":436,""t"":3605},{""x"":1493,""y"":452,""t"":3651},{""x"":1547,""y"":480,""t"":3673},{""x"":1449,""y"":429,""t"":3720},{""x"":1503,""y"":410,""t"":3742},{""x"":1476,""y"":454,""t"":3790},{""x"":1467,""y"":510,""t"":3810},{""x"":1414,""y"":552,""t"":3856},{""x"":1365,""y"":575,""t"":3876},{""x"":1395,""y"":566,""t"":3924},{""x"":1349,""y"":529,""t"":3945},{""x"":1267,""y"":527,""t"":3992},{""x"":1219,""y"":567,""t"":4012},{""x"":1218,""y"":551,""t"":4061},{""x"":1217,""y"":549,""t"":4081},{""x"":1217,""y"":506,""t"":4129},{""x"":1261,""y"":514,""t"":4148},{""x"":1263,""y"":504,""t"":4197},{""x"":1217,""y"":449,""t"":4217},{""x"":1218,""y"":477,""t"":4269},{""x"":1303,""y"":506,""t"":4285},{""x"":1233,""y"":508,""t"":4333},{""x"":1218,""y"":536,""t"":4354},{""x"":1266,""y"":516,""t"":4407},{""x"":1261,""y"":533,""t"":4421},{""x"":1302,""y"":562,""t"":4472},{""x"":1337,""y"":587,""t"":4489},{""x"":1375,""y"":587,""t"":4539},{""x"":1375,""y"":538,""t"":4558},{""x"":1493,""y"":520,""t"":4608},{""x"":1469,""y"":436,""t"":4626},{""x"":1494,""y"":339,""t"":4672},{""x"":1683,""y"":304,""t"":4694},{""x"":1702,""y"":257,""t"":4743},{""x"":1620,""y"":233,""t"":4761},{""x"":1568,""y"":184,""t"":4807},{""x"":1659,""y"":183,""t"":4829},{""x"":1657,""y"":196,""t"":4878},{""x"":1662,""y"":180,""t"":4897},{""x"":1372,""y"":205,""t"":4947},{""x"":1116,""y"":197,""t"":4965},{""x"":952,""y"":216,""t"":5016},{""x"":819,""y"":231,""t"":5034},{""x"":722,""y"":263,""t"":5083},{""x"":649,""y"":290,""t"":5101},{""x"":585,""y"":275,""t"":5149},{""x"":566,""y"":292,""t"":5168},{""x"":546,""y"":316,""t"":5216},{""x"":505,""y"":316,""t"":5237},{""x"":500,""y"":310,""t"":5285},{""x"":467,""y"":301,""t"":5306},{""x"":470,""y"":301,""t"":5355},{""x"":505,""y"":298,""t"":5374},{""x"":491,""y"":321,""t"":5424},{""x"":525,""y"":381,""t"":5442},{""x"":614,""y"":397,""t"":5492},{""x"":641,""y"":427,""t"":5509},{""x"":685,""y"":398,""t"":5556},{""x"":634,""y"":380,""t"":5578},{""x"":663,""y"":384,""t"":5627},{""x"":625,""y"":407,""t"":5646},{""x"":629,""y"":372,""t"":5692},{""x"":666,""y"":352,""t"":5713},{""x"":618,""y"":316,""t"":5763},{""x"":591,""y"":291,""t"":5781},{""x"":562,""y"":264,""t"":5831},{""x"":551,""y"":255,""t"":5850},{""x"":614,""y"":287,""t"":5901},{""x"":660,""y"":282,""t"":5917}]",0,0.5217142716133683,0.47828572838663175,eu_b-last_b-longer,0
142-alternatives,1,131,exp_56,0.0,608.8000000119209,0.41,0.21,1.7999999999999998,6.2,higher_p,higher_m,0,1,alternatives,0.0,False,0.7379999999999999,1.302,-0.5640000000000002,-0.3231885851028555,0.6,0.4,0.5,0.5,0.0,1.0,higher_p,higher_m,True,"{""durations"":[1500,1000,1500,1000],""alternatives"":[0,1,0,1],""attributes"":[""all"",""all"",""all"",""all""]}","[{""x"":935,""y"":307,""t"":0},{""x"":933,""y"":303,""t"":52},{""x"":912,""y"":319,""t"":69},{""x"":957,""y"":324,""t"":129},{""x"":975,""y"":343,""t"":143},{""x"":959,""y"":329,""t"":217},{""x"":1041,""y"":368,""t"":240},{""x"":1039,""y"":346,""t"":289},{""x"":1179,""y"":358,""t"":308},{""x"":1203,""y"":400,""t"":355},{""x"":1220,""y"":435,""t"":375},{""x"":1294,""y"":409,""t"":422},{""x"":1392,""y"":392,""t"":444},{""x"":1398,""y"":448,""t"":491},{""x"":1473,""y"":500,""t"":512},{""x"":1513,""y"":501,""t"":559},{""x"":1542,""y"":501,""t"":580},{""x"":1523,""y"":517,""t"":627},{""x"":1624,""y"":570,""t"":647},{""x"":1579,""y"":525,""t"":695},{""x"":1649,""y"":557,""t"":714},{""x"":1547,""y"":492,""t"":769},{""x"":1549,""y"":502,""t"":783},{""x"":1621,""y"":435,""t"":831},{""x"":1667,""y"":438,""t"":852},{""x"":1591,""y"":383,""t"":900},{""x"":1625,""y"":408,""t"":920},{""x"":1509,""y"":374,""t"":967},{""x"":1531,""y"":398,""t"":987},{""x"":1523,""y"":353,""t"":1034},{""x"":1611,""y"":373,""t"":1056},{""x"":1610,""y"":359,""t"":1103},{""x"":1606,""y"":336,""t"":1123},{""x"":1656,""y"":294,""t"":1170},{""x"":1783,""y"":370,""t"":1192},{""x"":1714,""y"":339,""t"":1239},{""x"":1584,""y"":298,""t"":1260},{""x"":1568,""y"":289,""t"":1308},{""x"":1524,""y"":258,""t"":1328},{""x"":1563,""y"":288,""t"":1375},{""x"":1466,""y"":291,""t"":1395},{""x"":1487,""y"":357,""t"":1441},{""x"":1569,""y"":408,""t"":1464},{""x"":1512,""y"":442,""t"":1511},{""x"":1437,""y"":444,""t"":1532},{""x"":1446,""y"":474,""t"":1579},{""x"":1426,""y"":480,""t"":1600},{""x"":1314,""y"":470,""t"":1646},{""x"":1305,""y"":476,""t"":1667},{""x"":1137,""y"":450,""t"":1715},{""x"":960,""y"":500,""t"":1734},{""x"":853,""y"":449,""t"":1781},{""x"":736,""y"":414,""t"":1803},{""x"":646,""y"":377,""t"":1851},{""x"":593,""y"":338,""t"":1871},{""x"":536,""y"":366,""t"":1919},{""x"":504,""y"":350,""t"":1939},{""x"":376,""y"":361,""t"":1986},{""x"":307,""y"":342,""t"":2008},{""x"":239,""y"":373,""t"":2055},{""x"":272,""y"":376,""t"":2075},{""x"":289,""y"":372,""t"":2122},{""x"":325,""y"":343,""t"":2143},{""x"":345,""y"":322,""t"":2189},{""x"":348,""y"":330,""t"":2211},{""x"":313,""y"":313,""t"":2260},{""x"":285,""y"":300,""t"":2280},{""x"":268,""y"":289,""t"":2328},{""x"":276,""y"":295,""t"":2346},{""x"":250,""y"":324,""t"":2393},{""x"":340,""y"":342,""t"":2416},{""x"":418,""y"":362,""t"":2462},{""x"":434,""y"":389,""t"":2484},{""x"":429,""y"":390,""t"":2532},{""x"":476,""y"":390,""t"":2551},{""x"":520,""y"":386,""t"":2598},{""x"":539,""y"":407,""t"":2620},{""x"":531,""y"":421,""t"":2666},{""x"":570,""y"":409,""t"":2687},{""x"":559,""y"":403,""t"":2733},{""x"":557,""y"":382,""t"":2754},{""x"":648,""y"":363,""t"":2800},{""x"":678,""y"":344,""t"":2824},{""x"":903,""y"":310,""t"":2871},{""x"":960,""y"":273,""t"":2891},{""x"":1253,""y"":302,""t"":2939},{""x"":1365,""y"":287,""t"":2958},{""x"":1312,""y"":286,""t"":3005},{""x"":1336,""y"":271,""t"":3026},{""x"":1445,""y"":300,""t"":3073},{""x"":1507,""y"":328,""t"":3096},{""x"":1625,""y"":353,""t"":3142},{""x"":1642,""y"":351,""t"":3164},{""x"":1689,""y"":389,""t"":3212},{""x"":1759,""y"":420,""t"":3232},{""x"":1676,""y"":405,""t"":3279},{""x"":1589,""y"":347,""t"":3300},{""x"":1541,""y"":315,""t"":3345},{""x"":1605,""y"":323,""t"":3368},{""x"":1512,""y"":271,""t"":3417},{""x"":1654,""y"":319,""t"":3436},{""x"":1617,""y"":292,""t"":3482},{""x"":1659,""y"":263,""t"":3503},{""x"":1634,""y"":281,""t"":3551},{""x"":1540,""y"":277,""t"":3571},{""x"":1581,""y"":268,""t"":3618},{""x"":1505,""y"":252,""t"":3640},{""x"":1538,""y"":321,""t"":3688},{""x"":1463,""y"":308,""t"":3708},{""x"":1427,""y"":275,""t"":3755},{""x"":1398,""y"":246,""t"":3776},{""x"":1400,""y"":239,""t"":3824},{""x"":1407,""y"":224,""t"":3844},{""x"":1419,""y"":225,""t"":3893},{""x"":1391,""y"":232,""t"":3911},{""x"":1433,""y"":300,""t"":3965},{""x"":1470,""y"":358,""t"":3979},{""x"":1514,""y"":400,""t"":4025},{""x"":1562,""y"":433,""t"":4047},{""x"":1553,""y"":451,""t"":4095},{""x"":1544,""y"":464,""t"":4114},{""x"":1577,""y"":486,""t"":4162},{""x"":1605,""y"":504,""t"":4183},{""x"":1452,""y"":466,""t"":4234},{""x"":1399,""y"":481,""t"":4252},{""x"":1155,""y"":453,""t"":4301},{""x"":963,""y"":442,""t"":4320},{""x"":865,""y"":421,""t"":4365},{""x"":771,""y"":404,""t"":4387},{""x"":611,""y"":390,""t"":4434},{""x"":472,""y"":374,""t"":4455},{""x"":420,""y"":381,""t"":4503},{""x"":386,""y"":387,""t"":4524},{""x"":309,""y"":363,""t"":4571},{""x"":332,""y"":325,""t"":4592},{""x"":326,""y"":303,""t"":4643},{""x"":242,""y"":265,""t"":4659},{""x"":254,""y"":236,""t"":4708},{""x"":272,""y"":213,""t"":4727},{""x"":320,""y"":231,""t"":4776},{""x"":344,""y"":225,""t"":4795},{""x"":394,""y"":267,""t"":4842},{""x"":438,""y"":305,""t"":4863},{""x"":470,""y"":342,""t"":4913},{""x"":516,""y"":363,""t"":4931},{""x"":504,""y"":375,""t"":4980},{""x"":528,""y"":359,""t"":5000},{""x"":495,""y"":377,""t"":5053},{""x"":533,""y"":393,""t"":5068},{""x"":556,""y"":432,""t"":5116},{""x"":576,""y"":464,""t"":5135},{""x"":571,""y"":475,""t"":5184},{""x"":522,""y"":478,""t"":5204},{""x"":605,""y"":475,""t"":5255},{""x"":627,""y"":479,""t"":5271},{""x"":695,""y"":443,""t"":5321},{""x"":679,""y"":429,""t"":5340},{""x"":710,""y"":400,""t"":5391},{""x"":739,""y"":405,""t"":5407},{""x"":786,""y"":388,""t"":5456},{""x"":803,""y"":389,""t"":5476},{""x"":757,""y"":358,""t"":5527},{""x"":845,""y"":358,""t"":5543},{""x"":849,""y"":324,""t"":5594},{""x"":866,""y"":319,""t"":5612},{""x"":893,""y"":321,""t"":5663},{""x"":923,""y"":300,""t"":5680},{""x"":991,""y"":334,""t"":5729},{""x"":998,""y"":325,""t"":5748},{""x"":1112,""y"":308,""t"":5797},{""x"":1182,""y"":288,""t"":5815},{""x"":1170,""y"":276,""t"":5864},{""x"":1148,""y"":292,""t"":5883},{""x"":1100,""y"":271,""t"":5931},{""x"":1155,""y"":278,""t"":5950},{""x"":1111,""y"":284,""t"":5998},{""x"":1067,""y"":305,""t"":6020},{""x"":1054,""y"":307,""t"":6069},{""x"":998,""y"":308,""t"":6087},{""x"":968,""y"":306,""t"":6139},{""x"":924,""y"":305,""t"":6156}]",1,0.1807134069210446,0.8192865930789553,eu_b-last_b-longer,0
142-alternatives,1,133,exp_12,1.0,877.3999999761581,0.7,0.29,1.7999999999999998,5.0,higher_p,higher_m,0,1,alternatives,0.0,False,1.2599999999999998,1.45,-0.1900000000000001,0.0617557805929019,0.4,0.6,0.5,0.5,1.0,0.0,higher_m,higher_p,False,"{""durations"":[1500,1000,1500,1000],""alternatives"":[1,0,1,0],""attributes"":[""all"",""all"",""all"",""all""]}","[{""x"":797,""y"":334,""t"":0},{""x"":782,""y"":351,""t"":47},{""x"":829,""y"":374,""t"":70},{""x"":889,""y"":361,""t"":133},{""x"":970,""y"":356,""t"":147},{""x"":1019,""y"":352,""t"":210},{""x"":996,""y"":374,""t"":260},{""x"":954,""y"":364,""t"":274},{""x"":786,""y"":357,""t"":324},{""x"":714,""y"":353,""t"":342},{""x"":691,""y"":389,""t"":389},{""x"":701,""y"":397,""t"":410},{""x"":606,""y"":389,""t"":457},{""x"":557,""y"":365,""t"":478},{""x"":515,""y"":384,""t"":531},{""x"":483,""y"":401,""t"":544},{""x"":413,""y"":413,""t"":592},{""x"":399,""y"":384,""t"":613},{""x"":400,""y"":372,""t"":660},{""x"":456,""y"":378,""t"":682},{""x"":444,""y"":357,""t"":729},{""x"":478,""y"":333,""t"":750},{""x"":448,""y"":312,""t"":796},{""x"":416,""y"":309,""t"":819},{""x"":476,""y"":305,""t"":867},{""x"":524,""y"":330,""t"":885},{""x"":596,""y"":294,""t"":932},{""x"":657,""y"":265,""t"":953},{""x"":723,""y"":242,""t"":1001},{""x"":820,""y"":237,""t"":1021},{""x"":904,""y"":246,""t"":1067},{""x"":915,""y"":244,""t"":1090},{""x"":1007,""y"":240,""t"":1143},{""x"":1081,""y"":237,""t"":1157},{""x"":1027,""y"":244,""t"":1205},{""x"":974,""y"":251,""t"":1225},{""x"":908,""y"":234,""t"":1273},{""x"":849,""y"":219,""t"":1293},{""x"":962,""y"":198,""t"":1341},{""x"":1059,""y"":181,""t"":1362},{""x"":1153,""y"":200,""t"":1410},{""x"":1230,""y"":217,""t"":1429},{""x"":1237,""y"":225,""t"":1478},{""x"":1239,""y"":233,""t"":1496},{""x"":1305,""y"":212,""t"":1545},{""x"":1241,""y"":216,""t"":1565},{""x"":1309,""y"":201,""t"":1614},{""x"":1319,""y"":171,""t"":1633},{""x"":1359,""y"":168,""t"":1681},{""x"":1391,""y"":160,""t"":1701},{""x"":1369,""y"":163,""t"":1747},{""x"":1328,""y"":177,""t"":1770},{""x"":1368,""y"":201,""t"":1818},{""x"":1378,""y"":255,""t"":1837},{""x"":1492,""y"":276,""t"":1884},{""x"":1540,""y"":309,""t"":1904},{""x"":1516,""y"":307,""t"":1951},{""x"":1492,""y"":304,""t"":1974},{""x"":1348,""y"":392,""t"":2021},{""x"":1322,""y"":435,""t"":2041},{""x"":1283,""y"":465,""t"":2090},{""x"":1234,""y"":515,""t"":2109},{""x"":1185,""y"":557,""t"":2156},{""x"":1007,""y"":551,""t"":2178},{""x"":1041,""y"":567,""t"":2226},{""x"":984,""y"":562,""t"":2245},{""x"":1003,""y"":580,""t"":2292},{""x"":1001,""y"":559,""t"":2312},{""x"":1062,""y"":585,""t"":2359},{""x"":1090,""y"":590,""t"":2381},{""x"":1216,""y"":552,""t"":2429},{""x"":1313,""y"":510,""t"":2449},{""x"":1309,""y"":424,""t"":2502},{""x"":1419,""y"":375,""t"":2517},{""x"":1387,""y"":307,""t"":2564},{""x"":1415,""y"":306,""t"":2585},{""x"":1394,""y"":264,""t"":2634},{""x"":1435,""y"":240,""t"":2653},{""x"":1418,""y"":206,""t"":2700},{""x"":1448,""y"":204,""t"":2722},{""x"":1200,""y"":228,""t"":2772},{""x"":973,""y"":241,""t"":2790},{""x"":813,""y"":261,""t"":2839},{""x"":676,""y"":284,""t"":2857},{""x"":514,""y"":289,""t"":2904},{""x"":430,""y"":295,""t"":2924},{""x"":354,""y"":303,""t"":2970},{""x"":353,""y"":330,""t"":2994},{""x"":289,""y"":334,""t"":3046},{""x"":234,""y"":340,""t"":3062},{""x"":288,""y"":346,""t"":3113},{""x"":342,""y"":350,""t"":3130},{""x"":318,""y"":364,""t"":3177},{""x"":311,""y"":357,""t"":3197},{""x"":273,""y"":323,""t"":3245},{""x"":244,""y"":294,""t"":3265},{""x"":256,""y"":277,""t"":3312},{""x"":334,""y"":285,""t"":3334},{""x"":315,""y"":298,""t"":3381},{""x"":299,""y"":309,""t"":3401},{""x"":328,""y"":299,""t"":3448},{""x"":362,""y"":291,""t"":3469},{""x"":505,""y"":278,""t"":3515},{""x"":635,""y"":273,""t"":3538},{""x"":869,""y"":242,""t"":3587},{""x"":946,""y"":226,""t"":3605},{""x"":1106,""y"":226,""t"":3653},{""x"":1231,""y"":226,""t"":3674},{""x"":1304,""y"":217,""t"":3724},{""x"":1345,""y"":227,""t"":3741},{""x"":1392,""y"":231,""t"":3789},{""x"":1461,""y"":222,""t"":3810},{""x"":1465,""y"":216,""t"":3858},{""x"":1527,""y"":206,""t"":3878},{""x"":1551,""y"":249,""t"":3925},{""x"":1495,""y"":254,""t"":3946},{""x"":1239,""y"":314,""t"":3996},{""x"":1106,""y"":339,""t"":4014},{""x"":951,""y"":331,""t"":4059},{""x"":822,""y"":322,""t"":4082},{""x"":746,""y"":337,""t"":4131},{""x"":647,""y"":337,""t"":4149},{""x"":664,""y"":328,""t"":4198},{""x"":718,""y"":328,""t"":4217},{""x"":888,""y"":306,""t"":4265},{""x"":1088,""y"":292,""t"":4286},{""x"":1179,""y"":288,""t"":4333},{""x"":1312,""y"":289,""t"":4354},{""x"":1366,""y"":286,""t"":4400},{""x"":1373,""y"":307,""t"":4422},{""x"":1375,""y"":280,""t"":4471},{""x"":1381,""y"":266,""t"":4489},{""x"":1397,""y"":247,""t"":4535},{""x"":1464,""y"":231,""t"":4557},{""x"":1485,""y"":233,""t"":4608},{""x"":1428,""y"":231,""t"":4626},{""x"":1462,""y"":199,""t"":4674},{""x"":1440,""y"":200,""t"":4693},{""x"":1402,""y"":176,""t"":4740},{""x"":1436,""y"":176,""t"":4761},{""x"":1377,""y"":204,""t"":4811},{""x"":1331,""y"":208,""t"":4830},{""x"":1370,""y"":235,""t"":4883},{""x"":1342,""y"":244,""t"":4898},{""x"":1287,""y"":315,""t"":4945},{""x"":1243,""y"":384,""t"":4965},{""x"":1238,""y"":390,""t"":5013},{""x"":1274,""y"":448,""t"":5034},{""x"":1320,""y"":506,""t"":5083},{""x"":1228,""y"":475,""t"":5101},{""x"":1248,""y"":531,""t"":5150},{""x"":1259,""y"":579,""t"":5169},{""x"":1274,""y"":576,""t"":5217},{""x"":1324,""y"":586,""t"":5238},{""x"":1161,""y"":577,""t"":5286},{""x"":1065,""y"":552,""t"":5305},{""x"":978,""y"":514,""t"":5352},{""x"":874,""y"":458,""t"":5373},{""x"":879,""y"":444,""t"":5419},{""x"":849,""y"":395,""t"":5442},{""x"":885,""y"":359,""t"":5490},{""x"":901,""y"":323,""t"":5508},{""x"":864,""y"":341,""t"":5554},{""x"":809,""y"":349,""t"":5577},{""x"":710,""y"":435,""t"":5630},{""x"":629,""y"":509,""t"":5645},{""x"":551,""y"":528,""t"":5693},{""x"":468,""y"":567,""t"":5714},{""x"":520,""y"":531,""t"":5760},{""x"":452,""y"":556,""t"":5782},{""x"":451,""y"":510,""t"":5832},{""x"":526,""y"":487,""t"":5850},{""x"":572,""y"":453,""t"":5900},{""x"":579,""y"":419,""t"":5917},{""x"":620,""y"":418,""t"":5969},{""x"":645,""y"":402,""t"":5986},{""x"":647,""y"":366,""t"":6037},{""x"":587,""y"":350,""t"":6054},{""x"":573,""y"":335,""t"":6106},{""x"":497,""y"":328,""t"":6122},{""x"":447,""y"":310,""t"":6173},{""x"":404,""y"":328,""t"":6190},{""x"":405,""y"":330,""t"":6246},{""x"":423,""y"":341,""t"":6258},{""x"":394,""y"":330,""t"":6313},{""x"":369,""y"":335,""t"":6324},{""x"":490,""y"":313,""t"":6383}]",0,0.7593211489474047,0.24067885105259526,eu_b-last_b-longer,0
