subject_id,block,trial,condition,choice,rt,p0,p1,m0,m1,label0,label1,higher_p,higher_m,presentation,presentation01,by_attribute,ev0,ev1,delta_ev,delta_ev_z,g0,g1,gp,gm,duration_favours,last_stage_favours,duration_favours_str,last_stage_favours_str,choose_higher_p,sequence,webgazer_data,predicted_choice,predicted_choiceprob_0,predicted_choiceprob_1,model,rep
144-alternatives,0,0,exp_22,1.0,481.27499999990687,0.28,0.17,4.3,8.3,higher_p,higher_m,0,1,alternatives,0.0,False,1.204,1.4110000000000005,-0.2070000000000003,0.0442583094249129,0.4,0.6,0.5,0.5,1.0,1.0,higher_m,higher_m,False,"{""durations"":[1000,1500,1000,1500],""alternatives"":[0,1,0,1],""attributes"":[""all"",""all"",""all"",""all""]}","[{""x"":1011,""y"":438,""t"":182},{""x"":1111,""y"":351,""t"":238},{""x"":1152,""y"":326,""t"":718},{""x"":1106,""y"":340,""t"":766},{""x"":1127,""y"":360,""t"":989},{""x"":1033,""y"":457,""t"":1036},{""x"":956,""y"":427,""t"":1107},{""x"":905,""y"":392,""t"":1207},{""x"":799,""y"":425,""t"":1301},{""x"":720,""y"":428,""t"":1389},{""x"":736,""y"":485,""t"":1475},{""x"":610,""y"":455,""t"":1572},{""x"":604,""y"":556,""t"":1671},{""x"":653,""y"":555,""t"":1763},{""x"":739,""y"":538,""t"":1854},{""x"":759,""y"":503,""t"":1949},{""x"":797,""y"":405,""t"":2033},{""x"":887,""y"":469,""t"":2121},{""x"":825,""y"":421,""t"":2211},{""x"":891,""y"":432,""t"":2304},{""x"":930,""y"":378,""t"":2392},{""x"":939,""y"":324,""t"":2476},{""x"":959,""y"":316,""t"":2560},{""x"":901,""y"":339,""t"":2651},{""x"":918,""y"":346,""t"":2753},{""x"":846,""y"":487,""t"":2843},{""x"":847,""y"":383,""t"":2930},{""x"":949,""y"":386,""t"":3028},{""x"":1019,""y"":432,""t"":3128},{""x"":1039,""y"":448,""t"":3214},{""x"":927,""y"":466,""t"":3300},{""x"":900,""y"":486,""t"":3387},{""x"":860,""y"":522,""t"":3606},{""x"":864,""y"":505,""t"":3655},{""x"":956,""y"":420,""t"":3719},{""x"":948,""y"":310,""t"":3810},{""x"":951,""y"":266,""t"":3892},{""x"":871,""y"":304,""t"":3980},{""x"":883,""y"":332,""t"":4081},{""x"":826,""y"":340,""t"":4165},{""x"":832,""y"":418,""t"":4254},{""x"":870,""y"":319,""t"":4342},{""x"":764,""y"":374,""t"":4425},{""x"":746,""y"":422,""t"":4514},{""x"":625,""y"":497,""t"":4610},{""x"":693,""y"":371,""t"":4690},{""x"":680,""y"":407,""t"":4849},{""x"":787,""y"":261,""t"":4902},{""x"":897,""y"":297,""t"":4967},{""x"":979,""y"":391,""t"":5053},{""x"":1072,""y"":533,""t"":5247},{""x"":1055,""y"":584,""t"":5296},{""x"":935,""y"":638,""t"":5518},{""x"":869,""y"":635,""t"":5568},{""x"":962,""y"":581,""t"":5634},{""x"":906,""y"":622,""t"":5729},{""x"":955,""y"":603,""t"":5991},{""x"":1069,""y"":529,""t"":6047},{""x"":987,""y"":513,""t"":6119}]",1,0.09674511102355063,0.9032548889764495,pt,0
144-alternatives,0,2,catch_6,1.0,665.8699999998207,0.23,0.59,1.9,2.7,dominated,dominant,1,1,alternatives,0.0,False,0.437,1.593,-1.156,-0.9325122869528244,0.5,0.5,0.5,0.5,,1.0,,dominant,True,"{""durations"":[1250,1250,1250,1250],""attributes"":[""all"",""all"",""all"",""all""],""alternatives"":[0,1,0,1]}","[{""x"":1026,""y"":461,""t"":-139},{""x"":876,""y"":485,""t"":-61},{""x"":936,""y"":489,""t"":3},{""x"":795,""y"":559,""t"":71},{""x"":874,""y"":596,""t"":214},{""x"":788,""y"":631,""t"":309},{""x"":835,""y"":588,""t"":501},{""x"":960,""y"":587,""t"":667},{""x"":976,""y"":592,""t"":779},{""x"":868,""y"":553,""t"":873},{""x"":654,""y"":561,""t"":970},{""x"":656,""y"":571,""t"":1262},{""x"":750,""y"":530,""t"":1322},{""x"":735,""y"":527,""t"":1390},{""x"":759,""y"":472,""t"":1473},{""x"":722,""y"":491,""t"":1568},{""x"":660,""y"":477,""t"":1653},{""x"":648,""y"":411,""t"":1735},{""x"":662,""y"":419,""t"":1843},{""x"":748,""y"":331,""t"":1930},{""x"":870,""y"":311,""t"":2018},{""x"":887,""y"":318,""t"":2109},{""x"":962,""y"":337,""t"":2200},{""x"":954,""y"":318,""t"":2287},{""x"":854,""y"":381,""t"":2383},{""x"":862,""y"":372,""t"":2472},{""x"":919,""y"":363,""t"":2560},{""x"":929,""y"":359,""t"":2646},{""x"":875,""y"":383,""t"":2739},{""x"":792,""y"":370,""t"":2825},{""x"":847,""y"":421,""t"":2911},{""x"":889,""y"":448,""t"":2993},{""x"":897,""y"":505,""t"":3088},{""x"":904,""y"":586,""t"":3186},{""x"":971,""y"":565,""t"":3271},{""x"":1061,""y"":532,""t"":3357},{""x"":1129,""y"":474,""t"":3457},{""x"":1117,""y"":462,""t"":3549},{""x"":1114,""y"":456,""t"":3629},{""x"":954,""y"":378,""t"":3711},{""x"":1056,""y"":335,""t"":3796},{""x"":1048,""y"":300,""t"":3876},{""x"":1160,""y"":303,""t"":3953},{""x"":1199,""y"":321,""t"":4039},{""x"":1210,""y"":320,""t"":4123},{""x"":1071,""y"":413,""t"":4221},{""x"":970,""y"":455,""t"":4300},{""x"":1041,""y"":497,""t"":4377},{""x"":1171,""y"":513,""t"":4464},{""x"":1184,""y"":538,""t"":4548},{""x"":1124,""y"":590,""t"":4633},{""x"":1128,""y"":532,""t"":4716},{""x"":1059,""y"":537,""t"":4800},{""x"":1026,""y"":596,""t"":4877},{""x"":1078,""y"":589,""t"":4960},{""x"":991,""y"":550,""t"":5044},{""x"":849,""y"":596,""t"":5135},{""x"":776,""y"":619,""t"":5224},{""x"":681,""y"":656,""t"":5311},{""x"":693,""y"":652,""t"":5388},{""x"":746,""y"":642,""t"":5464},{""x"":765,""y"":670,""t"":5538},{""x"":805,""y"":663,""t"":5613},{""x"":776,""y"":653,""t"":5700},{""x"":779,""y"":610,""t"":5777},{""x"":828,""y"":596,""t"":5855},{""x"":807,""y"":560,""t"":5930},{""x"":776,""y"":571,""t"":6005},{""x"":849,""y"":512,""t"":6089},{""x"":838,""y"":417,""t"":6198},{""x"":753,""y"":377,""t"":6290},{""x"":806,""y"":355,""t"":6374}]",1,0.010701887470831296,0.9892981125291687,pt,0
144-alternatives,0,4,exp_64,1.0,690.1199999999953,0.72,0.51,4.2,5.2,higher_p,higher_m,0,1,alternatives,0.0,False,3.024,2.652,0.3719999999999999,0.6402015921464201,0.6,0.4,0.5,0.5,0.0,1.0,higher_p,higher_m,False,"{""durations"":[1500,1000,1500,1000],""alternatives"":[0,1,0,1],""attributes"":[""all"",""all"",""all"",""all""]}","[{""x"":717,""y"":562,""t"":-51},{""x"":764,""y"":591,""t"":1},{""x"":718,""y"":598,""t"":86},{""x"":731,""y"":538,""t"":138},{""x"":715,""y"":554,""t"":190},{""x"":677,""y"":590,""t"":264},{""x"":736,""y"":596,""t"":342},{""x"":740,""y"":616,""t"":423},{""x"":768,""y"":624,""t"":617},{""x"":867,""y"":612,""t"":666},{""x"":910,""y"":583,""t"":718},{""x"":877,""y"":554,""t"":1569},{""x"":965,""y"":476,""t"":1615},{""x"":982,""y"":439,""t"":1671},{""x"":983,""y"":426,""t"":1819},{""x"":965,""y"":422,""t"":1866},{""x"":990,""y"":388,""t"":1920},{""x"":1000,""y"":454,""t"":2109},{""x"":933,""y"":487,""t"":2157},{""x"":840,""y"":586,""t"":2210},{""x"":917,""y"":527,""t"":2293},{""x"":995,""y"":523,""t"":2754},{""x"":979,""y"":570,""t"":2816},{""x"":928,""y"":594,""t"":2842},{""x"":988,""y"":582,""t"":2902},{""x"":976,""y"":530,""t"":3146},{""x"":1025,""y"":549,""t"":3192},{""x"":1034,""y"":484,""t"":3247},{""x"":1011,""y"":539,""t"":3571},{""x"":879,""y"":615,""t"":3620},{""x"":799,""y"":648,""t"":3673},{""x"":888,""y"":603,""t"":3749},{""x"":886,""y"":600,""t"":4491},{""x"":919,""y"":573,""t"":4536},{""x"":866,""y"":568,""t"":4589},{""x"":922,""y"":539,""t"":4778},{""x"":1058,""y"":432,""t"":4827},{""x"":1037,""y"":436,""t"":4880},{""x"":977,""y"":473,""t"":5817},{""x"":942,""y"":554,""t"":5863},{""x"":921,""y"":583,""t"":5919}]",1,0.8420883469536471,0.15791165304635293,pt,0
144-alternatives,0,5,exp_42,1.0,104.8399999999674,0.81,0.48,1.6999999999999995,7.9,higher_p,higher_m,0,1,alternatives,0.0,False,1.3769999999999998,3.792,-2.415,-2.2283544163938904,0.6,0.4,0.5,0.5,0.0,0.0,higher_p,higher_p,False,"{""durations"":[1000,1500,1000,1500],""alternatives"":[1,0,1,0],""attributes"":[""all"",""all"",""all"",""all""]}","[{""x"":827,""y"":608,""t"":1158},{""x"":861,""y"":614,""t"":1206},{""x"":919,""y"":615,""t"":1257},{""x"":876,""y"":617,""t"":1417},{""x"":847,""y"":610,""t"":1462},{""x"":897,""y"":617,""t"":1519},{""x"":841,""y"":628,""t"":1683},{""x"":822,""y"":620,""t"":1733},{""x"":839,""y"":596,""t"":1784},{""x"":876,""y"":600,""t"":3299},{""x"":883,""y"":617,""t"":3350},{""x"":891,""y"":623,""t"":3412},{""x"":925,""y"":607,""t"":3499},{""x"":865,""y"":646,""t"":3693},{""x"":868,""y"":667,""t"":3746},{""x"":709,""y"":688,""t"":3803},{""x"":733,""y"":637,""t"":3889},{""x"":757,""y"":615,""t"":4762},{""x"":672,""y"":524,""t"":4809},{""x"":630,""y"":511,""t"":4872},{""x"":627,""y"":538,""t"":4962},{""x"":676,""y"":539,""t"":5042},{""x"":686,""y"":501,""t"":5150},{""x"":697,""y"":510,""t"":5228},{""x"":819,""y"":505,""t"":5307},{""x"":864,""y"":466,""t"":5391},{""x"":689,""y"":497,""t"":5468},{""x"":594,""y"":508,""t"":5543},{""x"":537,""y"":529,""t"":5686},{""x"":602,""y"":571,""t"":5748}]",1,0.00414788289305747,0.9958521171069427,pt,0
144-alternatives,0,6,exp_78,1.0,29.895000000076838,0.8,0.2,4.0,6.799999999999999,higher_p,higher_m,0,1,alternatives,0.0,False,3.2,1.36,1.8400000000000003,2.151159690652763,0.4,0.6,0.5,0.5,1.0,1.0,higher_m,higher_m,False,"{""durations"":[1000,1500,1000,1500],""alternatives"":[0,1,0,1],""attributes"":[""all"",""all"",""all"",""all""]}","[{""x"":869,""y"":554,""t"":377},{""x"":908,""y"":562,""t"":424},{""x"":770,""y"":587,""t"":474},{""x"":745,""y"":519,""t"":1056},{""x"":863,""y"":420,""t"":1104},{""x"":792,""y"":451,""t"":1132},{""x"":712,""y"":492,""t"":2109},{""x"":582,""y"":528,""t"":2156},{""x"":584,""y"":622,""t"":2210},{""x"":589,""y"":635,""t"":2654},{""x"":750,""y"":608,""t"":2702},{""x"":797,""y"":611,""t"":2754},{""x"":953,""y"":579,""t"":2832},{""x"":1036,""y"":567,""t"":3064},{""x"":1126,""y"":567,""t"":3149},{""x"":1037,""y"":579,""t"":3204},{""x"":987,""y"":582,""t"":3282},{""x"":945,""y"":574,""t"":3360},{""x"":924,""y"":551,""t"":3444},{""x"":974,""y"":498,""t"":3522},{""x"":933,""y"":538,""t"":3610},{""x"":955,""y"":549,""t"":3685},{""x"":960,""y"":536,""t"":3789},{""x"":1113,""y"":476,""t"":3862},{""x"":1129,""y"":433,""t"":3939},{""x"":1113,""y"":452,""t"":4017},{""x"":1111,""y"":447,""t"":4099},{""x"":1120,""y"":483,""t"":4178},{""x"":1108,""y"":533,""t"":4256},{""x"":1130,""y"":529,""t"":4329},{""x"":964,""y"":570,""t"":4410},{""x"":808,""y"":646,""t"":4483},{""x"":835,""y"":620,""t"":4556},{""x"":837,""y"":643,""t"":4638},{""x"":840,""y"":619,""t"":4727},{""x"":802,""y"":591,""t"":4803},{""x"":818,""y"":566,""t"":4887},{""x"":860,""y"":561,""t"":4966},{""x"":820,""y"":527,""t"":5310},{""x"":833,""y"":515,""t"":5356},{""x"":790,""y"":494,""t"":5413},{""x"":939,""y"":417,""t"":5498}]",0,0.9951179563333201,0.004882043666679825,pt,0
144-alternatives,0,7,exp_68,0.0,183.94000000011877,0.72,0.51,4.2,5.2,higher_p,higher_m,0,1,alternatives,0.0,False,3.024,2.652,0.3719999999999999,0.6402015921464201,0.4,0.6,0.5,0.5,1.0,0.0,higher_m,higher_p,True,"{""durations"":[1500,1000,1500,1000],""alternatives"":[1,0,1,0],""attributes"":[""all"",""all"",""all"",""all""]}","[{""x"":919,""y"":498,""t"":-73},{""x"":927,""y"":510,""t"":-24},{""x"":1006,""y"":513,""t"":1},{""x"":951,""y"":507,""t"":124},{""x"":929,""y"":506,""t"":176},{""x"":969,""y"":481,""t"":228},{""x"":980,""y"":496,""t"":306},{""x"":820,""y"":544,""t"":576},{""x"":782,""y"":604,""t"":644},{""x"":724,""y"":671,""t"":685},{""x"":576,""y"":722,""t"":716},{""x"":653,""y"":724,""t"":751},{""x"":706,""y"":708,""t"":1160},{""x"":822,""y"":679,""t"":1207},{""x"":833,""y"":625,""t"":1259},{""x"":726,""y"":600,""t"":1337},{""x"":748,""y"":550,""t"":1415},{""x"":747,""y"":511,""t"":1492},{""x"":882,""y"":421,""t"":1940},{""x"":1009,""y"":378,""t"":1988},{""x"":1116,""y"":321,""t"":2038},{""x"":978,""y"":424,""t"":2112},{""x"":915,""y"":495,""t"":2195},{""x"":899,""y"":542,""t"":2273},{""x"":947,""y"":563,""t"":2355},{""x"":927,""y"":582,""t"":2435},{""x"":852,""y"":610,""t"":2517},{""x"":793,""y"":614,""t"":2594},{""x"":850,""y"":538,""t"":2736},{""x"":810,""y"":558,""t"":2791},{""x"":764,""y"":588,""t"":2871},{""x"":735,""y"":530,""t"":2940},{""x"":766,""y"":490,""t"":2965},{""x"":979,""y"":452,""t"":3017},{""x"":1108,""y"":417,""t"":3121},{""x"":1058,""y"":433,""t"":3201},{""x"":1018,""y"":459,""t"":3277},{""x"":993,""y"":472,""t"":3353},{""x"":990,""y"":503,""t"":3540},{""x"":1106,""y"":449,""t"":3587},{""x"":1124,""y"":455,""t"":3641},{""x"":1044,""y"":564,""t"":3805},{""x"":996,""y"":590,""t"":3852},{""x"":895,""y"":712,""t"":3904},{""x"":805,""y"":739,""t"":3986},{""x"":771,""y"":723,""t"":4060},{""x"":772,""y"":736,""t"":4140},{""x"":773,""y"":749,""t"":4215},{""x"":768,""y"":711,""t"":4288},{""x"":853,""y"":666,""t"":4484},{""x"":863,""y"":600,""t"":4533},{""x"":937,""y"":538,""t"":4585},{""x"":942,""y"":515,""t"":4697},{""x"":900,""y"":546,""t"":4900},{""x"":942,""y"":551,""t"":4946},{""x"":1002,""y"":569,""t"":4998},{""x"":980,""y"":568,""t"":5074},{""x"":1025,""y"":541,""t"":5408},{""x"":1039,""y"":520,""t"":5461},{""x"":1101,""y"":483,""t"":5515},{""x"":1045,""y"":510,""t"":5595},{""x"":1065,""y"":502,""t"":5807},{""x"":1124,""y"":461,""t"":5857}]",1,0.8420883469536471,0.15791165304635293,pt,0
144-alternatives,0,12,exp_8,1.0,97.89000000001396,0.7,0.29,1.7999999999999998,5.0,higher_p,higher_m,0,1,alternatives,0.0,False,1.2599999999999998,1.45,-0.1900000000000001,0.0617557805929021,0.6,0.4,0.5,0.5,0.0,1.0,higher_p,higher_m,False,"{""durations"":[1500,1000,1500,1000],""alternatives"":[0,1,0,1],""attributes"":[""all"",""all"",""all"",""all""]}","[{""x"":856,""y"":481,""t"":445},{""x"":822,""y"":417,""t"":492},{""x"":862,""y"":436,""t"":1933},{""x"":830,""y"":515,""t"":1992},{""x"":731,""y"":535,""t"":2065},{""x"":738,""y"":543,""t"":2624},{""x"":790,""y"":544,""t"":2679},{""x"":757,""y"":588,""t"":3506},{""x"":720,""y"":600,""t"":3560},{""x"":820,""y"":545,""t"":4326},{""x"":845,""y"":495,""t"":4379},{""x"":910,""y"":526,""t"":4644},{""x"":922,""y"":536,""t"":4697},{""x"":968,""y"":572,""t"":4777},{""x"":914,""y"":551,""t"":5055},{""x"":1111,""y"":522,""t"":5124},{""x"":1024,""y"":587,""t"":5316},{""x"":1031,""y"":656,""t"":5365},{""x"":906,""y"":678,""t"":5577},{""x"":822,""y"":641,""t"":5627},{""x"":893,""y"":597,""t"":5680}]",1,0.23227522800242645,0.7677247719975735,pt,0
144-alternatives,0,14,exp_98,0.0,28.49500000005355,0.58,0.38,4.9,6.9,higher_p,higher_m,0,1,alternatives,0.0,False,2.842,2.6220000000000003,0.2199999999999997,0.4837536146444009,0.6,0.4,0.5,0.5,0.0,0.0,higher_p,higher_p,True,"{""durations"":[1000,1500,1000,1500],""alternatives"":[1,0,1,0],""attributes"":[""all"",""all"",""all"",""all""]}","[{""x"":736,""y"":539,""t"":-74},{""x"":665,""y"":590,""t"":1},{""x"":716,""y"":528,""t"":100},{""x"":708,""y"":499,""t"":189},{""x"":660,""y"":551,""t"":614},{""x"":805,""y"":508,""t"":662},{""x"":865,""y"":469,""t"":1022},{""x"":755,""y"":429,""t"":1072},{""x"":799,""y"":315,""t"":1124},{""x"":894,""y"":342,""t"":1872},{""x"":964,""y"":510,""t"":1919},{""x"":916,""y"":483,""t"":1975},{""x"":785,""y"":423,""t"":2118},{""x"":875,""y"":391,""t"":2165},{""x"":986,""y"":449,""t"":2217},{""x"":931,""y"":372,""t"":2293},{""x"":932,""y"":338,""t"":3027},{""x"":797,""y"":360,""t"":3080},{""x"":781,""y"":430,""t"":3810},{""x"":637,""y"":492,""t"":3859},{""x"":591,""y"":397,""t"":4070},{""x"":597,""y"":445,""t"":4120},{""x"":599,""y"":343,""t"":4796},{""x"":613,""y"":395,""t"":4847},{""x"":628,""y"":451,""t"":5476},{""x"":657,""y"":483,""t"":5525}]",0,0.5489006778604623,0.45109932213953774,pt,0
144-alternatives,0,15,exp_88,0.0,147.78499999985797,0.5,0.38,3.0,4.0,higher_p,higher_m,0,1,alternatives,0.0,False,1.5,1.52,-0.02,0.236730492272792,0.6,0.4,0.5,0.5,0.0,1.0,higher_p,higher_m,True,"{""durations"":[1500,1000,1500,1000],""alternatives"":[0,1,0,1],""attributes"":[""all"",""all"",""all"",""all""]}","[{""x"":886,""y"":476,""t"":70},{""x"":777,""y"":397,""t"":119},{""x"":808,""y"":425,""t"":171},{""x"":849,""y"":405,""t"":259},{""x"":983,""y"":299,""t"":334},{""x"":1029,""y"":381,""t"":407},{""x"":1154,""y"":348,""t"":534},{""x"":990,""y"":415,""t"":586},{""x"":929,""y"":401,""t"":989},{""x"":1016,""y"":407,""t"":1036},{""x"":974,""y"":281,""t"":1062},{""x"":980,""y"":332,""t"":1240},{""x"":1028,""y"":246,""t"":1289},{""x"":1039,""y"":246,""t"":1396},{""x"":1003,""y"":287,""t"":1442},{""x"":1002,""y"":239,""t"":1548},{""x"":968,""y"":379,""t"":1598},{""x"":820,""y"":397,""t"":2007},{""x"":800,""y"":419,""t"":2053},{""x"":758,""y"":391,""t"":2162},{""x"":889,""y"":420,""t"":2210},{""x"":924,""y"":410,""t"":2619},{""x"":937,""y"":508,""t"":2670},{""x"":925,""y"":404,""t"":3213},{""x"":891,""y"":397,""t"":3272},{""x"":907,""y"":425,""t"":3538},{""x"":958,""y"":460,""t"":3585},{""x"":943,""y"":370,""t"":4082},{""x"":993,""y"":386,""t"":4129},{""x"":970,""y"":333,""t"":5001},{""x"":957,""y"":231,""t"":5052},{""x"":999,""y"":204,""t"":5078},{""x"":1062,""y"":177,""t"":5105}]",0,0.4063482116834286,0.5936517883165713,pt,0
144-alternatives,0,17,exp_18,1.0,346.7400000001653,0.28,0.17,4.3,8.3,higher_p,higher_m,0,1,alternatives,0.0,False,1.204,1.4110000000000005,-0.2070000000000003,0.0442583094249129,0.6,0.4,0.5,0.5,0.0,0.0,higher_p,higher_p,False,"{""durations"":[1000,1500,1000,1500],""alternatives"":[1,0,1,0],""attributes"":[""all"",""all"",""all"",""all""]}","[{""x"":937,""y"":373,""t"":1683},{""x"":995,""y"":318,""t"":1730},{""x"":1034,""y"":404,""t"":2213},{""x"":1086,""y"":490,""t"":2261},{""x"":1082,""y"":439,""t"":3572},{""x"":1020,""y"":340,""t"":3626},{""x"":1042,""y"":438,""t"":3770},{""x"":1007,""y"":328,""t"":3819}]",1,0.09674511102355063,0.9032548889764495,pt,0
144-alternatives,0,19,exp_26,1.0,63.35500000003958,0.3,0.17,2.0,3.0,higher_p,higher_m,0,1,alternatives,0.0,False,0.6,0.51,0.0899999999999999,0.3499494233597795,0.6,0.4,0.5,0.5,0.0,0.0,higher_p,higher_p,False,"{""durations"":[1000,1500,1000,1500],""alternatives"":[1,0,1,0],""attributes"":[""all"",""all"",""all"",""all""]}","[{""x"":1144,""y"":429,""t"":241},{""x"":1024,""y"":465,""t"":291},{""x"":850,""y"":406,""t"":1024},{""x"":755,""y"":424,""t"":1088},{""x"":682,""y"":413,""t"":2179},{""x"":706,""y"":473,""t"":2226}]",1,0.4097922207961993,0.5902077792038007,pt,0
144-alternatives,0,21,exp_104,0.0,60.70499999989988,0.78,0.4,2.1,3.0,higher_p,higher_m,0,1,alternatives,0.0,False,1.638,1.2000000000000002,0.4379999999999999,0.7081329507986127,0.6,0.4,0.5,0.5,0.0,1.0,higher_p,higher_m,True,"{""durations"":[1500,1000,1500,1000],""alternatives"":[0,1,0,1],""attributes"":[""all"",""all"",""all"",""all""]}","[{""x"":1019,""y"":504,""t"":2553},{""x"":1112,""y"":465,""t"":2606},{""x"":1227,""y"":452,""t"":2635},{""x"":1112,""y"":454,""t"":2662},{""x"":1163,""y"":270,""t"":2691},{""x"":1162,""y"":285,""t"":3233},{""x"":1291,""y"":275,""t"":3282}]",0,0.9187249123943156,0.08127508760568432,pt,0
144-alternatives,0,23,exp_96,0.0,56.86999999987893,0.58,0.38,4.9,6.9,higher_p,higher_m,0,1,alternatives,0.0,False,2.842,2.6220000000000003,0.2199999999999997,0.4837536146444009,0.6,0.4,0.5,0.5,0.0,1.0,higher_p,higher_m,True,"{""durations"":[1500,1000,1500,1000],""alternatives"":[0,1,0,1],""attributes"":[""all"",""all"",""all"",""all""]}","[{""x"":1248,""y"":277,""t"":345},{""x"":1189,""y"":289,""t"":391},{""x"":1167,""y"":324,""t"":5035},{""x"":1180,""y"":322,""t"":5147}]",1,0.5489006778604623,0.45109932213953774,pt,0
144-alternatives,0,26,exp_40,1.0,375.5250000001979,0.81,0.48,1.6999999999999995,7.9,higher_p,higher_m,0,1,alternatives,0.0,False,1.3769999999999998,3.792,-2.415,-2.2283544163938904,0.6,0.4,0.5,0.5,0.0,1.0,higher_p,higher_m,False,"{""durations"":[1500,1000,1500,1000],""alternatives"":[0,1,0,1],""attributes"":[""all"",""all"",""all"",""all""]}","[{""x"":1169,""y"":185,""t"":1260},{""x"":1245,""y"":245,""t"":1307},{""x"":1305,""y"":294,""t"":5186},{""x"":1235,""y"":336,""t"":5234}]",1,0.00414788289305747,0.9958521171069427,pt,0
144-alternatives,0,28,exp_30,0.0,128.02999999985332,0.3,0.17,2.0,3.0,higher_p,higher_m,0,1,alternatives,0.0,False,0.6,0.51,0.0899999999999999,0.3499494233597795,0.4,0.6,0.5,0.5,1.0,1.0,higher_m,higher_m,True,"{""durations"":[1000,1500,1000,1500],""alternatives"":[0,1,0,1],""attributes"":[""all"",""all"",""all"",""all""]}",[],1,0.4097922207961993,0.5902077792038007,pt,0
144-alternatives,0,35,exp_50,0.0,59.560000000172295,0.49,0.32,6.9,8.2,higher_p,higher_m,0,1,alternatives,0.0,False,3.381,2.624,0.7570000000000006,1.0364678509508771,0.6,0.4,0.5,0.5,0.0,0.0,higher_p,higher_p,True,"{""durations"":[1000,1500,1000,1500],""alternatives"":[1,0,1,0],""attributes"":[""all"",""all"",""all"",""all""]}","[{""x"":1133,""y"":327,""t"":173},{""x"":1110,""y"":289,""t"":220}]",0,0.7439005878288085,0.2560994121711916,pt,0
144-alternatives,0,36,exp_114,1.0,282.24500000011176,0.49,0.22,4.2,7.9,higher_p,higher_m,0,1,alternatives,0.0,False,2.058,1.738,0.3199999999999998,0.5866799156325715,0.6,0.4,0.5,0.5,0.0,0.0,higher_p,higher_p,False,"{""durations"":[1000,1500,1000,1500],""alternatives"":[1,0,1,0],""attributes"":[""all"",""all"",""all"",""all""]}","[{""x"":1023,""y"":374,""t"":3437},{""x"":828,""y"":499,""t"":3485},{""x"":815,""y"":532,""t"":5101},{""x"":661,""y"":562,""t"":5154}]",0,0.33696758517480047,0.6630324148251996,pt,0
144-alternatives,0,37,exp_102,0.0,88.94999999983702,0.58,0.38,4.9,6.9,higher_p,higher_m,0,1,alternatives,0.0,False,2.842,2.6220000000000003,0.2199999999999997,0.4837536146444009,0.4,0.6,0.5,0.5,1.0,1.0,higher_m,higher_m,True,"{""durations"":[1000,1500,1000,1500],""alternatives"":[0,1,0,1],""attributes"":[""all"",""all"",""all"",""all""]}","[{""x"":674,""y"":632,""t"":624},{""x"":841,""y"":597,""t"":672},{""x"":849,""y"":611,""t"":2112},{""x"":858,""y"":626,""t"":2161}]",0,0.5489006778604623,0.45109932213953774,pt,0
144-alternatives,0,38,exp_94,0.0,213.72500000009316,0.5,0.38,3.0,4.0,higher_p,higher_m,0,1,alternatives,0.0,False,1.5,1.52,-0.02,0.236730492272792,0.4,0.6,0.5,0.5,1.0,1.0,higher_m,higher_m,True,"{""durations"":[1000,1500,1000,1500],""alternatives"":[0,1,0,1],""attributes"":[""all"",""all"",""all"",""all""]}","[{""x"":1123,""y"":501,""t"":184},{""x"":1022,""y"":494,""t"":236},{""x"":1001,""y"":411,""t"":4729},{""x"":858,""y"":397,""t"":4777}]",1,0.4063482116834286,0.5936517883165713,pt,0
144-alternatives,0,40,exp_74,0.0,912.640000000014,0.8,0.2,4.0,6.799999999999999,higher_p,higher_m,0,1,alternatives,0.0,False,3.2,1.36,1.8400000000000003,2.151159690652763,0.6,0.4,0.5,0.5,0.0,0.0,higher_p,higher_p,True,"{""durations"":[1000,1500,1000,1500],""alternatives"":[1,0,1,0],""attributes"":[""all"",""all"",""all"",""all""]}",[],0,0.9951179563333201,0.004882043666679825,pt,0
144-alternatives,0,41,exp_46,1.0,56.9000000001397,0.81,0.48,1.6999999999999995,7.9,higher_p,higher_m,0,1,alternatives,0.0,False,1.3769999999999998,3.792,-2.415,-2.2283544163938904,0.4,0.6,0.5,0.5,1.0,1.0,higher_m,higher_m,False,"{""durations"":[1000,1500,1000,1500],""alternatives"":[0,1,0,1],""attributes"":[""all"",""all"",""all"",""all""]}","[{""x"":882,""y"":490,""t"":5001},{""x"":843,""y"":455,""t"":5049},{""x"":831,""y"":423,""t"":5080},{""x"":823,""y"":371,""t"":5108},{""x"":784,""y"":389,""t"":5136},{""x"":729,""y"":464,""t"":5547},{""x"":914,""y"":476,""t"":5623}]",1,0.00414788289305747,0.9958521171069427,pt,0
144-alternatives,0,42,exp_90,0.0,103.33499999996276,0.5,0.38,3.0,4.0,higher_p,higher_m,0,1,alternatives,0.0,False,1.5,1.52,-0.02,0.236730492272792,0.6,0.4,0.5,0.5,0.0,0.0,higher_p,higher_p,True,"{""durations"":[1000,1500,1000,1500],""alternatives"":[1,0,1,0],""attributes"":[""all"",""all"",""all"",""all""]}","[{""x"":877,""y"":522,""t"":649},{""x"":917,""y"":559,""t"":696}]",1,0.4063482116834286,0.5936517883165713,pt,0
144-alternatives,0,43,catch_4,1.0,172.28000000002794,0.19,0.31,4.0,7.3,dominated,dominant,1,1,alternatives,0.0,False,0.76,2.263,-1.503,-1.2896665513817758,0.5,0.5,0.5,0.5,,1.0,,dominant,True,"{""durations"":[1250,1250,1250,1250],""attributes"":[""all"",""all"",""all"",""all""],""alternatives"":[0,1,0,1]}",[],1,0.007134775696799253,0.9928652243032008,pt,0
144-alternatives,0,44,exp_58,1.0,184.8499999998603,0.41,0.21,1.7999999999999998,6.2,higher_p,higher_m,0,1,alternatives,0.0,False,0.7379999999999999,1.302,-0.5640000000000002,-0.3231885851028554,0.6,0.4,0.5,0.5,0.0,0.0,higher_p,higher_p,False,"{""durations"":[1000,1500,1000,1500],""alternatives"":[1,0,1,0],""attributes"":[""all"",""all"",""all"",""all""]}","[{""x"":692,""y"":592,""t"":4084},{""x"":767,""y"":609,""t"":4131}]",1,0.018888264463895143,0.9811117355361049,pt,0
144-alternatives,0,45,exp_116,1.0,528.4400000000605,0.49,0.22,4.2,7.9,higher_p,higher_m,0,1,alternatives,0.0,False,2.058,1.738,0.3199999999999998,0.5866799156325715,0.4,0.6,0.5,0.5,1.0,0.0,higher_m,higher_p,False,"{""durations"":[1500,1000,1500,1000],""alternatives"":[1,0,1,0],""attributes"":[""all"",""all"",""all"",""all""]}","[{""x"":731,""y"":493,""t"":2314},{""x"":800,""y"":507,""t"":2361}]",0,0.33696758517480047,0.6630324148251996,pt,0
144-alternatives,0,46,exp_36,1.0,62.73499999998603,0.79,0.7,2.0,3.2,higher_p,higher_m,0,1,alternatives,0.0,False,1.58,2.24,-0.6599999999999997,-0.4219978340514986,0.4,0.6,0.5,0.5,1.0,0.0,higher_m,higher_p,False,"{""durations"":[1500,1000,1500,1000],""alternatives"":[1,0,1,0],""attributes"":[""all"",""all"",""all"",""all""]}","[{""x"":714,""y"":440,""t"":-70},{""x"":727,""y"":365,""t"":2},{""x"":726,""y"":309,""t"":82},{""x"":782,""y"":325,""t"":129},{""x"":721,""y"":347,""t"":180},{""x"":712,""y"":410,""t"":252},{""x"":756,""y"":416,""t"":324},{""x"":771,""y"":386,""t"":400},{""x"":794,""y"":356,""t"":476},{""x"":828,""y"":340,""t"":548},{""x"":903,""y"":262,""t"":628},{""x"":809,""y"":340,""t"":701},{""x"":807,""y"":349,""t"":1090},{""x"":875,""y"":314,""t"":1198},{""x"":867,""y"":380,""t"":1680},{""x"":940,""y"":376,""t"":1728},{""x"":902,""y"":449,""t"":3200},{""x"":931,""y"":492,""t"":3247}]",0,0.188478199951521,0.811521800048479,pt,0
144-alternatives,0,52,catch_0,1.0,119.70999999984632,0.19,0.72,2.0,3.0,dominated,dominant,1,1,alternatives,0.0,False,0.38,2.16,-1.7800000000000002,-1.5747724051190084,0.5,0.5,0.5,0.5,,1.0,,dominant,True,"{""durations"":[1250,1250,1250,1250],""attributes"":[""all"",""all"",""all"",""all""],""alternatives"":[0,1,0,1]}","[{""x"":1033,""y"":560,""t"":241},{""x"":1034,""y"":554,""t"":288},{""x"":1054,""y"":543,""t"":340},{""x"":1036,""y"":568,""t"":503},{""x"":1052,""y"":547,""t"":552},{""x"":1045,""y"":529,""t"":785},{""x"":1056,""y"":535,""t"":832},{""x"":1120,""y"":521,""t"":3436},{""x"":977,""y"":610,""t"":3483},{""x"":911,""y"":652,""t"":3981},{""x"":1022,""y"":623,""t"":4030},{""x"":880,""y"":656,""t"":4693},{""x"":771,""y"":610,""t"":4743},{""x"":758,""y"":506,""t"":4970},{""x"":785,""y"":458,""t"":5018}]",1,0.000850529632674339,0.9991494703673256,pt,0
144-alternatives,0,53,exp_108,0.0,1483.1149999999907,0.78,0.4,2.1,3.0,higher_p,higher_m,0,1,alternatives,0.0,False,1.638,1.2000000000000002,0.4379999999999999,0.7081329507986127,0.4,0.6,0.5,0.5,1.0,0.0,higher_m,higher_p,True,"{""durations"":[1500,1000,1500,1000],""alternatives"":[1,0,1,0],""attributes"":[""all"",""all"",""all"",""all""]}","[{""x"":873,""y"":498,""t"":1056},{""x"":802,""y"":526,""t"":1103},{""x"":898,""y"":488,""t"":1771},{""x"":936,""y"":453,""t"":1819},{""x"":970,""y"":413,""t"":2043},{""x"":925,""y"":527,""t"":2089},{""x"":941,""y"":526,""t"":2314},{""x"":954,""y"":543,""t"":2361},{""x"":984,""y"":523,""t"":3401},{""x"":971,""y"":512,""t"":3449},{""x"":980,""y"":550,""t"":3584},{""x"":1080,""y"":610,""t"":3632},{""x"":1122,""y"":541,""t"":4933},{""x"":1065,""y"":502,""t"":4980},{""x"":1035,""y"":470,""t"":5031},{""x"":1030,""y"":459,""t"":5127},{""x"":934,""y"":475,""t"":5207},{""x"":884,""y"":501,""t"":6191},{""x"":847,""y"":488,""t"":6239},{""x"":825,""y"":543,""t"":6347},{""x"":895,""y"":473,""t"":6395}]",0,0.9187249123943156,0.08127508760568432,pt,0
144-alternatives,0,54,exp_82,1.0,249.94000000017692,0.61,0.29,2.2,8.1,higher_p,higher_m,0,1,alternatives,0.0,False,1.342,2.349,-1.0069999999999997,-0.7791520984804501,0.6,0.4,0.5,0.5,0.0,0.0,higher_p,higher_p,False,"{""durations"":[1000,1500,1000,1500],""alternatives"":[1,0,1,0],""attributes"":[""all"",""all"",""all"",""all""]}","[{""x"":1072,""y"":428,""t"":1},{""x"":1087,""y"":522,""t"":87},{""x"":1127,""y"":516,""t"":140},{""x"":1241,""y"":492,""t"":269},{""x"":1064,""y"":605,""t"":317},{""x"":953,""y"":609,""t"":482},{""x"":889,""y"":592,""t"":533},{""x"":900,""y"":552,""t"":637},{""x"":841,""y"":572,""t"":686},{""x"":845,""y"":567,""t"":886},{""x"":905,""y"":561,""t"":936},{""x"":878,""y"":547,""t"":1133},{""x"":910,""y"":524,""t"":1183},{""x"":884,""y"":431,""t"":1210},{""x"":833,""y"":342,""t"":1235},{""x"":788,""y"":379,""t"":1687},{""x"":926,""y"":354,""t"":1734},{""x"":992,""y"":316,""t"":1872},{""x"":948,""y"":400,""t"":1921},{""x"":904,""y"":474,""t"":2026},{""x"":789,""y"":495,""t"":2101},{""x"":748,""y"":496,""t"":3470},{""x"":692,""y"":533,""t"":3519},{""x"":760,""y"":534,""t"":4074},{""x"":729,""y"":427,""t"":4120},{""x"":730,""y"":415,""t"":4492},{""x"":702,""y"":415,""t"":4541},{""x"":733,""y"":464,""t"":5361},{""x"":782,""y"":474,""t"":5480},{""x"":852,""y"":512,""t"":5510},{""x"":846,""y"":507,""t"":5653},{""x"":902,""y"":427,""t"":5700}]",1,0.014019726386467589,0.9859802736135324,pt,0
144-alternatives,0,56,exp_10,1.0,93.14999999990688,0.7,0.29,1.7999999999999998,5.0,higher_p,higher_m,0,1,alternatives,0.0,False,1.2599999999999998,1.45,-0.1900000000000001,0.0617557805929021,0.6,0.4,0.5,0.5,0.0,0.0,higher_p,higher_p,False,"{""durations"":[1000,1500,1000,1500],""alternatives"":[1,0,1,0],""attributes"":[""all"",""all"",""all"",""all""]}","[{""x"":956,""y"":368,""t"":-121},{""x"":958,""y"":331,""t"":-46},{""x"":852,""y"":453,""t"":1},{""x"":852,""y"":444,""t"":240},{""x"":890,""y"":443,""t"":287},{""x"":841,""y"":468,""t"":1330},{""x"":909,""y"":489,""t"":1378},{""x"":945,""y"":517,""t"":1709},{""x"":1021,""y"":537,""t"":1757},{""x"":1169,""y"":572,""t"":1919},{""x"":1142,""y"":520,""t"":1967},{""x"":1158,""y"":473,""t"":2018},{""x"":1118,""y"":502,""t"":2179},{""x"":1065,""y"":516,""t"":2228},{""x"":1070,""y"":463,""t"":2452},{""x"":1071,""y"":421,""t"":2502},{""x"":1075,""y"":413,""t"":3572},{""x"":1111,""y"":467,""t"":3624},{""x"":968,""y"":518,""t"":3676},{""x"":948,""y"":479,""t"":3749},{""x"":918,""y"":516,""t"":3879},{""x"":970,""y"":496,""t"":3927},{""x"":1013,""y"":481,""t"":3979},{""x"":997,""y"":501,""t"":4320},{""x"":951,""y"":494,""t"":4368},{""x"":1002,""y"":472,""t"":4421},{""x"":991,""y"":470,""t"":4493},{""x"":970,""y"":416,""t"":4637},{""x"":910,""y"":404,""t"":4709},{""x"":977,""y"":438,""t"":4835},{""x"":975,""y"":499,""t"":4883},{""x"":803,""y"":588,""t"":5029},{""x"":825,""y"":532,""t"":5077},{""x"":725,""y"":616,""t"":5105},{""x"":636,""y"":595,""t"":5136},{""x"":800,""y"":477,""t"":5170},{""x"":898,""y"":468,""t"":5331},{""x"":976,""y"":419,""t"":5396}]",1,0.23227522800242645,0.7677247719975735,pt,0
144-alternatives,0,62,catch_2,1.0,140.10999999998603,0.38,0.6,2.2,4.0,dominated,dominant,1,1,alternatives,0.0,False,0.8360000000000001,2.4,-1.5639999999999998,-1.3524515949845597,0.5,0.5,0.5,0.5,,1.0,,dominant,True,"{""durations"":[1250,1250,1250,1250],""attributes"":[""all"",""all"",""all"",""all""],""alternatives"":[0,1,0,1]}","[{""x"":929,""y"":573,""t"":-53},{""x"":942,""y"":619,""t"":1},{""x"":856,""y"":563,""t"":225},{""x"":864,""y"":570,""t"":273},{""x"":835,""y"":462,""t"":298},{""x"":893,""y"":503,""t"":376},{""x"":1041,""y"":463,""t"":564},{""x"":1126,""y"":470,""t"":614},{""x"":1016,""y"":473,""t"":690},{""x"":1019,""y"":484,""t"":738},{""x"":1024,""y"":533,""t"":790},{""x"":1089,""y"":492,""t"":882},{""x"":1167,""y"":462,""t"":1075},{""x"":1255,""y"":393,""t"":1125},{""x"":1204,""y"":463,""t"":1498},{""x"":1226,""y"":432,""t"":1546},{""x"":1145,""y"":445,""t"":1659},{""x"":1186,""y"":388,""t"":1721},{""x"":1190,""y"":393,""t"":1775},{""x"":1160,""y"":435,""t"":1851},{""x"":1091,""y"":481,""t"":2552},{""x"":1008,""y"":511,""t"":2604},{""x"":1103,""y"":501,""t"":2655},{""x"":1128,""y"":483,""t"":2894},{""x"":1058,""y"":458,""t"":2943},{""x"":1026,""y"":469,""t"":2994},{""x"":951,""y"":477,""t"":3286},{""x"":958,""y"":471,""t"":3334},{""x"":965,""y"":466,""t"":3361},{""x"":963,""y"":462,""t"":3441},{""x"":997,""y"":452,""t"":3572},{""x"":991,""y"":488,""t"":3625},{""x"":933,""y"":595,""t"":3652},{""x"":975,""y"":564,""t"":3680},{""x"":1025,""y"":550,""t"":3733},{""x"":835,""y"":561,""t"":4082},{""x"":955,""y"":549,""t"":4136},{""x"":1084,""y"":517,""t"":4364},{""x"":1121,""y"":565,""t"":4412},{""x"":1063,""y"":563,""t"":4464},{""x"":1062,""y"":522,""t"":4542},{""x"":1106,""y"":500,""t"":4620},{""x"":1122,""y"":474,""t"":4693},{""x"":1062,""y"":442,""t"":4776},{""x"":1008,""y"":386,""t"":5036},{""x"":1063,""y"":423,""t"":5086},{""x"":1144,""y"":402,""t"":5112},{""x"":1141,""y"":398,""t"":5142},{""x"":1177,""y"":416,""t"":5224},{""x"":1169,""y"":382,""t"":5427},{""x"":1050,""y"":350,""t"":5477},{""x"":949,""y"":419,""t"":5646},{""x"":1024,""y"":447,""t"":5721}]",1,0.00462993984305258,0.9953700601569474,pt,0
144-alternatives,0,64,catch_8,1.0,109.09000000020023,0.22,0.32,3.7,5.0,dominated,dominant,1,1,alternatives,0.0,False,0.8140000000000001,1.6,-0.786,-0.5516849732965937,0.5,0.5,0.5,0.5,,1.0,,dominant,True,"{""durations"":[1250,1250,1250,1250],""attributes"":[""all"",""all"",""all"",""all""],""alternatives"":[0,1,0,1]}","[{""x"":673,""y"":517,""t"":2008},{""x"":676,""y"":550,""t"":2056}]",1,0.06553661607663493,0.9344633839233649,pt,0
144-alternatives,0,65,exp_84,1.0,195.27499999979045,0.61,0.29,2.2,8.1,higher_p,higher_m,0,1,alternatives,0.0,False,1.342,2.349,-1.0069999999999997,-0.7791520984804501,0.4,0.6,0.5,0.5,1.0,0.0,higher_m,higher_p,False,"{""durations"":[1500,1000,1500,1000],""alternatives"":[1,0,1,0],""attributes"":[""all"",""all"",""all"",""all""]}","[{""x"":734,""y"":487,""t"":3640},{""x"":821,""y"":443,""t"":3697}]",0,0.014019726386467589,0.9859802736135324,pt,0
144-alternatives,0,66,exp_20,1.0,160.285000000149,0.28,0.17,4.3,8.3,higher_p,higher_m,0,1,alternatives,0.0,False,1.204,1.4110000000000005,-0.2070000000000003,0.0442583094249129,0.4,0.6,0.5,0.5,1.0,0.0,higher_m,higher_p,False,"{""durations"":[1500,1000,1500,1000],""alternatives"":[1,0,1,0],""attributes"":[""all"",""all"",""all"",""all""]}","[{""x"":905,""y"":394,""t"":172},{""x"":865,""y"":427,""t"":221},{""x"":854,""y"":475,""t"":2111},{""x"":805,""y"":464,""t"":2160},{""x"":835,""y"":519,""t"":2326},{""x"":814,""y"":505,""t"":2375},{""x"":681,""y"":583,""t"":2722},{""x"":618,""y"":628,""t"":2772},{""x"":618,""y"":610,""t"":2828},{""x"":658,""y"":620,""t"":2901},{""x"":636,""y"":629,""t"":3134},{""x"":765,""y"":634,""t"":3183},{""x"":718,""y"":612,""t"":4728},{""x"":673,""y"":619,""t"":4778}]",1,0.09674511102355063,0.9032548889764495,pt,0
144-alternatives,0,67,exp_80,1.0,240.28000000002797,0.61,0.29,2.2,8.1,higher_p,higher_m,0,1,alternatives,0.0,False,1.342,2.349,-1.0069999999999997,-0.7791520984804501,0.6,0.4,0.5,0.5,0.0,1.0,higher_p,higher_m,False,"{""durations"":[1500,1000,1500,1000],""alternatives"":[0,1,0,1],""attributes"":[""all"",""all"",""all"",""all""]}","[{""x"":693,""y"":664,""t"":274},{""x"":702,""y"":675,""t"":321},{""x"":845,""y"":663,""t"":1906},{""x"":922,""y"":631,""t"":1953},{""x"":1009,""y"":541,""t"":2756},{""x"":996,""y"":540,""t"":2804},{""x"":854,""y"":542,""t"":4696},{""x"":798,""y"":470,""t"":4744},{""x"":911,""y"":442,""t"":4796},{""x"":894,""y"":459,""t"":4874},{""x"":918,""y"":416,""t"":5039},{""x"":997,""y"":360,""t"":5111},{""x"":890,""y"":319,""t"":5138},{""x"":749,""y"":338,""t"":5171},{""x"":724,""y"":318,""t"":5204},{""x"":584,""y"":392,""t"":5256},{""x"":647,""y"":394,""t"":5483}]",1,0.014019726386467589,0.9859802736135324,pt,0
144-alternatives,0,68,exp_60,1.0,147.13000000012107,0.41,0.21,1.7999999999999998,6.2,higher_p,higher_m,0,1,alternatives,0.0,False,0.7379999999999999,1.302,-0.5640000000000002,-0.3231885851028554,0.4,0.6,0.5,0.5,1.0,0.0,higher_m,higher_p,False,"{""durations"":[1500,1000,1500,1000],""alternatives"":[1,0,1,0],""attributes"":[""all"",""all"",""all"",""all""]}","[{""x"":1007,""y"":358,""t"":371},{""x"":1017,""y"":448,""t"":420},{""x"":912,""y"":490,""t"":483},{""x"":885,""y"":514,""t"":564},{""x"":896,""y"":511,""t"":692},{""x"":980,""y"":508,""t"":746},{""x"":916,""y"":532,""t"":772},{""x"":757,""y"":490,""t"":799},{""x"":684,""y"":462,""t"":826},{""x"":767,""y"":470,""t"":855},{""x"":677,""y"":522,""t"":888},{""x"":675,""y"":425,""t"":919},{""x"":592,""y"":426,""t"":1234},{""x"":541,""y"":435,""t"":1283},{""x"":646,""y"":464,""t"":1399},{""x"":657,""y"":539,""t"":1469},{""x"":616,""y"":506,""t"":1719},{""x"":631,""y"":502,""t"":1768},{""x"":699,""y"":489,""t"":2484},{""x"":646,""y"":501,""t"":2532},{""x"":676,""y"":545,""t"":2584},{""x"":689,""y"":546,""t"":2661},{""x"":613,""y"":621,""t"":2791},{""x"":653,""y"":702,""t"":2842},{""x"":763,""y"":689,""t"":3337},{""x"":874,""y"":669,""t"":3386},{""x"":841,""y"":631,""t"":3412},{""x"":842,""y"":589,""t"":3674},{""x"":842,""y"":564,""t"":3724},{""x"":770,""y"":423,""t"":3928},{""x"":873,""y"":519,""t"":3980},{""x"":784,""y"":477,""t"":4117},{""x"":786,""y"":442,""t"":4165},{""x"":844,""y"":471,""t"":4396},{""x"":826,""y"":547,""t"":4445},{""x"":860,""y"":557,""t"":5079},{""x"":889,""y"":554,""t"":5145},{""x"":800,""y"":564,""t"":5256},{""x"":795,""y"":641,""t"":5305},{""x"":888,""y"":542,""t"":5461},{""x"":816,""y"":502,""t"":5511},{""x"":803,""y"":459,""t"":5622},{""x"":840,""y"":467,""t"":5672}]",1,0.018888264463895143,0.9811117355361049,pt,0
144-alternatives,0,69,exp_52,0.0,103.05000000016298,0.49,0.32,6.9,8.2,higher_p,higher_m,0,1,alternatives,0.0,False,3.381,2.624,0.7570000000000006,1.0364678509508771,0.4,0.6,0.5,0.5,1.0,0.0,higher_m,higher_p,True,"{""durations"":[1500,1000,1500,1000],""alternatives"":[1,0,1,0],""attributes"":[""all"",""all"",""all"",""all""]}","[{""x"":797,""y"":353,""t"":377},{""x"":911,""y"":319,""t"":425},{""x"":733,""y"":300,""t"":750},{""x"":703,""y"":411,""t"":799},{""x"":702,""y"":371,""t"":1701},{""x"":697,""y"":389,""t"":1751},{""x"":623,""y"":400,""t"":2486},{""x"":596,""y"":354,""t"":2534},{""x"":531,""y"":381,""t"":3350},{""x"":558,""y"":426,""t"":3400},{""x"":725,""y"":416,""t"":3451},{""x"":830,""y"":457,""t"":3946},{""x"":1003,""y"":482,""t"":3995},{""x"":925,""y"":477,""t"":4049},{""x"":886,""y"":443,""t"":4558},{""x"":994,""y"":420,""t"":4607},{""x"":1021,""y"":391,""t"":4712},{""x"":1079,""y"":387,""t"":4763},{""x"":1071,""y"":394,""t"":5114},{""x"":980,""y"":430,""t"":5173},{""x"":1058,""y"":323,""t"":5227},{""x"":952,""y"":445,""t"":5487},{""x"":940,""y"":565,""t"":5539},{""x"":1024,""y"":568,""t"":5565},{""x"":981,""y"":607,""t"":5590},{""x"":1033,""y"":619,""t"":5619},{""x"":1023,""y"":585,""t"":5676}]",1,0.7439005878288085,0.2560994121711916,pt,0
144-alternatives,1,71,exp_70,0.0,589.089999999851,0.72,0.51,4.2,5.2,higher_p,higher_m,0,1,alternatives,0.0,False,3.024,2.652,0.3719999999999999,0.6402015921464201,0.4,0.6,0.5,0.5,1.0,1.0,higher_m,higher_m,True,"{""durations"":[1000,1500,1000,1500],""alternatives"":[0,1,0,1],""attributes"":[""all"",""all"",""all"",""all""]}","[{""x"":1110,""y"":373,""t"":173},{""x"":1136,""y"":408,""t"":221},{""x"":1237,""y"":378,""t"":273},{""x"":1330,""y"":421,""t"":2825},{""x"":1347,""y"":454,""t"":2872},{""x"":1431,""y"":446,""t"":2924}]",0,0.8420883469536471,0.15791165304635293,pt,0
144-alternatives,1,73,catch_10,1.0,188.9800000000978,0.31,0.51,1.6999999999999995,3.2,dominated,dominant,1,1,alternatives,0.0,False,0.5269999999999999,1.632,-1.1050000000000002,-0.8800198734488577,0.5,0.5,0.5,0.5,,1.0,,dominant,True,"{""durations"":[1250,1250,1250,1250],""attributes"":[""all"",""all"",""all"",""all""],""alternatives"":[0,1,0,1]}","[{""x"":859,""y"":301,""t"":3234},{""x"":1026,""y"":346,""t"":3282},{""x"":1239,""y"":282,""t"":3338}]",1,0.011880943675591064,0.988119056324409,pt,0
144-alternatives,1,74,exp_76,0.0,40.27000000001863,0.8,0.2,4.0,6.799999999999999,higher_p,higher_m,0,1,alternatives,0.0,False,3.2,1.36,1.8400000000000003,2.151159690652763,0.4,0.6,0.5,0.5,1.0,0.0,higher_m,higher_p,True,"{""durations"":[1500,1000,1500,1000],""alternatives"":[1,0,1,0],""attributes"":[""all"",""all"",""all"",""all""]}","[{""x"":1235,""y"":317,""t"":1907},{""x"":1082,""y"":442,""t"":1956},{""x"":1045,""y"":480,""t"":2010},{""x"":1150,""y"":532,""t"":2586},{""x"":1160,""y"":555,""t"":2634},{""x"":1080,""y"":546,""t"":3099},{""x"":1199,""y"":513,""t"":3145},{""x"":1235,""y"":514,""t"":3199},{""x"":1171,""y"":502,""t"":5486},{""x"":1034,""y"":473,""t"":5535},{""x"":1027,""y"":455,""t"":5589}]",0,0.9951179563333201,0.004882043666679825,pt,0
144-alternatives,1,77,exp_12,1.0,29.96999999973923,0.7,0.29,1.7999999999999998,5.0,higher_p,higher_m,0,1,alternatives,0.0,False,1.2599999999999998,1.45,-0.1900000000000001,0.0617557805929021,0.4,0.6,0.5,0.5,1.0,0.0,higher_m,higher_p,False,"{""durations"":[1500,1000,1500,1000],""alternatives"":[1,0,1,0],""attributes"":[""all"",""all"",""all"",""all""]}","[{""x"":1023,""y"":457,""t"":376},{""x"":1136,""y"":430,""t"":433},{""x"":1155,""y"":467,""t"":1295},{""x"":1123,""y"":436,""t"":1342},{""x"":1219,""y"":514,""t"":1395},{""x"":1165,""y"":496,""t"":1693},{""x"":1091,""y"":451,""t"":1743},{""x"":1034,""y"":460,""t"":1797},{""x"":961,""y"":542,""t"":1957},{""x"":933,""y"":568,""t"":2004},{""x"":972,""y"":524,""t"":2061},{""x"":1019,""y"":448,""t"":4219},{""x"":953,""y"":435,""t"":4267},{""x"":1039,""y"":442,""t"":4322},{""x"":976,""y"":383,""t"":5311},{""x"":799,""y"":423,""t"":5361}]",1,0.23227522800242645,0.7677247719975735,pt,0
144-alternatives,1,79,exp_56,1.0,164.58499999996275,0.41,0.21,1.7999999999999998,6.2,higher_p,higher_m,0,1,alternatives,0.0,False,0.7379999999999999,1.302,-0.5640000000000002,-0.3231885851028554,0.6,0.4,0.5,0.5,0.0,1.0,higher_p,higher_m,False,"{""durations"":[1500,1000,1500,1000],""alternatives"":[0,1,0,1],""attributes"":[""all"",""all"",""all"",""all""]}","[{""x"":858,""y"":340,""t"":-47},{""x"":765,""y"":404,""t"":1},{""x"":805,""y"":341,""t"":241},{""x"":727,""y"":321,""t"":289},{""x"":739,""y"":316,""t"":344},{""x"":797,""y"":354,""t"":418},{""x"":853,""y"":484,""t"":888},{""x"":908,""y"":565,""t"":935},{""x"":838,""y"":598,""t"":988},{""x"":951,""y"":615,""t"":1065},{""x"":1073,""y"":565,""t"":1421},{""x"":1079,""y"":605,""t"":1469},{""x"":1112,""y"":620,""t"":1521},{""x"":1176,""y"":565,""t"":1725},{""x"":1125,""y"":557,""t"":1773},{""x"":1015,""y"":578,""t"":2212},{""x"":957,""y"":584,""t"":2260},{""x"":936,""y"":567,""t"":2313},{""x"":874,""y"":518,""t"":2503},{""x"":864,""y"":532,""t"":2552},{""x"":862,""y"":465,""t"":2577},{""x"":833,""y"":410,""t"":3309},{""x"":822,""y"":435,""t"":3358},{""x"":862,""y"":429,""t"":3571},{""x"":891,""y"":471,""t"":3621},{""x"":943,""y"":485,""t"":3679},{""x"":963,""y"":441,""t"":3758},{""x"":944,""y"":445,""t"":4217},{""x"":966,""y"":449,""t"":4270},{""x"":984,""y"":380,""t"":4324},{""x"":1014,""y"":367,""t"":4401},{""x"":992,""y"":426,""t"":4481},{""x"":931,""y"":471,""t"":5716},{""x"":890,""y"":449,""t"":5764},{""x"":946,""y"":530,""t"":5817}]",1,0.018888264463895143,0.9811117355361049,pt,0
144-alternatives,1,80,exp_100,0.0,187.1249999998836,0.58,0.38,4.9,6.9,higher_p,higher_m,0,1,alternatives,0.0,False,2.842,2.6220000000000003,0.2199999999999997,0.4837536146444009,0.4,0.6,0.5,0.5,1.0,0.0,higher_m,higher_p,True,"{""durations"":[1500,1000,1500,1000],""alternatives"":[1,0,1,0],""attributes"":[""all"",""all"",""all"",""all""]}","[{""x"":703,""y"":548,""t"":240},{""x"":707,""y"":548,""t"":289},{""x"":653,""y"":577,""t"":342},{""x"":678,""y"":568,""t"":1185},{""x"":554,""y"":581,""t"":1232},{""x"":674,""y"":563,""t"":1285},{""x"":670,""y"":603,""t"":2009},{""x"":779,""y"":610,""t"":2057},{""x"":696,""y"":615,""t"":2110},{""x"":808,""y"":609,""t"":2394},{""x"":922,""y"":602,""t"":2442},{""x"":1070,""y"":552,""t"":2494},{""x"":910,""y"":551,""t"":2658},{""x"":877,""y"":514,""t"":2708},{""x"":938,""y"":495,""t"":2763},{""x"":929,""y"":470,""t"":2850},{""x"":971,""y"":460,""t"":3335},{""x"":964,""y"":487,""t"":3383},{""x"":1010,""y"":465,""t"":3729},{""x"":1103,""y"":469,""t"":3781},{""x"":1064,""y"":495,""t"":3836},{""x"":1059,""y"":400,""t"":3913},{""x"":1035,""y"":478,""t"":4253},{""x"":993,""y"":533,""t"":4306},{""x"":880,""y"":592,""t"":4362},{""x"":915,""y"":514,""t"":5102},{""x"":971,""y"":447,""t"":5158},{""x"":1015,""y"":372,""t"":5188},{""x"":1081,""y"":418,""t"":5243}]",1,0.5489006778604623,0.45109932213953774,pt,0
144-alternatives,1,82,exp_24,0.0,1672.234999999986,0.3,0.17,2.0,3.0,higher_p,higher_m,0,1,alternatives,0.0,False,0.6,0.51,0.0899999999999999,0.3499494233597795,0.6,0.4,0.5,0.5,0.0,1.0,higher_p,higher_m,True,"{""durations"":[1500,1000,1500,1000],""alternatives"":[0,1,0,1],""attributes"":[""all"",""all"",""all"",""all""]}","[{""x"":884,""y"":451,""t"":-75},{""x"":872,""y"":438,""t"":3},{""x"":868,""y"":475,""t"":104},{""x"":892,""y"":382,""t"":349},{""x"":955,""y"":303,""t"":741},{""x"":918,""y"":224,""t"":1228},{""x"":925,""y"":134,""t"":1311},{""x"":846,""y"":169,""t"":1399},{""x"":884,""y"":254,""t"":2824},{""x"":928,""y"":295,""t"":2871},{""x"":924,""y"":248,""t"":2927},{""x"":804,""y"":292,""t"":3003},{""x"":818,""y"":268,""t"":3079},{""x"":868,""y"":241,""t"":3193},{""x"":903,""y"":297,""t"":3301},{""x"":982,""y"":348,""t"":3377},{""x"":1010,""y"":357,""t"":3457},{""x"":1127,""y"":403,""t"":3534},{""x"":1070,""y"":401,""t"":3884},{""x"":1116,""y"":362,""t"":3932},{""x"":1222,""y"":441,""t"":3987},{""x"":1195,""y"":405,""t"":4285},{""x"":1245,""y"":466,""t"":4334},{""x"":1183,""y"":505,""t"":4389},{""x"":1057,""y"":577,""t"":4577},{""x"":1034,""y"":546,""t"":4679},{""x"":921,""y"":558,""t"":4759},{""x"":938,""y"":554,""t"":4835},{""x"":893,""y"":503,""t"":4912},{""x"":827,""y"":490,""t"":4993},{""x"":912,""y"":434,""t"":6019},{""x"":933,""y"":363,""t"":6069},{""x"":992,""y"":382,""t"":6122},{""x"":914,""y"":413,""t"":6201},{""x"":913,""y"":412,""t"":6565},{""x"":880,""y"":357,""t"":6615},{""x"":911,""y"":383,""t"":6670},{""x"":810,""y"":507,""t"":6914},{""x"":856,""y"":476,""t"":7094},{""x"":845,""y"":477,""t"":7143}]",1,0.4097922207961993,0.5902077792038007,pt,0
144-alternatives,1,85,catch_12,1.0,612.5799999999581,0.23,0.47,5.0,6.0,dominated,dominant,1,1,alternatives,0.0,False,1.15,2.82,-1.6699999999999997,-1.4615534740320202,0.5,0.5,0.5,0.5,,1.0,,dominant,True,"{""durations"":[1250,1250,1250,1250],""attributes"":[""all"",""all"",""all"",""all""],""alternatives"":[0,1,0,1]}","[{""x"":1009,""y"":352,""t"":-55},{""x"":986,""y"":358,""t"":2},{""x"":993,""y"":396,""t"":83},{""x"":1039,""y"":378,""t"":164},{""x"":976,""y"":456,""t"":245},{""x"":922,""y"":445,""t"":324},{""x"":931,""y"":454,""t"":508},{""x"":856,""y"":520,""t"":535},{""x"":869,""y"":596,""t"":562},{""x"":1057,""y"":528,""t"":590},{""x"":959,""y"":602,""t"":640},{""x"":970,""y"":596,""t"":667},{""x"":970,""y"":555,""t"":693},{""x"":991,""y"":574,""t"":750},{""x"":914,""y"":533,""t"":2601},{""x"":1118,""y"":572,""t"":2650},{""x"":1118,""y"":527,""t"":2706},{""x"":1052,""y"":541,""t"":2999},{""x"":1002,""y"":545,""t"":3047},{""x"":1057,""y"":547,""t"":3102},{""x"":1073,""y"":528,""t"":3178},{""x"":1126,""y"":473,""t"":3538},{""x"":1024,""y"":506,""t"":3585},{""x"":1051,""y"":441,""t"":3639},{""x"":988,""y"":480,""t"":4054},{""x"":857,""y"":465,""t"":4101},{""x"":833,""y"":440,""t"":4156},{""x"":923,""y"":423,""t"":4238},{""x"":823,""y"":430,""t"":4313},{""x"":701,""y"":470,""t"":4391},{""x"":556,""y"":478,""t"":4468},{""x"":513,""y"":468,""t"":4545},{""x"":534,""y"":447,""t"":4623},{""x"":610,""y"":484,""t"":4698},{""x"":597,""y"":469,""t"":4773},{""x"":691,""y"":423,""t"":4854},{""x"":782,""y"":417,""t"":4931}]",1,0.017271655386883668,0.9827283446131164,pt,0
144-alternatives,1,87,exp_112,1.0,1224.0249999999069,0.49,0.22,4.2,7.9,higher_p,higher_m,0,1,alternatives,0.0,False,2.058,1.738,0.3199999999999998,0.5866799156325715,0.6,0.4,0.5,0.5,0.0,1.0,higher_p,higher_m,False,"{""durations"":[1500,1000,1500,1000],""alternatives"":[0,1,0,1],""attributes"":[""all"",""all"",""all"",""all""]}","[{""x"":818,""y"":338,""t"":-391},{""x"":818,""y"":366,""t"":-60},{""x"":916,""y"":361,""t"":8},{""x"":859,""y"":344,""t"":64},{""x"":905,""y"":372,""t"":170},{""x"":946,""y"":359,""t"":363},{""x"":1063,""y"":332,""t"":441},{""x"":1052,""y"":370,""t"":607},{""x"":1156,""y"":391,""t"":655},{""x"":1201,""y"":480,""t"":709},{""x"":1133,""y"":469,""t"":873},{""x"":1251,""y"":414,""t"":921},{""x"":1259,""y"":384,""t"":1004},{""x"":1344,""y"":395,""t"":1053},{""x"":1313,""y"":309,""t"":1111},{""x"":1245,""y"":296,""t"":1188},{""x"":1032,""y"":300,""t"":1266},{""x"":986,""y"":319,""t"":1341},{""x"":1014,""y"":365,""t"":1420},{""x"":1073,""y"":433,""t"":1508},{""x"":1119,""y"":409,""t"":1850},{""x"":1099,""y"":433,""t"":1904},{""x"":1092,""y"":397,""t"":2083},{""x"":1179,""y"":455,""t"":2130},{""x"":1111,""y"":417,""t"":2462},{""x"":1078,""y"":376,""t"":2514},{""x"":1074,""y"":354,""t"":2567},{""x"":1034,""y"":369,""t"":2643},{""x"":999,""y"":349,""t"":2722},{""x"":993,""y"":293,""t"":2797},{""x"":981,""y"":355,""t"":2995},{""x"":1040,""y"":390,""t"":3043},{""x"":1135,""y"":440,""t"":3097},{""x"":1096,""y"":532,""t"":3177},{""x"":1091,""y"":501,""t"":3258},{""x"":1103,""y"":484,""t"":3338},{""x"":1098,""y"":516,""t"":3415},{""x"":1111,""y"":546,""t"":3497},{""x"":1232,""y"":457,""t"":4198},{""x"":1202,""y"":485,""t"":4330},{""x"":1159,""y"":474,""t"":4386},{""x"":1092,""y"":440,""t"":4466},{""x"":1010,""y"":419,""t"":4543},{""x"":865,""y"":423,""t"":4619},{""x"":914,""y"":421,""t"":4697},{""x"":951,""y"":366,""t"":4774},{""x"":962,""y"":368,""t"":4850},{""x"":1040,""y"":362,""t"":5312},{""x"":1023,""y"":420,""t"":5379},{""x"":986,""y"":454,""t"":5435},{""x"":912,""y"":475,""t"":5517},{""x"":938,""y"":482,""t"":5656},{""x"":1035,""y"":411,""t"":5708},{""x"":1018,""y"":407,""t"":5761},{""x"":1044,""y"":466,""t"":5839},{""x"":1103,""y"":494,""t"":5915},{""x"":1110,""y"":474,""t"":6202},{""x"":1033,""y"":418,""t"":6353},{""x"":1024,""y"":425,""t"":6379},{""x"":1058,""y"":421,""t"":6404},{""x"":1025,""y"":432,""t"":6431},{""x"":1111,""y"":468,""t"":6514},{""x"":1130,""y"":443,""t"":6748},{""x"":1073,""y"":423,""t"":6800},{""x"":1091,""y"":389,""t"":7008},{""x"":1051,""y"":399,""t"":7057}]",1,0.33696758517480047,0.6630324148251996,pt,0
144-alternatives,1,89,exp_16,1.0,81.72000000008848,0.28,0.17,4.3,8.3,higher_p,higher_m,0,1,alternatives,0.0,False,1.204,1.4110000000000005,-0.2070000000000003,0.0442583094249129,0.6,0.4,0.5,0.5,0.0,1.0,higher_p,higher_m,False,"{""durations"":[1500,1000,1500,1000],""alternatives"":[0,1,0,1],""attributes"":[""all"",""all"",""all"",""all""]}","[{""x"":1247,""y"":250,""t"":-57},{""x"":1210,""y"":291,""t"":1},{""x"":1146,""y"":378,""t"":38},{""x"":1138,""y"":336,""t"":69},{""x"":1094,""y"":372,""t"":103},{""x"":937,""y"":449,""t"":484},{""x"":1014,""y"":415,""t"":535},{""x"":994,""y"":449,""t"":587},{""x"":862,""y"":468,""t"":663},{""x"":810,""y"":567,""t"":744},{""x"":802,""y"":627,""t"":821},{""x"":736,""y"":655,""t"":902},{""x"":721,""y"":646,""t"":979},{""x"":681,""y"":594,""t"":1056},{""x"":754,""y"":587,""t"":1132},{""x"":744,""y"":558,""t"":3028},{""x"":717,""y"":524,""t"":3076},{""x"":755,""y"":562,""t"":3131},{""x"":814,""y"":496,""t"":4762},{""x"":833,""y"":396,""t"":4813},{""x"":810,""y"":361,""t"":4867}]",1,0.09674511102355063,0.9032548889764495,pt,0
144-alternatives,1,90,exp_118,1.0,222.94999999983705,0.49,0.22,4.2,7.9,higher_p,higher_m,0,1,alternatives,0.0,False,2.058,1.738,0.3199999999999998,0.5866799156325715,0.4,0.6,0.5,0.5,1.0,1.0,higher_m,higher_m,False,"{""durations"":[1000,1500,1000,1500],""alternatives"":[0,1,0,1],""attributes"":[""all"",""all"",""all"",""all""]}","[{""x"":808,""y"":372,""t"":4014},{""x"":848,""y"":372,""t"":4068},{""x"":873,""y"":364,""t"":5366},{""x"":1021,""y"":340,""t"":5418}]",1,0.33696758517480047,0.6630324148251996,pt,0
144-alternatives,1,91,exp_106,0.0,213.06000000005588,0.78,0.4,2.1,3.0,higher_p,higher_m,0,1,alternatives,0.0,False,1.638,1.2000000000000002,0.4379999999999999,0.7081329507986127,0.6,0.4,0.5,0.5,0.0,0.0,higher_p,higher_p,True,"{""durations"":[1000,1500,1000,1500],""alternatives"":[1,0,1,0],""attributes"":[""all"",""all"",""all"",""all""]}","[{""x"":1082,""y"":315,""t"":1942},{""x"":1142,""y"":261,""t"":1990},{""x"":1109,""y"":290,""t"":2043},{""x"":1093,""y"":350,""t"":4673},{""x"":1138,""y"":333,""t"":4810},{""x"":1175,""y"":291,""t"":4864},{""x"":1216,""y"":281,""t"":5150},{""x"":1226,""y"":259,""t"":5199},{""x"":1178,""y"":267,""t"":5256},{""x"":1275,""y"":275,""t"":5954}]",0,0.9187249123943156,0.08127508760568432,pt,0
144-alternatives,1,95,catch_14,1.0,215.2399999999907,0.22,0.28,4.1,7.9,dominated,dominant,1,1,alternatives,0.0,False,0.902,2.212,-1.3100000000000005,-1.0910187904746071,0.5,0.5,0.5,0.5,,1.0,,dominant,True,"{""durations"":[1250,1250,1250,1250],""attributes"":[""all"",""all"",""all"",""all""],""alternatives"":[0,1,0,1]}",[],1,0.010054426740296104,0.9899455732597039,pt,0
144-alternatives,1,96,exp_32,1.0,492.2649999998976,0.79,0.7,2.0,3.2,higher_p,higher_m,0,1,alternatives,0.0,False,1.58,2.24,-0.6599999999999997,-0.4219978340514986,0.6,0.4,0.5,0.5,0.0,1.0,higher_p,higher_m,False,"{""durations"":[1500,1000,1500,1000],""alternatives"":[0,1,0,1],""attributes"":[""all"",""all"",""all"",""all""]}","[{""x"":1124,""y"":275,""t"":861},{""x"":1170,""y"":252,""t"":970},{""x"":1147,""y"":260,""t"":997},{""x"":1109,""y"":312,""t"":1668},{""x"":1132,""y"":356,""t"":1842},{""x"":1084,""y"":396,""t"":1873},{""x"":1028,""y"":469,""t"":5282},{""x"":1048,""y"":496,""t"":5343}]",1,0.188478199951521,0.811521800048479,pt,0
144-alternatives,1,98,catch_16,1.0,71.76499999966472,0.32,0.37,6.799999999999999,7.800000000000001,dominated,dominant,1,1,alternatives,0.0,False,2.176,2.886,-0.7100000000000004,-0.4734609845455845,0.5,0.5,0.5,0.5,,1.0,,dominant,True,"{""durations"":[1250,1250,1250,1250],""attributes"":[""all"",""all"",""all"",""all""],""alternatives"":[0,1,0,1]}","[{""x"":822,""y"":449,""t"":2623},{""x"":916,""y"":474,""t"":2671},{""x"":783,""y"":504,""t"":2724},{""x"":877,""y"":395,""t"":3036},{""x"":869,""y"":425,""t"":3084},{""x"":994,""y"":346,""t"":3138},{""x"":964,""y"":315,""t"":4898},{""x"":963,""y"":258,""t"":4947},{""x"":1002,""y"":306,""t"":5002}]",1,0.16074558908138217,0.8392544109186179,pt,0
144-alternatives,1,99,exp_14,0.0,865.7500000004657,0.7,0.29,1.7999999999999998,5.0,higher_p,higher_m,0,1,alternatives,0.0,False,1.2599999999999998,1.45,-0.1900000000000001,0.0617557805929021,0.4,0.6,0.5,0.5,1.0,1.0,higher_m,higher_m,True,"{""durations"":[1000,1500,1000,1500],""alternatives"":[0,1,0,1],""attributes"":[""all"",""all"",""all"",""all""]}","[{""x"":841,""y"":349,""t"":177},{""x"":723,""y"":416,""t"":228},{""x"":672,""y"":410,""t"":292},{""x"":795,""y"":389,""t"":1532},{""x"":780,""y"":374,""t"":1582},{""x"":786,""y"":394,""t"":1909},{""x"":781,""y"":442,""t"":1975},{""x"":760,""y"":441,""t"":2009},{""x"":791,""y"":352,""t"":2043},{""x"":1025,""y"":257,""t"":2076},{""x"":1152,""y"":343,""t"":4049},{""x"":1251,""y"":404,""t"":4097},{""x"":1388,""y"":400,""t"":4151},{""x"":1360,""y"":349,""t"":4359},{""x"":1232,""y"":369,""t"":4538},{""x"":1113,""y"":362,""t"":5782},{""x"":1114,""y"":494,""t"":5830},{""x"":979,""y"":505,""t"":5885},{""x"":942,""y"":476,""t"":6191},{""x"":923,""y"":506,""t"":6239},{""x"":1093,""y"":509,""t"":6294}]",1,0.23227522800242645,0.7677247719975735,pt,0
144-alternatives,1,100,catch_18,1.0,110.01000000047496,0.19,0.37,3.1,3.8,dominated,dominant,1,1,alternatives,0.0,False,0.5890000000000001,1.406,-0.8169999999999998,-0.5835921266029264,0.5,0.5,0.5,0.5,,1.0,,dominant,True,"{""durations"":[1250,1250,1250,1250],""attributes"":[""all"",""all"",""all"",""all""],""alternatives"":[0,1,0,1]}","[{""x"":615,""y"":418,""t"":110},{""x"":636,""y"":398,""t"":215},{""x"":633,""y"":453,""t"":241},{""x"":843,""y"":406,""t"":274},{""x"":860,""y"":499,""t"":309},{""x"":947,""y"":459,""t"":341},{""x"":898,""y"":371,""t"":375},{""x"":1076,""y"":398,""t"":1182},{""x"":1073,""y"":348,""t"":1230},{""x"":889,""y"":466,""t"":1728},{""x"":796,""y"":480,""t"":1777},{""x"":863,""y"":500,""t"":4185},{""x"":887,""y"":466,""t"":4234},{""x"":844,""y"":401,""t"":4288},{""x"":823,""y"":297,""t"":4457},{""x"":699,""y"":374,""t"":4506},{""x"":669,""y"":293,""t"":4560},{""x"":652,""y"":299,""t"":4644},{""x"":434,""y"":370,""t"":4723},{""x"":431,""y"":369,""t"":4815}]",1,0.06063261416918098,0.9393673858308189,pt,0
144-alternatives,1,102,exp_34,1.0,60.864999999757856,0.79,0.7,2.0,3.2,higher_p,higher_m,0,1,alternatives,0.0,False,1.58,2.24,-0.6599999999999997,-0.4219978340514986,0.6,0.4,0.5,0.5,0.0,0.0,higher_p,higher_p,False,"{""durations"":[1000,1500,1000,1500],""alternatives"":[1,0,1,0],""attributes"":[""all"",""all"",""all"",""all""]}","[{""x"":1014,""y"":381,""t"":640},{""x"":957,""y"":423,""t"":689},{""x"":808,""y"":432,""t"":744},{""x"":744,""y"":433,""t"":822},{""x"":668,""y"":488,""t"":1260},{""x"":602,""y"":538,""t"":1309},{""x"":450,""y"":583,""t"":1366},{""x"":476,""y"":629,""t"":1533},{""x"":560,""y"":606,""t"":1582},{""x"":596,""y"":583,""t"":1637},{""x"":737,""y"":535,""t"":1825},{""x"":774,""y"":553,""t"":2028},{""x"":799,""y"":480,""t"":2200},{""x"":879,""y"":453,""t"":2251},{""x"":963,""y"":458,""t"":2306},{""x"":1194,""y"":386,""t"":2381},{""x"":1293,""y"":359,""t"":3674},{""x"":1293,""y"":304,""t"":3724},{""x"":1040,""y"":278,""t"":4319},{""x"":1204,""y"":213,""t"":4369},{""x"":976,""y"":262,""t"":4424},{""x"":966,""y"":236,""t"":4813},{""x"":852,""y"":267,""t"":4866}]",1,0.188478199951521,0.811521800048479,pt,0
144-alternatives,1,103,exp_86,1.0,98.660000000149,0.61,0.29,2.2,8.1,higher_p,higher_m,0,1,alternatives,0.0,False,1.342,2.349,-1.0069999999999997,-0.7791520984804501,0.4,0.6,0.5,0.5,1.0,1.0,higher_m,higher_m,False,"{""durations"":[1000,1500,1000,1500],""alternatives"":[0,1,0,1],""attributes"":[""all"",""all"",""all"",""all""]}","[{""x"":999,""y"":432,""t"":239},{""x"":1053,""y"":425,""t"":289},{""x"":1126,""y"":397,""t"":346},{""x"":1131,""y"":403,""t"":775},{""x"":1285,""y"":350,""t"":824},{""x"":1229,""y"":446,""t"":877},{""x"":1161,""y"":378,""t"":957},{""x"":1111,""y"":360,""t"":1294},{""x"":1136,""y"":447,""t"":1342},{""x"":1241,""y"":498,""t"":1398},{""x"":1201,""y"":466,""t"":1474},{""x"":1098,""y"":401,""t"":1551},{""x"":1051,""y"":328,""t"":2518},{""x"":969,""y"":255,""t"":2567},{""x"":966,""y"":228,""t"":2621},{""x"":895,""y"":221,""t"":3437},{""x"":846,""y"":178,""t"":3485},{""x"":753,""y"":204,""t"":3539},{""x"":573,""y"":276,""t"":4662},{""x"":539,""y"":298,""t"":4710},{""x"":677,""y"":268,""t"":4736}]",1,0.014019726386467589,0.9859802736135324,pt,0
144-alternatives,1,109,exp_110,0.0,90.23999999999069,0.78,0.4,2.1,3.0,higher_p,higher_m,0,1,alternatives,0.0,False,1.638,1.2000000000000002,0.4379999999999999,0.7081329507986127,0.4,0.6,0.5,0.5,1.0,1.0,higher_m,higher_m,True,"{""durations"":[1000,1500,1000,1500],""alternatives"":[0,1,0,1],""attributes"":[""all"",""all"",""all"",""all""]}","[{""x"":1168,""y"":295,""t"":72},{""x"":1070,""y"":262,""t"":124},{""x"":1110,""y"":263,""t"":177},{""x"":1140,""y"":258,""t"":255},{""x"":1043,""y"":266,""t"":1213},{""x"":1002,""y"":312,""t"":1357},{""x"":937,""y"":323,""t"":2587},{""x"":1105,""y"":357,""t"":2635},{""x"":1139,""y"":348,""t"":2688},{""x"":974,""y"":321,""t"":2767},{""x"":891,""y"":296,""t"":2850},{""x"":1066,""y"":367,""t"":3947},{""x"":1100,""y"":454,""t"":3996},{""x"":1124,""y"":443,""t"":4051},{""x"":1100,""y"":495,""t"":4593},{""x"":1056,""y"":526,""t"":4641},{""x"":1094,""y"":485,""t"":4696},{""x"":1147,""y"":452,""t"":4775},{""x"":1219,""y"":446,""t"":4854}]",1,0.9187249123943156,0.08127508760568432,pt,0
144-alternatives,1,113,exp_66,0.0,163.05500000040047,0.72,0.51,4.2,5.2,higher_p,higher_m,0,1,alternatives,0.0,False,3.024,2.652,0.3719999999999999,0.6402015921464201,0.6,0.4,0.5,0.5,0.0,0.0,higher_p,higher_p,True,"{""durations"":[1000,1500,1000,1500],""alternatives"":[1,0,1,0],""attributes"":[""all"",""all"",""all"",""all""]}","[{""x"":1190,""y"":407,""t"":799},{""x"":1172,""y"":463,""t"":849},{""x"":1282,""y"":513,""t"":902},{""x"":1248,""y"":560,""t"":1327},{""x"":1229,""y"":510,""t"":1376},{""x"":1310,""y"":509,""t"":1431},{""x"":1264,""y"":448,""t"":1990},{""x"":1155,""y"":417,""t"":2097},{""x"":1165,""y"":360,""t"":2518},{""x"":1109,""y"":325,""t"":2566},{""x"":1213,""y"":221,""t"":2623},{""x"":1187,""y"":136,""t"":2927},{""x"":920,""y"":212,""t"":2979},{""x"":856,""y"":190,""t"":3032},{""x"":906,""y"":237,""t"":3109},{""x"":912,""y"":320,""t"":3333},{""x"":975,""y"":426,""t"":3383},{""x"":948,""y"":464,""t"":3438},{""x"":1028,""y"":462,""t"":4015},{""x"":1143,""y"":464,""t"":4063},{""x"":1138,""y"":460,""t"":4118},{""x"":1217,""y"":507,""t"":4206},{""x"":1129,""y"":521,""t"":4515},{""x"":1152,""y"":398,""t"":4592},{""x"":1219,""y"":372,""t"":4817},{""x"":1192,""y"":420,""t"":4866},{""x"":1238,""y"":369,""t"":4927},{""x"":1225,""y"":365,""t"":5007}]",0,0.8420883469536471,0.15791165304635293,pt,0
144-alternatives,1,116,exp_0,0.0,330.65000000037253,0.79,0.49,5.300000000000001,8.3,higher_p,higher_m,0,1,alternatives,0.0,False,4.187000000000001,4.067,0.120000000000001,0.3808273136562317,0.6,0.4,0.5,0.5,0.0,1.0,higher_p,higher_m,True,"{""durations"":[1500,1000,1500,1000],""alternatives"":[0,1,0,1],""attributes"":[""all"",""all"",""all"",""all""]}","[{""x"":737,""y"":400,""t"":622},{""x"":708,""y"":440,""t"":670},{""x"":754,""y"":394,""t"":726},{""x"":873,""y"":381,""t"":1859},{""x"":928,""y"":301,""t"":1917},{""x"":877,""y"":330,""t"":2227},{""x"":975,""y"":269,""t"":2334},{""x"":1019,""y"":288,""t"":3163},{""x"":1184,""y"":291,""t"":3213},{""x"":1216,""y"":315,""t"":3267},{""x"":1142,""y"":365,""t"":3675},{""x"":1137,""y"":273,""t"":3724},{""x"":1169,""y"":258,""t"":3779},{""x"":1139,""y"":305,""t"":4081},{""x"":1231,""y"":341,""t"":4143},{""x"":1297,""y"":317,""t"":4168},{""x"":1319,""y"":315,""t"":4195},{""x"":1431,""y"":346,""t"":4222},{""x"":1344,""y"":464,""t"":4251},{""x"":1285,""y"":449,""t"":4753},{""x"":1308,""y"":401,""t"":4861},{""x"":1334,""y"":468,""t"":5037},{""x"":1402,""y"":354,""t"":5106},{""x"":1364,""y"":374,""t"":5137},{""x"":1314,""y"":389,""t"":5173}]",0,0.8800060173152927,0.11999398268470728,pt,0
144-alternatives,1,120,exp_62,1.0,32.78499999991618,0.41,0.21,1.7999999999999998,6.2,higher_p,higher_m,0,1,alternatives,0.0,False,0.7379999999999999,1.302,-0.5640000000000002,-0.3231885851028554,0.4,0.6,0.5,0.5,1.0,1.0,higher_m,higher_m,False,"{""durations"":[1000,1500,1000,1500],""alternatives"":[0,1,0,1],""attributes"":[""all"",""all"",""all"",""all""]}","[{""x"":1254,""y"":332,""t"":-93},{""x"":1210,""y"":390,""t"":1},{""x"":1240,""y"":405,""t"":320},{""x"":1228,""y"":388,""t"":398},{""x"":1099,""y"":356,""t"":988},{""x"":1151,""y"":230,""t"":1038},{""x"":1009,""y"":327,""t"":1096},{""x"":1063,""y"":315,""t"":1396},{""x"":1101,""y"":323,""t"":1446},{""x"":1106,""y"":328,""t"":1501},{""x"":1141,""y"":340,""t"":1803},{""x"":1150,""y"":441,""t"":1868},{""x"":1104,""y"":476,""t"":1924},{""x"":1306,""y"":473,""t"":1999},{""x"":1291,""y"":449,""t"":2195},{""x"":1234,""y"":490,""t"":2245},{""x"":1260,""y"":388,""t"":2302},{""x"":1194,""y"":345,""t"":3403},{""x"":1288,""y"":276,""t"":3453},{""x"":1264,""y"":294,""t"":3506},{""x"":1160,""y"":259,""t"":3811},{""x"":1146,""y"":261,""t"":3860},{""x"":1118,""y"":323,""t"":4190},{""x"":1115,""y"":330,""t"":4246},{""x"":1050,""y"":281,""t"":4273},{""x"":956,""y"":268,""t"":4327},{""x"":787,""y"":318,""t"":5012},{""x"":817,""y"":338,""t"":5067},{""x"":782,""y"":305,""t"":5244},{""x"":663,""y"":359,""t"":5297},{""x"":713,""y"":383,""t"":5324},{""x"":720,""y"":313,""t"":5378},{""x"":929,""y"":324,""t"":5629},{""x"":954,""y"":344,""t"":5696}]",1,0.018888264463895143,0.9811117355361049,pt,0
144-alternatives,1,121,exp_6,0.0,1132.964999999851,0.79,0.49,5.300000000000001,8.3,higher_p,higher_m,0,1,alternatives,0.0,False,4.187000000000001,4.067,0.120000000000001,0.3808273136562317,0.4,0.6,0.5,0.5,1.0,1.0,higher_m,higher_m,True,"{""durations"":[1000,1500,1000,1500],""alternatives"":[0,1,0,1],""attributes"":[""all"",""all"",""all"",""all""]}","[{""x"":974,""y"":345,""t"":-109},{""x"":1084,""y"":313,""t"":853},{""x"":1271,""y"":289,""t"":901},{""x"":1259,""y"":308,""t"":957},{""x"":1265,""y"":311,""t"":1519},{""x"":1325,""y"":336,""t"":1566},{""x"":1348,""y"":453,""t"":2041},{""x"":1319,""y"":485,""t"":2090},{""x"":1238,""y"":520,""t"":2144},{""x"":1201,""y"":459,""t"":2325},{""x"":1132,""y"":457,""t"":2438},{""x"":1085,""y"":327,""t"":2465},{""x"":1021,""y"":297,""t"":2491},{""x"":997,""y"":286,""t"":2536},{""x"":1026,""y"":230,""t"":2563},{""x"":995,""y"":268,""t"":2590},{""x"":1005,""y"":203,""t"":2621},{""x"":1007,""y"":285,""t"":3231},{""x"":952,""y"":297,""t"":3282},{""x"":1079,""y"":264,""t"":3336},{""x"":1113,""y"":236,""t"":3501},{""x"":1051,""y"":254,""t"":3548},{""x"":1109,""y"":224,""t"":3604},{""x"":1081,""y"":266,""t"":3684},{""x"":1138,""y"":296,""t"":4082},{""x"":1161,""y"":286,""t"":4130},{""x"":1193,""y"":283,""t"":4592},{""x"":1274,""y"":230,""t"":4641},{""x"":1328,""y"":239,""t"":4669},{""x"":1113,""y"":279,""t"":4723},{""x"":1072,""y"":255,""t"":5295},{""x"":1042,""y"":205,""t"":5346},{""x"":974,""y"":220,""t"":5374},{""x"":1047,""y"":176,""t"":5647},{""x"":1008,""y"":184,""t"":5695},{""x"":811,""y"":257,""t"":5722},{""x"":913,""y"":276,""t"":5777},{""x"":888,""y"":284,""t"":5884},{""x"":759,""y"":389,""t"":6176},{""x"":798,""y"":382,""t"":6236},{""x"":821,""y"":459,""t"":6264},{""x"":717,""y"":522,""t"":6310},{""x"":683,""y"":463,""t"":6344},{""x"":734,""y"":419,""t"":6370},{""x"":676,""y"":406,""t"":6397},{""x"":614,""y"":458,""t"":6428}]",1,0.8800060173152927,0.11999398268470728,pt,0
144-alternatives,1,122,exp_48,0.0,67.13499999977648,0.49,0.32,6.9,8.2,higher_p,higher_m,0,1,alternatives,0.0,False,3.381,2.624,0.7570000000000006,1.0364678509508771,0.6,0.4,0.5,0.5,0.0,1.0,higher_p,higher_m,True,"{""durations"":[1500,1000,1500,1000],""alternatives"":[0,1,0,1],""attributes"":[""all"",""all"",""all"",""all""]}","[{""x"":817,""y"":433,""t"":308},{""x"":853,""y"":417,""t"":374},{""x"":715,""y"":509,""t"":401},{""x"":654,""y"":546,""t"":428},{""x"":712,""y"":598,""t"":455},{""x"":754,""y"":555,""t"":484},{""x"":744,""y"":569,""t"":513},{""x"":798,""y"":515,""t"":546},{""x"":1008,""y"":501,""t"":604},{""x"":1038,""y"":431,""t"":1436},{""x"":1112,""y"":379,""t"":1514},{""x"":1155,""y"":361,""t"":1989},{""x"":1074,""y"":432,""t"":2038},{""x"":1128,""y"":427,""t"":2092},{""x"":974,""y"":475,""t"":2387},{""x"":856,""y"":476,""t"":2437},{""x"":809,""y"":572,""t"":2463},{""x"":710,""y"":598,""t"":3027},{""x"":593,""y"":560,""t"":3077},{""x"":627,""y"":431,""t"":3130},{""x"":666,""y"":437,""t"":3301},{""x"":760,""y"":452,""t"":3349},{""x"":645,""y"":412,""t"":3404},{""x"":699,""y"":375,""t"":3696},{""x"":812,""y"":357,""t"":3863},{""x"":895,""y"":336,""t"":3918},{""x"":983,""y"":287,""t"":4515},{""x"":993,""y"":274,""t"":4590},{""x"":1003,""y"":243,""t"":4617},{""x"":806,""y"":315,""t"":4674},{""x"":831,""y"":287,""t"":4784},{""x"":787,""y"":271,""t"":4863},{""x"":884,""y"":276,""t"":5425},{""x"":1029,""y"":253,""t"":5479},{""x"":1051,""y"":321,""t"":5563},{""x"":1038,""y"":379,""t"":5615},{""x"":1107,""y"":399,""t"":5647},{""x"":954,""y"":390,""t"":5729},{""x"":715,""y"":409,""t"":5807}]",0,0.7439005878288085,0.2560994121711916,pt,0
144-alternatives,1,124,exp_44,1.0,31.50499999988824,0.81,0.48,1.6999999999999995,7.9,higher_p,higher_m,0,1,alternatives,0.0,False,1.3769999999999998,3.792,-2.415,-2.2283544163938904,0.4,0.6,0.5,0.5,1.0,0.0,higher_m,higher_p,False,"{""durations"":[1500,1000,1500,1000],""alternatives"":[1,0,1,0],""attributes"":[""all"",""all"",""all"",""all""]}","[{""x"":810,""y"":470,""t"":-77},{""x"":837,""y"":451,""t"":429},{""x"":882,""y"":412,""t"":478},{""x"":1001,""y"":387,""t"":1146},{""x"":1078,""y"":405,""t"":1194},{""x"":958,""y"":396,""t"":1706},{""x"":830,""y"":425,""t"":1755},{""x"":650,""y"":443,""t"":1781},{""x"":690,""y"":458,""t"":2620},{""x"":827,""y"":491,""t"":2669},{""x"":868,""y"":450,""t"":2696},{""x"":920,""y"":354,""t"":3010},{""x"":948,""y"":325,""t"":3082},{""x"":831,""y"":418,""t"":3109},{""x"":896,""y"":378,""t"":3137},{""x"":991,""y"":343,""t"":3164},{""x"":1015,""y"":306,""t"":3198}]",1,0.00414788289305747,0.9958521171069427,pt,0
144-alternatives,1,129,exp_54,0.0,622.399999999674,0.49,0.32,6.9,8.2,higher_p,higher_m,0,1,alternatives,0.0,False,3.381,2.624,0.7570000000000006,1.0364678509508771,0.4,0.6,0.5,0.5,1.0,1.0,higher_m,higher_m,True,"{""durations"":[1000,1500,1000,1500],""alternatives"":[0,1,0,1],""attributes"":[""all"",""all"",""all"",""all""]}","[{""x"":647,""y"":301,""t"":-1492},{""x"":631,""y"":277,""t"":-446},{""x"":561,""y"":292,""t"":3},{""x"":687,""y"":273,""t"":251},{""x"":657,""y"":327,""t"":310},{""x"":816,""y"":318,""t"":369},{""x"":917,""y"":366,""t"":447},{""x"":1049,""y"":299,""t"":529},{""x"":1128,""y"":246,""t"":607},{""x"":1051,""y"":256,""t"":777},{""x"":971,""y"":289,""t"":827},{""x"":997,""y"":279,""t"":855},{""x"":874,""y"":403,""t"":919},{""x"":679,""y"":364,""t"":1331},{""x"":495,""y"":411,""t"":1409},{""x"":605,""y"":362,""t"":1491},{""x"":528,""y"":350,""t"":1570},{""x"":503,""y"":375,""t"":1651},{""x"":589,""y"":451,""t"":1728},{""x"":529,""y"":429,""t"":1806},{""x"":678,""y"":426,""t"":1885},{""x"":758,""y"":353,""t"":1965},{""x"":753,""y"":360,""t"":2043},{""x"":967,""y"":303,""t"":2126},{""x"":1057,""y"":250,""t"":2205},{""x"":1110,""y"":255,""t"":2314},{""x"":1026,""y"":302,""t"":2572},{""x"":989,""y"":315,""t"":2770},{""x"":777,""y"":346,""t"":3032},{""x"":818,""y"":324,""t"":3086},{""x"":728,""y"":307,""t"":3112},{""x"":805,""y"":311,""t"":3170},{""x"":883,""y"":273,""t"":3283},{""x"":992,""y"":223,""t"":3361},{""x"":1041,""y"":138,""t"":3561},{""x"":959,""y"":197,""t"":3610},{""x"":886,""y"":252,""t"":3640},{""x"":856,""y"":215,""t"":3725},{""x"":779,""y"":350,""t"":3808},{""x"":709,""y"":383,""t"":3947},{""x"":686,""y"":400,""t"":4375},{""x"":620,""y"":363,""t"":4427},{""x"":548,""y"":382,""t"":4457},{""x"":640,""y"":395,""t"":4541},{""x"":777,""y"":349,""t"":4622},{""x"":812,""y"":329,""t"":4702},{""x"":753,""y"":349,""t"":4785},{""x"":661,""y"":375,""t"":4871},{""x"":729,""y"":328,""t"":4964},{""x"":830,""y"":416,""t"":5242},{""x"":851,""y"":499,""t"":5352},{""x"":820,""y"":471,""t"":5436},{""x"":760,""y"":492,""t"":5515},{""x"":625,""y"":462,""t"":5596},{""x"":482,""y"":469,""t"":5676},{""x"":520,""y"":414,""t"":5846},{""x"":565,""y"":377,""t"":5895},{""x"":701,""y"":318,""t"":5953},{""x"":853,""y"":306,""t"":6038},{""x"":812,""y"":286,""t"":6117},{""x"":786,""y"":211,""t"":6196},{""x"":827,""y"":184,""t"":6283},{""x"":867,""y"":163,""t"":6364},{""x"":924,""y"":182,""t"":6546},{""x"":1000,""y"":181,""t"":6851}]",0,0.7439005878288085,0.2560994121711916,pt,0
144-alternatives,1,132,exp_4,0.0,198.54500000015832,0.79,0.49,5.300000000000001,8.3,higher_p,higher_m,0,1,alternatives,0.0,False,4.187000000000001,4.067,0.120000000000001,0.3808273136562317,0.4,0.6,0.5,0.5,1.0,0.0,higher_m,higher_p,True,"{""durations"":[1500,1000,1500,1000],""alternatives"":[1,0,1,0],""attributes"":[""all"",""all"",""all"",""all""]}","[{""x"":890,""y"":365,""t"":-2057},{""x"":1023,""y"":395,""t"":-925},{""x"":921,""y"":445,""t"":2},{""x"":785,""y"":525,""t"":63},{""x"":798,""y"":606,""t"":172},{""x"":879,""y"":533,""t"":252},{""x"":657,""y"":533,""t"":332},{""x"":608,""y"":466,""t"":409},{""x"":647,""y"":419,""t"":492},{""x"":776,""y"":396,""t"":569},{""x"":877,""y"":321,""t"":648},{""x"":923,""y"":352,""t"":728},{""x"":837,""y"":379,""t"":811},{""x"":791,""y"":415,""t"":894},{""x"":946,""y"":442,""t"":976},{""x"":1095,""y"":327,""t"":1055},{""x"":1184,""y"":354,""t"":1481},{""x"":1066,""y"":339,""t"":1563},{""x"":986,""y"":403,""t"":1640},{""x"":1011,""y"":344,""t"":1724},{""x"":1036,""y"":469,""t"":1808},{""x"":940,""y"":526,""t"":1895},{""x"":917,""y"":495,""t"":2059},{""x"":961,""y"":466,""t"":2189},{""x"":818,""y"":441,""t"":2266},{""x"":864,""y"":421,""t"":2350},{""x"":921,""y"":314,""t"":2431},{""x"":950,""y"":275,""t"":2512},{""x"":886,""y"":266,""t"":2595},{""x"":810,""y"":263,""t"":2675},{""x"":897,""y"":126,""t"":2772},{""x"":945,""y"":159,""t"":3037},{""x"":878,""y"":185,""t"":3116},{""x"":825,""y"":241,""t"":3193},{""x"":752,""y"":329,""t"":3273},{""x"":745,""y"":385,""t"":3356},{""x"":679,""y"":425,""t"":3433},{""x"":913,""y"":566,""t"":3518},{""x"":854,""y"":570,""t"":3600},{""x"":820,""y"":498,""t"":3686},{""x"":811,""y"":503,""t"":3771},{""x"":744,""y"":496,""t"":3854},{""x"":655,""y"":404,""t"":3935},{""x"":722,""y"":374,""t"":4349},{""x"":761,""y"":359,""t"":4428},{""x"":737,""y"":359,""t"":4508},{""x"":746,""y"":364,""t"":4590},{""x"":755,""y"":375,""t"":4676},{""x"":673,""y"":414,""t"":4760},{""x"":780,""y"":403,""t"":4841},{""x"":779,""y"":411,""t"":4921},{""x"":766,""y"":384,""t"":5000},{""x"":734,""y"":343,""t"":5081},{""x"":798,""y"":354,""t"":5236},{""x"":753,""y"":407,""t"":5536},{""x"":733,""y"":451,""t"":5618},{""x"":676,""y"":378,""t"":5706},{""x"":530,""y"":397,""t"":5787},{""x"":488,""y"":387,""t"":5869},{""x"":479,""y"":354,""t"":5959},{""x"":684,""y"":337,""t"":6231}]",0,0.8800060173152927,0.11999398268470728,pt,0
144-alternatives,1,134,exp_2,0.0,165.94500000029802,0.79,0.49,5.300000000000001,8.3,higher_p,higher_m,0,1,alternatives,0.0,False,4.187000000000001,4.067,0.120000000000001,0.3808273136562317,0.6,0.4,0.5,0.5,0.0,0.0,higher_p,higher_p,True,"{""durations"":[1000,1500,1000,1500],""alternatives"":[1,0,1,0],""attributes"":[""all"",""all"",""all"",""all""]}","[{""x"":743,""y"":390,""t"":-385},{""x"":776,""y"":337,""t"":-55},{""x"":809,""y"":378,""t"":1},{""x"":805,""y"":395,""t"":59},{""x"":788,""y"":330,""t"":276},{""x"":859,""y"":333,""t"":358},{""x"":912,""y"":198,""t"":437},{""x"":892,""y"":294,""t"":609},{""x"":879,""y"":285,""t"":658},{""x"":886,""y"":269,""t"":684},{""x"":927,""y"":272,""t"":779},{""x"":860,""y"":305,""t"":859},{""x"":780,""y"":416,""t"":945},{""x"":756,""y"":377,""t"":1033},{""x"":766,""y"":372,""t"":1113},{""x"":776,""y"":348,""t"":1199},{""x"":791,""y"":376,""t"":1284},{""x"":749,""y"":440,""t"":1366},{""x"":804,""y"":500,""t"":1468},{""x"":523,""y"":562,""t"":1891},{""x"":512,""y"":620,""t"":2022},{""x"":569,""y"":513,""t"":2104},{""x"":528,""y"":470,""t"":2185},{""x"":631,""y"":498,""t"":2342},{""x"":855,""y"":412,""t"":2420},{""x"":860,""y"":499,""t"":2505},{""x"":788,""y"":509,""t"":2584},{""x"":686,""y"":523,""t"":2667},{""x"":641,""y"":546,""t"":2749},{""x"":731,""y"":493,""t"":2831},{""x"":785,""y"":464,""t"":2912},{""x"":925,""y"":446,""t"":2993},{""x"":917,""y"":409,""t"":3076},{""x"":894,""y"":304,""t"":3159},{""x"":914,""y"":291,""t"":3262},{""x"":841,""y"":299,""t"":3343},{""x"":969,""y"":280,""t"":3797},{""x"":966,""y"":336,""t"":3885},{""x"":930,""y"":311,""t"":3913},{""x"":979,""y"":260,""t"":4007},{""x"":871,""y"":345,""t"":4092},{""x"":833,""y"":385,""t"":4171},{""x"":927,""y"":347,""t"":4396},{""x"":961,""y"":358,""t"":4484},{""x"":993,""y"":321,""t"":4564},{""x"":1183,""y"":299,""t"":4643},{""x"":1200,""y"":276,""t"":4721},{""x"":1116,""y"":306,""t"":4805},{""x"":1098,""y"":358,""t"":4883},{""x"":1143,""y"":313,""t"":4963},{""x"":957,""y"":339,""t"":5049},{""x"":883,""y"":349,""t"":5153},{""x"":964,""y"":364,""t"":5510},{""x"":940,""y"":317,""t"":5592},{""x"":900,""y"":405,""t"":5673},{""x"":824,""y"":441,""t"":5759},{""x"":667,""y"":380,""t"":5851},{""x"":543,""y"":452,""t"":5934},{""x"":419,""y"":493,""t"":6014}]",0,0.8800060173152927,0.11999398268470728,pt,0
144-alternatives,1,137,exp_72,0.0,770.375,0.8,0.2,4.0,6.799999999999999,higher_p,higher_m,0,1,alternatives,0.0,False,3.2,1.36,1.8400000000000003,2.151159690652763,0.6,0.4,0.5,0.5,0.0,1.0,higher_p,higher_m,True,"{""durations"":[1500,1000,1500,1000],""alternatives"":[0,1,0,1],""attributes"":[""all"",""all"",""all"",""all""]}","[{""x"":713,""y"":423,""t"":-218},{""x"":611,""y"":521,""t"":-49},{""x"":631,""y"":495,""t"":1},{""x"":626,""y"":429,""t"":92},{""x"":717,""y"":421,""t"":173},{""x"":693,""y"":387,""t"":254},{""x"":747,""y"":427,""t"":340},{""x"":613,""y"":459,""t"":434},{""x"":540,""y"":518,""t"":884},{""x"":513,""y"":584,""t"":966},{""x"":372,""y"":513,""t"":1049},{""x"":341,""y"":485,""t"":1132},{""x"":526,""y"":417,""t"":1221},{""x"":604,""y"":468,""t"":1303},{""x"":592,""y"":471,""t"":1391},{""x"":645,""y"":486,""t"":1484},{""x"":591,""y"":545,""t"":1575},{""x"":632,""y"":470,""t"":1676},{""x"":640,""y"":459,""t"":1762},{""x"":623,""y"":489,""t"":1843},{""x"":487,""y"":534,""t"":2256},{""x"":437,""y"":491,""t"":2359},{""x"":467,""y"":522,""t"":2450},{""x"":586,""y"":399,""t"":2607},{""x"":615,""y"":442,""t"":2687},{""x"":622,""y"":562,""t"":2770},{""x"":794,""y"":511,""t"":2849},{""x"":696,""y"":502,""t"":3063},{""x"":556,""y"":515,""t"":3112},{""x"":621,""y"":491,""t"":3139},{""x"":741,""y"":398,""t"":3199},{""x"":838,""y"":402,""t"":3325},{""x"":835,""y"":469,""t"":3404},{""x"":784,""y"":438,""t"":3484},{""x"":659,""y"":445,""t"":3562},{""x"":650,""y"":388,""t"":3642},{""x"":747,""y"":376,""t"":3740},{""x"":789,""y"":338,""t"":4225},{""x"":776,""y"":364,""t"":4303},{""x"":683,""y"":468,""t"":4390},{""x"":629,""y"":475,""t"":4488},{""x"":527,""y"":380,""t"":4643},{""x"":621,""y"":367,""t"":4727},{""x"":646,""y"":428,""t"":4812},{""x"":675,""y"":391,""t"":4891},{""x"":839,""y"":364,""t"":4975},{""x"":913,""y"":345,""t"":5056},{""x"":879,""y"":420,""t"":5169},{""x"":839,""y"":383,""t"":5424},{""x"":887,""y"":390,""t"":5506},{""x"":839,""y"":452,""t"":5590},{""x"":925,""y"":438,""t"":5677},{""x"":902,""y"":489,""t"":5768},{""x"":930,""y"":536,""t"":5852},{""x"":964,""y"":418,""t"":5934},{""x"":948,""y"":369,""t"":6248},{""x"":894,""y"":270,""t"":6361},{""x"":850,""y"":329,""t"":6482}]",0,0.9951179563333201,0.004882043666679825,pt,0
144-alternatives,1,138,exp_92,0.0,810.7299999999814,0.5,0.38,3.0,4.0,higher_p,higher_m,0,1,alternatives,0.0,False,1.5,1.52,-0.02,0.236730492272792,0.4,0.6,0.5,0.5,1.0,0.0,higher_m,higher_p,True,"{""durations"":[1500,1000,1500,1000],""alternatives"":[1,0,1,0],""attributes"":[""all"",""all"",""all"",""all""]}","[{""x"":845,""y"":304,""t"":-2335},{""x"":854,""y"":295,""t"":-181},{""x"":831,""y"":335,""t"":3},{""x"":977,""y"":301,""t"":61},{""x"":877,""y"":294,""t"":174},{""x"":919,""y"":323,""t"":258},{""x"":919,""y"":275,""t"":342},{""x"":888,""y"":352,""t"":431},{""x"":743,""y"":407,""t"":549},{""x"":909,""y"":373,""t"":629},{""x"":936,""y"":393,""t"":722},{""x"":1034,""y"":409,""t"":811},{""x"":1124,""y"":412,""t"":889},{""x"":1158,""y"":379,""t"":971},{""x"":1136,""y"":334,""t"":1052},{""x"":1003,""y"":359,""t"":1187},{""x"":999,""y"":334,""t"":1594},{""x"":1008,""y"":281,""t"":1674},{""x"":947,""y"":299,""t"":1760},{""x"":972,""y"":348,""t"":1844},{""x"":820,""y"":404,""t"":2045},{""x"":650,""y"":425,""t"":2094},{""x"":677,""y"":381,""t"":2120},{""x"":644,""y"":370,""t"":2177},{""x"":813,""y"":380,""t"":2299},{""x"":1043,""y"":373,""t"":2380},{""x"":953,""y"":468,""t"":2458},{""x"":934,""y"":516,""t"":2536},{""x"":786,""y"":511,""t"":2639},{""x"":838,""y"":608,""t"":3147},{""x"":752,""y"":570,""t"":3307},{""x"":630,""y"":610,""t"":3387},{""x"":553,""y"":630,""t"":3466},{""x"":588,""y"":558,""t"":3547},{""x"":444,""y"":478,""t"":3630},{""x"":444,""y"":378,""t"":3711},{""x"":601,""y"":356,""t"":3789},{""x"":733,""y"":361,""t"":3871},{""x"":695,""y"":303,""t"":3951},{""x"":704,""y"":362,""t"":4030},{""x"":687,""y"":296,""t"":4109},{""x"":731,""y"":203,""t"":4283},{""x"":810,""y"":189,""t"":4334},{""x"":835,""y"":165,""t"":4360},{""x"":785,""y"":141,""t"":4416},{""x"":949,""y"":371,""t"":4988},{""x"":933,""y"":312,""t"":5089},{""x"":831,""y"":296,""t"":5239},{""x"":709,""y"":370,""t"":5364},{""x"":566,""y"":505,""t"":5450},{""x"":684,""y"":487,""t"":5537},{""x"":831,""y"":436,""t"":5631},{""x"":942,""y"":373,""t"":5711},{""x"":1130,""y"":353,""t"":5793},{""x"":1263,""y"":382,""t"":5879},{""x"":1173,""y"":400,""t"":5957},{""x"":1091,""y"":461,""t"":6048},{""x"":956,""y"":480,""t"":6131},{""x"":950,""y"":439,""t"":6220},{""x"":898,""y"":420,""t"":6306},{""x"":863,""y"":405,""t"":6387},{""x"":813,""y"":353,""t"":6528},{""x"":825,""y"":408,""t"":6969},{""x"":795,""y"":497,""t"":7051},{""x"":834,""y"":615,""t"":7217},{""x"":870,""y"":569,""t"":7295},{""x"":814,""y"":576,""t"":7378}]",1,0.4063482116834286,0.5936517883165713,pt,0
144-alternatives,1,139,exp_28,0.0,377.1850000002887,0.3,0.17,2.0,3.0,higher_p,higher_m,0,1,alternatives,0.0,False,0.6,0.51,0.0899999999999999,0.3499494233597795,0.4,0.6,0.5,0.5,1.0,0.0,higher_m,higher_p,True,"{""durations"":[1500,1000,1500,1000],""alternatives"":[1,0,1,0],""attributes"":[""all"",""all"",""all"",""all""]}","[{""x"":860,""y"":341,""t"":-131},{""x"":905,""y"":238,""t"":-52},{""x"":907,""y"":239,""t"":1},{""x"":822,""y"":335,""t"":93},{""x"":981,""y"":330,""t"":180},{""x"":1062,""y"":372,""t"":663},{""x"":1104,""y"":411,""t"":743},{""x"":1175,""y"":375,""t"":825},{""x"":1187,""y"":333,""t"":904},{""x"":1200,""y"":349,""t"":1098},{""x"":1182,""y"":382,""t"":1176},{""x"":1250,""y"":324,""t"":1255},{""x"":1214,""y"":275,""t"":1338},{""x"":1142,""y"":197,""t"":1415},{""x"":1056,""y"":258,""t"":1493},{""x"":974,""y"":267,""t"":1574},{""x"":1027,""y"":300,""t"":1658},{""x"":943,""y"":307,""t"":1737},{""x"":987,""y"":320,""t"":1847},{""x"":984,""y"":371,""t"":2312},{""x"":898,""y"":307,""t"":2363},{""x"":806,""y"":384,""t"":2393},{""x"":840,""y"":355,""t"":2449},{""x"":858,""y"":309,""t"":2575},{""x"":831,""y"":268,""t"":2659},{""x"":753,""y"":286,""t"":2737},{""x"":808,""y"":325,""t"":2819},{""x"":823,""y"":416,""t"":2901},{""x"":877,""y"":475,""t"":3252},{""x"":993,""y"":399,""t"":3336},{""x"":1071,""y"":323,""t"":3417},{""x"":1005,""y"":333,""t"":3503},{""x"":1009,""y"":343,""t"":3582},{""x"":961,""y"":392,""t"":3662},{""x"":789,""y"":423,""t"":3744},{""x"":736,""y"":328,""t"":3828},{""x"":772,""y"":401,""t"":3916},{""x"":854,""y"":395,""t"":3996},{""x"":932,""y"":414,""t"":4084},{""x"":801,""y"":492,""t"":4168},{""x"":754,""y"":516,""t"":4266},{""x"":708,""y"":435,""t"":4350},{""x"":796,""y"":433,""t"":4459},{""x"":817,""y"":430,""t"":4906},{""x"":806,""y"":399,""t"":5074},{""x"":804,""y"":380,""t"":5172},{""x"":714,""y"":376,""t"":5295},{""x"":789,""y"":294,""t"":5382},{""x"":776,""y"":298,""t"":5462},{""x"":846,""y"":292,""t"":5544},{""x"":980,""y"":299,""t"":5753},{""x"":1023,""y"":267,""t"":5810},{""x"":1077,""y"":275,""t"":5838},{""x"":1041,""y"":285,""t"":5897}]",1,0.4097922207961993,0.5902077792038007,pt,0
