subject_id,block,trial,condition,choice,rt,p0,p1,m0,m1,label0,label1,higher_p,higher_m,presentation,presentation01,by_attribute,ev0,ev1,delta_ev,delta_ev_z,g0,g1,gp,gm,duration_favours,last_stage_favours,duration_favours_str,last_stage_favours_str,choose_higher_p,sequence,webgazer_data,predicted_choice,predicted_choiceprob_0,predicted_choiceprob_1,model,rep
115-alternatives,0,1,catch_2,1.0,498.60000002384186,0.38,0.6,2.2,4.0,dominated,dominant,1,1,alternatives,0.0,False,0.8360000000000001,2.4,-1.5639999999999998,-1.35245159498456,0.5,0.5,0.5,0.5,,1.0,,dominant,True,"{""durations"":[1250,1250,1250,1250],""attributes"":[""all"",""all"",""all"",""all""],""alternatives"":[0,1,0,1]}","[{""x"":936,""y"":515,""t"":0},{""x"":978,""y"":454,""t"":84},{""x"":1047,""y"":440,""t"":170},{""x"":1076,""y"":414,""t"":239},{""x"":932,""y"":355,""t"":303},{""x"":973,""y"":341,""t"":400},{""x"":1087,""y"":348,""t"":463},{""x"":1191,""y"":326,""t"":525},{""x"":1278,""y"":325,""t"":590},{""x"":1364,""y"":328,""t"":652},{""x"":1433,""y"":344,""t"":716},{""x"":1438,""y"":343,""t"":779},{""x"":1446,""y"":342,""t"":842},{""x"":1422,""y"":337,""t"":905},{""x"":1434,""y"":291,""t"":968},{""x"":1440,""y"":267,""t"":1032},{""x"":1445,""y"":258,""t"":1094},{""x"":1457,""y"":247,""t"":1175},{""x"":1472,""y"":242,""t"":1237},{""x"":1541,""y"":234,""t"":1300},{""x"":1536,""y"":252,""t"":1370},{""x"":1528,""y"":268,""t"":1431},{""x"":1481,""y"":290,""t"":1494},{""x"":1433,""y"":324,""t"":1557},{""x"":1299,""y"":365,""t"":1647},{""x"":1076,""y"":386,""t"":1712},{""x"":885,""y"":380,""t"":1775},{""x"":726,""y"":367,""t"":1841},{""x"":560,""y"":332,""t"":1923},{""x"":496,""y"":345,""t"":1985},{""x"":451,""y"":346,""t"":2049},{""x"":430,""y"":337,""t"":2111},{""x"":396,""y"":320,""t"":2174},{""x"":355,""y"":296,""t"":2238},{""x"":345,""y"":266,""t"":2301},{""x"":375,""y"":256,""t"":2380},{""x"":385,""y"":259,""t"":2443},{""x"":434,""y"":217,""t"":2523},{""x"":482,""y"":204,""t"":2593},{""x"":512,""y"":210,""t"":2678},{""x"":502,""y"":233,""t"":2740},{""x"":531,""y"":276,""t"":2803},{""x"":531,""y"":323,""t"":2866},{""x"":656,""y"":343,""t"":2928},{""x"":881,""y"":374,""t"":3008},{""x"":1040,""y"":389,""t"":3072},{""x"":1201,""y"":452,""t"":3134},{""x"":1306,""y"":459,""t"":3197},{""x"":1428,""y"":484,""t"":3278},{""x"":1504,""y"":464,""t"":3339},{""x"":1632,""y"":444,""t"":3401},{""x"":1692,""y"":419,""t"":3465},{""x"":1742,""y"":392,""t"":3531},{""x"":1754,""y"":366,""t"":3593},{""x"":1679,""y"":311,""t"":3653},{""x"":1654,""y"":281,""t"":3735},{""x"":1569,""y"":230,""t"":3798},{""x"":1475,""y"":181,""t"":3859},{""x"":1474,""y"":181,""t"":3924},{""x"":1420,""y"":155,""t"":3988},{""x"":1175,""y"":171,""t"":4051},{""x"":972,""y"":209,""t"":4113},{""x"":789,""y"":231,""t"":4174},{""x"":653,""y"":246,""t"":4235},{""x"":598,""y"":275,""t"":4297},{""x"":519,""y"":305,""t"":4360},{""x"":452,""y"":329,""t"":4421},{""x"":397,""y"":329,""t"":4484},{""x"":361,""y"":357,""t"":4548},{""x"":353,""y"":362,""t"":4608},{""x"":400,""y"":365,""t"":4672},{""x"":438,""y"":361,""t"":4734},{""x"":397,""y"":327,""t"":4797},{""x"":413,""y"":322,""t"":4861},{""x"":445,""y"":326,""t"":4923},{""x"":472,""y"":315,""t"":5002},{""x"":541,""y"":316,""t"":5066},{""x"":576,""y"":296,""t"":5128},{""x"":608,""y"":298,""t"":5190},{""x"":558,""y"":277,""t"":5255},{""x"":529,""y"":253,""t"":5320},{""x"":597,""y"":280,""t"":5383},{""x"":511,""y"":265,""t"":5445},{""x"":472,""y"":284,""t"":5506},{""x"":464,""y"":243,""t"":5567},{""x"":617,""y"":265,""t"":5630},{""x"":692,""y"":238,""t"":5690},{""x"":693,""y"":259,""t"":5753},{""x"":685,""y"":264,""t"":5818},{""x"":675,""y"":281,""t"":5878},{""x"":721,""y"":306,""t"":5958},{""x"":639,""y"":287,""t"":6021},{""x"":651,""y"":289,""t"":6084},{""x"":668,""y"":331,""t"":6147},{""x"":729,""y"":358,""t"":6210},{""x"":705,""y"":328,""t"":6272}]",1,2.7154496985860822e-08,0.999999972845503,wa_dn_b-last_b-longer,0
115-alternatives,0,7,exp_78,0.0,674.0,0.8,0.2,4.0,6.799999999999999,higher_p,higher_m,0,1,alternatives,0.0,False,3.2,1.36,1.8400000000000003,2.151159690652763,0.4,0.6,0.5,0.5,1.0,1.0,higher_m,higher_m,True,"{""durations"":[1000,1500,1000,1500],""alternatives"":[0,1,0,1],""attributes"":[""all"",""all"",""all"",""all""]}","[{""x"":867,""y"":356,""t"":0},{""x"":865,""y"":345,""t"":76},{""x"":851,""y"":353,""t"":157},{""x"":845,""y"":375,""t"":219},{""x"":852,""y"":410,""t"":284},{""x"":956,""y"":435,""t"":346},{""x"":941,""y"":435,""t"":409},{""x"":947,""y"":441,""t"":470},{""x"":973,""y"":437,""t"":534},{""x"":1122,""y"":403,""t"":596},{""x"":1186,""y"":375,""t"":658},{""x"":1281,""y"":336,""t"":739},{""x"":1371,""y"":333,""t"":801},{""x"":1409,""y"":315,""t"":864},{""x"":1443,""y"":295,""t"":928},{""x"":1456,""y"":299,""t"":990},{""x"":1471,""y"":344,""t"":1054},{""x"":1441,""y"":298,""t"":1141},{""x"":1491,""y"":291,""t"":1207},{""x"":1456,""y"":244,""t"":1271},{""x"":1494,""y"":230,""t"":1334},{""x"":1298,""y"":226,""t"":1397},{""x"":1142,""y"":253,""t"":1459},{""x"":1048,""y"":301,""t"":1522},{""x"":951,""y"":304,""t"":1607},{""x"":872,""y"":317,""t"":1673},{""x"":841,""y"":342,""t"":1735},{""x"":813,""y"":358,""t"":1798},{""x"":784,""y"":389,""t"":1861},{""x"":749,""y"":380,""t"":1923},{""x"":700,""y"":369,""t"":1985},{""x"":661,""y"":348,""t"":2047},{""x"":666,""y"":318,""t"":2112},{""x"":624,""y"":284,""t"":2175},{""x"":656,""y"":242,""t"":2238},{""x"":631,""y"":226,""t"":2301},{""x"":605,""y"":207,""t"":2364},{""x"":599,""y"":193,""t"":2426},{""x"":471,""y"":131,""t"":2489},{""x"":485,""y"":106,""t"":2552},{""x"":394,""y"":50,""t"":2613},{""x"":477,""y"":27,""t"":2680},{""x"":761,""y"":75,""t"":2742},{""x"":1008,""y"":110,""t"":2805},{""x"":1152,""y"":110,""t"":2886},{""x"":1230,""y"":99,""t"":2948},{""x"":1282,""y"":98,""t"":3012},{""x"":1394,""y"":115,""t"":3075},{""x"":1428,""y"":100,""t"":3137},{""x"":1423,""y"":91,""t"":3199},{""x"":1445,""y"":93,""t"":3263},{""x"":1440,""y"":98,""t"":3325},{""x"":1455,""y"":101,""t"":3386},{""x"":1475,""y"":169,""t"":3450},{""x"":1526,""y"":214,""t"":3512},{""x"":1518,""y"":258,""t"":3576},{""x"":1504,""y"":288,""t"":3640},{""x"":1520,""y"":323,""t"":3703},{""x"":1356,""y"":406,""t"":3770},{""x"":1219,""y"":444,""t"":3834},{""x"":1084,""y"":478,""t"":3915},{""x"":956,""y"":490,""t"":3979},{""x"":884,""y"":530,""t"":4042},{""x"":779,""y"":518,""t"":4105},{""x"":726,""y"":503,""t"":4167},{""x"":785,""y"":529,""t"":4248},{""x"":754,""y"":528,""t"":4325},{""x"":756,""y"":535,""t"":4388},{""x"":763,""y"":544,""t"":4452},{""x"":664,""y"":667,""t"":4515},{""x"":705,""y"":776,""t"":4594},{""x"":827,""y"":766,""t"":4659},{""x"":1028,""y"":779,""t"":4721},{""x"":1131,""y"":762,""t"":4782},{""x"":1240,""y"":761,""t"":4866},{""x"":1320,""y"":693,""t"":4933},{""x"":1443,""y"":664,""t"":5012},{""x"":1487,""y"":642,""t"":5076},{""x"":1567,""y"":603,""t"":5138},{""x"":1560,""y"":584,""t"":5201},{""x"":1508,""y"":550,""t"":5265},{""x"":1537,""y"":584,""t"":5328},{""x"":1499,""y"":562,""t"":5412},{""x"":1456,""y"":557,""t"":5475},{""x"":1484,""y"":558,""t"":5537},{""x"":1602,""y"":548,""t"":5600},{""x"":1583,""y"":518,""t"":5665},{""x"":1498,""y"":529,""t"":5728},{""x"":1380,""y"":501,""t"":5792},{""x"":1330,""y"":477,""t"":5856},{""x"":1250,""y"":432,""t"":5916},{""x"":1200,""y"":416,""t"":6003},{""x"":1163,""y"":389,""t"":6067},{""x"":1164,""y"":395,""t"":6129},{""x"":1125,""y"":374,""t"":6191},{""x"":1131,""y"":371,""t"":6257},{""x"":1114,""y"":391,""t"":6319},{""x"":1133,""y"":427,""t"":6383},{""x"":1193,""y"":404,""t"":6444},{""x"":1219,""y"":404,""t"":6508}]",0,0.999996182869775,3.817130224996482e-06,wa_dn_b-last_b-longer,0
115-alternatives,0,8,exp_42,1.0,626.6999999880791,0.81,0.48,1.6999999999999995,7.9,higher_p,higher_m,0,1,alternatives,0.0,False,1.3769999999999998,3.792,-2.415,-2.2283544163938904,0.6,0.4,0.5,0.5,0.0,0.0,higher_p,higher_p,False,"{""durations"":[1000,1500,1000,1500],""alternatives"":[1,0,1,0],""attributes"":[""all"",""all"",""all"",""all""]}","[{""x"":1253,""y"":329,""t"":0},{""x"":1239,""y"":360,""t"":73},{""x"":1221,""y"":338,""t"":161},{""x"":1191,""y"":349,""t"":239},{""x"":1093,""y"":337,""t"":302},{""x"":962,""y"":296,""t"":364},{""x"":900,""y"":297,""t"":425},{""x"":868,""y"":299,""t"":488},{""x"":828,""y"":338,""t"":550},{""x"":880,""y"":369,""t"":614},{""x"":818,""y"":362,""t"":681},{""x"":814,""y"":357,""t"":743},{""x"":798,""y"":330,""t"":806},{""x"":740,""y"":308,""t"":870},{""x"":692,""y"":257,""t"":935},{""x"":599,""y"":185,""t"":998},{""x"":643,""y"":209,""t"":1060},{""x"":661,""y"":236,""t"":1129},{""x"":688,""y"":274,""t"":1191},{""x"":577,""y"":227,""t"":1271},{""x"":562,""y"":257,""t"":1333},{""x"":599,""y"":255,""t"":1415},{""x"":843,""y"":338,""t"":1476},{""x"":1027,""y"":374,""t"":1538},{""x"":1196,""y"":390,""t"":1602},{""x"":1325,""y"":441,""t"":1663},{""x"":1452,""y"":486,""t"":1726},{""x"":1475,""y"":514,""t"":1789},{""x"":1564,""y"":523,""t"":1854},{""x"":1607,""y"":481,""t"":1917},{""x"":1649,""y"":439,""t"":1980},{""x"":1659,""y"":404,""t"":2042},{""x"":1707,""y"":375,""t"":2103},{""x"":1756,""y"":347,""t"":2166},{""x"":1769,""y"":318,""t"":2228},{""x"":1775,""y"":293,""t"":2306},{""x"":1725,""y"":289,""t"":2368},{""x"":1515,""y"":265,""t"":2432},{""x"":1344,""y"":240,""t"":2496},{""x"":1104,""y"":174,""t"":2561},{""x"":939,""y"":135,""t"":2624},{""x"":728,""y"":106,""t"":2689},{""x"":624,""y"":90,""t"":2753},{""x"":597,""y"":113,""t"":2817},{""x"":498,""y"":89,""t"":2878},{""x"":548,""y"":110,""t"":2959},{""x"":617,""y"":80,""t"":3022},{""x"":628,""y"":75,""t"":3084},{""x"":618,""y"":57,""t"":3146},{""x"":557,""y"":99,""t"":3208},{""x"":611,""y"":179,""t"":3272},{""x"":665,""y"":242,""t"":3335},{""x"":647,""y"":355,""t"":3396},{""x"":689,""y"":491,""t"":3460},{""x"":699,""y"":621,""t"":3560},{""x"":744,""y"":663,""t"":3623},{""x"":777,""y"":663,""t"":3687},{""x"":747,""y"":641,""t"":3768},{""x"":867,""y"":658,""t"":3831},{""x"":960,""y"":625,""t"":3895},{""x"":1078,""y"":618,""t"":3958},{""x"":1113,""y"":606,""t"":4019},{""x"":1206,""y"":597,""t"":4080},{""x"":1340,""y"":589,""t"":4144},{""x"":1392,""y"":599,""t"":4207},{""x"":1421,""y"":553,""t"":4270},{""x"":1507,""y"":544,""t"":4332},{""x"":1533,""y"":519,""t"":4412},{""x"":1606,""y"":497,""t"":4473},{""x"":1615,""y"":472,""t"":4535},{""x"":1661,""y"":440,""t"":4596},{""x"":1683,""y"":384,""t"":4659},{""x"":1702,""y"":362,""t"":4741},{""x"":1510,""y"":356,""t"":4802},{""x"":1332,""y"":338,""t"":4883},{""x"":1158,""y"":307,""t"":4946},{""x"":1040,""y"":295,""t"":5007},{""x"":943,""y"":298,""t"":5069},{""x"":806,""y"":252,""t"":5134},{""x"":803,""y"":283,""t"":5198},{""x"":721,""y"":271,""t"":5260},{""x"":638,""y"":252,""t"":5323},{""x"":599,""y"":246,""t"":5385},{""x"":627,""y"":249,""t"":5448},{""x"":636,""y"":258,""t"":5510},{""x"":643,""y"":252,""t"":5572},{""x"":785,""y"":277,""t"":5634},{""x"":818,""y"":263,""t"":5696},{""x"":943,""y"":282,""t"":5760},{""x"":992,""y"":373,""t"":5823},{""x"":1047,""y"":447,""t"":5886},{""x"":1120,""y"":501,""t"":5948},{""x"":1108,""y"":519,""t"":6011},{""x"":1005,""y"":482,""t"":6075},{""x"":965,""y"":523,""t"":6137},{""x"":947,""y"":519,""t"":6199},{""x"":1009,""y"":660,""t"":6260},{""x"":1012,""y"":748,""t"":6323},{""x"":983,""y"":823,""t"":6386}]",1,2.1798006623562532e-05,0.9999782019933765,wa_dn_b-last_b-longer,0
115-alternatives,0,9,exp_116,0.0,581.6999999880791,0.49,0.22,4.2,7.9,higher_p,higher_m,0,1,alternatives,0.0,False,2.058,1.738,0.3199999999999998,0.5866799156325714,0.4,0.6,0.5,0.5,1.0,0.0,higher_m,higher_p,True,"{""durations"":[1500,1000,1500,1000],""alternatives"":[1,0,1,0],""attributes"":[""all"",""all"",""all"",""all""]}","[{""x"":1148,""y"":478,""t"":0},{""x"":1101,""y"":410,""t"":135},{""x"":1071,""y"":393,""t"":209},{""x"":1012,""y"":329,""t"":271},{""x"":942,""y"":264,""t"":334},{""x"":880,""y"":238,""t"":394},{""x"":880,""y"":251,""t"":457},{""x"":844,""y"":250,""t"":520},{""x"":816,""y"":238,""t"":582},{""x"":872,""y"":259,""t"":644},{""x"":841,""y"":234,""t"":725},{""x"":813,""y"":214,""t"":788},{""x"":736,""y"":189,""t"":849},{""x"":787,""y"":241,""t"":913},{""x"":729,""y"":255,""t"":975},{""x"":696,""y"":271,""t"":1036},{""x"":603,""y"":233,""t"":1101},{""x"":615,""y"":249,""t"":1192},{""x"":628,""y"":254,""t"":1253},{""x"":646,""y"":262,""t"":1315},{""x"":648,""y"":267,""t"":1377},{""x"":650,""y"":242,""t"":1440},{""x"":651,""y"":214,""t"":1502},{""x"":572,""y"":144,""t"":1567},{""x"":645,""y"":144,""t"":1634},{""x"":549,""y"":88,""t"":1698},{""x"":489,""y"":31,""t"":1761},{""x"":505,""y"":5,""t"":1823},{""x"":753,""y"":56,""t"":1885},{""x"":960,""y"":159,""t"":1947},{""x"":1130,""y"":212,""t"":2010},{""x"":1366,""y"":231,""t"":2072},{""x"":1402,""y"":219,""t"":2137},{""x"":1526,""y"":214,""t"":2198},{""x"":1575,""y"":209,""t"":2260},{""x"":1579,""y"":258,""t"":2343},{""x"":1608,""y"":291,""t"":2422},{""x"":1626,""y"":326,""t"":2503},{""x"":1630,""y"":331,""t"":2565},{""x"":1694,""y"":329,""t"":2629},{""x"":1745,""y"":320,""t"":2692},{""x"":1740,""y"":310,""t"":2756},{""x"":1771,""y"":313,""t"":2817},{""x"":1749,""y"":315,""t"":2879},{""x"":1386,""y"":253,""t"":2978},{""x"":1044,""y"":176,""t"":3040},{""x"":933,""y"":163,""t"":3101},{""x"":790,""y"":154,""t"":3165},{""x"":679,""y"":125,""t"":3231},{""x"":676,""y"":124,""t"":3292},{""x"":676,""y"":130,""t"":3355},{""x"":701,""y"":124,""t"":3419},{""x"":596,""y"":82,""t"":3482},{""x"":631,""y"":91,""t"":3546},{""x"":628,""y"":153,""t"":3608},{""x"":589,""y"":153,""t"":3693},{""x"":535,""y"":196,""t"":3756},{""x"":445,""y"":182,""t"":3840},{""x"":398,""y"":143,""t"":3904},{""x"":460,""y"":183,""t"":3981},{""x"":453,""y"":202,""t"":4045},{""x"":465,""y"":227,""t"":4121},{""x"":486,""y"":233,""t"":4183},{""x"":600,""y"":291,""t"":4247},{""x"":830,""y"":363,""t"":4310},{""x"":1002,""y"":385,""t"":4372},{""x"":1114,""y"":420,""t"":4434},{""x"":1134,""y"":406,""t"":4496},{""x"":1221,""y"":397,""t"":4574},{""x"":1337,""y"":404,""t"":4635},{""x"":1405,""y"":419,""t"":4698},{""x"":1434,""y"":434,""t"":4761},{""x"":1520,""y"":400,""t"":4824},{""x"":1588,""y"":375,""t"":4886},{""x"":1646,""y"":350,""t"":4948},{""x"":1675,""y"":327,""t"":5011},{""x"":1640,""y"":256,""t"":5073},{""x"":1631,""y"":225,""t"":5137},{""x"":1613,""y"":181,""t"":5218},{""x"":1586,""y"":166,""t"":5281},{""x"":1530,""y"":117,""t"":5347},{""x"":1578,""y"":112,""t"":5409},{""x"":1566,""y"":113,""t"":5472},{""x"":1378,""y"":123,""t"":5548},{""x"":1239,""y"":128,""t"":5610},{""x"":1174,""y"":163,""t"":5673},{""x"":1070,""y"":178,""t"":5736},{""x"":1017,""y"":257,""t"":5798},{""x"":1135,""y"":261,""t"":5862},{""x"":1267,""y"":263,""t"":5928},{""x"":1399,""y"":262,""t"":5988},{""x"":1513,""y"":253,""t"":6049},{""x"":1551,""y"":271,""t"":6131},{""x"":1541,""y"":305,""t"":6192},{""x"":1448,""y"":504,""t"":6269},{""x"":1371,""y"":638,""t"":6346},{""x"":1359,""y"":657,""t"":6422}]",0,0.9860681707531379,0.013931829246862053,wa_dn_b-last_b-longer,0
115-alternatives,0,10,catch_6,1.0,673.8000000119209,0.23,0.59,1.9,2.7,dominated,dominant,1,1,alternatives,0.0,False,0.437,1.593,-1.156,-0.9325122869528244,0.5,0.5,0.5,0.5,,1.0,,dominant,True,"{""durations"":[1250,1250,1250,1250],""attributes"":[""all"",""all"",""all"",""all""],""alternatives"":[0,1,0,1]}","[{""x"":1091,""y"":434,""t"":0},{""x"":1091,""y"":422,""t"":76},{""x"":1072,""y"":403,""t"":190},{""x"":1114,""y"":393,""t"":252},{""x"":1118,""y"":376,""t"":315},{""x"":1153,""y"":379,""t"":378},{""x"":1158,""y"":373,""t"":441},{""x"":1174,""y"":350,""t"":502},{""x"":1261,""y"":322,""t"":564},{""x"":1407,""y"":357,""t"":626},{""x"":1461,""y"":347,""t"":687},{""x"":1525,""y"":349,""t"":750},{""x"":1575,""y"":354,""t"":815},{""x"":1599,""y"":358,""t"":877},{""x"":1607,""y"":351,""t"":939},{""x"":1623,""y"":322,""t"":1005},{""x"":1600,""y"":315,""t"":1067},{""x"":1606,""y"":333,""t"":1130},{""x"":1615,""y"":315,""t"":1191},{""x"":1620,""y"":315,""t"":1253},{""x"":1592,""y"":320,""t"":1316},{""x"":1556,""y"":300,""t"":1384},{""x"":1577,""y"":317,""t"":1446},{""x"":1580,""y"":320,""t"":1509},{""x"":1436,""y"":352,""t"":1572},{""x"":1238,""y"":379,""t"":1635},{""x"":1076,""y"":403,""t"":1715},{""x"":951,""y"":426,""t"":1778},{""x"":811,""y"":461,""t"":1842},{""x"":745,""y"":473,""t"":1903},{""x"":699,""y"":492,""t"":1966},{""x"":663,""y"":494,""t"":2028},{""x"":613,""y"":502,""t"":2091},{""x"":589,""y"":440,""t"":2173},{""x"":580,""y"":388,""t"":2236},{""x"":586,""y"":344,""t"":2298},{""x"":550,""y"":346,""t"":2361},{""x"":586,""y"":371,""t"":2424},{""x"":635,""y"":385,""t"":2486},{""x"":662,""y"":381,""t"":2547},{""x"":675,""y"":386,""t"":2611},{""x"":726,""y"":407,""t"":2676},{""x"":855,""y"":454,""t"":2760},{""x"":1034,""y"":455,""t"":2824},{""x"":1133,""y"":459,""t"":2886},{""x"":1269,""y"":478,""t"":2949},{""x"":1355,""y"":475,""t"":3013},{""x"":1473,""y"":491,""t"":3076},{""x"":1503,""y"":482,""t"":3156},{""x"":1575,""y"":498,""t"":3217},{""x"":1616,""y"":465,""t"":3279},{""x"":1693,""y"":431,""t"":3341},{""x"":1743,""y"":389,""t"":3404},{""x"":1784,""y"":346,""t"":3468},{""x"":1811,""y"":308,""t"":3533},{""x"":1773,""y"":268,""t"":3595},{""x"":1476,""y"":272,""t"":3659},{""x"":1268,""y"":240,""t"":3721},{""x"":1059,""y"":234,""t"":3783},{""x"":933,""y"":229,""t"":3844},{""x"":770,""y"":233,""t"":3907},{""x"":714,""y"":265,""t"":3968},{""x"":624,""y"":264,""t"":4031},{""x"":515,""y"":256,""t"":4111},{""x"":508,""y"":255,""t"":4174},{""x"":493,""y"":270,""t"":4236},{""x"":540,""y"":292,""t"":4302},{""x"":549,""y"":330,""t"":4364},{""x"":566,""y"":321,""t"":4425},{""x"":590,""y"":334,""t"":4489},{""x"":618,""y"":316,""t"":4551},{""x"":617,""y"":294,""t"":4613},{""x"":610,""y"":253,""t"":4674},{""x"":668,""y"":289,""t"":4737},{""x"":727,""y"":286,""t"":4799},{""x"":713,""y"":296,""t"":4862},{""x"":691,""y"":261,""t"":4925},{""x"":681,""y"":274,""t"":4986},{""x"":713,""y"":282,""t"":5048},{""x"":735,""y"":301,""t"":5111},{""x"":706,""y"":309,""t"":5173},{""x"":715,""y"":363,""t"":5235},{""x"":695,""y"":377,""t"":5298},{""x"":729,""y"":399,""t"":5361},{""x"":679,""y"":421,""t"":5426},{""x"":659,""y"":440,""t"":5489},{""x"":652,""y"":433,""t"":5552},{""x"":613,""y"":436,""t"":5614},{""x"":726,""y"":456,""t"":5679},{""x"":834,""y"":434,""t"":5741},{""x"":970,""y"":466,""t"":5806},{""x"":1031,""y"":474,""t"":5886},{""x"":1063,""y"":506,""t"":5967},{""x"":1058,""y"":469,""t"":6034},{""x"":1063,""y"":471,""t"":6100},{""x"":1124,""y"":460,""t"":6164},{""x"":1135,""y"":467,""t"":6226},{""x"":1155,""y"":445,""t"":6289},{""x"":1184,""y"":428,""t"":6351},{""x"":1127,""y"":404,""t"":6416},{""x"":1107,""y"":401,""t"":6492},{""x"":1014,""y"":392,""t"":6557}]",1,5.556514809678833e-10,0.9999999994443485,wa_dn_b-last_b-longer,0
115-alternatives,0,15,exp_64,0.0,559.0,0.72,0.51,4.2,5.2,higher_p,higher_m,0,1,alternatives,0.0,False,3.024,2.652,0.3719999999999999,0.64020159214642,0.6,0.4,0.5,0.5,0.0,1.0,higher_p,higher_m,True,"{""durations"":[1500,1000,1500,1000],""alternatives"":[0,1,0,1],""attributes"":[""all"",""all"",""all"",""all""]}","[{""x"":1058,""y"":388,""t"":0},{""x"":1113,""y"":393,""t"":119},{""x"":1098,""y"":368,""t"":209},{""x"":1115,""y"":373,""t"":270},{""x"":1037,""y"":342,""t"":332},{""x"":1049,""y"":361,""t"":394},{""x"":997,""y"":349,""t"":457},{""x"":1044,""y"":353,""t"":519},{""x"":987,""y"":413,""t"":580},{""x"":860,""y"":558,""t"":641},{""x"":706,""y"":631,""t"":703},{""x"":621,""y"":628,""t"":766},{""x"":606,""y"":593,""t"":828},{""x"":574,""y"":570,""t"":890},{""x"":595,""y"":572,""t"":953},{""x"":643,""y"":511,""t"":1014},{""x"":637,""y"":445,""t"":1076},{""x"":561,""y"":349,""t"":1138},{""x"":553,""y"":299,""t"":1199},{""x"":589,""y"":265,""t"":1261},{""x"":594,""y"":235,""t"":1324},{""x"":655,""y"":237,""t"":1387},{""x"":604,""y"":207,""t"":1450},{""x"":633,""y"":224,""t"":1513},{""x"":586,""y"":214,""t"":1576},{""x"":580,""y"":214,""t"":1646},{""x"":538,""y"":211,""t"":1709},{""x"":586,""y"":229,""t"":1770},{""x"":645,""y"":252,""t"":1834},{""x"":796,""y"":281,""t"":1895},{""x"":973,""y"":282,""t"":1957},{""x"":1123,""y"":285,""t"":2018},{""x"":1218,""y"":308,""t"":2080},{""x"":1377,""y"":303,""t"":2143},{""x"":1481,""y"":275,""t"":2230},{""x"":1570,""y"":242,""t"":2290},{""x"":1631,""y"":235,""t"":2352},{""x"":1729,""y"":213,""t"":2440},{""x"":1623,""y"":188,""t"":2502},{""x"":1598,""y"":151,""t"":2562},{""x"":1543,""y"":90,""t"":2627},{""x"":1489,""y"":90,""t"":2692},{""x"":1470,""y"":132,""t"":2756},{""x"":1505,""y"":152,""t"":2819},{""x"":1562,""y"":185,""t"":2882},{""x"":1376,""y"":209,""t"":2965},{""x"":1198,""y"":237,""t"":3045},{""x"":1036,""y"":214,""t"":3112},{""x"":967,""y"":188,""t"":3190},{""x"":898,""y"":157,""t"":3251},{""x"":809,""y"":117,""t"":3314},{""x"":747,""y"":97,""t"":3377},{""x"":643,""y"":59,""t"":3440},{""x"":567,""y"":54,""t"":3504},{""x"":510,""y"":52,""t"":3564},{""x"":498,""y"":77,""t"":3625},{""x"":425,""y"":104,""t"":3707},{""x"":330,""y"":128,""t"":3770},{""x"":271,""y"":134,""t"":3832},{""x"":288,""y"":156,""t"":3893},{""x"":346,""y"":216,""t"":3955},{""x"":430,""y"":270,""t"":4035},{""x"":453,""y"":282,""t"":4097},{""x"":502,""y"":308,""t"":4159},{""x"":604,""y"":345,""t"":4222},{""x"":701,""y"":373,""t"":4285},{""x"":770,""y"":410,""t"":4348},{""x"":853,""y"":445,""t"":4411},{""x"":905,""y"":469,""t"":4473},{""x"":936,""y"":487,""t"":4534},{""x"":931,""y"":503,""t"":4597},{""x"":918,""y"":479,""t"":4660},{""x"":1073,""y"":485,""t"":4723},{""x"":1190,""y"":466,""t"":4785},{""x"":1322,""y"":463,""t"":4846},{""x"":1419,""y"":457,""t"":4908},{""x"":1268,""y"":459,""t"":4969},{""x"":1207,""y"":494,""t"":5032},{""x"":1117,""y"":506,""t"":5094},{""x"":1082,""y"":534,""t"":5175},{""x"":1063,""y"":560,""t"":5252},{""x"":1004,""y"":548,""t"":5314},{""x"":979,""y"":539,""t"":5378},{""x"":944,""y"":515,""t"":5440},{""x"":982,""y"":526,""t"":5502},{""x"":1022,""y"":538,""t"":5564},{""x"":1051,""y"":531,""t"":5626},{""x"":1017,""y"":507,""t"":5688},{""x"":1037,""y"":489,""t"":5749},{""x"":1073,""y"":454,""t"":5811},{""x"":1122,""y"":417,""t"":5873},{""x"":1127,""y"":356,""t"":5934},{""x"":1143,""y"":349,""t"":5997},{""x"":1145,""y"":294,""t"":6060},{""x"":1151,""y"":239,""t"":6122},{""x"":1138,""y"":210,""t"":6184},{""x"":1131,""y"":189,""t"":6247},{""x"":1142,""y"":210,""t"":6308},{""x"":1111,""y"":225,""t"":6371}]",0,0.8995811575607712,0.10041884243922887,wa_dn_b-last_b-longer,0
115-alternatives,0,16,exp_58,1.0,634.5999999642372,0.41,0.21,1.7999999999999998,6.2,higher_p,higher_m,0,1,alternatives,0.0,False,0.7379999999999999,1.302,-0.5640000000000002,-0.3231885851028555,0.6,0.4,0.5,0.5,0.0,0.0,higher_p,higher_p,False,"{""durations"":[1000,1500,1000,1500],""alternatives"":[1,0,1,0],""attributes"":[""all"",""all"",""all"",""all""]}","[{""x"":1113,""y"":311,""t"":0},{""x"":1145,""y"":332,""t"":82},{""x"":1152,""y"":352,""t"":165},{""x"":1188,""y"":369,""t"":227},{""x"":1205,""y"":375,""t"":290},{""x"":1187,""y"":349,""t"":351},{""x"":1178,""y"":365,""t"":432},{""x"":1142,""y"":348,""t"":495},{""x"":1044,""y"":336,""t"":558},{""x"":1030,""y"":362,""t"":620},{""x"":962,""y"":362,""t"":682},{""x"":919,""y"":370,""t"":745},{""x"":878,""y"":370,""t"":825},{""x"":828,""y"":342,""t"":887},{""x"":801,""y"":295,""t"":949},{""x"":782,""y"":254,""t"":1011},{""x"":729,""y"":204,""t"":1073},{""x"":732,""y"":156,""t"":1145},{""x"":730,""y"":128,""t"":1208},{""x"":740,""y"":111,""t"":1269},{""x"":681,""y"":63,""t"":1332},{""x"":843,""y"":104,""t"":1394},{""x"":985,""y"":154,""t"":1457},{""x"":1136,""y"":193,""t"":1519},{""x"":1259,""y"":240,""t"":1581},{""x"":1358,""y"":254,""t"":1644},{""x"":1494,""y"":274,""t"":1724},{""x"":1605,""y"":297,""t"":1787},{""x"":1676,""y"":304,""t"":1849},{""x"":1692,""y"":298,""t"":1911},{""x"":1685,""y"":291,""t"":1975},{""x"":1813,""y"":283,""t"":2053},{""x"":1842,""y"":286,""t"":2116},{""x"":1802,""y"":282,""t"":2177},{""x"":1797,""y"":300,""t"":2256},{""x"":1777,""y"":295,""t"":2318},{""x"":1775,""y"":293,""t"":2382},{""x"":1754,""y"":298,""t"":2445},{""x"":1740,""y"":292,""t"":2507},{""x"":1720,""y"":326,""t"":2568},{""x"":1646,""y"":313,""t"":2630},{""x"":1696,""y"":337,""t"":2694},{""x"":1660,""y"":319,""t"":2796},{""x"":1529,""y"":322,""t"":2873},{""x"":1397,""y"":354,""t"":2937},{""x"":1241,""y"":344,""t"":3000},{""x"":1122,""y"":349,""t"":3061},{""x"":1024,""y"":359,""t"":3124},{""x"":924,""y"":356,""t"":3186},{""x"":859,""y"":361,""t"":3267},{""x"":796,""y"":356,""t"":3330},{""x"":712,""y"":356,""t"":3392},{""x"":658,""y"":292,""t"":3455},{""x"":675,""y"":265,""t"":3518},{""x"":694,""y"":235,""t"":3580},{""x"":719,""y"":194,""t"":3643},{""x"":704,""y"":158,""t"":3708},{""x"":826,""y"":127,""t"":3773},{""x"":937,""y"":125,""t"":3837},{""x"":1078,""y"":83,""t"":3898},{""x"":1221,""y"":97,""t"":3961},{""x"":1354,""y"":106,""t"":4023},{""x"":1385,""y"":55,""t"":4100},{""x"":1452,""y"":66,""t"":4168},{""x"":1517,""y"":103,""t"":4246},{""x"":1577,""y"":136,""t"":4309},{""x"":1643,""y"":156,""t"":4371},{""x"":1639,""y"":192,""t"":4432},{""x"":1657,""y"":409,""t"":4496},{""x"":1414,""y"":590,""t"":4556},{""x"":1237,""y"":589,""t"":4618},{""x"":1137,""y"":538,""t"":4682},{""x"":1069,""y"":487,""t"":4744},{""x"":979,""y"":419,""t"":4818},{""x"":950,""y"":370,""t"":4884},{""x"":851,""y"":286,""t"":4947},{""x"":833,""y"":224,""t"":5011},{""x"":858,""y"":200,""t"":5074},{""x"":880,""y"":194,""t"":5137},{""x"":944,""y"":200,""t"":5199},{""x"":888,""y"":111,""t"":5262},{""x"":795,""y"":45,""t"":5326},{""x"":712,""y"":-13,""t"":5391},{""x"":617,""y"":-66,""t"":5453},{""x"":518,""y"":-83,""t"":5516},{""x"":464,""y"":-88,""t"":5579},{""x"":447,""y"":-65,""t"":5643},{""x"":539,""y"":-26,""t"":5708},{""x"":573,""y"":3,""t"":5770},{""x"":619,""y"":12,""t"":5834},{""x"":655,""y"":46,""t"":5897},{""x"":628,""y"":94,""t"":5960},{""x"":617,""y"":95,""t"":6025},{""x"":647,""y"":138,""t"":6087},{""x"":645,""y"":125,""t"":6149},{""x"":759,""y"":168,""t"":6211},{""x"":821,""y"":212,""t"":6274},{""x"":843,""y"":194,""t"":6337},{""x"":943,""y"":224,""t"":6399},{""x"":1047,""y"":271,""t"":6462}]",1,0.004512277091564419,0.9954877229084357,wa_dn_b-last_b-longer,0
115-alternatives,0,19,exp_74,0.0,827.3000000119209,0.8,0.2,4.0,6.799999999999999,higher_p,higher_m,0,1,alternatives,0.0,False,3.2,1.36,1.8400000000000003,2.151159690652763,0.6,0.4,0.5,0.5,0.0,0.0,higher_p,higher_p,True,"{""durations"":[1000,1500,1000,1500],""alternatives"":[1,0,1,0],""attributes"":[""all"",""all"",""all"",""all""]}","[{""x"":710,""y"":-153,""t"":0},{""x"":765,""y"":-179,""t"":98},{""x"":816,""y"":-179,""t"":190},{""x"":832,""y"":-168,""t"":253},{""x"":847,""y"":-155,""t"":317},{""x"":912,""y"":-109,""t"":379},{""x"":939,""y"":-59,""t"":458},{""x"":1096,""y"":18,""t"":521},{""x"":1167,""y"":50,""t"":583},{""x"":1218,""y"":74,""t"":663},{""x"":1348,""y"":125,""t"":729},{""x"":1361,""y"":146,""t"":791},{""x"":1544,""y"":185,""t"":872},{""x"":1651,""y"":211,""t"":934},{""x"":1752,""y"":233,""t"":997},{""x"":1830,""y"":249,""t"":1059},{""x"":1782,""y"":220,""t"":1126},{""x"":1771,""y"":225,""t"":1189},{""x"":1790,""y"":208,""t"":1252},{""x"":1687,""y"":173,""t"":1314},{""x"":1694,""y"":155,""t"":1376},{""x"":1458,""y"":144,""t"":1439},{""x"":1397,""y"":182,""t"":1501},{""x"":1341,""y"":212,""t"":1565},{""x"":1268,""y"":245,""t"":1628},{""x"":1165,""y"":272,""t"":1690},{""x"":1102,""y"":285,""t"":1752},{""x"":941,""y"":250,""t"":1815},{""x"":880,""y"":225,""t"":1918},{""x"":912,""y"":224,""t"":1980},{""x"":890,""y"":219,""t"":2043},{""x"":842,""y"":172,""t"":2106},{""x"":802,""y"":133,""t"":2169},{""x"":773,""y"":100,""t"":2232},{""x"":844,""y"":116,""t"":2293},{""x"":1004,""y"":143,""t"":2358},{""x"":1193,""y"":191,""t"":2419},{""x"":1308,""y"":162,""t"":2482},{""x"":1511,""y"":204,""t"":2544},{""x"":1582,""y"":217,""t"":2606},{""x"":1714,""y"":249,""t"":2670},{""x"":1771,""y"":243,""t"":2749},{""x"":1723,""y"":238,""t"":2812},{""x"":1795,""y"":235,""t"":2875},{""x"":1808,""y"":252,""t"":2938},{""x"":1756,""y"":199,""t"":3000},{""x"":1691,""y"":131,""t"":3061},{""x"":1577,""y"":123,""t"":3125},{""x"":1620,""y"":138,""t"":3186},{""x"":1600,""y"":159,""t"":3247},{""x"":1599,""y"":180,""t"":3309},{""x"":1602,""y"":216,""t"":3371},{""x"":1640,""y"":241,""t"":3434},{""x"":1663,""y"":250,""t"":3514},{""x"":1681,""y"":254,""t"":3577},{""x"":1624,""y"":192,""t"":3639},{""x"":1620,""y"":166,""t"":3702},{""x"":1560,""y"":149,""t"":3766},{""x"":1571,""y"":120,""t"":3829},{""x"":1359,""y"":98,""t"":3892},{""x"":1250,""y"":100,""t"":3955},{""x"":1054,""y"":73,""t"":4017},{""x"":885,""y"":42,""t"":4079},{""x"":749,""y"":16,""t"":4159},{""x"":665,""y"":-13,""t"":4222},{""x"":563,""y"":7,""t"":4283},{""x"":636,""y"":70,""t"":4345},{""x"":604,""y"":91,""t"":4407},{""x"":661,""y"":143,""t"":4468},{""x"":713,""y"":208,""t"":4530},{""x"":713,""y"":221,""t"":4593},{""x"":660,""y"":224,""t"":4656},{""x"":624,""y"":199,""t"":4720},{""x"":683,""y"":243,""t"":4783},{""x"":736,""y"":270,""t"":4844},{""x"":775,""y"":273,""t"":4925},{""x"":820,""y"":261,""t"":4993},{""x"":765,""y"":228,""t"":5056},{""x"":776,""y"":168,""t"":5119},{""x"":772,""y"":112,""t"":5181},{""x"":825,""y"":78,""t"":5242},{""x"":928,""y"":60,""t"":5308},{""x"":952,""y"":13,""t"":5369},{""x"":947,""y"":-24,""t"":5430},{""x"":989,""y"":-45,""t"":5491},{""x"":1033,""y"":-75,""t"":5554},{""x"":1022,""y"":-88,""t"":5616},{""x"":1046,""y"":-85,""t"":5678},{""x"":1028,""y"":-69,""t"":5740},{""x"":1040,""y"":-76,""t"":5802},{""x"":1075,""y"":-38,""t"":5883},{""x"":1020,""y"":-6,""t"":5946},{""x"":1048,""y"":31,""t"":6008},{""x"":1019,""y"":32,""t"":6070},{""x"":978,""y"":42,""t"":6133},{""x"":1018,""y"":108,""t"":6195},{""x"":998,""y"":97,""t"":6256},{""x"":945,""y"":109,""t"":6319},{""x"":943,""y"":170,""t"":6398},{""x"":921,""y"":423,""t"":6458},{""x"":974,""y"":644,""t"":6520},{""x"":1093,""y"":744,""t"":6584}]",0,0.9999985182294878,1.4817705121864177e-06,wa_dn_b-last_b-longer,0
115-alternatives,0,20,exp_10,1.0,552.2000000476837,0.7,0.29,1.7999999999999998,5.0,higher_p,higher_m,0,1,alternatives,0.0,False,1.2599999999999998,1.45,-0.1900000000000001,0.0617557805929019,0.6,0.4,0.5,0.5,0.0,0.0,higher_p,higher_p,False,"{""durations"":[1000,1500,1000,1500],""alternatives"":[1,0,1,0],""attributes"":[""all"",""all"",""all"",""all""]}","[{""x"":1386,""y"":395,""t"":0},{""x"":1423,""y"":346,""t"":77},{""x"":1386,""y"":317,""t"":152},{""x"":1427,""y"":302,""t"":242},{""x"":1400,""y"":271,""t"":323},{""x"":1359,""y"":241,""t"":387},{""x"":1320,""y"":242,""t"":449},{""x"":1205,""y"":194,""t"":511},{""x"":1114,""y"":170,""t"":573},{""x"":1043,""y"":174,""t"":636},{""x"":991,""y"":190,""t"":698},{""x"":950,""y"":216,""t"":761},{""x"":946,""y"":236,""t"":822},{""x"":954,""y"":245,""t"":884},{""x"":965,""y"":252,""t"":946},{""x"":1002,""y"":265,""t"":1007},{""x"":973,""y"":259,""t"":1069},{""x"":947,""y"":232,""t"":1140},{""x"":889,""y"":227,""t"":1202},{""x"":879,""y"":194,""t"":1265},{""x"":933,""y"":192,""t"":1327},{""x"":1031,""y"":187,""t"":1389},{""x"":1052,""y"":157,""t"":1452},{""x"":1161,""y"":179,""t"":1515},{""x"":1289,""y"":212,""t"":1578},{""x"":1347,""y"":206,""t"":1640},{""x"":1388,""y"":202,""t"":1701},{""x"":1456,""y"":209,""t"":1763},{""x"":1520,""y"":222,""t"":1824},{""x"":1622,""y"":237,""t"":1886},{""x"":1658,""y"":261,""t"":1949},{""x"":1690,""y"":250,""t"":2013},{""x"":1703,""y"":229,""t"":2075},{""x"":1682,""y"":252,""t"":2137},{""x"":1716,""y"":246,""t"":2221},{""x"":1531,""y"":238,""t"":2283},{""x"":1342,""y"":189,""t"":2345},{""x"":1229,""y"":233,""t"":2406},{""x"":1117,""y"":210,""t"":2469},{""x"":1028,""y"":183,""t"":2533},{""x"":838,""y"":108,""t"":2593},{""x"":863,""y"":106,""t"":2654},{""x"":836,""y"":128,""t"":2718},{""x"":772,""y"":128,""t"":2795},{""x"":686,""y"":52,""t"":2857},{""x"":688,""y"":66,""t"":2918},{""x"":682,""y"":21,""t"":2995},{""x"":659,""y"":16,""t"":3058},{""x"":737,""y"":43,""t"":3120},{""x"":753,""y"":52,""t"":3183},{""x"":769,""y"":69,""t"":3245},{""x"":710,""y"":18,""t"":3307},{""x"":718,""y"":38,""t"":3385},{""x"":748,""y"":81,""t"":3448},{""x"":710,""y"":110,""t"":3528},{""x"":745,""y"":181,""t"":3590},{""x"":779,""y"":199,""t"":3654},{""x"":821,""y"":226,""t"":3719},{""x"":944,""y"":294,""t"":3783},{""x"":965,""y"":257,""t"":3846},{""x"":965,""y"":218,""t"":3907},{""x"":1082,""y"":227,""t"":3984},{""x"":1227,""y"":267,""t"":4045},{""x"":1365,""y"":305,""t"":4126},{""x"":1491,""y"":320,""t"":4188},{""x"":1516,""y"":340,""t"":4250},{""x"":1574,""y"":350,""t"":4312},{""x"":1674,""y"":338,""t"":4381},{""x"":1778,""y"":356,""t"":4443},{""x"":1847,""y"":341,""t"":4505},{""x"":1870,""y"":325,""t"":4566},{""x"":1899,""y"":327,""t"":4628},{""x"":1902,""y"":319,""t"":4690},{""x"":1905,""y"":298,""t"":4752},{""x"":1893,""y"":293,""t"":4814},{""x"":1848,""y"":270,""t"":4876},{""x"":1874,""y"":255,""t"":4938},{""x"":1775,""y"":208,""t"":5019},{""x"":1516,""y"":172,""t"":5080},{""x"":1368,""y"":118,""t"":5142},{""x"":1155,""y"":82,""t"":5203},{""x"":1029,""y"":60,""t"":5265},{""x"":850,""y"":59,""t"":5347},{""x"":732,""y"":73,""t"":5409},{""x"":509,""y"":39,""t"":5471},{""x"":409,""y"":17,""t"":5532},{""x"":361,""y"":18,""t"":5593},{""x"":280,""y"":2,""t"":5656},{""x"":295,""y"":-12,""t"":5739},{""x"":392,""y"":-6,""t"":5818},{""x"":412,""y"":3,""t"":5882},{""x"":453,""y"":24,""t"":5942},{""x"":562,""y"":35,""t"":6004},{""x"":666,""y"":51,""t"":6066},{""x"":785,""y"":72,""t"":6128},{""x"":776,""y"":286,""t"":6191},{""x"":784,""y"":472,""t"":6255},{""x"":887,""y"":606,""t"":6319}]",0,0.5738403331666121,0.4261596668333879,wa_dn_b-last_b-longer,0
115-alternatives,0,21,exp_96,0.0,632.7999999523163,0.58,0.38,4.9,6.9,higher_p,higher_m,0,1,alternatives,0.0,False,2.842,2.6220000000000003,0.2199999999999997,0.4837536146444008,0.6,0.4,0.5,0.5,0.0,1.0,higher_p,higher_m,True,"{""durations"":[1500,1000,1500,1000],""alternatives"":[0,1,0,1],""attributes"":[""all"",""all"",""all"",""all""]}","[{""x"":996,""y"":361,""t"":0},{""x"":991,""y"":320,""t"":74},{""x"":960,""y"":286,""t"":162},{""x"":915,""y"":229,""t"":227},{""x"":895,""y"":204,""t"":288},{""x"":862,""y"":180,""t"":349},{""x"":901,""y"":166,""t"":410},{""x"":865,""y"":148,""t"":472},{""x"":873,""y"":140,""t"":533},{""x"":857,""y"":163,""t"":596},{""x"":748,""y"":134,""t"":658},{""x"":608,""y"":104,""t"":721},{""x"":658,""y"":137,""t"":784},{""x"":681,""y"":179,""t"":846},{""x"":700,""y"":222,""t"":907},{""x"":691,""y"":199,""t"":987},{""x"":689,""y"":170,""t"":1050},{""x"":736,""y"":169,""t"":1130},{""x"":755,""y"":153,""t"":1192},{""x"":726,""y"":94,""t"":1254},{""x"":703,""y"":41,""t"":1316},{""x"":683,""y"":42,""t"":1376},{""x"":679,""y"":51,""t"":1437},{""x"":651,""y"":56,""t"":1500},{""x"":611,""y"":67,""t"":1565},{""x"":701,""y"":135,""t"":1636},{""x"":728,""y"":169,""t"":1698},{""x"":755,""y"":193,""t"":1760},{""x"":756,""y"":231,""t"":1823},{""x"":850,""y"":248,""t"":1886},{""x"":1035,""y"":241,""t"":1966},{""x"":1196,""y"":250,""t"":2029},{""x"":1326,""y"":260,""t"":2092},{""x"":1486,""y"":256,""t"":2155},{""x"":1626,""y"":231,""t"":2218},{""x"":1681,""y"":244,""t"":2280},{""x"":1732,""y"":242,""t"":2342},{""x"":1771,""y"":248,""t"":2429},{""x"":1839,""y"":239,""t"":2492},{""x"":1819,""y"":248,""t"":2554},{""x"":1773,""y"":247,""t"":2618},{""x"":1842,""y"":189,""t"":2721},{""x"":1778,""y"":121,""t"":2784},{""x"":1790,""y"":50,""t"":2846},{""x"":1676,""y"":-42,""t"":2927},{""x"":1449,""y"":-70,""t"":2995},{""x"":1247,""y"":-104,""t"":3069},{""x"":1006,""y"":-141,""t"":3132},{""x"":960,""y"":-141,""t"":3195},{""x"":808,""y"":-179,""t"":3258},{""x"":671,""y"":-183,""t"":3322},{""x"":528,""y"":-208,""t"":3384},{""x"":466,""y"":-223,""t"":3444},{""x"":412,""y"":-210,""t"":3505},{""x"":380,""y"":-170,""t"":3568},{""x"":359,""y"":-107,""t"":3647},{""x"":285,""y"":-83,""t"":3709},{""x"":360,""y"":-36,""t"":3771},{""x"":364,""y"":-20,""t"":3833},{""x"":362,""y"":2,""t"":3894},{""x"":423,""y"":15,""t"":3973},{""x"":464,""y"":28,""t"":4035},{""x"":510,""y"":28,""t"":4095},{""x"":547,""y"":43,""t"":4159},{""x"":576,""y"":36,""t"":4222},{""x"":594,""y"":41,""t"":4286},{""x"":595,""y"":31,""t"":4367},{""x"":628,""y"":17,""t"":4444},{""x"":703,""y"":32,""t"":4506},{""x"":718,""y"":-34,""t"":4578},{""x"":753,""y"":-18,""t"":4652},{""x"":910,""y"":13,""t"":4724},{""x"":1146,""y"":85,""t"":4788},{""x"":1271,""y"":100,""t"":4848},{""x"":1447,""y"":157,""t"":4915},{""x"":1599,""y"":209,""t"":4988},{""x"":1766,""y"":239,""t"":5050},{""x"":1765,""y"":227,""t"":5112},{""x"":1870,""y"":242,""t"":5174},{""x"":1878,""y"":276,""t"":5236},{""x"":1955,""y"":316,""t"":5298},{""x"":1955,""y"":351,""t"":5363},{""x"":1958,""y"":375,""t"":5425},{""x"":1824,""y"":370,""t"":5502},{""x"":1567,""y"":360,""t"":5584},{""x"":1365,""y"":351,""t"":5645},{""x"":1276,""y"":339,""t"":5725},{""x"":1241,""y"":343,""t"":5785},{""x"":1173,""y"":329,""t"":5847},{""x"":1134,""y"":334,""t"":5931},{""x"":1095,""y"":320,""t"":6000},{""x"":1068,""y"":307,""t"":6062},{""x"":1062,""y"":283,""t"":6123},{""x"":1046,""y"":290,""t"":6185},{""x"":1086,""y"":281,""t"":6246},{""x"":1096,""y"":302,""t"":6306},{""x"":1076,""y"":312,""t"":6368},{""x"":1065,""y"":329,""t"":6429}]",0,0.8234229514717331,0.17657704852826686,wa_dn_b-last_b-longer,0
115-alternatives,0,23,exp_20,1.0,567.1999999880791,0.28,0.17,4.3,8.3,higher_p,higher_m,0,1,alternatives,0.0,False,1.204,1.4110000000000005,-0.2070000000000003,0.0442583094249128,0.4,0.6,0.5,0.5,1.0,0.0,higher_m,higher_p,False,"{""durations"":[1500,1000,1500,1000],""alternatives"":[1,0,1,0],""attributes"":[""all"",""all"",""all"",""all""]}","[{""x"":1444,""y"":476,""t"":0},{""x"":1436,""y"":457,""t"":150},{""x"":1423,""y"":425,""t"":325},{""x"":1444,""y"":406,""t"":388},{""x"":1361,""y"":358,""t"":452},{""x"":1365,""y"":333,""t"":516},{""x"":1269,""y"":289,""t"":578},{""x"":1295,""y"":278,""t"":640},{""x"":1375,""y"":283,""t"":703},{""x"":1334,""y"":215,""t"":764},{""x"":1459,""y"":208,""t"":827},{""x"":1426,""y"":172,""t"":891},{""x"":1490,""y"":192,""t"":954},{""x"":1598,""y"":194,""t"":1018},{""x"":1644,""y"":144,""t"":1082},{""x"":1634,""y"":129,""t"":1145},{""x"":1646,""y"":99,""t"":1207},{""x"":1648,""y"":90,""t"":1268},{""x"":1660,""y"":112,""t"":1351},{""x"":1555,""y"":57,""t"":1413},{""x"":1490,""y"":34,""t"":1476},{""x"":1551,""y"":68,""t"":1539},{""x"":1611,""y"":95,""t"":1623},{""x"":1584,""y"":89,""t"":1689},{""x"":1595,""y"":147,""t"":1751},{""x"":1650,""y"":203,""t"":1815},{""x"":1663,""y"":221,""t"":1879},{""x"":1555,""y"":195,""t"":1942},{""x"":1474,""y"":196,""t"":2004},{""x"":1384,""y"":194,""t"":2067},{""x"":1219,""y"":186,""t"":2129},{""x"":1148,""y"":176,""t"":2191},{""x"":1106,""y"":183,""t"":2256},{""x"":1066,""y"":207,""t"":2319},{""x"":898,""y"":182,""t"":2383},{""x"":829,""y"":116,""t"":2446},{""x"":850,""y"":91,""t"":2527},{""x"":806,""y"":53,""t"":2589},{""x"":748,""y"":4,""t"":2652},{""x"":690,""y"":-27,""t"":2736},{""x"":643,""y"":-58,""t"":2805},{""x"":626,""y"":-67,""t"":2868},{""x"":625,""y"":-56,""t"":2931},{""x"":619,""y"":-47,""t"":2994},{""x"":618,""y"":-38,""t"":3056},{""x"":756,""y"":9,""t"":3117},{""x"":875,""y"":42,""t"":3179},{""x"":1039,""y"":82,""t"":3257},{""x"":1101,""y"":100,""t"":3322},{""x"":1184,""y"":118,""t"":3385},{""x"":1338,""y"":171,""t"":3447},{""x"":1431,""y"":205,""t"":3547},{""x"":1544,""y"":185,""t"":3609},{""x"":1608,""y"":178,""t"":3672},{""x"":1670,""y"":168,""t"":3735},{""x"":1714,""y"":146,""t"":3815},{""x"":1746,""y"":134,""t"":3878},{""x"":1794,""y"":141,""t"":3940},{""x"":1833,""y"":107,""t"":4021},{""x"":1829,""y"":89,""t"":4084},{""x"":1781,""y"":66,""t"":4147},{""x"":1806,""y"":46,""t"":4212},{""x"":1773,""y"":19,""t"":4292},{""x"":1690,""y"":-27,""t"":4356},{""x"":1708,""y"":-31,""t"":4440},{""x"":1688,""y"":-39,""t"":4505},{""x"":1630,""y"":-95,""t"":4565},{""x"":1589,""y"":-130,""t"":4627},{""x"":1446,""y"":-167,""t"":4689},{""x"":1270,""y"":-191,""t"":4752},{""x"":1180,""y"":-185,""t"":4833},{""x"":1041,""y"":-198,""t"":4896},{""x"":921,""y"":-198,""t"":4957},{""x"":807,""y"":-183,""t"":5019},{""x"":720,""y"":-165,""t"":5081},{""x"":672,""y"":-119,""t"":5144},{""x"":597,""y"":-69,""t"":5208},{""x"":564,""y"":-24,""t"":5270},{""x"":497,""y"":18,""t"":5332},{""x"":505,""y"":53,""t"":5397},{""x"":541,""y"":143,""t"":5460},{""x"":617,""y"":210,""t"":5525},{""x"":759,""y"":226,""t"":5587},{""x"":895,""y"":267,""t"":5650},{""x"":1088,""y"":266,""t"":5713},{""x"":1168,""y"":222,""t"":5775},{""x"":1194,""y"":168,""t"":5837},{""x"":1232,""y"":104,""t"":5898},{""x"":1214,""y"":57,""t"":5963},{""x"":1129,""y"":21,""t"":6028},{""x"":1106,""y"":-9,""t"":6092},{""x"":1079,""y"":-28,""t"":6154},{""x"":1065,""y"":-37,""t"":6217},{""x"":1072,""y"":-54,""t"":6279},{""x"":1129,""y"":-89,""t"":6359},{""x"":1063,""y"":-72,""t"":6421},{""x"":1001,""y"":-70,""t"":6482},{""x"":1013,""y"":-97,""t"":6546}]",0,0.2950225621747695,0.7049774378252305,wa_dn_b-last_b-longer,0
115-alternatives,0,24,exp_8,1.0,858.1999999880791,0.7,0.29,1.7999999999999998,5.0,higher_p,higher_m,0,1,alternatives,0.0,False,1.2599999999999998,1.45,-0.1900000000000001,0.0617557805929019,0.6,0.4,0.5,0.5,0.0,1.0,higher_p,higher_m,False,"{""durations"":[1500,1000,1500,1000],""alternatives"":[0,1,0,1],""attributes"":[""all"",""all"",""all"",""all""]}","[{""x"":986,""y"":-113,""t"":0},{""x"":953,""y"":-86,""t"":98},{""x"":996,""y"":-20,""t"":176},{""x"":968,""y"":-6,""t"":238},{""x"":937,""y"":11,""t"":300},{""x"":996,""y"":60,""t"":362},{""x"":968,""y"":53,""t"":425},{""x"":990,""y"":40,""t"":487},{""x"":1090,""y"":46,""t"":550},{""x"":1198,""y"":89,""t"":612},{""x"":1288,""y"":124,""t"":675},{""x"":1301,""y"":123,""t"":736},{""x"":1317,""y"":137,""t"":797},{""x"":1389,""y"":149,""t"":859},{""x"":1421,""y"":158,""t"":921},{""x"":1517,""y"":181,""t"":985},{""x"":1459,""y"":160,""t"":1048},{""x"":1536,""y"":157,""t"":1111},{""x"":1574,""y"":148,""t"":1173},{""x"":1585,""y"":149,""t"":1236},{""x"":1505,""y"":114,""t"":1299},{""x"":1543,""y"":110,""t"":1360},{""x"":1483,""y"":70,""t"":1421},{""x"":1416,""y"":41,""t"":1482},{""x"":1402,""y"":40,""t"":1545},{""x"":1460,""y"":88,""t"":1608},{""x"":1469,""y"":136,""t"":1679},{""x"":1544,""y"":165,""t"":1740},{""x"":1483,""y"":167,""t"":1803},{""x"":1392,""y"":209,""t"":1866},{""x"":1257,""y"":261,""t"":1928},{""x"":1153,""y"":293,""t"":1991},{""x"":1052,""y"":327,""t"":2053},{""x"":1007,""y"":352,""t"":2114},{""x"":971,""y"":359,""t"":2194},{""x"":977,""y"":344,""t"":2256},{""x"":988,""y"":330,""t"":2318},{""x"":883,""y"":240,""t"":2379},{""x"":790,""y"":164,""t"":2441},{""x"":703,""y"":104,""t"":2503},{""x"":630,""y"":54,""t"":2590},{""x"":587,""y"":2,""t"":2656},{""x"":552,""y"":-3,""t"":2721},{""x"":570,""y"":-52,""t"":2784},{""x"":620,""y"":-112,""t"":2846},{""x"":667,""y"":-133,""t"":2908},{""x"":820,""y"":-63,""t"":2986},{""x"":1029,""y"":45,""t"":3048},{""x"":1176,""y"":115,""t"":3111},{""x"":1337,""y"":140,""t"":3173},{""x"":1407,""y"":167,""t"":3251},{""x"":1522,""y"":161,""t"":3316},{""x"":1598,""y"":174,""t"":3382},{""x"":1655,""y"":149,""t"":3445},{""x"":1687,""y"":194,""t"":3519},{""x"":1629,""y"":183,""t"":3589},{""x"":1662,""y"":199,""t"":3652},{""x"":1631,""y"":180,""t"":3715},{""x"":1622,""y"":186,""t"":3777},{""x"":1653,""y"":214,""t"":3840},{""x"":1603,""y"":223,""t"":3904},{""x"":1560,""y"":200,""t"":3966},{""x"":1569,""y"":215,""t"":4027},{""x"":1592,""y"":242,""t"":4089},{""x"":1650,""y"":254,""t"":4151},{""x"":1641,""y"":286,""t"":4214},{""x"":1613,""y"":311,""t"":4280},{""x"":1629,""y"":335,""t"":4343},{""x"":1473,""y"":364,""t"":4406},{""x"":1181,""y"":317,""t"":4484},{""x"":1009,""y"":292,""t"":4557},{""x"":914,""y"":318,""t"":4620},{""x"":822,""y"":330,""t"":4683},{""x"":753,""y"":339,""t"":4746},{""x"":745,""y"":379,""t"":4831},{""x"":784,""y"":402,""t"":4897},{""x"":800,""y"":418,""t"":4960},{""x"":856,""y"":401,""t"":5023},{""x"":870,""y"":371,""t"":5086},{""x"":861,""y"":320,""t"":5148},{""x"":884,""y"":254,""t"":5214},{""x"":800,""y"":157,""t"":5277},{""x"":750,""y"":64,""t"":5343},{""x"":692,""y"":-15,""t"":5405},{""x"":691,""y"":-72,""t"":5466},{""x"":626,""y"":-122,""t"":5528},{""x"":702,""y"":-142,""t"":5608},{""x"":771,""y"":-146,""t"":5671},{""x"":838,""y"":-189,""t"":5732},{""x"":870,""y"":-201,""t"":5795},{""x"":904,""y"":-206,""t"":5856},{""x"":952,""y"":-195,""t"":5919},{""x"":962,""y"":-181,""t"":5982},{""x"":989,""y"":-146,""t"":6070},{""x"":960,""y"":-128,""t"":6135},{""x"":947,""y"":-121,""t"":6201},{""x"":911,""y"":-111,""t"":6290},{""x"":822,""y"":-115,""t"":6352},{""x"":734,""y"":-122,""t"":6413},{""x"":636,""y"":-108,""t"":6476},{""x"":651,""y"":-106,""t"":6539},{""x"":758,""y"":-60,""t"":6602},{""x"":796,""y"":170,""t"":6666}]",0,0.34328647550054003,0.65671352449946,wa_dn_b-last_b-longer,0
115-alternatives,0,26,exp_22,1.0,460.5,0.28,0.17,4.3,8.3,higher_p,higher_m,0,1,alternatives,0.0,False,1.204,1.4110000000000005,-0.2070000000000003,0.0442583094249128,0.4,0.6,0.5,0.5,1.0,1.0,higher_m,higher_m,False,"{""durations"":[1000,1500,1000,1500],""alternatives"":[0,1,0,1],""attributes"":[""all"",""all"",""all"",""all""]}","[{""x"":1181,""y"":246,""t"":0},{""x"":1194,""y"":246,""t"":77},{""x"":1146,""y"":210,""t"":174},{""x"":1112,""y"":185,""t"":237},{""x"":1160,""y"":191,""t"":301},{""x"":1104,""y"":153,""t"":362},{""x"":1152,""y"":168,""t"":424},{""x"":1192,""y"":142,""t"":488},{""x"":1191,""y"":126,""t"":551},{""x"":1228,""y"":148,""t"":615},{""x"":1327,""y"":179,""t"":678},{""x"":1380,""y"":201,""t"":741},{""x"":1389,""y"":187,""t"":804},{""x"":1478,""y"":194,""t"":886},{""x"":1558,""y"":211,""t"":949},{""x"":1596,""y"":214,""t"":1011},{""x"":1612,""y"":231,""t"":1075},{""x"":1545,""y"":193,""t"":1160},{""x"":1533,""y"":205,""t"":1229},{""x"":1473,""y"":211,""t"":1292},{""x"":1438,""y"":222,""t"":1387},{""x"":1398,""y"":248,""t"":1450},{""x"":1300,""y"":258,""t"":1512},{""x"":1188,""y"":280,""t"":1575},{""x"":1119,""y"":288,""t"":1638},{""x"":1091,""y"":302,""t"":1700},{""x"":1016,""y"":299,""t"":1764},{""x"":915,""y"":229,""t"":1844},{""x"":918,""y"":219,""t"":1907},{""x"":904,""y"":205,""t"":1970},{""x"":812,""y"":126,""t"":2034},{""x"":727,""y"":75,""t"":2115},{""x"":658,""y"":27,""t"":2178},{""x"":576,""y"":-22,""t"":2240},{""x"":513,""y"":-60,""t"":2303},{""x"":364,""y"":-124,""t"":2363},{""x"":366,""y"":-146,""t"":2424},{""x"":337,""y"":-165,""t"":2486},{""x"":439,""y"":-165,""t"":2550},{""x"":450,""y"":-146,""t"":2614},{""x"":529,""y"":-151,""t"":2678},{""x"":530,""y"":-129,""t"":2744},{""x"":558,""y"":-108,""t"":2806},{""x"":562,""y"":-62,""t"":2868},{""x"":735,""y"":-14,""t"":2931},{""x"":883,""y"":28,""t"":2993},{""x"":1019,""y"":68,""t"":3056},{""x"":1248,""y"":141,""t"":3136},{""x"":1392,""y"":205,""t"":3197},{""x"":1398,""y"":222,""t"":3258},{""x"":1490,""y"":207,""t"":3321},{""x"":1615,""y"":235,""t"":3384},{""x"":1633,""y"":164,""t"":3445},{""x"":1643,""y"":87,""t"":3507},{""x"":1630,""y"":19,""t"":3573},{""x"":1590,""y"":23,""t"":3636},{""x"":1576,""y"":2,""t"":3697},{""x"":1501,""y"":14,""t"":3762},{""x"":1466,""y"":33,""t"":3841},{""x"":1521,""y"":78,""t"":3905},{""x"":1512,""y"":79,""t"":3967},{""x"":1447,""y"":75,""t"":4029},{""x"":1260,""y"":84,""t"":4110},{""x"":1166,""y"":155,""t"":4173},{""x"":1101,""y"":210,""t"":4234},{""x"":971,""y"":151,""t"":4298},{""x"":840,""y"":124,""t"":4359},{""x"":763,""y"":87,""t"":4442},{""x"":803,""y"":99,""t"":4506},{""x"":682,""y"":41,""t"":4585},{""x"":639,""y"":-22,""t"":4646},{""x"":602,""y"":-86,""t"":4728},{""x"":529,""y"":-137,""t"":4793},{""x"":483,""y"":-204,""t"":4855},{""x"":469,""y"":-227,""t"":4939},{""x"":435,""y"":-266,""t"":5033},{""x"":423,""y"":-282,""t"":5095},{""x"":425,""y"":-318,""t"":5156},{""x"":423,""y"":-325,""t"":5220},{""x"":446,""y"":-342,""t"":5283},{""x"":479,""y"":-347,""t"":5363},{""x"":428,""y"":-359,""t"":5446},{""x"":401,""y"":-368,""t"":5510},{""x"":304,""y"":-373,""t"":5571},{""x"":400,""y"":-343,""t"":5634},{""x"":587,""y"":-278,""t"":5696},{""x"":674,""y"":-239,""t"":5760},{""x"":770,""y"":-170,""t"":5824},{""x"":764,""y"":-124,""t"":5887},{""x"":853,""y"":-112,""t"":5948},{""x"":897,""y"":-101,""t"":6011},{""x"":888,""y"":-113,""t"":6073},{""x"":910,""y"":-95,""t"":6138},{""x"":836,""y"":-27,""t"":6200},{""x"":869,""y"":260,""t"":6261},{""x"":960,""y"":499,""t"":6323}]",0,0.13975412043232585,0.8602458795676741,wa_dn_b-last_b-longer,0
115-alternatives,0,27,catch_0,1.0,501.3000000119209,0.19,0.72,2.0,3.0,dominated,dominant,1,1,alternatives,0.0,False,0.38,2.16,-1.7800000000000002,-1.5747724051190084,0.5,0.5,0.5,0.5,,1.0,,dominant,True,"{""durations"":[1250,1250,1250,1250],""attributes"":[""all"",""all"",""all"",""all""],""alternatives"":[0,1,0,1]}","[{""x"":886,""y"":266,""t"":0},{""x"":847,""y"":229,""t"":74},{""x"":853,""y"":144,""t"":171},{""x"":921,""y"":62,""t"":233},{""x"":980,""y"":-6,""t"":296},{""x"":1002,""y"":-31,""t"":357},{""x"":971,""y"":-54,""t"":419},{""x"":921,""y"":-56,""t"":482},{""x"":865,""y"":-59,""t"":543},{""x"":842,""y"":-32,""t"":606},{""x"":815,""y"":-10,""t"":668},{""x"":818,""y"":28,""t"":729},{""x"":668,""y"":42,""t"":792},{""x"":666,""y"":36,""t"":855},{""x"":643,""y"":28,""t"":919},{""x"":604,""y"":4,""t"":985},{""x"":569,""y"":-35,""t"":1061},{""x"":557,""y"":-26,""t"":1123},{""x"":580,""y"":19,""t"":1185},{""x"":590,""y"":90,""t"":1247},{""x"":572,""y"":130,""t"":1311},{""x"":526,""y"":116,""t"":1401},{""x"":635,""y"":180,""t"":1463},{""x"":723,""y"":237,""t"":1524},{""x"":764,""y"":255,""t"":1585},{""x"":868,""y"":281,""t"":1648},{""x"":1005,""y"":289,""t"":1731},{""x"":1168,""y"":302,""t"":1814},{""x"":1318,""y"":297,""t"":1876},{""x"":1477,""y"":308,""t"":1937},{""x"":1645,""y"":306,""t"":1999},{""x"":1807,""y"":322,""t"":2061},{""x"":1802,""y"":335,""t"":2121},{""x"":1833,""y"":351,""t"":2184},{""x"":1815,""y"":356,""t"":2247},{""x"":1746,""y"":319,""t"":2311},{""x"":1690,""y"":293,""t"":2374},{""x"":1609,""y"":187,""t"":2436},{""x"":1616,""y"":174,""t"":2498},{""x"":1671,""y"":147,""t"":2561},{""x"":1522,""y"":69,""t"":2625},{""x"":1376,""y"":-7,""t"":2691},{""x"":1336,""y"":-1,""t"":2761},{""x"":1232,""y"":-22,""t"":2843},{""x"":1227,""y"":-7,""t"":2906},{""x"":1145,""y"":16,""t"":2967},{""x"":904,""y"":-10,""t"":3029},{""x"":719,""y"":-47,""t"":3093},{""x"":533,""y"":-49,""t"":3170},{""x"":353,""y"":-40,""t"":3232},{""x"":355,""y"":39,""t"":3296},{""x"":293,""y"":71,""t"":3359},{""x"":321,""y"":142,""t"":3424},{""x"":272,""y"":152,""t"":3506},{""x"":320,""y"":199,""t"":3571},{""x"":402,""y"":242,""t"":3633},{""x"":371,""y"":216,""t"":3697},{""x"":339,""y"":177,""t"":3760},{""x"":277,""y"":127,""t"":3823},{""x"":319,""y"":121,""t"":3886},{""x"":340,""y"":59,""t"":3950},{""x"":305,""y"":53,""t"":4030},{""x"":424,""y"":75,""t"":4093},{""x"":380,""y"":41,""t"":4155},{""x"":467,""y"":25,""t"":4220},{""x"":588,""y"":2,""t"":4286},{""x"":744,""y"":41,""t"":4374},{""x"":864,""y"":48,""t"":4436},{""x"":1000,""y"":70,""t"":4499},{""x"":1097,""y"":91,""t"":4577},{""x"":1258,""y"":145,""t"":4640},{""x"":1389,""y"":159,""t"":4703},{""x"":1475,""y"":216,""t"":4765},{""x"":1586,""y"":204,""t"":4828},{""x"":1605,""y"":223,""t"":4890},{""x"":1597,""y"":212,""t"":4951},{""x"":1615,""y"":218,""t"":5013},{""x"":1682,""y"":214,""t"":5076},{""x"":1489,""y"":186,""t"":5470},{""x"":1290,""y"":214,""t"":5533},{""x"":1156,""y"":208,""t"":5598},{""x"":1104,""y"":223,""t"":5661},{""x"":972,""y"":201,""t"":5723},{""x"":824,""y"":179,""t"":5785},{""x"":873,""y"":190,""t"":5847},{""x"":939,""y"":211,""t"":5910},{""x"":942,""y"":252,""t"":5972},{""x"":927,""y"":465,""t"":6035},{""x"":913,""y"":540,""t"":6121},{""x"":996,""y"":517,""t"":6201},{""x"":1055,""y"":459,""t"":6264},{""x"":1158,""y"":443,""t"":6325},{""x"":1257,""y"":412,""t"":6388},{""x"":1268,""y"":564,""t"":6450},{""x"":1256,""y"":720,""t"":6513},{""x"":1251,""y"":834,""t"":6578}]",1,1.6064369422660538e-12,0.9999999999983935,wa_dn_b-last_b-longer,0
115-alternatives,0,28,exp_46,1.0,504.3000000119209,0.81,0.48,1.6999999999999995,7.9,higher_p,higher_m,0,1,alternatives,0.0,False,1.3769999999999998,3.792,-2.415,-2.2283544163938904,0.4,0.6,0.5,0.5,1.0,1.0,higher_m,higher_m,False,"{""durations"":[1000,1500,1000,1500],""alternatives"":[0,1,0,1],""attributes"":[""all"",""all"",""all"",""all""]}","[{""x"":1201,""y"":715,""t"":0},{""x"":1084,""y"":561,""t"":76},{""x"":1118,""y"":505,""t"":178},{""x"":975,""y"":421,""t"":830},{""x"":887,""y"":367,""t"":898},{""x"":811,""y"":262,""t"":962},{""x"":692,""y"":146,""t"":1025},{""x"":634,""y"":81,""t"":1088},{""x"":612,""y"":199,""t"":1161},{""x"":555,""y"":383,""t"":1224},{""x"":496,""y"":461,""t"":1286},{""x"":525,""y"":521,""t"":1348},{""x"":782,""y"":591,""t"":1413},{""x"":963,""y"":636,""t"":1475},{""x"":1189,""y"":570,""t"":1536},{""x"":1177,""y"":434,""t"":1597},{""x"":1247,""y"":300,""t"":1660},{""x"":1309,""y"":194,""t"":1722},{""x"":1357,""y"":150,""t"":1783},{""x"":1430,""y"":104,""t"":1846},{""x"":1432,""y"":31,""t"":1908},{""x"":1399,""y"":-80,""t"":1970},{""x"":1503,""y"":-35,""t"":2034},{""x"":1519,""y"":-14,""t"":2095},{""x"":1481,""y"":-28,""t"":2156},{""x"":1653,""y"":9,""t"":2219},{""x"":1666,""y"":149,""t"":2298},{""x"":1572,""y"":339,""t"":2360},{""x"":1590,""y"":431,""t"":2422},{""x"":1652,""y"":468,""t"":2485},{""x"":1750,""y"":483,""t"":2546},{""x"":1752,""y"":479,""t"":2607},{""x"":1750,""y"":456,""t"":2670},{""x"":1567,""y"":396,""t"":2732},{""x"":1438,""y"":367,""t"":2794},{""x"":1292,""y"":361,""t"":2856},{""x"":1201,""y"":366,""t"":2919},{""x"":1128,""y"":373,""t"":2984},{""x"":1037,""y"":371,""t"":3046},{""x"":972,""y"":383,""t"":3106},{""x"":898,""y"":399,""t"":3168},{""x"":818,""y"":380,""t"":3230},{""x"":802,""y"":351,""t"":3293},{""x"":705,""y"":300,""t"":3355},{""x"":738,""y"":282,""t"":3418},{""x"":747,""y"":326,""t"":3481},{""x"":793,""y"":348,""t"":3544},{""x"":796,""y"":428,""t"":3606},{""x"":838,""y"":596,""t"":3669},{""x"":908,""y"":555,""t"":3750},{""x"":1070,""y"":478,""t"":3834},{""x"":1094,""y"":306,""t"":3897},{""x"":1137,""y"":191,""t"":3958},{""x"":1159,""y"":91,""t"":4021},{""x"":1293,""y"":20,""t"":4084},{""x"":1299,""y"":-78,""t"":4148},{""x"":1229,""y"":-95,""t"":4228},{""x"":1280,""y"":-59,""t"":4354},{""x"":1306,""y"":-15,""t"":4435},{""x"":1276,""y"":5,""t"":4516},{""x"":1247,""y"":39,""t"":4579},{""x"":1294,""y"":110,""t"":4643},{""x"":1347,""y"":172,""t"":4706},{""x"":1371,""y"":224,""t"":4770},{""x"":1351,""y"":256,""t"":4834},{""x"":1365,""y"":263,""t"":4912},{""x"":1415,""y"":266,""t"":4975},{""x"":1363,""y"":256,""t"":5038},{""x"":1245,""y"":245,""t"":5101},{""x"":1169,""y"":213,""t"":5165},{""x"":1191,""y"":246,""t"":5226},{""x"":1153,""y"":254,""t"":5287},{""x"":1161,""y"":274,""t"":5349},{""x"":1120,""y"":252,""t"":5415},{""x"":1148,""y"":260,""t"":5479},{""x"":1204,""y"":269,""t"":5542},{""x"":1222,""y"":244,""t"":5604},{""x"":1156,""y"":267,""t"":5667},{""x"":1071,""y"":267,""t"":5729},{""x"":1001,""y"":256,""t"":5791},{""x"":922,""y"":213,""t"":5853},{""x"":943,""y"":215,""t"":5917},{""x"":982,""y"":193,""t"":5979},{""x"":1019,""y"":190,""t"":6042},{""x"":1116,""y"":213,""t"":6105},{""x"":1129,""y"":216,""t"":6168},{""x"":1173,""y"":238,""t"":6230},{""x"":1072,""y"":206,""t"":6293},{""x"":981,""y"":202,""t"":6356}]",1,8.461854027845968e-06,0.9999915381459721,wa_dn_b-last_b-longer,0
115-alternatives,0,35,exp_52,0.0,415.0,0.49,0.32,6.9,8.2,higher_p,higher_m,0,1,alternatives,0.0,False,3.381,2.624,0.7570000000000006,1.0364678509508771,0.4,0.6,0.5,0.5,1.0,0.0,higher_m,higher_p,True,"{""durations"":[1500,1000,1500,1000],""alternatives"":[1,0,1,0],""attributes"":[""all"",""all"",""all"",""all""]}","[{""x"":889,""y"":1,""t"":0},{""x"":885,""y"":-13,""t"":102},{""x"":883,""y"":-18,""t"":187},{""x"":870,""y"":-20,""t"":250},{""x"":877,""y"":-25,""t"":312},{""x"":890,""y"":-21,""t"":373},{""x"":858,""y"":7,""t"":434},{""x"":895,""y"":31,""t"":496},{""x"":949,""y"":65,""t"":559},{""x"":975,""y"":115,""t"":623},{""x"":1004,""y"":121,""t"":686},{""x"":1074,""y"":128,""t"":748},{""x"":1109,""y"":137,""t"":829},{""x"":1240,""y"":36,""t"":910},{""x"":1269,""y"":-32,""t"":974},{""x"":1273,""y"":-118,""t"":1037},{""x"":1268,""y"":-109,""t"":1100},{""x"":1259,""y"":-51,""t"":1164},{""x"":1226,""y"":-6,""t"":1225},{""x"":1208,""y"":43,""t"":1287},{""x"":1235,""y"":-4,""t"":1366},{""x"":1220,""y"":-67,""t"":1447},{""x"":1267,""y"":-120,""t"":1510},{""x"":1304,""y"":-156,""t"":1573},{""x"":1306,""y"":-195,""t"":1642},{""x"":1284,""y"":-211,""t"":1703},{""x"":1279,""y"":-248,""t"":1765},{""x"":1250,""y"":-255,""t"":1832},{""x"":1178,""y"":-307,""t"":1897},{""x"":949,""y"":-268,""t"":1960},{""x"":786,""y"":-243,""t"":2021},{""x"":610,""y"":-226,""t"":2082},{""x"":516,""y"":-158,""t"":2144},{""x"":486,""y"":-91,""t"":2206},{""x"":445,""y"":-43,""t"":2269},{""x"":389,""y"":-40,""t"":2332},{""x"":366,""y"":-28,""t"":2393},{""x"":327,""y"":-41,""t"":2455},{""x"":287,""y"":-68,""t"":2517},{""x"":180,""y"":-94,""t"":2578},{""x"":178,""y"":-89,""t"":2641},{""x"":179,""y"":-124,""t"":2704},{""x"":176,""y"":-156,""t"":2766},{""x"":157,""y"":-190,""t"":2828},{""x"":157,""y"":-231,""t"":2891},{""x"":426,""y"":-230,""t"":2954},{""x"":634,""y"":-220,""t"":3016},{""x"":811,""y"":-228,""t"":3078},{""x"":1011,""y"":-218,""t"":3142},{""x"":1135,""y"":-218,""t"":3207},{""x"":1215,""y"":-131,""t"":3305},{""x"":1246,""y"":-61,""t"":3369},{""x"":1263,""y"":10,""t"":3433},{""x"":1272,""y"":42,""t"":3497},{""x"":1250,""y"":73,""t"":3560},{""x"":1282,""y"":98,""t"":3622},{""x"":1281,""y"":103,""t"":3686},{""x"":1282,""y"":91,""t"":3749},{""x"":1113,""y"":94,""t"":3813},{""x"":1022,""y"":106,""t"":3875},{""x"":943,""y"":117,""t"":3935},{""x"":818,""y"":142,""t"":3998},{""x"":693,""y"":160,""t"":4060},{""x"":600,""y"":174,""t"":4122},{""x"":530,""y"":127,""t"":4187},{""x"":425,""y"":80,""t"":4252},{""x"":371,""y"":90,""t"":4313},{""x"":312,""y"":46,""t"":4375},{""x"":294,""y"":32,""t"":4456},{""x"":262,""y"":9,""t"":4518},{""x"":282,""y"":35,""t"":4580},{""x"":332,""y"":51,""t"":4643},{""x"":339,""y"":32,""t"":4706},{""x"":348,""y"":-10,""t"":4768},{""x"":305,""y"":-83,""t"":4830},{""x"":320,""y"":-140,""t"":4893},{""x"":304,""y"":-186,""t"":4955},{""x"":342,""y"":-213,""t"":5019},{""x"":320,""y"":-256,""t"":5083},{""x"":270,""y"":-298,""t"":5145},{""x"":272,""y"":-332,""t"":5209},{""x"":307,""y"":-360,""t"":5272},{""x"":329,""y"":-389,""t"":5337},{""x"":335,""y"":-397,""t"":5418},{""x"":339,""y"":-401,""t"":5480},{""x"":341,""y"":-394,""t"":5542},{""x"":470,""y"":-360,""t"":5605},{""x"":564,""y"":-324,""t"":5688},{""x"":647,""y"":-279,""t"":5769},{""x"":667,""y"":-290,""t"":5831},{""x"":701,""y"":-262,""t"":5893},{""x"":781,""y"":-242,""t"":5956},{""x"":855,""y"":-239,""t"":6036},{""x"":850,""y"":-221,""t"":6098},{""x"":831,""y"":-180,""t"":6161}]",0,0.9942122313848801,0.00578776861511988,wa_dn_b-last_b-longer,0
115-alternatives,0,36,exp_108,0.0,463.60000002384186,0.78,0.4,2.1,3.0,higher_p,higher_m,0,1,alternatives,0.0,False,1.638,1.2000000000000002,0.4379999999999999,0.7081329507986126,0.4,0.6,0.5,0.5,1.0,0.0,higher_m,higher_p,True,"{""durations"":[1500,1000,1500,1000],""alternatives"":[1,0,1,0],""attributes"":[""all"",""all"",""all"",""all""]}","[{""x"":802,""y"":-381,""t"":0},{""x"":779,""y"":-332,""t"":79},{""x"":796,""y"":-287,""t"":154},{""x"":845,""y"":-257,""t"":216},{""x"":853,""y"":-230,""t"":279},{""x"":840,""y"":-189,""t"":359},{""x"":894,""y"":-155,""t"":438},{""x"":925,""y"":-86,""t"":501},{""x"":981,""y"":-14,""t"":565},{""x"":983,""y"":32,""t"":627},{""x"":1046,""y"":82,""t"":689},{""x"":1129,""y"":117,""t"":768},{""x"":1205,""y"":135,""t"":830},{""x"":1252,""y"":127,""t"":891},{""x"":1262,""y"":109,""t"":954},{""x"":1308,""y"":78,""t"":1016},{""x"":1406,""y"":53,""t"":1079},{""x"":1472,""y"":34,""t"":1142},{""x"":1386,""y"":29,""t"":1205},{""x"":1389,""y"":-26,""t"":1285},{""x"":1423,""y"":-42,""t"":1348},{""x"":1432,""y"":-55,""t"":1411},{""x"":1447,""y"":-47,""t"":1478},{""x"":1423,""y"":-65,""t"":1558},{""x"":1433,""y"":-69,""t"":1622},{""x"":1364,""y"":-68,""t"":1690},{""x"":1338,""y"":-55,""t"":1753},{""x"":1281,""y"":-39,""t"":1816},{""x"":1138,""y"":-24,""t"":1879},{""x"":993,""y"":-15,""t"":1941},{""x"":816,""y"":15,""t"":2002},{""x"":703,""y"":72,""t"":2081},{""x"":580,""y"":79,""t"":2148},{""x"":473,""y"":70,""t"":2211},{""x"":392,""y"":61,""t"":2272},{""x"":354,""y"":36,""t"":2333},{""x"":316,""y"":-12,""t"":2395},{""x"":312,""y"":-61,""t"":2473},{""x"":262,""y"":-92,""t"":2535},{""x"":263,""y"":-122,""t"":2596},{""x"":326,""y"":-142,""t"":2657},{""x"":302,""y"":-179,""t"":2719},{""x"":387,""y"":-167,""t"":2802},{""x"":498,""y"":-182,""t"":2868},{""x"":601,""y"":-199,""t"":2931},{""x"":713,""y"":-206,""t"":3025},{""x"":872,""y"":-188,""t"":3106},{""x"":949,""y"":-206,""t"":3169},{""x"":1029,""y"":-218,""t"":3234},{""x"":1077,""y"":-232,""t"":3295},{""x"":1125,""y"":-242,""t"":3357},{""x"":1205,""y"":-265,""t"":3418},{""x"":1242,""y"":-273,""t"":3480},{""x"":1207,""y"":-304,""t"":3543},{""x"":1258,""y"":-308,""t"":3606},{""x"":1325,""y"":-317,""t"":3668},{""x"":1334,""y"":-335,""t"":3729},{""x"":1265,""y"":-332,""t"":3792},{""x"":1188,""y"":-326,""t"":3853},{""x"":1067,""y"":-338,""t"":3932},{""x"":985,""y"":-344,""t"":3993},{""x"":961,""y"":-326,""t"":4054},{""x"":890,""y"":-324,""t"":4116},{""x"":797,""y"":-281,""t"":4197},{""x"":662,""y"":-270,""t"":4278},{""x"":578,""y"":-253,""t"":4341},{""x"":476,""y"":-253,""t"":4424},{""x"":436,""y"":-252,""t"":4488},{""x"":409,""y"":-253,""t"":4550},{""x"":358,""y"":-264,""t"":4612},{""x"":383,""y"":-231,""t"":4675},{""x"":372,""y"":-224,""t"":4737},{""x"":370,""y"":-219,""t"":4801},{""x"":390,""y"":-208,""t"":4881},{""x"":351,""y"":-125,""t"":4943},{""x"":337,""y"":-35,""t"":5004},{""x"":325,""y"":25,""t"":5067},{""x"":350,""y"":59,""t"":5129},{""x"":402,""y"":111,""t"":5191},{""x"":444,""y"":145,""t"":5254},{""x"":479,""y"":168,""t"":5316},{""x"":510,""y"":199,""t"":5379},{""x"":491,""y"":210,""t"":5443},{""x"":529,""y"":214,""t"":5508},{""x"":559,""y"":211,""t"":5570},{""x"":592,""y"":197,""t"":5641},{""x"":590,""y"":196,""t"":5704},{""x"":665,""y"":170,""t"":5783},{""x"":750,""y"":147,""t"":5843},{""x"":796,""y"":130,""t"":5906},{""x"":814,""y"":118,""t"":5971},{""x"":851,""y"":88,""t"":6034},{""x"":909,""y"":44,""t"":6095},{""x"":907,""y"":35,""t"":6158},{""x"":901,""y"":29,""t"":6219},{""x"":922,""y"":138,""t"":6283},{""x"":812,""y"":287,""t"":6346},{""x"":768,""y"":458,""t"":6407}]",0,0.9980865936570145,0.001913406342985558,wa_dn_b-last_b-longer,0
115-alternatives,0,38,catch_4,1.0,520.3000000119209,0.19,0.31,4.0,7.3,dominated,dominant,1,1,alternatives,0.0,False,0.76,2.263,-1.503,-1.289666551381776,0.5,0.5,0.5,0.5,,1.0,,dominant,True,"{""durations"":[1250,1250,1250,1250],""attributes"":[""all"",""all"",""all"",""all""],""alternatives"":[0,1,0,1]}","[{""x"":824,""y"":275,""t"":0},{""x"":792,""y"":252,""t"":93},{""x"":692,""y"":175,""t"":186},{""x"":722,""y"":163,""t"":249},{""x"":575,""y"":88,""t"":310},{""x"":398,""y"":33,""t"":372},{""x"":355,""y"":0,""t"":435},{""x"":449,""y"":-18,""t"":497},{""x"":518,""y"":-39,""t"":560},{""x"":623,""y"":-14,""t"":623},{""x"":822,""y"":22,""t"":707},{""x"":1038,""y"":55,""t"":774},{""x"":1146,""y"":77,""t"":858},{""x"":1186,""y"":62,""t"":925},{""x"":1326,""y"":55,""t"":987},{""x"":1444,""y"":27,""t"":1049},{""x"":1480,""y"":-16,""t"":1112},{""x"":1572,""y"":-16,""t"":1193},{""x"":1668,""y"":2,""t"":1255},{""x"":1734,""y"":39,""t"":1318},{""x"":1785,""y"":96,""t"":1394},{""x"":1830,""y"":149,""t"":1458},{""x"":1802,""y"":179,""t"":1537},{""x"":1642,""y"":227,""t"":1611},{""x"":1450,""y"":270,""t"":1674},{""x"":1170,""y"":262,""t"":1736},{""x"":982,""y"":272,""t"":1798},{""x"":836,""y"":265,""t"":1861},{""x"":670,""y"":235,""t"":1924},{""x"":556,""y"":245,""t"":2006},{""x"":589,""y"":192,""t"":2069},{""x"":444,""y"":63,""t"":2133},{""x"":457,""y"":-3,""t"":2196},{""x"":400,""y"":-85,""t"":2256},{""x"":347,""y"":-177,""t"":2363},{""x"":315,""y"":-200,""t"":2425},{""x"":327,""y"":-222,""t"":2489},{""x"":213,""y"":-218,""t"":2551},{""x"":266,""y"":-166,""t"":2614},{""x"":276,""y"":-125,""t"":2677},{""x"":296,""y"":-102,""t"":2738},{""x"":252,""y"":-80,""t"":2818},{""x"":368,""y"":9,""t"":2881},{""x"":462,""y"":89,""t"":2943},{""x"":670,""y"":102,""t"":3003},{""x"":834,""y"":153,""t"":3066},{""x"":979,""y"":171,""t"":3128},{""x"":1176,""y"":203,""t"":3192},{""x"":1331,""y"":190,""t"":3255},{""x"":1500,""y"":143,""t"":3315},{""x"":1533,""y"":79,""t"":3377},{""x"":1556,""y"":71,""t"":3440},{""x"":1502,""y"":84,""t"":3519},{""x"":1484,""y"":216,""t"":3617},{""x"":1355,""y"":402,""t"":3679},{""x"":1201,""y"":549,""t"":3741},{""x"":1019,""y"":499,""t"":3803},{""x"":834,""y"":397,""t"":3866},{""x"":673,""y"":297,""t"":3948},{""x"":581,""y"":208,""t"":4016},{""x"":488,""y"":130,""t"":4079},{""x"":465,""y"":50,""t"":4142},{""x"":492,""y"":8,""t"":4205},{""x"":500,""y"":22,""t"":4268},{""x"":507,""y"":34,""t"":4329},{""x"":475,""y"":19,""t"":4391},{""x"":496,""y"":6,""t"":4453},{""x"":497,""y"":24,""t"":4516},{""x"":584,""y"":41,""t"":4578},{""x"":647,""y"":52,""t"":4639},{""x"":651,""y"":18,""t"":4702},{""x"":665,""y"":10,""t"":4781},{""x"":672,""y"":-16,""t"":4843},{""x"":715,""y"":-40,""t"":4931},{""x"":746,""y"":-42,""t"":4992},{""x"":762,""y"":-57,""t"":5053},{""x"":798,""y"":-84,""t"":5114},{""x"":822,""y"":-78,""t"":5177},{""x"":856,""y"":-110,""t"":5240},{""x"":865,""y"":-112,""t"":5324},{""x"":905,""y"":-124,""t"":5386},{""x"":819,""y"":-122,""t"":5448},{""x"":809,""y"":-113,""t"":5511},{""x"":864,""y"":-99,""t"":5573},{""x"":907,""y"":-83,""t"":5635},{""x"":971,""y"":-66,""t"":5699},{""x"":1025,""y"":-43,""t"":5761},{""x"":1036,""y"":-17,""t"":5823},{""x"":1001,""y"":4,""t"":5886},{""x"":986,""y"":14,""t"":5948},{""x"":969,""y"":10,""t"":6010},{""x"":978,""y"":-1,""t"":6073},{""x"":979,""y"":20,""t"":6135},{""x"":958,""y"":18,""t"":6200},{""x"":975,""y"":25,""t"":6262}]",1,1.4937068447385646e-08,0.9999999850629315,wa_dn_b-last_b-longer,0
115-alternatives,0,39,exp_26,0.0,586.8000000119209,0.3,0.17,2.0,3.0,higher_p,higher_m,0,1,alternatives,0.0,False,0.6,0.51,0.0899999999999999,0.3499494233597794,0.6,0.4,0.5,0.5,0.0,0.0,higher_p,higher_p,True,"{""durations"":[1000,1500,1000,1500],""alternatives"":[1,0,1,0],""attributes"":[""all"",""all"",""all"",""all""]}","[{""x"":1026,""y"":41,""t"":0},{""x"":1003,""y"":40,""t"":76},{""x"":980,""y"":46,""t"":162},{""x"":980,""y"":17,""t"":223},{""x"":979,""y"":14,""t"":285},{""x"":960,""y"":-12,""t"":347},{""x"":952,""y"":-17,""t"":424},{""x"":870,""y"":-17,""t"":487},{""x"":768,""y"":24,""t"":549},{""x"":652,""y"":52,""t"":611},{""x"":556,""y"":87,""t"":674},{""x"":511,""y"":96,""t"":736},{""x"":499,""y"":106,""t"":798},{""x"":514,""y"":98,""t"":874},{""x"":509,""y"":108,""t"":937},{""x"":540,""y"":97,""t"":1016},{""x"":523,""y"":63,""t"":1080},{""x"":515,""y"":44,""t"":1155},{""x"":549,""y"":34,""t"":1216},{""x"":581,""y"":25,""t"":1278},{""x"":606,""y"":26,""t"":1340},{""x"":659,""y"":37,""t"":1403},{""x"":803,""y"":52,""t"":1466},{""x"":912,""y"":74,""t"":1527},{""x"":1026,""y"":90,""t"":1589},{""x"":1111,""y"":95,""t"":1650},{""x"":1223,""y"":87,""t"":1712},{""x"":1280,""y"":95,""t"":1776},{""x"":1458,""y"":124,""t"":1840},{""x"":1487,""y"":111,""t"":1902},{""x"":1525,""y"":101,""t"":1964},{""x"":1538,""y"":52,""t"":2027},{""x"":1550,""y"":36,""t"":2091},{""x"":1547,""y"":37,""t"":2173},{""x"":1525,""y"":19,""t"":2236},{""x"":1483,""y"":42,""t"":2300},{""x"":1578,""y"":76,""t"":2363},{""x"":1453,""y"":47,""t"":2424},{""x"":1478,""y"":31,""t"":2487},{""x"":1436,""y"":7,""t"":2549},{""x"":1422,""y"":-7,""t"":2611},{""x"":1374,""y"":-37,""t"":2673},{""x"":1335,""y"":-54,""t"":2748},{""x"":1329,""y"":-51,""t"":2812},{""x"":1317,""y"":-62,""t"":2876},{""x"":1189,""y"":-42,""t"":2939},{""x"":1009,""y"":-14,""t"":3002},{""x"":887,""y"":-1,""t"":3064},{""x"":788,""y"":11,""t"":3125},{""x"":713,""y"":13,""t"":3186},{""x"":667,""y"":4,""t"":3248},{""x"":611,""y"":3,""t"":3329},{""x"":585,""y"":-11,""t"":3390},{""x"":577,""y"":-18,""t"":3451},{""x"":567,""y"":-23,""t"":3512},{""x"":529,""y"":-29,""t"":3574},{""x"":537,""y"":-32,""t"":3636},{""x"":523,""y"":-19,""t"":3700},{""x"":550,""y"":-24,""t"":3762},{""x"":573,""y"":-19,""t"":3826},{""x"":575,""y"":-17,""t"":3888},{""x"":597,""y"":-21,""t"":3949},{""x"":617,""y"":-39,""t"":4012},{""x"":827,""y"":-60,""t"":4075},{""x"":929,""y"":-89,""t"":4138},{""x"":1080,""y"":-91,""t"":4199},{""x"":1196,""y"":-102,""t"":4260},{""x"":1263,""y"":-109,""t"":4322},{""x"":1322,""y"":-107,""t"":4385},{""x"":1345,""y"":-81,""t"":4448},{""x"":1333,""y"":-50,""t"":4511},{""x"":1354,""y"":-14,""t"":4591},{""x"":1340,""y"":26,""t"":4654},{""x"":1323,""y"":55,""t"":4718},{""x"":1349,""y"":91,""t"":4783},{""x"":1385,""y"":118,""t"":4845},{""x"":1426,""y"":136,""t"":4906},{""x"":1423,""y"":154,""t"":4969},{""x"":1444,""y"":158,""t"":5032},{""x"":1441,""y"":147,""t"":5095},{""x"":1430,""y"":141,""t"":5158},{""x"":1357,""y"":136,""t"":5221},{""x"":1363,""y"":116,""t"":5284},{""x"":1335,""y"":103,""t"":5367},{""x"":1305,""y"":97,""t"":5450},{""x"":1280,""y"":88,""t"":5513},{""x"":1265,""y"":78,""t"":5576},{""x"":1209,""y"":82,""t"":5638},{""x"":1188,""y"":98,""t"":5700},{""x"":1040,""y"":100,""t"":5763},{""x"":952,""y"":105,""t"":5827},{""x"":886,""y"":93,""t"":5890},{""x"":856,""y"":92,""t"":5954},{""x"":810,""y"":82,""t"":6019},{""x"":900,""y"":101,""t"":6082},{""x"":959,""y"":100,""t"":6145},{""x"":964,""y"":85,""t"":6208},{""x"":986,""y"":101,""t"":6269},{""x"":975,""y"":66,""t"":6331},{""x"":997,""y"":87,""t"":6394},{""x"":1038,""y"":349,""t"":6455}]",0,0.9806880199858733,0.019311980014126574,wa_dn_b-last_b-longer,0
115-alternatives,0,40,exp_30,0.0,470.3000000119209,0.3,0.17,2.0,3.0,higher_p,higher_m,0,1,alternatives,0.0,False,0.6,0.51,0.0899999999999999,0.3499494233597794,0.4,0.6,0.5,0.5,1.0,1.0,higher_m,higher_m,True,"{""durations"":[1000,1500,1000,1500],""alternatives"":[0,1,0,1],""attributes"":[""all"",""all"",""all"",""all""]}","[{""x"":1022,""y"":135,""t"":0},{""x"":1013,""y"":120,""t"":82},{""x"":1053,""y"":102,""t"":153},{""x"":996,""y"":66,""t"":245},{""x"":960,""y"":44,""t"":307},{""x"":929,""y"":31,""t"":371},{""x"":818,""y"":33,""t"":434},{""x"":704,""y"":13,""t"":499},{""x"":605,""y"":7,""t"":562},{""x"":546,""y"":26,""t"":626},{""x"":545,""y"":43,""t"":690},{""x"":551,""y"":58,""t"":752},{""x"":545,""y"":70,""t"":832},{""x"":500,""y"":72,""t"":896},{""x"":487,""y"":74,""t"":960},{""x"":451,""y"":84,""t"":1023},{""x"":469,""y"":66,""t"":1087},{""x"":511,""y"":72,""t"":1158},{""x"":524,""y"":31,""t"":1223},{""x"":590,""y"":28,""t"":1286},{""x"":616,""y"":7,""t"":1367},{""x"":655,""y"":15,""t"":1430},{""x"":825,""y"":29,""t"":1492},{""x"":968,""y"":31,""t"":1553},{""x"":1093,""y"":26,""t"":1615},{""x"":1187,""y"":36,""t"":1677},{""x"":1230,""y"":38,""t"":1740},{""x"":1273,""y"":58,""t"":1803},{""x"":1350,""y"":22,""t"":1866},{""x"":1346,""y"":30,""t"":1928},{""x"":1335,""y"":37,""t"":1992},{""x"":1303,""y"":40,""t"":2052},{""x"":1338,""y"":25,""t"":2114},{""x"":1330,""y"":-12,""t"":2177},{""x"":1394,""y"":-71,""t"":2240},{""x"":1441,""y"":-86,""t"":2301},{""x"":1410,""y"":-148,""t"":2362},{""x"":1323,""y"":-172,""t"":2425},{""x"":1309,""y"":-169,""t"":2488},{""x"":1308,""y"":-156,""t"":2550},{""x"":1297,""y"":-202,""t"":2614},{""x"":1252,""y"":-217,""t"":2676},{""x"":1135,""y"":-214,""t"":2743},{""x"":1047,""y"":-188,""t"":2821},{""x"":977,""y"":-162,""t"":2885},{""x"":937,""y"":-150,""t"":2946},{""x"":878,""y"":-182,""t"":3028},{""x"":787,""y"":-187,""t"":3091},{""x"":705,""y"":-167,""t"":3158},{""x"":644,""y"":-156,""t"":3220},{""x"":563,""y"":-134,""t"":3281},{""x"":539,""y"":-90,""t"":3345},{""x"":514,""y"":-70,""t"":3444},{""x"":507,""y"":-52,""t"":3523},{""x"":500,""y"":-24,""t"":3586},{""x"":542,""y"":-6,""t"":3648},{""x"":556,""y"":2,""t"":3711},{""x"":562,""y"":-3,""t"":3773},{""x"":569,""y"":-19,""t"":3837},{""x"":588,""y"":-25,""t"":3917},{""x"":586,""y"":-38,""t"":3980},{""x"":766,""y"":-66,""t"":4043},{""x"":959,""y"":-26,""t"":4105},{""x"":1050,""y"":-38,""t"":4165},{""x"":1096,""y"":-63,""t"":4227},{""x"":1205,""y"":-87,""t"":4289},{""x"":1240,""y"":-103,""t"":4351},{""x"":1283,""y"":-121,""t"":4414},{""x"":1299,""y"":-83,""t"":4477},{""x"":1360,""y"":-50,""t"":4539},{""x"":1383,""y"":-23,""t"":4601},{""x"":1352,""y"":-4,""t"":4682},{""x"":1453,""y"":30,""t"":4745},{""x"":1396,""y"":42,""t"":4806},{""x"":1434,""y"":37,""t"":4867},{""x"":1384,""y"":64,""t"":4930},{""x"":1242,""y"":100,""t"":5019},{""x"":1081,""y"":89,""t"":5082},{""x"":959,""y"":97,""t"":5161},{""x"":881,""y"":92,""t"":5242},{""x"":803,""y"":87,""t"":5304},{""x"":769,""y"":98,""t"":5367},{""x"":678,""y"":109,""t"":5447},{""x"":627,""y"":123,""t"":5509},{""x"":584,""y"":120,""t"":5571},{""x"":567,""y"":101,""t"":5635},{""x"":600,""y"":73,""t"":5697},{""x"":603,""y"":47,""t"":5758},{""x"":660,""y"":48,""t"":5837},{""x"":674,""y"":56,""t"":5908},{""x"":697,""y"":53,""t"":5977},{""x"":720,""y"":61,""t"":6039},{""x"":753,""y"":51,""t"":6101},{""x"":781,""y"":43,""t"":6163},{""x"":860,""y"":187,""t"":6226},{""x"":834,""y"":325,""t"":6286},{""x"":688,""y"":414,""t"":6348}]",0,0.9517205384548288,0.048279461545171196,wa_dn_b-last_b-longer,0
115-alternatives,0,41,exp_50,0.0,499.8000000119209,0.49,0.32,6.9,8.2,higher_p,higher_m,0,1,alternatives,0.0,False,3.381,2.624,0.7570000000000006,1.0364678509508771,0.6,0.4,0.5,0.5,0.0,0.0,higher_p,higher_p,True,"{""durations"":[1000,1500,1000,1500],""alternatives"":[1,0,1,0],""attributes"":[""all"",""all"",""all"",""all""]}","[{""x"":949,""y"":29,""t"":0},{""x"":940,""y"":54,""t"":73},{""x"":956,""y"":16,""t"":169},{""x"":1001,""y"":-21,""t"":232},{""x"":965,""y"":-54,""t"":295},{""x"":943,""y"":-75,""t"":356},{""x"":866,""y"":-94,""t"":418},{""x"":838,""y"":-90,""t"":480},{""x"":778,""y"":-70,""t"":541},{""x"":744,""y"":-48,""t"":604},{""x"":700,""y"":-27,""t"":665},{""x"":773,""y"":-13,""t"":726},{""x"":755,""y"":4,""t"":788},{""x"":824,""y"":6,""t"":850},{""x"":793,""y"":-99,""t"":911},{""x"":865,""y"":-99,""t"":974},{""x"":900,""y"":-120,""t"":1036},{""x"":876,""y"":-128,""t"":1100},{""x"":885,""y"":-124,""t"":1169},{""x"":929,""y"":-92,""t"":1232},{""x"":860,""y"":-68,""t"":1294},{""x"":881,""y"":-23,""t"":1355},{""x"":937,""y"":-5,""t"":1415},{""x"":1044,""y"":36,""t"":1477},{""x"":1104,""y"":64,""t"":1538},{""x"":1225,""y"":96,""t"":1618},{""x"":1320,""y"":106,""t"":1679},{""x"":1447,""y"":74,""t"":1740},{""x"":1526,""y"":13,""t"":1801},{""x"":1560,""y"":-81,""t"":1864},{""x"":1585,""y"":-137,""t"":1926},{""x"":1496,""y"":-215,""t"":1989},{""x"":1479,""y"":-225,""t"":2050},{""x"":1467,""y"":-257,""t"":2111},{""x"":1459,""y"":-266,""t"":2172},{""x"":1409,""y"":-288,""t"":2253},{""x"":1417,""y"":-301,""t"":2315},{""x"":1367,""y"":-328,""t"":2375},{""x"":1389,""y"":-321,""t"":2437},{""x"":1355,""y"":-329,""t"":2498},{""x"":1393,""y"":-349,""t"":2560},{""x"":1424,""y"":-360,""t"":2626},{""x"":1425,""y"":-371,""t"":2691},{""x"":1407,""y"":-357,""t"":2756},{""x"":1357,""y"":-372,""t"":2819},{""x"":1342,""y"":-380,""t"":2881},{""x"":1292,""y"":-358,""t"":2943},{""x"":1285,""y"":-356,""t"":3004},{""x"":1082,""y"":-331,""t"":3066},{""x"":904,""y"":-358,""t"":3128},{""x"":788,""y"":-341,""t"":3190},{""x"":674,""y"":-262,""t"":3251},{""x"":539,""y"":-205,""t"":3314},{""x"":511,""y"":-140,""t"":3376},{""x"":512,""y"":-106,""t"":3438},{""x"":492,""y"":-56,""t"":3501},{""x"":528,""y"":-10,""t"":3563},{""x"":564,""y"":18,""t"":3625},{""x"":608,""y"":21,""t"":3704},{""x"":616,""y"":34,""t"":3766},{""x"":641,""y"":26,""t"":3830},{""x"":780,""y"":35,""t"":3911},{""x"":865,""y"":47,""t"":3973},{""x"":951,""y"":52,""t"":4034},{""x"":1058,""y"":-2,""t"":4097},{""x"":1176,""y"":-28,""t"":4158},{""x"":1250,""y"":-70,""t"":4221},{""x"":1311,""y"":-88,""t"":4282},{""x"":1372,""y"":-130,""t"":4345},{""x"":1455,""y"":-189,""t"":4408},{""x"":1495,""y"":-223,""t"":4486},{""x"":1469,""y"":-285,""t"":4549},{""x"":1474,""y"":-345,""t"":4612},{""x"":1450,""y"":-404,""t"":4674},{""x"":1427,""y"":-428,""t"":4736},{""x"":1357,""y"":-322,""t"":4796},{""x"":1356,""y"":-253,""t"":4860},{""x"":1354,""y"":-192,""t"":4921},{""x"":1361,""y"":-117,""t"":4982},{""x"":1319,""y"":-58,""t"":5043},{""x"":1299,""y"":-20,""t"":5104},{""x"":1291,""y"":14,""t"":5166},{""x"":1273,""y"":36,""t"":5228},{""x"":1272,""y"":47,""t"":5291},{""x"":1350,""y"":85,""t"":5354},{""x"":1334,""y"":85,""t"":5419},{""x"":1309,""y"":99,""t"":5481},{""x"":1279,""y"":112,""t"":5542},{""x"":1260,""y"":94,""t"":5604},{""x"":1296,""y"":62,""t"":5665},{""x"":1285,""y"":48,""t"":5730},{""x"":1256,""y"":16,""t"":5791},{""x"":1335,""y"":-11,""t"":5854},{""x"":1396,""y"":-35,""t"":5918},{""x"":1349,""y"":-60,""t"":5980},{""x"":1308,""y"":-108,""t"":6041},{""x"":1229,""y"":-147,""t"":6103},{""x"":1309,""y"":-133,""t"":6164},{""x"":1284,""y"":-174,""t"":6225},{""x"":1202,""y"":-46,""t"":6288},{""x"":1035,""y"":155,""t"":6350}]",0,0.9942124837948,0.005787516205200081,wa_dn_b-last_b-longer,0
115-alternatives,0,43,exp_80,1.0,455.0,0.61,0.29,2.2,8.1,higher_p,higher_m,0,1,alternatives,0.0,False,1.342,2.349,-1.0069999999999997,-0.7791520984804502,0.6,0.4,0.5,0.5,0.0,1.0,higher_p,higher_m,False,"{""durations"":[1500,1000,1500,1000],""alternatives"":[0,1,0,1],""attributes"":[""all"",""all"",""all"",""all""]}","[{""x"":1140,""y"":-5,""t"":0},{""x"":1101,""y"":-36,""t"":103},{""x"":1073,""y"":-62,""t"":185},{""x"":1080,""y"":-61,""t"":246},{""x"":1087,""y"":-58,""t"":308},{""x"":1068,""y"":-64,""t"":387},{""x"":1064,""y"":-63,""t"":453},{""x"":958,""y"":-28,""t"":515},{""x"":932,""y"":1,""t"":578},{""x"":882,""y"":0,""t"":639},{""x"":832,""y"":9,""t"":701},{""x"":805,""y"":40,""t"":779},{""x"":753,""y"":81,""t"":843},{""x"":749,""y"":118,""t"":907},{""x"":696,""y"":104,""t"":989},{""x"":673,""y"":95,""t"":1052},{""x"":654,""y"":56,""t"":1115},{""x"":661,""y"":18,""t"":1177},{""x"":660,""y"":5,""t"":1240},{""x"":652,""y"":-18,""t"":1302},{""x"":687,""y"":-38,""t"":1364},{""x"":685,""y"":-48,""t"":1427},{""x"":739,""y"":-48,""t"":1489},{""x"":865,""y"":-21,""t"":1551},{""x"":926,""y"":28,""t"":1614},{""x"":887,""y"":-9,""t"":1683},{""x"":850,""y"":-41,""t"":1747},{""x"":915,""y"":2,""t"":1808},{""x"":946,""y"":50,""t"":1870},{""x"":1047,""y"":60,""t"":1933},{""x"":1113,""y"":77,""t"":1996},{""x"":1206,""y"":88,""t"":2057},{""x"":1298,""y"":91,""t"":2119},{""x"":1300,""y"":103,""t"":2180},{""x"":1374,""y"":94,""t"":2243},{""x"":1408,""y"":82,""t"":2306},{""x"":1451,""y"":5,""t"":2369},{""x"":1432,""y"":-66,""t"":2432},{""x"":1410,""y"":-125,""t"":2494},{""x"":1393,""y"":-182,""t"":2556},{""x"":1400,""y"":-260,""t"":2619},{""x"":1371,""y"":-328,""t"":2700},{""x"":1351,""y"":-405,""t"":2764},{""x"":1373,""y"":-471,""t"":2826},{""x"":1377,""y"":-494,""t"":2889},{""x"":1365,""y"":-530,""t"":2951},{""x"":1232,""y"":-530,""t"":3012},{""x"":1121,""y"":-504,""t"":3075},{""x"":968,""y"":-463,""t"":3138},{""x"":884,""y"":-446,""t"":3200},{""x"":790,""y"":-436,""t"":3262},{""x"":680,""y"":-415,""t"":3326},{""x"":631,""y"":-402,""t"":3389},{""x"":615,""y"":-358,""t"":3451},{""x"":600,""y"":-305,""t"":3514},{""x"":608,""y"":-276,""t"":3577},{""x"":606,""y"":-232,""t"":3638},{""x"":626,""y"":-175,""t"":3700},{""x"":592,""y"":-127,""t"":3762},{""x"":656,""y"":-71,""t"":3824},{""x"":696,""y"":-54,""t"":3886},{""x"":698,""y"":-18,""t"":3950},{""x"":673,""y"":19,""t"":4013},{""x"":685,""y"":37,""t"":4092},{""x"":723,""y"":48,""t"":4153},{""x"":780,""y"":62,""t"":4240},{""x"":908,""y"":75,""t"":4307},{""x"":953,""y"":92,""t"":4400},{""x"":934,""y"":108,""t"":4463},{""x"":905,""y"":96,""t"":4525},{""x"":960,""y"":105,""t"":4586},{""x"":1035,""y"":122,""t"":4648},{""x"":1081,""y"":132,""t"":4709},{""x"":1158,""y"":141,""t"":4772},{""x"":1220,""y"":146,""t"":4834},{""x"":1311,""y"":129,""t"":4894},{""x"":1336,""y"":43,""t"":4957},{""x"":1410,""y"":-100,""t"":5038},{""x"":1453,""y"":-227,""t"":5099},{""x"":1462,""y"":-317,""t"":5161},{""x"":1460,""y"":-390,""t"":5223},{""x"":1442,""y"":-442,""t"":5284},{""x"":1420,""y"":-476,""t"":5359},{""x"":1396,""y"":-507,""t"":5423},{""x"":1345,""y"":-522,""t"":5487},{""x"":1340,""y"":-524,""t"":5549},{""x"":1320,""y"":-534,""t"":5611},{""x"":1235,""y"":-526,""t"":5675},{""x"":1237,""y"":-518,""t"":5738},{""x"":1190,""y"":-467,""t"":5799},{""x"":1090,""y"":-430,""t"":5879},{""x"":1081,""y"":-405,""t"":5940},{""x"":1080,""y"":-366,""t"":6002},{""x"":1058,""y"":-335,""t"":6063},{""x"":1047,""y"":-319,""t"":6127},{""x"":1059,""y"":-277,""t"":6211},{""x"":1109,""y"":-254,""t"":6272},{""x"":1208,""y"":-39,""t"":6333},{""x"":1170,""y"":176,""t"":6397}]",1,0.002735484269284813,0.9972645157307151,wa_dn_b-last_b-longer,0
115-alternatives,0,44,exp_104,0.0,766.1999999880791,0.78,0.4,2.1,3.0,higher_p,higher_m,0,1,alternatives,0.0,False,1.638,1.2000000000000002,0.4379999999999999,0.7081329507986126,0.6,0.4,0.5,0.5,0.0,1.0,higher_p,higher_m,True,"{""durations"":[1500,1000,1500,1000],""alternatives"":[0,1,0,1],""attributes"":[""all"",""all"",""all"",""all""]}","[{""x"":1283,""y"":36,""t"":0},{""x"":1232,""y"":24,""t"":80},{""x"":1164,""y"":2,""t"":197},{""x"":1123,""y"":10,""t"":261},{""x"":1153,""y"":-16,""t"":343},{""x"":1121,""y"":-35,""t"":424},{""x"":1034,""y"":-50,""t"":492},{""x"":942,""y"":-72,""t"":556},{""x"":850,""y"":-71,""t"":619},{""x"":654,""y"":-57,""t"":681},{""x"":525,""y"":-90,""t"":743},{""x"":319,""y"":-116,""t"":807},{""x"":178,""y"":-191,""t"":869},{""x"":30,""y"":-166,""t"":931},{""x"":-389,""y"":-161,""t"":993},{""x"":-704,""y"":-180,""t"":1054},{""x"":-900,""y"":-201,""t"":1115},{""x"":-1089,""y"":-208,""t"":1177},{""x"":-1165,""y"":-162,""t"":1241},{""x"":-1233,""y"":-145,""t"":1303},{""x"":-1171,""y"":-214,""t"":1365},{""x"":-1112,""y"":-200,""t"":1428},{""x"":-1038,""y"":-249,""t"":1491},{""x"":-892,""y"":-266,""t"":1553},{""x"":-786,""y"":-214,""t"":1614},{""x"":-654,""y"":-205,""t"":1681},{""x"":-642,""y"":-176,""t"":1742},{""x"":-578,""y"":-141,""t"":1803},{""x"":-445,""y"":-180,""t"":1866},{""x"":-340,""y"":-219,""t"":1928},{""x"":-73,""y"":-247,""t"":1991},{""x"":254,""y"":-269,""t"":2052},{""x"":523,""y"":-286,""t"":2113},{""x"":726,""y"":-294,""t"":2175},{""x"":935,""y"":-328,""t"":2237},{""x"":1067,""y"":-179,""t"":2300},{""x"":997,""y"":79,""t"":2361},{""x"":1082,""y"":275,""t"":2422},{""x"":1237,""y"":417,""t"":2483},{""x"":1384,""y"":584,""t"":2545},{""x"":1318,""y"":689,""t"":2608},{""x"":1374,""y"":755,""t"":2670},{""x"":1360,""y"":802,""t"":2751},{""x"":1220,""y"":798,""t"":2814},{""x"":1145,""y"":609,""t"":2877},{""x"":1126,""y"":365,""t"":2938},{""x"":1088,""y"":147,""t"":3000},{""x"":997,""y"":-42,""t"":3061},{""x"":1009,""y"":-189,""t"":3123},{""x"":814,""y"":-292,""t"":3184},{""x"":663,""y"":-367,""t"":3246},{""x"":551,""y"":-421,""t"":3308},{""x"":379,""y"":-456,""t"":3370},{""x"":428,""y"":-457,""t"":3432},{""x"":308,""y"":-437,""t"":3494},{""x"":357,""y"":-386,""t"":3556},{""x"":306,""y"":-366,""t"":3620},{""x"":236,""y"":-325,""t"":3681},{""x"":272,""y"":-278,""t"":3742},{""x"":336,""y"":-233,""t"":3804},{""x"":336,""y"":-245,""t"":3866},{""x"":382,""y"":-243,""t"":3928},{""x"":474,""y"":-227,""t"":3990},{""x"":532,""y"":-172,""t"":4052},{""x"":592,""y"":-111,""t"":4146},{""x"":650,""y"":-72,""t"":4209},{""x"":685,""y"":-62,""t"":4271},{""x"":707,""y"":-81,""t"":4351},{""x"":618,""y"":-116,""t"":4414},{""x"":577,""y"":-103,""t"":4492},{""x"":660,""y"":-130,""t"":4554},{""x"":727,""y"":-151,""t"":4615},{""x"":839,""y"":-139,""t"":4678},{""x"":945,""y"":-169,""t"":4741},{""x"":1030,""y"":-189,""t"":4803},{""x"":1085,""y"":-226,""t"":4867},{""x"":1151,""y"":-260,""t"":4943},{""x"":1167,""y"":-281,""t"":5004},{""x"":1144,""y"":-271,""t"":5066},{""x"":1123,""y"":-282,""t"":5128},{""x"":1099,""y"":-323,""t"":5189},{""x"":1055,""y"":-339,""t"":5250},{""x"":1010,""y"":-331,""t"":5331},{""x"":991,""y"":-346,""t"":5395},{""x"":969,""y"":-345,""t"":5476},{""x"":908,""y"":-350,""t"":5538},{""x"":896,""y"":-320,""t"":5598},{""x"":844,""y"":-311,""t"":5661},{""x"":745,""y"":-268,""t"":5722},{""x"":696,""y"":-257,""t"":5783},{""x"":700,""y"":-259,""t"":5844},{""x"":644,""y"":-219,""t"":5907},{""x"":588,""y"":49,""t"":5971},{""x"":526,""y"":198,""t"":6034},{""x"":492,""y"":332,""t"":6097},{""x"":463,""y"":269,""t"":6161},{""x"":429,""y"":247,""t"":6226},{""x"":357,""y"":236,""t"":6309},{""x"":352,""y"":169,""t"":6375},{""x"":519,""y"":221,""t"":6455},{""x"":542,""y"":383,""t"":6535},{""x"":571,""y"":387,""t"":6598}]",0,0.9950861869825595,0.0049138130174405815,wa_dn_b-last_b-longer,0
115-alternatives,0,48,exp_94,0.0,671.5,0.5,0.38,3.0,4.0,higher_p,higher_m,0,1,alternatives,0.0,False,1.5,1.52,-0.02,0.2367304922727919,0.4,0.6,0.5,0.5,1.0,1.0,higher_m,higher_m,True,"{""durations"":[1000,1500,1000,1500],""alternatives"":[0,1,0,1],""attributes"":[""all"",""all"",""all"",""all""]}","[{""x"":793,""y"":-20,""t"":0},{""x"":817,""y"":-73,""t"":121},{""x"":814,""y"":-107,""t"":224},{""x"":812,""y"":-165,""t"":286},{""x"":786,""y"":-156,""t"":349},{""x"":784,""y"":-177,""t"":410},{""x"":806,""y"":-161,""t"":473},{""x"":825,""y"":-187,""t"":553},{""x"":914,""y"":-155,""t"":615},{""x"":956,""y"":-131,""t"":678},{""x"":1040,""y"":-92,""t"":741},{""x"":1031,""y"":-72,""t"":806},{""x"":1105,""y"":-65,""t"":870},{""x"":1105,""y"":-51,""t"":933},{""x"":1054,""y"":-108,""t"":996},{""x"":1093,""y"":-81,""t"":1060},{""x"":1063,""y"":-123,""t"":1131},{""x"":1072,""y"":-131,""t"":1210},{""x"":1091,""y"":-140,""t"":1278},{""x"":1051,""y"":-161,""t"":1341},{""x"":1066,""y"":-177,""t"":1403},{""x"":1046,""y"":-195,""t"":1465},{""x"":996,""y"":-224,""t"":1528},{""x"":908,""y"":-211,""t"":1609},{""x"":752,""y"":-226,""t"":1691},{""x"":667,""y"":-235,""t"":1772},{""x"":616,""y"":-187,""t"":1859},{""x"":529,""y"":-138,""t"":1922},{""x"":500,""y"":-102,""t"":1983},{""x"":455,""y"":-49,""t"":2046},{""x"":396,""y"":-45,""t"":2110},{""x"":396,""y"":-32,""t"":2172},{""x"":339,""y"":-114,""t"":2236},{""x"":390,""y"":-86,""t"":2299},{""x"":393,""y"":-95,""t"":2360},{""x"":509,""y"":-82,""t"":2423},{""x"":481,""y"":-93,""t"":2486},{""x"":434,""y"":-93,""t"":2565},{""x"":460,""y"":-106,""t"":2629},{""x"":474,""y"":-91,""t"":2696},{""x"":488,""y"":-112,""t"":2758},{""x"":505,""y"":-101,""t"":2821},{""x"":556,""y"":-81,""t"":2883},{""x"":713,""y"":-84,""t"":2945},{""x"":825,""y"":-86,""t"":3008},{""x"":874,""y"":-74,""t"":3070},{""x"":956,""y"":-102,""t"":3134},{""x"":1071,""y"":-111,""t"":3196},{""x"":1125,""y"":-140,""t"":3258},{""x"":1171,""y"":-151,""t"":3320},{""x"":1240,""y"":-167,""t"":3382},{""x"":1221,""y"":-192,""t"":3443},{""x"":1245,""y"":-178,""t"":3505},{""x"":1147,""y"":-204,""t"":3568},{""x"":1200,""y"":-178,""t"":3630},{""x"":1182,""y"":-187,""t"":3695},{""x"":1183,""y"":-186,""t"":3760},{""x"":1175,""y"":-179,""t"":3823},{""x"":1195,""y"":-179,""t"":3886},{""x"":1154,""y"":-178,""t"":3948},{""x"":1117,""y"":-177,""t"":4012},{""x"":993,""y"":-172,""t"":4074},{""x"":961,""y"":-154,""t"":4136},{""x"":870,""y"":-141,""t"":4199},{""x"":760,""y"":-129,""t"":4260},{""x"":670,""y"":-124,""t"":4321},{""x"":543,""y"":-138,""t"":4383},{""x"":500,""y"":-122,""t"":4446},{""x"":465,""y"":-134,""t"":4509},{""x"":479,""y"":-141,""t"":4571},{""x"":460,""y"":-134,""t"":4632},{""x"":449,""y"":-141,""t"":4694},{""x"":476,""y"":-110,""t"":4754},{""x"":539,""y"":-63,""t"":4816},{""x"":480,""y"":-57,""t"":4877},{""x"":495,""y"":-44,""t"":4940},{""x"":483,""y"":-40,""t"":5003},{""x"":519,""y"":-35,""t"":5066},{""x"":515,""y"":-21,""t"":5129},{""x"":691,""y"":-1,""t"":5191},{""x"":819,""y"":4,""t"":5255},{""x"":946,""y"":13,""t"":5319},{""x"":954,""y"":26,""t"":5397},{""x"":956,""y"":36,""t"":5457},{""x"":1024,""y"":46,""t"":5518},{""x"":1069,""y"":43,""t"":5580},{""x"":1032,""y"":16,""t"":5642},{""x"":1074,""y"":7,""t"":5702},{""x"":1097,""y"":-15,""t"":5781},{""x"":1123,""y"":-17,""t"":5864},{""x"":1145,""y"":-18,""t"":5926},{""x"":1174,""y"":-30,""t"":5990},{""x"":1167,""y"":-54,""t"":6052},{""x"":1093,""y"":-62,""t"":6129},{""x"":1067,""y"":-58,""t"":6191},{""x"":1058,""y"":-48,""t"":6252},{""x"":932,""y"":-26,""t"":6315},{""x"":883,""y"":114,""t"":6378},{""x"":969,""y"":177,""t"":6441}]",0,0.46180943826326903,0.538190561736731,wa_dn_b-last_b-longer,0
115-alternatives,0,49,exp_18,0.0,856.1000000238419,0.28,0.17,4.3,8.3,higher_p,higher_m,0,1,alternatives,0.0,False,1.204,1.4110000000000005,-0.2070000000000003,0.0442583094249128,0.6,0.4,0.5,0.5,0.0,0.0,higher_p,higher_p,True,"{""durations"":[1000,1500,1000,1500],""alternatives"":[1,0,1,0],""attributes"":[""all"",""all"",""all"",""all""]}","[{""x"":1019,""y"":-228,""t"":0},{""x"":854,""y"":-246,""t"":72},{""x"":760,""y"":-268,""t"":144},{""x"":694,""y"":-279,""t"":207},{""x"":633,""y"":-284,""t"":270},{""x"":587,""y"":-257,""t"":331},{""x"":602,""y"":-223,""t"":392},{""x"":594,""y"":-215,""t"":453},{""x"":727,""y"":-173,""t"":516},{""x"":782,""y"":-202,""t"":578},{""x"":795,""y"":-185,""t"":641},{""x"":823,""y"":-205,""t"":703},{""x"":883,""y"":-244,""t"":766},{""x"":1005,""y"":-301,""t"":829},{""x"":1092,""y"":-339,""t"":890},{""x"":1097,""y"":-347,""t"":949},{""x"":1140,""y"":-295,""t"":1011},{""x"":1134,""y"":-293,""t"":1074},{""x"":1182,""y"":-255,""t"":1142},{""x"":1219,""y"":-227,""t"":1204},{""x"":1164,""y"":-251,""t"":1266},{""x"":1195,""y"":-280,""t"":1329},{""x"":1037,""y"":-267,""t"":1391},{""x"":895,""y"":-236,""t"":1453},{""x"":732,""y"":-282,""t"":1535},{""x"":621,""y"":-265,""t"":1597},{""x"":490,""y"":-278,""t"":1658},{""x"":370,""y"":-328,""t"":1722},{""x"":308,""y"":-340,""t"":1785},{""x"":200,""y"":-377,""t"":1848},{""x"":201,""y"":-405,""t"":1908},{""x"":178,""y"":-409,""t"":1970},{""x"":222,""y"":-409,""t"":2031},{""x"":293,""y"":-430,""t"":2093},{""x"":309,""y"":-459,""t"":2158},{""x"":278,""y"":-422,""t"":2221},{""x"":341,""y"":-329,""t"":2283},{""x"":227,""y"":-348,""t"":2345},{""x"":171,""y"":-321,""t"":2429},{""x"":251,""y"":-247,""t"":2497},{""x"":325,""y"":-181,""t"":2570},{""x"":354,""y"":-135,""t"":2634},{""x"":508,""y"":-62,""t"":2708},{""x"":599,""y"":-3,""t"":2775},{""x"":818,""y"":22,""t"":2837},{""x"":1004,""y"":57,""t"":2899},{""x"":1147,""y"":108,""t"":2967},{""x"":1225,""y"":99,""t"":3031},{""x"":1299,""y"":108,""t"":3093},{""x"":1348,""y"":84,""t"":3157},{""x"":1443,""y"":70,""t"":3220},{""x"":1272,""y"":332,""t"":3283},{""x"":1176,""y"":486,""t"":3345},{""x"":1171,""y"":485,""t"":3407},{""x"":1164,""y"":469,""t"":3469},{""x"":1184,""y"":379,""t"":3530},{""x"":1252,""y"":297,""t"":3594},{""x"":1271,""y"":176,""t"":3657},{""x"":1265,""y"":3,""t"":3722},{""x"":1323,""y"":-102,""t"":3789},{""x"":1298,""y"":-196,""t"":3875},{""x"":1223,""y"":-310,""t"":3938},{""x"":1031,""y"":-292,""t"":4000},{""x"":968,""y"":-274,""t"":4063},{""x"":861,""y"":-252,""t"":4126},{""x"":733,""y"":-270,""t"":4188},{""x"":663,""y"":-281,""t"":4269},{""x"":549,""y"":-296,""t"":4331},{""x"":479,""y"":-315,""t"":4395},{""x"":411,""y"":-360,""t"":4457},{""x"":307,""y"":-387,""t"":4518},{""x"":204,""y"":-383,""t"":4579},{""x"":168,""y"":-419,""t"":4641},{""x"":164,""y"":-407,""t"":4702},{""x"":162,""y"":-368,""t"":4765},{""x"":192,""y"":-293,""t"":4854},{""x"":91,""y"":-308,""t"":4936},{""x"":93,""y"":-254,""t"":4998},{""x"":119,""y"":-231,""t"":5076},{""x"":122,""y"":-174,""t"":5157},{""x"":207,""y"":-144,""t"":5224},{""x"":367,""y"":-84,""t"":5287},{""x"":510,""y"":-58,""t"":5371},{""x"":600,""y"":-51,""t"":5451},{""x"":748,""y"":-52,""t"":5518},{""x"":893,""y"":-57,""t"":5580},{""x"":1069,""y"":-76,""t"":5648},{""x"":1195,""y"":-46,""t"":5710},{""x"":1207,""y"":131,""t"":5794},{""x"":1033,""y"":332,""t"":5859},{""x"":1004,""y"":392,""t"":5923},{""x"":1018,""y"":392,""t"":6001},{""x"":1038,""y"":369,""t"":6079},{""x"":1038,""y"":328,""t"":6142},{""x"":940,""y"":247,""t"":6220},{""x"":911,""y"":211,""t"":6280},{""x"":1004,""y"":186,""t"":6342},{""x"":1097,""y"":141,""t"":6405},{""x"":1006,""y"":200,""t"":6468},{""x"":917,""y"":383,""t"":6557},{""x"":988,""y"":537,""t"":6636}]",0,0.2950316856421786,0.7049683143578214,wa_dn_b-last_b-longer,0
115-alternatives,0,51,exp_84,1.0,1023.5,0.61,0.29,2.2,8.1,higher_p,higher_m,0,1,alternatives,0.0,False,1.342,2.349,-1.0069999999999997,-0.7791520984804502,0.4,0.6,0.5,0.5,1.0,0.0,higher_m,higher_p,False,"{""durations"":[1500,1000,1500,1000],""alternatives"":[1,0,1,0],""attributes"":[""all"",""all"",""all"",""all""]}","[{""x"":982,""y"":-112,""t"":0},{""x"":1005,""y"":-138,""t"":76},{""x"":1012,""y"":-161,""t"":152},{""x"":862,""y"":-147,""t"":213},{""x"":818,""y"":-154,""t"":275},{""x"":654,""y"":-181,""t"":338},{""x"":638,""y"":-197,""t"":399},{""x"":664,""y"":-187,""t"":473},{""x"":539,""y"":-180,""t"":562},{""x"":350,""y"":-147,""t"":624},{""x"":345,""y"":-116,""t"":702},{""x"":294,""y"":-92,""t"":766},{""x"":191,""y"":-125,""t"":842},{""x"":168,""y"":-124,""t"":903},{""x"":168,""y"":-162,""t"":964},{""x"":249,""y"":-239,""t"":1027},{""x"":268,""y"":-299,""t"":1089},{""x"":214,""y"":-299,""t"":1169},{""x"":215,""y"":-255,""t"":1230},{""x"":267,""y"":-308,""t"":1291},{""x"":355,""y"":-313,""t"":1352},{""x"":352,""y"":-305,""t"":1414},{""x"":502,""y"":-204,""t"":1476},{""x"":539,""y"":-138,""t"":1538},{""x"":561,""y"":-83,""t"":1600},{""x"":520,""y"":-101,""t"":1669},{""x"":442,""y"":-75,""t"":1730},{""x"":459,""y"":-82,""t"":1792},{""x"":434,""y"":-66,""t"":1856},{""x"":441,""y"":-36,""t"":1916},{""x"":602,""y"":-21,""t"":1978},{""x"":729,""y"":9,""t"":2040},{""x"":816,""y"":47,""t"":2103},{""x"":897,""y"":38,""t"":2165},{""x"":1030,""y"":26,""t"":2228},{""x"":1126,""y"":40,""t"":2290},{""x"":1239,""y"":26,""t"":2368},{""x"":1280,""y"":13,""t"":2432},{""x"":1388,""y"":28,""t"":2497},{""x"":1372,""y"":22,""t"":2559},{""x"":1387,""y"":0,""t"":2620},{""x"":1410,""y"":-53,""t"":2700},{""x"":1471,""y"":-104,""t"":2767},{""x"":1478,""y"":-133,""t"":2829},{""x"":1408,""y"":-128,""t"":2890},{""x"":1238,""y"":-156,""t"":2971},{""x"":1103,""y"":-183,""t"":3032},{""x"":963,""y"":-201,""t"":3093},{""x"":643,""y"":-243,""t"":3155},{""x"":601,""y"":-223,""t"":3234},{""x"":504,""y"":-166,""t"":3314},{""x"":450,""y"":-114,""t"":3376},{""x"":368,""y"":-85,""t"":3439},{""x"":306,""y"":-92,""t"":3501},{""x"":257,""y"":-139,""t"":3562},{""x"":238,""y"":-170,""t"":3624},{""x"":236,""y"":-190,""t"":3705},{""x"":296,""y"":-226,""t"":3767},{""x"":333,""y"":-223,""t"":3829},{""x"":386,""y"":-248,""t"":3889},{""x"":471,""y"":-265,""t"":3952},{""x"":493,""y"":-268,""t"":4015},{""x"":445,""y"":-243,""t"":4076},{""x"":534,""y"":-214,""t"":4138},{""x"":557,""y"":-198,""t"":4199},{""x"":570,""y"":-139,""t"":4261},{""x"":644,""y"":-116,""t"":4330},{""x"":632,""y"":-55,""t"":4393},{""x"":698,""y"":-33,""t"":4456},{""x"":678,""y"":-3,""t"":4517},{""x"":842,""y"":54,""t"":4580},{""x"":926,""y"":102,""t"":4642},{""x"":1027,""y"":133,""t"":4705},{""x"":1100,""y"":147,""t"":4766},{""x"":1167,""y"":150,""t"":4828},{""x"":1229,""y"":166,""t"":4890},{""x"":1245,""y"":169,""t"":4951},{""x"":1229,""y"":166,""t"":5013},{""x"":1237,""y"":159,""t"":5074},{""x"":1219,""y"":153,""t"":5136},{""x"":1158,""y"":139,""t"":5199},{""x"":1131,""y"":130,""t"":5280},{""x"":1101,""y"":117,""t"":5346},{""x"":1082,""y"":84,""t"":5410},{""x"":1099,""y"":46,""t"":5473},{""x"":1127,""y"":10,""t"":5535},{""x"":1125,""y"":-18,""t"":5597},{""x"":1125,""y"":-40,""t"":5685},{""x"":1021,""y"":-64,""t"":5746},{""x"":948,""y"":-81,""t"":5809},{""x"":882,""y"":-80,""t"":5871},{""x"":723,""y"":-112,""t"":5933},{""x"":564,""y"":-121,""t"":5995},{""x"":497,""y"":-117,""t"":6058},{""x"":428,""y"":-115,""t"":6120},{""x"":415,""y"":-109,""t"":6181},{""x"":378,""y"":-106,""t"":6243},{""x"":415,""y"":-81,""t"":6306},{""x"":415,""y"":-62,""t"":6369},{""x"":458,""y"":-89,""t"":6431},{""x"":481,""y"":-103,""t"":6494},{""x"":503,""y"":-91,""t"":6557},{""x"":515,""y"":-88,""t"":6619},{""x"":548,""y"":-79,""t"":6682},{""x"":663,""y"":184,""t"":6744},{""x"":610,""y"":367,""t"":6805},{""x"":729,""y"":539,""t"":6866},{""x"":917,""y"":507,""t"":6928}]",1,0.007015927287339497,0.9929840727126605,wa_dn_b-last_b-longer,0
115-alternatives,0,52,catch_8,1.0,514.3000000119209,0.22,0.32,3.7,5.0,dominated,dominant,1,1,alternatives,0.0,False,0.8140000000000001,1.6,-0.786,-0.5516849732965938,0.5,0.5,0.5,0.5,,1.0,,dominant,True,"{""durations"":[1250,1250,1250,1250],""attributes"":[""all"",""all"",""all"",""all""],""alternatives"":[0,1,0,1]}","[{""x"":974,""y"":-122,""t"":0},{""x"":967,""y"":-184,""t"":102},{""x"":875,""y"":-208,""t"":192},{""x"":803,""y"":-247,""t"":253},{""x"":748,""y"":-263,""t"":316},{""x"":736,""y"":-267,""t"":377},{""x"":674,""y"":-256,""t"":439},{""x"":624,""y"":-241,""t"":501},{""x"":607,""y"":-211,""t"":563},{""x"":574,""y"":-165,""t"":625},{""x"":587,""y"":-116,""t"":687},{""x"":545,""y"":-89,""t"":748},{""x"":586,""y"":-66,""t"":810},{""x"":543,""y"":-78,""t"":872},{""x"":546,""y"":-87,""t"":935},{""x"":563,""y"":-57,""t"":997},{""x"":473,""y"":-88,""t"":1060},{""x"":434,""y"":-86,""t"":1123},{""x"":444,""y"":-85,""t"":1185},{""x"":396,""y"":-79,""t"":1247},{""x"":456,""y"":-62,""t"":1310},{""x"":446,""y"":-41,""t"":1376},{""x"":464,""y"":-17,""t"":1437},{""x"":535,""y"":-4,""t"":1498},{""x"":536,""y"":12,""t"":1560},{""x"":651,""y"":17,""t"":1640},{""x"":839,""y"":40,""t"":1701},{""x"":979,""y"":39,""t"":1763},{""x"":1047,""y"":16,""t"":1824},{""x"":1172,""y"":22,""t"":1887},{""x"":1311,""y"":1,""t"":1950},{""x"":1372,""y"":-29,""t"":2014},{""x"":1386,""y"":-46,""t"":2076},{""x"":1350,""y"":-102,""t"":2139},{""x"":1399,""y"":-105,""t"":2202},{""x"":1393,""y"":-110,""t"":2265},{""x"":1321,""y"":-110,""t"":2327},{""x"":1254,""y"":-146,""t"":2389},{""x"":1252,""y"":-153,""t"":2469},{""x"":1209,""y"":-153,""t"":2532},{""x"":1230,""y"":-157,""t"":2597},{""x"":1152,""y"":-175,""t"":2661},{""x"":1178,""y"":-192,""t"":2733},{""x"":1135,""y"":-209,""t"":2798},{""x"":1103,""y"":-253,""t"":2860},{""x"":1023,""y"":-266,""t"":2923},{""x"":874,""y"":-265,""t"":3011},{""x"":763,""y"":-227,""t"":3073},{""x"":701,""y"":-191,""t"":3135},{""x"":663,""y"":-141,""t"":3197},{""x"":577,""y"":-161,""t"":3260},{""x"":560,""y"":-167,""t"":3324},{""x"":530,""y"":-137,""t"":3387},{""x"":504,""y"":-114,""t"":3450},{""x"":450,""y"":-78,""t"":3513},{""x"":414,""y"":-51,""t"":3576},{""x"":401,""y"":-29,""t"":3637},{""x"":413,""y"":-15,""t"":3699},{""x"":415,""y"":0,""t"":3762},{""x"":510,""y"":5,""t"":3824},{""x"":572,""y"":21,""t"":3886},{""x"":667,""y"":31,""t"":3947},{""x"":737,""y"":41,""t"":4010},{""x"":738,""y"":80,""t"":4074},{""x"":831,""y"":92,""t"":4137},{""x"":847,""y"":100,""t"":4201},{""x"":888,""y"":84,""t"":4262},{""x"":949,""y"":71,""t"":4323},{""x"":965,""y"":52,""t"":4403},{""x"":973,""y"":42,""t"":4467},{""x"":1002,""y"":27,""t"":4529},{""x"":1119,""y"":20,""t"":4591},{""x"":1157,""y"":-10,""t"":4654},{""x"":1273,""y"":7,""t"":4716},{""x"":1306,""y"":-41,""t"":4779},{""x"":1386,""y"":-59,""t"":4840},{""x"":1407,""y"":-133,""t"":4902},{""x"":1529,""y"":-150,""t"":4965},{""x"":1531,""y"":-191,""t"":5027},{""x"":1529,""y"":-222,""t"":5090},{""x"":1527,""y"":-247,""t"":5153},{""x"":1441,""y"":-295,""t"":5214},{""x"":1363,""y"":-332,""t"":5290},{""x"":1306,""y"":-361,""t"":5353},{""x"":1254,""y"":-399,""t"":5418},{""x"":1267,""y"":-382,""t"":5479},{""x"":1074,""y"":-387,""t"":5559},{""x"":955,""y"":-336,""t"":5622},{""x"":808,""y"":-325,""t"":5683},{""x"":781,""y"":-298,""t"":5745},{""x"":744,""y"":-265,""t"":5805},{""x"":735,""y"":-265,""t"":5867},{""x"":750,""y"":-248,""t"":5932},{""x"":739,""y"":-233,""t"":5994},{""x"":691,""y"":-234,""t"":6056},{""x"":698,""y"":-229,""t"":6119},{""x"":708,""y"":-225,""t"":6181},{""x"":757,""y"":-114,""t"":6261},{""x"":894,""y"":-87,""t"":6324},{""x"":945,""y"":-88,""t"":6386}]",1,8.808734914074835e-06,0.999991191265086,wa_dn_b-last_b-longer,0
115-alternatives,0,53,exp_60,1.0,609.4000000357628,0.41,0.21,1.7999999999999998,6.2,higher_p,higher_m,0,1,alternatives,0.0,False,0.7379999999999999,1.302,-0.5640000000000002,-0.3231885851028555,0.4,0.6,0.5,0.5,1.0,0.0,higher_m,higher_p,False,"{""durations"":[1500,1000,1500,1000],""alternatives"":[1,0,1,0],""attributes"":[""all"",""all"",""all"",""all""]}","[{""x"":936,""y"":-364,""t"":0},{""x"":804,""y"":-375,""t"":78},{""x"":714,""y"":-352,""t"":178},{""x"":650,""y"":-340,""t"":242},{""x"":639,""y"":-307,""t"":304},{""x"":608,""y"":-279,""t"":366},{""x"":601,""y"":-262,""t"":430},{""x"":566,""y"":-214,""t"":492},{""x"":518,""y"":-182,""t"":554},{""x"":512,""y"":-175,""t"":615},{""x"":523,""y"":-120,""t"":678},{""x"":478,""y"":-78,""t"":741},{""x"":484,""y"":194,""t"":803},{""x"":583,""y"":291,""t"":864},{""x"":601,""y"":227,""t"":926},{""x"":590,""y"":144,""t"":989},{""x"":622,""y"":151,""t"":1053},{""x"":684,""y"":109,""t"":1115},{""x"":776,""y"":111,""t"":1179},{""x"":799,""y"":116,""t"":1241},{""x"":879,""y"":92,""t"":1302},{""x"":920,""y"":95,""t"":1363},{""x"":955,""y"":82,""t"":1442},{""x"":866,""y"":50,""t"":1504},{""x"":796,""y"":40,""t"":1565},{""x"":764,""y"":23,""t"":1631},{""x"":808,""y"":11,""t"":1697},{""x"":912,""y"":29,""t"":1759},{""x"":1061,""y"":20,""t"":1821},{""x"":1157,""y"":22,""t"":1884},{""x"":1141,""y"":13,""t"":1948},{""x"":1273,""y"":19,""t"":2011},{""x"":1288,""y"":12,""t"":2073},{""x"":1320,""y"":18,""t"":2136},{""x"":1295,""y"":-2,""t"":2213},{""x"":1268,""y"":-3,""t"":2288},{""x"":1225,""y"":-11,""t"":2350},{""x"":1198,""y"":4,""t"":2413},{""x"":1212,""y"":12,""t"":2476},{""x"":1243,""y"":20,""t"":2537},{""x"":1241,""y"":18,""t"":2617},{""x"":1141,""y"":19,""t"":2681},{""x"":1033,""y"":7,""t"":2745},{""x"":927,""y"":27,""t"":2824},{""x"":807,""y"":38,""t"":2906},{""x"":728,""y"":57,""t"":2969},{""x"":643,""y"":82,""t"":3031},{""x"":609,""y"":90,""t"":3093},{""x"":592,""y"":83,""t"":3154},{""x"":520,""y"":82,""t"":3215},{""x"":527,""y"":70,""t"":3276},{""x"":543,""y"":53,""t"":3338},{""x"":537,""y"":28,""t"":3400},{""x"":529,""y"":25,""t"":3463},{""x"":481,""y"":-8,""t"":3524},{""x"":457,""y"":-31,""t"":3587},{""x"":453,""y"":-104,""t"":3650},{""x"":504,""y"":-164,""t"":3712},{""x"":605,""y"":-204,""t"":3776},{""x"":620,""y"":-211,""t"":3837},{""x"":618,""y"":-260,""t"":3899},{""x"":830,""y"":-333,""t"":3961},{""x"":1047,""y"":-348,""t"":4022},{""x"":1109,""y"":-395,""t"":4083},{""x"":1258,""y"":-418,""t"":4146},{""x"":1318,""y"":-436,""t"":4209},{""x"":1400,""y"":-409,""t"":4273},{""x"":1406,""y"":-416,""t"":4338},{""x"":1408,""y"":-438,""t"":4400},{""x"":1411,""y"":-450,""t"":4463},{""x"":1361,""y"":-443,""t"":4524},{""x"":1353,""y"":-452,""t"":4585},{""x"":1370,""y"":-451,""t"":4648},{""x"":1369,""y"":-445,""t"":4709},{""x"":1315,""y"":-454,""t"":4772},{""x"":1288,""y"":-464,""t"":4833},{""x"":1264,""y"":-459,""t"":4898},{""x"":1257,""y"":-418,""t"":4960},{""x"":1311,""y"":-348,""t"":5023},{""x"":1355,""y"":-278,""t"":5089},{""x"":1340,""y"":-204,""t"":5152},{""x"":1283,""y"":-111,""t"":5215},{""x"":1047,""y"":194,""t"":5278},{""x"":946,""y"":460,""t"":5341},{""x"":875,""y"":677,""t"":5403},{""x"":762,""y"":719,""t"":5466},{""x"":720,""y"":673,""t"":5528},{""x"":709,""y"":625,""t"":5590},{""x"":654,""y"":560,""t"":5653},{""x"":640,""y"":484,""t"":5716},{""x"":735,""y"":416,""t"":5796},{""x"":833,""y"":337,""t"":5861},{""x"":936,""y"":276,""t"":5950},{""x"":995,""y"":217,""t"":6014},{""x"":1050,""y"":181,""t"":6076},{""x"":1086,""y"":144,""t"":6139},{""x"":1111,""y"":86,""t"":6201},{""x"":1049,""y"":60,""t"":6263},{""x"":976,""y"":63,""t"":6344},{""x"":953,""y"":214,""t"":6405},{""x"":931,""y"":226,""t"":6468}]",1,0.004512080054557497,0.9954879199454425,wa_dn_b-last_b-longer,0
115-alternatives,0,56,exp_98,0.0,445.6999999880791,0.58,0.38,4.9,6.9,higher_p,higher_m,0,1,alternatives,0.0,False,2.842,2.6220000000000003,0.2199999999999997,0.4837536146444008,0.6,0.4,0.5,0.5,0.0,0.0,higher_p,higher_p,True,"{""durations"":[1000,1500,1000,1500],""alternatives"":[1,0,1,0],""attributes"":[""all"",""all"",""all"",""all""]}","[{""x"":667,""y"":116,""t"":0},{""x"":653,""y"":126,""t"":73},{""x"":667,""y"":139,""t"":164},{""x"":666,""y"":130,""t"":248},{""x"":650,""y"":132,""t"":331},{""x"":682,""y"":160,""t"":395},{""x"":664,""y"":148,""t"":458},{""x"":646,""y"":139,""t"":537},{""x"":794,""y"":128,""t"":608},{""x"":866,""y"":86,""t"":670},{""x"":1013,""y"":95,""t"":733},{""x"":1069,""y"":80,""t"":794},{""x"":1086,""y"":60,""t"":855},{""x"":1301,""y"":102,""t"":917},{""x"":1369,""y"":106,""t"":978},{""x"":1362,""y"":52,""t"":1041},{""x"":1345,""y"":-32,""t"":1105},{""x"":1320,""y"":-126,""t"":1171},{""x"":1292,""y"":-203,""t"":1231},{""x"":1278,""y"":-255,""t"":1293},{""x"":1251,""y"":-271,""t"":1356},{""x"":1172,""y"":-277,""t"":1419},{""x"":938,""y"":-247,""t"":1481},{""x"":756,""y"":-236,""t"":1542},{""x"":527,""y"":-231,""t"":1603},{""x"":397,""y"":-225,""t"":1667},{""x"":425,""y"":-220,""t"":1729},{""x"":411,""y"":-215,""t"":1792},{""x"":397,""y"":-187,""t"":1872},{""x"":437,""y"":-158,""t"":1935},{""x"":472,""y"":-97,""t"":1997},{""x"":423,""y"":-45,""t"":2060},{""x"":439,""y"":1,""t"":2124},{""x"":439,""y"":56,""t"":2185},{""x"":456,""y"":102,""t"":2246},{""x"":437,""y"":117,""t"":2309},{""x"":419,""y"":146,""t"":2371},{""x"":443,""y"":151,""t"":2433},{""x"":451,""y"":141,""t"":2495},{""x"":469,""y"":140,""t"":2558},{""x"":534,""y"":136,""t"":2620},{""x"":515,""y"":147,""t"":2683},{""x"":516,""y"":128,""t"":2749},{""x"":535,""y"":114,""t"":2811},{""x"":551,""y"":102,""t"":2873},{""x"":651,""y"":99,""t"":2935},{""x"":702,""y"":84,""t"":2996},{""x"":833,""y"":98,""t"":3058},{""x"":924,""y"":83,""t"":3120},{""x"":974,""y"":102,""t"":3181},{""x"":1094,""y"":103,""t"":3243},{""x"":1180,""y"":116,""t"":3307},{""x"":1203,""y"":94,""t"":3368},{""x"":1207,""y"":48,""t"":3430},{""x"":1185,""y"":23,""t"":3493},{""x"":1125,""y"":-27,""t"":3557},{""x"":1161,""y"":-68,""t"":3619},{""x"":1198,""y"":-109,""t"":3679},{""x"":1230,""y"":-147,""t"":3743},{""x"":1251,""y"":-172,""t"":3806},{""x"":1265,""y"":-190,""t"":3866},{""x"":1067,""y"":-169,""t"":4727},{""x"":794,""y"":-158,""t"":4815},{""x"":669,""y"":-124,""t"":4878},{""x"":595,""y"":-64,""t"":4939},{""x"":497,""y"":-27,""t"":5000},{""x"":461,""y"":16,""t"":5060},{""x"":506,""y"":33,""t"":5121},{""x"":556,""y"":52,""t"":5184},{""x"":563,""y"":83,""t"":5245},{""x"":554,""y"":62,""t"":5310},{""x"":548,""y"":78,""t"":5375},{""x"":509,""y"":106,""t"":5439},{""x"":542,""y"":117,""t"":5502},{""x"":539,""y"":121,""t"":5566},{""x"":567,""y"":119,""t"":5629},{""x"":591,""y"":115,""t"":5692},{""x"":616,""y"":120,""t"":5755},{""x"":673,""y"":101,""t"":5817},{""x"":739,""y"":88,""t"":5881},{""x"":770,""y"":86,""t"":5944},{""x"":799,""y"":73,""t"":6006},{""x"":797,""y"":64,""t"":6069},{""x"":785,""y"":233,""t"":6149},{""x"":772,""y"":371,""t"":6211},{""x"":742,""y"":327,""t"":6274}]",0,0.9231497230707598,0.07685027692924017,wa_dn_b-last_b-longer,0
115-alternatives,0,57,exp_40,1.0,510.6999999880791,0.81,0.48,1.6999999999999995,7.9,higher_p,higher_m,0,1,alternatives,0.0,False,1.3769999999999998,3.792,-2.415,-2.2283544163938904,0.6,0.4,0.5,0.5,0.0,1.0,higher_p,higher_m,False,"{""durations"":[1500,1000,1500,1000],""alternatives"":[0,1,0,1],""attributes"":[""all"",""all"",""all"",""all""]}","[{""x"":731,""y"":-687,""t"":0},{""x"":819,""y"":-749,""t"":83},{""x"":711,""y"":-723,""t"":513},{""x"":627,""y"":-679,""t"":576},{""x"":598,""y"":-563,""t"":640},{""x"":536,""y"":-435,""t"":710},{""x"":541,""y"":-319,""t"":772},{""x"":559,""y"":-234,""t"":838},{""x"":595,""y"":-155,""t"":900},{""x"":606,""y"":-108,""t"":962},{""x"":633,""y"":-74,""t"":1024},{""x"":654,""y"":-54,""t"":1086},{""x"":655,""y"":-46,""t"":1147},{""x"":692,""y"":-52,""t"":1209},{""x"":672,""y"":-63,""t"":1270},{""x"":637,""y"":-80,""t"":1331},{""x"":611,""y"":-88,""t"":1393},{""x"":570,""y"":-91,""t"":1456},{""x"":540,""y"":-80,""t"":1519},{""x"":567,""y"":-54,""t"":1582},{""x"":579,""y"":-45,""t"":1653},{""x"":532,""y"":-22,""t"":1715},{""x"":518,""y"":-11,""t"":1777},{""x"":571,""y"":8,""t"":1839},{""x"":618,""y"":23,""t"":1901},{""x"":754,""y"":52,""t"":1963},{""x"":887,""y"":41,""t"":2024},{""x"":1041,""y"":42,""t"":2085},{""x"":1192,""y"":16,""t"":2148},{""x"":1249,""y"":-42,""t"":2210},{""x"":1298,""y"":-99,""t"":2272},{""x"":1423,""y"":-158,""t"":2335},{""x"":1456,""y"":-202,""t"":2396},{""x"":1508,""y"":-224,""t"":2457},{""x"":1483,""y"":-238,""t"":2520},{""x"":1411,""y"":-284,""t"":2583},{""x"":1361,""y"":-252,""t"":2645},{""x"":1383,""y"":-247,""t"":2727},{""x"":1322,""y"":-219,""t"":2789},{""x"":1360,""y"":-200,""t"":2853},{""x"":1337,""y"":-188,""t"":2914},{""x"":1269,""y"":-171,""t"":2976},{""x"":1206,""y"":-127,""t"":3037},{""x"":1084,""y"":-58,""t"":3099},{""x"":973,""y"":-1,""t"":3162},{""x"":752,""y"":49,""t"":3223},{""x"":629,""y"":83,""t"":3286},{""x"":520,""y"":105,""t"":3366},{""x"":450,""y"":131,""t"":3447},{""x"":399,""y"":298,""t"":3519},{""x"":421,""y"":452,""t"":3581},{""x"":507,""y"":613,""t"":3644},{""x"":598,""y"":594,""t"":3706},{""x"":768,""y"":618,""t"":3768},{""x"":854,""y"":549,""t"":3830},{""x"":949,""y"":495,""t"":3893},{""x"":1072,""y"":441,""t"":3955},{""x"":1103,""y"":355,""t"":4016},{""x"":1178,""y"":315,""t"":4078},{""x"":1197,""y"":246,""t"":4141},{""x"":1183,""y"":206,""t"":4205},{""x"":1235,""y"":174,""t"":4269},{""x"":1225,""y"":132,""t"":4332},{""x"":1210,""y"":112,""t"":4394},{""x"":1187,""y"":105,""t"":4456},{""x"":1141,""y"":82,""t"":4517},{""x"":1161,""y"":53,""t"":4579},{""x"":1159,""y"":42,""t"":4640},{""x"":1235,""y"":38,""t"":4703},{""x"":1249,""y"":23,""t"":4765},{""x"":1229,""y"":-39,""t"":4827},{""x"":1227,""y"":-106,""t"":4889},{""x"":1274,""y"":-161,""t"":4952},{""x"":1260,""y"":-187,""t"":5014},{""x"":1251,""y"":-248,""t"":5076},{""x"":1218,""y"":-312,""t"":5384},{""x"":1165,""y"":-383,""t"":6607},{""x"":1097,""y"":-367,""t"":7116},{""x"":997,""y"":-381,""t"":7185},{""x"":905,""y"":-369,""t"":7247},{""x"":805,""y"":-362,""t"":7308},{""x"":791,""y"":-346,""t"":7372},{""x"":776,""y"":-301,""t"":7453},{""x"":789,""y"":-293,""t"":7517},{""x"":849,""y"":-255,""t"":7580},{""x"":855,""y"":-242,""t"":7648}]",1,8.462225218430105e-06,0.9999915377747814,wa_dn_b-last_b-longer,0
115-alternatives,0,58,exp_82,1.0,619.8999999761581,0.61,0.29,2.2,8.1,higher_p,higher_m,0,1,alternatives,0.0,False,1.342,2.349,-1.0069999999999997,-0.7791520984804502,0.6,0.4,0.5,0.5,0.0,0.0,higher_p,higher_p,False,"{""durations"":[1000,1500,1000,1500],""alternatives"":[1,0,1,0],""attributes"":[""all"",""all"",""all"",""all""]}","[{""x"":858,""y"":-88,""t"":0},{""x"":823,""y"":-78,""t"":200},{""x"":876,""y"":-19,""t"":271},{""x"":833,""y"":-17,""t"":336},{""x"":804,""y"":-5,""t"":399},{""x"":804,""y"":1,""t"":463},{""x"":821,""y"":-15,""t"":525},{""x"":846,""y"":-7,""t"":605},{""x"":879,""y"":9,""t"":667},{""x"":933,""y"":25,""t"":748},{""x"":1000,""y"":26,""t"":812},{""x"":1063,""y"":12,""t"":875},{""x"":1110,""y"":25,""t"":938},{""x"":1185,""y"":-28,""t"":1001},{""x"":1237,""y"":-79,""t"":1066},{""x"":1267,""y"":-128,""t"":1137},{""x"":1364,""y"":-114,""t"":1199},{""x"":1400,""y"":-127,""t"":1259},{""x"":1426,""y"":-136,""t"":1321},{""x"":1443,""y"":-143,""t"":1382},{""x"":1509,""y"":-153,""t"":1444},{""x"":1505,""y"":-155,""t"":1505},{""x"":1536,""y"":-138,""t"":1566},{""x"":1519,""y"":-140,""t"":1627},{""x"":1542,""y"":-115,""t"":1688},{""x"":1482,""y"":-148,""t"":1749},{""x"":1520,""y"":-144,""t"":1810},{""x"":1494,""y"":-143,""t"":1871},{""x"":1435,""y"":-171,""t"":1931},{""x"":1418,""y"":-166,""t"":1992},{""x"":1404,""y"":-161,""t"":2053},{""x"":1392,""y"":-156,""t"":2114},{""x"":1384,""y"":-143,""t"":2175},{""x"":1376,""y"":-141,""t"":2236},{""x"":1313,""y"":-183,""t"":2339},{""x"":1299,""y"":-193,""t"":2402},{""x"":1276,""y"":-212,""t"":2464},{""x"":1252,""y"":-240,""t"":2526},{""x"":1236,""y"":-275,""t"":2588},{""x"":1223,""y"":-304,""t"":2651},{""x"":1214,""y"":-302,""t"":2733},{""x"":1015,""y"":-230,""t"":2795},{""x"":856,""y"":-173,""t"":2859},{""x"":784,""y"":-106,""t"":2921},{""x"":684,""y"":-56,""t"":2983},{""x"":726,""y"":-48,""t"":3046},{""x"":797,""y"":-19,""t"":3107},{""x"":835,""y"":-2,""t"":3169},{""x"":924,""y"":41,""t"":3231},{""x"":1015,""y"":29,""t"":3295},{""x"":1030,""y"":36,""t"":3357},{""x"":1185,""y"":22,""t"":3421},{""x"":1278,""y"":-44,""t"":3485},{""x"":1369,""y"":-101,""t"":3547},{""x"":1406,""y"":-146,""t"":3609},{""x"":1389,""y"":-198,""t"":3690},{""x"":1371,""y"":-249,""t"":3755},{""x"":1381,""y"":-278,""t"":3839},{""x"":1371,""y"":-288,""t"":3903},{""x"":1395,""y"":-316,""t"":3967},{""x"":1278,""y"":-275,""t"":4031},{""x"":1111,""y"":-202,""t"":4122},{""x"":989,""y"":-141,""t"":4185},{""x"":900,""y"":-94,""t"":4247},{""x"":786,""y"":-85,""t"":4310},{""x"":740,""y"":-68,""t"":4373},{""x"":612,""y"":-108,""t"":4436},{""x"":571,""y"":-112,""t"":4498},{""x"":524,""y"":-113,""t"":4578},{""x"":515,""y"":-81,""t"":4641},{""x"":484,""y"":-79,""t"":4703},{""x"":470,""y"":-84,""t"":4764},{""x"":457,""y"":-61,""t"":4825},{""x"":479,""y"":-60,""t"":4887},{""x"":522,""y"":-62,""t"":4948},{""x"":516,""y"":-37,""t"":5010},{""x"":517,""y"":2,""t"":5073},{""x"":551,""y"":25,""t"":5135},{""x"":621,""y"":59,""t"":5197},{""x"":742,""y"":50,""t"":5259},{""x"":840,""y"":34,""t"":5321},{""x"":939,""y"":20,""t"":5384},{""x"":1002,""y"":43,""t"":5447},{""x"":1031,""y"":46,""t"":5508},{""x"":1068,""y"":45,""t"":5570},{""x"":1083,""y"":47,""t"":5630},{""x"":1112,""y"":33,""t"":5692},{""x"":1089,""y"":2,""t"":5753},{""x"":1063,""y"":-5,""t"":5816},{""x"":1037,""y"":-15,""t"":5878},{""x"":1012,""y"":-22,""t"":5940},{""x"":999,""y"":-37,""t"":6002},{""x"":1045,""y"":-66,""t"":6064},{""x"":1070,""y"":-91,""t"":6126},{""x"":1107,""y"":-132,""t"":6188},{""x"":1180,""y"":-130,""t"":6251},{""x"":1229,""y"":-133,""t"":6314},{""x"":1203,""y"":-160,""t"":6393},{""x"":1136,""y"":-236,""t"":6456}]",1,0.007016232893655293,0.9929837671063447,wa_dn_b-last_b-longer,0
115-alternatives,0,60,exp_102,0.0,595.6000000238419,0.58,0.38,4.9,6.9,higher_p,higher_m,0,1,alternatives,0.0,False,2.842,2.6220000000000003,0.2199999999999997,0.4837536146444008,0.4,0.6,0.5,0.5,1.0,1.0,higher_m,higher_m,True,"{""durations"":[1000,1500,1000,1500],""alternatives"":[0,1,0,1],""attributes"":[""all"",""all"",""all"",""all""]}","[{""x"":1187,""y"":-56,""t"":0},{""x"":1171,""y"":-93,""t"":74},{""x"":1082,""y"":-119,""t"":172},{""x"":1031,""y"":-137,""t"":256},{""x"":1060,""y"":-186,""t"":318},{""x"":1000,""y"":-179,""t"":399},{""x"":927,""y"":-164,""t"":460},{""x"":791,""y"":-142,""t"":522},{""x"":626,""y"":-152,""t"":619},{""x"":462,""y"":-137,""t"":698},{""x"":286,""y"":-120,""t"":777},{""x"":263,""y"":-93,""t"":841},{""x"":275,""y"":-105,""t"":902},{""x"":185,""y"":-90,""t"":964},{""x"":179,""y"":-109,""t"":1026},{""x"":166,""y"":-155,""t"":1088},{""x"":214,""y"":-125,""t"":1158},{""x"":196,""y"":-140,""t"":1218},{""x"":228,""y"":-149,""t"":1281},{""x"":344,""y"":-91,""t"":1344},{""x"":463,""y"":-96,""t"":1423},{""x"":699,""y"":-23,""t"":1486},{""x"":838,""y"":46,""t"":1548},{""x"":998,""y"":67,""t"":1609},{""x"":1111,""y"":58,""t"":1673},{""x"":1220,""y"":81,""t"":1753},{""x"":1291,""y"":95,""t"":1814},{""x"":1332,""y"":100,""t"":1877},{""x"":1364,""y"":64,""t"":1940},{""x"":1343,""y"":35,""t"":2001},{""x"":1351,""y"":-48,""t"":2083},{""x"":1335,""y"":-126,""t"":2147},{""x"":1266,""y"":-168,""t"":2208},{""x"":1176,""y"":-217,""t"":2269},{""x"":1201,""y"":-259,""t"":2332},{""x"":1124,""y"":-295,""t"":2394},{""x"":1063,""y"":-347,""t"":2455},{""x"":1052,""y"":-374,""t"":2517},{""x"":1083,""y"":-403,""t"":2580},{""x"":983,""y"":-364,""t"":2643},{""x"":835,""y"":-356,""t"":2705},{""x"":734,""y"":-356,""t"":2768},{""x"":729,""y"":-332,""t"":2831},{""x"":697,""y"":-313,""t"":2893},{""x"":674,""y"":-296,""t"":2956},{""x"":628,""y"":-299,""t"":3016},{""x"":562,""y"":-229,""t"":3078},{""x"":549,""y"":-206,""t"":3138},{""x"":539,""y"":-190,""t"":3201},{""x"":526,""y"":-172,""t"":3264},{""x"":539,""y"":-114,""t"":3325},{""x"":563,""y"":-65,""t"":3388},{""x"":517,""y"":-19,""t"":3450},{""x"":475,""y"":0,""t"":3512},{""x"":445,""y"":0,""t"":3574},{""x"":469,""y"":23,""t"":3635},{""x"":506,""y"":32,""t"":3698},{""x"":532,""y"":46,""t"":3757},{""x"":541,""y"":52,""t"":3821},{""x"":647,""y"":69,""t"":3883},{""x"":759,""y"":65,""t"":3945},{""x"":853,""y"":76,""t"":4009},{""x"":950,""y"":69,""t"":4070},{""x"":1053,""y"":78,""t"":4132},{""x"":1133,""y"":71,""t"":4193},{""x"":1186,""y"":9,""t"":4275},{""x"":1230,""y"":-32,""t"":4335},{""x"":1297,""y"":-112,""t"":4397},{""x"":1343,""y"":-180,""t"":4459},{""x"":1298,""y"":-218,""t"":4535},{""x"":1258,""y"":-266,""t"":4599},{""x"":1249,""y"":-301,""t"":4660},{""x"":1260,""y"":-323,""t"":4726},{""x"":1221,""y"":-338,""t"":4788},{""x"":1201,""y"":-329,""t"":4851},{""x"":1133,""y"":-350,""t"":4913},{""x"":1033,""y"":-306,""t"":4975},{""x"":988,""y"":-255,""t"":5038},{""x"":903,""y"":-251,""t"":5100},{""x"":854,""y"":-273,""t"":5162},{""x"":839,""y"":-266,""t"":5224},{""x"":803,""y"":-278,""t"":5285},{""x"":751,""y"":-272,""t"":5348},{""x"":736,""y"":-283,""t"":5412},{""x"":707,""y"":-304,""t"":5473},{""x"":651,""y"":-311,""t"":5535},{""x"":623,""y"":-299,""t"":5596},{""x"":625,""y"":-299,""t"":5659},{""x"":652,""y"":-269,""t"":5721},{""x"":670,""y"":-248,""t"":5781},{""x"":695,""y"":-225,""t"":5861},{""x"":690,""y"":-224,""t"":5943},{""x"":740,""y"":-207,""t"":6008},{""x"":701,""y"":-167,""t"":6071},{""x"":750,""y"":-134,""t"":6134},{""x"":819,""y"":-112,""t"":6197},{""x"":878,""y"":-95,""t"":6258},{""x"":898,""y"":-95,""t"":6320},{""x"":931,""y"":-51,""t"":6382},{""x"":984,""y"":-26,""t"":6445}]",0,0.8234165734065361,0.1765834265934639,wa_dn_b-last_b-longer,0
115-alternatives,0,64,exp_68,0.0,434.60000002384186,0.72,0.51,4.2,5.2,higher_p,higher_m,0,1,alternatives,0.0,False,3.024,2.652,0.3719999999999999,0.64020159214642,0.4,0.6,0.5,0.5,1.0,0.0,higher_m,higher_p,True,"{""durations"":[1500,1000,1500,1000],""alternatives"":[1,0,1,0],""attributes"":[""all"",""all"",""all"",""all""]}","[{""x"":955,""y"":-391,""t"":0},{""x"":977,""y"":-341,""t"":88},{""x"":1040,""y"":-301,""t"":163},{""x"":1115,""y"":-264,""t"":252},{""x"":1125,""y"":-240,""t"":314},{""x"":1134,""y"":-195,""t"":377},{""x"":1117,""y"":-183,""t"":439},{""x"":1156,""y"":-180,""t"":501},{""x"":1158,""y"":-172,""t"":563},{""x"":1208,""y"":-170,""t"":625},{""x"":1174,""y"":-185,""t"":689},{""x"":1331,""y"":-148,""t"":752},{""x"":1385,""y"":-153,""t"":815},{""x"":1312,""y"":-156,""t"":878},{""x"":1283,""y"":-205,""t"":940},{""x"":1292,""y"":-195,""t"":1002},{""x"":1326,""y"":-200,""t"":1064},{""x"":1300,""y"":-185,""t"":1127},{""x"":1321,""y"":-176,""t"":1189},{""x"":1336,""y"":-189,""t"":1252},{""x"":1317,""y"":-237,""t"":1315},{""x"":1337,""y"":-207,""t"":1396},{""x"":1361,""y"":-210,""t"":1458},{""x"":1340,""y"":-215,""t"":1521},{""x"":1318,""y"":-264,""t"":1586},{""x"":1309,""y"":-255,""t"":1655},{""x"":1344,""y"":-273,""t"":1719},{""x"":1392,""y"":-269,""t"":1801},{""x"":1345,""y"":-292,""t"":1864},{""x"":1179,""y"":-264,""t"":1956},{""x"":919,""y"":-245,""t"":2016},{""x"":855,""y"":-205,""t"":2077},{""x"":793,""y"":-197,""t"":2139},{""x"":768,""y"":-192,""t"":2220},{""x"":728,""y"":-182,""t"":2282},{""x"":719,""y"":-156,""t"":2343},{""x"":713,""y"":-146,""t"":2405},{""x"":712,""y"":-141,""t"":2467},{""x"":691,""y"":-119,""t"":2529},{""x"":700,""y"":-114,""t"":2591},{""x"":652,""y"":-128,""t"":2655},{""x"":568,""y"":-150,""t"":2718},{""x"":570,""y"":-145,""t"":2781},{""x"":531,""y"":-149,""t"":2845},{""x"":527,""y"":-155,""t"":2908},{""x"":550,""y"":-183,""t"":2972},{""x"":657,""y"":-184,""t"":3033},{""x"":802,""y"":-209,""t"":3097},{""x"":931,""y"":-202,""t"":3162},{""x"":1030,""y"":-220,""t"":3226},{""x"":1100,""y"":-255,""t"":3289},{""x"":1193,""y"":-283,""t"":3353},{""x"":1206,""y"":-278,""t"":3417},{""x"":1050,""y"":-51,""t"":3480},{""x"":997,""y"":145,""t"":3545},{""x"":950,""y"":309,""t"":3607},{""x"":838,""y"":405,""t"":3669},{""x"":996,""y"":473,""t"":3731},{""x"":1200,""y"":467,""t"":3795},{""x"":1310,""y"":451,""t"":3868},{""x"":1200,""y"":365,""t"":3930},{""x"":1045,""y"":248,""t"":3993},{""x"":940,""y"":157,""t"":4056},{""x"":871,""y"":77,""t"":4125},{""x"":763,""y"":15,""t"":4190},{""x"":663,""y"":-34,""t"":4256},{""x"":707,""y"":-106,""t"":4322},{""x"":670,""y"":-161,""t"":4387},{""x"":691,""y"":-166,""t"":4450},{""x"":736,""y"":-143,""t"":4516},{""x"":696,""y"":-158,""t"":4579},{""x"":711,""y"":-154,""t"":4644},{""x"":682,""y"":-189,""t"":4707},{""x"":644,""y"":-171,""t"":4772},{""x"":645,""y"":-212,""t"":4835},{""x"":683,""y"":-166,""t"":4898},{""x"":579,""y"":-188,""t"":4960},{""x"":602,""y"":-145,""t"":5023},{""x"":590,""y"":-196,""t"":5088},{""x"":496,""y"":-185,""t"":5152},{""x"":467,""y"":-195,""t"":5215},{""x"":500,""y"":-161,""t"":5275},{""x"":509,""y"":-206,""t"":5338},{""x"":470,""y"":-204,""t"":5402},{""x"":454,""y"":-194,""t"":5464},{""x"":436,""y"":-172,""t"":5525},{""x"":441,""y"":-182,""t"":5586},{""x"":540,""y"":-165,""t"":5649},{""x"":598,""y"":-190,""t"":5710},{""x"":724,""y"":-174,""t"":5773},{""x"":781,""y"":-219,""t"":5840},{""x"":845,""y"":-201,""t"":5911},{""x"":878,""y"":-214,""t"":5973},{""x"":937,""y"":-204,""t"":6035},{""x"":958,""y"":-176,""t"":6099},{""x"":1032,""y"":-67,""t"":6161},{""x"":1112,""y"":30,""t"":6223},{""x"":1005,""y"":-58,""t"":6304}]",0,0.9584633534086269,0.04153664659137324,wa_dn_b-last_b-longer,0
115-alternatives,0,65,exp_90,0.0,613.1999999880791,0.5,0.38,3.0,4.0,higher_p,higher_m,0,1,alternatives,0.0,False,1.5,1.52,-0.02,0.2367304922727919,0.6,0.4,0.5,0.5,0.0,0.0,higher_p,higher_p,True,"{""durations"":[1000,1500,1000,1500],""alternatives"":[1,0,1,0],""attributes"":[""all"",""all"",""all"",""all""]}","[{""x"":741,""y"":-548,""t"":0},{""x"":794,""y"":-643,""t"":72},{""x"":876,""y"":-683,""t"":177},{""x"":968,""y"":-731,""t"":240},{""x"":972,""y"":-793,""t"":301},{""x"":937,""y"":-816,""t"":363},{""x"":930,""y"":-769,""t"":427},{""x"":988,""y"":-733,""t"":490},{""x"":1045,""y"":-669,""t"":551},{""x"":1164,""y"":-546,""t"":615},{""x"":1210,""y"":-443,""t"":696},{""x"":1341,""y"":-274,""t"":758},{""x"":1386,""y"":-153,""t"":823},{""x"":1428,""y"":-137,""t"":885},{""x"":1523,""y"":-13,""t"":947},{""x"":1563,""y"":91,""t"":1009},{""x"":1461,""y"":80,""t"":1088},{""x"":1422,""y"":18,""t"":1156},{""x"":1384,""y"":6,""t"":1221},{""x"":1239,""y"":-27,""t"":1283},{""x"":1116,""y"":-105,""t"":1363},{""x"":1045,""y"":-177,""t"":1434},{""x"":1017,""y"":-162,""t"":1497},{""x"":864,""y"":-125,""t"":1559},{""x"":760,""y"":-65,""t"":1621},{""x"":728,""y"":-21,""t"":1682},{""x"":616,""y"":24,""t"":1744},{""x"":509,""y"":43,""t"":1805},{""x"":473,""y"":76,""t"":1869},{""x"":357,""y"":67,""t"":1932},{""x"":349,""y"":80,""t"":1994},{""x"":359,""y"":89,""t"":2057},{""x"":392,""y"":101,""t"":2119},{""x"":394,""y"":89,""t"":2181},{""x"":410,""y"":88,""t"":2242},{""x"":416,""y"":76,""t"":2305},{""x"":425,""y"":35,""t"":2366},{""x"":440,""y"":35,""t"":2427},{""x"":449,""y"":15,""t"":2489},{""x"":472,""y"":11,""t"":2550},{""x"":528,""y"":46,""t"":2613},{""x"":613,""y"":72,""t"":2697},{""x"":662,""y"":64,""t"":2761},{""x"":715,""y"":74,""t"":2824},{""x"":728,""y"":82,""t"":2887},{""x"":833,""y"":100,""t"":2949},{""x"":910,""y"":114,""t"":3010},{""x"":1056,""y"":131,""t"":3071},{""x"":1112,""y"":121,""t"":3152},{""x"":1166,""y"":96,""t"":3214},{""x"":1201,""y"":97,""t"":3274},{""x"":1280,""y"":119,""t"":3335},{""x"":1282,""y"":103,""t"":3396},{""x"":1305,""y"":102,""t"":3457},{""x"":1264,""y"":140,""t"":3519},{""x"":1188,""y"":370,""t"":3581},{""x"":1120,""y"":506,""t"":3645},{""x"":1153,""y"":454,""t"":3707},{""x"":1151,""y"":408,""t"":3768},{""x"":1153,""y"":326,""t"":3833},{""x"":1197,""y"":229,""t"":3895},{""x"":1269,""y"":117,""t"":3975},{""x"":1260,""y"":7,""t"":4036},{""x"":1071,""y"":-40,""t"":4099},{""x"":938,""y"":-87,""t"":4161},{""x"":813,""y"":-114,""t"":4223},{""x"":703,""y"":-151,""t"":4283},{""x"":601,""y"":-136,""t"":4345},{""x"":578,""y"":-112,""t"":4408},{""x"":578,""y"":-90,""t"":4470},{""x"":591,""y"":-66,""t"":4534},{""x"":588,""y"":-53,""t"":4600},{""x"":598,""y"":-31,""t"":4680},{""x"":558,""y"":-21,""t"":4743},{""x"":554,""y"":-34,""t"":4806},{""x"":526,""y"":-46,""t"":4869},{""x"":492,""y"":-55,""t"":4958},{""x"":448,""y"":-61,""t"":5020},{""x"":431,""y"":-42,""t"":5081},{""x"":457,""y"":1,""t"":5145},{""x"":432,""y"":12,""t"":5208},{""x"":523,""y"":14,""t"":5269},{""x"":657,""y"":36,""t"":5331},{""x"":793,""y"":90,""t"":5396},{""x"":972,""y"":108,""t"":5458},{""x"":1000,""y"":118,""t"":5535},{""x"":1034,""y"":109,""t"":5615},{""x"":1030,""y"":99,""t"":5678},{""x"":1053,""y"":132,""t"":5759},{""x"":928,""y"":289,""t"":5821},{""x"":821,""y"":423,""t"":5883},{""x"":882,""y"":400,""t"":5944},{""x"":822,""y"":340,""t"":6006},{""x"":755,""y"":287,""t"":6084},{""x"":692,""y"":229,""t"":6153},{""x"":724,""y"":187,""t"":6215},{""x"":759,""y"":291,""t"":6278},{""x"":789,""y"":454,""t"":6342},{""x"":753,""y"":616,""t"":6404},{""x"":605,""y"":694,""t"":6468}]",1,0.6885187043232185,0.31148129567678146,wa_dn_b-last_b-longer,0
115-alternatives,0,66,exp_36,0.0,588.3999999761581,0.79,0.7,2.0,3.2,higher_p,higher_m,0,1,alternatives,0.0,False,1.58,2.24,-0.6599999999999997,-0.4219978340514987,0.4,0.6,0.5,0.5,1.0,0.0,higher_m,higher_p,True,"{""durations"":[1500,1000,1500,1000],""alternatives"":[1,0,1,0],""attributes"":[""all"",""all"",""all"",""all""]}","[{""x"":1029,""y"":476,""t"":0},{""x"":1055,""y"":406,""t"":79},{""x"":1005,""y"":302,""t"":163},{""x"":989,""y"":233,""t"":226},{""x"":1000,""y"":155,""t"":289},{""x"":988,""y"":93,""t"":352},{""x"":955,""y"":24,""t"":414},{""x"":768,""y"":-47,""t"":476},{""x"":707,""y"":-89,""t"":537},{""x"":571,""y"":-93,""t"":600},{""x"":440,""y"":-121,""t"":663},{""x"":348,""y"":-120,""t"":727},{""x"":349,""y"":-91,""t"":789},{""x"":311,""y"":-65,""t"":850},{""x"":277,""y"":-63,""t"":912},{""x"":245,""y"":-52,""t"":974},{""x"":276,""y"":-46,""t"":1037},{""x"":324,""y"":-38,""t"":1098},{""x"":390,""y"":-31,""t"":1160},{""x"":455,""y"":-7,""t"":1223},{""x"":479,""y"":12,""t"":1284},{""x"":484,""y"":22,""t"":1372},{""x"":483,""y"":44,""t"":1435},{""x"":451,""y"":39,""t"":1497},{""x"":475,""y"":24,""t"":1561},{""x"":428,""y"":-5,""t"":1628},{""x"":386,""y"":-36,""t"":1691},{""x"":453,""y"":-96,""t"":1754},{""x"":565,""y"":-87,""t"":1817},{""x"":713,""y"":-78,""t"":1896},{""x"":811,""y"":-75,""t"":1957},{""x"":892,""y"":-73,""t"":2020},{""x"":1026,""y"":-52,""t"":2082},{""x"":1083,""y"":-48,""t"":2144},{""x"":1157,""y"":-22,""t"":2206},{""x"":1187,""y"":1,""t"":2287},{""x"":1230,""y"":7,""t"":2349},{""x"":1282,""y"":72,""t"":2411},{""x"":1232,""y"":63,""t"":2493},{""x"":1188,""y"":45,""t"":2559},{""x"":1134,""y"":-3,""t"":2621},{""x"":1125,""y"":-48,""t"":2685},{""x"":1150,""y"":-87,""t"":2747},{""x"":1153,""y"":-107,""t"":2809},{""x"":1074,""y"":-126,""t"":2871},{""x"":955,""y"":-112,""t"":2932},{""x"":782,""y"":-83,""t"":2994},{""x"":675,""y"":-70,""t"":3076},{""x"":579,""y"":-31,""t"":3138},{""x"":584,""y"":-9,""t"":3201},{""x"":430,""y"":-19,""t"":3263},{""x"":373,""y"":-24,""t"":3324},{""x"":331,""y"":-45,""t"":3404},{""x"":310,""y"":-45,""t"":3465},{""x"":370,""y"":-24,""t"":3528},{""x"":542,""y"":-13,""t"":3589},{""x"":724,""y"":-9,""t"":3669},{""x"":923,""y"":0,""t"":3731},{""x"":1014,""y"":-25,""t"":3793},{""x"":1009,""y"":-35,""t"":3874},{""x"":1014,""y"":-43,""t"":3935},{""x"":978,""y"":-19,""t"":3998},{""x"":898,""y"":-20,""t"":4061},{""x"":785,""y"":-9,""t"":4139},{""x"":711,""y"":12,""t"":4202},{""x"":657,""y"":32,""t"":4266},{""x"":575,""y"":39,""t"":4327},{""x"":590,""y"":70,""t"":4388},{""x"":713,""y"":72,""t"":4451},{""x"":797,""y"":93,""t"":4513},{""x"":920,""y"":103,""t"":4575},{""x"":948,""y"":89,""t"":4637},{""x"":1005,""y"":101,""t"":4700},{""x"":1047,""y"":86,""t"":4763},{""x"":1080,""y"":12,""t"":4826},{""x"":1177,""y"":-49,""t"":4888},{""x"":1256,""y"":-94,""t"":4951},{""x"":1205,""y"":-131,""t"":5013},{""x"":1235,""y"":-162,""t"":5079},{""x"":1242,""y"":-164,""t"":5142},{""x"":1173,""y"":119,""t"":5206},{""x"":1088,""y"":263,""t"":5269},{""x"":1185,""y"":301,""t"":5335},{""x"":1279,""y"":311,""t"":5398},{""x"":1211,""y"":243,""t"":5461},{""x"":1114,""y"":179,""t"":5524},{""x"":1024,""y"":132,""t"":5586},{""x"":921,""y"":82,""t"":5649},{""x"":784,""y"":33,""t"":5731},{""x"":664,""y"":-20,""t"":5794},{""x"":635,""y"":-57,""t"":5858},{""x"":649,""y"":-81,""t"":5921},{""x"":705,""y"":-106,""t"":5983},{""x"":768,""y"":-144,""t"":6045},{""x"":797,""y"":-177,""t"":6107},{""x"":806,""y"":-202,""t"":6169},{""x"":783,""y"":-199,""t"":6231},{""x"":718,""y"":35,""t"":6294},{""x"":815,""y"":264,""t"":6357}]",1,0.009765137270965655,0.9902348627290344,wa_dn_b-last_b-longer,0
115-alternatives,0,67,exp_88,0.0,621.0,0.5,0.38,3.0,4.0,higher_p,higher_m,0,1,alternatives,0.0,False,1.5,1.52,-0.02,0.2367304922727919,0.6,0.4,0.5,0.5,0.0,1.0,higher_p,higher_m,True,"{""durations"":[1500,1000,1500,1000],""alternatives"":[0,1,0,1],""attributes"":[""all"",""all"",""all"",""all""]}","[{""x"":974,""y"":-302,""t"":0},{""x"":932,""y"":-319,""t"":86},{""x"":943,""y"":-290,""t"":186},{""x"":957,""y"":-262,""t"":250},{""x"":985,""y"":-247,""t"":332},{""x"":958,""y"":-225,""t"":395},{""x"":1055,""y"":-213,""t"":458},{""x"":1101,""y"":-158,""t"":521},{""x"":1117,""y"":-105,""t"":584},{""x"":1127,""y"":-67,""t"":647},{""x"":1152,""y"":-54,""t"":739},{""x"":1194,""y"":-31,""t"":801},{""x"":1291,""y"":-27,""t"":864},{""x"":1359,""y"":-46,""t"":927},{""x"":1342,""y"":-103,""t"":990},{""x"":1396,""y"":-131,""t"":1052},{""x"":1428,""y"":-144,""t"":1116},{""x"":1414,""y"":-170,""t"":1179},{""x"":1393,""y"":-196,""t"":1241},{""x"":1454,""y"":-152,""t"":1303},{""x"":1443,""y"":-145,""t"":1366},{""x"":1431,""y"":-127,""t"":1429},{""x"":1397,""y"":-83,""t"":1492},{""x"":1316,""y"":-94,""t"":1554},{""x"":1367,""y"":-84,""t"":1617},{""x"":1395,""y"":-84,""t"":1683},{""x"":1416,""y"":-113,""t"":1766},{""x"":1341,""y"":-109,""t"":1828},{""x"":1376,""y"":-105,""t"":1891},{""x"":1273,""y"":-69,""t"":1954},{""x"":1082,""y"":-82,""t"":2015},{""x"":932,""y"":-84,""t"":2076},{""x"":776,""y"":-90,""t"":2138},{""x"":668,""y"":-84,""t"":2200},{""x"":581,""y"":-65,""t"":2263},{""x"":493,""y"":-46,""t"":2326},{""x"":448,""y"":-21,""t"":2388},{""x"":425,""y"":-11,""t"":2449},{""x"":425,""y"":18,""t"":2510},{""x"":429,""y"":19,""t"":2573},{""x"":466,""y"":25,""t"":2635},{""x"":461,""y"":22,""t"":2698},{""x"":504,""y"":21,""t"":2762},{""x"":510,""y"":9,""t"":2824},{""x"":506,""y"":-12,""t"":2885},{""x"":449,""y"":-44,""t"":2945},{""x"":490,""y"":-63,""t"":3008},{""x"":632,""y"":-70,""t"":3071},{""x"":872,""y"":-61,""t"":3134},{""x"":1009,""y"":-83,""t"":3197},{""x"":1046,""y"":-138,""t"":3259},{""x"":1148,""y"":-166,""t"":3321},{""x"":1240,""y"":-156,""t"":3384},{""x"":1367,""y"":-121,""t"":3447},{""x"":1450,""y"":-106,""t"":3510},{""x"":1453,""y"":-124,""t"":3572},{""x"":1403,""y"":-118,""t"":3634},{""x"":1389,""y"":-135,""t"":3697},{""x"":1359,""y"":-130,""t"":3761},{""x"":1280,""y"":-137,""t"":3821},{""x"":1237,""y"":-154,""t"":3882},{""x"":1212,""y"":-145,""t"":3944},{""x"":1217,""y"":-154,""t"":4006},{""x"":1276,""y"":-107,""t"":4069},{""x"":1269,""y"":-131,""t"":4131},{""x"":1256,""y"":-123,""t"":4192},{""x"":1206,""y"":-127,""t"":4254},{""x"":1185,""y"":-131,""t"":4333},{""x"":1146,""y"":-126,""t"":4395},{""x"":1123,""y"":-128,""t"":4458},{""x"":978,""y"":-112,""t"":4521},{""x"":837,""y"":-123,""t"":4584},{""x"":758,""y"":-101,""t"":4648},{""x"":619,""y"":-121,""t"":4710},{""x"":482,""y"":-143,""t"":4771},{""x"":481,""y"":-125,""t"":4836},{""x"":444,""y"":-138,""t"":4898},{""x"":407,""y"":-102,""t"":4961},{""x"":342,""y"":-89,""t"":5022},{""x"":343,""y"":-66,""t"":5083},{""x"":372,""y"":-47,""t"":5144},{""x"":345,""y"":-14,""t"":5205},{""x"":372,""y"":17,""t"":5267},{""x"":402,""y"":38,""t"":5330},{""x"":413,""y"":68,""t"":5394},{""x"":394,""y"":63,""t"":5455},{""x"":447,""y"":91,""t"":5517},{""x"":486,""y"":110,""t"":5580},{""x"":427,""y"":103,""t"":5641},{""x"":469,""y"":100,""t"":5702},{""x"":564,""y"":81,""t"":5765},{""x"":586,""y"":161,""t"":5827},{""x"":724,""y"":367,""t"":5888},{""x"":910,""y"":399,""t"":5952},{""x"":1064,""y"":363,""t"":6046},{""x"":1188,""y"":295,""t"":6120},{""x"":1291,""y"":249,""t"":6180},{""x"":1335,""y"":187,""t"":6242},{""x"":1366,""y"":147,""t"":6304},{""x"":1398,""y"":66,""t"":6367},{""x"":1358,""y"":-53,""t"":6429}]",0,0.4618203407403145,0.5381796592596854,wa_dn_b-last_b-longer,0
115-alternatives,0,68,exp_114,0.0,496.8000000119209,0.49,0.22,4.2,7.9,higher_p,higher_m,0,1,alternatives,0.0,False,2.058,1.738,0.3199999999999998,0.5866799156325714,0.6,0.4,0.5,0.5,0.0,0.0,higher_p,higher_p,True,"{""durations"":[1000,1500,1000,1500],""alternatives"":[1,0,1,0],""attributes"":[""all"",""all"",""all"",""all""]}","[{""x"":984,""y"":-592,""t"":0},{""x"":883,""y"":-527,""t"":70},{""x"":842,""y"":-471,""t"":145},{""x"":729,""y"":-409,""t"":219},{""x"":669,""y"":-344,""t"":281},{""x"":597,""y"":-283,""t"":344},{""x"":612,""y"":-207,""t"":406},{""x"":715,""y"":-143,""t"":469},{""x"":791,""y"":-93,""t"":547},{""x"":923,""y"":-57,""t"":608},{""x"":1020,""y"":0,""t"":670},{""x"":1212,""y"":75,""t"":730},{""x"":1229,""y"":77,""t"":791},{""x"":1264,""y"":64,""t"":852},{""x"":1276,""y"":-4,""t"":914},{""x"":1305,""y"":-69,""t"":977},{""x"":1300,""y"":-129,""t"":1040},{""x"":1293,""y"":-169,""t"":1104},{""x"":1298,""y"":-208,""t"":1172},{""x"":1292,""y"":-239,""t"":1236},{""x"":1293,""y"":-258,""t"":1315},{""x"":1281,""y"":-253,""t"":1378},{""x"":1160,""y"":-198,""t"":1440},{""x"":957,""y"":-153,""t"":1501},{""x"":836,""y"":-119,""t"":1563},{""x"":673,""y"":-66,""t"":1626},{""x"":510,""y"":-32,""t"":1688},{""x"":459,""y"":3,""t"":1750},{""x"":279,""y"":-4,""t"":1812},{""x"":330,""y"":20,""t"":1873},{""x"":389,""y"":62,""t"":1935},{""x"":402,""y"":79,""t"":1999},{""x"":401,""y"":100,""t"":2062},{""x"":464,""y"":118,""t"":2124},{""x"":531,""y"":137,""t"":2186},{""x"":596,""y"":135,""t"":2246},{""x"":589,""y"":132,""t"":2308},{""x"":554,""y"":106,""t"":2389},{""x"":576,""y"":128,""t"":2452},{""x"":561,""y"":116,""t"":2534},{""x"":566,""y"":94,""t"":2603},{""x"":566,""y"":25,""t"":2664},{""x"":607,""y"":20,""t"":2727},{""x"":561,""y"":-24,""t"":2791},{""x"":612,""y"":-33,""t"":2872},{""x"":765,""y"":-49,""t"":2953},{""x"":931,""y"":-60,""t"":3015},{""x"":1129,""y"":-42,""t"":3077},{""x"":1262,""y"":-23,""t"":3139},{""x"":1285,""y"":-45,""t"":3219},{""x"":1332,""y"":-27,""t"":3281},{""x"":1413,""y"":-37,""t"":3343},{""x"":1418,""y"":-62,""t"":3407},{""x"":1408,""y"":-126,""t"":3468},{""x"":1401,""y"":-177,""t"":3530},{""x"":1394,""y"":-227,""t"":3594},{""x"":1375,""y"":-278,""t"":3656},{""x"":1362,""y"":-294,""t"":3719},{""x"":1367,""y"":-345,""t"":3812},{""x"":1336,""y"":-341,""t"":3874},{""x"":1347,""y"":-379,""t"":3936},{""x"":1211,""y"":-401,""t"":3999},{""x"":1071,""y"":-356,""t"":4061},{""x"":847,""y"":-357,""t"":4123},{""x"":713,""y"":-311,""t"":4184},{""x"":617,""y"":-262,""t"":4246},{""x"":557,""y"":-249,""t"":4308},{""x"":421,""y"":-246,""t"":4369},{""x"":414,""y"":-215,""t"":4449},{""x"":406,""y"":-159,""t"":4511},{""x"":448,""y"":-97,""t"":4573},{""x"":403,""y"":-49,""t"":4636},{""x"":406,""y"":-11,""t"":4697},{""x"":388,""y"":75,""t"":4760},{""x"":511,""y"":320,""t"":4822},{""x"":672,""y"":520,""t"":4886},{""x"":927,""y"":626,""t"":4949},{""x"":1032,""y"":606,""t"":5011},{""x"":1201,""y"":613,""t"":5073},{""x"":1363,""y"":633,""t"":5134},{""x"":1375,""y"":561,""t"":5214},{""x"":1458,""y"":535,""t"":5278},{""x"":1439,""y"":492,""t"":5341},{""x"":1511,""y"":453,""t"":5402},{""x"":1521,""y"":432,""t"":5463},{""x"":1433,""y"":351,""t"":5525},{""x"":1326,""y"":260,""t"":5588},{""x"":1164,""y"":207,""t"":5649},{""x"":1057,""y"":149,""t"":5712},{""x"":960,""y"":129,""t"":5775},{""x"":803,""y"":120,""t"":5838},{""x"":716,""y"":102,""t"":5900},{""x"":566,""y"":75,""t"":5964},{""x"":523,""y"":67,""t"":6025},{""x"":450,""y"":66,""t"":6087},{""x"":437,""y"":69,""t"":6149},{""x"":498,""y"":293,""t"":6209},{""x"":557,""y"":425,""t"":6272}]",0,0.9860687733562846,0.013931226643715362,wa_dn_b-last_b-longer,0
115-alternatives,1,70,exp_16,1.0,700.3999999761581,0.28,0.17,4.3,8.3,higher_p,higher_m,0,1,alternatives,0.0,False,1.204,1.4110000000000005,-0.2070000000000003,0.0442583094249128,0.6,0.4,0.5,0.5,0.0,1.0,higher_p,higher_m,False,"{""durations"":[1500,1000,1500,1000],""alternatives"":[0,1,0,1],""attributes"":[""all"",""all"",""all"",""all""]}","[{""x"":1222,""y"":497,""t"":0},{""x"":1254,""y"":545,""t"":83},{""x"":1241,""y"":613,""t"":177},{""x"":1225,""y"":626,""t"":239},{""x"":1243,""y"":617,""t"":302},{""x"":1265,""y"":675,""t"":365},{""x"":1249,""y"":730,""t"":428},{""x"":1253,""y"":748,""t"":490},{""x"":1272,""y"":825,""t"":552},{""x"":1310,""y"":854,""t"":615},{""x"":1371,""y"":889,""t"":694},{""x"":1421,""y"":950,""t"":758},{""x"":1445,""y"":943,""t"":820},{""x"":1463,""y"":932,""t"":882},{""x"":1537,""y"":898,""t"":943},{""x"":1596,""y"":855,""t"":1005},{""x"":1644,""y"":806,""t"":1066},{""x"":1638,""y"":754,""t"":1129},{""x"":1604,""y"":723,""t"":1207},{""x"":1604,""y"":701,""t"":1268},{""x"":1562,""y"":612,""t"":1330},{""x"":1619,""y"":613,""t"":1393},{""x"":1589,""y"":658,""t"":1455},{""x"":1568,""y"":671,""t"":1535},{""x"":1509,""y"":730,""t"":1599},{""x"":1580,""y"":772,""t"":1666},{""x"":1601,""y"":738,""t"":1728},{""x"":1635,""y"":685,""t"":1792},{""x"":1712,""y"":657,""t"":1854},{""x"":1734,""y"":637,""t"":1915},{""x"":1612,""y"":665,""t"":1977},{""x"":1398,""y"":688,""t"":2040},{""x"":1232,""y"":736,""t"":2119},{""x"":1085,""y"":759,""t"":2182},{""x"":981,""y"":748,""t"":2245},{""x"":899,""y"":763,""t"":2322},{""x"":859,""y"":741,""t"":2396},{""x"":864,""y"":694,""t"":2477},{""x"":902,""y"":651,""t"":2539},{""x"":895,""y"":568,""t"":2617},{""x"":861,""y"":613,""t"":2681},{""x"":852,""y"":639,""t"":2745},{""x"":824,""y"":651,""t"":2805},{""x"":821,""y"":671,""t"":2866},{""x"":793,""y"":722,""t"":2928},{""x"":805,""y"":701,""t"":2990},{""x"":918,""y"":761,""t"":3051},{""x"":1003,""y"":738,""t"":3114},{""x"":1083,""y"":709,""t"":3176},{""x"":1192,""y"":737,""t"":3238},{""x"":1268,""y"":754,""t"":3301},{""x"":1360,""y"":740,""t"":3370},{""x"":1449,""y"":689,""t"":3458},{""x"":1555,""y"":667,""t"":3522},{""x"":1599,""y"":646,""t"":3585},{""x"":1642,""y"":588,""t"":3647},{""x"":1653,""y"":568,""t"":3736},{""x"":1688,""y"":561,""t"":3801},{""x"":1565,""y"":528,""t"":3863},{""x"":1383,""y"":489,""t"":3928},{""x"":1244,""y"":481,""t"":3991},{""x"":1132,""y"":501,""t"":4054},{""x"":1065,""y"":476,""t"":4116},{""x"":971,""y"":435,""t"":4179},{""x"":903,""y"":382,""t"":4241},{""x"":870,""y"":361,""t"":4309},{""x"":877,""y"":373,""t"":4372},{""x"":884,""y"":369,""t"":4433},{""x"":899,""y"":375,""t"":4495},{""x"":952,""y"":375,""t"":4557},{""x"":945,""y"":410,""t"":4621},{""x"":980,""y"":468,""t"":4682},{""x"":1013,""y"":516,""t"":4745},{""x"":1068,""y"":568,""t"":4807},{""x"":1121,""y"":627,""t"":4869},{""x"":1119,""y"":659,""t"":4947},{""x"":1111,""y"":712,""t"":5008},{""x"":1130,""y"":732,""t"":5070},{""x"":1136,""y"":769,""t"":5133},{""x"":1163,""y"":804,""t"":5194},{""x"":1211,""y"":799,""t"":5255},{""x"":1153,""y"":794,""t"":5317},{""x"":1082,""y"":760,""t"":5379},{""x"":1031,""y"":707,""t"":5442},{""x"":955,""y"":692,""t"":5506},{""x"":889,""y"":685,""t"":5568},{""x"":978,""y"":693,""t"":5630},{""x"":1062,""y"":697,""t"":5691},{""x"":1127,""y"":711,""t"":5753},{""x"":1208,""y"":731,""t"":5814},{""x"":1273,""y"":723,""t"":5875},{""x"":1255,""y"":699,""t"":5938},{""x"":1275,""y"":686,""t"":6018},{""x"":1276,""y"":658,""t"":6081},{""x"":1286,""y"":667,""t"":6143},{""x"":1331,""y"":685,""t"":6205},{""x"":1278,""y"":695,""t"":6267},{""x"":1224,""y"":676,""t"":6329},{""x"":1233,""y"":655,""t"":6391},{""x"":1207,""y"":670,""t"":6453},{""x"":1101,""y"":703,""t"":6517}]",1,0.13975939418376376,0.8602406058162362,wa_dn_b-last_b-longer,0
115-alternatives,1,73,exp_6,0.0,499.8000000119209,0.79,0.49,5.300000000000001,8.3,higher_p,higher_m,0,1,alternatives,0.0,False,4.187000000000001,4.067,0.120000000000001,0.3808273136562316,0.4,0.6,0.5,0.5,1.0,1.0,higher_m,higher_m,True,"{""durations"":[1000,1500,1000,1500],""alternatives"":[0,1,0,1],""attributes"":[""all"",""all"",""all"",""all""]}","[{""x"":1079,""y"":677,""t"":0},{""x"":1069,""y"":664,""t"":85},{""x"":1041,""y"":654,""t"":169},{""x"":1050,""y"":612,""t"":232},{""x"":1091,""y"":573,""t"":294},{""x"":1090,""y"":577,""t"":356},{""x"":1133,""y"":547,""t"":418},{""x"":1233,""y"":583,""t"":481},{""x"":1288,""y"":609,""t"":561},{""x"":1371,""y"":628,""t"":635},{""x"":1410,""y"":629,""t"":715},{""x"":1455,""y"":584,""t"":802},{""x"":1526,""y"":573,""t"":869},{""x"":1572,""y"":567,""t"":931},{""x"":1597,""y"":528,""t"":993},{""x"":1615,""y"":497,""t"":1057},{""x"":1642,""y"":459,""t"":1135},{""x"":1664,""y"":437,""t"":1196},{""x"":1686,""y"":413,""t"":1277},{""x"":1657,""y"":421,""t"":1339},{""x"":1403,""y"":455,""t"":1401},{""x"":1178,""y"":470,""t"":1463},{""x"":1009,""y"":492,""t"":1527},{""x"":887,""y"":570,""t"":1590},{""x"":803,""y"":638,""t"":1652},{""x"":690,""y"":690,""t"":1714},{""x"":669,""y"":748,""t"":1775},{""x"":648,""y"":625,""t"":1839},{""x"":628,""y"":501,""t"":1902},{""x"":573,""y"":401,""t"":1965},{""x"":529,""y"":371,""t"":2027},{""x"":538,""y"":274,""t"":2090},{""x"":485,""y"":157,""t"":2153},{""x"":482,""y"":55,""t"":2214},{""x"":485,""y"":-27,""t"":2277},{""x"":485,""y"":-78,""t"":2338},{""x"":525,""y"":-99,""t"":2399},{""x"":529,""y"":-102,""t"":2462},{""x"":543,""y"":-84,""t"":2524},{""x"":556,""y"":-83,""t"":2587},{""x"":567,""y"":-69,""t"":2651},{""x"":784,""y"":22,""t"":2717},{""x"":1037,""y"":162,""t"":2780},{""x"":1180,""y"":251,""t"":2843},{""x"":1313,""y"":312,""t"":2905},{""x"":1418,""y"":360,""t"":2967},{""x"":1530,""y"":368,""t"":3028},{""x"":1589,""y"":365,""t"":3090},{""x"":1631,""y"":341,""t"":3152},{""x"":1665,""y"":432,""t"":3214},{""x"":1678,""y"":504,""t"":3277},{""x"":1671,""y"":587,""t"":3339},{""x"":1691,""y"":664,""t"":3402},{""x"":1689,""y"":698,""t"":3465},{""x"":1677,""y"":730,""t"":3527},{""x"":1696,""y"":736,""t"":3590},{""x"":1709,""y"":737,""t"":3651},{""x"":1642,""y"":665,""t"":3713},{""x"":1631,""y"":591,""t"":3801},{""x"":1576,""y"":554,""t"":3865},{""x"":1504,""y"":533,""t"":3926},{""x"":1493,""y"":495,""t"":3987},{""x"":1483,""y"":468,""t"":4049},{""x"":1519,""y"":442,""t"":4110},{""x"":1434,""y"":450,""t"":4173},{""x"":1244,""y"":536,""t"":4235},{""x"":1101,""y"":632,""t"":4298},{""x"":956,""y"":642,""t"":4360},{""x"":925,""y"":733,""t"":4423},{""x"":887,""y"":793,""t"":4484},{""x"":840,""y"":824,""t"":4547},{""x"":803,""y"":879,""t"":4608},{""x"":739,""y"":914,""t"":4671},{""x"":694,""y"":925,""t"":4732},{""x"":695,""y"":824,""t"":4795},{""x"":618,""y"":691,""t"":4857},{""x"":615,""y"":640,""t"":4918},{""x"":614,""y"":496,""t"":4979},{""x"":594,""y"":378,""t"":5042},{""x"":573,""y"":286,""t"":5105},{""x"":571,""y"":150,""t"":5167},{""x"":660,""y"":141,""t"":5229},{""x"":774,""y"":230,""t"":5311},{""x"":943,""y"":283,""t"":5376},{""x"":1135,""y"":369,""t"":5437},{""x"":1298,""y"":375,""t"":5501},{""x"":1398,""y"":444,""t"":5563},{""x"":1497,""y"":497,""t"":5625},{""x"":1475,""y"":561,""t"":5685},{""x"":1434,""y"":578,""t"":5748},{""x"":1361,""y"":565,""t"":5810},{""x"":1313,""y"":554,""t"":5890},{""x"":1253,""y"":533,""t"":5953},{""x"":1207,""y"":495,""t"":6014},{""x"":1177,""y"":472,""t"":6075},{""x"":1129,""y"":476,""t"":6148},{""x"":1195,""y"":496,""t"":6218},{""x"":1259,""y"":489,""t"":6280},{""x"":1235,""y"":491,""t"":6346}]",0,0.7019471986892455,0.29805280131075446,wa_dn_b-last_b-longer,0
115-alternatives,1,75,exp_76,0.0,375.9000000357628,0.8,0.2,4.0,6.799999999999999,higher_p,higher_m,0,1,alternatives,0.0,False,3.2,1.36,1.8400000000000003,2.151159690652763,0.4,0.6,0.5,0.5,1.0,0.0,higher_m,higher_p,True,"{""durations"":[1500,1000,1500,1000],""alternatives"":[1,0,1,0],""attributes"":[""all"",""all"",""all"",""all""]}","[{""x"":1177,""y"":196,""t"":0},{""x"":1111,""y"":188,""t"":78},{""x"":1066,""y"":176,""t"":169},{""x"":1038,""y"":219,""t"":252},{""x"":1026,""y"":211,""t"":315},{""x"":1005,""y"":235,""t"":378},{""x"":964,""y"":275,""t"":439},{""x"":1011,""y"":317,""t"":501},{""x"":1083,""y"":377,""t"":563},{""x"":1142,""y"":475,""t"":641},{""x"":1216,""y"":534,""t"":703},{""x"":1307,""y"":585,""t"":764},{""x"":1304,""y"":604,""t"":826},{""x"":1387,""y"":627,""t"":888},{""x"":1447,""y"":663,""t"":951},{""x"":1537,""y"":682,""t"":1014},{""x"":1593,""y"":646,""t"":1097},{""x"":1613,""y"":589,""t"":1159},{""x"":1649,""y"":546,""t"":1221},{""x"":1701,""y"":475,""t"":1284},{""x"":1694,""y"":437,""t"":1348},{""x"":1683,""y"":406,""t"":1409},{""x"":1702,""y"":363,""t"":1470},{""x"":1725,""y"":333,""t"":1534},{""x"":1795,""y"":296,""t"":1596},{""x"":1740,""y"":263,""t"":1667},{""x"":1711,""y"":267,""t"":1729},{""x"":1622,""y"":238,""t"":1789},{""x"":1506,""y"":288,""t"":1851},{""x"":1250,""y"":375,""t"":1913},{""x"":1055,""y"":438,""t"":1974},{""x"":902,""y"":527,""t"":2037},{""x"":784,""y"":596,""t"":2099},{""x"":715,""y"":616,""t"":2161},{""x"":619,""y"":633,""t"":2223},{""x"":534,""y"":638,""t"":2287},{""x"":478,""y"":606,""t"":2348},{""x"":447,""y"":537,""t"":2409},{""x"":391,""y"":486,""t"":2471},{""x"":336,""y"":442,""t"":2534},{""x"":351,""y"":393,""t"":2597},{""x"":357,""y"":368,""t"":2661},{""x"":381,""y"":313,""t"":2726},{""x"":407,""y"":280,""t"":2787},{""x"":438,""y"":297,""t"":2849},{""x"":508,""y"":292,""t"":2912},{""x"":595,""y"":291,""t"":2974},{""x"":790,""y"":351,""t"":3037},{""x"":924,""y"":394,""t"":3100},{""x"":1075,""y"":407,""t"":3162},{""x"":1209,""y"":407,""t"":3223},{""x"":1307,""y"":400,""t"":3287},{""x"":1455,""y"":390,""t"":3349},{""x"":1542,""y"":409,""t"":3411},{""x"":1616,""y"":390,""t"":3475},{""x"":1644,""y"":367,""t"":3538},{""x"":1696,""y"":355,""t"":3600},{""x"":1697,""y"":358,""t"":3663},{""x"":1674,""y"":353,""t"":3731},{""x"":1495,""y"":381,""t"":3796},{""x"":1327,""y"":393,""t"":3857},{""x"":1134,""y"":369,""t"":3948},{""x"":976,""y"":367,""t"":4011},{""x"":817,""y"":376,""t"":4072},{""x"":743,""y"":361,""t"":4133},{""x"":871,""y"":407,""t"":4211},{""x"":1045,""y"":484,""t"":4273},{""x"":1178,""y"":505,""t"":4338},{""x"":1277,""y"":531,""t"":4401},{""x"":1213,""y"":561,""t"":4463},{""x"":1134,""y"":602,""t"":4527},{""x"":999,""y"":675,""t"":4591},{""x"":920,""y"":670,""t"":4656},{""x"":832,""y"":699,""t"":4718},{""x"":751,""y"":699,""t"":4782},{""x"":716,""y"":728,""t"":4845},{""x"":611,""y"":714,""t"":4906},{""x"":556,""y"":639,""t"":4968},{""x"":566,""y"":623,""t"":5031},{""x"":549,""y"":564,""t"":5115},{""x"":515,""y"":504,""t"":5186},{""x"":473,""y"":452,""t"":5260},{""x"":488,""y"":436,""t"":5324},{""x"":498,""y"":394,""t"":5386},{""x"":457,""y"":360,""t"":5450},{""x"":430,""y"":355,""t"":5512},{""x"":486,""y"":344,""t"":5575},{""x"":481,""y"":287,""t"":5636},{""x"":559,""y"":321,""t"":5698},{""x"":663,""y"":362,""t"":5762},{""x"":767,""y"":403,""t"":5825},{""x"":805,""y"":433,""t"":5887},{""x"":910,""y"":449,""t"":5951},{""x"":957,""y"":462,""t"":6013},{""x"":997,""y"":496,""t"":6075},{""x"":1012,""y"":492,""t"":6137},{""x"":1084,""y"":549,""t"":6199},{""x"":1185,""y"":585,""t"":6260}]",0,0.9999985181644875,1.481835512492454e-06,wa_dn_b-last_b-longer,0
115-alternatives,1,76,exp_54,0.0,472.8999999761581,0.49,0.32,6.9,8.2,higher_p,higher_m,0,1,alternatives,0.0,False,3.381,2.624,0.7570000000000006,1.0364678509508771,0.4,0.6,0.5,0.5,1.0,1.0,higher_m,higher_m,True,"{""durations"":[1000,1500,1000,1500],""alternatives"":[0,1,0,1],""attributes"":[""all"",""all"",""all"",""all""]}","[{""x"":1006,""y"":609,""t"":0},{""x"":961,""y"":588,""t"":107},{""x"":1011,""y"":552,""t"":190},{""x"":1046,""y"":526,""t"":252},{""x"":1059,""y"":497,""t"":314},{""x"":1068,""y"":515,""t"":377},{""x"":1052,""y"":525,""t"":439},{""x"":1067,""y"":517,""t"":501},{""x"":1088,""y"":491,""t"":564},{""x"":1121,""y"":500,""t"":625},{""x"":1182,""y"":508,""t"":689},{""x"":1281,""y"":530,""t"":751},{""x"":1366,""y"":506,""t"":813},{""x"":1408,""y"":496,""t"":874},{""x"":1471,""y"":468,""t"":938},{""x"":1473,""y"":474,""t"":1001},{""x"":1489,""y"":377,""t"":1065},{""x"":1429,""y"":392,""t"":1137},{""x"":1529,""y"":316,""t"":1200},{""x"":1544,""y"":235,""t"":1263},{""x"":1501,""y"":201,""t"":1324},{""x"":1451,""y"":213,""t"":1386},{""x"":1435,""y"":227,""t"":1448},{""x"":1450,""y"":198,""t"":1510},{""x"":1385,""y"":213,""t"":1572},{""x"":1324,""y"":277,""t"":1633},{""x"":1311,""y"":295,""t"":1695},{""x"":1331,""y"":343,""t"":1756},{""x"":1275,""y"":409,""t"":1836},{""x"":1214,""y"":436,""t"":1899},{""x"":1018,""y"":420,""t"":1961},{""x"":951,""y"":387,""t"":2023},{""x"":963,""y"":359,""t"":2085},{""x"":820,""y"":249,""t"":2148},{""x"":719,""y"":157,""t"":2210},{""x"":698,""y"":164,""t"":2273},{""x"":727,""y"":137,""t"":2335},{""x"":623,""y"":82,""t"":2396},{""x"":615,""y"":123,""t"":2457},{""x"":606,""y"":102,""t"":2519},{""x"":648,""y"":102,""t"":2581},{""x"":724,""y"":71,""t"":2645},{""x"":742,""y"":73,""t"":2710},{""x"":782,""y"":107,""t"":2774},{""x"":763,""y"":161,""t"":2836},{""x"":812,""y"":216,""t"":2899},{""x"":967,""y"":299,""t"":2960},{""x"":1126,""y"":380,""t"":3022},{""x"":1214,""y"":419,""t"":3083},{""x"":1277,""y"":435,""t"":3145},{""x"":1364,""y"":419,""t"":3207},{""x"":1387,""y"":425,""t"":3269},{""x"":1407,""y"":392,""t"":3332},{""x"":1478,""y"":398,""t"":3394},{""x"":1535,""y"":409,""t"":3454},{""x"":1575,""y"":433,""t"":3518},{""x"":1583,""y"":480,""t"":3578},{""x"":1576,""y"":531,""t"":3645},{""x"":1553,""y"":528,""t"":3708},{""x"":1453,""y"":533,""t"":3772},{""x"":1497,""y"":543,""t"":3833},{""x"":1515,""y"":517,""t"":3894},{""x"":1527,""y"":537,""t"":3954},{""x"":1519,""y"":526,""t"":4018},{""x"":1408,""y"":428,""t"":4080},{""x"":1413,""y"":421,""t"":4142},{""x"":1303,""y"":356,""t"":4206},{""x"":1248,""y"":347,""t"":4269},{""x"":1106,""y"":261,""t"":4332},{""x"":928,""y"":188,""t"":4394},{""x"":830,""y"":190,""t"":4456},{""x"":697,""y"":134,""t"":4518},{""x"":557,""y"":83,""t"":4580},{""x"":426,""y"":54,""t"":4643},{""x"":303,""y"":-35,""t"":4706},{""x"":372,""y"":-31,""t"":4768},{""x"":321,""y"":-21,""t"":4830},{""x"":305,""y"":11,""t"":4893},{""x"":344,""y"":28,""t"":4973},{""x"":345,""y"":33,""t"":5037},{""x"":373,""y"":31,""t"":5100},{""x"":418,""y"":-16,""t"":5161},{""x"":447,""y"":26,""t"":5241},{""x"":457,""y"":71,""t"":5323},{""x"":414,""y"":42,""t"":5406},{""x"":454,""y"":52,""t"":5480},{""x"":594,""y"":23,""t"":5542},{""x"":793,""y"":122,""t"":5605},{""x"":931,""y"":194,""t"":5667},{""x"":1054,""y"":215,""t"":5731},{""x"":1133,""y"":207,""t"":5796},{""x"":1219,""y"":215,""t"":5861},{""x"":1315,""y"":208,""t"":5925},{""x"":1370,""y"":206,""t"":5988},{""x"":1400,""y"":232,""t"":6052},{""x"":1401,""y"":219,""t"":6114},{""x"":1378,""y"":272,""t"":6195},{""x"":1400,""y"":345,""t"":6257},{""x"":1356,""y"":380,""t"":6319}]",0,0.9852257378860431,0.014774262113957,wa_dn_b-last_b-longer,0
115-alternatives,1,77,exp_32,1.0,588.3000000119209,0.79,0.7,2.0,3.2,higher_p,higher_m,0,1,alternatives,0.0,False,1.58,2.24,-0.6599999999999997,-0.4219978340514987,0.6,0.4,0.5,0.5,0.0,1.0,higher_p,higher_m,False,"{""durations"":[1500,1000,1500,1000],""alternatives"":[0,1,0,1],""attributes"":[""all"",""all"",""all"",""all""]}","[{""x"":1151,""y"":-296,""t"":0},{""x"":1191,""y"":-386,""t"":76},{""x"":1220,""y"":-466,""t"":155},{""x"":1203,""y"":-464,""t"":240},{""x"":1113,""y"":-358,""t"":302},{""x"":1059,""y"":-230,""t"":365},{""x"":1008,""y"":-186,""t"":428},{""x"":928,""y"":-40,""t"":488},{""x"":845,""y"":90,""t"":550},{""x"":788,""y"":199,""t"":621},{""x"":691,""y"":302,""t"":683},{""x"":628,""y"":427,""t"":746},{""x"":574,""y"":502,""t"":810},{""x"":497,""y"":565,""t"":872},{""x"":406,""y"":525,""t"":934},{""x"":381,""y"":511,""t"":997},{""x"":351,""y"":477,""t"":1058},{""x"":370,""y"":471,""t"":1119},{""x"":408,""y"":437,""t"":1181},{""x"":420,""y"":423,""t"":1243},{""x"":472,""y"":437,""t"":1305},{""x"":510,""y"":376,""t"":1368},{""x"":573,""y"":371,""t"":1430},{""x"":643,""y"":399,""t"":1492},{""x"":693,""y"":441,""t"":1556},{""x"":740,""y"":445,""t"":1637},{""x"":746,""y"":455,""t"":1708},{""x"":743,""y"":476,""t"":1770},{""x"":790,""y"":499,""t"":1833},{""x"":922,""y"":554,""t"":1895},{""x"":1006,""y"":590,""t"":1956},{""x"":1148,""y"":576,""t"":2018},{""x"":1234,""y"":568,""t"":2080},{""x"":1319,""y"":539,""t"":2142},{""x"":1362,""y"":527,""t"":2203},{""x"":1458,""y"":540,""t"":2265},{""x"":1500,""y"":515,""t"":2327},{""x"":1549,""y"":505,""t"":2391},{""x"":1534,""y"":497,""t"":2453},{""x"":1536,""y"":484,""t"":2532},{""x"":1484,""y"":473,""t"":2612},{""x"":1454,""y"":469,""t"":2675},{""x"":1449,""y"":397,""t"":2737},{""x"":1458,""y"":358,""t"":2803},{""x"":1452,""y"":383,""t"":2866},{""x"":1463,""y"":354,""t"":2928},{""x"":1463,""y"":366,""t"":2990},{""x"":1319,""y"":345,""t"":3072},{""x"":1181,""y"":333,""t"":3135},{""x"":1064,""y"":323,""t"":3196},{""x"":943,""y"":329,""t"":3258},{""x"":843,""y"":336,""t"":3340},{""x"":758,""y"":365,""t"":3417},{""x"":736,""y"":401,""t"":3480},{""x"":711,""y"":440,""t"":3542},{""x"":634,""y"":456,""t"":3605},{""x"":607,""y"":503,""t"":3668},{""x"":599,""y"":563,""t"":3728},{""x"":758,""y"":616,""t"":3789},{""x"":875,""y"":639,""t"":3852},{""x"":1042,""y"":719,""t"":3913},{""x"":1131,""y"":717,""t"":3975},{""x"":1245,""y"":717,""t"":4038},{""x"":1316,""y"":718,""t"":4100},{""x"":1369,""y"":675,""t"":4163},{""x"":1469,""y"":664,""t"":4242},{""x"":1536,""y"":654,""t"":4305},{""x"":1555,""y"":641,""t"":4371},{""x"":1572,""y"":636,""t"":4433},{""x"":1537,""y"":591,""t"":4514},{""x"":1471,""y"":543,""t"":4576},{""x"":1449,""y"":543,""t"":4637},{""x"":1436,""y"":520,""t"":4716},{""x"":1433,""y"":507,""t"":4784},{""x"":1419,""y"":508,""t"":4849},{""x"":1447,""y"":423,""t"":4911},{""x"":1492,""y"":397,""t"":4974},{""x"":1497,""y"":321,""t"":5037},{""x"":1496,""y"":264,""t"":5099},{""x"":1450,""y"":173,""t"":5160},{""x"":1477,""y"":195,""t"":5222},{""x"":1440,""y"":163,""t"":5283},{""x"":1457,""y"":179,""t"":5346},{""x"":1415,""y"":141,""t"":5422},{""x"":1438,""y"":182,""t"":5505},{""x"":1423,""y"":208,""t"":5568},{""x"":1397,""y"":210,""t"":5631},{""x"":1390,""y"":220,""t"":5696},{""x"":1298,""y"":244,""t"":5758},{""x"":1200,""y"":277,""t"":5820},{""x"":1143,""y"":323,""t"":5884},{""x"":1110,""y"":392,""t"":5947},{""x"":1128,""y"":374,""t"":6010},{""x"":1151,""y"":409,""t"":6072},{""x"":1190,""y"":405,""t"":6153},{""x"":1209,""y"":437,""t"":6215},{""x"":1200,""y"":442,""t"":6278},{""x"":1248,""y"":414,""t"":6357},{""x"":1269,""y"":385,""t"":6420},{""x"":1320,""y"":353,""t"":6482},{""x"":1329,""y"":273,""t"":6542}]",1,0.0038138332920431995,0.9961861667079568,wa_dn_b-last_b-longer,0
115-alternatives,1,83,exp_2,0.0,438.9000000357628,0.79,0.49,5.300000000000001,8.3,higher_p,higher_m,0,1,alternatives,0.0,False,4.187000000000001,4.067,0.120000000000001,0.3808273136562316,0.6,0.4,0.5,0.5,0.0,0.0,higher_p,higher_p,True,"{""durations"":[1000,1500,1000,1500],""alternatives"":[1,0,1,0],""attributes"":[""all"",""all"",""all"",""all""]}","[{""x"":996,""y"":142,""t"":0},{""x"":969,""y"":175,""t"":70},{""x"":1011,""y"":186,""t"":143},{""x"":1038,""y"":246,""t"":234},{""x"":1057,""y"":251,""t"":298},{""x"":1063,""y"":307,""t"":361},{""x"":1021,""y"":356,""t"":440},{""x"":987,""y"":353,""t"":502},{""x"":881,""y"":347,""t"":565},{""x"":830,""y"":335,""t"":627},{""x"":819,""y"":290,""t"":690},{""x"":697,""y"":262,""t"":751},{""x"":703,""y"":239,""t"":813},{""x"":682,""y"":182,""t"":895},{""x"":685,""y"":147,""t"":958},{""x"":749,""y"":90,""t"":1020},{""x"":718,""y"":99,""t"":1082},{""x"":723,""y"":61,""t"":1154},{""x"":757,""y"":74,""t"":1227},{""x"":728,""y"":108,""t"":1288},{""x"":697,""y"":168,""t"":1351},{""x"":780,""y"":202,""t"":1429},{""x"":970,""y"":290,""t"":1509},{""x"":1169,""y"":369,""t"":1573},{""x"":1269,""y"":438,""t"":1649},{""x"":1324,""y"":453,""t"":1710},{""x"":1398,""y"":518,""t"":1790},{""x"":1462,""y"":567,""t"":1853},{""x"":1504,""y"":542,""t"":1913},{""x"":1476,""y"":512,""t"":1994},{""x"":1537,""y"":549,""t"":2056},{""x"":1509,""y"":570,""t"":2120},{""x"":1451,""y"":585,""t"":2181},{""x"":1441,""y"":576,""t"":2240},{""x"":1371,""y"":561,""t"":2318},{""x"":1237,""y"":617,""t"":2389},{""x"":1149,""y"":653,""t"":2452},{""x"":1087,""y"":640,""t"":2514},{""x"":1047,""y"":675,""t"":2576},{""x"":1007,""y"":671,""t"":2639},{""x"":990,""y"":667,""t"":2703},{""x"":973,""y"":638,""t"":2767},{""x"":903,""y"":602,""t"":2829},{""x"":866,""y"":571,""t"":2891},{""x"":800,""y"":573,""t"":2953},{""x"":766,""y"":611,""t"":3015},{""x"":837,""y"":625,""t"":3076},{""x"":766,""y"":646,""t"":3137},{""x"":755,""y"":617,""t"":3200},{""x"":773,""y"":582,""t"":3261},{""x"":861,""y"":580,""t"":3321},{""x"":918,""y"":579,""t"":3384},{""x"":1043,""y"":623,""t"":3446},{""x"":1139,""y"":672,""t"":3508},{""x"":1260,""y"":674,""t"":3570},{""x"":1349,""y"":642,""t"":3632},{""x"":1381,""y"":619,""t"":3693},{""x"":1413,""y"":599,""t"":3760},{""x"":1438,""y"":547,""t"":3822},{""x"":1458,""y"":503,""t"":3883},{""x"":1407,""y"":454,""t"":3944},{""x"":1403,""y"":419,""t"":4005},{""x"":1408,""y"":421,""t"":4067},{""x"":1457,""y"":454,""t"":4144},{""x"":1509,""y"":467,""t"":4226},{""x"":1505,""y"":469,""t"":4287},{""x"":1497,""y"":447,""t"":4349},{""x"":1515,""y"":443,""t"":4412},{""x"":1429,""y"":414,""t"":4474},{""x"":1390,""y"":345,""t"":4537},{""x"":1439,""y"":348,""t"":4600},{""x"":1458,""y"":343,""t"":4663},{""x"":1463,""y"":293,""t"":4725},{""x"":1498,""y"":279,""t"":4787},{""x"":1463,""y"":255,""t"":4847},{""x"":1345,""y"":198,""t"":4908},{""x"":1199,""y"":137,""t"":4969},{""x"":1094,""y"":78,""t"":5032},{""x"":924,""y"":30,""t"":5113},{""x"":908,""y"":32,""t"":5174},{""x"":829,""y"":38,""t"":5236},{""x"":740,""y"":24,""t"":5302},{""x"":762,""y"":44,""t"":5364},{""x"":769,""y"":116,""t"":5426},{""x"":709,""y"":134,""t"":5488},{""x"":733,""y"":141,""t"":5550},{""x"":786,""y"":169,""t"":5612},{""x"":888,""y"":205,""t"":5675},{""x"":983,""y"":413,""t"":5738},{""x"":1055,""y"":451,""t"":5798},{""x"":1145,""y"":450,""t"":5862},{""x"":1139,""y"":500,""t"":5924},{""x"":1195,""y"":518,""t"":5987},{""x"":1216,""y"":491,""t"":6050},{""x"":1193,""y"":511,""t"":6112},{""x"":1238,""y"":594,""t"":6173}]",0,0.8584956421520933,0.14150435784790663,wa_dn_b-last_b-longer,0
115-alternatives,1,86,exp_0,0.0,809.3000000119209,0.79,0.49,5.300000000000001,8.3,higher_p,higher_m,0,1,alternatives,0.0,False,4.187000000000001,4.067,0.120000000000001,0.3808273136562316,0.6,0.4,0.5,0.5,0.0,1.0,higher_p,higher_m,True,"{""durations"":[1500,1000,1500,1000],""alternatives"":[0,1,0,1],""attributes"":[""all"",""all"",""all"",""all""]}","[{""x"":1236,""y"":-16,""t"":0},{""x"":1189,""y"":-33,""t"":79},{""x"":1173,""y"":-6,""t"":167},{""x"":1097,""y"":20,""t"":229},{""x"":1053,""y"":83,""t"":293},{""x"":1034,""y"":170,""t"":355},{""x"":937,""y"":236,""t"":418},{""x"":868,""y"":286,""t"":480},{""x"":893,""y"":305,""t"":541},{""x"":831,""y"":345,""t"":620},{""x"":815,""y"":328,""t"":682},{""x"":796,""y"":322,""t"":744},{""x"":787,""y"":310,""t"":805},{""x"":742,""y"":292,""t"":865},{""x"":708,""y"":263,""t"":927},{""x"":699,""y"":238,""t"":989},{""x"":721,""y"":216,""t"":1053},{""x"":637,""y"":172,""t"":1117},{""x"":617,""y"":105,""t"":1180},{""x"":565,""y"":85,""t"":1241},{""x"":595,""y"":42,""t"":1303},{""x"":707,""y"":137,""t"":1365},{""x"":734,""y"":181,""t"":1427},{""x"":777,""y"":222,""t"":1509},{""x"":840,""y"":202,""t"":1595},{""x"":875,""y"":205,""t"":1665},{""x"":787,""y"":200,""t"":1727},{""x"":889,""y"":195,""t"":1790},{""x"":1001,""y"":255,""t"":1873},{""x"":1056,""y"":308,""t"":1935},{""x"":1158,""y"":328,""t"":1996},{""x"":1278,""y"":339,""t"":2058},{""x"":1336,""y"":324,""t"":2122},{""x"":1420,""y"":320,""t"":2185},{""x"":1409,""y"":312,""t"":2246},{""x"":1492,""y"":284,""t"":2308},{""x"":1575,""y"":225,""t"":2369},{""x"":1641,""y"":172,""t"":2431},{""x"":1750,""y"":181,""t"":2494},{""x"":1843,""y"":183,""t"":2579},{""x"":1919,""y"":180,""t"":2642},{""x"":1870,""y"":224,""t"":2706},{""x"":1768,""y"":319,""t"":2771},{""x"":1614,""y"":312,""t"":2834},{""x"":1520,""y"":305,""t"":2897},{""x"":1527,""y"":332,""t"":2959},{""x"":1510,""y"":354,""t"":3020},{""x"":1346,""y"":360,""t"":3083},{""x"":1127,""y"":376,""t"":3146},{""x"":1004,""y"":318,""t"":3207},{""x"":867,""y"":290,""t"":3268},{""x"":769,""y"":383,""t"":3330},{""x"":747,""y"":427,""t"":3392},{""x"":749,""y"":401,""t"":3455},{""x"":741,""y"":306,""t"":3518},{""x"":738,""y"":204,""t"":3581},{""x"":742,""y"":84,""t"":3643},{""x"":726,""y"":38,""t"":3704},{""x"":667,""y"":-43,""t"":3765},{""x"":628,""y"":-67,""t"":3827},{""x"":601,""y"":-29,""t"":3889},{""x"":600,""y"":-33,""t"":3952},{""x"":590,""y"":14,""t"":4014},{""x"":609,""y"":-52,""t"":4076},{""x"":648,""y"":-88,""t"":4147},{""x"":646,""y"":-100,""t"":4209},{""x"":632,""y"":-105,""t"":4272},{""x"":561,""y"":-69,""t"":4338},{""x"":512,""y"":2,""t"":4400},{""x"":447,""y"":-58,""t"":4462},{""x"":463,""y"":-62,""t"":4525},{""x"":613,""y"":18,""t"":4586},{""x"":765,""y"":55,""t"":4648},{""x"":939,""y"":95,""t"":4709},{""x"":1135,""y"":128,""t"":4772},{""x"":1263,""y"":110,""t"":4834},{""x"":1386,""y"":121,""t"":4897},{""x"":1457,""y"":117,""t"":4959},{""x"":1507,""y"":113,""t"":5020},{""x"":1536,""y"":170,""t"":5081},{""x"":1606,""y"":159,""t"":5144},{""x"":1634,""y"":95,""t"":5208},{""x"":1650,""y"":156,""t"":5270},{""x"":1671,""y"":214,""t"":5332},{""x"":1667,""y"":267,""t"":5394},{""x"":1609,""y"":371,""t"":5458},{""x"":1644,""y"":425,""t"":5521},{""x"":1599,""y"":465,""t"":5620},{""x"":1639,""y"":525,""t"":5683},{""x"":1681,""y"":554,""t"":5745},{""x"":1653,""y"":614,""t"":5827},{""x"":1610,""y"":637,""t"":5888},{""x"":1536,""y"":674,""t"":5950},{""x"":1435,""y"":684,""t"":6015},{""x"":1278,""y"":766,""t"":6077},{""x"":1134,""y"":738,""t"":6139},{""x"":1103,""y"":660,""t"":6203},{""x"":1123,""y"":578,""t"":6268},{""x"":1077,""y"":494,""t"":6334},{""x"":1052,""y"":459,""t"":6413},{""x"":1095,""y"":444,""t"":6476},{""x"":1001,""y"":349,""t"":6538},{""x"":900,""y"":298,""t"":6601},{""x"":859,""y"":246,""t"":6665},{""x"":749,""y"":205,""t"":6728}]",0,0.7019563760832573,0.29804362391674255,wa_dn_b-last_b-longer,0
115-alternatives,1,88,exp_12,1.0,558.8999999761581,0.7,0.29,1.7999999999999998,5.0,higher_p,higher_m,0,1,alternatives,0.0,False,1.2599999999999998,1.45,-0.1900000000000001,0.0617557805929019,0.4,0.6,0.5,0.5,1.0,0.0,higher_m,higher_p,False,"{""durations"":[1500,1000,1500,1000],""alternatives"":[1,0,1,0],""attributes"":[""all"",""all"",""all"",""all""]}","[{""x"":1248,""y"":256,""t"":0},{""x"":1275,""y"":206,""t"":76},{""x"":1276,""y"":233,""t"":224},{""x"":1223,""y"":285,""t"":288},{""x"":1262,""y"":317,""t"":351},{""x"":1348,""y"":371,""t"":413},{""x"":1403,""y"":380,""t"":474},{""x"":1313,""y"":394,""t"":539},{""x"":1237,""y"":415,""t"":602},{""x"":1154,""y"":469,""t"":666},{""x"":1065,""y"":501,""t"":747},{""x"":1001,""y"":487,""t"":811},{""x"":921,""y"":458,""t"":874},{""x"":858,""y"":372,""t"":939},{""x"":841,""y"":336,""t"":1002},{""x"":886,""y"":267,""t"":1063},{""x"":905,""y"":287,""t"":1127},{""x"":922,""y"":321,""t"":1189},{""x"":902,""y"":317,""t"":1252},{""x"":981,""y"":340,""t"":1330},{""x"":924,""y"":351,""t"":1394},{""x"":892,""y"":357,""t"":1457},{""x"":815,""y"":310,""t"":1519},{""x"":743,""y"":280,""t"":1583},{""x"":706,""y"":217,""t"":1648},{""x"":658,""y"":163,""t"":1711},{""x"":646,""y"":79,""t"":1774},{""x"":680,""y"":33,""t"":1836},{""x"":785,""y"":140,""t"":1898},{""x"":854,""y"":221,""t"":1959},{""x"":980,""y"":301,""t"":2021},{""x"":1111,""y"":399,""t"":2083},{""x"":1230,""y"":443,""t"":2146},{""x"":1359,""y"":456,""t"":2207},{""x"":1411,""y"":465,""t"":2269},{""x"":1499,""y"":492,""t"":2331},{""x"":1557,""y"":508,""t"":2411},{""x"":1626,""y"":481,""t"":2475},{""x"":1690,""y"":485,""t"":2536},{""x"":1701,""y"":481,""t"":2627},{""x"":1684,""y"":423,""t"":2690},{""x"":1703,""y"":453,""t"":2753},{""x"":1634,""y"":444,""t"":2815},{""x"":1502,""y"":484,""t"":2876},{""x"":1398,""y"":509,""t"":2940},{""x"":1257,""y"":550,""t"":3009},{""x"":1128,""y"":592,""t"":3071},{""x"":993,""y"":612,""t"":3132},{""x"":908,""y"":570,""t"":3194},{""x"":855,""y"":553,""t"":3271},{""x"":812,""y"":515,""t"":3333},{""x"":810,""y"":454,""t"":3395},{""x"":820,""y"":436,""t"":3457},{""x"":786,""y"":457,""t"":3540},{""x"":772,""y"":435,""t"":3601},{""x"":811,""y"":421,""t"":3682},{""x"":866,""y"":428,""t"":3745},{""x"":1016,""y"":480,""t"":3807},{""x"":1154,""y"":510,""t"":3870},{""x"":1252,""y"":553,""t"":3932},{""x"":1325,""y"":568,""t"":3994},{""x"":1408,""y"":529,""t"":4056},{""x"":1489,""y"":497,""t"":4119},{""x"":1437,""y"":468,""t"":4183},{""x"":1315,""y"":425,""t"":4247},{""x"":1205,""y"":346,""t"":4330},{""x"":1096,""y"":333,""t"":4396},{""x"":1030,""y"":285,""t"":4458},{""x"":1122,""y"":258,""t"":4520},{""x"":1244,""y"":280,""t"":4582},{""x"":1324,""y"":333,""t"":4660},{""x"":1390,""y"":339,""t"":4723},{""x"":1435,""y"":298,""t"":4787},{""x"":1463,""y"":296,""t"":4850},{""x"":1584,""y"":338,""t"":4914},{""x"":1658,""y"":394,""t"":4994},{""x"":1681,""y"":456,""t"":5057},{""x"":1532,""y"":528,""t"":5119},{""x"":1371,""y"":592,""t"":5181},{""x"":1215,""y"":645,""t"":5242},{""x"":1075,""y"":650,""t"":5301},{""x"":1044,""y"":663,""t"":5365},{""x"":1019,""y"":618,""t"":5427},{""x"":954,""y"":583,""t"":5488},{""x"":972,""y"":577,""t"":5550},{""x"":964,""y"":554,""t"":5612},{""x"":979,""y"":541,""t"":5674},{""x"":972,""y"":535,""t"":5736},{""x"":988,""y"":483,""t"":5797},{""x"":980,""y"":452,""t"":5860},{""x"":1001,""y"":436,""t"":5940},{""x"":1011,""y"":402,""t"":6001},{""x"":1043,""y"":347,""t"":6063},{""x"":1020,""y"":330,""t"":6125},{""x"":1024,""y"":336,""t"":6206},{""x"":1019,""y"":327,""t"":6269},{""x"":984,""y"":293,""t"":6331},{""x"":972,""y"":284,""t"":6392}]",1,0.5738296058674469,0.4261703941325532,wa_dn_b-last_b-longer,0
115-alternatives,1,89,catch_10,1.0,541.7999999523163,0.31,0.51,1.6999999999999995,3.2,dominated,dominant,1,1,alternatives,0.0,False,0.5269999999999999,1.632,-1.1050000000000002,-0.8800198734488578,0.5,0.5,0.5,0.5,,1.0,,dominant,True,"{""durations"":[1250,1250,1250,1250],""attributes"":[""all"",""all"",""all"",""all""],""alternatives"":[0,1,0,1]}","[{""x"":1083,""y"":386,""t"":0},{""x"":1039,""y"":378,""t"":79},{""x"":1002,""y"":363,""t"":157},{""x"":984,""y"":376,""t"":236},{""x"":981,""y"":406,""t"":300},{""x"":977,""y"":409,""t"":362},{""x"":975,""y"":411,""t"":423},{""x"":1066,""y"":442,""t"":504},{""x"":1171,""y"":466,""t"":567},{""x"":1246,""y"":476,""t"":628},{""x"":1356,""y"":471,""t"":707},{""x"":1454,""y"":444,""t"":783},{""x"":1507,""y"":406,""t"":852},{""x"":1534,""y"":364,""t"":915},{""x"":1603,""y"":359,""t"":977},{""x"":1648,""y"":387,""t"":1039},{""x"":1694,""y"":420,""t"":1101},{""x"":1691,""y"":471,""t"":1163},{""x"":1616,""y"":507,""t"":1224},{""x"":1584,""y"":545,""t"":1287},{""x"":1540,""y"":530,""t"":1350},{""x"":1546,""y"":584,""t"":1419},{""x"":1567,""y"":615,""t"":1499},{""x"":1553,""y"":618,""t"":1560},{""x"":1474,""y"":580,""t"":1622},{""x"":1360,""y"":569,""t"":1685},{""x"":1238,""y"":588,""t"":1747},{""x"":1069,""y"":583,""t"":1826},{""x"":976,""y"":519,""t"":1891},{""x"":861,""y"":537,""t"":1953},{""x"":812,""y"":434,""t"":2015},{""x"":777,""y"":358,""t"":2077},{""x"":769,""y"":321,""t"":2139},{""x"":720,""y"":265,""t"":2201},{""x"":736,""y"":229,""t"":2263},{""x"":720,""y"":178,""t"":2325},{""x"":713,""y"":201,""t"":2385},{""x"":756,""y"":212,""t"":2445},{""x"":777,""y"":266,""t"":2507},{""x"":820,""y"":301,""t"":2570},{""x"":838,""y"":357,""t"":2633},{""x"":848,""y"":430,""t"":2697},{""x"":885,""y"":486,""t"":2762},{""x"":916,""y"":463,""t"":2842},{""x"":927,""y"":450,""t"":2903},{""x"":879,""y"":399,""t"":2987},{""x"":821,""y"":350,""t"":3052},{""x"":833,""y"":333,""t"":3115},{""x"":867,""y"":326,""t"":3178},{""x"":898,""y"":322,""t"":3241},{""x"":865,""y"":292,""t"":3302},{""x"":859,""y"":289,""t"":3365},{""x"":838,""y"":266,""t"":3427},{""x"":808,""y"":239,""t"":3487},{""x"":946,""y"":289,""t"":3549},{""x"":1084,""y"":311,""t"":3628},{""x"":1193,""y"":380,""t"":3691},{""x"":1296,""y"":420,""t"":3752},{""x"":1363,""y"":430,""t"":3816},{""x"":1450,""y"":414,""t"":3878},{""x"":1527,""y"":370,""t"":3940},{""x"":1583,""y"":335,""t"":4002},{""x"":1588,""y"":321,""t"":4064},{""x"":1495,""y"":275,""t"":4128},{""x"":1369,""y"":227,""t"":4190},{""x"":1298,""y"":187,""t"":4253},{""x"":1174,""y"":187,""t"":4332},{""x"":1091,""y"":137,""t"":4396},{""x"":1018,""y"":148,""t"":4460},{""x"":941,""y"":142,""t"":4522},{""x"":936,""y"":145,""t"":4585},{""x"":916,""y"":179,""t"":4647},{""x"":908,""y"":187,""t"":4711},{""x"":906,""y"":241,""t"":4774},{""x"":921,""y"":251,""t"":4837},{""x"":910,""y"":290,""t"":4899},{""x"":928,""y"":323,""t"":4962},{""x"":908,""y"":319,""t"":5024},{""x"":893,""y"":293,""t"":5086},{""x"":883,""y"":278,""t"":5148},{""x"":841,""y"":283,""t"":5211},{""x"":825,""y"":268,""t"":5274},{""x"":786,""y"":274,""t"":5335},{""x"":785,""y"":266,""t"":5402},{""x"":806,""y"":264,""t"":5468},{""x"":805,""y"":279,""t"":5530},{""x"":811,""y"":278,""t"":5591},{""x"":859,""y"":275,""t"":5681},{""x"":952,""y"":341,""t"":5744},{""x"":1019,""y"":379,""t"":5806},{""x"":1055,""y"":395,""t"":5867},{""x"":1133,""y"":383,""t"":5944},{""x"":1165,""y"":368,""t"":6009},{""x"":1226,""y"":398,""t"":6088},{""x"":1261,""y"":396,""t"":6152},{""x"":1269,""y"":393,""t"":6214},{""x"":1242,""y"":389,""t"":6294},{""x"":1288,""y"":445,""t"":6355},{""x"":1270,""y"":540,""t"":6417},{""x"":1230,""y"":583,""t"":6479}]",1,8.387280015132931e-09,0.9999999916127201,wa_dn_b-last_b-longer,0
115-alternatives,1,90,exp_92,0.0,580.8000000119209,0.5,0.38,3.0,4.0,higher_p,higher_m,0,1,alternatives,0.0,False,1.5,1.52,-0.02,0.2367304922727919,0.4,0.6,0.5,0.5,1.0,0.0,higher_m,higher_p,True,"{""durations"":[1500,1000,1500,1000],""alternatives"":[1,0,1,0],""attributes"":[""all"",""all"",""all"",""all""]}","[{""x"":918,""y"":359,""t"":0},{""x"":952,""y"":359,""t"":87},{""x"":1019,""y"":349,""t"":163},{""x"":1063,""y"":340,""t"":257},{""x"":1081,""y"":365,""t"":320},{""x"":1143,""y"":396,""t"":384},{""x"":1128,""y"":357,""t"":448},{""x"":1199,""y"":340,""t"":511},{""x"":1284,""y"":327,""t"":574},{""x"":1373,""y"":328,""t"":636},{""x"":1473,""y"":346,""t"":700},{""x"":1526,""y"":332,""t"":777},{""x"":1549,""y"":372,""t"":841},{""x"":1599,""y"":409,""t"":903},{""x"":1611,""y"":400,""t"":965},{""x"":1613,""y"":378,""t"":1028},{""x"":1641,""y"":367,""t"":1091},{""x"":1625,""y"":372,""t"":1154},{""x"":1623,""y"":351,""t"":1217},{""x"":1638,""y"":349,""t"":1292},{""x"":1640,""y"":331,""t"":1354},{""x"":1608,""y"":310,""t"":1417},{""x"":1604,""y"":322,""t"":1479},{""x"":1581,""y"":306,""t"":1541},{""x"":1561,""y"":299,""t"":1602},{""x"":1543,""y"":286,""t"":1670},{""x"":1548,""y"":318,""t"":1732},{""x"":1546,""y"":310,""t"":1793},{""x"":1558,""y"":310,""t"":1855},{""x"":1386,""y"":323,""t"":1916},{""x"":1275,""y"":323,""t"":1996},{""x"":1121,""y"":327,""t"":2060},{""x"":1014,""y"":343,""t"":2121},{""x"":921,""y"":350,""t"":2183},{""x"":870,""y"":341,""t"":2263},{""x"":837,""y"":302,""t"":2324},{""x"":822,""y"":298,""t"":2386},{""x"":801,""y"":299,""t"":2448},{""x"":757,""y"":247,""t"":2510},{""x"":687,""y"":211,""t"":2573},{""x"":698,""y"":190,""t"":2636},{""x"":707,""y"":174,""t"":2698},{""x"":788,""y"":169,""t"":2777},{""x"":777,""y"":122,""t"":2863},{""x"":844,""y"":128,""t"":2928},{""x"":997,""y"":139,""t"":2989},{""x"":1203,""y"":180,""t"":3052},{""x"":1330,""y"":212,""t"":3114},{""x"":1441,""y"":260,""t"":3175},{""x"":1520,""y"":268,""t"":3237},{""x"":1575,""y"":239,""t"":3300},{""x"":1596,""y"":262,""t"":3361},{""x"":1584,""y"":274,""t"":3423},{""x"":1569,""y"":263,""t"":3484},{""x"":1561,""y"":303,""t"":3545},{""x"":1536,""y"":340,""t"":3608},{""x"":1524,""y"":311,""t"":3671},{""x"":1595,""y"":337,""t"":3733},{""x"":1525,""y"":349,""t"":3795},{""x"":1488,""y"":368,""t"":3876},{""x"":1360,""y"":359,""t"":3938},{""x"":1245,""y"":337,""t"":4001},{""x"":1160,""y"":323,""t"":4081},{""x"":1026,""y"":331,""t"":4144},{""x"":984,""y"":317,""t"":4205},{""x"":968,""y"":293,""t"":4268},{""x"":965,""y"":289,""t"":4332},{""x"":913,""y"":281,""t"":4394},{""x"":912,""y"":279,""t"":4456},{""x"":882,""y"":236,""t"":4536},{""x"":881,""y"":232,""t"":4598},{""x"":811,""y"":293,""t"":4661},{""x"":818,""y"":264,""t"":4723},{""x"":848,""y"":248,""t"":4785},{""x"":822,""y"":192,""t"":4847},{""x"":757,""y"":108,""t"":4910},{""x"":773,""y"":90,""t"":4972},{""x"":700,""y"":24,""t"":5035},{""x"":720,""y"":-12,""t"":5098},{""x"":736,""y"":-33,""t"":5161},{""x"":791,""y"":-42,""t"":5223},{""x"":805,""y"":-10,""t"":5283},{""x"":785,""y"":-15,""t"":5345},{""x"":858,""y"":5,""t"":5408},{""x"":894,""y"":88,""t"":5471},{""x"":911,""y"":140,""t"":5537},{""x"":928,""y"":200,""t"":5609},{""x"":1008,""y"":258,""t"":5672},{""x"":1078,""y"":306,""t"":5735},{""x"":1128,""y"":287,""t"":5797},{""x"":1139,""y"":306,""t"":5861},{""x"":1131,""y"":305,""t"":5926},{""x"":1107,""y"":307,""t"":5990},{""x"":1084,""y"":306,""t"":6056},{""x"":1113,""y"":284,""t"":6119},{""x"":1111,""y"":294,""t"":6183},{""x"":1094,""y"":288,""t"":6248},{""x"":1068,""y"":283,""t"":6316},{""x"":1030,""y"":281,""t"":6380},{""x"":1027,""y"":256,""t"":6443}]",0,0.6885092967657855,0.31149070323421446,wa_dn_b-last_b-longer,0
115-alternatives,1,92,catch_12,1.0,453.8999999761581,0.23,0.47,5.0,6.0,dominated,dominant,1,1,alternatives,0.0,False,1.15,2.82,-1.6699999999999997,-1.4615534740320204,0.5,0.5,0.5,0.5,,1.0,,dominant,True,"{""durations"":[1250,1250,1250,1250],""attributes"":[""all"",""all"",""all"",""all""],""alternatives"":[0,1,0,1]}","[{""x"":1141,""y"":383,""t"":0},{""x"":1113,""y"":359,""t"":74},{""x"":1083,""y"":324,""t"":155},{""x"":1055,""y"":330,""t"":237},{""x"":1061,""y"":356,""t"":317},{""x"":1069,""y"":381,""t"":379},{""x"":1110,""y"":361,""t"":441},{""x"":1138,""y"":326,""t"":503},{""x"":1218,""y"":343,""t"":564},{""x"":1248,""y"":352,""t"":625},{""x"":1250,""y"":376,""t"":689},{""x"":1340,""y"":389,""t"":751},{""x"":1412,""y"":396,""t"":815},{""x"":1473,""y"":394,""t"":895},{""x"":1515,""y"":426,""t"":958},{""x"":1555,""y"":469,""t"":1019},{""x"":1554,""y"":465,""t"":1085},{""x"":1537,""y"":447,""t"":1148},{""x"":1536,""y"":451,""t"":1210},{""x"":1524,""y"":463,""t"":1271},{""x"":1540,""y"":453,""t"":1335},{""x"":1546,""y"":440,""t"":1425},{""x"":1591,""y"":454,""t"":1492},{""x"":1559,""y"":454,""t"":1555},{""x"":1434,""y"":442,""t"":1617},{""x"":1308,""y"":451,""t"":1678},{""x"":1206,""y"":469,""t"":1759},{""x"":1086,""y"":482,""t"":1838},{""x"":1021,""y"":482,""t"":1900},{""x"":969,""y"":475,""t"":1961},{""x"":931,""y"":476,""t"":2022},{""x"":928,""y"":466,""t"":2085},{""x"":940,""y"":488,""t"":2148},{""x"":962,""y"":471,""t"":2209},{""x"":970,""y"":472,""t"":2271},{""x"":937,""y"":474,""t"":2333},{""x"":948,""y"":459,""t"":2395},{""x"":931,""y"":456,""t"":2457},{""x"":884,""y"":410,""t"":2518},{""x"":850,""y"":344,""t"":2579},{""x"":866,""y"":290,""t"":2642},{""x"":822,""y"":259,""t"":2707},{""x"":870,""y"":259,""t"":2769},{""x"":1032,""y"":254,""t"":2831},{""x"":1213,""y"":272,""t"":2894},{""x"":1332,""y"":263,""t"":2956},{""x"":1429,""y"":256,""t"":3018},{""x"":1574,""y"":246,""t"":3080},{""x"":1593,""y"":256,""t"":3143},{""x"":1648,""y"":243,""t"":3223},{""x"":1685,""y"":243,""t"":3285},{""x"":1725,""y"":207,""t"":3346},{""x"":1785,""y"":246,""t"":3408},{""x"":1793,""y"":324,""t"":3469},{""x"":1780,""y"":349,""t"":3533},{""x"":1785,""y"":380,""t"":3596},{""x"":1797,""y"":428,""t"":3658},{""x"":1758,""y"":463,""t"":3720},{""x"":1704,""y"":451,""t"":3783},{""x"":1547,""y"":433,""t"":3845},{""x"":1392,""y"":401,""t"":3908},{""x"":1280,""y"":397,""t"":3971},{""x"":1195,""y"":373,""t"":4036},{""x"":1102,""y"":350,""t"":4100},{""x"":1055,""y"":348,""t"":4183},{""x"":1039,""y"":343,""t"":4251},{""x"":947,""y"":322,""t"":4314},{""x"":902,""y"":301,""t"":4377},{""x"":882,""y"":252,""t"":4469},{""x"":861,""y"":220,""t"":4532},{""x"":857,""y"":179,""t"":4595},{""x"":859,""y"":145,""t"":4657},{""x"":880,""y"":121,""t"":4735},{""x"":880,""y"":113,""t"":4798},{""x"":906,""y"":100,""t"":4861},{""x"":924,""y"":123,""t"":4923},{""x"":935,""y"":173,""t"":4985},{""x"":932,""y"":208,""t"":5046},{""x"":964,""y"":226,""t"":5107},{""x"":974,""y"":250,""t"":5198},{""x"":999,""y"":266,""t"":5276},{""x"":1006,""y"":271,""t"":5339},{""x"":1037,""y"":290,""t"":5403},{""x"":1049,""y"":285,""t"":5482},{""x"":1066,""y"":289,""t"":5545},{""x"":1045,""y"":301,""t"":5607},{""x"":1076,""y"":305,""t"":5669},{""x"":1079,""y"":301,""t"":5730},{""x"":1085,""y"":306,""t"":5792},{""x"":1097,""y"":303,""t"":5854},{""x"":1035,""y"":337,""t"":5917},{""x"":1036,""y"":332,""t"":6318}]",1,2.1707113882555534e-07,0.9999997829288612,wa_dn_b-last_b-longer,0
115-alternatives,1,93,exp_118,0.0,663.8000000119209,0.49,0.22,4.2,7.9,higher_p,higher_m,0,1,alternatives,0.0,False,2.058,1.738,0.3199999999999998,0.5866799156325714,0.4,0.6,0.5,0.5,1.0,1.0,higher_m,higher_m,True,"{""durations"":[1000,1500,1000,1500],""alternatives"":[0,1,0,1],""attributes"":[""all"",""all"",""all"",""all""]}","[{""x"":1257,""y"":341,""t"":0},{""x"":1254,""y"":328,""t"":77},{""x"":1264,""y"":350,""t"":170},{""x"":1223,""y"":332,""t"":233},{""x"":1222,""y"":310,""t"":295},{""x"":1235,""y"":326,""t"":358},{""x"":1229,""y"":325,""t"":420},{""x"":1219,""y"":344,""t"":483},{""x"":1234,""y"":333,""t"":545},{""x"":1258,""y"":348,""t"":607},{""x"":1294,""y"":360,""t"":671},{""x"":1332,""y"":363,""t"":733},{""x"":1378,""y"":345,""t"":797},{""x"":1445,""y"":327,""t"":858},{""x"":1509,""y"":296,""t"":919},{""x"":1530,""y"":322,""t"":980},{""x"":1599,""y"":296,""t"":1042},{""x"":1630,""y"":244,""t"":1106},{""x"":1592,""y"":275,""t"":1173},{""x"":1620,""y"":283,""t"":1236},{""x"":1652,""y"":280,""t"":1298},{""x"":1646,""y"":244,""t"":1360},{""x"":1510,""y"":239,""t"":1438},{""x"":1352,""y"":232,""t"":1504},{""x"":1239,""y"":215,""t"":1565},{""x"":1143,""y"":205,""t"":1627},{""x"":1046,""y"":161,""t"":1689},{""x"":934,""y"":146,""t"":1751},{""x"":905,""y"":156,""t"":1813},{""x"":872,""y"":150,""t"":1892},{""x"":900,""y"":162,""t"":1969},{""x"":889,""y"":136,""t"":2031},{""x"":874,""y"":113,""t"":2092},{""x"":800,""y"":96,""t"":2154},{""x"":809,""y"":49,""t"":2215},{""x"":725,""y"":50,""t"":2278},{""x"":725,""y"":47,""t"":2340},{""x"":703,""y"":53,""t"":2402},{""x"":797,""y"":23,""t"":2488},{""x"":968,""y"":65,""t"":2562},{""x"":1176,""y"":98,""t"":2642},{""x"":1310,""y"":140,""t"":2704},{""x"":1425,""y"":180,""t"":2770},{""x"":1552,""y"":234,""t"":2847},{""x"":1632,""y"":269,""t"":2910},{""x"":1693,""y"":293,""t"":2991},{""x"":1710,""y"":316,""t"":3052},{""x"":1755,""y"":335,""t"":3113},{""x"":1791,""y"":376,""t"":3175},{""x"":1788,""y"":400,""t"":3237},{""x"":1807,""y"":390,""t"":3300},{""x"":1835,""y"":379,""t"":3393},{""x"":1797,""y"":361,""t"":3455},{""x"":1783,""y"":384,""t"":3518},{""x"":1644,""y"":478,""t"":3580},{""x"":1543,""y"":506,""t"":3643},{""x"":1591,""y"":489,""t"":3705},{""x"":1661,""y"":531,""t"":3769},{""x"":1697,""y"":474,""t"":3852},{""x"":1743,""y"":471,""t"":3915},{""x"":1736,""y"":447,""t"":3977},{""x"":1785,""y"":428,""t"":4039},{""x"":1800,""y"":398,""t"":4100},{""x"":1787,""y"":403,""t"":4162},{""x"":1789,""y"":394,""t"":4224},{""x"":1677,""y"":348,""t"":4285},{""x"":1453,""y"":277,""t"":4346},{""x"":1261,""y"":225,""t"":4431},{""x"":1116,""y"":194,""t"":4512},{""x"":982,""y"":133,""t"":4574},{""x"":918,""y"":116,""t"":4655},{""x"":887,""y"":152,""t"":4730},{""x"":879,""y"":178,""t"":4792},{""x"":887,""y"":193,""t"":4855},{""x"":907,""y"":212,""t"":4932},{""x"":890,""y"":212,""t"":4994},{""x"":910,""y"":226,""t"":5055},{""x"":917,""y"":243,""t"":5118},{""x"":931,""y"":247,""t"":5179},{""x"":935,""y"":232,""t"":5240},{""x"":933,""y"":224,""t"":5303},{""x"":958,""y"":245,""t"":5369},{""x"":996,""y"":282,""t"":5432},{""x"":1018,""y"":313,""t"":5496},{""x"":1061,""y"":351,""t"":5559},{""x"":1069,""y"":356,""t"":5621},{""x"":1074,""y"":358,""t"":5684},{""x"":1064,""y"":356,""t"":5763},{""x"":1169,""y"":424,""t"":5841},{""x"":1352,""y"":409,""t"":5903},{""x"":1386,""y"":385,""t"":5967},{""x"":1453,""y"":341,""t"":6047},{""x"":1463,""y"":292,""t"":6110},{""x"":1505,""y"":288,""t"":6173},{""x"":1511,""y"":292,""t"":6234},{""x"":1586,""y"":324,""t"":6296},{""x"":1615,""y"":283,""t"":6358},{""x"":1605,""y"":270,""t"":6420},{""x"":1512,""y"":221,""t"":6484}]",0,0.9648832776023387,0.035116722397661226,wa_dn_b-last_b-longer,0
115-alternatives,1,95,exp_86,1.0,414.3999999761581,0.61,0.29,2.2,8.1,higher_p,higher_m,0,1,alternatives,0.0,False,1.342,2.349,-1.0069999999999997,-0.7791520984804502,0.4,0.6,0.5,0.5,1.0,1.0,higher_m,higher_m,False,"{""durations"":[1000,1500,1000,1500],""alternatives"":[0,1,0,1],""attributes"":[""all"",""all"",""all"",""all""]}","[{""x"":1059,""y"":483,""t"":0},{""x"":1073,""y"":457,""t"":87},{""x"":1061,""y"":409,""t"":184},{""x"":1091,""y"":429,""t"":246},{""x"":1106,""y"":410,""t"":307},{""x"":1087,""y"":434,""t"":369},{""x"":1062,""y"":451,""t"":431},{""x"":1084,""y"":450,""t"":492},{""x"":1116,""y"":445,""t"":554},{""x"":1211,""y"":467,""t"":615},{""x"":1280,""y"":483,""t"":678},{""x"":1352,""y"":497,""t"":740},{""x"":1402,""y"":527,""t"":800},{""x"":1507,""y"":542,""t"":861},{""x"":1554,""y"":513,""t"":922},{""x"":1564,""y"":491,""t"":984},{""x"":1538,""y"":473,""t"":1046},{""x"":1575,""y"":484,""t"":1110},{""x"":1504,""y"":424,""t"":1194},{""x"":1552,""y"":403,""t"":1255},{""x"":1555,""y"":359,""t"":1316},{""x"":1557,""y"":369,""t"":1380},{""x"":1457,""y"":386,""t"":1442},{""x"":1329,""y"":439,""t"":1504},{""x"":1220,""y"":451,""t"":1567},{""x"":1148,""y"":445,""t"":1629},{""x"":1039,""y"":389,""t"":1691},{""x"":962,""y"":372,""t"":1753},{""x"":895,""y"":361,""t"":1815},{""x"":827,""y"":290,""t"":1876},{""x"":743,""y"":214,""t"":1939},{""x"":666,""y"":161,""t"":2001},{""x"":633,""y"":114,""t"":2081},{""x"":572,""y"":70,""t"":2143},{""x"":515,""y"":36,""t"":2205},{""x"":469,""y"":-58,""t"":2269},{""x"":546,""y"":-68,""t"":2343},{""x"":518,""y"":-135,""t"":2410},{""x"":557,""y"":-49,""t"":2473},{""x"":646,""y"":43,""t"":2535},{""x"":715,""y"":123,""t"":2598},{""x"":734,""y"":202,""t"":2679},{""x"":742,""y"":193,""t"":2755},{""x"":862,""y"":232,""t"":2817},{""x"":983,""y"":311,""t"":2881},{""x"":1034,""y"":325,""t"":2943},{""x"":1129,""y"":351,""t"":3004},{""x"":1257,""y"":312,""t"":3094},{""x"":1300,""y"":321,""t"":3157},{""x"":1371,""y"":357,""t"":3219},{""x"":1430,""y"":411,""t"":3298},{""x"":1466,""y"":477,""t"":3362},{""x"":1478,""y"":522,""t"":3423},{""x"":1527,""y"":551,""t"":3485},{""x"":1530,""y"":595,""t"":3547},{""x"":1531,""y"":577,""t"":3610},{""x"":1547,""y"":604,""t"":3673},{""x"":1575,""y"":541,""t"":3735},{""x"":1623,""y"":574,""t"":3800},{""x"":1522,""y"":522,""t"":3862},{""x"":1340,""y"":424,""t"":3925},{""x"":1211,""y"":323,""t"":3987},{""x"":1111,""y"":256,""t"":4051},{""x"":982,""y"":178,""t"":4113},{""x"":903,""y"":187,""t"":4174},{""x"":849,""y"":236,""t"":4255},{""x"":833,""y"":246,""t"":4316},{""x"":822,""y"":306,""t"":4379},{""x"":814,""y"":297,""t"":4441},{""x"":729,""y"":225,""t"":4522},{""x"":664,""y"":175,""t"":4604},{""x"":615,""y"":87,""t"":4671},{""x"":594,""y"":4,""t"":4750},{""x"":569,""y"":-27,""t"":4812},{""x"":560,""y"":-74,""t"":4876},{""x"":652,""y"":-63,""t"":4939},{""x"":642,""y"":-130,""t"":5002},{""x"":653,""y"":-132,""t"":5063},{""x"":653,""y"":-154,""t"":5127},{""x"":649,""y"":-131,""t"":5187},{""x"":681,""y"":-149,""t"":5249},{""x"":717,""y"":-76,""t"":5312},{""x"":716,""y"":-72,""t"":5377},{""x"":725,""y"":-61,""t"":5440},{""x"":695,""y"":-35,""t"":5519},{""x"":793,""y"":64,""t"":5581},{""x"":795,""y"":73,""t"":5644},{""x"":821,""y"":102,""t"":5726},{""x"":850,""y"":131,""t"":5797},{""x"":886,""y"":174,""t"":5873},{""x"":916,""y"":211,""t"":5940},{""x"":955,""y"":280,""t"":6001},{""x"":1032,""y"":317,""t"":6063},{""x"":1063,""y"":355,""t"":6125},{""x"":1088,""y"":426,""t"":6188},{""x"":1091,""y"":461,""t"":6251}]",1,0.0027353646060644006,0.9972646353939357,wa_dn_b-last_b-longer,0
115-alternatives,1,100,exp_110,0.0,622.6999999880791,0.78,0.4,2.1,3.0,higher_p,higher_m,0,1,alternatives,0.0,False,1.638,1.2000000000000002,0.4379999999999999,0.7081329507986126,0.4,0.6,0.5,0.5,1.0,1.0,higher_m,higher_m,True,"{""durations"":[1000,1500,1000,1500],""alternatives"":[0,1,0,1],""attributes"":[""all"",""all"",""all"",""all""]}","[{""x"":1201,""y"":309,""t"":0},{""x"":1180,""y"":322,""t"":83},{""x"":1189,""y"":327,""t"":165},{""x"":1177,""y"":302,""t"":245},{""x"":1181,""y"":310,""t"":308},{""x"":1176,""y"":321,""t"":373},{""x"":1181,""y"":316,""t"":436},{""x"":1229,""y"":307,""t"":500},{""x"":1269,""y"":358,""t"":564},{""x"":1334,""y"":382,""t"":627},{""x"":1401,""y"":408,""t"":691},{""x"":1409,""y"":422,""t"":755},{""x"":1414,""y"":433,""t"":819},{""x"":1459,""y"":458,""t"":881},{""x"":1482,""y"":409,""t"":944},{""x"":1531,""y"":422,""t"":1007},{""x"":1559,""y"":426,""t"":1074},{""x"":1576,""y"":366,""t"":1159},{""x"":1515,""y"":326,""t"":1220},{""x"":1470,""y"":323,""t"":1286},{""x"":1430,""y"":269,""t"":1349},{""x"":1315,""y"":256,""t"":1411},{""x"":1173,""y"":201,""t"":1473},{""x"":1062,""y"":162,""t"":1536},{""x"":949,""y"":153,""t"":1622},{""x"":894,""y"":172,""t"":1686},{""x"":862,""y"":192,""t"":1750},{""x"":838,""y"":219,""t"":1813},{""x"":864,""y"":261,""t"":1876},{""x"":862,""y"":280,""t"":1939},{""x"":852,""y"":322,""t"":2002},{""x"":868,""y"":303,""t"":2064},{""x"":854,""y"":246,""t"":2127},{""x"":822,""y"":205,""t"":2189},{""x"":785,""y"":188,""t"":2252},{""x"":782,""y"":148,""t"":2314},{""x"":805,""y"":131,""t"":2376},{""x"":814,""y"":134,""t"":2437},{""x"":940,""y"":130,""t"":2500},{""x"":1060,""y"":219,""t"":2564},{""x"":1134,""y"":226,""t"":2628},{""x"":1231,""y"":193,""t"":2694},{""x"":1359,""y"":184,""t"":2759},{""x"":1485,""y"":174,""t"":2822},{""x"":1524,""y"":161,""t"":2885},{""x"":1520,""y"":135,""t"":2984},{""x"":1472,""y"":123,""t"":3046},{""x"":1476,""y"":124,""t"":3108},{""x"":1432,""y"":109,""t"":3171},{""x"":1425,""y"":107,""t"":3234},{""x"":1436,""y"":147,""t"":3296},{""x"":1430,""y"":217,""t"":3358},{""x"":1401,""y"":266,""t"":3420},{""x"":1359,""y"":287,""t"":3480},{""x"":1300,""y"":271,""t"":3543},{""x"":1282,""y"":271,""t"":3605},{""x"":1244,""y"":216,""t"":3668},{""x"":1192,""y"":159,""t"":3751},{""x"":1145,""y"":123,""t"":3812},{""x"":1102,""y"":122,""t"":3874},{""x"":1103,""y"":157,""t"":3955},{""x"":1090,""y"":138,""t"":4017},{""x"":1024,""y"":149,""t"":4077},{""x"":951,""y"":140,""t"":4139},{""x"":894,""y"":121,""t"":4201},{""x"":829,""y"":145,""t"":4263},{""x"":746,""y"":144,""t"":4326},{""x"":729,""y"":84,""t"":4387},{""x"":757,""y"":58,""t"":4451},{""x"":815,""y"":103,""t"":4513},{""x"":819,""y"":173,""t"":4576},{""x"":831,""y"":237,""t"":4638},{""x"":859,""y"":245,""t"":4699},{""x"":893,""y"":279,""t"":4763},{""x"":932,""y"":293,""t"":4825},{""x"":928,""y"":297,""t"":4888},{""x"":901,""y"":319,""t"":4951},{""x"":914,""y"":324,""t"":5015},{""x"":913,""y"":357,""t"":5075},{""x"":982,""y"":401,""t"":5137},{""x"":1076,""y"":397,""t"":5201},{""x"":1138,""y"":407,""t"":5266},{""x"":1188,""y"":383,""t"":5329},{""x"":1250,""y"":384,""t"":5391},{""x"":1280,""y"":375,""t"":5453},{""x"":1303,""y"":376,""t"":5514},{""x"":1220,""y"":357,""t"":5575},{""x"":1142,""y"":324,""t"":5638},{""x"":1092,""y"":299,""t"":5700},{""x"":1064,""y"":292,""t"":5762},{""x"":1080,""y"":303,""t"":5823},{""x"":1115,""y"":315,""t"":5885},{""x"":1170,""y"":333,""t"":5946},{""x"":1217,""y"":352,""t"":6010},{""x"":1229,""y"":352,""t"":6073},{""x"":1227,""y"":309,""t"":6139},{""x"":1206,""y"":298,""t"":6201},{""x"":1139,""y"":277,""t"":6263},{""x"":1148,""y"":278,""t"":6325}]",0,0.9950859724889647,0.004914027511035273,wa_dn_b-last_b-longer,0
115-alternatives,1,101,exp_66,0.0,438.3999999761581,0.72,0.51,4.2,5.2,higher_p,higher_m,0,1,alternatives,0.0,False,3.024,2.652,0.3719999999999999,0.64020159214642,0.6,0.4,0.5,0.5,0.0,0.0,higher_p,higher_p,True,"{""durations"":[1000,1500,1000,1500],""alternatives"":[1,0,1,0],""attributes"":[""all"",""all"",""all"",""all""]}","[{""x"":1084,""y"":261,""t"":0},{""x"":1095,""y"":266,""t"":87},{""x"":1078,""y"":268,""t"":178},{""x"":1095,""y"":272,""t"":243},{""x"":1129,""y"":286,""t"":307},{""x"":1149,""y"":314,""t"":370},{""x"":1133,""y"":309,""t"":433},{""x"":1170,""y"":332,""t"":494},{""x"":1249,""y"":329,""t"":556},{""x"":1313,""y"":352,""t"":619},{""x"":1343,""y"":358,""t"":682},{""x"":1454,""y"":396,""t"":744},{""x"":1493,""y"":385,""t"":806},{""x"":1552,""y"":371,""t"":868},{""x"":1543,""y"":349,""t"":930},{""x"":1585,""y"":275,""t"":993},{""x"":1526,""y"":214,""t"":1081},{""x"":1518,""y"":173,""t"":1150},{""x"":1417,""y"":144,""t"":1212},{""x"":1428,""y"":142,""t"":1275},{""x"":1333,""y"":161,""t"":1338},{""x"":1229,""y"":194,""t"":1427},{""x"":1073,""y"":174,""t"":1490},{""x"":962,""y"":178,""t"":1552},{""x"":903,""y"":217,""t"":1614},{""x"":857,""y"":233,""t"":1677},{""x"":768,""y"":194,""t"":1739},{""x"":741,""y"":195,""t"":1802},{""x"":709,""y"":176,""t"":1865},{""x"":668,""y"":150,""t"":1927},{""x"":690,""y"":152,""t"":1988},{""x"":597,""y"":75,""t"":2049},{""x"":579,""y"":99,""t"":2111},{""x"":521,""y"":60,""t"":2180},{""x"":577,""y"":87,""t"":2244},{""x"":573,""y"":84,""t"":2306},{""x"":623,""y"":106,""t"":2385},{""x"":637,""y"":96,""t"":2449},{""x"":661,""y"":88,""t"":2528},{""x"":826,""y"":122,""t"":2590},{""x"":933,""y"":92,""t"":2653},{""x"":1037,""y"":131,""t"":2718},{""x"":1160,""y"":137,""t"":2798},{""x"":1184,""y"":143,""t"":2859},{""x"":1212,""y"":169,""t"":2922},{""x"":1215,""y"":179,""t"":2984},{""x"":1287,""y"":155,""t"":3048},{""x"":1311,""y"":134,""t"":3110},{""x"":1406,""y"":126,""t"":3172},{""x"":1466,""y"":119,""t"":3235},{""x"":1465,""y"":107,""t"":3295},{""x"":1576,""y"":166,""t"":3357},{""x"":1577,""y"":174,""t"":3418},{""x"":1547,""y"":185,""t"":3482},{""x"":1509,""y"":195,""t"":3542},{""x"":1479,""y"":272,""t"":3605},{""x"":1420,""y"":315,""t"":3667},{""x"":1284,""y"":311,""t"":3731},{""x"":1171,""y"":344,""t"":3797},{""x"":1025,""y"":334,""t"":3860},{""x"":920,""y"":327,""t"":3922},{""x"":860,""y"":354,""t"":3983},{""x"":904,""y"":397,""t"":4046},{""x"":853,""y"":412,""t"":4107},{""x"":931,""y"":453,""t"":4169},{""x"":897,""y"":460,""t"":4250},{""x"":894,""y"":443,""t"":4311},{""x"":859,""y"":375,""t"":4373},{""x"":871,""y"":332,""t"":4434},{""x"":843,""y"":291,""t"":4498},{""x"":877,""y"":254,""t"":4561},{""x"":827,""y"":209,""t"":4641},{""x"":790,""y"":179,""t"":4703},{""x"":759,""y"":185,""t"":4764},{""x"":726,""y"":143,""t"":4828},{""x"":711,""y"":89,""t"":4890},{""x"":720,""y"":50,""t"":4972},{""x"":781,""y"":103,""t"":5038},{""x"":848,""y"":129,""t"":5101},{""x"":925,""y"":172,""t"":5181},{""x"":972,""y"":200,""t"":5243},{""x"":988,""y"":216,""t"":5307},{""x"":1000,""y"":231,""t"":5370},{""x"":1003,""y"":244,""t"":5434},{""x"":1026,""y"":238,""t"":5497},{""x"":1065,""y"":242,""t"":5559},{""x"":1050,""y"":236,""t"":5621},{""x"":1094,""y"":254,""t"":5682},{""x"":1094,""y"":253,""t"":5746},{""x"":1089,""y"":223,""t"":5827},{""x"":1097,""y"":245,""t"":5889},{""x"":1093,""y"":217,""t"":5952},{""x"":1108,""y"":211,""t"":6014},{""x"":1109,""y"":226,""t"":6095},{""x"":1115,""y"":244,""t"":6158},{""x"":1077,""y"":226,""t"":6221},{""x"":989,""y"":225,""t"":6284}]",0,0.95846509972844,0.04153490027155999,wa_dn_b-last_b-longer,0
115-alternatives,1,102,exp_28,0.0,417.0,0.3,0.17,2.0,3.0,higher_p,higher_m,0,1,alternatives,0.0,False,0.6,0.51,0.0899999999999999,0.3499494233597794,0.4,0.6,0.5,0.5,1.0,0.0,higher_m,higher_p,True,"{""durations"":[1500,1000,1500,1000],""alternatives"":[1,0,1,0],""attributes"":[""all"",""all"",""all"",""all""]}","[{""x"":995,""y"":223,""t"":0},{""x"":994,""y"":234,""t"":91},{""x"":974,""y"":241,""t"":193},{""x"":1007,""y"":290,""t"":274},{""x"":1030,""y"":304,""t"":337},{""x"":1057,""y"":322,""t"":400},{""x"":1070,""y"":317,""t"":461},{""x"":1091,""y"":312,""t"":525},{""x"":1085,""y"":333,""t"":589},{""x"":1083,""y"":367,""t"":651},{""x"":1001,""y"":379,""t"":713},{""x"":957,""y"":379,""t"":776},{""x"":937,""y"":362,""t"":840},{""x"":838,""y"":310,""t"":904},{""x"":808,""y"":294,""t"":967},{""x"":778,""y"":271,""t"":1031},{""x"":772,""y"":249,""t"":1095},{""x"":731,""y"":224,""t"":1157},{""x"":761,""y"":215,""t"":1238},{""x"":758,""y"":191,""t"":1301},{""x"":759,""y"":190,""t"":1361},{""x"":798,""y"":162,""t"":1423},{""x"":832,""y"":191,""t"":1486},{""x"":939,""y"":223,""t"":1549},{""x"":982,""y"":235,""t"":1612},{""x"":1028,""y"":256,""t"":1696},{""x"":1102,""y"":271,""t"":1761},{""x"":1091,""y"":271,""t"":1823},{""x"":1120,""y"":322,""t"":1886},{""x"":1257,""y"":350,""t"":1948},{""x"":1350,""y"":359,""t"":2010},{""x"":1439,""y"":380,""t"":2073},{""x"":1471,""y"":373,""t"":2137},{""x"":1539,""y"":385,""t"":2200},{""x"":1566,""y"":379,""t"":2262},{""x"":1599,""y"":378,""t"":2324},{""x"":1604,""y"":352,""t"":2385},{""x"":1560,""y"":309,""t"":2467},{""x"":1518,""y"":272,""t"":2529},{""x"":1455,""y"":206,""t"":2591},{""x"":1393,""y"":195,""t"":2675},{""x"":1350,""y"":149,""t"":2741},{""x"":1302,""y"":134,""t"":2805},{""x"":1291,""y"":114,""t"":2866},{""x"":1295,""y"":118,""t"":2928},{""x"":1254,""y"":100,""t"":2991},{""x"":1106,""y"":91,""t"":3054},{""x"":975,""y"":65,""t"":3115},{""x"":914,""y"":61,""t"":3177},{""x"":840,""y"":43,""t"":3240},{""x"":826,""y"":33,""t"":3320},{""x"":839,""y"":53,""t"":3382},{""x"":788,""y"":67,""t"":3445},{""x"":785,""y"":96,""t"":3507},{""x"":801,""y"":139,""t"":3572},{""x"":819,""y"":190,""t"":3636},{""x"":804,""y"":223,""t"":3699},{""x"":826,""y"":234,""t"":3765},{""x"":858,""y"":254,""t"":3825},{""x"":840,""y"":246,""t"":3923},{""x"":786,""y"":232,""t"":3986},{""x"":738,""y"":213,""t"":4049},{""x"":716,""y"":254,""t"":4112},{""x"":642,""y"":239,""t"":4174},{""x"":627,""y"":178,""t"":4237},{""x"":545,""y"":190,""t"":4303},{""x"":492,""y"":107,""t"":4366},{""x"":568,""y"":133,""t"":4428},{""x"":608,""y"":112,""t"":4489},{""x"":716,""y"":168,""t"":4551},{""x"":908,""y"":210,""t"":4613},{""x"":990,""y"":224,""t"":4676},{""x"":1198,""y"":277,""t"":4739},{""x"":1283,""y"":246,""t"":4801},{""x"":1378,""y"":247,""t"":4864},{""x"":1442,""y"":263,""t"":4927},{""x"":1536,""y"":269,""t"":4991},{""x"":1512,""y"":234,""t"":5054},{""x"":1607,""y"":269,""t"":5134},{""x"":1655,""y"":294,""t"":5196},{""x"":1636,""y"":256,""t"":5257},{""x"":1675,""y"":254,""t"":5319},{""x"":1668,""y"":240,""t"":5385},{""x"":1642,""y"":227,""t"":5446},{""x"":1663,""y"":277,""t"":5526},{""x"":1609,""y"":225,""t"":5587},{""x"":1510,""y"":240,""t"":5673},{""x"":1443,""y"":264,""t"":5736},{""x"":1337,""y"":266,""t"":5820},{""x"":1258,""y"":258,""t"":5881},{""x"":1167,""y"":238,""t"":5960},{""x"":1111,""y"":226,""t"":6022},{""x"":1078,""y"":205,""t"":6085},{""x"":1023,""y"":162,""t"":6146},{""x"":987,""y"":170,""t"":6207},{""x"":1090,""y"":198,""t"":6268}]",0,0.9806871891936888,0.01931281080631117,wa_dn_b-last_b-longer,0
115-alternatives,1,103,exp_14,1.0,522.0,0.7,0.29,1.7999999999999998,5.0,higher_p,higher_m,0,1,alternatives,0.0,False,1.2599999999999998,1.45,-0.1900000000000001,0.0617557805929019,0.4,0.6,0.5,0.5,1.0,1.0,higher_m,higher_m,False,"{""durations"":[1000,1500,1000,1500],""alternatives"":[0,1,0,1],""attributes"":[""all"",""all"",""all"",""all""]}","[{""x"":1232,""y"":369,""t"":0},{""x"":1219,""y"":366,""t"":82},{""x"":1195,""y"":367,""t"":170},{""x"":1154,""y"":346,""t"":233},{""x"":1122,""y"":367,""t"":297},{""x"":1101,""y"":381,""t"":375},{""x"":1073,""y"":376,""t"":436},{""x"":1132,""y"":409,""t"":518},{""x"":1124,""y"":384,""t"":579},{""x"":1158,""y"":368,""t"":642},{""x"":1294,""y"":349,""t"":704},{""x"":1386,""y"":335,""t"":767},{""x"":1433,""y"":316,""t"":846},{""x"":1523,""y"":296,""t"":907},{""x"":1523,""y"":311,""t"":969},{""x"":1558,""y"":309,""t"":1030},{""x"":1548,""y"":310,""t"":1095},{""x"":1481,""y"":258,""t"":1164},{""x"":1392,""y"":222,""t"":1228},{""x"":1375,""y"":153,""t"":1291},{""x"":1297,""y"":104,""t"":1354},{""x"":1129,""y"":91,""t"":1417},{""x"":1028,""y"":60,""t"":1479},{""x"":903,""y"":63,""t"":1542},{""x"":876,""y"":23,""t"":1605},{""x"":784,""y"":18,""t"":1686},{""x"":728,""y"":35,""t"":1747},{""x"":631,""y"":49,""t"":1813},{""x"":544,""y"":86,""t"":1876},{""x"":531,""y"":93,""t"":1937},{""x"":542,""y"":21,""t"":1999},{""x"":478,""y"":12,""t"":2060},{""x"":457,""y"":0,""t"":2122},{""x"":482,""y"":21,""t"":2185},{""x"":481,""y"":-8,""t"":2271},{""x"":544,""y"":0,""t"":2333},{""x"":558,""y"":-15,""t"":2395},{""x"":629,""y"":-2,""t"":2476},{""x"":713,""y"":62,""t"":2538},{""x"":790,""y"":59,""t"":2601},{""x"":862,""y"":126,""t"":2666},{""x"":890,""y"":197,""t"":2732},{""x"":912,""y"":257,""t"":2794},{""x"":945,""y"":309,""t"":2856},{""x"":1038,""y"":315,""t"":2918},{""x"":1069,""y"":305,""t"":2979},{""x"":1235,""y"":312,""t"":3042},{""x"":1330,""y"":332,""t"":3103},{""x"":1335,""y"":363,""t"":3183},{""x"":1389,""y"":411,""t"":3243},{""x"":1379,""y"":381,""t"":3305},{""x"":1379,""y"":322,""t"":3366},{""x"":1402,""y"":321,""t"":3428},{""x"":1390,""y"":326,""t"":3492},{""x"":1393,""y"":279,""t"":3555},{""x"":1330,""y"":289,""t"":3618},{""x"":1250,""y"":300,""t"":3680},{""x"":1245,""y"":298,""t"":3760},{""x"":1235,""y"":303,""t"":3841},{""x"":1266,""y"":320,""t"":3903},{""x"":1373,""y"":384,""t"":3966},{""x"":1299,""y"":388,""t"":4028},{""x"":1172,""y"":370,""t"":4094},{""x"":1048,""y"":335,""t"":4156},{""x"":970,""y"":310,""t"":4217},{""x"":848,""y"":263,""t"":4278},{""x"":766,""y"":190,""t"":4358},{""x"":665,""y"":96,""t"":4421},{""x"":569,""y"":37,""t"":4483},{""x"":517,""y"":11,""t"":4545},{""x"":504,""y"":15,""t"":4624},{""x"":486,""y"":0,""t"":4686},{""x"":464,""y"":-28,""t"":4747},{""x"":380,""y"":-83,""t"":4810},{""x"":342,""y"":-39,""t"":4890},{""x"":378,""y"":-2,""t"":4952},{""x"":434,""y"":28,""t"":5014},{""x"":421,""y"":64,""t"":5075},{""x"":498,""y"":121,""t"":5138},{""x"":515,""y"":187,""t"":5212},{""x"":542,""y"":244,""t"":5277},{""x"":563,""y"":309,""t"":5341},{""x"":632,""y"":384,""t"":5406},{""x"":662,""y"":411,""t"":5470},{""x"":768,""y"":407,""t"":5532},{""x"":767,""y"":411,""t"":5593},{""x"":789,""y"":451,""t"":5675},{""x"":876,""y"":440,""t"":5737},{""x"":928,""y"":447,""t"":5800},{""x"":979,""y"":434,""t"":5863},{""x"":1012,""y"":410,""t"":5927},{""x"":1019,""y"":385,""t"":5990},{""x"":1010,""y"":356,""t"":6070},{""x"":972,""y"":341,""t"":6152},{""x"":976,""y"":407,""t"":6215},{""x"":1004,""y"":479,""t"":6278},{""x"":1051,""y"":559,""t"":6340},{""x"":1106,""y"":667,""t"":6402}]",1,0.3432765864353412,0.6567234135646587,wa_dn_b-last_b-longer,0
115-alternatives,1,104,exp_106,0.0,375.3000000119209,0.78,0.4,2.1,3.0,higher_p,higher_m,0,1,alternatives,0.0,False,1.638,1.2000000000000002,0.4379999999999999,0.7081329507986126,0.6,0.4,0.5,0.5,0.0,0.0,higher_p,higher_p,True,"{""durations"":[1000,1500,1000,1500],""alternatives"":[1,0,1,0],""attributes"":[""all"",""all"",""all"",""all""]}","[{""x"":1076,""y"":392,""t"":0},{""x"":1091,""y"":363,""t"":88},{""x"":1134,""y"":332,""t"":162},{""x"":1113,""y"":319,""t"":253},{""x"":1106,""y"":321,""t"":316},{""x"":1115,""y"":340,""t"":379},{""x"":1089,""y"":333,""t"":440},{""x"":1133,""y"":369,""t"":502},{""x"":1207,""y"":400,""t"":565},{""x"":1269,""y"":410,""t"":627},{""x"":1294,""y"":390,""t"":690},{""x"":1375,""y"":406,""t"":754},{""x"":1440,""y"":420,""t"":815},{""x"":1433,""y"":395,""t"":877},{""x"":1495,""y"":433,""t"":940},{""x"":1482,""y"":421,""t"":1021},{""x"":1487,""y"":426,""t"":1083},{""x"":1464,""y"":437,""t"":1172},{""x"":1529,""y"":426,""t"":1234},{""x"":1547,""y"":411,""t"":1296},{""x"":1538,""y"":437,""t"":1359},{""x"":1356,""y"":462,""t"":1440},{""x"":1192,""y"":470,""t"":1519},{""x"":1010,""y"":518,""t"":1603},{""x"":920,""y"":552,""t"":1668},{""x"":881,""y"":541,""t"":1729},{""x"":853,""y"":542,""t"":1792},{""x"":767,""y"":518,""t"":1854},{""x"":722,""y"":439,""t"":1916},{""x"":643,""y"":376,""t"":1997},{""x"":584,""y"":314,""t"":2059},{""x"":576,""y"":282,""t"":2122},{""x"":565,""y"":265,""t"":2185},{""x"":631,""y"":241,""t"":2266},{""x"":653,""y"":217,""t"":2329},{""x"":674,""y"":170,""t"":2390},{""x"":687,""y"":179,""t"":2451},{""x"":663,""y"":154,""t"":2513},{""x"":671,""y"":146,""t"":2575},{""x"":695,""y"":142,""t"":2637},{""x"":784,""y"":168,""t"":2700},{""x"":918,""y"":166,""t"":2763},{""x"":934,""y"":177,""t"":2825},{""x"":1014,""y"":230,""t"":2902},{""x"":1113,""y"":236,""t"":2967},{""x"":1164,""y"":283,""t"":3031},{""x"":1259,""y"":305,""t"":3093},{""x"":1295,""y"":253,""t"":3156},{""x"":1317,""y"":223,""t"":3232},{""x"":1328,""y"":199,""t"":3300},{""x"":1316,""y"":213,""t"":3362},{""x"":1322,""y"":192,""t"":3423},{""x"":1332,""y"":213,""t"":3485},{""x"":1336,""y"":213,""t"":3548},{""x"":1321,""y"":197,""t"":3611},{""x"":1237,""y"":204,""t"":3673},{""x"":1145,""y"":175,""t"":3738},{""x"":1129,""y"":180,""t"":3799},{""x"":1017,""y"":177,""t"":3861},{""x"":909,""y"":139,""t"":3924},{""x"":826,""y"":114,""t"":3986},{""x"":745,""y"":95,""t"":4051},{""x"":657,""y"":126,""t"":4114},{""x"":665,""y"":110,""t"":4175},{""x"":645,""y"":113,""t"":4248},{""x"":598,""y"":166,""t"":4312},{""x"":605,""y"":243,""t"":4374},{""x"":595,""y"":312,""t"":4434},{""x"":666,""y"":457,""t"":4496},{""x"":743,""y"":532,""t"":4557},{""x"":776,""y"":624,""t"":4618},{""x"":792,""y"":665,""t"":4680},{""x"":824,""y"":718,""t"":4742},{""x"":823,""y"":741,""t"":4805},{""x"":821,""y"":755,""t"":4866},{""x"":891,""y"":736,""t"":4927},{""x"":920,""y"":676,""t"":4990},{""x"":999,""y"":630,""t"":5052},{""x"":1103,""y"":605,""t"":5117},{""x"":1153,""y"":563,""t"":5179},{""x"":1160,""y"":510,""t"":5240},{""x"":1177,""y"":495,""t"":5303},{""x"":1206,""y"":485,""t"":5365},{""x"":1284,""y"":488,""t"":5428},{""x"":1292,""y"":486,""t"":5490},{""x"":1318,""y"":481,""t"":5553},{""x"":1321,""y"":460,""t"":5615},{""x"":1290,""y"":440,""t"":5680},{""x"":1284,""y"":393,""t"":5762},{""x"":1236,""y"":353,""t"":5823},{""x"":1175,""y"":332,""t"":5885},{""x"":1124,""y"":355,""t"":5947},{""x"":1093,""y"":359,""t"":6009},{""x"":1071,""y"":336,""t"":6071},{""x"":1027,""y"":229,""t"":6152}]",0,0.9980866774275928,0.0019133225724071183,wa_dn_b-last_b-longer,0
115-alternatives,1,105,exp_24,0.0,436.10000002384186,0.3,0.17,2.0,3.0,higher_p,higher_m,0,1,alternatives,0.0,False,0.6,0.51,0.0899999999999999,0.3499494233597794,0.6,0.4,0.5,0.5,0.0,1.0,higher_p,higher_m,True,"{""durations"":[1500,1000,1500,1000],""alternatives"":[0,1,0,1],""attributes"":[""all"",""all"",""all"",""all""]}","[{""x"":932,""y"":386,""t"":0},{""x"":906,""y"":389,""t"":91},{""x"":933,""y"":389,""t"":179},{""x"":910,""y"":355,""t"":261},{""x"":877,""y"":347,""t"":324},{""x"":850,""y"":340,""t"":387},{""x"":869,""y"":315,""t"":449},{""x"":996,""y"":364,""t"":530},{""x"":1140,""y"":400,""t"":593},{""x"":1223,""y"":434,""t"":656},{""x"":1301,""y"":481,""t"":719},{""x"":1341,""y"":486,""t"":782},{""x"":1452,""y"":472,""t"":844},{""x"":1464,""y"":458,""t"":907},{""x"":1464,""y"":436,""t"":969},{""x"":1473,""y"":419,""t"":1033},{""x"":1427,""y"":382,""t"":1099},{""x"":1417,""y"":359,""t"":1161},{""x"":1407,""y"":339,""t"":1224},{""x"":1432,""y"":379,""t"":1286},{""x"":1380,""y"":365,""t"":1347},{""x"":1388,""y"":390,""t"":1410},{""x"":1359,""y"":389,""t"":1475},{""x"":1352,""y"":384,""t"":1537},{""x"":1370,""y"":326,""t"":1602},{""x"":1393,""y"":417,""t"":1669},{""x"":1418,""y"":443,""t"":1733},{""x"":1414,""y"":446,""t"":1796},{""x"":1374,""y"":452,""t"":1859},{""x"":1131,""y"":526,""t"":1921},{""x"":924,""y"":577,""t"":1984},{""x"":734,""y"":597,""t"":2048},{""x"":561,""y"":614,""t"":2111},{""x"":403,""y"":576,""t"":2175},{""x"":257,""y"":520,""t"":2238},{""x"":230,""y"":484,""t"":2301},{""x"":215,""y"":404,""t"":2363},{""x"":238,""y"":365,""t"":2427},{""x"":212,""y"":320,""t"":2490},{""x"":251,""y"":314,""t"":2570},{""x"":262,""y"":319,""t"":2631},{""x"":291,""y"":361,""t"":2694},{""x"":308,""y"":393,""t"":2760},{""x"":322,""y"":407,""t"":2823},{""x"":321,""y"":422,""t"":2886},{""x"":347,""y"":436,""t"":2948},{""x"":540,""y"":479,""t"":3011},{""x"":754,""y"":552,""t"":3074},{""x"":924,""y"":565,""t"":3137},{""x"":1058,""y"":639,""t"":3199},{""x"":1167,""y"":645,""t"":3261},{""x"":1276,""y"":635,""t"":3322},{""x"":1311,""y"":600,""t"":3383},{""x"":1329,""y"":586,""t"":3463},{""x"":1314,""y"":539,""t"":3525},{""x"":1364,""y"":495,""t"":3588},{""x"":1418,""y"":424,""t"":3652},{""x"":1450,""y"":401,""t"":3735},{""x"":1448,""y"":351,""t"":3829},{""x"":1451,""y"":307,""t"":3892},{""x"":1439,""y"":294,""t"":3954},{""x"":1288,""y"":288,""t"":4034},{""x"":1193,""y"":300,""t"":4097},{""x"":1007,""y"":297,""t"":4162},{""x"":973,""y"":317,""t"":4225},{""x"":865,""y"":329,""t"":4288},{""x"":737,""y"":287,""t"":4354},{""x"":716,""y"":263,""t"":4417},{""x"":624,""y"":254,""t"":4482},{""x"":630,""y"":263,""t"":4544},{""x"":664,""y"":234,""t"":4608},{""x"":622,""y"":235,""t"":4671},{""x"":608,""y"":238,""t"":4733},{""x"":541,""y"":262,""t"":4796},{""x"":495,""y"":345,""t"":4859},{""x"":485,""y"":418,""t"":4922},{""x"":500,""y"":493,""t"":4985},{""x"":513,""y"":562,""t"":5047},{""x"":502,""y"":591,""t"":5108},{""x"":466,""y"":652,""t"":5170},{""x"":551,""y"":639,""t"":5231},{""x"":664,""y"":724,""t"":5294},{""x"":916,""y"":747,""t"":5355},{""x"":1037,""y"":749,""t"":5421},{""x"":1198,""y"":767,""t"":5502},{""x"":1314,""y"":775,""t"":5570},{""x"":1408,""y"":786,""t"":5634},{""x"":1376,""y"":766,""t"":5729},{""x"":1341,""y"":708,""t"":5792},{""x"":1350,""y"":646,""t"":5856},{""x"":1334,""y"":600,""t"":5918},{""x"":1340,""y"":613,""t"":5979},{""x"":1278,""y"":572,""t"":6040},{""x"":1332,""y"":513,""t"":6104},{""x"":1359,""y"":511,""t"":6166},{""x"":1316,""y"":493,""t"":6229},{""x"":1270,""y"":486,""t"":6292}]",0,0.9517225539827814,0.04827744601721862,wa_dn_b-last_b-longer,0
115-alternatives,1,112,exp_70,0.0,463.6999999880791,0.72,0.51,4.2,5.2,higher_p,higher_m,0,1,alternatives,0.0,False,3.024,2.652,0.3719999999999999,0.64020159214642,0.4,0.6,0.5,0.5,1.0,1.0,higher_m,higher_m,True,"{""durations"":[1000,1500,1000,1500],""alternatives"":[0,1,0,1],""attributes"":[""all"",""all"",""all"",""all""]}","[{""x"":1188,""y"":429,""t"":0},{""x"":1234,""y"":394,""t"":75},{""x"":1237,""y"":385,""t"":158},{""x"":1224,""y"":343,""t"":234},{""x"":1241,""y"":343,""t"":297},{""x"":1251,""y"":335,""t"":360},{""x"":1180,""y"":300,""t"":421},{""x"":1115,""y"":321,""t"":501},{""x"":1096,""y"":322,""t"":564},{""x"":1036,""y"":288,""t"":626},{""x"":973,""y"":290,""t"":689},{""x"":954,""y"":266,""t"":751},{""x"":928,""y"":253,""t"":812},{""x"":906,""y"":194,""t"":873},{""x"":890,""y"":144,""t"":936},{""x"":863,""y"":46,""t"":999},{""x"":830,""y"":27,""t"":1063},{""x"":900,""y"":16,""t"":1131},{""x"":845,""y"":32,""t"":1193},{""x"":856,""y"":82,""t"":1256},{""x"":849,""y"":110,""t"":1318},{""x"":851,""y"":141,""t"":1379},{""x"":928,""y"":154,""t"":1443},{""x"":1051,""y"":250,""t"":1506},{""x"":1177,""y"":287,""t"":1569},{""x"":1321,""y"":338,""t"":1631},{""x"":1363,""y"":333,""t"":1693},{""x"":1430,""y"":370,""t"":1754},{""x"":1465,""y"":357,""t"":1816},{""x"":1435,""y"":302,""t"":1880},{""x"":1431,""y"":248,""t"":1942},{""x"":1478,""y"":219,""t"":2004},{""x"":1462,""y"":172,""t"":2067},{""x"":1401,""y"":213,""t"":2129},{""x"":1380,""y"":238,""t"":2191},{""x"":1411,""y"":241,""t"":2254},{""x"":1395,""y"":241,""t"":2315},{""x"":1358,""y"":264,""t"":2377},{""x"":1372,""y"":296,""t"":2440},{""x"":1425,""y"":295,""t"":2503},{""x"":1498,""y"":280,""t"":2567},{""x"":1560,""y"":289,""t"":2629},{""x"":1546,""y"":277,""t"":2694},{""x"":1505,""y"":225,""t"":2756},{""x"":1390,""y"":161,""t"":2819},{""x"":1256,""y"":121,""t"":2881},{""x"":1114,""y"":64,""t"":2942},{""x"":966,""y"":9,""t"":3023},{""x"":851,""y"":-22,""t"":3105},{""x"":776,""y"":-90,""t"":3168},{""x"":765,""y"":-30,""t"":3232},{""x"":731,""y"":-7,""t"":3313},{""x"":770,""y"":41,""t"":3375},{""x"":803,""y"":69,""t"":3444},{""x"":820,""y"":128,""t"":3509},{""x"":856,""y"":191,""t"":3573},{""x"":920,""y"":259,""t"":3634},{""x"":921,""y"":263,""t"":3697},{""x"":946,""y"":235,""t"":3762},{""x"":908,""y"":178,""t"":3823},{""x"":873,""y"":155,""t"":3887},{""x"":828,""y"":149,""t"":3951},{""x"":955,""y"":165,""t"":4014},{""x"":1029,""y"":220,""t"":4079},{""x"":1138,""y"":256,""t"":4142},{""x"":1183,""y"":286,""t"":4204},{""x"":1288,""y"":303,""t"":4285},{""x"":1346,""y"":302,""t"":4347},{""x"":1414,""y"":289,""t"":4410},{""x"":1457,""y"":303,""t"":4490},{""x"":1498,""y"":292,""t"":4555},{""x"":1573,""y"":332,""t"":4621},{""x"":1468,""y"":371,""t"":4684},{""x"":1294,""y"":404,""t"":4747},{""x"":1293,""y"":406,""t"":4810},{""x"":1146,""y"":296,""t"":4871},{""x"":1111,""y"":284,""t"":4933},{""x"":1048,""y"":248,""t"":4996},{""x"":975,""y"":202,""t"":5059},{""x"":914,""y"":174,""t"":5140},{""x"":856,""y"":120,""t"":5202},{""x"":758,""y"":91,""t"":5279},{""x"":720,""y"":74,""t"":5366},{""x"":796,""y"":149,""t"":5428},{""x"":871,""y"":210,""t"":5490},{""x"":940,""y"":248,""t"":5553},{""x"":1044,""y"":285,""t"":5614},{""x"":1034,""y"":333,""t"":5677},{""x"":1065,""y"":374,""t"":5740},{""x"":1090,""y"":369,""t"":5805},{""x"":1124,""y"":353,""t"":5871},{""x"":1125,""y"":374,""t"":5934},{""x"":1136,""y"":345,""t"":5996},{""x"":1126,""y"":356,""t"":6059},{""x"":1154,""y"":347,""t"":6122},{""x"":1176,""y"":340,""t"":6184},{""x"":1108,""y"":410,""t"":6245}]",0,0.8995771948831256,0.10042280511687433,wa_dn_b-last_b-longer,0
115-alternatives,1,116,exp_112,0.0,664.5,0.49,0.22,4.2,7.9,higher_p,higher_m,0,1,alternatives,0.0,False,2.058,1.738,0.3199999999999998,0.5866799156325714,0.6,0.4,0.5,0.5,0.0,1.0,higher_p,higher_m,True,"{""durations"":[1500,1000,1500,1000],""alternatives"":[0,1,0,1],""attributes"":[""all"",""all"",""all"",""all""]}","[{""x"":1276,""y"":181,""t"":0},{""x"":1349,""y"":201,""t"":90},{""x"":1305,""y"":193,""t"":172},{""x"":1323,""y"":181,""t"":249},{""x"":1270,""y"":156,""t"":312},{""x"":1256,""y"":179,""t"":375},{""x"":1242,""y"":172,""t"":438},{""x"":1203,""y"":191,""t"":501},{""x"":1061,""y"":227,""t"":563},{""x"":991,""y"":222,""t"":626},{""x"":884,""y"":231,""t"":689},{""x"":780,""y"":190,""t"":751},{""x"":698,""y"":105,""t"":814},{""x"":629,""y"":95,""t"":892},{""x"":548,""y"":58,""t"":955},{""x"":476,""y"":48,""t"":1017},{""x"":459,""y"":103,""t"":1079},{""x"":455,""y"":106,""t"":1142},{""x"":457,""y"":154,""t"":1205},{""x"":510,""y"":213,""t"":1282},{""x"":525,""y"":262,""t"":1345},{""x"":651,""y"":278,""t"":1427},{""x"":702,""y"":268,""t"":1507},{""x"":721,""y"":271,""t"":1571},{""x"":793,""y"":279,""t"":1648},{""x"":868,""y"":264,""t"":1717},{""x"":945,""y"":241,""t"":1786},{""x"":1024,""y"":239,""t"":1851},{""x"":1111,""y"":247,""t"":1914},{""x"":1219,""y"":240,""t"":1978},{""x"":1299,""y"":246,""t"":2040},{""x"":1372,""y"":255,""t"":2102},{""x"":1434,""y"":192,""t"":2180},{""x"":1384,""y"":150,""t"":2273},{""x"":1364,""y"":114,""t"":2339},{""x"":1328,""y"":110,""t"":2420},{""x"":1286,""y"":62,""t"":2481},{""x"":1282,""y"":51,""t"":2544},{""x"":1221,""y"":72,""t"":2606},{""x"":1219,""y"":102,""t"":2669},{""x"":1233,""y"":134,""t"":2733},{""x"":1079,""y"":123,""t"":2796},{""x"":935,""y"":105,""t"":2859},{""x"":750,""y"":61,""t"":2920},{""x"":607,""y"":17,""t"":2982},{""x"":480,""y"":-5,""t"":3044},{""x"":331,""y"":-111,""t"":3105},{""x"":226,""y"":-241,""t"":3169},{""x"":203,""y"":-211,""t"":3230},{""x"":272,""y"":-80,""t"":3293},{""x"":252,""y"":-51,""t"":3355},{""x"":301,""y"":2,""t"":3447},{""x"":448,""y"":41,""t"":3515},{""x"":531,""y"":56,""t"":3578},{""x"":622,""y"":62,""t"":3643},{""x"":761,""y"":105,""t"":3707},{""x"":815,""y"":165,""t"":3771},{""x"":830,""y"":171,""t"":3832},{""x"":860,""y"":181,""t"":3894},{""x"":916,""y"":209,""t"":3956},{""x"":969,""y"":232,""t"":4020},{""x"":981,""y"":274,""t"":4083},{""x"":970,""y"":302,""t"":4145},{""x"":975,""y"":256,""t"":4208},{""x"":972,""y"":220,""t"":4272},{""x"":1003,""y"":210,""t"":4337},{""x"":1066,""y"":214,""t"":4400},{""x"":1067,""y"":234,""t"":4466},{""x"":1091,""y"":207,""t"":4530},{""x"":1094,""y"":220,""t"":4599},{""x"":1146,""y"":241,""t"":4663},{""x"":1185,""y"":230,""t"":4725},{""x"":1248,""y"":230,""t"":4788},{""x"":1323,""y"":222,""t"":4851},{""x"":1412,""y"":255,""t"":4914},{""x"":1423,""y"":279,""t"":4976},{""x"":1462,""y"":309,""t"":5040},{""x"":1519,""y"":348,""t"":5105},{""x"":1545,""y"":401,""t"":5166},{""x"":1565,""y"":470,""t"":5228},{""x"":1600,""y"":500,""t"":5290},{""x"":1587,""y"":477,""t"":5355},{""x"":1595,""y"":502,""t"":5439},{""x"":1639,""y"":550,""t"":5500},{""x"":1613,""y"":541,""t"":5564},{""x"":1551,""y"":480,""t"":5627},{""x"":1396,""y"":455,""t"":5690},{""x"":1268,""y"":384,""t"":5753},{""x"":1178,""y"":371,""t"":5814},{""x"":1061,""y"":316,""t"":5895},{""x"":994,""y"":287,""t"":5957},{""x"":922,""y"":282,""t"":6019},{""x"":819,""y"":240,""t"":6100},{""x"":796,""y"":274,""t"":6163},{""x"":826,""y"":243,""t"":6243},{""x"":817,""y"":263,""t"":6305},{""x"":874,""y"":282,""t"":6368},{""x"":869,""y"":252,""t"":6430},{""x"":933,""y"":230,""t"":6491},{""x"":1009,""y"":242,""t"":6551}]",0,0.9648847638988881,0.035115236101111995,wa_dn_b-last_b-longer,0
115-alternatives,1,120,exp_62,1.0,414.10000002384186,0.41,0.21,1.7999999999999998,6.2,higher_p,higher_m,0,1,alternatives,0.0,False,0.7379999999999999,1.302,-0.5640000000000002,-0.3231885851028555,0.4,0.6,0.5,0.5,1.0,1.0,higher_m,higher_m,False,"{""durations"":[1000,1500,1000,1500],""alternatives"":[0,1,0,1],""attributes"":[""all"",""all"",""all"",""all""]}","[{""x"":966,""y"":302,""t"":0},{""x"":986,""y"":314,""t"":84},{""x"":1011,""y"":319,""t"":193},{""x"":985,""y"":296,""t"":256},{""x"":1074,""y"":316,""t"":319},{""x"":1049,""y"":310,""t"":402},{""x"":1033,""y"":291,""t"":468},{""x"":1045,""y"":266,""t"":530},{""x"":1001,""y"":262,""t"":592},{""x"":959,""y"":264,""t"":655},{""x"":944,""y"":257,""t"":718},{""x"":916,""y"":279,""t"":779},{""x"":899,""y"":267,""t"":842},{""x"":877,""y"":264,""t"":903},{""x"":799,""y"":252,""t"":966},{""x"":786,""y"":217,""t"":1030},{""x"":771,""y"":182,""t"":1111},{""x"":742,""y"":159,""t"":1176},{""x"":717,""y"":168,""t"":1239},{""x"":685,""y"":152,""t"":1300},{""x"":764,""y"":185,""t"":1380},{""x"":853,""y"":226,""t"":1456},{""x"":971,""y"":258,""t"":1516},{""x"":1058,""y"":268,""t"":1579},{""x"":1143,""y"":343,""t"":1648},{""x"":1207,""y"":331,""t"":1710},{""x"":1344,""y"":336,""t"":1788},{""x"":1378,""y"":306,""t"":1850},{""x"":1460,""y"":268,""t"":1912},{""x"":1503,""y"":286,""t"":1975},{""x"":1553,""y"":293,""t"":2039},{""x"":1567,""y"":258,""t"":2101},{""x"":1579,""y"":229,""t"":2163},{""x"":1592,""y"":242,""t"":2224},{""x"":1619,""y"":278,""t"":2287},{""x"":1612,""y"":297,""t"":2350},{""x"":1613,""y"":314,""t"":2411},{""x"":1517,""y"":314,""t"":2474},{""x"":1369,""y"":336,""t"":2534},{""x"":1229,""y"":315,""t"":2598},{""x"":1140,""y"":332,""t"":2660},{""x"":1162,""y"":277,""t"":2725},{""x"":1202,""y"":278,""t"":2787},{""x"":1186,""y"":221,""t"":2848},{""x"":1188,""y"":206,""t"":2911},{""x"":1123,""y"":159,""t"":2973},{""x"":1016,""y"":168,""t"":3034},{""x"":838,""y"":149,""t"":3096},{""x"":795,""y"":149,""t"":3157},{""x"":727,""y"":195,""t"":3219},{""x"":728,""y"":243,""t"":3300},{""x"":675,""y"":255,""t"":3362},{""x"":725,""y"":279,""t"":3425},{""x"":710,""y"":324,""t"":3489},{""x"":747,""y"":323,""t"":3554},{""x"":719,""y"":284,""t"":3616},{""x"":684,""y"":247,""t"":3679},{""x"":684,""y"":235,""t"":3742},{""x"":686,""y"":226,""t"":3807},{""x"":624,""y"":150,""t"":3869},{""x"":567,""y"":112,""t"":3932},{""x"":587,""y"":94,""t"":3994},{""x"":792,""y"":146,""t"":4056},{""x"":901,""y"":131,""t"":4119},{""x"":1056,""y"":132,""t"":4181},{""x"":1120,""y"":111,""t"":4246},{""x"":1275,""y"":133,""t"":4309},{""x"":1313,""y"":177,""t"":4372},{""x"":1366,""y"":212,""t"":4434},{""x"":1413,""y"":300,""t"":4498},{""x"":1567,""y"":389,""t"":4559},{""x"":1563,""y"":394,""t"":4621},{""x"":1630,""y"":477,""t"":4684},{""x"":1705,""y"":499,""t"":4745},{""x"":1676,""y"":445,""t"":4808},{""x"":1636,""y"":397,""t"":4870},{""x"":1656,""y"":350,""t"":4933},{""x"":1623,""y"":325,""t"":4995},{""x"":1628,""y"":325,""t"":5055},{""x"":1573,""y"":294,""t"":5120},{""x"":1545,""y"":282,""t"":5182},{""x"":1515,""y"":233,""t"":5244},{""x"":1449,""y"":178,""t"":5306},{""x"":1408,""y"":156,""t"":5372},{""x"":1299,""y"":117,""t"":5434},{""x"":1227,""y"":102,""t"":5497},{""x"":1175,""y"":137,""t"":5577},{""x"":1126,""y"":126,""t"":5657},{""x"":1100,""y"":121,""t"":5721},{""x"":1018,""y"":128,""t"":5784},{""x"":973,""y"":120,""t"":5844},{""x"":981,""y"":123,""t"":5907},{""x"":957,""y"":131,""t"":5968},{""x"":944,""y"":123,""t"":6032},{""x"":913,""y"":133,""t"":6093},{""x"":955,""y"":330,""t"":6157},{""x"":1059,""y"":348,""t"":6218}]",1,0.0017564642562398194,0.9982435357437601,wa_dn_b-last_b-longer,0
115-alternatives,1,121,exp_4,0.0,774.3999999761581,0.79,0.49,5.300000000000001,8.3,higher_p,higher_m,0,1,alternatives,0.0,False,4.187000000000001,4.067,0.120000000000001,0.3808273136562316,0.4,0.6,0.5,0.5,1.0,0.0,higher_m,higher_p,True,"{""durations"":[1500,1000,1500,1000],""alternatives"":[1,0,1,0],""attributes"":[""all"",""all"",""all"",""all""]}","[{""x"":1231,""y"":79,""t"":0},{""x"":1128,""y"":80,""t"":71},{""x"":1043,""y"":76,""t"":153},{""x"":928,""y"":82,""t"":249},{""x"":864,""y"":98,""t"":313},{""x"":830,""y"":107,""t"":391},{""x"":816,""y"":134,""t"":458},{""x"":871,""y"":142,""t"":528},{""x"":999,""y"":173,""t"":593},{""x"":1062,""y"":216,""t"":661},{""x"":1140,""y"":268,""t"":727},{""x"":1204,""y"":265,""t"":791},{""x"":1317,""y"":277,""t"":855},{""x"":1283,""y"":242,""t"":938},{""x"":1295,""y"":156,""t"":1029},{""x"":1215,""y"":135,""t"":1094},{""x"":1256,""y"":170,""t"":1172},{""x"":1297,""y"":168,""t"":1235},{""x"":1354,""y"":128,""t"":1298},{""x"":1367,""y"":159,""t"":1361},{""x"":1395,""y"":143,""t"":1424},{""x"":1413,""y"":121,""t"":1490},{""x"":1398,""y"":127,""t"":1553},{""x"":1343,""y"":93,""t"":1621},{""x"":1343,""y"":74,""t"":1699},{""x"":1320,""y"":128,""t"":1767},{""x"":1246,""y"":69,""t"":1830},{""x"":1048,""y"":104,""t"":1918},{""x"":889,""y"":86,""t"":1998},{""x"":749,""y"":114,""t"":2062},{""x"":627,""y"":157,""t"":2124},{""x"":544,""y"":193,""t"":2190},{""x"":521,""y"":204,""t"":2253},{""x"":498,""y"":166,""t"":2317},{""x"":494,""y"":121,""t"":2378},{""x"":464,""y"":178,""t"":2443},{""x"":468,""y"":132,""t"":2505},{""x"":401,""y"":123,""t"":2566},{""x"":364,""y"":91,""t"":2632},{""x"":376,""y"":180,""t"":2695},{""x"":428,""y"":164,""t"":2759},{""x"":453,""y"":201,""t"":2822},{""x"":502,""y"":161,""t"":2885},{""x"":511,""y"":86,""t"":2947},{""x"":673,""y"":66,""t"":3009},{""x"":829,""y"":71,""t"":3073},{""x"":1064,""y"":100,""t"":3135},{""x"":1150,""y"":127,""t"":3199},{""x"":1221,""y"":162,""t"":3261},{""x"":1273,""y"":175,""t"":3344},{""x"":1389,""y"":170,""t"":3415},{""x"":1372,""y"":183,""t"":3477},{""x"":1436,""y"":265,""t"":3539},{""x"":1424,""y"":285,""t"":3603},{""x"":1444,""y"":240,""t"":3670},{""x"":1440,""y"":243,""t"":3731},{""x"":1441,""y"":236,""t"":3793},{""x"":1395,""y"":221,""t"":3894},{""x"":1380,""y"":238,""t"":3955},{""x"":1133,""y"":230,""t"":4018},{""x"":987,""y"":174,""t"":4081},{""x"":826,""y"":154,""t"":4143},{""x"":769,""y"":114,""t"":4206},{""x"":654,""y"":77,""t"":4268},{""x"":579,""y"":34,""t"":4349},{""x"":572,""y"":56,""t"":4425},{""x"":592,""y"":61,""t"":4488},{""x"":548,""y"":63,""t"":4550},{""x"":566,""y"":115,""t"":4612},{""x"":622,""y"":124,""t"":4675},{""x"":622,""y"":121,""t"":4738},{""x"":593,""y"":154,""t"":4800},{""x"":607,""y"":158,""t"":4863},{""x"":600,""y"":169,""t"":4925},{""x"":532,""y"":86,""t"":4987},{""x"":463,""y"":8,""t"":5049},{""x"":510,""y"":-1,""t"":5112},{""x"":468,""y"":-30,""t"":5174},{""x"":421,""y"":-35,""t"":5235},{""x"":383,""y"":-68,""t"":5297},{""x"":394,""y"":-59,""t"":5359},{""x"":374,""y"":-92,""t"":5425},{""x"":365,""y"":-119,""t"":5488},{""x"":344,""y"":-120,""t"":5550},{""x"":393,""y"":-147,""t"":5612},{""x"":439,""y"":-171,""t"":5675},{""x"":603,""y"":-129,""t"":5736},{""x"":834,""y"":22,""t"":5799},{""x"":1095,""y"":135,""t"":5862},{""x"":1277,""y"":195,""t"":5943},{""x"":1287,""y"":223,""t"":6009},{""x"":1269,""y"":177,""t"":6071},{""x"":1193,""y"":171,""t"":6134},{""x"":1202,""y"":177,""t"":6199},{""x"":1178,""y"":177,""t"":6262},{""x"":1142,""y"":151,""t"":6323},{""x"":1066,""y"":125,""t"":6386},{""x"":1053,""y"":126,""t"":6447},{""x"":1177,""y"":261,""t"":6510},{""x"":1172,""y"":357,""t"":6597},{""x"":1241,""y"":408,""t"":6663}]",1,0.8584903132184661,0.14150968678153383,wa_dn_b-last_b-longer,0
115-alternatives,1,124,exp_44,1.0,876.5999999642372,0.81,0.48,1.6999999999999995,7.9,higher_p,higher_m,0,1,alternatives,0.0,False,1.3769999999999998,3.792,-2.415,-2.2283544163938904,0.4,0.6,0.5,0.5,1.0,0.0,higher_m,higher_p,False,"{""durations"":[1500,1000,1500,1000],""alternatives"":[1,0,1,0],""attributes"":[""all"",""all"",""all"",""all""]}","[{""x"":1151,""y"":345,""t"":0},{""x"":1182,""y"":340,""t"":81},{""x"":1179,""y"":331,""t"":188},{""x"":1132,""y"":360,""t"":253},{""x"":1109,""y"":358,""t"":316},{""x"":1058,""y"":345,""t"":380},{""x"":1018,""y"":312,""t"":442},{""x"":955,""y"":371,""t"":506},{""x"":896,""y"":365,""t"":568},{""x"":883,""y"":403,""t"":633},{""x"":862,""y"":452,""t"":695},{""x"":796,""y"":355,""t"":758},{""x"":761,""y"":323,""t"":822},{""x"":827,""y"":279,""t"":886},{""x"":826,""y"":232,""t"":949},{""x"":779,""y"":189,""t"":1011},{""x"":776,""y"":146,""t"":1076},{""x"":780,""y"":101,""t"":1157},{""x"":728,""y"":42,""t"":1221},{""x"":760,""y"":22,""t"":1284},{""x"":783,""y"":93,""t"":1364},{""x"":759,""y"":138,""t"":1428},{""x"":792,""y"":181,""t"":1490},{""x"":804,""y"":227,""t"":1555},{""x"":853,""y"":234,""t"":1619},{""x"":922,""y"":283,""t"":1710},{""x"":912,""y"":298,""t"":1773},{""x"":949,""y"":351,""t"":1852},{""x"":1094,""y"":468,""t"":1914},{""x"":1172,""y"":486,""t"":1976},{""x"":1282,""y"":538,""t"":2059},{""x"":1408,""y"":588,""t"":2122},{""x"":1505,""y"":626,""t"":2184},{""x"":1542,""y"":567,""t"":2248},{""x"":1618,""y"":471,""t"":2328},{""x"":1617,""y"":389,""t"":2391},{""x"":1598,""y"":386,""t"":2482},{""x"":1617,""y"":409,""t"":2545},{""x"":1623,""y"":397,""t"":2609},{""x"":1658,""y"":403,""t"":2674},{""x"":1548,""y"":304,""t"":2739},{""x"":1589,""y"":359,""t"":2804},{""x"":1632,""y"":392,""t"":2868},{""x"":1482,""y"":383,""t"":2929},{""x"":1358,""y"":362,""t"":2994},{""x"":1184,""y"":296,""t"":3056},{""x"":1085,""y"":265,""t"":3118},{""x"":980,""y"":202,""t"":3180},{""x"":811,""y"":157,""t"":3243},{""x"":708,""y"":141,""t"":3306},{""x"":734,""y"":217,""t"":3368},{""x"":727,""y"":274,""t"":3431},{""x"":730,""y"":263,""t"":3494},{""x"":771,""y"":307,""t"":3557},{""x"":768,""y"":339,""t"":3620},{""x"":782,""y"":302,""t"":3682},{""x"":735,""y"":391,""t"":3762},{""x"":778,""y"":435,""t"":3827},{""x"":830,""y"":454,""t"":3889},{""x"":847,""y"":463,""t"":3953},{""x"":907,""y"":467,""t"":4017},{""x"":962,""y"":425,""t"":4081},{""x"":1071,""y"":435,""t"":4143},{""x"":1099,""y"":418,""t"":4206},{""x"":1213,""y"":434,""t"":4268},{""x"":1233,""y"":397,""t"":4332},{""x"":1269,""y"":435,""t"":4409},{""x"":1253,""y"":431,""t"":4473},{""x"":1245,""y"":419,""t"":4534},{""x"":1237,""y"":351,""t"":4598},{""x"":1210,""y"":323,""t"":4661},{""x"":1206,""y"":318,""t"":4721},{""x"":1265,""y"":319,""t"":4784},{""x"":1357,""y"":365,""t"":4846},{""x"":1340,""y"":349,""t"":4909},{""x"":1331,""y"":340,""t"":4972},{""x"":1226,""y"":318,""t"":5035},{""x"":1197,""y"":341,""t"":5114},{""x"":1157,""y"":327,""t"":5193},{""x"":1125,""y"":334,""t"":5272},{""x"":1097,""y"":307,""t"":5334},{""x"":1133,""y"":322,""t"":5399},{""x"":1155,""y"":331,""t"":5464},{""x"":1160,""y"":341,""t"":5526},{""x"":1141,""y"":311,""t"":5589},{""x"":1141,""y"":303,""t"":5650},{""x"":1149,""y"":293,""t"":5713},{""x"":1157,""y"":277,""t"":5776},{""x"":1125,""y"":238,""t"":5839},{""x"":1148,""y"":235,""t"":5900},{""x"":1166,""y"":239,""t"":5963},{""x"":1209,""y"":275,""t"":6025},{""x"":1181,""y"":316,""t"":6087},{""x"":1212,""y"":315,""t"":6150},{""x"":1213,""y"":308,""t"":6212},{""x"":1198,""y"":317,""t"":6276},{""x"":1176,""y"":294,""t"":6338},{""x"":1195,""y"":302,""t"":6400},{""x"":1230,""y"":310,""t"":6461},{""x"":1217,""y"":311,""t"":6524},{""x"":1218,""y"":295,""t"":6586},{""x"":1195,""y"":294,""t"":6648},{""x"":1183,""y"":308,""t"":6712},{""x"":1172,""y"":328,""t"":6774}]",1,2.1797050479439298e-05,0.9999782029495206,wa_dn_b-last_b-longer,0
115-alternatives,1,125,exp_48,0.0,485.3999999761581,0.49,0.32,6.9,8.2,higher_p,higher_m,0,1,alternatives,0.0,False,3.381,2.624,0.7570000000000006,1.0364678509508771,0.6,0.4,0.5,0.5,0.0,1.0,higher_p,higher_m,True,"{""durations"":[1500,1000,1500,1000],""alternatives"":[0,1,0,1],""attributes"":[""all"",""all"",""all"",""all""]}","[{""x"":1242,""y"":353,""t"":0},{""x"":1233,""y"":297,""t"":71},{""x"":1272,""y"":307,""t"":200},{""x"":1229,""y"":300,""t"":290},{""x"":1233,""y"":325,""t"":354},{""x"":1224,""y"":313,""t"":419},{""x"":1259,""y"":308,""t"":480},{""x"":1344,""y"":341,""t"":543},{""x"":1365,""y"":375,""t"":606},{""x"":1398,""y"":426,""t"":669},{""x"":1405,""y"":468,""t"":730},{""x"":1477,""y"":465,""t"":794},{""x"":1524,""y"":442,""t"":858},{""x"":1525,""y"":413,""t"":920},{""x"":1547,""y"":345,""t"":984},{""x"":1548,""y"":297,""t"":1045},{""x"":1524,""y"":263,""t"":1108},{""x"":1509,""y"":230,""t"":1170},{""x"":1492,""y"":213,""t"":1232},{""x"":1455,""y"":223,""t"":1294},{""x"":1437,""y"":229,""t"":1356},{""x"":1480,""y"":234,""t"":1437},{""x"":1479,""y"":205,""t"":1501},{""x"":1480,""y"":190,""t"":1565},{""x"":1494,""y"":216,""t"":1650},{""x"":1506,""y"":271,""t"":1718},{""x"":1522,""y"":339,""t"":1790},{""x"":1334,""y"":336,""t"":1854},{""x"":1217,""y"":306,""t"":1915},{""x"":1064,""y"":313,""t"":1978},{""x"":999,""y"":293,""t"":2041},{""x"":872,""y"":281,""t"":2104},{""x"":803,""y"":244,""t"":2166},{""x"":733,""y"":217,""t"":2228},{""x"":696,""y"":128,""t"":2290},{""x"":605,""y"":85,""t"":2353},{""x"":556,""y"":72,""t"":2416},{""x"":509,""y"":26,""t"":2479},{""x"":512,""y"":-35,""t"":2542},{""x"":560,""y"":-49,""t"":2605},{""x"":572,""y"":-52,""t"":2668},{""x"":610,""y"":26,""t"":2734},{""x"":676,""y"":122,""t"":2795},{""x"":697,""y"":211,""t"":2860},{""x"":755,""y"":254,""t"":2921},{""x"":848,""y"":294,""t"":2982},{""x"":963,""y"":332,""t"":3043},{""x"":1126,""y"":349,""t"":3106},{""x"":1232,""y"":403,""t"":3168},{""x"":1321,""y"":435,""t"":3250},{""x"":1453,""y"":417,""t"":3313},{""x"":1577,""y"":411,""t"":3375},{""x"":1599,""y"":378,""t"":3437},{""x"":1655,""y"":333,""t"":3500},{""x"":1680,""y"":318,""t"":3563},{""x"":1631,""y"":294,""t"":3626},{""x"":1602,""y"":257,""t"":3689},{""x"":1613,""y"":208,""t"":3749},{""x"":1584,""y"":139,""t"":3811},{""x"":1524,""y"":66,""t"":3874},{""x"":1494,""y"":31,""t"":3936},{""x"":1439,""y"":42,""t"":4000},{""x"":1299,""y"":8,""t"":4082},{""x"":1141,""y"":7,""t"":4142},{""x"":935,""y"":8,""t"":4205},{""x"":835,""y"":12,""t"":4269},{""x"":780,""y"":14,""t"":4335},{""x"":652,""y"":-9,""t"":4397},{""x"":626,""y"":-10,""t"":4461},{""x"":565,""y"":8,""t"":4523},{""x"":525,""y"":-12,""t"":4584},{""x"":514,""y"":-8,""t"":4647},{""x"":456,""y"":-27,""t"":4708},{""x"":504,""y"":-11,""t"":4804},{""x"":547,""y"":41,""t"":4867},{""x"":616,""y"":108,""t"":4947},{""x"":647,""y"":149,""t"":5021},{""x"":753,""y"":231,""t"":5115},{""x"":878,""y"":311,""t"":5177},{""x"":1130,""y"":421,""t"":5238},{""x"":1277,""y"":506,""t"":5303},{""x"":1338,""y"":521,""t"":5382},{""x"":1380,""y"":543,""t"":5443},{""x"":1399,""y"":543,""t"":5506},{""x"":1447,""y"":519,""t"":5569},{""x"":1435,""y"":502,""t"":5629},{""x"":1412,""y"":492,""t"":5708},{""x"":1359,""y"":439,""t"":5788},{""x"":1358,""y"":421,""t"":5851},{""x"":1337,""y"":392,""t"":5914},{""x"":1314,""y"":342,""t"":5975},{""x"":1305,""y"":296,""t"":6038},{""x"":1281,""y"":295,""t"":6100},{""x"":1245,""y"":286,""t"":6162},{""x"":1232,""y"":277,""t"":6226},{""x"":1243,""y"":291,""t"":6287}]",0,0.985226376381595,0.01477362361840489,wa_dn_b-last_b-longer,0
115-alternatives,1,126,exp_38,1.0,369.8000000119209,0.79,0.7,2.0,3.2,higher_p,higher_m,0,1,alternatives,0.0,False,1.58,2.24,-0.6599999999999997,-0.4219978340514987,0.4,0.6,0.5,0.5,1.0,1.0,higher_m,higher_m,False,"{""durations"":[1000,1500,1000,1500],""alternatives"":[0,1,0,1],""attributes"":[""all"",""all"",""all"",""all""]}","[{""x"":1223,""y"":298,""t"":0},{""x"":1192,""y"":270,""t"":71},{""x"":1087,""y"":253,""t"":145},{""x"":1103,""y"":285,""t"":224},{""x"":1075,""y"":274,""t"":306},{""x"":1048,""y"":279,""t"":371},{""x"":996,""y"":327,""t"":433},{""x"":952,""y"":340,""t"":496},{""x"":903,""y"":384,""t"":576},{""x"":942,""y"":390,""t"":638},{""x"":922,""y"":415,""t"":700},{""x"":948,""y"":404,""t"":763},{""x"":905,""y"":327,""t"":824},{""x"":901,""y"":282,""t"":890},{""x"":862,""y"":213,""t"":952},{""x"":794,""y"":172,""t"":1018},{""x"":768,""y"":143,""t"":1084},{""x"":773,""y"":112,""t"":1151},{""x"":776,""y"":100,""t"":1213},{""x"":825,""y"":149,""t"":1274},{""x"":811,""y"":199,""t"":1340},{""x"":924,""y"":300,""t"":1401},{""x"":1072,""y"":349,""t"":1464},{""x"":1192,""y"":401,""t"":1526},{""x"":1280,""y"":412,""t"":1620},{""x"":1343,""y"":402,""t"":1701},{""x"":1404,""y"":382,""t"":1781},{""x"":1514,""y"":349,""t"":1848},{""x"":1510,""y"":328,""t"":1910},{""x"":1585,""y"":285,""t"":1974},{""x"":1640,""y"":266,""t"":2036},{""x"":1666,""y"":243,""t"":2106},{""x"":1682,""y"":282,""t"":2185},{""x"":1658,""y"":331,""t"":2248},{""x"":1672,""y"":387,""t"":2309},{""x"":1623,""y"":379,""t"":2371},{""x"":1631,""y"":408,""t"":2433},{""x"":1547,""y"":406,""t"":2496},{""x"":1424,""y"":381,""t"":2558},{""x"":1372,""y"":370,""t"":2622},{""x"":1344,""y"":366,""t"":2687},{""x"":1288,""y"":366,""t"":2750},{""x"":1218,""y"":351,""t"":2813},{""x"":1136,""y"":353,""t"":2880},{""x"":1075,""y"":317,""t"":2944},{""x"":955,""y"":344,""t"":3005},{""x"":889,""y"":390,""t"":3067},{""x"":929,""y"":385,""t"":3129},{""x"":832,""y"":322,""t"":3192},{""x"":793,""y"":249,""t"":3255},{""x"":692,""y"":187,""t"":3318},{""x"":660,""y"":171,""t"":3381},{""x"":679,""y"":139,""t"":3441},{""x"":670,""y"":95,""t"":3504},{""x"":682,""y"":111,""t"":3571},{""x"":704,""y"":104,""t"":3635},{""x"":648,""y"":77,""t"":3699},{""x"":689,""y"":93,""t"":3764},{""x"":810,""y"":119,""t"":3826},{""x"":1040,""y"":154,""t"":3908},{""x"":1148,""y"":196,""t"":3970},{""x"":1275,""y"":218,""t"":4033},{""x"":1339,""y"":224,""t"":4095},{""x"":1414,""y"":242,""t"":4174},{""x"":1461,""y"":304,""t"":4240},{""x"":1497,""y"":326,""t"":4303},{""x"":1550,""y"":380,""t"":4366},{""x"":1518,""y"":396,""t"":4429},{""x"":1555,""y"":389,""t"":4493},{""x"":1544,""y"":403,""t"":4557},{""x"":1571,""y"":402,""t"":4620},{""x"":1489,""y"":376,""t"":4685},{""x"":1462,""y"":398,""t"":4747},{""x"":1473,""y"":377,""t"":4809},{""x"":1454,""y"":369,""t"":4882},{""x"":1432,""y"":355,""t"":4962},{""x"":1500,""y"":324,""t"":5026},{""x"":1447,""y"":331,""t"":5089},{""x"":1469,""y"":382,""t"":5153},{""x"":1494,""y"":376,""t"":5216},{""x"":1405,""y"":337,""t"":5280},{""x"":1432,""y"":323,""t"":5363},{""x"":1340,""y"":277,""t"":5443},{""x"":1343,""y"":307,""t"":5523},{""x"":1378,""y"":259,""t"":5586},{""x"":1319,""y"":238,""t"":5650},{""x"":1189,""y"":234,""t"":5715},{""x"":1062,""y"":201,""t"":5798},{""x"":1027,""y"":202,""t"":5863},{""x"":984,""y"":244,""t"":5927},{""x"":961,""y"":214,""t"":6010},{""x"":1013,""y"":198,""t"":6072},{""x"":977,""y"":138,""t"":6156}]",1,0.003813666637049618,0.9961863333629505,wa_dn_b-last_b-longer,0
115-alternatives,1,127,exp_56,1.0,323.0,0.41,0.21,1.7999999999999998,6.2,higher_p,higher_m,0,1,alternatives,0.0,False,0.7379999999999999,1.302,-0.5640000000000002,-0.3231885851028555,0.6,0.4,0.5,0.5,0.0,1.0,higher_p,higher_m,False,"{""durations"":[1500,1000,1500,1000],""alternatives"":[0,1,0,1],""attributes"":[""all"",""all"",""all"",""all""]}","[{""x"":1049,""y"":125,""t"":0},{""x"":1113,""y"":147,""t"":83},{""x"":1089,""y"":185,""t"":175},{""x"":1048,""y"":178,""t"":240},{""x"":1061,""y"":188,""t"":303},{""x"":1069,""y"":185,""t"":366},{""x"":1068,""y"":225,""t"":429},{""x"":1066,""y"":283,""t"":493},{""x"":1044,""y"":282,""t"":555},{""x"":1004,""y"":278,""t"":619},{""x"":949,""y"":289,""t"":681},{""x"":905,""y"":294,""t"":744},{""x"":940,""y"":282,""t"":821},{""x"":895,""y"":239,""t"":888},{""x"":887,""y"":207,""t"":953},{""x"":828,""y"":198,""t"":1018},{""x"":821,""y"":181,""t"":1102},{""x"":861,""y"":163,""t"":1164},{""x"":854,""y"":134,""t"":1255},{""x"":789,""y"":99,""t"":1317},{""x"":760,""y"":83,""t"":1399},{""x"":778,""y"":100,""t"":1463},{""x"":790,""y"":89,""t"":1525},{""x"":788,""y"":74,""t"":1589},{""x"":789,""y"":59,""t"":1675},{""x"":803,""y"":39,""t"":1738},{""x"":783,""y"":56,""t"":1800},{""x"":935,""y"":190,""t"":1882},{""x"":1106,""y"":274,""t"":1945},{""x"":1305,""y"":338,""t"":2007},{""x"":1424,""y"":354,""t"":2071},{""x"":1497,""y"":349,""t"":2132},{""x"":1529,""y"":375,""t"":2200},{""x"":1603,""y"":376,""t"":2260},{""x"":1624,""y"":421,""t"":2323},{""x"":1688,""y"":399,""t"":2384},{""x"":1690,""y"":377,""t"":2447},{""x"":1726,""y"":364,""t"":2508},{""x"":1724,""y"":342,""t"":2569},{""x"":1693,""y"":306,""t"":2637},{""x"":1680,""y"":283,""t"":2700},{""x"":1637,""y"":226,""t"":2765},{""x"":1598,""y"":141,""t"":2829},{""x"":1528,""y"":129,""t"":2892},{""x"":1475,""y"":113,""t"":2954},{""x"":1260,""y"":93,""t"":3018},{""x"":1089,""y"":83,""t"":3080},{""x"":964,""y"":76,""t"":3142},{""x"":859,""y"":83,""t"":3205},{""x"":797,""y"":71,""t"":3267},{""x"":736,""y"":122,""t"":3346},{""x"":755,""y"":131,""t"":3409},{""x"":757,""y"":139,""t"":3472},{""x"":739,""y"":179,""t"":3534},{""x"":731,""y"":195,""t"":3596},{""x"":793,""y"":220,""t"":3657},{""x"":794,""y"":288,""t"":3720},{""x"":839,""y"":257,""t"":3783},{""x"":757,""y"":192,""t"":3846},{""x"":732,""y"":181,""t"":3925},{""x"":684,""y"":142,""t"":3989},{""x"":719,""y"":140,""t"":4050},{""x"":715,""y"":131,""t"":4116},{""x"":704,""y"":112,""t"":4177},{""x"":642,""y"":89,""t"":4239},{""x"":597,""y"":67,""t"":4302},{""x"":653,""y"":72,""t"":4367},{""x"":803,""y"":87,""t"":4430},{""x"":1006,""y"":131,""t"":4491},{""x"":1185,""y"":183,""t"":4554},{""x"":1296,""y"":242,""t"":4617},{""x"":1446,""y"":264,""t"":4680},{""x"":1505,""y"":279,""t"":4743},{""x"":1580,""y"":311,""t"":4809},{""x"":1589,""y"":308,""t"":4875},{""x"":1651,""y"":319,""t"":4940},{""x"":1695,""y"":323,""t"":5004},{""x"":1648,""y"":293,""t"":5067},{""x"":1582,""y"":257,""t"":5131},{""x"":1576,""y"":222,""t"":5193},{""x"":1529,""y"":201,""t"":5260},{""x"":1473,""y"":166,""t"":5325},{""x"":1410,""y"":160,""t"":5390},{""x"":1368,""y"":132,""t"":5456},{""x"":1437,""y"":114,""t"":5520},{""x"":1419,""y"":114,""t"":5584},{""x"":1431,""y"":111,""t"":5648},{""x"":1294,""y"":94,""t"":5713},{""x"":1273,""y"":85,""t"":5779},{""x"":1196,""y"":111,""t"":5841},{""x"":1136,""y"":92,""t"":5906},{""x"":1017,""y"":79,""t"":5969},{""x"":965,""y"":110,""t"":6032},{""x"":894,""y"":79,""t"":6095},{""x"":929,""y"":118,""t"":6159},{""x"":933,""y"":137,""t"":6222}]",1,0.001756541171211846,0.9982434588287881,wa_dn_b-last_b-longer,0
115-alternatives,1,128,catch_18,1.0,446.1999999880791,0.19,0.37,3.1,3.8,dominated,dominant,1,1,alternatives,0.0,False,0.5890000000000001,1.406,-0.8169999999999998,-0.5835921266029265,0.5,0.5,0.5,0.5,,1.0,,dominant,True,"{""durations"":[1250,1250,1250,1250],""attributes"":[""all"",""all"",""all"",""all""],""alternatives"":[0,1,0,1]}","[{""x"":1150,""y"":272,""t"":0},{""x"":1090,""y"":271,""t"":83},{""x"":1121,""y"":234,""t"":177},{""x"":1085,""y"":211,""t"":238},{""x"":1085,""y"":249,""t"":304},{""x"":1045,""y"":212,""t"":367},{""x"":1103,""y"":219,""t"":427},{""x"":1176,""y"":273,""t"":494},{""x"":1299,""y"":336,""t"":556},{""x"":1266,""y"":359,""t"":620},{""x"":1359,""y"":369,""t"":701},{""x"":1447,""y"":371,""t"":762},{""x"":1521,""y"":357,""t"":824},{""x"":1545,""y"":339,""t"":886},{""x"":1590,""y"":351,""t"":947},{""x"":1573,""y"":291,""t"":1010},{""x"":1532,""y"":282,""t"":1072},{""x"":1369,""y"":231,""t"":1546},{""x"":1263,""y"":197,""t"":1626},{""x"":1096,""y"":199,""t"":1694},{""x"":958,""y"":191,""t"":1759},{""x"":830,""y"":185,""t"":1821},{""x"":748,""y"":179,""t"":1884},{""x"":689,""y"":158,""t"":1947},{""x"":572,""y"":103,""t"":2010},{""x"":470,""y"":114,""t"":2072},{""x"":485,""y"":136,""t"":2136},{""x"":406,""y"":134,""t"":2199},{""x"":390,""y"":74,""t"":2263},{""x"":359,""y"":32,""t"":2325},{""x"":397,""y"":35,""t"":2388},{""x"":439,""y"":7,""t"":2451},{""x"":500,""y"":-15,""t"":2512},{""x"":527,""y"":-5,""t"":2593},{""x"":604,""y"":11,""t"":2656},{""x"":651,""y"":51,""t"":2719},{""x"":851,""y"":185,""t"":2780},{""x"":1011,""y"":277,""t"":2863},{""x"":1128,""y"":320,""t"":2928},{""x"":1195,""y"":327,""t"":2994},{""x"":1273,""y"":315,""t"":3057},{""x"":1235,""y"":273,""t"":3119},{""x"":1244,""y"":243,""t"":3181},{""x"":1347,""y"":259,""t"":3245},{""x"":1399,""y"":246,""t"":3306},{""x"":1439,""y"":240,""t"":3386},{""x"":1535,""y"":257,""t"":3450},{""x"":1566,""y"":262,""t"":3511},{""x"":1621,""y"":303,""t"":3576},{""x"":1728,""y"":323,""t"":3638},{""x"":1692,""y"":358,""t"":3702},{""x"":1655,""y"":346,""t"":3766},{""x"":1652,""y"":339,""t"":3829},{""x"":1631,""y"":322,""t"":3891},{""x"":1527,""y"":384,""t"":3952},{""x"":1454,""y"":363,""t"":4016},{""x"":1316,""y"":371,""t"":4078},{""x"":1125,""y"":302,""t"":4147},{""x"":975,""y"":257,""t"":4212},{""x"":833,""y"":212,""t"":4276},{""x"":680,""y"":167,""t"":4340},{""x"":607,""y"":155,""t"":4430},{""x"":458,""y"":41,""t"":4493},{""x"":459,""y"":32,""t"":4555},{""x"":405,""y"":-6,""t"":4618},{""x"":360,""y"":-36,""t"":4681},{""x"":301,""y"":-45,""t"":4742},{""x"":360,""y"":-8,""t"":4922},{""x"":448,""y"":5,""t"":4998},{""x"":468,""y"":53,""t"":5062},{""x"":531,""y"":93,""t"":5125},{""x"":562,""y"":106,""t"":5189},{""x"":623,""y"":158,""t"":5252},{""x"":668,""y"":226,""t"":5316},{""x"":731,""y"":244,""t"":5379},{""x"":836,""y"":274,""t"":5462},{""x"":876,""y"":302,""t"":5524},{""x"":941,""y"":323,""t"":5605},{""x"":973,""y"":343,""t"":5672},{""x"":994,""y"":330,""t"":5735},{""x"":1028,""y"":361,""t"":5798},{""x"":1024,""y"":377,""t"":5861},{""x"":1064,""y"":370,""t"":5925},{""x"":1071,""y"":354,""t"":5988},{""x"":1130,""y"":292,""t"":6051},{""x"":1149,""y"":257,""t"":6115},{""x"":1166,""y"":233,""t"":6176},{""x"":1144,""y"":191,""t"":6239},{""x"":1140,""y"":171,""t"":6302},{""x"":1061,""y"":130,""t"":6364},{""x"":1061,""y"":134,""t"":6441},{""x"":1105,""y"":197,""t"":6506},{""x"":1198,""y"":256,""t"":6567}]",1,3.311813129002325e-07,0.9999996688186872,wa_dn_b-last_b-longer,0
115-alternatives,1,131,catch_14,1.0,356.89999997615814,0.22,0.28,4.1,7.9,dominated,dominant,1,1,alternatives,0.0,False,0.902,2.212,-1.3100000000000005,-1.0910187904746074,0.5,0.5,0.5,0.5,,1.0,,dominant,True,"{""durations"":[1250,1250,1250,1250],""attributes"":[""all"",""all"",""all"",""all""],""alternatives"":[0,1,0,1]}","[{""x"":890,""y"":192,""t"":0},{""x"":921,""y"":226,""t"":72},{""x"":939,""y"":250,""t"":151},{""x"":926,""y"":256,""t"":224},{""x"":959,""y"":257,""t"":306},{""x"":867,""y"":246,""t"":1011},{""x"":820,""y"":236,""t"":1109},{""x"":780,""y"":206,""t"":1197},{""x"":783,""y"":188,""t"":1261},{""x"":799,""y"":180,""t"":1364},{""x"":738,""y"":199,""t"":1439},{""x"":730,""y"":177,""t"":1551},{""x"":723,""y"":199,""t"":1614},{""x"":888,""y"":251,""t"":1680},{""x"":1006,""y"":254,""t"":1742},{""x"":1121,""y"":279,""t"":1808},{""x"":1246,""y"":307,""t"":1872},{""x"":1315,""y"":357,""t"":1941},{""x"":1375,""y"":366,""t"":2005},{""x"":1396,""y"":343,""t"":2070},{""x"":1458,""y"":346,""t"":2132},{""x"":1468,""y"":315,""t"":2196},{""x"":1438,""y"":264,""t"":2260},{""x"":1443,""y"":254,""t"":2322},{""x"":1509,""y"":251,""t"":2386},{""x"":1550,""y"":239,""t"":2448},{""x"":1460,""y"":149,""t"":2511},{""x"":1451,""y"":69,""t"":2573},{""x"":1374,""y"":51,""t"":2636},{""x"":1315,""y"":1,""t"":2699},{""x"":1214,""y"":9,""t"":2764},{""x"":1055,""y"":6,""t"":2826},{""x"":925,""y"":30,""t"":2889},{""x"":788,""y"":-21,""t"":2951},{""x"":609,""y"":-81,""t"":3014},{""x"":550,""y"":-59,""t"":3076},{""x"":484,""y"":-109,""t"":3139},{""x"":526,""y"":-6,""t"":3201},{""x"":478,""y"":43,""t"":3264},{""x"":502,""y"":78,""t"":3326},{""x"":524,""y"":134,""t"":3389},{""x"":562,""y"":150,""t"":3451},{""x"":587,""y"":203,""t"":3513},{""x"":598,""y"":230,""t"":3575},{""x"":630,""y"":259,""t"":3639},{""x"":653,""y"":281,""t"":3705},{""x"":732,""y"":262,""t"":3769},{""x"":834,""y"":280,""t"":3831},{""x"":943,""y"":296,""t"":3893},{""x"":1048,""y"":267,""t"":3955},{""x"":1196,""y"":273,""t"":4018},{""x"":1248,""y"":269,""t"":4084},{""x"":1294,""y"":293,""t"":4147},{""x"":1334,""y"":308,""t"":4210},{""x"":1356,""y"":332,""t"":4272},{""x"":1365,""y"":334,""t"":4334},{""x"":1372,""y"":284,""t"":4397},{""x"":1470,""y"":295,""t"":4459},{""x"":1522,""y"":314,""t"":4521},{""x"":1482,""y"":277,""t"":4583},{""x"":1469,""y"":225,""t"":4646},{""x"":1520,""y"":229,""t"":4726},{""x"":1470,""y"":170,""t"":4788},{""x"":1504,""y"":117,""t"":4849},{""x"":1484,""y"":65,""t"":4920},{""x"":1437,""y"":22,""t"":4998},{""x"":1371,""y"":32,""t"":5061},{""x"":1338,""y"":54,""t"":5124},{""x"":1312,""y"":17,""t"":5188},{""x"":1291,""y"":4,""t"":5249},{""x"":1232,""y"":-62,""t"":5313},{""x"":1151,""y"":-90,""t"":5376},{""x"":1216,""y"":-84,""t"":5439},{""x"":1210,""y"":-91,""t"":5501},{""x"":1203,""y"":-89,""t"":5581},{""x"":1085,""y"":-24,""t"":5670},{""x"":999,""y"":-27,""t"":5740},{""x"":973,""y"":7,""t"":5802},{""x"":915,""y"":-4,""t"":5865},{""x"":925,""y"":11,""t"":5926},{""x"":930,""y"":38,""t"":5988},{""x"":973,""y"":119,""t"":6051},{""x"":1094,""y"":239,""t"":6113},{""x"":1213,""y"":238,""t"":6176}]",1,4.660548761793968e-07,0.9999995339451238,wa_dn_b-last_b-longer,0
115-alternatives,1,132,exp_34,1.0,535.3000000119209,0.79,0.7,2.0,3.2,higher_p,higher_m,0,1,alternatives,0.0,False,1.58,2.24,-0.6599999999999997,-0.4219978340514987,0.6,0.4,0.5,0.5,0.0,0.0,higher_p,higher_p,False,"{""durations"":[1000,1500,1000,1500],""alternatives"":[1,0,1,0],""attributes"":[""all"",""all"",""all"",""all""]}","[{""x"":1080,""y"":84,""t"":0},{""x"":1042,""y"":48,""t"":72},{""x"":1015,""y"":38,""t"":141},{""x"":1001,""y"":86,""t"":219},{""x"":989,""y"":104,""t"":333},{""x"":955,""y"":126,""t"":396},{""x"":944,""y"":144,""t"":461},{""x"":1031,""y"":172,""t"":524},{""x"":1087,""y"":167,""t"":587},{""x"":1177,""y"":235,""t"":650},{""x"":1239,""y"":218,""t"":712},{""x"":1314,""y"":278,""t"":791},{""x"":1357,""y"":300,""t"":855},{""x"":1370,""y"":306,""t"":916},{""x"":1353,""y"":311,""t"":979},{""x"":1361,""y"":280,""t"":1042},{""x"":1379,""y"":298,""t"":1106},{""x"":1388,""y"":252,""t"":1174},{""x"":1400,""y"":238,""t"":1239},{""x"":1379,""y"":224,""t"":1303},{""x"":1363,""y"":175,""t"":1367},{""x"":1209,""y"":181,""t"":1429},{""x"":1101,""y"":209,""t"":1492},{""x"":944,""y"":242,""t"":1555},{""x"":879,""y"":221,""t"":1617},{""x"":852,""y"":250,""t"":1696},{""x"":711,""y"":237,""t"":1760},{""x"":611,""y"":189,""t"":1822},{""x"":627,""y"":183,""t"":1883},{""x"":593,""y"":164,""t"":1945},{""x"":534,""y"":128,""t"":2022},{""x"":484,""y"":101,""t"":2085},{""x"":489,""y"":73,""t"":2148},{""x"":498,""y"":63,""t"":2210},{""x"":485,""y"":72,""t"":2270},{""x"":455,""y"":88,""t"":2334},{""x"":452,""y"":49,""t"":2396},{""x"":663,""y"":71,""t"":2460},{""x"":764,""y"":98,""t"":2524},{""x"":872,""y"":137,""t"":2586},{""x"":952,""y"":133,""t"":2650},{""x"":1015,""y"":125,""t"":2714},{""x"":1079,""y"":129,""t"":2778},{""x"":1145,""y"":191,""t"":2842},{""x"":1161,""y"":201,""t"":2905},{""x"":1208,""y"":178,""t"":2968},{""x"":1234,""y"":203,""t"":3031},{""x"":1241,""y"":199,""t"":3095},{""x"":1255,""y"":158,""t"":3160},{""x"":1271,""y"":124,""t"":3225},{""x"":1280,""y"":158,""t"":3289},{""x"":1329,""y"":206,""t"":3353},{""x"":1309,""y"":188,""t"":3417},{""x"":1281,""y"":222,""t"":3480},{""x"":1233,""y"":267,""t"":3542},{""x"":1224,""y"":272,""t"":3605},{""x"":1281,""y"":296,""t"":3666},{""x"":1282,""y"":265,""t"":3749},{""x"":1330,""y"":299,""t"":3815},{""x"":1348,""y"":290,""t"":3878},{""x"":1261,""y"":300,""t"":3942},{""x"":1158,""y"":304,""t"":4005},{""x"":1036,""y"":318,""t"":4067},{""x"":928,""y"":304,""t"":4129},{""x"":902,""y"":307,""t"":4191},{""x"":785,""y"":256,""t"":4253},{""x"":720,""y"":278,""t"":4315},{""x"":622,""y"":280,""t"":4378},{""x"":574,""y"":285,""t"":4441},{""x"":567,""y"":280,""t"":4505},{""x"":529,""y"":221,""t"":4571},{""x"":490,""y"":171,""t"":4633},{""x"":473,""y"":138,""t"":4740},{""x"":478,""y"":135,""t"":4802},{""x"":450,""y"":104,""t"":4884},{""x"":399,""y"":21,""t"":4948},{""x"":384,""y"":-12,""t"":5010},{""x"":413,""y"":-24,""t"":5072},{""x"":453,""y"":-9,""t"":5153},{""x"":465,""y"":18,""t"":5216},{""x"":492,""y"":43,""t"":5277},{""x"":506,""y"":44,""t"":5340},{""x"":524,""y"":-4,""t"":5404},{""x"":649,""y"":65,""t"":5466},{""x"":867,""y"":133,""t"":5529},{""x"":942,""y"":147,""t"":5591},{""x"":1005,""y"":170,""t"":5655},{""x"":1054,""y"":186,""t"":5717},{""x"":1078,""y"":228,""t"":5780},{""x"":1090,""y"":235,""t"":5875},{""x"":1139,""y"":231,""t"":5968},{""x"":1153,""y"":229,""t"":6051},{""x"":1173,""y"":250,""t"":6126},{""x"":1192,""y"":206,""t"":6189},{""x"":1187,""y"":199,""t"":6251},{""x"":1221,""y"":168,""t"":6314},{""x"":1229,""y"":161,""t"":6378}]",1,0.009765561452223756,0.9902344385477762,wa_dn_b-last_b-longer,0
115-alternatives,1,135,exp_72,0.0,625.3000000119209,0.8,0.2,4.0,6.799999999999999,higher_p,higher_m,0,1,alternatives,0.0,False,3.2,1.36,1.8400000000000003,2.151159690652763,0.6,0.4,0.5,0.5,0.0,1.0,higher_p,higher_m,True,"{""durations"":[1500,1000,1500,1000],""alternatives"":[0,1,0,1],""attributes"":[""all"",""all"",""all"",""all""]}","[{""x"":1058,""y"":97,""t"":0},{""x"":1042,""y"":107,""t"":73},{""x"":1036,""y"":92,""t"":158},{""x"":1011,""y"":78,""t"":237},{""x"":989,""y"":76,""t"":302},{""x"":963,""y"":115,""t"":366},{""x"":922,""y"":139,""t"":430},{""x"":888,""y"":190,""t"":493},{""x"":802,""y"":230,""t"":554},{""x"":788,""y"":228,""t"":618},{""x"":778,""y"":248,""t"":680},{""x"":679,""y"":183,""t"":742},{""x"":614,""y"":130,""t"":805},{""x"":570,""y"":85,""t"":868},{""x"":560,""y"":29,""t"":931},{""x"":516,""y"":-32,""t"":993},{""x"":571,""y"":-68,""t"":1057},{""x"":606,""y"":-42,""t"":1120},{""x"":566,""y"":-22,""t"":1182},{""x"":522,""y"":-34,""t"":1243},{""x"":519,""y"":-17,""t"":1304},{""x"":547,""y"":-16,""t"":1368},{""x"":547,""y"":-63,""t"":1430},{""x"":598,""y"":-67,""t"":1494},{""x"":748,""y"":42,""t"":1556},{""x"":840,""y"":105,""t"":1619},{""x"":1015,""y"":189,""t"":1688},{""x"":1108,""y"":188,""t"":1750},{""x"":1144,""y"":207,""t"":1824},{""x"":1223,""y"":223,""t"":1886},{""x"":1371,""y"":263,""t"":1949},{""x"":1383,""y"":272,""t"":2011},{""x"":1502,""y"":303,""t"":2073},{""x"":1626,""y"":333,""t"":2136},{""x"":1607,""y"":286,""t"":2201},{""x"":1562,""y"":246,""t"":2264},{""x"":1527,""y"":226,""t"":2346},{""x"":1448,""y"":117,""t"":2411},{""x"":1421,""y"":51,""t"":2475},{""x"":1413,""y"":90,""t"":2538},{""x"":1438,""y"":57,""t"":2601},{""x"":1428,""y"":46,""t"":2664},{""x"":1442,""y"":38,""t"":2730},{""x"":1467,""y"":33,""t"":2812},{""x"":1273,""y"":-45,""t"":2875},{""x"":1191,""y"":-65,""t"":2937},{""x"":1018,""y"":-97,""t"":3018},{""x"":890,""y"":-93,""t"":3083},{""x"":742,""y"":-107,""t"":3146},{""x"":625,""y"":-118,""t"":3213},{""x"":590,""y"":-112,""t"":3276},{""x"":451,""y"":-107,""t"":3339},{""x"":447,""y"":-124,""t"":3402},{""x"":377,""y"":-137,""t"":3467},{""x"":336,""y"":-90,""t"":3530},{""x"":378,""y"":-26,""t"":3592},{""x"":397,""y"":56,""t"":3655},{""x"":425,""y"":118,""t"":3750},{""x"":426,""y"":115,""t"":3813},{""x"":472,""y"":140,""t"":3893},{""x"":509,""y"":221,""t"":3955},{""x"":558,""y"":238,""t"":4036},{""x"":595,""y"":232,""t"":4103},{""x"":687,""y"":243,""t"":4165},{""x"":651,""y"":257,""t"":4244},{""x"":666,""y"":248,""t"":4310},{""x"":719,""y"":231,""t"":4376},{""x"":770,""y"":205,""t"":4439},{""x"":779,""y"":216,""t"":4501},{""x"":839,""y"":220,""t"":4563},{""x"":750,""y"":212,""t"":4643},{""x"":953,""y"":305,""t"":4705},{""x"":1062,""y"":308,""t"":4768},{""x"":1236,""y"":341,""t"":4829},{""x"":1382,""y"":378,""t"":4909},{""x"":1473,""y"":372,""t"":4971},{""x"":1544,""y"":309,""t"":5034},{""x"":1560,""y"":242,""t"":5098},{""x"":1567,""y"":229,""t"":5180},{""x"":1543,""y"":186,""t"":5243},{""x"":1592,""y"":162,""t"":5305},{""x"":1598,""y"":166,""t"":5368},{""x"":1566,""y"":156,""t"":5433},{""x"":1518,""y"":123,""t"":5494},{""x"":1490,""y"":84,""t"":5556},{""x"":1460,""y"":57,""t"":5617},{""x"":1225,""y"":48,""t"":5681},{""x"":1008,""y"":48,""t"":5743},{""x"":845,""y"":24,""t"":5806},{""x"":714,""y"":17,""t"":5867},{""x"":627,""y"":9,""t"":5930},{""x"":616,""y"":14,""t"":5994},{""x"":585,""y"":35,""t"":6055},{""x"":581,""y"":49,""t"":6138},{""x"":659,""y"":63,""t"":6200},{""x"":692,""y"":118,""t"":6262},{""x"":714,""y"":105,""t"":6324},{""x"":759,""y"":122,""t"":6386},{""x"":724,""y"":125,""t"":6447},{""x"":737,""y"":76,""t"":6511}]",0,0.9999961830372119,3.8169627880230284e-06,wa_dn_b-last_b-longer,0
115-alternatives,1,137,catch_16,1.0,439.3999999761581,0.32,0.37,6.799999999999999,7.800000000000001,dominated,dominant,1,1,alternatives,0.0,False,2.176,2.886,-0.7100000000000004,-0.4734609845455846,0.5,0.5,0.5,0.5,,1.0,,dominant,True,"{""durations"":[1250,1250,1250,1250],""attributes"":[""all"",""all"",""all"",""all""],""alternatives"":[0,1,0,1]}","[{""x"":356,""y"":887,""t"":0},{""x"":335,""y"":885,""t"":73},{""x"":304,""y"":854,""t"":157},{""x"":320,""y"":869,""t"":236},{""x"":321,""y"":812,""t"":299},{""x"":348,""y"":782,""t"":363},{""x"":391,""y"":809,""t"":434},{""x"":390,""y"":760,""t"":497},{""x"":569,""y"":606,""t"":560},{""x"":699,""y"":398,""t"":622},{""x"":1002,""y"":361,""t"":684},{""x"":1240,""y"":316,""t"":746},{""x"":1480,""y"":268,""t"":809},{""x"":1610,""y"":250,""t"":871},{""x"":1783,""y"":235,""t"":935},{""x"":1772,""y"":255,""t"":997},{""x"":1751,""y"":262,""t"":1059},{""x"":1623,""y"":282,""t"":1123},{""x"":1501,""y"":324,""t"":1185},{""x"":1360,""y"":372,""t"":1249},{""x"":1221,""y"":381,""t"":1312},{""x"":1166,""y"":438,""t"":1381},{""x"":1080,""y"":469,""t"":1445},{""x"":1124,""y"":470,""t"":1508},{""x"":1102,""y"":483,""t"":1570},{""x"":1178,""y"":543,""t"":1635},{""x"":1221,""y"":561,""t"":1697},{""x"":941,""y"":572,""t"":1762},{""x"":822,""y"":580,""t"":1835},{""x"":627,""y"":573,""t"":1899},{""x"":517,""y"":549,""t"":1961},{""x"":386,""y"":490,""t"":2022},{""x"":304,""y"":444,""t"":2088},{""x"":257,""y"":428,""t"":2149},{""x"":223,""y"":401,""t"":2213},{""x"":188,""y"":358,""t"":2273},{""x"":194,""y"":330,""t"":2360},{""x"":229,""y"":322,""t"":2432},{""x"":174,""y"":302,""t"":2494},{""x"":183,""y"":263,""t"":2556},{""x"":179,""y"":211,""t"":2619},{""x"":210,""y"":211,""t"":2684},{""x"":203,""y"":201,""t"":2745},{""x"":236,""y"":188,""t"":2808},{""x"":355,""y"":204,""t"":2870},{""x"":645,""y"":274,""t"":2931},{""x"":898,""y"":353,""t"":2994},{""x"":1101,""y"":412,""t"":3057},{""x"":1262,""y"":472,""t"":3143},{""x"":1385,""y"":528,""t"":3208},{""x"":1523,""y"":590,""t"":3270},{""x"":1584,""y"":635,""t"":3331},{""x"":1732,""y"":651,""t"":3396},{""x"":1863,""y"":667,""t"":3457},{""x"":1842,""y"":602,""t"":3522},{""x"":1696,""y"":545,""t"":3584},{""x"":1477,""y"":612,""t"":3649},{""x"":1303,""y"":624,""t"":3710},{""x"":1139,""y"":580,""t"":3772},{""x"":947,""y"":579,""t"":3835},{""x"":803,""y"":554,""t"":3895},{""x"":723,""y"":505,""t"":3960},{""x"":668,""y"":457,""t"":4025},{""x"":590,""y"":343,""t"":4087},{""x"":556,""y"":294,""t"":4150},{""x"":561,""y"":226,""t"":4212},{""x"":469,""y"":191,""t"":4289},{""x"":439,""y"":158,""t"":4355},{""x"":358,""y"":130,""t"":4417},{""x"":324,""y"":130,""t"":4481},{""x"":309,""y"":227,""t"":4542},{""x"":410,""y"":262,""t"":4604},{""x"":419,""y"":316,""t"":4667},{""x"":511,""y"":306,""t"":4730},{""x"":541,""y"":365,""t"":4816},{""x"":511,""y"":367,""t"":4879},{""x"":536,""y"":388,""t"":4939},{""x"":570,""y"":356,""t"":5002},{""x"":544,""y"":320,""t"":5063},{""x"":577,""y"":271,""t"":5127},{""x"":595,""y"":202,""t"":5189},{""x"":618,""y"":159,""t"":5251},{""x"":607,""y"":105,""t"":5315},{""x"":599,""y"":73,""t"":5379},{""x"":614,""y"":76,""t"":5441},{""x"":611,""y"":59,""t"":5503},{""x"":731,""y"":100,""t"":5567},{""x"":757,""y"":161,""t"":5630},{""x"":800,""y"":187,""t"":5691},{""x"":867,""y"":231,""t"":5754},{""x"":982,""y"":254,""t"":5818},{""x"":992,""y"":269,""t"":5881},{""x"":1022,""y"":303,""t"":5943},{""x"":1032,""y"":305,""t"":6005},{""x"":1062,""y"":306,""t"":6072},{""x"":1053,""y"":343,""t"":6136},{""x"":1036,""y"":343,""t"":6215},{""x"":1049,""y"":387,""t"":6278}]",1,0.0057324548530341204,0.9942675451469659,wa_dn_b-last_b-longer,0
115-alternatives,1,138,exp_100,0.0,563.3999999761581,0.58,0.38,4.9,6.9,higher_p,higher_m,0,1,alternatives,0.0,False,2.842,2.6220000000000003,0.2199999999999997,0.4837536146444008,0.4,0.6,0.5,0.5,1.0,0.0,higher_m,higher_p,True,"{""durations"":[1500,1000,1500,1000],""alternatives"":[1,0,1,0],""attributes"":[""all"",""all"",""all"",""all""]}","[{""x"":1077,""y"":472,""t"":0},{""x"":1086,""y"":472,""t"":83},{""x"":1073,""y"":472,""t"":158},{""x"":1053,""y"":384,""t"":245},{""x"":1093,""y"":354,""t"":306},{""x"":1060,""y"":350,""t"":369},{""x"":1057,""y"":344,""t"":432},{""x"":1051,""y"":331,""t"":496},{""x"":1050,""y"":300,""t"":557},{""x"":1067,""y"":362,""t"":622},{""x"":1240,""y"":402,""t"":684},{""x"":1303,""y"":402,""t"":747},{""x"":1401,""y"":411,""t"":810},{""x"":1476,""y"":398,""t"":873},{""x"":1461,""y"":370,""t"":953},{""x"":1504,""y"":379,""t"":1017},{""x"":1571,""y"":393,""t"":1080},{""x"":1573,""y"":404,""t"":1149},{""x"":1601,""y"":395,""t"":1213},{""x"":1598,""y"":404,""t"":1277},{""x"":1575,""y"":452,""t"":1340},{""x"":1521,""y"":457,""t"":1403},{""x"":1472,""y"":472,""t"":1466},{""x"":1532,""y"":500,""t"":1528},{""x"":1530,""y"":494,""t"":1592},{""x"":1553,""y"":510,""t"":1665},{""x"":1548,""y"":512,""t"":1731},{""x"":1597,""y"":505,""t"":1793},{""x"":1552,""y"":515,""t"":1857},{""x"":1322,""y"":529,""t"":1919},{""x"":1165,""y"":505,""t"":1982},{""x"":1043,""y"":490,""t"":2045},{""x"":940,""y"":487,""t"":2108},{""x"":893,""y"":460,""t"":2171},{""x"":883,""y"":446,""t"":2233},{""x"":897,""y"":422,""t"":2297},{""x"":897,""y"":444,""t"":2359},{""x"":929,""y"":442,""t"":2422},{""x"":854,""y"":433,""t"":2515},{""x"":911,""y"":428,""t"":2576},{""x"":834,""y"":391,""t"":2639},{""x"":802,""y"":359,""t"":2701},{""x"":785,""y"":294,""t"":2765},{""x"":763,""y"":237,""t"":2828},{""x"":766,""y"":229,""t"":2908},{""x"":912,""y"":286,""t"":2980},{""x"":1001,""y"":364,""t"":3052},{""x"":1138,""y"":387,""t"":3115},{""x"":1242,""y"":447,""t"":3177},{""x"":1389,""y"":500,""t"":3239},{""x"":1468,""y"":516,""t"":3302},{""x"":1555,""y"":560,""t"":3363},{""x"":1627,""y"":561,""t"":3437},{""x"":1673,""y"":516,""t"":3501},{""x"":1698,""y"":483,""t"":3564},{""x"":1743,""y"":460,""t"":3627},{""x"":1772,""y"":423,""t"":3690},{""x"":1761,""y"":404,""t"":3753},{""x"":1768,""y"":442,""t"":3815},{""x"":1676,""y"":486,""t"":3877},{""x"":1627,""y"":496,""t"":3938},{""x"":1466,""y"":484,""t"":3999},{""x"":1381,""y"":467,""t"":4068},{""x"":1274,""y"":453,""t"":4132},{""x"":1193,""y"":446,""t"":4193},{""x"":1175,""y"":409,""t"":4256},{""x"":1146,""y"":336,""t"":4321},{""x"":1151,""y"":276,""t"":4383},{""x"":1191,""y"":277,""t"":4444},{""x"":1208,""y"":256,""t"":4507},{""x"":1070,""y"":209,""t"":4569},{""x"":941,""y"":222,""t"":4650},{""x"":797,""y"":184,""t"":4711},{""x"":726,""y"":162,""t"":4775},{""x"":609,""y"":158,""t"":4853},{""x"":542,""y"":187,""t"":4916},{""x"":540,""y"":243,""t"":4978},{""x"":538,""y"":298,""t"":5041},{""x"":578,""y"":322,""t"":5104},{""x"":632,""y"":333,""t"":5166},{""x"":645,""y"":384,""t"":5230},{""x"":675,""y"":410,""t"":5314},{""x"":671,""y"":413,""t"":5381},{""x"":655,""y"":356,""t"":5447},{""x"":652,""y"":328,""t"":5507},{""x"":663,""y"":316,""t"":5571},{""x"":631,""y"":249,""t"":5633},{""x"":762,""y"":225,""t"":5696},{""x"":850,""y"":204,""t"":5758},{""x"":928,""y"":263,""t"":5820},{""x"":996,""y"":298,""t"":5882},{""x"":1085,""y"":348,""t"":5944},{""x"":1116,""y"":370,""t"":6010},{""x"":1091,""y"":368,""t"":6072},{""x"":1087,""y"":379,""t"":6135},{""x"":1074,""y"":380,""t"":6198},{""x"":1080,""y"":335,""t"":6262},{""x"":1062,""y"":311,""t"":6324},{""x"":1058,""y"":324,""t"":6409},{""x"":1065,""y"":322,""t"":6474}]",0,0.923146610987457,0.07685338901254299,wa_dn_b-last_b-longer,0
