,run_id,condition,success,timeout,failed_images,failed_audio,failed_video,trial_type,trial_index,time_elapsed,internal_node_id,task_version,subject_id,screen_width,screen_height,chosenTrial,luckyNumber,wonAmt,rt,stimulus,response,load_time,view_history,question_order,questions,webgazer_data,webgazer_targets,key_press,pL,mL,pR,mR,p0,p1,m0,m1,phase,condition.1,sequence,choice,chosenP,chosenM,wWidth,wHeight,raw_gaze,percent_in_roi,average_offset,validation_points,samples_per_sec,value,recorded_at,ip,user_agent,device,browser,browser_version,platform,platform_version
0,248,1,true,false,[],[],[],preload,0,892,0.0-0.0,main,29KKCMFL,1920,1080,exp_98,0.262294910469391,4.9,"""","""","""","""","""","""","""","""","""","""","""","""","""","""","""","""","""","""","""","""","""","""","""","""","""","""","""","""","""","""","""","""",2021-06-16 16:45:48,,"Mozilla/5.0 (Windows NT 10.0; Win64; x64) AppleWebKit/537.36 (KHTML, like Gecko) Chrome/91.0.4472.106 Safari/537.36",WebKit,Chrome,91.0.4472.106,Windows,10.0
1,248,1,true,false,[],[],[],preload,1,1675,0.0-1.0,main,29KKCMFL,1920,1080,exp_98,0.262294910469391,4.9,"""","""","""","""","""","""","""","""","""","""","""","""","""","""","""","""","""","""","""","""","""","""","""","""","""","""","""","""","""","""","""","""",2021-06-16 16:45:48,,"Mozilla/5.0 (Windows NT 10.0; Win64; x64) AppleWebKit/537.36 (KHTML, like Gecko) Chrome/91.0.4472.106 Safari/537.36",WebKit,Chrome,91.0.4472.106,Windows,10.0
2,248,1,"""","""","""","""","""",html-keyboard-response,2,71258,0.0-2.0,main,29KKCMFL,1920,1080,exp_98,0.262294910469391,4.9,69581.70000004768,"
        <div style=""max-width: 800px"">
        <h1><img src=""icons/arrows-up_inv.png"", width=""50""/><br><br>Welcome</h1>
        <p align=""justify"">Thank you for choosing to participate in this study. Our aim is to better understand how people make decisions.<br>
        We are also interested in people's looking behaviour during decision making, therefore this study includes <strong>webcam-based eye tracking</strong>. Please <strong>allow this page to access your webcam, when prompted</strong>. Your video feed is processed locally and is not transmitted.
        The study will take around 30 minutes to complete. Please assure that you can be focused and undisturbed for this time.
        To make sure the study runs smoothly, please</p>
        <ul>
        <li style=""text-align: left;""><strong>close any unnecessary programs</strong></li>
        <li style=""text-align: left;""><strong>close any other browser tabs </strong>that could produce<strong> popups </strong>or<strong> alerts</strong></li>
        <li style=""text-align: left;""><strong>mute </strong>your <strong>cell phone</strong> and make sure that it will not distract you</li>
        </ul>
        <p>Press <strong><em>SPACE BAR</em></strong> to start.</p>
        </div>", ,"""","""","""","""","""","""","""","""","""","""","""","""","""","""","""","""","""","""","""","""","""","""","""","""","""","""","""","""","""",2021-06-16 16:45:48,,"Mozilla/5.0 (Windows NT 10.0; Win64; x64) AppleWebKit/537.36 (KHTML, like Gecko) Chrome/91.0.4472.106 Safari/537.36",WebKit,Chrome,91.0.4472.106,Windows,10.0
3,248,1,"""","""","""","""","""",webgazer-init-camera,3,129120,0.0-3.0,main,29KKCMFL,1920,1080,exp_98,0.262294910469391,4.9,"""","""","""",11901,"""","""","""","""","""","""","""","""","""","""","""","""","""","""","""","""","""","""","""","""","""","""","""","""","""","""","""","""",2021-06-16 16:45:48,,"Mozilla/5.0 (Windows NT 10.0; Win64; x64) AppleWebKit/537.36 (KHTML, like Gecko) Chrome/91.0.4472.106 Safari/537.36",WebKit,Chrome,91.0.4472.106,Windows,10.0
4,248,1,true,"""","""","""","""",fullscreen,4,135514,0.0-4.0,main,29KKCMFL,1920,1080,exp_98,0.262294910469391,4.9,"""","""","""","""","""","""","""","""","""","""","""","""","""","""","""","""","""","""","""","""","""","""","""","""","""","""","""","""","""","""","""","""",2021-06-16 16:45:48,,"Mozilla/5.0 (Windows NT 10.0; Win64; x64) AppleWebKit/537.36 (KHTML, like Gecko) Chrome/91.0.4472.106 Safari/537.36",WebKit,Chrome,91.0.4472.106,Windows,10.0
5,248,1,"""","""","""","""","""",instructions,5,283786,0.0-5.0,main,29KKCMFL,1920,1080,exp_98,0.262294910469391,4.9,148268.79999995232,"""","""","""","[{""page_index"":0,""viewing_time"":42935.10000002384},{""page_index"":1,""viewing_time"":22307.100000023842},{""page_index"":2,""viewing_time"":13505.699999928474},{""page_index"":3,""viewing_time"":10217.200000047684},{""page_index"":4,""viewing_time"":12353.699999928474},{""page_index"":5,""viewing_time"":13185.5},{""page_index"":6,""viewing_time"":6432.400000095367},{""page_index"":7,""viewing_time"":5505.099999904633},{""page_index"":8,""viewing_time"":21826.800000071526}]","""","""","""","""","""","""","""","""","""","""","""","""","""","""","""","""","""","""","""","""","""","""","""","""","""","""","""",2021-06-16 16:45:48,,"Mozilla/5.0 (Windows NT 10.0; Win64; x64) AppleWebKit/537.36 (KHTML, like Gecko) Chrome/91.0.4472.106 Safari/537.36",WebKit,Chrome,91.0.4472.106,Windows,10.0
6,248,1,"""","""","""","""","""",survey-multi-choice,6,318066,0.0-6.0-0.0,main,29KKCMFL,1920,1080,exp_98,0.262294910469391,4.9,33276.699999928474,"""","{""Q0"":""winning probability."",""Q1"":""by playing out one lottery chosen by the participant."",""Q2"":""possible winning amount.""}","""","""","[0,1,2]","[{""prompt"":""A lottery's pie chart illustrates its..."",""options"":[""possible winning amount."",""winning probability."",""average outcome.""],""required"":true,""horizontal"":false,""correct"":1,""reminder"":""n    <div style=""max-width: 800px"">n    <h2><img src=""icons/answer-wrong_inv.png"", width=""50""><br><br>A lottery's pie chart illustrates its...</h2>n    <p style=""color:orangered""><strong>Your answer was incorrect!</strong></p>n    <p align=""justify"">For each lottery, the <strong>pie chart</strong> indicates the probability that this lottery results in a win!</p>n    <p>Press <strong><em>SPACE BAR</em></strong> to continue.</p>n    "",""name"":""},{""prompt"":""The bonus payment is determined..."",""options"":[""from the number of correct responses."",""in a completely random fashion."",""by playing out one lottery chosen by the participant.""],""required"":true,""horizontal"":false,""correct"":2,""reminder"":""n    <div style=""max-width: 800px"">n    <h2><img src=""icons/answer-wrong_inv.png"", width=""50""><br><br>The bonus payment is determined...</h2>n    <p style=""color:orangered""><strong>Your answer was incorrect!</strong></p>n    <p align=""justify"">The bonus payment is determined by randomly choosing one of the lotteries chosen by the participant over the course of the study. This lottery is then played out, according to its winning probability and amount.</p>n    <p>Press <strong><em>SPACE BAR</em></strong> to continue.</p>n    "",""name"":""},{""prompt"":""A lottery's bar chart illustrates its..."",""options"":[""possible winning amount."",""winning probability."",""average outcome.""],""required"":true,""horizontal"":false,""correct"":0,""reminder"":""n    <div style=""max-width: 800px"">n    <h2><img src=""icons/answer-wrong_inv.png"", width=""50""><br><br>A lottery's bar chart illustrates...</h2>n    <p style=""color:orangered""><strong>Your answer was incorrect!</strong></p>n    <p align=""justify"">For each lottery, the <strong>bar chart</strong> indicates the possible amount that can be won from this lottery. A fully filled bar corresponds to £10.</p>n    <p>Press <strong><em>SPACE BAR</em></strong> to continue.</p>n    "",""name"":""}]","""","""","""","""","""","""","""","""","""","""","""","""","""","""","""","""","""","""","""","""","""","""","""","""","""",2021-06-16 16:45:48,,"Mozilla/5.0 (Windows NT 10.0; Win64; x64) AppleWebKit/537.36 (KHTML, like Gecko) Chrome/91.0.4472.106 Safari/537.36",WebKit,Chrome,91.0.4472.106,Windows,10.0
7,248,1,"""","""","""","""","""",html-keyboard-response,7,337393,0.0-7.0-0.0,main,29KKCMFL,1920,1080,exp_98,0.262294910469391,4.9,19320,"
            <div style=""max-width: 800px"">
            <h1><img src=""icons/target_inv.png"", width=""50""/><br><br>Practice</h1>
            <p align=""justify"">Now you will perform a couple of practice trials that look just like the ones in the main task, but don't count for the possible bonus winning. Practice trials will start with a slower presentation, and gradually become as fast as in the main task.</p>
            Press the <strong>F</strong> key to choose the left lottery and the <strong>J</strong> key to choose the right lottery.<br>
            Place your fingers on these keys now.</p>
            <p>Please re-center your gaze on the ""<strong>+</strong>"" between trials.</p>
            <h3 style='color:gold'>Note that this task is designed to be very fast-paced and difficult. Try not to be discouraged by this, but focus and attempt to do your best!<h3>
            <p>Press <strong><em>SPACE BAR</em></strong> to start practice.</p>
            </div>", ,"""","""","""","""","""","""","""","""","""","""","""","""","""","""","""","""","""","""","""","""","""","""","""","""","""","""","""","""","""",2021-06-16 16:45:48,,"Mozilla/5.0 (Windows NT 10.0; Win64; x64) AppleWebKit/537.36 (KHTML, like Gecko) Chrome/91.0.4472.106 Safari/537.36",WebKit,Chrome,91.0.4472.106,Windows,10.0
8,248,1,"""","""","""","""","""",html-keyboard-response,8,337895,0.0-7.0-1.0-0.0,main,29KKCMFL,1920,1080,exp_98,0.262294910469391,4.9,,"<p style=""font-size:40px;"">+</p>",,"""","""","""","""",[],{},"""","""","""","""","""","""","""","""","""","""","""","""","""","""","""","""","""","""","""","""","""","""","""",2021-06-16 16:45:48,,"Mozilla/5.0 (Windows NT 10.0; Win64; x64) AppleWebKit/537.36 (KHTML, like Gecko) Chrome/91.0.4472.106 Safari/537.36",WebKit,Chrome,91.0.4472.106,Windows,10.0
9,248,1,"""","""","""","""","""",two-gamble-sequence,9,351584,0.0-7.0-1.0-1.0,main,29KKCMFL,1920,1080,exp_98,0.262294910469391,4.9,1155.6999999284744,"""","""","""","""","""","""",[],{},j,0.75,0.25,0.5,0.5,0.75,0.5,0.25,0.5,practice,practice_0,"{""durations"":[3000,3000,3000,3000],""attributes"":[""all"",""all"",""all"",""all""],""alternatives"":[0,1,0,1]}",1,0.5,0.5,1920,1080,"""","""","""","""","""","""",2021-06-16 16:45:48,,"Mozilla/5.0 (Windows NT 10.0; Win64; x64) AppleWebKit/537.36 (KHTML, like Gecko) Chrome/91.0.4472.106 Safari/537.36",WebKit,Chrome,91.0.4472.106,Windows,10.0
10,248,1,"""","""","""","""","""",html-keyboard-response,10,352085,0.0-7.0-1.0-0.1,main,29KKCMFL,1920,1080,exp_98,0.262294910469391,4.9,,"<p style=""font-size:40px;"">+</p>",,"""","""","""","""",[],{},"""","""","""","""","""","""","""","""","""","""","""","""","""","""","""","""","""","""","""","""","""","""","""",2021-06-16 16:45:48,,"Mozilla/5.0 (Windows NT 10.0; Win64; x64) AppleWebKit/537.36 (KHTML, like Gecko) Chrome/91.0.4472.106 Safari/537.36",WebKit,Chrome,91.0.4472.106,Windows,10.0
11,248,1,"""","""","""","""","""",two-gamble-sequence,11,365330,0.0-7.0-1.0-1.1,main,29KKCMFL,1920,1080,exp_98,0.262294910469391,4.9,712.8000000715256,"""","""","""","""","""","""",[],{},f,0.25,0.7,0.5,0.3,0.25,0.5,0.7,0.3,practice,practice_1,"{""durations"":[3000,3000,3000,3000],""attributes"":[""p"",""m"",""p"",""m""],""alternatives"":[""all"",""all"",""all"",""all""]}",0,0.25,0.7,1920,1080,"""","""","""","""","""","""",2021-06-16 16:45:48,,"Mozilla/5.0 (Windows NT 10.0; Win64; x64) AppleWebKit/537.36 (KHTML, like Gecko) Chrome/91.0.4472.106 Safari/537.36",WebKit,Chrome,91.0.4472.106,Windows,10.0
12,248,1,"""","""","""","""","""",html-keyboard-response,12,365832,0.0-7.0-1.0-0.2,main,29KKCMFL,1920,1080,exp_98,0.262294910469391,4.9,,"<p style=""font-size:40px;"">+</p>",,"""","""","""","""",[],{},"""","""","""","""","""","""","""","""","""","""","""","""","""","""","""","""","""","""","""","""","""","""","""",2021-06-16 16:45:48,,"Mozilla/5.0 (Windows NT 10.0; Win64; x64) AppleWebKit/537.36 (KHTML, like Gecko) Chrome/91.0.4472.106 Safari/537.36",WebKit,Chrome,91.0.4472.106,Windows,10.0
13,248,1,"""","""","""","""","""",two-gamble-sequence,13,374896,0.0-7.0-1.0-1.2,main,29KKCMFL,1920,1080,exp_98,0.262294910469391,4.9,548.2000000476837,"""","""","""","""","""","""",[],{},f,0.7,0.5,0.3,0.3,0.7,0.3,0.5,0.3,practice,practice_2,"{""durations"":[2000,2000,2000,2000],""attributes"":[""all"",""all"",""all"",""all""],""alternatives"":[0,1,0,1]}",0,0.7,0.5,1920,1080,"""","""","""","""","""","""",2021-06-16 16:45:48,,"Mozilla/5.0 (Windows NT 10.0; Win64; x64) AppleWebKit/537.36 (KHTML, like Gecko) Chrome/91.0.4472.106 Safari/537.36",WebKit,Chrome,91.0.4472.106,Windows,10.0
14,248,1,"""","""","""","""","""",html-keyboard-response,14,375397,0.0-7.0-1.0-0.3,main,29KKCMFL,1920,1080,exp_98,0.262294910469391,4.9,,"<p style=""font-size:40px;"">+</p>",,"""","""","""","""",[],{},"""","""","""","""","""","""","""","""","""","""","""","""","""","""","""","""","""","""","""","""","""","""","""",2021-06-16 16:45:48,,"Mozilla/5.0 (Windows NT 10.0; Win64; x64) AppleWebKit/537.36 (KHTML, like Gecko) Chrome/91.0.4472.106 Safari/537.36",WebKit,Chrome,91.0.4472.106,Windows,10.0
15,248,1,"""","""","""","""","""",two-gamble-sequence,15,384357,0.0-7.0-1.0-1.3,main,29KKCMFL,1920,1080,exp_98,0.262294910469391,4.9,442.39999997615814,"""","""","""","""","""","""",[],{},f,0.7,0.4,0.2,0.9,0.7,0.2,0.4,0.9,practice,practice_3,"{""durations"":[2000,2000,2000,2000],""attributes"":[""p"",""m"",""p"",""m""],""alternatives"":[""all"",""all"",""all"",""all""]}",0,0.7,0.4,1920,1080,"""","""","""","""","""","""",2021-06-16 16:45:48,,"Mozilla/5.0 (Windows NT 10.0; Win64; x64) AppleWebKit/537.36 (KHTML, like Gecko) Chrome/91.0.4472.106 Safari/537.36",WebKit,Chrome,91.0.4472.106,Windows,10.0
16,248,1,"""","""","""","""","""",html-keyboard-response,16,384860,0.0-7.0-1.0-0.4,main,29KKCMFL,1920,1080,exp_98,0.262294910469391,4.9,,"<p style=""font-size:40px;"">+</p>",,"""","""","""","""",[],{},"""","""","""","""","""","""","""","""","""","""","""","""","""","""","""","""","""","""","""","""","""","""","""",2021-06-16 16:45:48,,"Mozilla/5.0 (Windows NT 10.0; Win64; x64) AppleWebKit/537.36 (KHTML, like Gecko) Chrome/91.0.4472.106 Safari/537.36",WebKit,Chrome,91.0.4472.106,Windows,10.0
17,248,1,"""","""","""","""","""",two-gamble-sequence,17,392222,0.0-7.0-1.0-1.4,main,29KKCMFL,1920,1080,exp_98,0.262294910469391,4.9,832.5,"""","""","""","""","""","""",[],{},j,0.5,0.5,0.75,0.25,0.75,0.5,0.25,0.5,practice,practice_4,"{""durations"":[1500,1500,1500,1500],""attributes"":[""all"",""all"",""all"",""all""],""alternatives"":[0,1,0,1]}",0,0.75,0.25,1920,1080,"""","""","""","""","""","""",2021-06-16 16:45:48,,"Mozilla/5.0 (Windows NT 10.0; Win64; x64) AppleWebKit/537.36 (KHTML, like Gecko) Chrome/91.0.4472.106 Safari/537.36",WebKit,Chrome,91.0.4472.106,Windows,10.0
18,248,1,"""","""","""","""","""",html-keyboard-response,18,392724,0.0-7.0-1.0-0.5,main,29KKCMFL,1920,1080,exp_98,0.262294910469391,4.9,,"<p style=""font-size:40px;"">+</p>",,"""","""","""","""",[],{},"""","""","""","""","""","""","""","""","""","""","""","""","""","""","""","""","""","""","""","""","""","""","""",2021-06-16 16:45:48,,"Mozilla/5.0 (Windows NT 10.0; Win64; x64) AppleWebKit/537.36 (KHTML, like Gecko) Chrome/91.0.4472.106 Safari/537.36",WebKit,Chrome,91.0.4472.106,Windows,10.0
19,248,1,"""","""","""","""","""",two-gamble-sequence,19,399850,0.0-7.0-1.0-1.5,main,29KKCMFL,1920,1080,exp_98,0.262294910469391,4.9,603.2000000476837,"""","""","""","""","""","""",[],{},j,0.25,0.7,0.5,0.3,0.25,0.5,0.7,0.3,practice,practice_5,"{""durations"":[1500,1500,1500,1500],""attributes"":[""p"",""m"",""p"",""m""],""alternatives"":[""all"",""all"",""all"",""all""]}",1,0.5,0.3,1920,1080,"""","""","""","""","""","""",2021-06-16 16:45:48,,"Mozilla/5.0 (Windows NT 10.0; Win64; x64) AppleWebKit/537.36 (KHTML, like Gecko) Chrome/91.0.4472.106 Safari/537.36",WebKit,Chrome,91.0.4472.106,Windows,10.0
20,248,1,"""","""","""","""","""",html-keyboard-response,20,415810,0.0-7.0-2.0,main,29KKCMFL,1920,1080,exp_98,0.262294910469391,4.9,15959.200000047684,"
            <div style=""max-width: 800px"">
            <h1><img src=""icons/target_inv.png"", width=""50""/><br><br>Practice finished!</h1>
            <p>Good job. You finished the practice trials!</p>
            <p>If everything is clear, press <strong><em>SPACE BAR</em></strong> to start the main task.</p>
            <p>To repeat practice, press <strong><em>R</em></strong>.</p>
            </div>", ,"""","""","""","""","""","""","""","""","""","""","""","""","""","""","""","""","""","""","""","""","""","""","""","""","""","""","""","""","""",2021-06-16 16:45:48,,"Mozilla/5.0 (Windows NT 10.0; Win64; x64) AppleWebKit/537.36 (KHTML, like Gecko) Chrome/91.0.4472.106 Safari/537.36",WebKit,Chrome,91.0.4472.106,Windows,10.0
21,248,1,"""","""","""","""","""",html-keyboard-response,21,424043,0.0-8.0,main,29KKCMFL,1920,1080,exp_98,0.262294910469391,4.9,8227.800000071526,"
      <div style=""max-width: 800px"">
      <h1><img src=""icons/eye-scanning_inv.png"", width=""50""/><br><br>Calibration</h1>
      <p>Great! Now the eye tracker will be calibrated to translate the image of your eyes from the webcam to a location on your screen.
      <p>To do this, you need to look at a series of dots.</p>
      <p>Keep your head still, and focus your gaze on each dot as it appears.</p>
      <p>Press <strong><em>SPACE BAR</em></strong> to start.</p>
    ", ,"""","""","""","""","""","""","""","""","""","""","""","""","""","""","""","""","""","""","""","""","""","""","""","""","""","""","""","""","""",2021-06-16 16:45:48,,"Mozilla/5.0 (Windows NT 10.0; Win64; x64) AppleWebKit/537.36 (KHTML, like Gecko) Chrome/91.0.4472.106 Safari/537.36",WebKit,Chrome,91.0.4472.106,Windows,10.0
22,248,1,"""","""","""","""","""",webgazer-calibrate-fm,22,477218,0.0-9.0,main,29KKCMFL,1920,1080,exp_98,0.262294910469391,4.9,"""","""","""","""","""","""","""","""","""","""","""","""","""","""","""","""","""","""","""","""","""","""","""","""","""","""","""","""","""","""","""","""",2021-06-16 16:45:48,,"Mozilla/5.0 (Windows NT 10.0; Win64; x64) AppleWebKit/537.36 (KHTML, like Gecko) Chrome/91.0.4472.106 Safari/537.36",WebKit,Chrome,91.0.4472.106,Windows,10.0
23,248,1,"""","""","""","""","""",html-keyboard-response,23,485796,0.0-10.0,main,29KKCMFL,1920,1080,exp_98,0.262294910469391,4.9,8571.899999976158,"
      <div style=""max-width: 800px"">
      <h1><img src=""icons/eye-scanning_inv.png"", width=""50""/><br><br>Validation</h1>
      <p>Good job! To validate the calibration, please focus on the yellow dots now.
      <p>Please keep your head still, and focus your gaze on each dot as it appears.</p>
      <p>Press <strong><em>SPACE BAR</em></strong> to start.</p>
    ", ,"""","""","""","""","""","""","""","""","""","""","""","""","""","""","""","""","""","""","""","""","""","""","""","""","""","""","""","""","""",2021-06-16 16:45:48,,"Mozilla/5.0 (Windows NT 10.0; Win64; x64) AppleWebKit/537.36 (KHTML, like Gecko) Chrome/91.0.4472.106 Safari/537.36",WebKit,Chrome,91.0.4472.106,Windows,10.0
24,248,1,"""","""","""","""","""",webgazer-validate-fm,24,506909,0.0-11.0,main,29KKCMFL,1920,1080,exp_98,0.262294910469391,4.9,"""","""","""","""","""","""","""","""","""","""","""","""","""","""","""","""","""","""","""","""","""","""","""","""","""","""","[[{""x"":1656,""y"":918,""dx"":200,""dy"":92,""t"":948},{""x"":1717,""y"":930,""dx"":261,""dy"":104,""t"":963},{""x"":1786,""y"":915,""dx"":330,""dy"":89,""t"":1052},{""x"":1824,""y"":905,""dx"":368,""dy"":79,""t"":1069},{""x"":1868,""y"":896,""dx"":412,""dy"":70,""t"":1120},{""x"":1900,""y"":887,""dx"":444,""dy"":61,""t"":1168},{""x"":1918,""y"":859,""dx"":462,""dy"":33,""t"":1255},{""x"":1831,""y"":822,""dx"":375,""dy"":-4,""t"":1271},{""x"":1736,""y"":822,""dx"":280,""dy"":-4,""t"":1356},{""x"":1649,""y"":794,""dx"":193,""dy"":-32,""t"":1372},{""x"":1583,""y"":783,""dx"":127,""dy"":-43,""t"":1457},{""x"":1529,""y"":774,""dx"":73,""dy"":-52,""t"":1473},{""x"":1475,""y"":782,""dx"":19,""dy"":-44,""t"":1559},{""x"":1457,""y"":785,""dx"":1,""dy"":-41,""t"":1574},{""x"":1465,""y"":811,""dx"":9,""dy"":-15,""t"":1661},{""x"":1475,""y"":833,""dx"":19,""dy"":7,""t"":1678},{""x"":1449,""y"":850,""dx"":-7,""dy"":24,""t"":1777},{""x"":1473,""y"":862,""dx"":17,""dy"":36,""t"":1845},{""x"":1501,""y"":871,""dx"":45,""dy"":45,""t"":1906},{""x"":1519,""y"":889,""dx"":63,""dy"":63,""t"":1966},{""x"":1536,""y"":904,""dx"":80,""dy"":78,""t"":1982},{""x"":1534,""y"":918,""dx"":78,""dy"":92,""t"":2072},{""x"":1532,""y"":929,""dx"":76,""dy"":103,""t"":2093},{""x"":1531,""y"":937,""dx"":75,""dy"":111,""t"":2143},{""x"":1510,""y"":934,""dx"":54,""dy"":108,""t"":2233},{""x"":1491,""y"":929,""dx"":35,""dy"":103,""t"":2248},{""x"":1474,""y"":917,""dx"":18,""dy"":91,""t"":2332},{""x"":1460,""y"":907,""dx"":4,""dy"":81,""t"":2350},{""x"":1440,""y"":905,""dx"":-16,""dy"":79,""t"":2434},{""x"":1424,""y"":904,""dx"":-32,""dy"":78,""t"":2452},{""x"":1423,""y"":900,""dx"":-33,""dy"":74,""t"":2538},{""x"":1423,""y"":896,""dx"":-33,""dy"":70,""t"":2555},{""x"":1433,""y"":906,""dx"":-23,""dy"":80,""t"":2641},{""x"":1433,""y"":926,""dx"":-23,""dy"":100,""t"":2657},{""x"":1434,""y"":917,""dx"":-22,""dy"":91,""t"":2740},{""x"":1415,""y"":920,""dx"":-41,""dy"":94,""t"":2755},{""x"":1412,""y"":911,""dx"":-44,""dy"":85,""t"":2839},{""x"":1410,""y"":904,""dx"":-46,""dy"":78,""t"":2858},{""x"":1411,""y"":918,""dx"":-45,""dy"":92,""t"":2941},{""x"":1412,""y"":929,""dx"":-44,""dy"":103,""t"":2960},{""x"":1437,""y"":947,""dx"":-19,""dy"":121,""t"":3041},{""x"":1464,""y"":923,""dx"":8,""dy"":97,""t"":3095},{""x"":1467,""y"":861,""dx"":11,""dy"":35,""t"":3154},{""x"":1475,""y"":850,""dx"":19,""dy"":24,""t"":3170},{""x"":1552,""y"":855,""dx"":96,""dy"":29,""t"":3255},{""x"":1569,""y"":804,""dx"":113,""dy"":-22,""t"":3270},{""x"":1583,""y"":803,""dx"":127,""dy"":-23,""t"":3354},{""x"":1625,""y"":810,""dx"":169,""dy"":-16,""t"":3369},{""x"":1653,""y"":833,""dx"":197,""dy"":7,""t"":3450},{""x"":1700,""y"":817,""dx"":244,""dy"":-9,""t"":3469},{""x"":1720,""y"":859,""dx"":264,""dy"":33,""t"":3558},{""x"":1733,""y"":895,""dx"":277,""dy"":69,""t"":3574},{""x"":1691,""y"":869,""dx"":235,""dy"":43,""t"":3661},{""x"":1652,""y"":847,""dx"":196,""dy"":21,""t"":3676},{""x"":1650,""y"":804,""dx"":194,""dy"":-22,""t"":3760},{""x"":1587,""y"":750,""dx"":131,""dy"":-76,""t"":3776},{""x"":1526,""y"":717,""dx"":70,""dy"":-109,""t"":3859},{""x"":1451,""y"":719,""dx"":-5,""dy"":-107,""t"":3877},{""x"":1470,""y"":756,""dx"":14,""dy"":-70,""t"":3960}],[{""x"":504,""y"":425,""dx"":8,""dy"":-401,""t"":4981},{""x"":563,""y"":480,""dx"":67,""dy"":-346,""t"":5000},{""x"":527,""y"":466,""dx"":31,""dy"":-360,""t"":5085},{""x"":501,""y"":455,""dx"":5,""dy"":-371,""t"":5101},{""x"":488,""y"":456,""dx"":-8,""dy"":-370,""t"":5187},{""x"":481,""y"":457,""dx"":-15,""dy"":-369,""t"":5202},{""x"":424,""y"":466,""dx"":-72,""dy"":-360,""t"":5288},{""x"":379,""y"":475,""dx"":-117,""dy"":-351,""t"":5304},{""x"":380,""y"":556,""dx"":-116,""dy"":-270,""t"":5387},{""x"":464,""y"":590,""dx"":-32,""dy"":-236,""t"":5406},{""x"":492,""y"":596,""dx"":-4,""dy"":-230,""t"":5494},{""x"":512,""y"":657,""dx"":16,""dy"":-169,""t"":5511},{""x"":611,""y"":692,""dx"":115,""dy"":-134,""t"":5599},{""x"":617,""y"":668,""dx"":121,""dy"":-158,""t"":5615},{""x"":694,""y"":690,""dx"":198,""dy"":-136,""t"":5699},{""x"":759,""y"":706,""dx"":263,""dy"":-120,""t"":5713},{""x"":704,""y"":720,""dx"":208,""dy"":-106,""t"":5800},{""x"":654,""y"":730,""dx"":158,""dy"":-96,""t"":5814},{""x"":761,""y"":719,""dx"":265,""dy"":-107,""t"":5897},{""x"":740,""y"":693,""dx"":244,""dy"":-133,""t"":5917},{""x"":941,""y"":685,""dx"":445,""dy"":-141,""t"":6002},{""x"":1111,""y"":677,""dx"":615,""dy"":-149,""t"":6019},{""x"":1132,""y"":668,""dx"":636,""dy"":-158,""t"":6104},{""x"":1143,""y"":661,""dx"":647,""dy"":-165,""t"":6121},{""x"":1136,""y"":608,""dx"":640,""dy"":-218,""t"":6204},{""x"":1125,""y"":564,""dx"":629,""dy"":-262,""t"":6223},{""x"":1131,""y"":533,""dx"":635,""dy"":-293,""t"":6311},{""x"":1133,""y"":509,""dx"":637,""dy"":-317,""t"":6327},{""x"":1108,""y"":491,""dx"":612,""dy"":-335,""t"":6415},{""x"":1084,""y"":467,""dx"":588,""dy"":-359,""t"":6431},{""x"":1030,""y"":430,""dx"":534,""dy"":-396,""t"":6516},{""x"":1043,""y"":456,""dx"":547,""dy"":-370,""t"":6531},{""x"":1099,""y"":501,""dx"":603,""dy"":-325,""t"":6622},{""x"":1160,""y"":525,""dx"":664,""dy"":-301,""t"":6637},{""x"":1128,""y"":490,""dx"":632,""dy"":-336,""t"":6723},{""x"":1099,""y"":461,""dx"":603,""dy"":-365,""t"":6738},{""x"":1113,""y"":504,""dx"":617,""dy"":-322,""t"":6824},{""x"":1042,""y"":463,""dx"":546,""dy"":-363,""t"":6840},{""x"":1066,""y"":478,""dx"":570,""dy"":-348,""t"":6925},{""x"":1087,""y"":491,""dx"":591,""dy"":-335,""t"":6939},{""x"":1060,""y"":469,""dx"":564,""dy"":-357,""t"":7025},{""x"":1073,""y"":523,""dx"":577,""dy"":-303,""t"":7040},{""x"":1044,""y"":491,""dx"":548,""dy"":-335,""t"":7128},{""x"":1014,""y"":510,""dx"":518,""dy"":-316,""t"":7145},{""x"":978,""y"":537,""dx"":482,""dy"":-289,""t"":7229},{""x"":949,""y"":559,""dx"":453,""dy"":-267,""t"":7246},{""x"":948,""y"":632,""dx"":452,""dy"":-194,""t"":7330},{""x"":949,""y"":693,""dx"":453,""dy"":-133,""t"":7346},{""x"":931,""y"":747,""dx"":435,""dy"":-79,""t"":7429},{""x"":918,""y"":791,""dx"":422,""dy"":-35,""t"":7447},{""x"":923,""y"":835,""dx"":427,""dy"":9,""t"":7530},{""x"":915,""y"":861,""dx"":419,""dy"":35,""t"":7584},{""x"":888,""y"":888,""dx"":392,""dy"":62,""t"":7639},{""x"":866,""y"":907,""dx"":370,""dy"":81,""t"":7653},{""x"":855,""y"":908,""dx"":359,""dy"":82,""t"":7734},{""x"":848,""y"":905,""dx"":352,""dy"":79,""t"":7754},{""x"":867,""y"":894,""dx"":371,""dy"":68,""t"":7840},{""x"":908,""y"":787,""dx"":412,""dy"":-39,""t"":7856},{""x"":883,""y"":683,""dx"":387,""dy"":-143,""t"":7939},{""x"":862,""y"":652,""dx"":366,""dy"":-174,""t"":7957}],[{""x"":1003,""y"":465,""dx"":27,""dy"":-91,""t"":8977},{""x"":1005,""y"":478,""dx"":29,""dy"":-78,""t"":9062},{""x"":1006,""y"":490,""dx"":30,""dy"":-66,""t"":9079},{""x"":1053,""y"":523,""dx"":77,""dy"":-33,""t"":9166},{""x"":1092,""y"":551,""dx"":116,""dy"":-5,""t"":9182},{""x"":1093,""y"":573,""dx"":117,""dy"":17,""t"":9265},{""x"":1093,""y"":592,""dx"":117,""dy"":36,""t"":9282},{""x"":1123,""y"":599,""dx"":147,""dy"":43,""t"":9366},{""x"":1147,""y"":604,""dx"":171,""dy"":48,""t"":9385},{""x"":1209,""y"":633,""dx"":233,""dy"":77,""t"":9469},{""x"":1261,""y"":657,""dx"":285,""dy"":101,""t"":9486},{""x"":1315,""y"":687,""dx"":339,""dy"":131,""t"":9569},{""x"":1359,""y"":712,""dx"":383,""dy"":156,""t"":9588},{""x"":1382,""y"":737,""dx"":406,""dy"":181,""t"":9676},{""x"":1399,""y"":756,""dx"":423,""dy"":200,""t"":9693},{""x"":1422,""y"":763,""dx"":446,""dy"":207,""t"":9778},{""x"":1438,""y"":766,""dx"":462,""dy"":210,""t"":9794},{""x"":1449,""y"":776,""dx"":473,""dy"":220,""t"":9877},{""x"":1456,""y"":783,""dx"":480,""dy"":227,""t"":9895},{""x"":1322,""y"":727,""dx"":346,""dy"":171,""t"":9982},{""x"":1206,""y"":679,""dx"":230,""dy"":123,""t"":9998},{""x"":1104,""y"":631,""dx"":128,""dy"":75,""t"":10084},{""x"":1001,""y"":589,""dx"":25,""dy"":33,""t"":10102},{""x"":907,""y"":577,""dx"":-69,""dy"":21,""t"":10186},{""x"":831,""y"":569,""dx"":-145,""dy"":13,""t"":10202},{""x"":800,""y"":550,""dx"":-176,""dy"":-6,""t"":10290},{""x"":779,""y"":535,""dx"":-197,""dy"":-21,""t"":10305},{""x"":781,""y"":509,""dx"":-195,""dy"":-47,""t"":10389},{""x"":734,""y"":534,""dx"":-242,""dy"":-22,""t"":10405},{""x"":810,""y"":495,""dx"":-166,""dy"":-61,""t"":10491},{""x"":846,""y"":465,""dx"":-130,""dy"":-91,""t"":10507},{""x"":905,""y"":449,""dx"":-71,""dy"":-107,""t"":10598},{""x"":957,""y"":437,""dx"":-19,""dy"":-119,""t"":10613},{""x"":962,""y"":441,""dx"":-14,""dy"":-115,""t"":10700},{""x"":966,""y"":445,""dx"":-10,""dy"":-111,""t"":10716},{""x"":966,""y"":459,""dx"":-10,""dy"":-97,""t"":10799},{""x"":966,""y"":471,""dx"":-10,""dy"":-85,""t"":10814},{""x"":996,""y"":493,""dx"":20,""dy"":-63,""t"":10897},{""x"":1022,""y"":511,""dx"":46,""dy"":-45,""t"":10915},{""x"":1020,""y"":525,""dx"":44,""dy"":-31,""t"":10999},{""x"":1017,""y"":535,""dx"":41,""dy"":-21,""t"":11016},{""x"":1037,""y"":568,""dx"":61,""dy"":12,""t"":11101},{""x"":1054,""y"":595,""dx"":78,""dy"":39,""t"":11120},{""x"":1050,""y"":564,""dx"":74,""dy"":8,""t"":11205},{""x"":1046,""y"":537,""dx"":70,""dy"":-19,""t"":11220},{""x"":1060,""y"":530,""dx"":84,""dy"":-26,""t"":11302},{""x"":1007,""y"":496,""dx"":31,""dy"":-60,""t"":11322},{""x"":1030,""y"":509,""dx"":54,""dy"":-47,""t"":11409},{""x"":985,""y"":497,""dx"":9,""dy"":-59,""t"":11425},{""x"":978,""y"":493,""dx"":2,""dy"":-63,""t"":11509},{""x"":973,""y"":489,""dx"":-3,""dy"":-67,""t"":11527},{""x"":978,""y"":497,""dx"":2,""dy"":-59,""t"":11616},{""x"":982,""y"":504,""dx"":6,""dy"":-52,""t"":11631},{""x"":1029,""y"":549,""dx"":53,""dy"":-7,""t"":11718},{""x"":1019,""y"":563,""dx"":43,""dy"":7,""t"":11732},{""x"":1062,""y"":600,""dx"":86,""dy"":44,""t"":11818},{""x"":1129,""y"":668,""dx"":153,""dy"":112,""t"":11833},{""x"":1140,""y"":645,""dx"":164,""dy"":89,""t"":11916},{""x"":1148,""y"":624,""dx"":172,""dy"":68,""t"":11935},{""x"":1157,""y"":617,""dx"":181,""dy"":61,""t"":12021}],[{""x"":603,""y"":315,""dx"":107,""dy"":29,""t"":13039},{""x"":594,""y"":314,""dx"":98,""dy"":28,""t"":13057},{""x"":587,""y"":348,""dx"":91,""dy"":62,""t"":13142},{""x"":583,""y"":378,""dx"":87,""dy"":92,""t"":13159},{""x"":576,""y"":376,""dx"":80,""dy"":90,""t"":13247},{""x"":571,""y"":374,""dx"":75,""dy"":88,""t"":13263},{""x"":587,""y"":384,""dx"":91,""dy"":98,""t"":13347},{""x"":603,""y"":393,""dx"":107,""dy"":107,""t"":13364},{""x"":585,""y"":425,""dx"":89,""dy"":139,""t"":13447},{""x"":571,""y"":452,""dx"":75,""dy"":166,""t"":13467},{""x"":546,""y"":413,""dx"":50,""dy"":127,""t"":13551},{""x"":542,""y"":392,""dx"":46,""dy"":106,""t"":13567},{""x"":546,""y"":372,""dx"":50,""dy"":86,""t"":13650},{""x"":552,""y"":356,""dx"":56,""dy"":70,""t"":13669},{""x"":544,""y"":339,""dx"":48,""dy"":53,""t"":13756},{""x"":538,""y"":325,""dx"":42,""dy"":39,""t"":13772},{""x"":544,""y"":318,""dx"":48,""dy"":32,""t"":13856},{""x"":553,""y"":325,""dx"":57,""dy"":39,""t"":13874},{""x"":555,""y"":321,""dx"":59,""dy"":35,""t"":13957},{""x"":517,""y"":317,""dx"":21,""dy"":31,""t"":13976},{""x"":508,""y"":301,""dx"":12,""dy"":15,""t"":14056},{""x"":464,""y"":331,""dx"":-32,""dy"":45,""t"":14112},{""x"":472,""y"":350,""dx"":-24,""dy"":64,""t"":14173},{""x"":450,""y"":350,""dx"":-46,""dy"":64,""t"":14188},{""x"":461,""y"":407,""dx"":-35,""dy"":121,""t"":14271},{""x"":471,""y"":456,""dx"":-25,""dy"":170,""t"":14286},{""x"":496,""y"":467,""dx"":0,""dy"":181,""t"":14379},{""x"":518,""y"":475,""dx"":22,""dy"":189,""t"":14394},{""x"":533,""y"":490,""dx"":37,""dy"":204,""t"":14486},{""x"":546,""y"":501,""dx"":50,""dy"":215,""t"":14549},{""x"":555,""y"":512,""dx"":59,""dy"":226,""t"":14567},{""x"":557,""y"":511,""dx"":61,""dy"":225,""t"":14617},{""x"":558,""y"":509,""dx"":62,""dy"":223,""t"":14664},{""x"":559,""y"":514,""dx"":63,""dy"":228,""t"":14746},{""x"":560,""y"":516,""dx"":64,""dy"":230,""t"":14761},{""x"":528,""y"":520,""dx"":32,""dy"":234,""t"":14847},{""x"":500,""y"":522,""dx"":4,""dy"":236,""t"":14862},{""x"":482,""y"":509,""dx"":-14,""dy"":223,""t"":14944},{""x"":468,""y"":498,""dx"":-28,""dy"":212,""t"":14961},{""x"":476,""y"":492,""dx"":-20,""dy"":206,""t"":15046},{""x"":484,""y"":487,""dx"":-12,""dy"":201,""t"":15062},{""x"":473,""y"":475,""dx"":-23,""dy"":189,""t"":15149},{""x"":465,""y"":464,""dx"":-31,""dy"":178,""t"":15165},{""x"":444,""y"":450,""dx"":-52,""dy"":164,""t"":15250},{""x"":427,""y"":439,""dx"":-69,""dy"":153,""t"":15267},{""x"":415,""y"":438,""dx"":-81,""dy"":152,""t"":15352},{""x"":413,""y"":430,""dx"":-83,""dy"":144,""t"":15369},{""x"":406,""y"":429,""dx"":-90,""dy"":143,""t"":15455},{""x"":401,""y"":430,""dx"":-95,""dy"":144,""t"":15472},{""x"":422,""y"":439,""dx"":-74,""dy"":153,""t"":15558},{""x"":442,""y"":447,""dx"":-54,""dy"":161,""t"":15575},{""x"":562,""y"":347,""dx"":66,""dy"":61,""t"":15660},{""x"":675,""y"":285,""dx"":179,""dy"":-1,""t"":15676},{""x"":804,""y"":280,""dx"":308,""dy"":-6,""t"":15759},{""x"":924,""y"":251,""dx"":428,""dy"":-35,""t"":15778},{""x"":1050,""y"":268,""dx"":554,""dy"":-18,""t"":15862},{""x"":1161,""y"":294,""dx"":665,""dy"":8,""t"":15878},{""x"":1154,""y"":345,""dx"":658,""dy"":59,""t"":15960},{""x"":1162,""y"":372,""dx"":666,""dy"":86,""t"":15981}],[{""x"":1640,""y"":404,""dx"":184,""dy"":118,""t"":17087},{""x"":1631,""y"":407,""dx"":175,""dy"":121,""t"":17102},{""x"":1644,""y"":409,""dx"":188,""dy"":123,""t"":17188},{""x"":1632,""y"":393,""dx"":176,""dy"":107,""t"":17205},{""x"":1593,""y"":352,""dx"":137,""dy"":66,""t"":17290},{""x"":1558,""y"":318,""dx"":102,""dy"":32,""t"":17307},{""x"":1550,""y"":293,""dx"":94,""dy"":7,""t"":17391},{""x"":1543,""y"":273,""dx"":87,""dy"":-13,""t"":17409},{""x"":1568,""y"":303,""dx"":112,""dy"":17,""t"":17495},{""x"":1482,""y"":284,""dx"":26,""dy"":-2,""t"":17511},{""x"":1470,""y"":285,""dx"":14,""dy"":-1,""t"":17599},{""x"":1475,""y"":327,""dx"":19,""dy"":41,""t"":17615},{""x"":1427,""y"":338,""dx"":-29,""dy"":52,""t"":17698},{""x"":1387,""y"":347,""dx"":-69,""dy"":61,""t"":17716},{""x"":1340,""y"":350,""dx"":-116,""dy"":64,""t"":17800},{""x"":1302,""y"":353,""dx"":-154,""dy"":67,""t"":17817},{""x"":1313,""y"":362,""dx"":-143,""dy"":76,""t"":17902},{""x"":1325,""y"":370,""dx"":-131,""dy"":84,""t"":17918},{""x"":1403,""y"":389,""dx"":-53,""dy"":103,""t"":18001},{""x"":1435,""y"":381,""dx"":-21,""dy"":95,""t"":18020},{""x"":1466,""y"":398,""dx"":10,""dy"":112,""t"":18109},{""x"":1492,""y"":412,""dx"":36,""dy"":126,""t"":18123},{""x"":1484,""y"":430,""dx"":28,""dy"":144,""t"":18211},{""x"":1393,""y"":452,""dx"":-63,""dy"":166,""t"":18227},{""x"":1308,""y"":471,""dx"":-148,""dy"":185,""t"":18312},{""x"":1237,""y"":486,""dx"":-219,""dy"":200,""t"":18327},{""x"":1181,""y"":471,""dx"":-275,""dy"":185,""t"":18415},{""x"":1137,""y"":457,""dx"":-319,""dy"":171,""t"":18431},{""x"":1173,""y"":429,""dx"":-283,""dy"":143,""t"":18516},{""x"":1173,""y"":426,""dx"":-283,""dy"":140,""t"":18532},{""x"":1164,""y"":374,""dx"":-292,""dy"":88,""t"":18621},{""x"":1192,""y"":381,""dx"":-264,""dy"":95,""t"":18636},{""x"":1218,""y"":377,""dx"":-238,""dy"":91,""t"":18723},{""x"":1246,""y"":413,""dx"":-210,""dy"":127,""t"":18738},{""x"":1299,""y"":413,""dx"":-157,""dy"":127,""t"":18824},{""x"":1334,""y"":402,""dx"":-122,""dy"":116,""t"":18840},{""x"":1365,""y"":365,""dx"":-91,""dy"":79,""t"":18928},{""x"":1387,""y"":321,""dx"":-69,""dy"":35,""t"":18943},{""x"":1399,""y"":312,""dx"":-57,""dy"":26,""t"":19030},{""x"":1408,""y"":305,""dx"":-48,""dy"":19,""t"":19046},{""x"":1402,""y"":306,""dx"":-54,""dy"":20,""t"":19131},{""x"":1398,""y"":276,""dx"":-58,""dy"":-10,""t"":19148},{""x"":1396,""y"":287,""dx"":-60,""dy"":1,""t"":19234},{""x"":1393,""y"":298,""dx"":-63,""dy"":12,""t"":19249},{""x"":1375,""y"":273,""dx"":-81,""dy"":-13,""t"":19335},{""x"":1358,""y"":287,""dx"":-98,""dy"":1,""t"":19350},{""x"":1318,""y"":243,""dx"":-138,""dy"":-43,""t"":19436},{""x"":1289,""y"":241,""dx"":-167,""dy"":-45,""t"":19452},{""x"":1270,""y"":290,""dx"":-186,""dy"":4,""t"":19537},{""x"":1263,""y"":300,""dx"":-193,""dy"":14,""t"":19552},{""x"":1263,""y"":338,""dx"":-193,""dy"":52,""t"":19639},{""x"":1252,""y"":336,""dx"":-204,""dy"":50,""t"":19654},{""x"":1227,""y"":397,""dx"":-229,""dy"":111,""t"":19737},{""x"":1200,""y"":417,""dx"":-256,""dy"":131,""t"":19755},{""x"":1212,""y"":453,""dx"":-244,""dy"":167,""t"":19838},{""x"":1224,""y"":482,""dx"":-232,""dy"":196,""t"":19857},{""x"":1244,""y"":492,""dx"":-212,""dy"":206,""t"":19946},{""x"":1262,""y"":498,""dx"":-194,""dy"":212,""t"":19961},{""x"":1309,""y"":446,""dx"":-147,""dy"":160,""t"":20044}]]","[77.96610169491525,6.666666666666667,76.66666666666667,67.79661016949152,61.016949152542374]","[{""x"":102.54237288135593,""y"":38.71186440677966,""r"":118.1890366188979},{""x"":368.0833333333333,""y"":-215.48333333333332,""r"":390.4920851816007},{""x"":91.78333333333333,""y"":15.933333333333334,""r"":172.3858221455798},{""x"":75.91525423728814,""y"":118.03389830508475,""r"":110.95490697480145},{""x"":-92.79661016949153,""y"":81.67796610169492,""r"":125.6611369693958}]","[[75,75],[25,75],[50,50],[25,25],[75,25]]",19.56,"""",2021-06-16 16:45:48,,"Mozilla/5.0 (Windows NT 10.0; Win64; x64) AppleWebKit/537.36 (KHTML, like Gecko) Chrome/91.0.4472.106 Safari/537.36",WebKit,Chrome,91.0.4472.106,Windows,10.0
25,248,1,"""","""","""","""","""",html-keyboard-response,25,516055,0.0-12.0-0.0,main,29KKCMFL,1920,1080,exp_98,0.262294910469391,4.9,9140.600000023842,"
            <div style=""max-width: 800px"">
            <h1><img src=""icons/arrows-up_inv.png"", width=""50""/><br><br>Main task</h1>
            <p align=""justify"">Get ready for the main task. You will perform two blocks of this task with breaks in between. Please remember to keep your head still, and focus on the ""<strong>+</strong>"" between trials. Good luck!</p>
            <p>Press <strong><em>SPACE BAR</em></strong> to start the main task.</p>
            </div>", ,"""","""","""","""","""","""","""","""","""","""","""","""","""","""","""","""","""","""","""","""","""","""","""","""","""","""","""","""","""",2021-06-16 16:45:48,,"Mozilla/5.0 (Windows NT 10.0; Win64; x64) AppleWebKit/537.36 (KHTML, like Gecko) Chrome/91.0.4472.106 Safari/537.36",WebKit,Chrome,91.0.4472.106,Windows,10.0
26,248,1,"""","""","""","""","""",html-keyboard-response,26,518592,0.0-12.0-1.0-1.0,main,29KKCMFL,1920,1080,exp_98,0.262294910469391,4.9,,"<p style=""font-size:40px;"">+</p>",,"""","""","""","""","[{""x"":1206,""y"":479,""t"":0},{""x"":1148,""y"":509,""t"":64},{""x"":1100,""y"":534,""t"":80},{""x"":1112,""y"":544,""t"":167},{""x"":1109,""y"":575,""t"":182},{""x"":1106,""y"":593,""t"":268},{""x"":1106,""y"":606,""t"":284},{""x"":1104,""y"":626,""t"":370},{""x"":1103,""y"":640,""t"":386},{""x"":1059,""y"":619,""t"":471}]",{},"""","""","""","""","""","""","""","""","""","""","""","""","""","""","""","""","""","""","""","""","""","""","""",2021-06-16 16:45:48,,"Mozilla/5.0 (Windows NT 10.0; Win64; x64) AppleWebKit/537.36 (KHTML, like Gecko) Chrome/91.0.4472.106 Safari/537.36",WebKit,Chrome,91.0.4472.106,Windows,10.0
27,248,1,"""","""","""","""","""",two-gamble-sequence,27,525145,0.0-12.0-1.0-2.0,main,29KKCMFL,1920,1080,exp_98,0.262294910469391,4.9,897.2000000476837,"""","""","""","""","""","""","[{""x"":968,""y"":568,""t"":-56},{""x"":892,""y"":523,""t"":0},{""x"":881,""y"":505,""t"":102},{""x"":952,""y"":494,""t"":146},{""x"":964,""y"":465,""t"":232},{""x"":976,""y"":441,""t"":247},{""x"":908,""y"":422,""t"":330},{""x"":897,""y"":420,""t"":346},{""x"":803,""y"":422,""t"":430},{""x"":724,""y"":424,""t"":446},{""x"":788,""y"":429,""t"":532},{""x"":846,""y"":434,""t"":547},{""x"":944,""y"":450,""t"":630},{""x"":967,""y"":466,""t"":647},{""x"":896,""y"":396,""t"":729},{""x"":859,""y"":400,""t"":749},{""x"":797,""y"":397,""t"":835},{""x"":730,""y"":359,""t"":851},{""x"":903,""y"":361,""t"":937},{""x"":1046,""y"":382,""t"":953},{""x"":1179,""y"":376,""t"":1035},{""x"":1271,""y"":361,""t"":1054},{""x"":1286,""y"":363,""t"":1138},{""x"":1298,""y"":333,""t"":1156},{""x"":1305,""y"":329,""t"":1238},{""x"":1351,""y"":327,""t"":1293},{""x"":1338,""y"":343,""t"":1352},{""x"":1323,""y"":358,""t"":1368},{""x"":1288,""y"":334,""t"":1451},{""x"":1328,""y"":334,""t"":1468},{""x"":1441,""y"":372,""t"":1555},{""x"":1535,""y"":406,""t"":1573},{""x"":1546,""y"":457,""t"":1656},{""x"":1585,""y"":418,""t"":1671},{""x"":1423,""y"":421,""t"":1755},{""x"":1299,""y"":388,""t"":1772},{""x"":1223,""y"":395,""t"":1856},{""x"":1154,""y"":427,""t"":1871},{""x"":1065,""y"":444,""t"":1958},{""x"":1031,""y"":470,""t"":1972},{""x"":1007,""y"":511,""t"":2054},{""x"":937,""y"":482,""t"":2075},{""x"":882,""y"":486,""t"":2158},{""x"":841,""y"":489,""t"":2178},{""x"":932,""y"":514,""t"":2262},{""x"":957,""y"":485,""t"":2280},{""x"":1087,""y"":513,""t"":2363},{""x"":1127,""y"":511,""t"":2381},{""x"":1263,""y"":574,""t"":2465},{""x"":1353,""y"":620,""t"":2483},{""x"":1447,""y"":654,""t"":2567},{""x"":1522,""y"":680,""t"":2585},{""x"":1551,""y"":725,""t"":2669},{""x"":1570,""y"":761,""t"":2687},{""x"":1328,""y"":687,""t"":2769},{""x"":1117,""y"":621,""t"":2789},{""x"":993,""y"":555,""t"":2870},{""x"":892,""y"":499,""t"":2891},{""x"":729,""y"":431,""t"":2974},{""x"":597,""y"":374,""t"":2994},{""x"":467,""y"":272,""t"":3079},{""x"":364,""y"":189,""t"":3096},{""x"":410,""y"":154,""t"":3182},{""x"":438,""y"":136,""t"":3197},{""x"":541,""y"":187,""t"":3279},{""x"":634,""y"":234,""t"":3300},{""x"":760,""y"":247,""t"":3385},{""x"":869,""y"":259,""t"":3401},{""x"":1028,""y"":269,""t"":3487},{""x"":1106,""y"":286,""t"":3504},{""x"":1121,""y"":285,""t"":3585},{""x"":995,""y"":251,""t"":3640},{""x"":907,""y"":217,""t"":3697},{""x"":802,""y"":190,""t"":3711},{""x"":728,""y"":165,""t"":3800},{""x"":666,""y"":145,""t"":3814},{""x"":602,""y"":143,""t"":3901},{""x"":551,""y"":144,""t"":3917},{""x"":486,""y"":168,""t"":4001},{""x"":436,""y"":189,""t"":4015},{""x"":403,""y"":224,""t"":4101},{""x"":348,""y"":315,""t"":4117},{""x"":331,""y"":340,""t"":4203},{""x"":321,""y"":359,""t"":4219},{""x"":308,""y"":426,""t"":4302},{""x"":300,""y"":480,""t"":4318},{""x"":558,""y"":483,""t"":4404},{""x"":780,""y"":481,""t"":4421},{""x"":965,""y"":511,""t"":4511},{""x"":1116,""y"":534,""t"":4526},{""x"":1204,""y"":554,""t"":4609},{""x"":1239,""y"":539,""t"":4624},{""x"":1291,""y"":537,""t"":4710},{""x"":1345,""y"":566,""t"":4726},{""x"":1213,""y"":484,""t"":4813},{""x"":1094,""y"":413,""t"":4829},{""x"":971,""y"":378,""t"":4913},{""x"":866,""y"":350,""t"":4930},{""x"":768,""y"":307,""t"":5015},{""x"":688,""y"":273,""t"":5032},{""x"":544,""y"":293,""t"":5116},{""x"":426,""y"":313,""t"":5135},{""x"":450,""y"":352,""t"":5221},{""x"":478,""y"":386,""t"":5237},{""x"":617,""y"":441,""t"":5324},{""x"":819,""y"":453,""t"":5339},{""x"":865,""y"":443,""t"":5425},{""x"":957,""y"":478,""t"":5442},{""x"":1023,""y"":467,""t"":5528},{""x"":1076,""y"":456,""t"":5543},{""x"":1079,""y"":407,""t"":5626},{""x"":1077,""y"":364,""t"":5644},{""x"":1092,""y"":358,""t"":5728},{""x"":1101,""y"":354,""t"":5747},{""x"":1026,""y"":376,""t"":5834},{""x"":960,""y"":395,""t"":5851},{""x"":919,""y"":382,""t"":5948},{""x"":908,""y"":422,""t"":5979},{""x"":901,""y"":456,""t"":6030},{""x"":871,""y"":453,""t"":6114},{""x"":848,""y"":449,""t"":6129},{""x"":833,""y"":435,""t"":6215},{""x"":823,""y"":421,""t"":6233},{""x"":810,""y"":412,""t"":6313},{""x"":800,""y"":404,""t"":6329},{""x"":799,""y"":393,""t"":6411},{""x"":799,""y"":384,""t"":6427}]",{},j,0.81,0.16999999999999998,0.48,0.79,0.81,0.48,0.16999999999999998,0.79,experimental,exp_45,"{""durations"":[1500,1000,1500,1000],""alternatives"":[""all"",""all"",""all"",""all""],""attributes"":[""m"",""p"",""m"",""p""]}",1,0.48,0.79,1920,1080,"""","""","""","""","""","""",2021-06-16 16:45:48,,"Mozilla/5.0 (Windows NT 10.0; Win64; x64) AppleWebKit/537.36 (KHTML, like Gecko) Chrome/91.0.4472.106 Safari/537.36",WebKit,Chrome,91.0.4472.106,Windows,10.0
28,248,1,"""","""","""","""","""",html-keyboard-response,28,525654,0.0-12.0-1.0-1.1,main,29KKCMFL,1920,1080,exp_98,0.262294910469391,4.9,,"<p style=""font-size:40px;"">+</p>",,"""","""","""","""","[{""x"":967,""y"":471,""t"":-39},{""x"":1131,""y"":491,""t"":-17},{""x"":1269,""y"":507,""t"":0},{""x"":1368,""y"":538,""t"":139},{""x"":1345,""y"":543,""t"":197},{""x"":1340,""y"":530,""t"":211},{""x"":1387,""y"":529,""t"":297},{""x"":1433,""y"":539,""t"":313},{""x"":1357,""y"":497,""t"":395},{""x"":1288,""y"":460,""t"":410}]",{},"""","""","""","""","""","""","""","""","""","""","""","""","""","""","""","""","""","""","""","""","""","""","""",2021-06-16 16:45:48,,"Mozilla/5.0 (Windows NT 10.0; Win64; x64) AppleWebKit/537.36 (KHTML, like Gecko) Chrome/91.0.4472.106 Safari/537.36",WebKit,Chrome,91.0.4472.106,Windows,10.0
29,248,1,"""","""","""","""","""",two-gamble-sequence,29,531845,0.0-12.0-1.0-2.1,main,29KKCMFL,1920,1080,exp_98,0.262294910469391,4.9,497.2000000476837,"""","""","""","""","""","""","[{""x"":1155,""y"":441,""t"":-22},{""x"":1040,""y"":426,""t"":0},{""x"":1033,""y"":438,""t"":89},{""x"":999,""y"":451,""t"":106},{""x"":983,""y"":479,""t"":210},{""x"":931,""y"":505,""t"":263},{""x"":879,""y"":522,""t"":278},{""x"":724,""y"":495,""t"":361},{""x"":596,""y"":471,""t"":376},{""x"":512,""y"":427,""t"":463},{""x"":446,""y"":390,""t"":478},{""x"":370,""y"":364,""t"":563},{""x"":312,""y"":343,""t"":579},{""x"":360,""y"":311,""t"":661},{""x"":408,""y"":287,""t"":682},{""x"":483,""y"":277,""t"":772},{""x"":551,""y"":271,""t"":788},{""x"":582,""y"":246,""t"":872},{""x"":608,""y"":226,""t"":888},{""x"":643,""y"":245,""t"":970},{""x"":672,""y"":263,""t"":987},{""x"":706,""y"":283,""t"":1074},{""x"":713,""y"":274,""t"":1090},{""x"":701,""y"":262,""t"":1173},{""x"":688,""y"":251,""t"":1191},{""x"":613,""y"":254,""t"":1273},{""x"":608,""y"":287,""t"":1293},{""x"":572,""y"":253,""t"":1376},{""x"":552,""y"":225,""t"":1395},{""x"":714,""y"":210,""t"":1477},{""x"":767,""y"":186,""t"":1497},{""x"":935,""y"":200,""t"":1584},{""x"":1042,""y"":189,""t"":1598},{""x"":1131,""y"":232,""t"":1681},{""x"":1278,""y"":332,""t"":1736},{""x"":1355,""y"":378,""t"":1794},{""x"":1412,""y"":415,""t"":1810},{""x"":1412,""y"":422,""t"":1892},{""x"":1405,""y"":425,""t"":1907},{""x"":1384,""y"":432,""t"":1991},{""x"":1471,""y"":492,""t"":2006},{""x"":1508,""y"":549,""t"":2087},{""x"":1561,""y"":618,""t"":2144},{""x"":1590,""y"":660,""t"":2203},{""x"":1596,""y"":676,""t"":2218},{""x"":1596,""y"":724,""t"":2303},{""x"":1592,""y"":762,""t"":2319},{""x"":1625,""y"":827,""t"":2400},{""x"":1616,""y"":855,""t"":2415},{""x"":1615,""y"":858,""t"":2500},{""x"":1647,""y"":880,""t"":2517},{""x"":1638,""y"":849,""t"":2602},{""x"":1626,""y"":822,""t"":2619},{""x"":1585,""y"":773,""t"":2703},{""x"":1549,""y"":729,""t"":2721},{""x"":1588,""y"":732,""t"":2808},{""x"":1621,""y"":736,""t"":2823},{""x"":1581,""y"":674,""t"":2910},{""x"":1547,""y"":621,""t"":2926},{""x"":1264,""y"":491,""t"":3010},{""x"":1024,""y"":382,""t"":3028},{""x"":821,""y"":309,""t"":3110},{""x"":657,""y"":252,""t"":3129},{""x"":526,""y"":207,""t"":3213},{""x"":421,""y"":149,""t"":3231},{""x"":328,""y"":183,""t"":3315},{""x"":262,""y"":218,""t"":3332},{""x"":202,""y"":236,""t"":3416},{""x"":210,""y"":232,""t"":3469},{""x"":150,""y"":290,""t"":3527},{""x"":108,""y"":341,""t"":3543},{""x"":105,""y"":402,""t"":3627},{""x"":145,""y"":404,""t"":3643},{""x"":210,""y"":463,""t"":3731},{""x"":271,""y"":512,""t"":3746},{""x"":574,""y"":540,""t"":3832},{""x"":833,""y"":562,""t"":3850},{""x"":1031,""y"":555,""t"":3939},{""x"":1191,""y"":546,""t"":3953},{""x"":1330,""y"":578,""t"":4040},{""x"":1437,""y"":603,""t"":4055},{""x"":1519,""y"":575,""t"":4141},{""x"":1576,""y"":549,""t"":4157},{""x"":1597,""y"":521,""t"":4241},{""x"":1604,""y"":496,""t"":4255},{""x"":1603,""y"":465,""t"":4338},{""x"":1594,""y"":439,""t"":4353},{""x"":1570,""y"":412,""t"":4438},{""x"":1545,""y"":390,""t"":4455},{""x"":1501,""y"":396,""t"":4537},{""x"":1472,""y"":406,""t"":4591},{""x"":1449,""y"":411,""t"":4651},{""x"":1429,""y"":416,""t"":4665},{""x"":1340,""y"":386,""t"":4752},{""x"":1265,""y"":362,""t"":4766},{""x"":1192,""y"":355,""t"":4851},{""x"":1133,""y"":351,""t"":4865},{""x"":955,""y"":287,""t"":4951},{""x"":827,""y"":229,""t"":4966},{""x"":771,""y"":200,""t"":5049},{""x"":730,""y"":178,""t"":5067},{""x"":706,""y"":165,""t"":5151},{""x"":657,""y"":130,""t"":5170},{""x"":644,""y"":138,""t"":5256},{""x"":618,""y"":138,""t"":5271},{""x"":650,""y"":157,""t"":5355},{""x"":682,""y"":175,""t"":5373},{""x"":694,""y"":163,""t"":5459},{""x"":713,""y"":168,""t"":5474},{""x"":706,""y"":192,""t"":5559},{""x"":655,""y"":166,""t"":5577},{""x"":701,""y"":228,""t"":5663},{""x"":742,""y"":281,""t"":5679},{""x"":844,""y"":346,""t"":5766},{""x"":930,""y"":400,""t"":5780},{""x"":998,""y"":387,""t"":5872},{""x"":1068,""y"":388,""t"":5888},{""x"":1104,""y"":410,""t"":5972},{""x"":1176,""y"":417,""t"":5986},{""x"":1201,""y"":476,""t"":6069},{""x"":1170,""y"":502,""t"":6087}]",{},f,0.29,0.8099999999999999,0.61,0.22000000000000003,0.61,0.29,0.22000000000000003,0.8099999999999999,experimental,exp_82,"{""durations"":[1000,1500,1000,1500],""alternatives"":[1,0,1,0],""attributes"":[""all"",""all"",""all"",""all""]}",1,0.29,0.8099999999999999,1920,1080,"""","""","""","""","""","""",2021-06-16 16:45:48,,"Mozilla/5.0 (Windows NT 10.0; Win64; x64) AppleWebKit/537.36 (KHTML, like Gecko) Chrome/91.0.4472.106 Safari/537.36",WebKit,Chrome,91.0.4472.106,Windows,10.0
30,248,1,"""","""","""","""","""",html-keyboard-response,30,532357,0.0-12.0-1.0-1.2,main,29KKCMFL,1920,1080,exp_98,0.262294910469391,4.9,,"<p style=""font-size:40px;"">+</p>",,"""","""","""","""","[{""x"":1192,""y"":535,""t"":-18},{""x"":1208,""y"":561,""t"":0},{""x"":1229,""y"":593,""t"":95},{""x"":1205,""y"":593,""t"":110},{""x"":1190,""y"":616,""t"":193},{""x"":1175,""y"":632,""t"":208},{""x"":1213,""y"":585,""t"":293},{""x"":1174,""y"":564,""t"":308},{""x"":1244,""y"":510,""t"":391},{""x"":1258,""y"":458,""t"":408}]",{},"""","""","""","""","""","""","""","""","""","""","""","""","""","""","""","""","""","""","""","""","""","""","""",2021-06-16 16:45:48,,"Mozilla/5.0 (Windows NT 10.0; Win64; x64) AppleWebKit/537.36 (KHTML, like Gecko) Chrome/91.0.4472.106 Safari/537.36",WebKit,Chrome,91.0.4472.106,Windows,10.0
31,248,1,"""","""","""","""","""",two-gamble-sequence,31,538793,0.0-12.0-1.0-2.2,main,29KKCMFL,1920,1080,exp_98,0.262294910469391,4.9,647.5,"""","""","""","""","""","""","[{""x"":1267,""y"":468,""t"":-23},{""x"":1273,""y"":486,""t"":0},{""x"":1159,""y"":445,""t"":103},{""x"":1060,""y"":411,""t"":137},{""x"":1073,""y"":398,""t"":219},{""x"":1068,""y"":373,""t"":239},{""x"":1071,""y"":418,""t"":323},{""x"":1075,""y"":459,""t"":341},{""x"":1050,""y"":462,""t"":426},{""x"":1030,""y"":466,""t"":444},{""x"":915,""y"":378,""t"":528},{""x"":815,""y"":338,""t"":546},{""x"":671,""y"":381,""t"":631},{""x"":554,""y"":419,""t"":648},{""x"":448,""y"":391,""t"":729},{""x"":365,""y"":367,""t"":750},{""x"":460,""y"":401,""t"":830},{""x"":483,""y"":444,""t"":851},{""x"":478,""y"":438,""t"":936},{""x"":478,""y"":433,""t"":953},{""x"":500,""y"":456,""t"":1041},{""x"":521,""y"":476,""t"":1057},{""x"":560,""y"":453,""t"":1140},{""x"":595,""y"":432,""t"":1157},{""x"":604,""y"":394,""t"":1241},{""x"":612,""y"":363,""t"":1258},{""x"":666,""y"":344,""t"":1338},{""x"":851,""y"":309,""t"":1392},{""x"":905,""y"":266,""t"":1406},{""x"":1082,""y"":310,""t"":1489},{""x"":1228,""y"":350,""t"":1505},{""x"":1335,""y"":323,""t"":1587},{""x"":1414,""y"":341,""t"":1602},{""x"":1506,""y"":319,""t"":1684},{""x"":1528,""y"":359,""t"":1700},{""x"":1522,""y"":384,""t"":1781},{""x"":1511,""y"":457,""t"":1834},{""x"":1495,""y"":519,""t"":1848},{""x"":1482,""y"":593,""t"":1932},{""x"":1467,""y"":654,""t"":1946},{""x"":1433,""y"":689,""t"":2036},{""x"":1402,""y"":715,""t"":2051},{""x"":1417,""y"":747,""t"":2137},{""x"":1429,""y"":770,""t"":2153},{""x"":1462,""y"":787,""t"":2240},{""x"":1490,""y"":797,""t"":2255},{""x"":1573,""y"":743,""t"":2339},{""x"":1642,""y"":695,""t"":2354},{""x"":1698,""y"":690,""t"":2435},{""x"":1741,""y"":686,""t"":2452},{""x"":1768,""y"":644,""t"":2535},{""x"":1786,""y"":608,""t"":2550},{""x"":1758,""y"":566,""t"":2635},{""x"":1731,""y"":532,""t"":2653},{""x"":1711,""y"":502,""t"":2735},{""x"":1691,""y"":478,""t"":2756},{""x"":1689,""y"":429,""t"":2839},{""x"":1702,""y"":426,""t"":2858},{""x"":1464,""y"":298,""t"":2943},{""x"":1216,""y"":260,""t"":2959},{""x"":996,""y"":211,""t"":3049},{""x"":813,""y"":204,""t"":3065},{""x"":649,""y"":169,""t"":3152},{""x"":521,""y"":143,""t"":3167},{""x"":474,""y"":138,""t"":3251},{""x"":348,""y"":139,""t"":3267},{""x"":345,""y"":148,""t"":3353},{""x"":255,""y"":138,""t"":3368},{""x"":247,""y"":164,""t"":3451},{""x"":251,""y"":189,""t"":3470},{""x"":234,""y"":183,""t"":3557},{""x"":343,""y"":223,""t"":3571},{""x"":325,""y"":224,""t"":3656},{""x"":425,""y"":269,""t"":3672},{""x"":503,""y"":338,""t"":3756},{""x"":570,""y"":396,""t"":3775},{""x"":576,""y"":410,""t"":3859},{""x"":580,""y"":418,""t"":3877},{""x"":808,""y"":461,""t"":3959},{""x"":1020,""y"":536,""t"":3979},{""x"":1324,""y"":591,""t"":4067},{""x"":1575,""y"":634,""t"":4082},{""x"":1743,""y"":664,""t"":4166},{""x"":1754,""y"":614,""t"":4183},{""x"":1775,""y"":639,""t"":4265},{""x"":1780,""y"":657,""t"":4285},{""x"":1783,""y"":689,""t"":4368},{""x"":1764,""y"":692,""t"":4387},{""x"":1753,""y"":658,""t"":4471},{""x"":1736,""y"":627,""t"":4489},{""x"":1703,""y"":582,""t"":4568},{""x"":1724,""y"":596,""t"":4591},{""x"":1683,""y"":588,""t"":4673},{""x"":1612,""y"":583,""t"":4728},{""x"":1595,""y"":593,""t"":4788},{""x"":1581,""y"":601,""t"":4804},{""x"":1576,""y"":596,""t"":4884},{""x"":1573,""y"":592,""t"":4899},{""x"":1569,""y"":591,""t"":4983},{""x"":1566,""y"":589,""t"":4999},{""x"":1517,""y"":578,""t"":5084},{""x"":1476,""y"":568,""t"":5101},{""x"":1421,""y"":588,""t"":5188},{""x"":1375,""y"":605,""t"":5204},{""x"":1401,""y"":604,""t"":5290},{""x"":1426,""y"":603,""t"":5305},{""x"":1419,""y"":569,""t"":5391},{""x"":1414,""y"":540,""t"":5407},{""x"":1385,""y"":537,""t"":5491},{""x"":1361,""y"":536,""t"":5508},{""x"":1270,""y"":527,""t"":5594},{""x"":1171,""y"":518,""t"":5610},{""x"":1118,""y"":530,""t"":5693},{""x"":1053,""y"":508,""t"":5712},{""x"":985,""y"":496,""t"":5795},{""x"":974,""y"":436,""t"":5851},{""x"":1082,""y"":420,""t"":5910},{""x"":1136,""y"":410,""t"":5925},{""x"":1159,""y"":409,""t"":6011},{""x"":1188,""y"":448,""t"":6026},{""x"":1227,""y"":479,""t"":6116},{""x"":1260,""y"":507,""t"":6131},{""x"":1262,""y"":534,""t"":6216},{""x"":1264,""y"":557,""t"":6231},{""x"":1246,""y"":580,""t"":6314},{""x"":1231,""y"":598,""t"":6329}]",{},j,0.17,0.3,0.3,0.2,0.3,0.17,0.2,0.3,experimental,exp_26,"{""durations"":[1000,1500,1000,1500],""alternatives"":[1,0,1,0],""attributes"":[""all"",""all"",""all"",""all""]}",0,0.3,0.2,1920,1080,"""","""","""","""","""","""",2021-06-16 16:45:48,,"Mozilla/5.0 (Windows NT 10.0; Win64; x64) AppleWebKit/537.36 (KHTML, like Gecko) Chrome/91.0.4472.106 Safari/537.36",WebKit,Chrome,91.0.4472.106,Windows,10.0
32,248,1,"""","""","""","""","""",html-keyboard-response,32,539323,0.0-12.0-1.0-1.3,main,29KKCMFL,1920,1080,exp_98,0.262294910469391,4.9,,"<p style=""font-size:40px;"">+</p>",,"""","""","""","""","[{""x"":1288,""y"":566,""t"":-16},{""x"":1336,""y"":538,""t"":0},{""x"":1432,""y"":575,""t"":96},{""x"":1470,""y"":619,""t"":113},{""x"":1333,""y"":590,""t"":196},{""x"":1246,""y"":539,""t"":213},{""x"":1229,""y"":545,""t"":299},{""x"":1215,""y"":550,""t"":314},{""x"":1163,""y"":577,""t"":398},{""x"":1110,""y"":549,""t"":414}]",{},"""","""","""","""","""","""","""","""","""","""","""","""","""","""","""","""","""","""","""","""","""","""","""",2021-06-16 16:45:48,,"Mozilla/5.0 (Windows NT 10.0; Win64; x64) AppleWebKit/537.36 (KHTML, like Gecko) Chrome/91.0.4472.106 Safari/537.36",WebKit,Chrome,91.0.4472.106,Windows,10.0
33,248,1,"""","""","""","""","""",two-gamble-sequence,33,545550,0.0-12.0-1.0-2.3,main,29KKCMFL,1920,1080,exp_98,0.262294910469391,4.9,596.8999999761581,"""","""","""","""","""","""","[{""x"":1117,""y"":553,""t"":-39},{""x"":1080,""y"":518,""t"":-23},{""x"":1027,""y"":485,""t"":0},{""x"":1032,""y"":453,""t"":129},{""x"":1087,""y"":493,""t"":189},{""x"":1156,""y"":588,""t"":238},{""x"":1136,""y"":557,""t"":289},{""x"":1136,""y"":553,""t"":337},{""x"":1155,""y"":562,""t"":386},{""x"":1112,""y"":548,""t"":469},{""x"":1079,""y"":546,""t"":485},{""x"":1046,""y"":559,""t"":566},{""x"":1019,""y"":571,""t"":582},{""x"":859,""y"":492,""t"":667},{""x"":726,""y"":424,""t"":682},{""x"":673,""y"":390,""t"":765},{""x"":633,""y"":363,""t"":784},{""x"":631,""y"":356,""t"":866},{""x"":635,""y"":353,""t"":886},{""x"":638,""y"":343,""t"":972},{""x"":673,""y"":292,""t"":988},{""x"":655,""y"":255,""t"":1075},{""x"":643,""y"":226,""t"":1089},{""x"":615,""y"":192,""t"":1176},{""x"":593,""y"":164,""t"":1193},{""x"":764,""y"":245,""t"":1279},{""x"":911,""y"":317,""t"":1295},{""x"":1083,""y"":363,""t"":1377},{""x"":1226,""y"":403,""t"":1396},{""x"":1343,""y"":457,""t"":1483},{""x"":1435,""y"":502,""t"":1499},{""x"":1489,""y"":489,""t"":1584},{""x"":1526,""y"":475,""t"":1600},{""x"":1529,""y"":457,""t"":1686},{""x"":1524,""y"":441,""t"":1702},{""x"":1531,""y"":416,""t"":1787},{""x"":1532,""y"":395,""t"":1803},{""x"":1506,""y"":408,""t"":1888},{""x"":1413,""y"":416,""t"":1905},{""x"":1321,""y"":389,""t"":1990},{""x"":1242,""y"":365,""t"":2006},{""x"":1264,""y"":475,""t"":2093},{""x"":1248,""y"":451,""t"":2109},{""x"":1153,""y"":476,""t"":2195},{""x"":1075,""y"":465,""t"":2211},{""x"":981,""y"":468,""t"":2295},{""x"":912,""y"":415,""t"":2313},{""x"":821,""y"":366,""t"":2396},{""x"":748,""y"":326,""t"":2414},{""x"":651,""y"":302,""t"":2495},{""x"":600,""y"":297,""t"":2551},{""x"":538,""y"":318,""t"":2604},{""x"":492,""y"":338,""t"":2619},{""x"":431,""y"":356,""t"":2702},{""x"":384,""y"":372,""t"":2721},{""x"":377,""y"":375,""t"":2803},{""x"":352,""y"":406,""t"":2857},{""x"":357,""y"":398,""t"":2915},{""x"":366,""y"":391,""t"":2929},{""x"":385,""y"":346,""t"":3010},{""x"":443,""y"":315,""t"":3027},{""x"":489,""y"":320,""t"":3116},{""x"":523,""y"":340,""t"":3132},{""x"":734,""y"":342,""t"":3218},{""x"":855,""y"":346,""t"":3234},{""x"":895,""y"":345,""t"":3318},{""x"":923,""y"":344,""t"":3333},{""x"":1043,""y"":381,""t"":3418},{""x"":1140,""y"":413,""t"":3435},{""x"":1105,""y"":443,""t"":3517},{""x"":1159,""y"":444,""t"":3537},{""x"":1104,""y"":419,""t"":3618},{""x"":1218,""y"":433,""t"":3672},{""x"":1304,""y"":451,""t"":3688},{""x"":1422,""y"":440,""t"":3737},{""x"":1544,""y"":431,""t"":3786},{""x"":1636,""y"":463,""t"":3869},{""x"":1699,""y"":482,""t"":3884},{""x"":1714,""y"":496,""t"":3968},{""x"":1719,""y"":506,""t"":3982},{""x"":1674,""y"":484,""t"":4069},{""x"":1630,""y"":465,""t"":4085},{""x"":1580,""y"":461,""t"":4171},{""x"":1535,""y"":457,""t"":4188},{""x"":1602,""y"":520,""t"":4277},{""x"":1659,""y"":573,""t"":4292},{""x"":1697,""y"":600,""t"":4377},{""x"":1727,""y"":622,""t"":4391},{""x"":1748,""y"":621,""t"":4475},{""x"":1764,""y"":618,""t"":4491},{""x"":1694,""y"":629,""t"":4575},{""x"":1631,""y"":636,""t"":4591},{""x"":1569,""y"":659,""t"":4676},{""x"":1516,""y"":677,""t"":4694},{""x"":1233,""y"":595,""t"":4780},{""x"":996,""y"":523,""t"":4795},{""x"":873,""y"":452,""t"":4879},{""x"":778,""y"":393,""t"":4896},{""x"":660,""y"":376,""t"":4981},{""x"":570,""y"":365,""t"":4998},{""x"":623,""y"":367,""t"":5085},{""x"":724,""y"":385,""t"":5102},{""x"":836,""y"":385,""t"":5188},{""x"":935,""y"":387,""t"":5202},{""x"":1006,""y"":400,""t"":5288},{""x"":1067,""y"":411,""t"":5304},{""x"":1119,""y"":435,""t"":5388},{""x"":1162,""y"":455,""t"":5407},{""x"":1192,""y"":453,""t"":5491},{""x"":1215,""y"":450,""t"":5508},{""x"":1215,""y"":490,""t"":5593},{""x"":1178,""y"":504,""t"":5610},{""x"":1134,""y"":523,""t"":5699},{""x"":1096,""y"":538,""t"":5715},{""x"":1121,""y"":526,""t"":5799},{""x"":1110,""y"":546,""t"":5814},{""x"":1209,""y"":508,""t"":5900},{""x"":1272,""y"":512,""t"":5916},{""x"":1310,""y"":440,""t"":5999},{""x"":1340,""y"":379,""t"":6018},{""x"":1347,""y"":392,""t"":6104},{""x"":1308,""y"":362,""t"":6120}]",{},j,0.38,0.6900000000000001,0.58,0.49000000000000005,0.58,0.38,0.49000000000000005,0.6900000000000001,experimental,exp_101,"{""durations"":[1500,1000,1500,1000],""alternatives"":[""all"",""all"",""all"",""all""],""attributes"":[""m"",""p"",""m"",""p""]}",0,0.58,0.49000000000000005,1920,1080,"""","""","""","""","""","""",2021-06-16 16:45:48,,"Mozilla/5.0 (Windows NT 10.0; Win64; x64) AppleWebKit/537.36 (KHTML, like Gecko) Chrome/91.0.4472.106 Safari/537.36",WebKit,Chrome,91.0.4472.106,Windows,10.0
34,248,1,"""","""","""","""","""",html-keyboard-response,34,546058,0.0-12.0-1.0-1.4,main,29KKCMFL,1920,1080,exp_98,0.262294910469391,4.9,,"<p style=""font-size:40px;"">+</p>",,"""","""","""","""","[{""x"":1325,""y"":401,""t"":-16},{""x"":1360,""y"":475,""t"":0},{""x"":1323,""y"":470,""t"":98},{""x"":1368,""y"":534,""t"":114},{""x"":1350,""y"":543,""t"":195},{""x"":1351,""y"":540,""t"":211},{""x"":1280,""y"":507,""t"":295},{""x"":1219,""y"":478,""t"":309},{""x"":1147,""y"":498,""t"":394},{""x"":1088,""y"":516,""t"":409}]",{},"""","""","""","""","""","""","""","""","""","""","""","""","""","""","""","""","""","""","""","""","""","""","""",2021-06-16 16:45:48,,"Mozilla/5.0 (Windows NT 10.0; Win64; x64) AppleWebKit/537.36 (KHTML, like Gecko) Chrome/91.0.4472.106 Safari/537.36",WebKit,Chrome,91.0.4472.106,Windows,10.0
35,248,1,"""","""","""","""","""",two-gamble-sequence,35,552080,0.0-12.0-1.0-2.4,main,29KKCMFL,1920,1080,exp_98,0.262294910469391,4.9,395.5,"""","""","""","""","""","""","[{""x"":1099,""y"":538,""t"":-24},{""x"":1020,""y"":539,""t"":0},{""x"":1059,""y"":573,""t"":99},{""x"":1138,""y"":571,""t"":133},{""x"":1237,""y"":581,""t"":183},{""x"":1269,""y"":562,""t"":267},{""x"":1348,""y"":528,""t"":283},{""x"":1309,""y"":486,""t"":369},{""x"":1272,""y"":450,""t"":385},{""x"":1150,""y"":389,""t"":469},{""x"":1111,""y"":345,""t"":484},{""x"":1052,""y"":377,""t"":567},{""x"":861,""y"":315,""t"":582},{""x"":833,""y"":310,""t"":667},{""x"":698,""y"":268,""t"":684},{""x"":649,""y"":261,""t"":767},{""x"":613,""y"":257,""t"":782},{""x"":653,""y"":255,""t"":866},{""x"":873,""y"":265,""t"":919},{""x"":1008,""y"":265,""t"":971},{""x"":1122,""y"":265,""t"":987},{""x"":1223,""y"":264,""t"":1073},{""x"":1305,""y"":263,""t"":1090},{""x"":1433,""y"":364,""t"":1175},{""x"":1499,""y"":358,""t"":1192},{""x"":1527,""y"":377,""t"":1273},{""x"":1552,""y"":393,""t"":1330},{""x"":1560,""y"":388,""t"":1384},{""x"":1598,""y"":434,""t"":1399},{""x"":1593,""y"":464,""t"":1483},{""x"":1584,""y"":489,""t"":1499},{""x"":1360,""y"":422,""t"":1582},{""x"":1161,""y"":386,""t"":1598},{""x"":1007,""y"":361,""t"":1683},{""x"":880,""y"":341,""t"":1700},{""x"":806,""y"":366,""t"":1780},{""x"":756,""y"":322,""t"":1802},{""x"":826,""y"":426,""t"":1883},{""x"":922,""y"":538,""t"":1934},{""x"":928,""y"":548,""t"":1950},{""x"":1049,""y"":567,""t"":2032},{""x"":1153,""y"":582,""t"":2047},{""x"":1242,""y"":605,""t"":2129},{""x"":1315,""y"":622,""t"":2144},{""x"":1403,""y"":659,""t"":2227},{""x"":1473,""y"":689,""t"":2245},{""x"":1523,""y"":709,""t"":2333},{""x"":1560,""y"":724,""t"":2349},{""x"":1528,""y"":697,""t"":2432},{""x"":1496,""y"":672,""t"":2448},{""x"":1513,""y"":632,""t"":2531},{""x"":1525,""y"":597,""t"":2550},{""x"":1202,""y"":490,""t"":2634},{""x"":947,""y"":395,""t"":2653},{""x"":782,""y"":327,""t"":2739},{""x"":638,""y"":263,""t"":2754},{""x"":536,""y"":208,""t"":2837},{""x"":459,""y"":167,""t"":2857},{""x"":387,""y"":126,""t"":2941},{""x"":336,""y"":97,""t"":2958},{""x"":333,""y"":28,""t"":3046},{""x"":340,""y"":-26,""t"":3060},{""x"":574,""y"":56,""t"":3146},{""x"":875,""y"":145,""t"":3162},{""x"":1048,""y"":232,""t"":3246},{""x"":1111,""y"":259,""t"":3265},{""x"":1242,""y"":347,""t"":3353},{""x"":1347,""y"":422,""t"":3369},{""x"":1454,""y"":430,""t"":3455},{""x"":1483,""y"":471,""t"":3471},{""x"":1426,""y"":481,""t"":3554},{""x"":1332,""y"":464,""t"":3572},{""x"":1379,""y"":465,""t"":3659},{""x"":1415,""y"":464,""t"":3673},{""x"":1420,""y"":456,""t"":3757},{""x"":1420,""y"":447,""t"":3775},{""x"":1411,""y"":428,""t"":3858},{""x"":1402,""y"":411,""t"":3877},{""x"":1425,""y"":437,""t"":3961},{""x"":1444,""y"":460,""t"":3979},{""x"":1431,""y"":456,""t"":4062},{""x"":1418,""y"":452,""t"":4082},{""x"":1368,""y"":449,""t"":4163},{""x"":1325,""y"":446,""t"":4184},{""x"":1311,""y"":451,""t"":4271},{""x"":1300,""y"":455,""t"":4285},{""x"":1283,""y"":454,""t"":4372},{""x"":1269,""y"":453,""t"":4388},{""x"":1333,""y"":501,""t"":4473},{""x"":1339,""y"":529,""t"":4489},{""x"":1385,""y"":560,""t"":4573},{""x"":1424,""y"":585,""t"":4591},{""x"":1457,""y"":622,""t"":4673},{""x"":1484,""y"":651,""t"":4693},{""x"":1475,""y"":676,""t"":4779},{""x"":1467,""y"":695,""t"":4795},{""x"":1489,""y"":717,""t"":4880},{""x"":1507,""y"":732,""t"":4896},{""x"":1475,""y"":749,""t"":4981},{""x"":1446,""y"":761,""t"":5000},{""x"":1430,""y"":765,""t"":5084},{""x"":1417,""y"":765,""t"":5100},{""x"":1381,""y"":705,""t"":5188},{""x"":1359,""y"":654,""t"":5204},{""x"":1319,""y"":645,""t"":5288},{""x"":1327,""y"":645,""t"":5305},{""x"":1327,""y"":653,""t"":5390},{""x"":1345,""y"":663,""t"":5407},{""x"":1265,""y"":631,""t"":5495},{""x"":1198,""y"":604,""t"":5511},{""x"":1131,""y"":580,""t"":5595},{""x"":1077,""y"":560,""t"":5611},{""x"":1059,""y"":556,""t"":5695},{""x"":1047,""y"":554,""t"":5713},{""x"":1024,""y"":553,""t"":5796},{""x"":1043,""y"":548,""t"":5816},{""x"":1059,""y"":543,""t"":5899},{""x"":1070,""y"":529,""t"":5917}]",{},j,0.38,0.4,0.5,0.3,0.5,0.38,0.3,0.4,experimental,exp_91,"{""durations"":[1000,1500,1000,1500],""alternatives"":[""all"",""all"",""all"",""all""],""attributes"":[""m"",""p"",""m"",""p""]}",0,0.5,0.3,1920,1080,"""","""","""","""","""","""",2021-06-16 16:45:48,,"Mozilla/5.0 (Windows NT 10.0; Win64; x64) AppleWebKit/537.36 (KHTML, like Gecko) Chrome/91.0.4472.106 Safari/537.36",WebKit,Chrome,91.0.4472.106,Windows,10.0
36,248,1,"""","""","""","""","""",html-keyboard-response,36,552588,0.0-12.0-1.0-1.5,main,29KKCMFL,1920,1080,exp_98,0.262294910469391,4.9,,"<p style=""font-size:40px;"">+</p>",,"""","""","""","""","[{""x"":1127,""y"":558,""t"":-15},{""x"":1177,""y"":584,""t"":0},{""x"":1283,""y"":645,""t"":98},{""x"":1351,""y"":625,""t"":112},{""x"":1378,""y"":624,""t"":194},{""x"":1398,""y"":624,""t"":210},{""x"":1348,""y"":537,""t"":293},{""x"":1356,""y"":497,""t"":309},{""x"":1304,""y"":482,""t"":393},{""x"":1259,""y"":470,""t"":408}]",{},"""","""","""","""","""","""","""","""","""","""","""","""","""","""","""","""","""","""","""","""","""","""","""",2021-06-16 16:45:48,,"Mozilla/5.0 (Windows NT 10.0; Win64; x64) AppleWebKit/537.36 (KHTML, like Gecko) Chrome/91.0.4472.106 Safari/537.36",WebKit,Chrome,91.0.4472.106,Windows,10.0
37,248,1,"""","""","""","""","""",two-gamble-sequence,37,558918,0.0-12.0-1.0-2.5,main,29KKCMFL,1920,1080,exp_98,0.262294910469391,4.9,581.6999999284744,"""","""","""","""","""","""","[{""x"":1122,""y"":460,""t"":-25},{""x"":1058,""y"":455,""t"":0},{""x"":1006,""y"":453,""t"":74},{""x"":1034,""y"":496,""t"":177},{""x"":1081,""y"":534,""t"":232},{""x"":1124,""y"":567,""t"":248},{""x"":1177,""y"":592,""t"":331},{""x"":1111,""y"":577,""t"":346},{""x"":1085,""y"":555,""t"":429},{""x"":1172,""y"":586,""t"":443},{""x"":1251,""y"":606,""t"":526},{""x"":1318,""y"":622,""t"":545},{""x"":1389,""y"":627,""t"":630},{""x"":1446,""y"":618,""t"":648},{""x"":1559,""y"":628,""t"":729},{""x"":1677,""y"":620,""t"":785},{""x"":1757,""y"":613,""t"":837},{""x"":1818,""y"":606,""t"":852},{""x"":1819,""y"":574,""t"":934},{""x"":1853,""y"":562,""t"":953},{""x"":1914,""y"":584,""t"":1034},{""x"":1961,""y"":603,""t"":1055},{""x"":1909,""y"":597,""t"":1135},{""x"":1897,""y"":630,""t"":1188},{""x"":1883,""y"":657,""t"":1202},{""x"":1781,""y"":616,""t"":1286},{""x"":1693,""y"":580,""t"":1302},{""x"":1614,""y"":549,""t"":1386},{""x"":1549,""y"":524,""t"":1403},{""x"":1487,""y"":475,""t"":1486},{""x"":1438,""y"":436,""t"":1503},{""x"":1450,""y"":456,""t"":1588},{""x"":1464,""y"":476,""t"":1604},{""x"":1338,""y"":440,""t"":1684},{""x"":1217,""y"":376,""t"":1700},{""x"":988,""y"":329,""t"":1785},{""x"":808,""y"":283,""t"":1803},{""x"":672,""y"":253,""t"":1884},{""x"":541,""y"":253,""t"":1937},{""x"":435,""y"":272,""t"":1952},{""x"":408,""y"":278,""t"":2001},{""x"":396,""y"":285,""t"":2047},{""x"":394,""y"":280,""t"":2131},{""x"":400,""y"":278,""t"":2148},{""x"":448,""y"":289,""t"":2231},{""x"":495,""y"":299,""t"":2246},{""x"":589,""y"":334,""t"":2333},{""x"":653,""y"":334,""t"":2347},{""x"":709,""y"":345,""t"":2428},{""x"":750,""y"":337,""t"":2484},{""x"":746,""y"":330,""t"":2538},{""x"":703,""y"":347,""t"":2552},{""x"":625,""y"":324,""t"":2639},{""x"":558,""y"":305,""t"":2654},{""x"":569,""y"":317,""t"":2739},{""x"":557,""y"":328,""t"":2755},{""x"":516,""y"":345,""t"":2839},{""x"":489,""y"":360,""t"":2857},{""x"":509,""y"":348,""t"":2942},{""x"":528,""y"":337,""t"":2958},{""x"":743,""y"":330,""t"":3040},{""x"":875,""y"":329,""t"":3096},{""x"":992,""y"":328,""t"":3152},{""x"":1072,""y"":377,""t"":3167},{""x"":1206,""y"":452,""t"":3251},{""x"":1240,""y"":461,""t"":3266},{""x"":1307,""y"":443,""t"":3350},{""x"":1358,""y"":427,""t"":3366},{""x"":1399,""y"":410,""t"":3449},{""x"":1426,""y"":394,""t"":3468},{""x"":1494,""y"":452,""t"":3552},{""x"":1545,""y"":500,""t"":3570},{""x"":1596,""y"":540,""t"":3655},{""x"":1633,""y"":572,""t"":3672},{""x"":1657,""y"":610,""t"":3756},{""x"":1627,""y"":649,""t"":3774},{""x"":1621,""y"":699,""t"":3860},{""x"":1612,""y"":739,""t"":3876},{""x"":1537,""y"":757,""t"":3961},{""x"":1470,""y"":769,""t"":3978},{""x"":1271,""y"":686,""t"":4062},{""x"":1083,""y"":593,""t"":4116},{""x"":924,""y"":536,""t"":4174},{""x"":795,""y"":489,""t"":4188},{""x"":698,""y"":454,""t"":4271},{""x"":624,""y"":426,""t"":4286},{""x"":577,""y"":343,""t"":4372},{""x"":601,""y"":336,""t"":4387},{""x"":567,""y"":308,""t"":4469},{""x"":552,""y"":322,""t"":4489},{""x"":461,""y"":265,""t"":4571},{""x"":417,""y"":235,""t"":4591},{""x"":373,""y"":222,""t"":4675},{""x"":327,""y"":213,""t"":4693},{""x"":350,""y"":190,""t"":4779},{""x"":376,""y"":173,""t"":4797},{""x"":461,""y"":181,""t"":4879},{""x"":537,""y"":191,""t"":4897},{""x"":608,""y"":201,""t"":4984},{""x"":668,""y"":211,""t"":4998},{""x"":657,""y"":212,""t"":5082},{""x"":624,""y"":209,""t"":5100},{""x"":540,""y"":220,""t"":5185},{""x"":468,""y"":230,""t"":5204},{""x"":425,""y"":232,""t"":5287},{""x"":391,""y"":234,""t"":5306},{""x"":457,""y"":284,""t"":5390},{""x"":471,""y"":285,""t"":5407},{""x"":506,""y"":325,""t"":5494},{""x"":537,""y"":359,""t"":5509},{""x"":548,""y"":379,""t"":5593},{""x"":557,""y"":395,""t"":5611},{""x"":593,""y"":401,""t"":5696},{""x"":624,""y"":403,""t"":5714},{""x"":781,""y"":420,""t"":5803},{""x"":831,""y"":454,""t"":5817},{""x"":905,""y"":459,""t"":5902},{""x"":963,""y"":461,""t"":5918},{""x"":889,""y"":396,""t"":6003},{""x"":822,""y"":339,""t"":6019},{""x"":781,""y"":267,""t"":6104},{""x"":746,""y"":206,""t"":6121},{""x"":683,""y"":190,""t"":6205},{""x"":613,""y"":167,""t"":6223}]",{},f,0.32,0.5,0.22,0.37,0.22,0.32,0.37,0.5,experimental,catch_8,"{""durations"":[1250,1250,1250,1250],""attributes"":[""all"",""all"",""all"",""all""],""alternatives"":[0,1,0,1]}",1,0.32,0.5,1920,1080,"""","""","""","""","""","""",2021-06-16 16:45:48,,"Mozilla/5.0 (Windows NT 10.0; Win64; x64) AppleWebKit/537.36 (KHTML, like Gecko) Chrome/91.0.4472.106 Safari/537.36",WebKit,Chrome,91.0.4472.106,Windows,10.0
38,248,1,"""","""","""","""","""",html-keyboard-response,38,559434,0.0-12.0-1.0-1.6,main,29KKCMFL,1920,1080,exp_98,0.262294910469391,4.9,,"<p style=""font-size:40px;"">+</p>",,"""","""","""","""","[{""x"":799,""y"":191,""t"":-17},{""x"":960,""y"":214,""t"":0},{""x"":1121,""y"":274,""t"":100},{""x"":1254,""y"":326,""t"":114},{""x"":1387,""y"":370,""t"":198},{""x"":1493,""y"":406,""t"":214},{""x"":1516,""y"":479,""t"":297},{""x"":1528,""y"":540,""t"":311},{""x"":1488,""y"":564,""t"":397},{""x"":1426,""y"":526,""t"":411}]",{},"""","""","""","""","""","""","""","""","""","""","""","""","""","""","""","""","""","""","""","""","""","""","""",2021-06-16 16:45:48,,"Mozilla/5.0 (Windows NT 10.0; Win64; x64) AppleWebKit/537.36 (KHTML, like Gecko) Chrome/91.0.4472.106 Safari/537.36",WebKit,Chrome,91.0.4472.106,Windows,10.0
39,248,1,"""","""","""","""","""",two-gamble-sequence,39,565831,0.0-12.0-1.0-2.6,main,29KKCMFL,1920,1080,exp_98,0.262294910469391,4.9,715,"""","""","""","""","""","""","[{""x"":1342,""y"":518,""t"":-25},{""x"":1351,""y"":565,""t"":0},{""x"":1272,""y"":522,""t"":104},{""x"":1210,""y"":548,""t"":179},{""x"":1138,""y"":544,""t"":240},{""x"":1108,""y"":552,""t"":301},{""x"":1085,""y"":557,""t"":316},{""x"":1058,""y"":578,""t"":396},{""x"":1037,""y"":594,""t"":413},{""x"":1039,""y"":567,""t"":496},{""x"":1042,""y"":543,""t"":511},{""x"":1042,""y"":514,""t"":598},{""x"":1043,""y"":489,""t"":614},{""x"":1101,""y"":469,""t"":696},{""x"":1151,""y"":452,""t"":716},{""x"":1187,""y"":419,""t"":796},{""x"":1217,""y"":392,""t"":817},{""x"":1061,""y"":310,""t"":902},{""x"":927,""y"":243,""t"":918},{""x"":817,""y"":249,""t"":1002},{""x"":726,""y"":258,""t"":1020},{""x"":909,""y"":306,""t"":1106},{""x"":1056,""y"":329,""t"":1122},{""x"":1253,""y"":362,""t"":1206},{""x"":1375,""y"":410,""t"":1225},{""x"":1473,""y"":420,""t"":1313},{""x"":1551,""y"":428,""t"":1330},{""x"":1578,""y"":404,""t"":1412},{""x"":1619,""y"":396,""t"":1428},{""x"":1619,""y"":442,""t"":1511},{""x"":1613,""y"":481,""t"":1530},{""x"":1569,""y"":530,""t"":1615},{""x"":1528,""y"":570,""t"":1633},{""x"":1565,""y"":630,""t"":1716},{""x"":1521,""y"":621,""t"":1735},{""x"":1500,""y"":623,""t"":1820},{""x"":1472,""y"":592,""t"":1837},{""x"":1517,""y"":610,""t"":1917},{""x"":1511,""y"":589,""t"":1972},{""x"":1539,""y"":589,""t"":1986},{""x"":1397,""y"":558,""t"":2069},{""x"":1278,""y"":515,""t"":2083},{""x"":1200,""y"":505,""t"":2166},{""x"":1065,""y"":470,""t"":2180},{""x"":948,""y"":426,""t"":2260},{""x"":820,""y"":399,""t"":2279},{""x"":689,""y"":361,""t"":2363},{""x"":586,""y"":331,""t"":2381},{""x"":464,""y"":300,""t"":2464},{""x"":370,""y"":276,""t"":2483},{""x"":381,""y"":291,""t"":2566},{""x"":400,""y"":306,""t"":2585},{""x"":474,""y"":299,""t"":2670},{""x"":544,""y"":294,""t"":2687},{""x"":543,""y"":285,""t"":2768},{""x"":544,""y"":279,""t"":2789},{""x"":542,""y"":317,""t"":2872},{""x"":542,""y"":350,""t"":2891},{""x"":515,""y"":327,""t"":2977},{""x"":494,""y"":307,""t"":2993},{""x"":480,""y"":340,""t"":3078},{""x"":470,""y"":368,""t"":3095},{""x"":449,""y"":364,""t"":3178},{""x"":432,""y"":360,""t"":3197},{""x"":433,""y"":358,""t"":3280},{""x"":426,""y"":350,""t"":3299},{""x"":481,""y"":369,""t"":3382},{""x"":530,""y"":386,""t"":3401},{""x"":571,""y"":374,""t"":3484},{""x"":605,""y"":363,""t"":3503},{""x"":584,""y"":348,""t"":3584},{""x"":573,""y"":351,""t"":3604},{""x"":654,""y"":395,""t"":3689},{""x"":723,""y"":432,""t"":3707},{""x"":796,""y"":448,""t"":3790},{""x"":855,""y"":461,""t"":3808},{""x"":901,""y"":474,""t"":3890},{""x"":934,""y"":480,""t"":3946},{""x"":919,""y"":440,""t"":3999},{""x"":886,""y"":398,""t"":4014},{""x"":891,""y"":381,""t"":4098},{""x"":892,""y"":367,""t"":4114},{""x"":941,""y"":406,""t"":4199},{""x"":981,""y"":440,""t"":4216},{""x"":1077,""y"":470,""t"":4302},{""x"":1156,""y"":494,""t"":4319},{""x"":1263,""y"":517,""t"":4402},{""x"":1258,""y"":490,""t"":4457},{""x"":1252,""y"":447,""t"":4512},{""x"":1242,""y"":410,""t"":4527},{""x"":1231,""y"":385,""t"":4610},{""x"":1219,""y"":364,""t"":4626},{""x"":1070,""y"":326,""t"":4710},{""x"":941,""y"":295,""t"":4726},{""x"":895,""y"":254,""t"":4812},{""x"":859,""y"":221,""t"":4828},{""x"":836,""y"":221,""t"":4909},{""x"":831,""y"":231,""t"":4964},{""x"":826,""y"":236,""t"":4978},{""x"":851,""y"":246,""t"":5063},{""x"":840,""y"":253,""t"":5077},{""x"":838,""y"":289,""t"":5166},{""x"":838,""y"":320,""t"":5180},{""x"":841,""y"":347,""t"":5265},{""x"":846,""y"":369,""t"":5281},{""x"":862,""y"":340,""t"":5365},{""x"":876,""y"":314,""t"":5380},{""x"":920,""y"":365,""t"":5465},{""x"":930,""y"":340,""t"":5480},{""x"":949,""y"":387,""t"":5563},{""x"":958,""y"":378,""t"":5578},{""x"":939,""y"":398,""t"":5665},{""x"":973,""y"":441,""t"":5680},{""x"":1067,""y"":481,""t"":5762},{""x"":1224,""y"":470,""t"":5780},{""x"":1179,""y"":399,""t"":5864},{""x"":1136,""y"":337,""t"":5882},{""x"":1105,""y"":288,""t"":5971},{""x"":1009,""y"":271,""t"":5985},{""x"":806,""y"":218,""t"":6070},{""x"":689,""y"":193,""t"":6087},{""x"":638,""y"":204,""t"":6172},{""x"":573,""y"":176,""t"":6189},{""x"":578,""y"":222,""t"":6271},{""x"":588,""y"":263,""t"":6291}]",{},f,0.72,0.42000000000000004,0.51,0.52,0.72,0.51,0.42000000000000004,0.52,experimental,exp_67,"{""durations"":[1000,1500,1000,1500],""alternatives"":[""all"",""all"",""all"",""all""],""attributes"":[""m"",""p"",""m"",""p""]}",0,0.72,0.42000000000000004,1920,1080,"""","""","""","""","""","""",2021-06-16 16:45:48,,"Mozilla/5.0 (Windows NT 10.0; Win64; x64) AppleWebKit/537.36 (KHTML, like Gecko) Chrome/91.0.4472.106 Safari/537.36",WebKit,Chrome,91.0.4472.106,Windows,10.0
40,248,1,"""","""","""","""","""",html-keyboard-response,40,566340,0.0-12.0-1.0-1.7,main,29KKCMFL,1920,1080,exp_98,0.262294910469391,4.9,,"<p style=""font-size:40px;"">+</p>",,"""","""","""","""","[{""x"":677,""y"":253,""t"":-15},{""x"":757,""y"":245,""t"":0},{""x"":806,""y"":287,""t"":95},{""x"":847,""y"":323,""t"":111},{""x"":924,""y"":359,""t"":196},{""x"":1004,""y"":371,""t"":211},{""x"":1035,""y"":403,""t"":299},{""x"":1057,""y"":428,""t"":314},{""x"":1127,""y"":474,""t"":394},{""x"":1183,""y"":512,""t"":409}]",{},"""","""","""","""","""","""","""","""","""","""","""","""","""","""","""","""","""","""","""","""","""","""","""",2021-06-16 16:45:48,,"Mozilla/5.0 (Windows NT 10.0; Win64; x64) AppleWebKit/537.36 (KHTML, like Gecko) Chrome/91.0.4472.106 Safari/537.36",WebKit,Chrome,91.0.4472.106,Windows,10.0
41,248,1,"""","""","""","""","""",two-gamble-sequence,41,573083,0.0-12.0-1.0-2.7,main,29KKCMFL,1920,1080,exp_98,0.262294910469391,4.9,1084.3999999761581,"""","""","""","""","""","""","[{""x"":1149,""y"":521,""t"":-27},{""x"":1218,""y"":565,""t"":0},{""x"":1270,""y"":606,""t"":104},{""x"":1251,""y"":633,""t"":139},{""x"":1228,""y"":634,""t"":223},{""x"":1205,""y"":632,""t"":240},{""x"":1144,""y"":649,""t"":320},{""x"":1091,""y"":661,""t"":341},{""x"":1051,""y"":630,""t"":424},{""x"":1018,""y"":602,""t"":443},{""x"":1105,""y"":603,""t"":525},{""x"":1181,""y"":603,""t"":545},{""x"":1215,""y"":592,""t"":629},{""x"":1219,""y"":598,""t"":647},{""x"":1295,""y"":627,""t"":727},{""x"":1237,""y"":619,""t"":782},{""x"":1174,""y"":599,""t"":797},{""x"":1076,""y"":554,""t"":849},{""x"":993,""y"":516,""t"":897},{""x"":934,""y"":477,""t"":979},{""x"":886,""y"":445,""t"":996},{""x"":872,""y"":459,""t"":1080},{""x"":864,""y"":472,""t"":1096},{""x"":842,""y"":472,""t"":1178},{""x"":827,""y"":473,""t"":1194},{""x"":787,""y"":488,""t"":1276},{""x"":757,""y"":501,""t"":1292},{""x"":729,""y"":535,""t"":1373},{""x"":708,""y"":563,""t"":1395},{""x"":646,""y"":577,""t"":1476},{""x"":597,""y"":588,""t"":1496},{""x"":744,""y"":592,""t"":1580},{""x"":872,""y"":593,""t"":1599},{""x"":977,""y"":594,""t"":1682},{""x"":1047,""y"":599,""t"":1735},{""x"":1182,""y"":592,""t"":1793},{""x"":1293,""y"":586,""t"":1807},{""x"":1341,""y"":597,""t"":1890},{""x"":1418,""y"":599,""t"":1905},{""x"":1317,""y"":583,""t"":1986},{""x"":1253,""y"":516,""t"":2040},{""x"":1238,""y"":452,""t"":2056},{""x"":1274,""y"":527,""t"":2104},{""x"":1332,""y"":533,""t"":2153},{""x"":1220,""y"":457,""t"":2236},{""x"":1164,""y"":365,""t"":2252},{""x"":1042,""y"":348,""t"":2335},{""x"":902,""y"":273,""t"":2350},{""x"":796,""y"":238,""t"":2434},{""x"":684,""y"":185,""t"":2449},{""x"":612,""y"":178,""t"":2530},{""x"":753,""y"":270,""t"":2585},{""x"":832,""y"":296,""t"":2642},{""x"":901,""y"":350,""t"":2661},{""x"":1032,""y"":391,""t"":2753},{""x"":1143,""y"":425,""t"":2768},{""x"":1273,""y"":484,""t"":2851},{""x"":1320,""y"":509,""t"":2867},{""x"":1361,""y"":517,""t"":2949},{""x"":1374,""y"":532,""t"":2964},{""x"":1422,""y"":545,""t"":3051},{""x"":1420,""y"":547,""t"":3066},{""x"":1484,""y"":574,""t"":3150},{""x"":1535,""y"":595,""t"":3167},{""x"":1317,""y"":505,""t"":3257},{""x"":1128,""y"":427,""t"":3272},{""x"":985,""y"":357,""t"":3357},{""x"":866,""y"":299,""t"":3372},{""x"":814,""y"":279,""t"":3456},{""x"":775,""y"":265,""t"":3473},{""x"":862,""y"":337,""t"":3557},{""x"":1007,""y"":464,""t"":3572},{""x"":1146,""y"":468,""t"":3654},{""x"":1292,""y"":515,""t"":3673},{""x"":1465,""y"":575,""t"":3757},{""x"":1608,""y"":624,""t"":3776},{""x"":1702,""y"":681,""t"":3861},{""x"":1774,""y"":726,""t"":3878},{""x"":1826,""y"":748,""t"":3964},{""x"":1863,""y"":763,""t"":3979},{""x"":1845,""y"":747,""t"":4068},{""x"":1822,""y"":731,""t"":4087},{""x"":1704,""y"":723,""t"":4172},{""x"":1545,""y"":644,""t"":4187},{""x"":1390,""y"":498,""t"":4271},{""x"":1187,""y"":399,""t"":4287},{""x"":1081,""y"":369,""t"":4371},{""x"":960,""y"":329,""t"":4387},{""x"":844,""y"":253,""t"":4471},{""x"":753,""y"":193,""t"":4490},{""x"":680,""y"":159,""t"":4575},{""x"":598,""y"":146,""t"":4590},{""x"":566,""y"":207,""t"":4677},{""x"":514,""y"":213,""t"":4694},{""x"":617,""y"":276,""t"":4776},{""x"":712,""y"":331,""t"":4795},{""x"":794,""y"":344,""t"":4880},{""x"":964,""y"":375,""t"":4898},{""x"":1087,""y"":401,""t"":4980},{""x"":1130,""y"":410,""t"":4998},{""x"":1207,""y"":422,""t"":5084},{""x"":1268,""y"":431,""t"":5100},{""x"":1328,""y"":441,""t"":5189},{""x"":1374,""y"":448,""t"":5205},{""x"":1394,""y"":475,""t"":5289},{""x"":1422,""y"":468,""t"":5305},{""x"":1399,""y"":502,""t"":5386},{""x"":1303,""y"":505,""t"":5441},{""x"":1113,""y"":487,""t"":5501},{""x"":1034,""y"":511,""t"":5515},{""x"":976,""y"":502,""t"":5598},{""x"":958,""y"":515,""t"":5614},{""x"":963,""y"":571,""t"":5699},{""x"":925,""y"":590,""t"":5714},{""x"":1053,""y"":550,""t"":5798},{""x"":1165,""y"":514,""t"":5814},{""x"":1181,""y"":463,""t"":5897},{""x"":1198,""y"":415,""t"":5953},{""x"":1205,""y"":413,""t"":6017},{""x"":1255,""y"":448,""t"":6033},{""x"":1239,""y"":453,""t"":6116},{""x"":1220,""y"":444,""t"":6132},{""x"":1170,""y"":444,""t"":6221},{""x"":1127,""y"":445,""t"":6235},{""x"":978,""y"":366,""t"":6320},{""x"":951,""y"":312,""t"":6336},{""x"":904,""y"":285,""t"":6421},{""x"":868,""y"":265,""t"":6437},{""x"":795,""y"":220,""t"":6519},{""x"":737,""y"":184,""t"":6534},{""x"":805,""y"":227,""t"":6620},{""x"":779,""y"":197,""t"":6635}]",{},f,0.3,0.2,0.17,0.3,0.3,0.17,0.2,0.3,experimental,exp_25,"{""durations"":[1500,1000,1500,1000],""alternatives"":[""all"",""all"",""all"",""all""],""attributes"":[""p"",""m"",""p"",""m""]}",0,0.3,0.2,1920,1080,"""","""","""","""","""","""",2021-06-16 16:45:48,,"Mozilla/5.0 (Windows NT 10.0; Win64; x64) AppleWebKit/537.36 (KHTML, like Gecko) Chrome/91.0.4472.106 Safari/537.36",WebKit,Chrome,91.0.4472.106,Windows,10.0
42,248,1,"""","""","""","""","""",html-keyboard-response,42,573595,0.0-12.0-1.0-1.8,main,29KKCMFL,1920,1080,exp_98,0.262294910469391,4.9,,"<p style=""font-size:40px;"">+</p>",,"""","""","""","""","[{""x"":937,""y"":278,""t"":-16},{""x"":990,""y"":278,""t"":0},{""x"":1110,""y"":321,""t"":95},{""x"":1212,""y"":357,""t"":110},{""x"":1209,""y"":399,""t"":192},{""x"":1205,""y"":442,""t"":208},{""x"":1137,""y"":489,""t"":295},{""x"":1181,""y"":522,""t"":312},{""x"":1235,""y"":555,""t"":396},{""x"":1256,""y"":572,""t"":411}]",{},"""","""","""","""","""","""","""","""","""","""","""","""","""","""","""","""","""","""","""","""","""","""","""",2021-06-16 16:45:48,,"Mozilla/5.0 (Windows NT 10.0; Win64; x64) AppleWebKit/537.36 (KHTML, like Gecko) Chrome/91.0.4472.106 Safari/537.36",WebKit,Chrome,91.0.4472.106,Windows,10.0
43,248,1,"""","""","""","""","""",two-gamble-sequence,43,579894,0.0-12.0-1.0-2.8,main,29KKCMFL,1920,1080,exp_98,0.262294910469391,4.9,617.8000000715256,"""","""","""","""","""","""","[{""x"":1239,""y"":607,""t"":-27},{""x"":1221,""y"":633,""t"":0},{""x"":1255,""y"":665,""t"":88},{""x"":1282,""y"":689,""t"":107},{""x"":1285,""y"":712,""t"":219},{""x"":1246,""y"":738,""t"":239},{""x"":1232,""y"":726,""t"":325},{""x"":1220,""y"":740,""t"":341},{""x"":1240,""y"":743,""t"":426},{""x"":1256,""y"":744,""t"":444},{""x"":1316,""y"":755,""t"":526},{""x"":1415,""y"":761,""t"":579},{""x"":1447,""y"":773,""t"":636},{""x"":1523,""y"":780,""t"":651},{""x"":1548,""y"":800,""t"":738},{""x"":1602,""y"":802,""t"":754},{""x"":1603,""y"":815,""t"":838},{""x"":1601,""y"":824,""t"":852},{""x"":1595,""y"":836,""t"":936},{""x"":1586,""y"":845,""t"":954},{""x"":1439,""y"":777,""t"":1037},{""x"":1311,""y"":718,""t"":1056},{""x"":1218,""y"":680,""t"":1136},{""x"":1102,""y"":631,""t"":1190},{""x"":1008,""y"":591,""t"":1205},{""x"":929,""y"":552,""t"":1288},{""x"":869,""y"":522,""t"":1305},{""x"":709,""y"":452,""t"":1389},{""x"":722,""y"":450,""t"":1404},{""x"":680,""y"":391,""t"":1486},{""x"":621,""y"":396,""t"":1502},{""x"":547,""y"":313,""t"":1587},{""x"":526,""y"":295,""t"":1603},{""x"":453,""y"":210,""t"":1684},{""x"":454,""y"":128,""t"":1701},{""x"":404,""y"":119,""t"":1786},{""x"":341,""y"":92,""t"":1802},{""x"":586,""y"":105,""t"":1884},{""x"":695,""y"":124,""t"":1904},{""x"":801,""y"":163,""t"":1987},{""x"":1077,""y"":263,""t"":2039},{""x"":1309,""y"":349,""t"":2053},{""x"":1323,""y"":368,""t"":2134},{""x"":1326,""y"":381,""t"":2149},{""x"":1205,""y"":337,""t"":2231},{""x"":1095,""y"":297,""t"":2247},{""x"":1150,""y"":329,""t"":2328},{""x"":1211,""y"":353,""t"":2346},{""x"":1272,""y"":397,""t"":2425},{""x"":1293,""y"":415,""t"":2478},{""x"":1334,""y"":434,""t"":2493},{""x"":1474,""y"":469,""t"":2575},{""x"":1589,""y"":497,""t"":2591},{""x"":1567,""y"":508,""t"":2676},{""x"":1495,""y"":508,""t"":2691},{""x"":1292,""y"":428,""t"":2781},{""x"":1117,""y"":359,""t"":2797},{""x"":1001,""y"":302,""t"":2880},{""x"":881,""y"":284,""t"":2896},{""x"":777,""y"":251,""t"":2981},{""x"":626,""y"":231,""t"":2996},{""x"":494,""y"":224,""t"":3083},{""x"":390,""y"":221,""t"":3097},{""x"":336,""y"":243,""t"":3182},{""x"":299,""y"":263,""t"":3198},{""x"":262,""y"":289,""t"":3282},{""x"":238,""y"":310,""t"":3299},{""x"":398,""y"":388,""t"":3382},{""x"":598,""y"":457,""t"":3400},{""x"":805,""y"":469,""t"":3485},{""x"":980,""y"":477,""t"":3503},{""x"":1134,""y"":512,""t"":3584},{""x"":1262,""y"":537,""t"":3638},{""x"":1268,""y"":475,""t"":3653},{""x"":1190,""y"":381,""t"":3702},{""x"":1071,""y"":274,""t"":3753},{""x"":969,""y"":212,""t"":3841},{""x"":883,""y"":162,""t"":3858},{""x"":886,""y"":192,""t"":3909},{""x"":956,""y"":220,""t"":3961},{""x"":1042,""y"":282,""t"":4010},{""x"":1105,""y"":324,""t"":4062},{""x"":1162,""y"":357,""t"":4111},{""x"":1207,""y"":385,""t"":4160},{""x"":1092,""y"":334,""t"":4245},{""x"":991,""y"":290,""t"":4260},{""x"":930,""y"":230,""t"":4346},{""x"":879,""y"":181,""t"":4362},{""x"":844,""y"":188,""t"":4447},{""x"":736,""y"":158,""t"":4461},{""x"":664,""y"":189,""t"":4549},{""x"":613,""y"":211,""t"":4564},{""x"":501,""y"":245,""t"":4647},{""x"":411,""y"":275,""t"":4663},{""x"":407,""y"":277,""t"":4745},{""x"":409,""y"":278,""t"":4762},{""x"":562,""y"":296,""t"":4850},{""x"":696,""y"":311,""t"":4865},{""x"":767,""y"":342,""t"":4950},{""x"":865,""y"":373,""t"":4966},{""x"":927,""y"":421,""t"":5052},{""x"":976,""y"":460,""t"":5066},{""x"":1002,""y"":496,""t"":5150},{""x"":993,""y"":474,""t"":5170},{""x"":1008,""y"":482,""t"":5252},{""x"":1027,""y"":483,""t"":5271},{""x"":1043,""y"":493,""t"":5355},{""x"":951,""y"":466,""t"":5373},{""x"":968,""y"":472,""t"":5457},{""x"":876,""y"":436,""t"":5475},{""x"":903,""y"":446,""t"":5558},{""x"":835,""y"":413,""t"":5576},{""x"":1019,""y"":389,""t"":5660},{""x"":1098,""y"":378,""t"":5680},{""x"":1102,""y"":378,""t"":5768},{""x"":1108,""y"":362,""t"":5784},{""x"":1030,""y"":353,""t"":5871},{""x"":961,""y"":346,""t"":5888},{""x"":856,""y"":300,""t"":5974},{""x"":768,""y"":262,""t"":5990},{""x"":800,""y"":272,""t"":6074},{""x"":799,""y"":233,""t"":6089},{""x"":789,""y"":201,""t"":6173},{""x"":782,""y"":175,""t"":6189}]",{},f,0.72,0.4,0.48,0.18,0.48,0.72,0.18,0.4,experimental,catch_9,"{""durations"":[1250,1250,1250,1250],""attributes"":[""p"",""m"",""p"",""m""],""alternatives"":[""all"",""all"",""all"",""all""]}",1,0.72,0.4,1920,1080,"""","""","""","""","""","""",2021-06-16 16:45:48,,"Mozilla/5.0 (Windows NT 10.0; Win64; x64) AppleWebKit/537.36 (KHTML, like Gecko) Chrome/91.0.4472.106 Safari/537.36",WebKit,Chrome,91.0.4472.106,Windows,10.0
44,248,1,"""","""","""","""","""",html-keyboard-response,44,580408,0.0-12.0-1.0-1.9,main,29KKCMFL,1920,1080,exp_98,0.262294910469391,4.9,,"<p style=""font-size:40px;"">+</p>",,"""","""","""","""","[{""x"":891,""y"":235,""t"":-17},{""x"":940,""y"":257,""t"":0},{""x"":1049,""y"":296,""t"":97},{""x"":1140,""y"":330,""t"":112},{""x"":1174,""y"":371,""t"":195},{""x"":1173,""y"":398,""t"":211},{""x"":1188,""y"":420,""t"":295},{""x"":1234,""y"":451,""t"":310},{""x"":1220,""y"":493,""t"":394},{""x"":1205,""y"":526,""t"":408}]",{},"""","""","""","""","""","""","""","""","""","""","""","""","""","""","""","""","""","""","""","""","""","""","""",2021-06-16 16:45:48,,"Mozilla/5.0 (Windows NT 10.0; Win64; x64) AppleWebKit/537.36 (KHTML, like Gecko) Chrome/91.0.4472.106 Safari/537.36",WebKit,Chrome,91.0.4472.106,Windows,10.0
45,248,1,"""","""","""","""","""",two-gamble-sequence,45,586968,0.0-12.0-1.0-2.9,main,29KKCMFL,1920,1080,exp_98,0.262294910469391,4.9,834.1000000238419,"""","""","""","""","""","""","[{""x"":1182,""y"":562,""t"":-29},{""x"":1161,""y"":591,""t"":0},{""x"":1162,""y"":636,""t"":98},{""x"":1163,""y"":672,""t"":122},{""x"":1131,""y"":680,""t"":234},{""x"":1114,""y"":637,""t"":250},{""x"":1116,""y"":631,""t"":334},{""x"":1118,""y"":624,""t"":351},{""x"":1240,""y"":610,""t"":432},{""x"":1394,""y"":610,""t"":447},{""x"":1491,""y"":611,""t"":530},{""x"":1570,""y"":611,""t"":545},{""x"":1579,""y"":594,""t"":627},{""x"":1604,""y"":571,""t"":648},{""x"":1612,""y"":570,""t"":730},{""x"":1605,""y"":609,""t"":784},{""x"":1579,""y"":652,""t"":841},{""x"":1546,""y"":661,""t"":856},{""x"":1576,""y"":671,""t"":939},{""x"":1600,""y"":678,""t"":954},{""x"":1615,""y"":692,""t"":1038},{""x"":1617,""y"":726,""t"":1055},{""x"":1623,""y"":725,""t"":1141},{""x"":1627,""y"":723,""t"":1158},{""x"":1637,""y"":676,""t"":1238},{""x"":1644,""y"":635,""t"":1259},{""x"":1640,""y"":603,""t"":1339},{""x"":1593,""y"":568,""t"":1392},{""x"":1551,""y"":538,""t"":1407},{""x"":1553,""y"":497,""t"":1491},{""x"":1555,""y"":464,""t"":1507},{""x"":1464,""y"":451,""t"":1594},{""x"":1387,""y"":441,""t"":1608},{""x"":1384,""y"":408,""t"":1694},{""x"":1436,""y"":416,""t"":1710},{""x"":1478,""y"":450,""t"":1794},{""x"":1514,""y"":481,""t"":1810},{""x"":1500,""y"":465,""t"":1892},{""x"":1583,""y"":511,""t"":1906},{""x"":1357,""y"":463,""t"":1991},{""x"":1163,""y"":422,""t"":2006},{""x"":1005,""y"":330,""t"":2089},{""x"":876,""y"":252,""t"":2108},{""x"":725,""y"":203,""t"":2191},{""x"":605,""y"":165,""t"":2210},{""x"":475,""y"":143,""t"":2292},{""x"":375,""y"":129,""t"":2313},{""x"":513,""y"":236,""t"":2398},{""x"":595,""y"":296,""t"":2414},{""x"":661,""y"":374,""t"":2498},{""x"":661,""y"":363,""t"":2516},{""x"":615,""y"":347,""t"":2603},{""x"":579,""y"":332,""t"":2618},{""x"":474,""y"":297,""t"":2702},{""x"":387,""y"":267,""t"":2720},{""x"":343,""y"":217,""t"":2800},{""x"":324,""y"":243,""t"":2822},{""x"":602,""y"":324,""t"":2906},{""x"":843,""y"":394,""t"":2925},{""x"":1046,""y"":457,""t"":3009},{""x"":1214,""y"":508,""t"":3027},{""x"":1366,""y"":557,""t"":3108},{""x"":1486,""y"":596,""t"":3129},{""x"":1572,""y"":623,""t"":3215},{""x"":1634,""y"":642,""t"":3232},{""x"":1681,""y"":666,""t"":3316},{""x"":1712,""y"":683,""t"":3333},{""x"":1716,""y"":708,""t"":3414},{""x"":1711,""y"":726,""t"":3435},{""x"":1659,""y"":693,""t"":3520},{""x"":1609,""y"":663,""t"":3537},{""x"":1615,""y"":667,""t"":3619},{""x"":1626,""y"":665,""t"":3674},{""x"":1637,""y"":670,""t"":3732},{""x"":1643,""y"":673,""t"":3748},{""x"":1479,""y"":630,""t"":3834},{""x"":1338,""y"":593,""t"":3850},{""x"":1172,""y"":543,""t"":3934},{""x"":1035,""y"":502,""t"":3951},{""x"":939,""y"":473,""t"":4036},{""x"":865,""y"":449,""t"":4051},{""x"":814,""y"":422,""t"":4139},{""x"":807,""y"":432,""t"":4155},{""x"":775,""y"":423,""t"":4240},{""x"":753,""y"":418,""t"":4256},{""x"":725,""y"":415,""t"":4341},{""x"":705,""y"":414,""t"":4356},{""x"":748,""y"":416,""t"":4442},{""x"":789,""y"":419,""t"":4456},{""x"":800,""y"":425,""t"":4541},{""x"":812,""y"":430,""t"":4557},{""x"":834,""y"":426,""t"":4640},{""x"":853,""y"":423,""t"":4659},{""x"":1012,""y"":473,""t"":4742},{""x"":1049,""y"":479,""t"":4760},{""x"":1191,""y"":530,""t"":4842},{""x"":1271,""y"":610,""t"":4862},{""x"":1264,""y"":571,""t"":4946},{""x"":1252,""y"":535,""t"":4964},{""x"":1160,""y"":500,""t"":5047},{""x"":1081,""y"":439,""t"":5066},{""x"":921,""y"":365,""t"":5154},{""x"":786,""y"":302,""t"":5171},{""x"":705,""y"":300,""t"":5259},{""x"":640,""y"":302,""t"":5273},{""x"":604,""y"":317,""t"":5358},{""x"":578,""y"":332,""t"":5372},{""x"":615,""y"":393,""t"":5455},{""x"":652,""y"":445,""t"":5474},{""x"":745,""y"":473,""t"":5557},{""x"":869,""y"":531,""t"":5611},{""x"":950,""y"":595,""t"":5668},{""x"":1001,""y"":599,""t"":5683},{""x"":1049,""y"":641,""t"":5766},{""x"":1061,""y"":641,""t"":5783},{""x"":1138,""y"":708,""t"":5866},{""x"":1170,""y"":748,""t"":5883},{""x"":1190,""y"":767,""t"":5972},{""x"":1155,""y"":699,""t"":5988},{""x"":1172,""y"":721,""t"":6074},{""x"":1184,""y"":738,""t"":6089},{""x"":1201,""y"":753,""t"":6176},{""x"":1213,""y"":764,""t"":6191},{""x"":1184,""y"":759,""t"":6276},{""x"":1175,""y"":747,""t"":6291},{""x"":1201,""y"":746,""t"":6375},{""x"":1222,""y"":744,""t"":6394},{""x"":1309,""y"":706,""t"":6475}]",{},j,0.79,0.2,0.7,0.32,0.79,0.7,0.2,0.32,experimental,exp_36,"{""durations"":[1500,1000,1500,1000],""alternatives"":[1,0,1,0],""attributes"":[""all"",""all"",""all"",""all""]}",1,0.7,0.32,1920,1080,"""","""","""","""","""","""",2021-06-16 16:45:48,,"Mozilla/5.0 (Windows NT 10.0; Win64; x64) AppleWebKit/537.36 (KHTML, like Gecko) Chrome/91.0.4472.106 Safari/537.36",WebKit,Chrome,91.0.4472.106,Windows,10.0
46,248,1,"""","""","""","""","""",html-keyboard-response,46,587479,0.0-12.0-1.0-1.10,main,29KKCMFL,1920,1080,exp_98,0.262294910469391,4.9,,"<p style=""font-size:40px;"">+</p>",,"""","""","""","""","[{""x"":1393,""y"":676,""t"":-52},{""x"":1395,""y"":589,""t"":0},{""x"":1450,""y"":554,""t"":94},{""x"":1466,""y"":525,""t"":109},{""x"":1422,""y"":507,""t"":195},{""x"":1477,""y"":528,""t"":211},{""x"":1465,""y"":478,""t"":294},{""x"":1415,""y"":449,""t"":310},{""x"":1373,""y"":399,""t"":394},{""x"":1367,""y"":414,""t"":410}]",{},"""","""","""","""","""","""","""","""","""","""","""","""","""","""","""","""","""","""","""","""","""","""","""",2021-06-16 16:45:48,,"Mozilla/5.0 (Windows NT 10.0; Win64; x64) AppleWebKit/537.36 (KHTML, like Gecko) Chrome/91.0.4472.106 Safari/537.36",WebKit,Chrome,91.0.4472.106,Windows,10.0
47,248,1,"""","""","""","""","""",two-gamble-sequence,47,593612,0.0-12.0-1.0-2.10,main,29KKCMFL,1920,1080,exp_98,0.262294910469391,4.9,404.5,"""","""","""","""","""","""","[{""x"":1288,""y"":368,""t"":-28},{""x"":1242,""y"":371,""t"":0},{""x"":1214,""y"":401,""t"":107},{""x"":1234,""y"":455,""t"":181},{""x"":1240,""y"":517,""t"":237},{""x"":1226,""y"":570,""t"":253},{""x"":1168,""y"":598,""t"":304},{""x"":1121,""y"":620,""t"":352},{""x"":1076,""y"":579,""t"":437},{""x"":999,""y"":523,""t"":454},{""x"":978,""y"":466,""t"":536},{""x"":895,""y"":380,""t"":551},{""x"":794,""y"":330,""t"":635},{""x"":691,""y"":299,""t"":649},{""x"":665,""y"":313,""t"":732},{""x"":649,""y"":327,""t"":749},{""x"":647,""y"":359,""t"":831},{""x"":557,""y"":333,""t"":886},{""x"":512,""y"":302,""t"":944},{""x"":478,""y"":277,""t"":958},{""x"":424,""y"":240,""t"":1039},{""x"":500,""y"":252,""t"":1055},{""x"":472,""y"":295,""t"":1139},{""x"":400,""y"":285,""t"":1158},{""x"":460,""y"":293,""t"":1241},{""x"":415,""y"":295,""t"":1259},{""x"":489,""y"":332,""t"":1341},{""x"":554,""y"":364,""t"":1361},{""x"":620,""y"":352,""t"":1442},{""x"":676,""y"":342,""t"":1462},{""x"":820,""y"":332,""t"":1542},{""x"":960,""y"":319,""t"":1564},{""x"":1029,""y"":284,""t"":1644},{""x"":1184,""y"":345,""t"":1699},{""x"":1309,""y"":398,""t"":1715},{""x"":1443,""y"":454,""t"":1796},{""x"":1548,""y"":500,""t"":1812},{""x"":1529,""y"":500,""t"":1897},{""x"":1523,""y"":540,""t"":1912},{""x"":1628,""y"":489,""t"":1993},{""x"":1710,""y"":444,""t"":2009},{""x"":1773,""y"":467,""t"":2094},{""x"":1819,""y"":487,""t"":2109},{""x"":1787,""y"":547,""t"":2196},{""x"":1838,""y"":622,""t"":2212},{""x"":1860,""y"":717,""t"":2304},{""x"":1873,""y"":794,""t"":2319},{""x"":1907,""y"":816,""t"":2400},{""x"":1931,""y"":829,""t"":2415},{""x"":1966,""y"":805,""t"":2498},{""x"":1901,""y"":757,""t"":2516},{""x"":1801,""y"":743,""t"":2598},{""x"":1713,""y"":729,""t"":2619},{""x"":1690,""y"":714,""t"":2700},{""x"":1594,""y"":658,""t"":2720},{""x"":1598,""y"":660,""t"":2807},{""x"":1504,""y"":606,""t"":2822},{""x"":1325,""y"":523,""t"":2910},{""x"":1225,""y"":429,""t"":2926},{""x"":1006,""y"":329,""t"":3007},{""x"":813,""y"":278,""t"":3026},{""x"":648,""y"":216,""t"":3113},{""x"":537,""y"":176,""t"":3128},{""x"":448,""y"":136,""t"":3213},{""x"":384,""y"":107,""t"":3230},{""x"":355,""y"":145,""t"":3315},{""x"":342,""y"":182,""t"":3333},{""x"":325,""y"":227,""t"":3417},{""x"":320,""y"":268,""t"":3435},{""x"":262,""y"":220,""t"":3515},{""x"":257,""y"":214,""t"":3568},{""x"":308,""y"":235,""t"":3583},{""x"":364,""y"":256,""t"":3670},{""x"":412,""y"":289,""t"":3688},{""x"":483,""y"":290,""t"":3738},{""x"":511,""y"":294,""t"":3790},{""x"":539,""y"":307,""t"":3841},{""x"":553,""y"":315,""t"":3892},{""x"":726,""y"":358,""t"":3941},{""x"":961,""y"":398,""t"":3992},{""x"":1149,""y"":460,""t"":4075},{""x"":1302,""y"":511,""t"":4090},{""x"":1357,""y"":534,""t"":4174},{""x"":1394,""y"":551,""t"":4188},{""x"":1493,""y"":569,""t"":4272},{""x"":1558,""y"":563,""t"":4288},{""x"":1607,""y"":581,""t"":4371},{""x"":1627,""y"":594,""t"":4387},{""x"":1612,""y"":614,""t"":4473},{""x"":1620,""y"":643,""t"":4489},{""x"":1730,""y"":652,""t"":4573},{""x"":1795,""y"":649,""t"":4592},{""x"":1708,""y"":628,""t"":4675},{""x"":1628,""y"":608,""t"":4693},{""x"":1575,""y"":577,""t"":4776},{""x"":1528,""y"":549,""t"":4795},{""x"":1428,""y"":494,""t"":4878},{""x"":1344,""y"":448,""t"":4897},{""x"":1190,""y"":384,""t"":4981},{""x"":1062,""y"":332,""t"":4999},{""x"":1005,""y"":292,""t"":5088},{""x"":1000,""y"":228,""t"":5103},{""x"":888,""y"":205,""t"":5186},{""x"":821,""y"":162,""t"":5204},{""x"":745,""y"":134,""t"":5290},{""x"":710,""y"":147,""t"":5305},{""x"":675,""y"":117,""t"":5390},{""x"":683,""y"":149,""t"":5407},{""x"":673,""y"":116,""t"":5491},{""x"":670,""y"":90,""t"":5509},{""x"":834,""y"":160,""t"":5592},{""x"":978,""y"":253,""t"":5611},{""x"":1119,""y"":281,""t"":5698},{""x"":1277,""y"":328,""t"":5713},{""x"":1378,""y"":367,""t"":5797},{""x"":1353,""y"":370,""t"":5815},{""x"":1434,""y"":403,""t"":5900},{""x"":1497,""y"":428,""t"":5918},{""x"":1529,""y"":450,""t"":6001},{""x"":1549,""y"":466,""t"":6018}]",{},j,0.38,0.6900000000000001,0.58,0.49000000000000005,0.58,0.38,0.49000000000000005,0.6900000000000001,experimental,exp_98,"{""durations"":[1000,1500,1000,1500],""alternatives"":[1,0,1,0],""attributes"":[""all"",""all"",""all"",""all""]}",0,0.58,0.49000000000000005,1920,1080,"""","""","""","""","""","""",2021-06-16 16:45:48,,"Mozilla/5.0 (Windows NT 10.0; Win64; x64) AppleWebKit/537.36 (KHTML, like Gecko) Chrome/91.0.4472.106 Safari/537.36",WebKit,Chrome,91.0.4472.106,Windows,10.0
48,248,1,"""","""","""","""","""",html-keyboard-response,48,594129,0.0-12.0-1.0-1.11,main,29KKCMFL,1920,1080,exp_98,0.262294910469391,4.9,,"<p style=""font-size:40px;"">+</p>",,"""","""","""","""","[{""x"":1581,""y"":521,""t"":-17},{""x"":1580,""y"":553,""t"":0},{""x"":1574,""y"":569,""t"":99},{""x"":1564,""y"":580,""t"":114},{""x"":1486,""y"":588,""t"":200},{""x"":1417,""y"":592,""t"":215},{""x"":1245,""y"":571,""t"":298},{""x"":1133,""y"":553,""t"":314},{""x"":1014,""y"":495,""t"":400},{""x"":901,""y"":436,""t"":415}]",{},"""","""","""","""","""","""","""","""","""","""","""","""","""","""","""","""","""","""","""","""","""","""","""",2021-06-16 16:45:48,,"Mozilla/5.0 (Windows NT 10.0; Win64; x64) AppleWebKit/537.36 (KHTML, like Gecko) Chrome/91.0.4472.106 Safari/537.36",WebKit,Chrome,91.0.4472.106,Windows,10.0
49,248,1,"""","""","""","""","""",two-gamble-sequence,49,600352,0.0-12.0-1.0-2.11,main,29KKCMFL,1920,1080,exp_98,0.262294910469391,4.9,608.1000000238419,"""","""","""","""","""","""","[{""x"":886,""y"":381,""t"":-17},{""x"":848,""y"":292,""t"":0},{""x"":869,""y"":312,""t"":99},{""x"":891,""y"":338,""t"":134},{""x"":893,""y"":350,""t"":183},{""x"":936,""y"":349,""t"":268},{""x"":985,""y"":373,""t"":285},{""x"":951,""y"":342,""t"":367},{""x"":922,""y"":315,""t"":381},{""x"":818,""y"":267,""t"":463},{""x"":731,""y"":227,""t"":478},{""x"":641,""y"":203,""t"":561},{""x"":568,""y"":184,""t"":578},{""x"":522,""y"":167,""t"":659},{""x"":490,""y"":178,""t"":715},{""x"":427,""y"":175,""t"":768},{""x"":379,""y"":174,""t"":783},{""x"":444,""y"":194,""t"":865},{""x"":454,""y"":191,""t"":884},{""x"":447,""y"":257,""t"":968},{""x"":444,""y"":313,""t"":986},{""x"":435,""y"":304,""t"":1071},{""x"":429,""y"":295,""t"":1088},{""x"":420,""y"":279,""t"":1170},{""x"":434,""y"":286,""t"":1222},{""x"":447,""y"":292,""t"":1238},{""x"":514,""y"":303,""t"":1321},{""x"":571,""y"":312,""t"":1336},{""x"":529,""y"":288,""t"":1420},{""x"":492,""y"":268,""t"":1435},{""x"":470,""y"":252,""t"":1518},{""x"":450,""y"":239,""t"":1534},{""x"":450,""y"":237,""t"":1617},{""x"":450,""y"":235,""t"":1633},{""x"":444,""y"":239,""t"":1714},{""x"":440,""y"":244,""t"":1735},{""x"":433,""y"":247,""t"":1816},{""x"":429,""y"":249,""t"":1837},{""x"":484,""y"":178,""t"":1921},{""x"":544,""y"":171,""t"":1938},{""x"":788,""y"":227,""t"":2022},{""x"":994,""y"":276,""t"":2042},{""x"":1239,""y"":339,""t"":2124},{""x"":1404,""y"":389,""t"":2143},{""x"":1515,""y"":439,""t"":2224},{""x"":1504,""y"":418,""t"":2280},{""x"":1550,""y"":423,""t"":2337},{""x"":1558,""y"":412,""t"":2352},{""x"":1709,""y"":483,""t"":2433},{""x"":1749,""y"":503,""t"":2450},{""x"":1734,""y"":490,""t"":2532},{""x"":1713,""y"":476,""t"":2552},{""x"":1677,""y"":422,""t"":2635},{""x"":1620,""y"":407,""t"":2653},{""x"":1592,""y"":439,""t"":2738},{""x"":1566,""y"":467,""t"":2755},{""x"":1565,""y"":523,""t"":2838},{""x"":1564,""y"":570,""t"":2858},{""x"":1577,""y"":597,""t"":2940},{""x"":1588,""y"":617,""t"":2959},{""x"":1548,""y"":608,""t"":3040},{""x"":1490,""y"":603,""t"":3061},{""x"":1412,""y"":540,""t"":3146},{""x"":1338,""y"":514,""t"":3163},{""x"":1153,""y"":498,""t"":3252},{""x"":1066,""y"":479,""t"":3268},{""x"":939,""y"":409,""t"":3349},{""x"":864,""y"":378,""t"":3368},{""x"":764,""y"":323,""t"":3455},{""x"":686,""y"":277,""t"":3470},{""x"":648,""y"":277,""t"":3554},{""x"":624,""y"":280,""t"":3571},{""x"":607,""y"":281,""t"":3656},{""x"":520,""y"":243,""t"":3674},{""x"":499,""y"":231,""t"":3762},{""x"":489,""y"":223,""t"":3778},{""x"":465,""y"":182,""t"":3863},{""x"":489,""y"":177,""t"":3879},{""x"":515,""y"":172,""t"":3961},{""x"":541,""y"":169,""t"":3979},{""x"":536,""y"":197,""t"":4064},{""x"":534,""y"":222,""t"":4082},{""x"":514,""y"":234,""t"":4169},{""x"":498,""y"":245,""t"":4185},{""x"":463,""y"":249,""t"":4269},{""x"":435,""y"":252,""t"":4284},{""x"":519,""y"":246,""t"":4369},{""x"":511,""y"":230,""t"":4387},{""x"":622,""y"":266,""t"":4470},{""x"":717,""y"":297,""t"":4489},{""x"":993,""y"":377,""t"":4576},{""x"":1225,""y"":445,""t"":4591},{""x"":1359,""y"":495,""t"":4675},{""x"":1463,""y"":535,""t"":4693},{""x"":1587,""y"":570,""t"":4778},{""x"":1681,""y"":597,""t"":4794},{""x"":1748,""y"":603,""t"":4883},{""x"":1794,""y"":604,""t"":4899},{""x"":1706,""y"":589,""t"":4984},{""x"":1760,""y"":595,""t"":5000},{""x"":1711,""y"":556,""t"":5087},{""x"":1647,""y"":502,""t"":5104},{""x"":1724,""y"":509,""t"":5189},{""x"":1786,""y"":515,""t"":5203},{""x"":1766,""y"":500,""t"":5293},{""x"":1744,""y"":487,""t"":5308},{""x"":1531,""y"":449,""t"":5391},{""x"":1342,""y"":471,""t"":5409},{""x"":1127,""y"":430,""t"":5493},{""x"":949,""y"":396,""t"":5509},{""x"":858,""y"":369,""t"":5592},{""x"":790,""y"":348,""t"":5610},{""x"":727,""y"":367,""t"":5693},{""x"":683,""y"":385,""t"":5712},{""x"":657,""y"":373,""t"":5796},{""x"":643,""y"":363,""t"":5814},{""x"":678,""y"":369,""t"":5901},{""x"":714,""y"":374,""t"":5917},{""x"":698,""y"":269,""t"":6001},{""x"":687,""y"":180,""t"":6019},{""x"":594,""y"":124,""t"":6102},{""x"":518,""y"":80,""t"":6120}]",{},f,0.58,0.49000000000000005,0.38,0.6900000000000001,0.58,0.38,0.49000000000000005,0.6900000000000001,experimental,exp_96,"{""durations"":[1500,1000,1500,1000],""alternatives"":[0,1,0,1],""attributes"":[""all"",""all"",""all"",""all""]}",0,0.58,0.49000000000000005,1920,1080,"""","""","""","""","""","""",2021-06-16 16:45:48,,"Mozilla/5.0 (Windows NT 10.0; Win64; x64) AppleWebKit/537.36 (KHTML, like Gecko) Chrome/91.0.4472.106 Safari/537.36",WebKit,Chrome,91.0.4472.106,Windows,10.0
50,248,1,"""","""","""","""","""",html-keyboard-response,50,600874,0.0-12.0-1.0-1.12,main,29KKCMFL,1920,1080,exp_98,0.262294910469391,4.9,,"<p style=""font-size:40px;"">+</p>",,"""","""","""","""","[{""x"":615,""y"":120,""t"":-30},{""x"":712,""y"":129,""t"":0},{""x"":906,""y"":177,""t"":100},{""x"":1071,""y"":219,""t"":116},{""x"":1136,""y"":254,""t"":199},{""x"":1186,""y"":283,""t"":214},{""x"":1191,""y"":379,""t"":298},{""x"":1189,""y"":459,""t"":313},{""x"":1115,""y"":475,""t"":395},{""x"":1047,""y"":486,""t"":411}]",{},"""","""","""","""","""","""","""","""","""","""","""","""","""","""","""","""","""","""","""","""","""","""","""",2021-06-16 16:45:48,,"Mozilla/5.0 (Windows NT 10.0; Win64; x64) AppleWebKit/537.36 (KHTML, like Gecko) Chrome/91.0.4472.106 Safari/537.36",WebKit,Chrome,91.0.4472.106,Windows,10.0
51,248,1,"""","""","""","""","""",two-gamble-sequence,51,607171,0.0-12.0-1.0-2.12,main,29KKCMFL,1920,1080,exp_98,0.262294910469391,4.9,717.8000000715256,"""","""","""","""","""","""","[{""x"":1117,""y"":560,""t"":-16},{""x"":1176,""y"":621,""t"":0},{""x"":1209,""y"":663,""t"":147},{""x"":1208,""y"":616,""t"":174},{""x"":1194,""y"":670,""t"":258},{""x"":1180,""y"":712,""t"":276},{""x"":1259,""y"":738,""t"":361},{""x"":1140,""y"":699,""t"":379},{""x"":1215,""y"":686,""t"":464},{""x"":1279,""y"":673,""t"":481},{""x"":1334,""y"":685,""t"":572},{""x"":1378,""y"":694,""t"":589},{""x"":1423,""y"":716,""t"":674},{""x"":1458,""y"":733,""t"":692},{""x"":1493,""y"":711,""t"":778},{""x"":1532,""y"":703,""t"":794},{""x"":1556,""y"":683,""t"":881},{""x"":1552,""y"":663,""t"":897},{""x"":1326,""y"":597,""t"":981},{""x"":1131,""y"":542,""t"":996},{""x"":968,""y"":502,""t"":1081},{""x"":885,""y"":475,""t"":1098},{""x"":690,""y"":386,""t"":1185},{""x"":543,""y"":369,""t"":1202},{""x"":437,""y"":355,""t"":1285},{""x"":357,""y"":347,""t"":1302},{""x"":279,""y"":355,""t"":1385},{""x"":223,""y"":365,""t"":1401},{""x"":160,""y"":390,""t"":1488},{""x"":116,""y"":413,""t"":1504},{""x"":298,""y"":455,""t"":1588},{""x"":462,""y"":492,""t"":1604},{""x"":419,""y"":433,""t"":1685},{""x"":383,""y"":382,""t"":1702},{""x"":331,""y"":340,""t"":1782},{""x"":358,""y"":340,""t"":1804},{""x"":404,""y"":379,""t"":1886},{""x"":399,""y"":356,""t"":1905},{""x"":357,""y"":297,""t"":1996},{""x"":323,""y"":248,""t"":2011},{""x"":531,""y"":238,""t"":2093},{""x"":729,""y"":246,""t"":2110},{""x"":834,""y"":236,""t"":2195},{""x"":918,""y"":230,""t"":2211},{""x"":1027,""y"":219,""t"":2296},{""x"":1174,""y"":192,""t"":2312},{""x"":1335,""y"":238,""t"":2395},{""x"":1478,""y"":321,""t"":2414},{""x"":1518,""y"":360,""t"":2504},{""x"":1581,""y"":351,""t"":2520},{""x"":1581,""y"":361,""t"":2608},{""x"":1575,""y"":342,""t"":2624},{""x"":1580,""y"":323,""t"":2707},{""x"":1578,""y"":305,""t"":2723},{""x"":1545,""y"":281,""t"":2807},{""x"":1511,""y"":261,""t"":2823},{""x"":1550,""y"":329,""t"":2908},{""x"":1579,""y"":387,""t"":2924},{""x"":1510,""y"":441,""t"":3008},{""x"":1448,""y"":486,""t"":3026},{""x"":1436,""y"":534,""t"":3111},{""x"":1425,""y"":572,""t"":3128},{""x"":1424,""y"":612,""t"":3216},{""x"":1423,""y"":644,""t"":3232},{""x"":1434,""y"":660,""t"":3317},{""x"":1424,""y"":647,""t"":3333},{""x"":1362,""y"":638,""t"":3418},{""x"":1346,""y"":635,""t"":3434},{""x"":1394,""y"":605,""t"":3522},{""x"":1436,""y"":577,""t"":3538},{""x"":1319,""y"":577,""t"":3620},{""x"":1223,""y"":567,""t"":3638},{""x"":1116,""y"":527,""t"":3724},{""x"":991,""y"":498,""t"":3742},{""x"":890,""y"":434,""t"":3825},{""x"":794,""y"":405,""t"":3843},{""x"":752,""y"":317,""t"":3925},{""x"":729,""y"":229,""t"":3945},{""x"":730,""y"":187,""t"":4025},{""x"":656,""y"":136,""t"":4047},{""x"":677,""y"":123,""t"":4133},{""x"":697,""y"":128,""t"":4149},{""x"":674,""y"":118,""t"":4237},{""x"":726,""y"":145,""t"":4253},{""x"":774,""y"":191,""t"":4337},{""x"":780,""y"":209,""t"":4352},{""x"":897,""y"":303,""t"":4439},{""x"":985,""y"":359,""t"":4455},{""x"":1080,""y"":372,""t"":4540},{""x"":1157,""y"":381,""t"":4556},{""x"":1263,""y"":395,""t"":4641},{""x"":1347,""y"":405,""t"":4659},{""x"":1449,""y"":428,""t"":4745},{""x"":1530,""y"":446,""t"":4761},{""x"":1561,""y"":442,""t"":4844},{""x"":1580,""y"":437,""t"":4863},{""x"":1589,""y"":437,""t"":4946},{""x"":1591,""y"":436,""t"":4965},{""x"":1583,""y"":421,""t"":5051},{""x"":1571,""y"":407,""t"":5068},{""x"":1552,""y"":391,""t"":5155},{""x"":1533,""y"":378,""t"":5170},{""x"":1510,""y"":369,""t"":5255},{""x"":1490,""y"":362,""t"":5271},{""x"":1427,""y"":354,""t"":5354},{""x"":1374,""y"":347,""t"":5373},{""x"":1245,""y"":391,""t"":5454},{""x"":1119,""y"":415,""t"":5513},{""x"":996,""y"":435,""t"":5567},{""x"":896,""y"":452,""t"":5582},{""x"":1013,""y"":422,""t"":5666},{""x"":1091,""y"":446,""t"":5682},{""x"":1110,""y"":416,""t"":5769},{""x"":1241,""y"":480,""t"":5786},{""x"":1271,""y"":521,""t"":5873},{""x"":1271,""y"":551,""t"":5888},{""x"":1167,""y"":478,""t"":5973},{""x"":1090,""y"":413,""t"":5989},{""x"":1015,""y"":364,""t"":6073},{""x"":954,""y"":322,""t"":6089},{""x"":942,""y"":267,""t"":6171},{""x"":936,""y"":221,""t"":6190}]",{},f,0.41,0.18,0.21,0.62,0.41,0.21,0.18,0.62,experimental,exp_57,"{""durations"":[1500,1000,1500,1000],""alternatives"":[""all"",""all"",""all"",""all""],""attributes"":[""p"",""m"",""p"",""m""]}",0,0.41,0.18,1920,1080,"""","""","""","""","""","""",2021-06-16 16:45:48,,"Mozilla/5.0 (Windows NT 10.0; Win64; x64) AppleWebKit/537.36 (KHTML, like Gecko) Chrome/91.0.4472.106 Safari/537.36",WebKit,Chrome,91.0.4472.106,Windows,10.0
52,248,1,"""","""","""","""","""",html-keyboard-response,52,607681,0.0-12.0-1.0-1.13,main,29KKCMFL,1920,1080,exp_98,0.262294910469391,4.9,,"<p style=""font-size:40px;"">+</p>",,"""","""","""","""","[{""x"":916,""y"":231,""t"":-17},{""x"":911,""y"":232,""t"":0},{""x"":1029,""y"":275,""t"":97},{""x"":1141,""y"":304,""t"":112},{""x"":1185,""y"":335,""t"":195},{""x"":1261,""y"":377,""t"":210},{""x"":1380,""y"":407,""t"":291},{""x"":1403,""y"":388,""t"":308},{""x"":1258,""y"":428,""t"":391},{""x"":1130,""y"":462,""t"":410}]",{},"""","""","""","""","""","""","""","""","""","""","""","""","""","""","""","""","""","""","""","""","""","""","""",2021-06-16 16:45:48,,"Mozilla/5.0 (Windows NT 10.0; Win64; x64) AppleWebKit/537.36 (KHTML, like Gecko) Chrome/91.0.4472.106 Safari/537.36",WebKit,Chrome,91.0.4472.106,Windows,10.0
53,248,1,"""","""","""","""","""",two-gamble-sequence,53,614907,0.0-12.0-1.0-2.13,main,29KKCMFL,1920,1080,exp_98,0.262294910469391,4.9,1619,"""","""","""","""","""","""","[{""x"":1097,""y"":478,""t"":-17},{""x"":1042,""y"":454,""t"":0},{""x"":958,""y"":418,""t"":89},{""x"":966,""y"":425,""t"":104},{""x"":979,""y"":477,""t"":201},{""x"":977,""y"":504,""t"":234},{""x"":976,""y"":526,""t"":284},{""x"":1000,""y"":540,""t"":365},{""x"":1019,""y"":613,""t"":380},{""x"":1171,""y"":588,""t"":464},{""x"":1301,""y"":565,""t"":481},{""x"":1355,""y"":495,""t"":562},{""x"":1397,""y"":434,""t"":579},{""x"":1301,""y"":427,""t"":662},{""x"":1351,""y"":484,""t"":681},{""x"":1331,""y"":491,""t"":765},{""x"":1312,""y"":497,""t"":784},{""x"":1273,""y"":508,""t"":866},{""x"":1252,""y"":490,""t"":886},{""x"":1299,""y"":512,""t"":969},{""x"":1341,""y"":545,""t"":986},{""x"":1344,""y"":542,""t"":1073},{""x"":1345,""y"":539,""t"":1088},{""x"":1427,""y"":559,""t"":1169},{""x"":1525,""y"":599,""t"":1223},{""x"":1605,""y"":632,""t"":1238},{""x"":1659,""y"":650,""t"":1319},{""x"":1705,""y"":662,""t"":1336},{""x"":1620,""y"":565,""t"":1417},{""x"":1543,""y"":481,""t"":1432},{""x"":1479,""y"":423,""t"":1518},{""x"":1424,""y"":376,""t"":1533},{""x"":1188,""y"":310,""t"":1614},{""x"":990,""y"":257,""t"":1633},{""x"":838,""y"":237,""t"":1717},{""x"":717,""y"":224,""t"":1735},{""x"":632,""y"":214,""t"":1817},{""x"":539,""y"":196,""t"":1871},{""x"":373,""y"":180,""t"":1930},{""x"":270,""y"":185,""t"":1946},{""x"":211,""y"":194,""t"":2028},{""x"":194,""y"":225,""t"":2042},{""x"":220,""y"":251,""t"":2125},{""x"":251,""y"":274,""t"":2143},{""x"":409,""y"":337,""t"":2229},{""x"":470,""y"":363,""t"":2244},{""x"":563,""y"":395,""t"":2328},{""x"":677,""y"":437,""t"":2380},{""x"":657,""y"":434,""t"":2442},{""x"":637,""y"":429,""t"":2458},{""x"":635,""y"":439,""t"":2544},{""x"":631,""y"":447,""t"":2560},{""x"":657,""y"":424,""t"":2645},{""x"":678,""y"":404,""t"":2661},{""x"":658,""y"":348,""t"":2749},{""x"":640,""y"":301,""t"":2765},{""x"":623,""y"":278,""t"":2849},{""x"":605,""y"":267,""t"":2863},{""x"":601,""y"":273,""t"":2944},{""x"":554,""y"":236,""t"":2959},{""x"":715,""y"":221,""t"":3040},{""x"":863,""y"":217,""t"":3061},{""x"":997,""y"":251,""t"":3145},{""x"":1107,""y"":281,""t"":3163},{""x"":1195,""y"":296,""t"":3245},{""x"":1263,""y"":308,""t"":3265},{""x"":1456,""y"":342,""t"":3346},{""x"":1572,""y"":392,""t"":3367},{""x"":1678,""y"":488,""t"":3450},{""x"":1758,""y"":568,""t"":3470},{""x"":1693,""y"":607,""t"":3553},{""x"":1739,""y"":610,""t"":3570},{""x"":1775,""y"":668,""t"":3654},{""x"":1798,""y"":713,""t"":3673},{""x"":1744,""y"":691,""t"":3761},{""x"":1692,""y"":669,""t"":3776},{""x"":1662,""y"":648,""t"":3860},{""x"":1634,""y"":628,""t"":3878},{""x"":1659,""y"":579,""t"":3962},{""x"":1678,""y"":537,""t"":3979},{""x"":1564,""y"":502,""t"":4062},{""x"":1465,""y"":473,""t"":4080},{""x"":1437,""y"":426,""t"":4162},{""x"":1347,""y"":398,""t"":4183},{""x"":1023,""y"":332,""t"":4266},{""x"":819,""y"":333,""t"":4285},{""x"":649,""y"":275,""t"":4367},{""x"":516,""y"":253,""t"":4387},{""x"":436,""y"":218,""t"":4469},{""x"":381,""y"":191,""t"":4489},{""x"":358,""y"":195,""t"":4575},{""x"":350,""y"":202,""t"":4591},{""x"":231,""y"":187,""t"":4675},{""x"":138,""y"":176,""t"":4694},{""x"":86,""y"":174,""t"":4778},{""x"":50,""y"":175,""t"":4795},{""x"":17,""y"":209,""t"":4879},{""x"":-4,""y"":240,""t"":4897},{""x"":39,""y"":288,""t"":4980},{""x"":73,""y"":303,""t"":4999},{""x"":77,""y"":317,""t"":5082},{""x"":84,""y"":328,""t"":5101},{""x"":401,""y"":380,""t"":5182},{""x"":673,""y"":424,""t"":5203},{""x"":921,""y"":456,""t"":5289},{""x"":1149,""y"":494,""t"":5305},{""x"":1280,""y"":497,""t"":5388},{""x"":1379,""y"":496,""t"":5407},{""x"":1453,""y"":487,""t"":5487},{""x"":1503,""y"":477,""t"":5509},{""x"":1520,""y"":499,""t"":5595},{""x"":1441,""y"":497,""t"":5612},{""x"":1353,""y"":518,""t"":5698},{""x"":1256,""y"":504,""t"":5714},{""x"":1211,""y"":503,""t"":5795},{""x"":1199,""y"":414,""t"":5848},{""x"":1337,""y"":481,""t"":5864},{""x"":1421,""y"":553,""t"":5917},{""x"":1403,""y"":543,""t"":5998},{""x"":1383,""y"":533,""t"":6018},{""x"":1282,""y"":455,""t"":6100},{""x"":1294,""y"":415,""t"":6152},{""x"":1294,""y"":366,""t"":6168},{""x"":1146,""y"":322,""t"":6251},{""x"":1142,""y"":343,""t"":6267},{""x"":1002,""y"":285,""t"":6350},{""x"":943,""y"":270,""t"":6366},{""x"":824,""y"":268,""t"":6451},{""x"":697,""y"":255,""t"":6466},{""x"":626,""y"":269,""t"":6547},{""x"":572,""y"":282,""t"":6562},{""x"":685,""y"":290,""t"":6649},{""x"":806,""y"":305,""t"":6664},{""x"":839,""y"":311,""t"":6754},{""x"":869,""y"":316,""t"":6770},{""x"":858,""y"":270,""t"":6852},{""x"":954,""y"":282,""t"":6868},{""x"":1057,""y"":346,""t"":6954},{""x"":1144,""y"":402,""t"":6970},{""x"":1278,""y"":492,""t"":7053},{""x"":1388,""y"":568,""t"":7073},{""x"":1518,""y"":597,""t"":7155}]",{},j,0.17,0.8300000000000001,0.28,0.43,0.28,0.17,0.43,0.8300000000000001,experimental,exp_22,"{""durations"":[1000,1500,1000,1500],""alternatives"":[0,1,0,1],""attributes"":[""all"",""all"",""all"",""all""]}",0,0.28,0.43,1920,1080,"""","""","""","""","""","""",2021-06-16 16:45:48,,"Mozilla/5.0 (Windows NT 10.0; Win64; x64) AppleWebKit/537.36 (KHTML, like Gecko) Chrome/91.0.4472.106 Safari/537.36",WebKit,Chrome,91.0.4472.106,Windows,10.0
54,248,1,"""","""","""","""","""",html-keyboard-response,54,615442,0.0-12.0-1.0-1.14,main,29KKCMFL,1920,1080,exp_98,0.262294910469391,4.9,,"<p style=""font-size:40px;"">+</p>",,"""","""","""","""","[{""x"":1546,""y"":613,""t"":-32},{""x"":1567,""y"":601,""t"":0},{""x"":1584,""y"":616,""t"":97},{""x"":1476,""y"":595,""t"":112},{""x"":1325,""y"":575,""t"":198},{""x"":1257,""y"":557,""t"":213},{""x"":1162,""y"":541,""t"":297},{""x"":1124,""y"":495,""t"":315},{""x"":1144,""y"":568,""t"":400},{""x"":1163,""y"":622,""t"":416}]",{},"""","""","""","""","""","""","""","""","""","""","""","""","""","""","""","""","""","""","""","""","""","""","""",2021-06-16 16:45:48,,"Mozilla/5.0 (Windows NT 10.0; Win64; x64) AppleWebKit/537.36 (KHTML, like Gecko) Chrome/91.0.4472.106 Safari/537.36",WebKit,Chrome,91.0.4472.106,Windows,10.0
55,248,1,"""","""","""","""","""",two-gamble-sequence,55,621611,0.0-12.0-1.0-2.14,main,29KKCMFL,1920,1080,exp_98,0.262294910469391,4.9,516.6000000238419,"""","""","""","""","""","""","[{""x"":1113,""y"":594,""t"":-16},{""x"":1040,""y"":571,""t"":0},{""x"":917,""y"":542,""t"":108},{""x"":785,""y"":480,""t"":180},{""x"":800,""y"":451,""t"":238},{""x"":823,""y"":454,""t"":253},{""x"":819,""y"":394,""t"":304},{""x"":835,""y"":395,""t"":352},{""x"":820,""y"":352,""t"":435},{""x"":768,""y"":327,""t"":451},{""x"":601,""y"":330,""t"":532},{""x"":462,""y"":334,""t"":547},{""x"":363,""y"":305,""t"":628},{""x"":286,""y"":281,""t"":647},{""x"":199,""y"":239,""t"":731},{""x"":134,""y"":206,""t"":748},{""x"":141,""y"":215,""t"":827},{""x"":185,""y"":245,""t"":884},{""x"":204,""y"":250,""t"":901},{""x"":225,""y"":256,""t"":953},{""x"":354,""y"":289,""t"":1037},{""x"":466,""y"":317,""t"":1054},{""x"":541,""y"":349,""t"":1137},{""x"":513,""y"":366,""t"":1157},{""x"":495,""y"":371,""t"":1240},{""x"":575,""y"":391,""t"":1260},{""x"":494,""y"":394,""t"":1341},{""x"":423,""y"":396,""t"":1360},{""x"":418,""y"":328,""t"":1441},{""x"":446,""y"":294,""t"":1463},{""x"":458,""y"":263,""t"":1545},{""x"":467,""y"":238,""t"":1566},{""x"":478,""y"":192,""t"":1648},{""x"":487,""y"":155,""t"":1667},{""x"":503,""y"":131,""t"":1749},{""x"":517,""y"":113,""t"":1769},{""x"":565,""y"":97,""t"":1850},{""x"":606,""y"":86,""t"":1870},{""x"":660,""y"":98,""t"":1957},{""x"":647,""y"":56,""t"":1973},{""x"":904,""y"":137,""t"":2058},{""x"":1068,""y"":191,""t"":2074},{""x"":1246,""y"":244,""t"":2160},{""x"":1389,""y"":288,""t"":2178},{""x"":1453,""y"":348,""t"":2259},{""x"":1417,""y"":362,""t"":2279},{""x"":1425,""y"":419,""t"":2361},{""x"":1424,""y"":465,""t"":2382},{""x"":1439,""y"":516,""t"":2463},{""x"":1446,""y"":556,""t"":2484},{""x"":1450,""y"":591,""t"":2566},{""x"":1448,""y"":617,""t"":2585},{""x"":1508,""y"":605,""t"":2668},{""x"":1555,""y"":592,""t"":2687},{""x"":1479,""y"":542,""t"":2770},{""x"":1472,""y"":542,""t"":2789},{""x"":1484,""y"":539,""t"":2872},{""x"":1493,""y"":535,""t"":2892},{""x"":1468,""y"":544,""t"":2979},{""x"":1446,""y"":552,""t"":2994},{""x"":1326,""y"":441,""t"":3078},{""x"":1287,""y"":353,""t"":3096},{""x"":1346,""y"":373,""t"":3181},{""x"":1398,""y"":391,""t"":3196},{""x"":1162,""y"":378,""t"":3280},{""x"":933,""y"":350,""t"":3299},{""x"":816,""y"":361,""t"":3383},{""x"":700,""y"":290,""t"":3402},{""x"":558,""y"":253,""t"":3485},{""x"":446,""y"":224,""t"":3503},{""x"":385,""y"":196,""t"":3584},{""x"":395,""y"":187,""t"":3605},{""x"":401,""y"":209,""t"":3690},{""x"":451,""y"":214,""t"":3707},{""x"":475,""y"":224,""t"":3790},{""x"":452,""y"":239,""t"":3809},{""x"":438,""y"":264,""t"":3891},{""x"":430,""y"":286,""t"":3911},{""x"":447,""y"":298,""t"":4000},{""x"":460,""y"":280,""t"":4015},{""x"":413,""y"":273,""t"":4097},{""x"":376,""y"":266,""t"":4114},{""x"":370,""y"":264,""t"":4200},{""x"":368,""y"":262,""t"":4218},{""x"":623,""y"":302,""t"":4303},{""x"":917,""y"":365,""t"":4319},{""x"":1114,""y"":387,""t"":4411},{""x"":1274,""y"":404,""t"":4427},{""x"":1401,""y"":421,""t"":4511},{""x"":1523,""y"":490,""t"":4526},{""x"":1662,""y"":489,""t"":4608},{""x"":1635,""y"":456,""t"":4626},{""x"":1475,""y"":421,""t"":4707},{""x"":1329,""y"":389,""t"":4726},{""x"":1370,""y"":360,""t"":4811},{""x"":1403,""y"":336,""t"":4829},{""x"":1403,""y"":375,""t"":4915},{""x"":1383,""y"":398,""t"":4931},{""x"":1313,""y"":405,""t"":5018},{""x"":1268,""y"":429,""t"":5034},{""x"":1221,""y"":441,""t"":5117},{""x"":1181,""y"":451,""t"":5135},{""x"":1252,""y"":520,""t"":5221},{""x"":1291,""y"":582,""t"":5237},{""x"":1097,""y"":540,""t"":5320},{""x"":950,""y"":464,""t"":5339},{""x"":822,""y"":439,""t"":5421},{""x"":688,""y"":408,""t"":5442},{""x"":584,""y"":385,""t"":5525},{""x"":504,""y"":365,""t"":5542},{""x"":543,""y"":396,""t"":5634},{""x"":584,""y"":424,""t"":5651},{""x"":597,""y"":400,""t"":5737},{""x"":612,""y"":379,""t"":5752},{""x"":724,""y"":390,""t"":5841},{""x"":823,""y"":401,""t"":5857},{""x"":846,""y"":393,""t"":5946},{""x"":864,""y"":386,""t"":5961},{""x"":894,""y"":406,""t"":6050},{""x"":918,""y"":389,""t"":6065}]",{},j,0.21,0.62,0.41,0.18,0.41,0.21,0.18,0.62,experimental,exp_60,"{""durations"":[1500,1000,1500,1000],""alternatives"":[1,0,1,0],""attributes"":[""all"",""all"",""all"",""all""]}",0,0.41,0.18,1920,1080,"""","""","""","""","""","""",2021-06-16 16:45:48,,"Mozilla/5.0 (Windows NT 10.0; Win64; x64) AppleWebKit/537.36 (KHTML, like Gecko) Chrome/91.0.4472.106 Safari/537.36",WebKit,Chrome,91.0.4472.106,Windows,10.0
56,248,1,"""","""","""","""","""",html-keyboard-response,56,622118,0.0-12.0-1.0-1.15,main,29KKCMFL,1920,1080,exp_98,0.262294910469391,4.9,,"<p style=""font-size:40px;"">+</p>",,"""","""","""","""","[{""x"":919,""y"":295,""t"":-16},{""x"":897,""y"":271,""t"":0},{""x"":970,""y"":299,""t"":98},{""x"":1049,""y"":337,""t"":113},{""x"":1073,""y"":397,""t"":198},{""x"":1163,""y"":435,""t"":212},{""x"":1115,""y"":436,""t"":295},{""x"":1054,""y"":407,""t"":310},{""x"":934,""y"":380,""t"":394},{""x"":854,""y"":368,""t"":409}]",{},"""","""","""","""","""","""","""","""","""","""","""","""","""","""","""","""","""","""","""","""","""","""","""",2021-06-16 16:45:48,,"Mozilla/5.0 (Windows NT 10.0; Win64; x64) AppleWebKit/537.36 (KHTML, like Gecko) Chrome/91.0.4472.106 Safari/537.36",WebKit,Chrome,91.0.4472.106,Windows,10.0
57,248,1,"""","""","""","""","""",two-gamble-sequence,57,628337,0.0-12.0-1.0-2.15,main,29KKCMFL,1920,1080,exp_98,0.262294910469391,4.9,563.7999999523163,"""","""","""","""","""","""","[{""x"":947,""y"":364,""t"":-16},{""x"":1026,""y"":368,""t"":0},{""x"":1039,""y"":374,""t"":114},{""x"":1107,""y"":435,""t"":181},{""x"":1038,""y"":385,""t"":237},{""x"":1111,""y"":473,""t"":255},{""x"":1062,""y"":454,""t"":304},{""x"":996,""y"":446,""t"":358},{""x"":823,""y"":390,""t"":407},{""x"":676,""y"":341,""t"":456},{""x"":576,""y"":329,""t"":538},{""x"":497,""y"":320,""t"":554},{""x"":570,""y"":370,""t"":636},{""x"":638,""y"":413,""t"":652},{""x"":893,""y"":464,""t"":734},{""x"":1112,""y"":506,""t"":749},{""x"":1283,""y"":537,""t"":832},{""x"":1285,""y"":502,""t"":851},{""x"":1334,""y"":489,""t"":931},{""x"":1507,""y"":547,""t"":987},{""x"":1484,""y"":518,""t"":1046},{""x"":1608,""y"":558,""t"":1061},{""x"":1483,""y"":480,""t"":1144},{""x"":1370,""y"":412,""t"":1160},{""x"":1204,""y"":384,""t"":1240},{""x"":977,""y"":346,""t"":1259},{""x"":802,""y"":324,""t"":1339},{""x"":590,""y"":273,""t"":1361},{""x"":562,""y"":213,""t"":1441},{""x"":662,""y"":253,""t"":1496},{""x"":650,""y"":242,""t"":1511},{""x"":774,""y"":398,""t"":1594},{""x"":883,""y"":533,""t"":1610},{""x"":887,""y"":525,""t"":1691},{""x"":890,""y"":515,""t"":1706},{""x"":849,""y"":485,""t"":1787},{""x"":877,""y"":463,""t"":1803},{""x"":930,""y"":486,""t"":1884},{""x"":975,""y"":505,""t"":1906},{""x"":1045,""y"":547,""t"":1986},{""x"":1086,""y"":575,""t"":2040},{""x"":1118,""y"":598,""t"":2056},{""x"":1136,""y"":614,""t"":2137},{""x"":1147,""y"":625,""t"":2153},{""x"":1141,""y"":627,""t"":2237},{""x"":1148,""y"":624,""t"":2254},{""x"":1144,""y"":647,""t"":2336},{""x"":1138,""y"":665,""t"":2353},{""x"":1102,""y"":661,""t"":2439},{""x"":1032,""y"":602,""t"":2454},{""x"":1055,""y"":534,""t"":2538},{""x"":1076,""y"":477,""t"":2553},{""x"":1007,""y"":460,""t"":2635},{""x"":1015,""y"":465,""t"":2654},{""x"":967,""y"":482,""t"":2738},{""x"":1026,""y"":469,""t"":2755},{""x"":902,""y"":387,""t"":2838},{""x"":878,""y"":344,""t"":2858},{""x"":858,""y"":316,""t"":2940},{""x"":843,""y"":296,""t"":2959},{""x"":864,""y"":284,""t"":3041},{""x"":883,""y"":277,""t"":3060},{""x"":882,""y"":298,""t"":3149},{""x"":938,""y"":354,""t"":3163},{""x"":880,""y"":324,""t"":3245},{""x"":769,""y"":241,""t"":3264},{""x"":602,""y"":231,""t"":3346},{""x"":462,""y"":225,""t"":3366},{""x"":361,""y"":252,""t"":3453},{""x"":251,""y"":282,""t"":3469},{""x"":200,""y"":254,""t"":3550},{""x"":157,""y"":212,""t"":3605},{""x"":145,""y"":183,""t"":3663},{""x"":143,""y"":159,""t"":3677},{""x"":142,""y"":136,""t"":3760},{""x"":117,""y"":158,""t"":3776},{""x"":99,""y"":185,""t"":3858},{""x"":89,""y"":209,""t"":3876},{""x"":387,""y"":336,""t"":3962},{""x"":643,""y"":443,""t"":3978},{""x"":753,""y"":442,""t"":4064},{""x"":841,""y"":438,""t"":4081},{""x"":985,""y"":472,""t"":4164},{""x"":1071,""y"":456,""t"":4183},{""x"":1162,""y"":462,""t"":4270},{""x"":1231,""y"":464,""t"":4285},{""x"":1275,""y"":514,""t"":4372},{""x"":1179,""y"":537,""t"":4387},{""x"":1144,""y"":546,""t"":4473},{""x"":1108,""y"":551,""t"":4489},{""x"":1039,""y"":535,""t"":4575},{""x"":961,""y"":503,""t"":4590},{""x"":936,""y"":443,""t"":4672},{""x"":967,""y"":439,""t"":4693},{""x"":955,""y"":406,""t"":4775},{""x"":965,""y"":374,""t"":4795},{""x"":1086,""y"":376,""t"":4878},{""x"":1204,""y"":422,""t"":4897},{""x"":1259,""y"":468,""t"":4983},{""x"":1302,""y"":508,""t"":4999},{""x"":1305,""y"":487,""t"":5082},{""x"":1303,""y"":469,""t"":5101},{""x"":1211,""y"":437,""t"":5185},{""x"":1155,""y"":451,""t"":5203},{""x"":1076,""y"":397,""t"":5288},{""x"":1009,""y"":351,""t"":5305},{""x"":1018,""y"":311,""t"":5387},{""x"":1029,""y"":278,""t"":5407},{""x"":1023,""y"":262,""t"":5496},{""x"":1019,""y"":251,""t"":5511},{""x"":1011,""y"":262,""t"":5595},{""x"":1005,""y"":274,""t"":5611},{""x"":997,""y"":276,""t"":5697},{""x"":991,""y"":278,""t"":5713},{""x"":962,""y"":344,""t"":5796},{""x"":938,""y"":401,""t"":5815},{""x"":1031,""y"":479,""t"":5900},{""x"":1094,""y"":544,""t"":5917},{""x"":1139,""y"":560,""t"":6002},{""x"":1177,""y"":571,""t"":6020},{""x"":1246,""y"":596,""t"":6105},{""x"":1303,""y"":615,""t"":6121}]",{},j,0.17,0.3,0.3,0.2,0.3,0.17,0.2,0.3,experimental,exp_27,"{""durations"":[1000,1500,1000,1500],""alternatives"":[""all"",""all"",""all"",""all""],""attributes"":[""m"",""p"",""m"",""p""]}",0,0.3,0.2,1920,1080,"""","""","""","""","""","""",2021-06-16 16:45:48,,"Mozilla/5.0 (Windows NT 10.0; Win64; x64) AppleWebKit/537.36 (KHTML, like Gecko) Chrome/91.0.4472.106 Safari/537.36",WebKit,Chrome,91.0.4472.106,Windows,10.0
58,248,1,"""","""","""","""","""",html-keyboard-response,58,628886,0.0-12.0-1.0-1.16,main,29KKCMFL,1920,1080,exp_98,0.262294910469391,4.9,,"<p style=""font-size:40px;"">+</p>",,"""","""","""","""","[{""x"":1311,""y"":642,""t"":-32},{""x"":1343,""y"":631,""t"":0},{""x"":1290,""y"":629,""t"":104},{""x"":1364,""y"":610,""t"":165},{""x"":1403,""y"":632,""t"":180},{""x"":1218,""y"":538,""t"":266},{""x"":1057,""y"":456,""t"":282},{""x"":984,""y"":414,""t"":368},{""x"":921,""y"":381,""t"":382},{""x"":798,""y"":375,""t"":468}]",{},"""","""","""","""","""","""","""","""","""","""","""","""","""","""","""","""","""","""","""","""","""","""","""",2021-06-16 16:45:48,,"Mozilla/5.0 (Windows NT 10.0; Win64; x64) AppleWebKit/537.36 (KHTML, like Gecko) Chrome/91.0.4472.106 Safari/537.36",WebKit,Chrome,91.0.4472.106,Windows,10.0
59,248,1,"""","""","""","""","""",two-gamble-sequence,59,635217,0.0-12.0-1.0-2.16,main,29KKCMFL,1920,1080,exp_98,0.262294910469391,4.9,592.8000000715256,"""","""","""","""","""","""","[{""x"":704,""y"":366,""t"":-50},{""x"":675,""y"":357,""t"":0},{""x"":666,""y"":374,""t"":110},{""x"":632,""y"":386,""t"":144},{""x"":676,""y"":373,""t"":228},{""x"":709,""y"":313,""t"":246},{""x"":836,""y"":352,""t"":327},{""x"":936,""y"":440,""t"":343},{""x"":1063,""y"":457,""t"":426},{""x"":1168,""y"":471,""t"":443},{""x"":1226,""y"":470,""t"":527},{""x"":1270,""y"":469,""t"":545},{""x"":1315,""y"":480,""t"":630},{""x"":1348,""y"":489,""t"":647},{""x"":1356,""y"":521,""t"":733},{""x"":1358,""y"":547,""t"":749},{""x"":1374,""y"":589,""t"":833},{""x"":1384,""y"":624,""t"":852},{""x"":1405,""y"":642,""t"":935},{""x"":1421,""y"":655,""t"":954},{""x"":1429,""y"":636,""t"":1037},{""x"":1405,""y"":638,""t"":1055},{""x"":1423,""y"":656,""t"":1135},{""x"":1436,""y"":671,""t"":1157},{""x"":1485,""y"":658,""t"":1238},{""x"":1525,""y"":647,""t"":1259},{""x"":1555,""y"":642,""t"":1339},{""x"":1577,""y"":653,""t"":1394},{""x"":1563,""y"":651,""t"":1452},{""x"":1549,""y"":649,""t"":1468},{""x"":1540,""y"":650,""t"":1551},{""x"":1530,""y"":651,""t"":1566},{""x"":1540,""y"":588,""t"":1652},{""x"":1547,""y"":534,""t"":1668},{""x"":1473,""y"":474,""t"":1760},{""x"":1409,""y"":425,""t"":1776},{""x"":1387,""y"":374,""t"":1870},{""x"":1383,""y"":342,""t"":1886},{""x"":1381,""y"":318,""t"":1940},{""x"":1152,""y"":315,""t"":2032},{""x"":958,""y"":316,""t"":2048},{""x"":790,""y"":314,""t"":2137},{""x"":658,""y"":309,""t"":2153},{""x"":496,""y"":265,""t"":2233},{""x"":347,""y"":217,""t"":2249},{""x"":314,""y"":198,""t"":2332},{""x"":297,""y"":184,""t"":2348},{""x"":248,""y"":194,""t"":2431},{""x"":142,""y"":212,""t"":2450},{""x"":40,""y"":223,""t"":2535},{""x"":-36,""y"":233,""t"":2552},{""x"":-42,""y"":282,""t"":2639},{""x"":16,""y"":331,""t"":2654},{""x"":6,""y"":353,""t"":2739},{""x"":-79,""y"":350,""t"":2756},{""x"":-146,""y"":341,""t"":2841},{""x"":-89,""y"":373,""t"":2858},{""x"":256,""y"":405,""t"":2941},{""x"":555,""y"":430,""t"":2959},{""x"":827,""y"":476,""t"":3042},{""x"":1052,""y"":513,""t"":3061},{""x"":1226,""y"":537,""t"":3146},{""x"":1361,""y"":555,""t"":3164},{""x"":1467,""y"":550,""t"":3249},{""x"":1566,""y"":543,""t"":3265},{""x"":1574,""y"":523,""t"":3348},{""x"":1538,""y"":512,""t"":3367},{""x"":1495,""y"":436,""t"":3452},{""x"":1497,""y"":331,""t"":3470},{""x"":1367,""y"":344,""t"":3558},{""x"":1341,""y"":368,""t"":3573},{""x"":1338,""y"":373,""t"":3662},{""x"":1322,""y"":358,""t"":3680},{""x"":1270,""y"":342,""t"":3765},{""x"":1224,""y"":330,""t"":3780},{""x"":1124,""y"":325,""t"":3879},{""x"":966,""y"":298,""t"":3934},{""x"":765,""y"":264,""t"":3949},{""x"":586,""y"":237,""t"":4033},{""x"":558,""y"":230,""t"":4049},{""x"":541,""y"":211,""t"":4132},{""x"":548,""y"":204,""t"":4148},{""x"":602,""y"":227,""t"":4233},{""x"":653,""y"":248,""t"":4250},{""x"":697,""y"":285,""t"":4334},{""x"":737,""y"":317,""t"":4352},{""x"":857,""y"":341,""t"":4435},{""x"":961,""y"":360,""t"":4454},{""x"":926,""y"":367,""t"":4542},{""x"":769,""y"":353,""t"":4558},{""x"":610,""y"":342,""t"":4639},{""x"":484,""y"":330,""t"":4694},{""x"":382,""y"":284,""t"":4748},{""x"":300,""y"":244,""t"":4764},{""x"":289,""y"":243,""t"":4846},{""x"":286,""y"":244,""t"":4862},{""x"":544,""y"":316,""t"":4943},{""x"":732,""y"":317,""t"":4998},{""x"":934,""y"":344,""t"":5013},{""x"":1096,""y"":379,""t"":5063},{""x"":1173,""y"":379,""t"":5116},{""x"":1193,""y"":369,""t"":5165},{""x"":1205,""y"":360,""t"":5217},{""x"":1210,""y"":359,""t"":5269},{""x"":1254,""y"":408,""t"":5319},{""x"":1229,""y"":410,""t"":5369},{""x"":1247,""y"":438,""t"":5420},{""x"":1233,""y"":479,""t"":5505},{""x"":1217,""y"":512,""t"":5520},{""x"":1122,""y"":512,""t"":5604},{""x"":1040,""y"":509,""t"":5619},{""x"":984,""y"":491,""t"":5707},{""x"":937,""y"":475,""t"":5724},{""x"":922,""y"":484,""t"":5810},{""x"":912,""y"":492,""t"":5824},{""x"":1010,""y"":529,""t"":5913},{""x"":1054,""y"":543,""t"":5928},{""x"":1148,""y"":507,""t"":6013},{""x"":1209,""y"":498,""t"":6029},{""x"":1243,""y"":525,""t"":6113},{""x"":1293,""y"":513,""t"":6128},{""x"":1304,""y"":524,""t"":6215},{""x"":1310,""y"":533,""t"":6230}]",{},j,0.51,0.52,0.72,0.42000000000000004,0.72,0.51,0.42000000000000004,0.52,experimental,exp_64,"{""durations"":[1500,1000,1500,1000],""alternatives"":[0,1,0,1],""attributes"":[""all"",""all"",""all"",""all""]}",0,0.72,0.42000000000000004,1920,1080,"""","""","""","""","""","""",2021-06-16 16:45:48,,"Mozilla/5.0 (Windows NT 10.0; Win64; x64) AppleWebKit/537.36 (KHTML, like Gecko) Chrome/91.0.4472.106 Safari/537.36",WebKit,Chrome,91.0.4472.106,Windows,10.0
60,248,1,"""","""","""","""","""",html-keyboard-response,60,635734,0.0-12.0-1.0-1.17,main,29KKCMFL,1920,1080,exp_98,0.262294910469391,4.9,,"<p style=""font-size:40px;"">+</p>",,"""","""","""","""","[{""x"":1303,""y"":496,""t"":-17},{""x"":1230,""y"":497,""t"":0},{""x"":1296,""y"":566,""t"":96},{""x"":1351,""y"":624,""t"":111},{""x"":1367,""y"":595,""t"":202},{""x"":1334,""y"":557,""t"":217},{""x"":1229,""y"":525,""t"":300},{""x"":1186,""y"":503,""t"":315},{""x"":1039,""y"":465,""t"":403},{""x"":921,""y"":446,""t"":418}]",{},"""","""","""","""","""","""","""","""","""","""","""","""","""","""","""","""","""","""","""","""","""","""","""",2021-06-16 16:45:48,,"Mozilla/5.0 (Windows NT 10.0; Win64; x64) AppleWebKit/537.36 (KHTML, like Gecko) Chrome/91.0.4472.106 Safari/537.36",WebKit,Chrome,91.0.4472.106,Windows,10.0
61,248,1,"""","""","""","""","""",two-gamble-sequence,61,642310,0.0-12.0-1.0-2.17,main,29KKCMFL,1920,1080,exp_98,0.262294910469391,4.9,797.2999999523163,"""","""","""","""","""","""","[{""x"":884,""y"":444,""t"":-32},{""x"":779,""y"":419,""t"":0},{""x"":767,""y"":424,""t"":78},{""x"":707,""y"":422,""t"":180},{""x"":778,""y"":449,""t"":235},{""x"":844,""y"":472,""t"":251},{""x"":923,""y"":520,""t"":335},{""x"":993,""y"":560,""t"":350},{""x"":874,""y"":505,""t"":431},{""x"":764,""y"":423,""t"":447},{""x"":643,""y"":351,""t"":530},{""x"":544,""y"":290,""t"":545},{""x"":510,""y"":255,""t"":630},{""x"":465,""y"":210,""t"":648},{""x"":478,""y"":201,""t"":729},{""x"":495,""y"":197,""t"":748},{""x"":521,""y"":199,""t"":831},{""x"":528,""y"":219,""t"":886},{""x"":565,""y"":276,""t"":945},{""x"":609,""y"":313,""t"":960},{""x"":558,""y"":302,""t"":1042},{""x"":541,""y"":328,""t"":1059},{""x"":547,""y"":279,""t"":1145},{""x"":560,""y"":231,""t"":1160},{""x"":534,""y"":182,""t"":1241},{""x"":534,""y"":176,""t"":1260},{""x"":496,""y"":159,""t"":1343},{""x"":415,""y"":92,""t"":1362},{""x"":616,""y"":111,""t"":1444},{""x"":790,""y"":129,""t"":1463},{""x"":909,""y"":160,""t"":1545},{""x"":1006,""y"":187,""t"":1566},{""x"":1120,""y"":305,""t"":1651},{""x"":1160,""y"":374,""t"":1666},{""x"":1209,""y"":429,""t"":1748},{""x"":1245,""y"":472,""t"":1770},{""x"":1271,""y"":536,""t"":1852},{""x"":1287,""y"":586,""t"":1871},{""x"":1301,""y"":610,""t"":1949},{""x"":1350,""y"":623,""t"":2005},{""x"":1388,""y"":629,""t"":2021},{""x"":1390,""y"":651,""t"":2104},{""x"":1388,""y"":666,""t"":2119},{""x"":1396,""y"":663,""t"":2200},{""x"":1400,""y"":659,""t"":2215},{""x"":1414,""y"":663,""t"":2295},{""x"":1423,""y"":664,""t"":2313},{""x"":1416,""y"":584,""t"":2396},{""x"":1439,""y"":568,""t"":2414},{""x"":1420,""y"":540,""t"":2498},{""x"":1407,""y"":531,""t"":2516},{""x"":1459,""y"":511,""t"":2600},{""x"":1503,""y"":494,""t"":2619},{""x"":1523,""y"":485,""t"":2701},{""x"":1538,""y"":478,""t"":2720},{""x"":1523,""y"":475,""t"":2803},{""x"":1508,""y"":473,""t"":2822},{""x"":1527,""y"":474,""t"":2906},{""x"":1542,""y"":475,""t"":2926},{""x"":1476,""y"":417,""t"":3006},{""x"":1322,""y"":348,""t"":3027},{""x"":1057,""y"":304,""t"":3110},{""x"":854,""y"":265,""t"":3129},{""x"":658,""y"":207,""t"":3210},{""x"":543,""y"":174,""t"":3262},{""x"":451,""y"":176,""t"":3277},{""x"":353,""y"":163,""t"":3358},{""x"":282,""y"":156,""t"":3372},{""x"":295,""y"":164,""t"":3454},{""x"":275,""y"":180,""t"":3468},{""x"":270,""y"":176,""t"":3552},{""x"":274,""y"":174,""t"":3572},{""x"":240,""y"":205,""t"":3657},{""x"":217,""y"":232,""t"":3672},{""x"":249,""y"":237,""t"":3757},{""x"":282,""y"":241,""t"":3776},{""x"":237,""y"":262,""t"":3862},{""x"":151,""y"":270,""t"":3877},{""x"":297,""y"":275,""t"":3962},{""x"":383,""y"":304,""t"":3978},{""x"":596,""y"":371,""t"":4062},{""x"":664,""y"":386,""t"":4080},{""x"":932,""y"":416,""t"":4165},{""x"":1199,""y"":467,""t"":4183},{""x"":1239,""y"":470,""t"":4265},{""x"":1321,""y"":502,""t"":4316},{""x"":1381,""y"":527,""t"":4333},{""x"":1390,""y"":548,""t"":4417},{""x"":1347,""y"":558,""t"":4431},{""x"":1349,""y"":562,""t"":4513},{""x"":1344,""y"":562,""t"":4529},{""x"":1345,""y"":578,""t"":4610},{""x"":1380,""y"":553,""t"":4625},{""x"":1374,""y"":507,""t"":4710},{""x"":1320,""y"":446,""t"":4726},{""x"":1275,""y"":413,""t"":4808},{""x"":1306,""y"":394,""t"":4863},{""x"":1299,""y"":374,""t"":4923},{""x"":1214,""y"":320,""t"":4939},{""x"":1219,""y"":290,""t"":5021},{""x"":1225,""y"":267,""t"":5037},{""x"":1162,""y"":255,""t"":5119},{""x"":1181,""y"":245,""t"":5135},{""x"":1083,""y"":201,""t"":5222},{""x"":1000,""y"":166,""t"":5238},{""x"":954,""y"":179,""t"":5321},{""x"":918,""y"":192,""t"":5338},{""x"":876,""y"":208,""t"":5418},{""x"":884,""y"":243,""t"":5471},{""x"":894,""y"":273,""t"":5488},{""x"":825,""y"":277,""t"":5570},{""x"":769,""y"":279,""t"":5586},{""x"":656,""y"":257,""t"":5672},{""x"":564,""y"":237,""t"":5688},{""x"":520,""y"":267,""t"":5770},{""x"":488,""y"":292,""t"":5784},{""x"":493,""y"":291,""t"":5869},{""x"":503,""y"":289,""t"":5883},{""x"":525,""y"":332,""t"":5968},{""x"":534,""y"":386,""t"":5986},{""x"":633,""y"":441,""t"":6069},{""x"":719,""y"":487,""t"":6088},{""x"":816,""y"":518,""t"":6170},{""x"":897,""y"":542,""t"":6189},{""x"":851,""y"":536,""t"":6272},{""x"":846,""y"":527,""t"":6291},{""x"":845,""y"":518,""t"":6374},{""x"":843,""y"":509,""t"":6394},{""x"":747,""y"":452,""t"":6474}]",{},f,0.48,0.79,0.81,0.16999999999999998,0.81,0.48,0.16999999999999998,0.79,experimental,exp_42,"{""durations"":[1000,1500,1000,1500],""alternatives"":[1,0,1,0],""attributes"":[""all"",""all"",""all"",""all""]}",1,0.48,0.79,1920,1080,"""","""","""","""","""","""",2021-06-16 16:45:48,,"Mozilla/5.0 (Windows NT 10.0; Win64; x64) AppleWebKit/537.36 (KHTML, like Gecko) Chrome/91.0.4472.106 Safari/537.36",WebKit,Chrome,91.0.4472.106,Windows,10.0
62,248,1,"""","""","""","""","""",html-keyboard-response,62,642855,0.0-12.0-1.0-1.18,main,29KKCMFL,1920,1080,exp_98,0.262294910469391,4.9,,"<p style=""font-size:40px;"">+</p>",,"""","""","""","""","[{""x"":656,""y"":395,""t"":-32},{""x"":580,""y"":347,""t"":-15},{""x"":516,""y"":307,""t"":0},{""x"":593,""y"":311,""t"":133},{""x"":662,""y"":316,""t"":148},{""x"":807,""y"":330,""t"":233},{""x"":893,""y"":372,""t"":248},{""x"":1032,""y"":468,""t"":333},{""x"":1147,""y"":549,""t"":350},{""x"":1189,""y"":542,""t"":432},{""x"":1121,""y"":513,""t"":447}]",{},"""","""","""","""","""","""","""","""","""","""","""","""","""","""","""","""","""","""","""","""","""","""","""",2021-06-16 16:45:48,,"Mozilla/5.0 (Windows NT 10.0; Win64; x64) AppleWebKit/537.36 (KHTML, like Gecko) Chrome/91.0.4472.106 Safari/537.36",WebKit,Chrome,91.0.4472.106,Windows,10.0
63,248,1,"""","""","""","""","""",two-gamble-sequence,63,648972,0.0-12.0-1.0-2.18,main,29KKCMFL,1920,1080,exp_98,0.262294910469391,4.9,457.89999997615814,"""","""","""","""","""","""","[{""x"":1136,""y"":543,""t"":-16},{""x"":1163,""y"":536,""t"":0},{""x"":967,""y"":501,""t"":101},{""x"":907,""y"":535,""t"":135},{""x"":856,""y"":563,""t"":183},{""x"":915,""y"":599,""t"":266},{""x"":966,""y"":629,""t"":283},{""x"":1044,""y"":640,""t"":363},{""x"":1109,""y"":648,""t"":379},{""x"":1133,""y"":605,""t"":460},{""x"":1223,""y"":616,""t"":476},{""x"":1218,""y"":566,""t"":561},{""x"":1211,""y"":524,""t"":580},{""x"":1197,""y"":501,""t"":664},{""x"":1183,""y"":482,""t"":681},{""x"":1197,""y"":515,""t"":765},{""x"":1192,""y"":522,""t"":783},{""x"":1229,""y"":521,""t"":865},{""x"":1266,""y"":545,""t"":885},{""x"":1318,""y"":582,""t"":967},{""x"":1338,""y"":630,""t"":1020},{""x"":1376,""y"":667,""t"":1036},{""x"":1408,""y"":700,""t"":1084},{""x"":1433,""y"":726,""t"":1131},{""x"":1395,""y"":741,""t"":1217},{""x"":1359,""y"":751,""t"":1232},{""x"":1247,""y"":750,""t"":1314},{""x"":1239,""y"":774,""t"":1329},{""x"":1200,""y"":774,""t"":1411},{""x"":1213,""y"":792,""t"":1428},{""x"":1282,""y"":755,""t"":1513},{""x"":1284,""y"":767,""t"":1531},{""x"":1342,""y"":745,""t"":1614},{""x"":1369,""y"":726,""t"":1633},{""x"":1471,""y"":754,""t"":1714},{""x"":1501,""y"":755,""t"":1734},{""x"":1542,""y"":756,""t"":1815},{""x"":1601,""y"":736,""t"":1866},{""x"":1632,""y"":732,""t"":1881},{""x"":1635,""y"":703,""t"":1961},{""x"":1634,""y"":679,""t"":1977},{""x"":1327,""y"":580,""t"":2059},{""x"":1064,""y"":497,""t"":2074},{""x"":854,""y"":426,""t"":2159},{""x"":682,""y"":368,""t"":2177},{""x"":502,""y"":337,""t"":2259},{""x"":354,""y"":315,""t"":2314},{""x"":397,""y"":340,""t"":2373},{""x"":446,""y"":366,""t"":2387},{""x"":470,""y"":441,""t"":2472},{""x"":499,""y"":507,""t"":2487},{""x"":531,""y"":561,""t"":2573},{""x"":564,""y"":607,""t"":2590},{""x"":576,""y"":627,""t"":2673},{""x"":500,""y"":594,""t"":2689},{""x"":553,""y"":552,""t"":2773},{""x"":586,""y"":566,""t"":2789},{""x"":646,""y"":499,""t"":2867},{""x"":781,""y"":453,""t"":2921},{""x"":970,""y"":428,""t"":2935},{""x"":1035,""y"":405,""t"":3014},{""x"":1072,""y"":384,""t"":3030},{""x"":1178,""y"":404,""t"":3110},{""x"":1184,""y"":371,""t"":3129},{""x"":1250,""y"":430,""t"":3212},{""x"":1300,""y"":482,""t"":3231},{""x"":1305,""y"":543,""t"":3314},{""x"":1303,""y"":594,""t"":3334},{""x"":1346,""y"":603,""t"":3420},{""x"":1382,""y"":587,""t"":3435},{""x"":1355,""y"":588,""t"":3518},{""x"":1381,""y"":564,""t"":3537},{""x"":1365,""y"":521,""t"":3618},{""x"":1386,""y"":529,""t"":3639},{""x"":1381,""y"":554,""t"":3726},{""x"":1381,""y"":577,""t"":3741},{""x"":1326,""y"":563,""t"":3822},{""x"":1236,""y"":519,""t"":3843},{""x"":1123,""y"":528,""t"":3923},{""x"":1085,""y"":521,""t"":3977},{""x"":1010,""y"":503,""t"":3992},{""x"":833,""y"":458,""t"":4076},{""x"":718,""y"":436,""t"":4091},{""x"":604,""y"":396,""t"":4176},{""x"":607,""y"":383,""t"":4192},{""x"":515,""y"":335,""t"":4279},{""x"":443,""y"":297,""t"":4294},{""x"":376,""y"":294,""t"":4377},{""x"":327,""y"":294,""t"":4393},{""x"":286,""y"":317,""t"":4476},{""x"":259,""y"":338,""t"":4491},{""x"":398,""y"":387,""t"":4576},{""x"":522,""y"":429,""t"":4592},{""x"":561,""y"":507,""t"":4674},{""x"":595,""y"":571,""t"":4693},{""x"":711,""y"":601,""t"":4779},{""x"":810,""y"":623,""t"":4795},{""x"":826,""y"":639,""t"":4879},{""x"":835,""y"":651,""t"":4897},{""x"":723,""y"":591,""t"":4979},{""x"":627,""y"":534,""t"":4998},{""x"":552,""y"":501,""t"":5085},{""x"":490,""y"":473,""t"":5100},{""x"":497,""y"":464,""t"":5187},{""x"":506,""y"":457,""t"":5202},{""x"":622,""y"":507,""t"":5291},{""x"":722,""y"":551,""t"":5306},{""x"":804,""y"":531,""t"":5388},{""x"":872,""y"":513,""t"":5406},{""x"":941,""y"":539,""t"":5487},{""x"":943,""y"":529,""t"":5508},{""x"":923,""y"":534,""t"":5592},{""x"":1004,""y"":589,""t"":5610},{""x"":1114,""y"":579,""t"":5695},{""x"":1072,""y"":553,""t"":5713},{""x"":1181,""y"":516,""t"":5798},{""x"":1280,""y"":476,""t"":5815},{""x"":1289,""y"":478,""t"":5898},{""x"":1324,""y"":468,""t"":5916},{""x"":1331,""y"":487,""t"":6000},{""x"":1333,""y"":493,""t"":6019}]",{},j,0.29,0.5,0.7,0.18,0.7,0.29,0.18,0.5,experimental,exp_8,"{""durations"":[1500,1000,1500,1000],""alternatives"":[0,1,0,1],""attributes"":[""all"",""all"",""all"",""all""]}",0,0.7,0.18,1920,1080,"""","""","""","""","""","""",2021-06-16 16:45:48,,"Mozilla/5.0 (Windows NT 10.0; Win64; x64) AppleWebKit/537.36 (KHTML, like Gecko) Chrome/91.0.4472.106 Safari/537.36",WebKit,Chrome,91.0.4472.106,Windows,10.0
64,248,1,"""","""","""","""","""",html-keyboard-response,64,649482,0.0-12.0-1.0-1.19,main,29KKCMFL,1920,1080,exp_98,0.262294910469391,4.9,,"<p style=""font-size:40px;"">+</p>",,"""","""","""","""","[{""x"":1313,""y"":520,""t"":-17},{""x"":1292,""y"":543,""t"":0},{""x"":1299,""y"":559,""t"":99},{""x"":1303,""y"":573,""t"":114},{""x"":1244,""y"":579,""t"":199},{""x"":1193,""y"":584,""t"":213},{""x"":1132,""y"":565,""t"":295},{""x"":1081,""y"":548,""t"":310},{""x"":1067,""y"":552,""t"":395},{""x"":1057,""y"":555,""t"":410}]",{},"""","""","""","""","""","""","""","""","""","""","""","""","""","""","""","""","""","""","""","""","""","""","""",2021-06-16 16:45:48,,"Mozilla/5.0 (Windows NT 10.0; Win64; x64) AppleWebKit/537.36 (KHTML, like Gecko) Chrome/91.0.4472.106 Safari/537.36",WebKit,Chrome,91.0.4472.106,Windows,10.0
65,248,1,"""","""","""","""","""",two-gamble-sequence,65,655858,0.0-12.0-1.0-2.19,main,29KKCMFL,1920,1080,exp_98,0.262294910469391,4.9,736.3999999761581,"""","""","""","""","""","""","[{""x"":1121,""y"":599,""t"":-18},{""x"":1177,""y"":636,""t"":0},{""x"":1243,""y"":718,""t"":87},{""x"":1184,""y"":692,""t"":117},{""x"":1165,""y"":677,""t"":195},{""x"":1166,""y"":636,""t"":243},{""x"":1116,""y"":546,""t"":327},{""x"":1072,""y"":517,""t"":342},{""x"":1039,""y"":453,""t"":434},{""x"":1012,""y"":400,""t"":452},{""x"":990,""y"":385,""t"":536},{""x"":973,""y"":376,""t"":551},{""x"":1025,""y"":399,""t"":633},{""x"":1072,""y"":421,""t"":648},{""x"":1111,""y"":427,""t"":730},{""x"":1142,""y"":446,""t"":749},{""x"":1214,""y"":501,""t"":833},{""x"":1274,""y"":548,""t"":851},{""x"":1224,""y"":556,""t"":939},{""x"":1178,""y"":562,""t"":954},{""x"":1034,""y"":526,""t"":1042},{""x"":1017,""y"":511,""t"":1058},{""x"":915,""y"":512,""t"":1138},{""x"":711,""y"":481,""t"":1157},{""x"":548,""y"":460,""t"":1240},{""x"":509,""y"":457,""t"":1259},{""x"":478,""y"":461,""t"":1344},{""x"":475,""y"":500,""t"":1361},{""x"":604,""y"":508,""t"":1444},{""x"":719,""y"":516,""t"":1463},{""x"":883,""y"":544,""t"":1546},{""x"":1022,""y"":568,""t"":1565},{""x"":1136,""y"":583,""t"":1648},{""x"":1228,""y"":595,""t"":1667},{""x"":1372,""y"":569,""t"":1754},{""x"":1488,""y"":546,""t"":1768},{""x"":1549,""y"":555,""t"":1850},{""x"":1586,""y"":552,""t"":1905},{""x"":1475,""y"":508,""t"":1957},{""x"":1373,""y"":470,""t"":1973},{""x"":1200,""y"":411,""t"":2052},{""x"":1008,""y"":380,""t"":2106},{""x"":846,""y"":356,""t"":2121},{""x"":702,""y"":342,""t"":2200},{""x"":585,""y"":332,""t"":2214},{""x"":500,""y"":317,""t"":2296},{""x"":436,""y"":307,""t"":2313},{""x"":390,""y"":295,""t"":2391},{""x"":315,""y"":283,""t"":2442},{""x"":260,""y"":274,""t"":2458},{""x"":263,""y"":242,""t"":2538},{""x"":297,""y"":196,""t"":2555},{""x"":267,""y"":174,""t"":2637},{""x"":247,""y"":158,""t"":2652},{""x"":347,""y"":254,""t"":2738},{""x"":384,""y"":265,""t"":2756},{""x"":476,""y"":370,""t"":2837},{""x"":555,""y"":460,""t"":2857},{""x"":524,""y"":478,""t"":2938},{""x"":547,""y"":479,""t"":2991},{""x"":566,""y"":477,""t"":3006},{""x"":851,""y"":540,""t"":3088},{""x"":1092,""y"":592,""t"":3103},{""x"":1264,""y"":641,""t"":3184},{""x"":1400,""y"":680,""t"":3200},{""x"":1527,""y"":719,""t"":3280},{""x"":1623,""y"":749,""t"":3299},{""x"":1693,""y"":770,""t"":3381},{""x"":1698,""y"":775,""t"":3433},{""x"":1691,""y"":774,""t"":3449},{""x"":1708,""y"":783,""t"":3531},{""x"":1714,""y"":788,""t"":3546},{""x"":1612,""y"":731,""t"":3626},{""x"":1519,""y"":681,""t"":3641},{""x"":1315,""y"":662,""t"":3722},{""x"":1140,""y"":646,""t"":3741},{""x"":990,""y"":639,""t"":3825},{""x"":867,""y"":634,""t"":3843},{""x"":758,""y"":632,""t"":3928},{""x"":674,""y"":631,""t"":3945},{""x"":620,""y"":577,""t"":4026},{""x"":634,""y"":517,""t"":4046},{""x"":559,""y"":478,""t"":4134},{""x"":553,""y"":448,""t"":4149},{""x"":607,""y"":409,""t"":4231},{""x"":617,""y"":412,""t"":4250},{""x"":821,""y"":398,""t"":4330},{""x"":970,""y"":372,""t"":4352},{""x"":937,""y"":391,""t"":4436},{""x"":947,""y"":366,""t"":4455},{""x"":943,""y"":385,""t"":4536},{""x"":883,""y"":348,""t"":4589},{""x"":831,""y"":317,""t"":4604},{""x"":789,""y"":298,""t"":4687},{""x"":753,""y"":283,""t"":4702},{""x"":786,""y"":316,""t"":4786},{""x"":816,""y"":347,""t"":4801},{""x"":765,""y"":352,""t"":4882},{""x"":586,""y"":349,""t"":4898},{""x"":437,""y"":321,""t"":4981},{""x"":315,""y"":297,""t"":4998},{""x"":493,""y"":342,""t"":5079},{""x"":600,""y"":384,""t"":5134},{""x"":834,""y"":373,""t"":5193},{""x"":1043,""y"":379,""t"":5209},{""x"":1149,""y"":399,""t"":5289},{""x"":1231,""y"":428,""t"":5305},{""x"":1128,""y"":463,""t"":5389},{""x"":1109,""y"":513,""t"":5407},{""x"":1058,""y"":497,""t"":5491},{""x"":1038,""y"":500,""t"":5510},{""x"":1040,""y"":518,""t"":5591},{""x"":1040,""y"":531,""t"":5611},{""x"":1049,""y"":535,""t"":5692},{""x"":1055,""y"":537,""t"":5713},{""x"":1082,""y"":581,""t"":5800},{""x"":1083,""y"":576,""t"":5816},{""x"":1079,""y"":604,""t"":5905},{""x"":1068,""y"":615,""t"":5921},{""x"":1067,""y"":627,""t"":6005},{""x"":1076,""y"":640,""t"":6021},{""x"":1097,""y"":642,""t"":6110},{""x"":1114,""y"":643,""t"":6126},{""x"":1068,""y"":550,""t"":6211},{""x"":1028,""y"":470,""t"":6227},{""x"":1099,""y"":485,""t"":6310}]",{},f,0.49,0.43,0.4,0.32,0.4,0.49,0.32,0.43,experimental,catch_5,"{""durations"":[1250,1250,1250,1250],""attributes"":[""p"",""m"",""p"",""m""],""alternatives"":[""all"",""all"",""all"",""all""]}",1,0.49,0.43,1920,1080,"""","""","""","""","""","""",2021-06-16 16:45:48,,"Mozilla/5.0 (Windows NT 10.0; Win64; x64) AppleWebKit/537.36 (KHTML, like Gecko) Chrome/91.0.4472.106 Safari/537.36",WebKit,Chrome,91.0.4472.106,Windows,10.0
66,248,1,"""","""","""","""","""",html-keyboard-response,66,656372,0.0-12.0-1.0-1.20,main,29KKCMFL,1920,1080,exp_98,0.262294910469391,4.9,,"<p style=""font-size:40px;"">+</p>",,"""","""","""","""","[{""x"":1200,""y"":497,""t"":-50},{""x"":1216,""y"":495,""t"":0},{""x"":1121,""y"":504,""t"":99},{""x"":1038,""y"":513,""t"":114},{""x"":1133,""y"":573,""t"":197},{""x"":1183,""y"":606,""t"":213},{""x"":1172,""y"":630,""t"":297},{""x"":1178,""y"":508,""t"":313},{""x"":1041,""y"":479,""t"":398},{""x"":924,""y"":455,""t"":413}]",{},"""","""","""","""","""","""","""","""","""","""","""","""","""","""","""","""","""","""","""","""","""","""","""",2021-06-16 16:45:48,,"Mozilla/5.0 (Windows NT 10.0; Win64; x64) AppleWebKit/537.36 (KHTML, like Gecko) Chrome/91.0.4472.106 Safari/537.36",WebKit,Chrome,91.0.4472.106,Windows,10.0
67,248,1,"""","""","""","""","""",two-gamble-sequence,67,662661,0.0-12.0-1.0-2.20,main,29KKCMFL,1920,1080,exp_98,0.262294910469391,4.9,628.7999999523163,"""","""","""","""","""","""","[{""x"":911,""y"":410,""t"":-17},{""x"":954,""y"":412,""t"":0},{""x"":905,""y"":421,""t"":113},{""x"":900,""y"":423,""t"":184},{""x"":898,""y"":427,""t"":204},{""x"":881,""y"":398,""t"":285},{""x"":969,""y"":431,""t"":340},{""x"":992,""y"":382,""t"":355},{""x"":1129,""y"":366,""t"":406},{""x"":1244,""y"":353,""t"":456},{""x"":1292,""y"":388,""t"":539},{""x"":1329,""y"":418,""t"":555},{""x"":1329,""y"":429,""t"":638},{""x"":1325,""y"":438,""t"":653},{""x"":1138,""y"":359,""t"":734},{""x"":976,""y"":292,""t"":749},{""x"":878,""y"":247,""t"":832},{""x"":798,""y"":212,""t"":850},{""x"":1036,""y"":301,""t"":932},{""x"":1243,""y"":380,""t"":952},{""x"":1394,""y"":399,""t"":1038},{""x"":1520,""y"":415,""t"":1055},{""x"":1634,""y"":440,""t"":1140},{""x"":1725,""y"":461,""t"":1156},{""x"":1776,""y"":473,""t"":1240},{""x"":1810,""y"":502,""t"":1291},{""x"":1840,""y"":550,""t"":1305},{""x"":1867,""y"":606,""t"":1355},{""x"":1878,""y"":587,""t"":1404},{""x"":1839,""y"":552,""t"":1484},{""x"":1802,""y"":519,""t"":1498},{""x"":1702,""y"":448,""t"":1579},{""x"":1679,""y"":538,""t"":1630},{""x"":1632,""y"":644,""t"":1645},{""x"":1534,""y"":627,""t"":1725},{""x"":1396,""y"":601,""t"":1739},{""x"":1365,""y"":594,""t"":1819},{""x"":1377,""y"":586,""t"":1838},{""x"":1359,""y"":583,""t"":1919},{""x"":1343,""y"":614,""t"":1973},{""x"":1330,""y"":644,""t"":2032},{""x"":1309,""y"":681,""t"":2046},{""x"":1132,""y"":590,""t"":2123},{""x"":984,""y"":511,""t"":2144},{""x"":789,""y"":480,""t"":2227},{""x"":630,""y"":454,""t"":2245},{""x"":503,""y"":420,""t"":2327},{""x"":406,""y"":393,""t"":2346},{""x"":370,""y"":385,""t"":2427},{""x"":358,""y"":393,""t"":2478},{""x"":357,""y"":402,""t"":2494},{""x"":473,""y"":419,""t"":2576},{""x"":579,""y"":435,""t"":2592},{""x"":603,""y"":410,""t"":2682},{""x"":624,""y"":389,""t"":2697},{""x"":727,""y"":425,""t"":2778},{""x"":814,""y"":457,""t"":2793},{""x"":869,""y"":395,""t"":2877},{""x"":815,""y"":311,""t"":2891},{""x"":754,""y"":251,""t"":2974},{""x"":700,""y"":202,""t"":2992},{""x"":629,""y"":184,""t"":3075},{""x"":584,""y"":168,""t"":3094},{""x"":637,""y"":188,""t"":3176},{""x"":684,""y"":207,""t"":3197},{""x"":907,""y"":254,""t"":3279},{""x"":1096,""y"":296,""t"":3299},{""x"":1253,""y"":328,""t"":3379},{""x"":1424,""y"":350,""t"":3434},{""x"":1504,""y"":370,""t"":3487},{""x"":1586,""y"":390,""t"":3502},{""x"":1606,""y"":394,""t"":3583},{""x"":1591,""y"":392,""t"":3636},{""x"":1570,""y"":390,""t"":3650},{""x"":1429,""y"":355,""t"":3729},{""x"":1327,""y"":307,""t"":3745},{""x"":1235,""y"":315,""t"":3824},{""x"":1076,""y"":333,""t"":3843},{""x"":933,""y"":279,""t"":3927},{""x"":790,""y"":236,""t"":3944},{""x"":687,""y"":220,""t"":4034},{""x"":607,""y"":209,""t"":4049},{""x"":513,""y"":232,""t"":4130},{""x"":441,""y"":253,""t"":4149},{""x"":430,""y"":273,""t"":4234},{""x"":429,""y"":291,""t"":4251},{""x"":652,""y"":357,""t"":4333},{""x"":872,""y"":441,""t"":4353},{""x"":1001,""y"":491,""t"":4435},{""x"":1099,""y"":508,""t"":4456},{""x"":1229,""y"":559,""t"":4541},{""x"":1333,""y"":599,""t"":4557},{""x"":1413,""y"":628,""t"":4641},{""x"":1473,""y"":649,""t"":4659},{""x"":1502,""y"":655,""t"":4743},{""x"":1519,""y"":657,""t"":4762},{""x"":1329,""y"":654,""t"":4845},{""x"":1086,""y"":602,""t"":4863},{""x"":902,""y"":560,""t"":4944},{""x"":749,""y"":523,""t"":4966},{""x"":604,""y"":487,""t"":5055},{""x"":488,""y"":457,""t"":5070},{""x"":401,""y"":449,""t"":5154},{""x"":335,""y"":443,""t"":5169},{""x"":230,""y"":460,""t"":5252},{""x"":149,""y"":476,""t"":5271},{""x"":199,""y"":468,""t"":5356},{""x"":250,""y"":462,""t"":5373},{""x"":382,""y"":453,""t"":5457},{""x"":493,""y"":474,""t"":5476},{""x"":595,""y"":489,""t"":5558},{""x"":682,""y"":503,""t"":5577},{""x"":826,""y"":560,""t"":5660},{""x"":946,""y"":608,""t"":5680},{""x"":966,""y"":527,""t"":5767},{""x"":977,""y"":455,""t"":5783},{""x"":1160,""y"":466,""t"":5869},{""x"":1168,""y"":408,""t"":5886},{""x"":1178,""y"":335,""t"":5969},{""x"":1180,""y"":274,""t"":5985},{""x"":1158,""y"":261,""t"":6074},{""x"":1135,""y"":253,""t"":6088},{""x"":1026,""y"":256,""t"":6170},{""x"":930,""y"":261,""t"":6189}]",{},f,0.58,0.49000000000000005,0.38,0.6900000000000001,0.58,0.38,0.49000000000000005,0.6900000000000001,experimental,exp_99,"{""durations"":[1000,1500,1000,1500],""alternatives"":[""all"",""all"",""all"",""all""],""attributes"":[""m"",""p"",""m"",""p""]}",0,0.58,0.49000000000000005,1920,1080,"""","""","""","""","""","""",2021-06-16 16:45:48,,"Mozilla/5.0 (Windows NT 10.0; Win64; x64) AppleWebKit/537.36 (KHTML, like Gecko) Chrome/91.0.4472.106 Safari/537.36",WebKit,Chrome,91.0.4472.106,Windows,10.0
68,248,1,"""","""","""","""","""",html-keyboard-response,68,663192,0.0-12.0-1.0-1.21,main,29KKCMFL,1920,1080,exp_98,0.262294910469391,4.9,,"<p style=""font-size:40px;"">+</p>",,"""","""","""","""","[{""x"":977,""y"":253,""t"":-16},{""x"":1027,""y"":239,""t"":0},{""x"":1109,""y"":274,""t"":94},{""x"":1169,""y"":319,""t"":110},{""x"":1235,""y"":378,""t"":194},{""x"":1299,""y"":451,""t"":212},{""x"":1208,""y"":486,""t"":297},{""x"":1126,""y"":515,""t"":312},{""x"":1150,""y"":545,""t"":409},{""x"":1131,""y"":547,""t"":466}]",{},"""","""","""","""","""","""","""","""","""","""","""","""","""","""","""","""","""","""","""","""","""","""","""",2021-06-16 16:45:48,,"Mozilla/5.0 (Windows NT 10.0; Win64; x64) AppleWebKit/537.36 (KHTML, like Gecko) Chrome/91.0.4472.106 Safari/537.36",WebKit,Chrome,91.0.4472.106,Windows,10.0
69,248,1,"""","""","""","""","""",two-gamble-sequence,69,669669,0.0-12.0-1.0-2.21,main,29KKCMFL,1920,1080,exp_98,0.262294910469391,4.9,848.3000000715256,"""","""","""","""","""","""","[{""x"":1183,""y"":552,""t"":-50},{""x"":1093,""y"":479,""t"":0},{""x"":1050,""y"":494,""t"":109},{""x"":908,""y"":484,""t"":152},{""x"":934,""y"":536,""t"":205},{""x"":971,""y"":546,""t"":289},{""x"":1004,""y"":553,""t"":307},{""x"":1060,""y"":567,""t"":393},{""x"":1109,""y"":578,""t"":409},{""x"":1202,""y"":612,""t"":489},{""x"":1280,""y"":640,""t"":511},{""x"":1352,""y"":673,""t"":591},{""x"":1398,""y"":695,""t"":643},{""x"":1434,""y"":711,""t"":658},{""x"":1453,""y"":690,""t"":738},{""x"":1491,""y"":689,""t"":753},{""x"":1511,""y"":682,""t"":837},{""x"":1525,""y"":675,""t"":853},{""x"":1478,""y"":691,""t"":942},{""x"":1435,""y"":704,""t"":959},{""x"":1392,""y"":699,""t"":1040},{""x"":1354,""y"":694,""t"":1055},{""x"":1328,""y"":690,""t"":1140},{""x"":1307,""y"":686,""t"":1156},{""x"":1312,""y"":613,""t"":1240},{""x"":1318,""y"":551,""t"":1258},{""x"":1322,""y"":544,""t"":1343},{""x"":1326,""y"":540,""t"":1362},{""x"":1350,""y"":551,""t"":1443},{""x"":1373,""y"":541,""t"":1464},{""x"":1366,""y"":530,""t"":1543},{""x"":1359,""y"":522,""t"":1565},{""x"":1101,""y"":393,""t"":1645},{""x"":883,""y"":313,""t"":1699},{""x"":702,""y"":247,""t"":1714},{""x"":566,""y"":201,""t"":1796},{""x"":459,""y"":166,""t"":1811},{""x"":403,""y"":133,""t"":1894},{""x"":367,""y"":110,""t"":1909},{""x"":314,""y"":93,""t"":1991},{""x"":278,""y"":82,""t"":2006},{""x"":251,""y"":107,""t"":2087},{""x"":235,""y"":132,""t"":2109},{""x"":304,""y"":206,""t"":2195},{""x"":330,""y"":233,""t"":2210},{""x"":388,""y"":294,""t"":2290},{""x"":439,""y"":345,""t"":2313},{""x"":454,""y"":347,""t"":2398},{""x"":467,""y"":348,""t"":2415},{""x"":512,""y"":356,""t"":2502},{""x"":498,""y"":324,""t"":2518},{""x"":491,""y"":288,""t"":2601},{""x"":466,""y"":286,""t"":2618},{""x"":421,""y"":285,""t"":2701},{""x"":428,""y"":278,""t"":2720},{""x"":398,""y"":294,""t"":2803},{""x"":404,""y"":294,""t"":2823},{""x"":591,""y"":260,""t"":2904},{""x"":692,""y"":307,""t"":2925},{""x"":857,""y"":290,""t"":3006},{""x"":994,""y"":275,""t"":3026},{""x"":1121,""y"":294,""t"":3111},{""x"":1222,""y"":311,""t"":3128},{""x"":1339,""y"":366,""t"":3214},{""x"":1429,""y"":412,""t"":3231},{""x"":1537,""y"":470,""t"":3312},{""x"":1619,""y"":518,""t"":3333},{""x"":1656,""y"":589,""t"":3420},{""x"":1700,""y"":647,""t"":3435},{""x"":1711,""y"":686,""t"":3516},{""x"":1686,""y"":707,""t"":3569},{""x"":1657,""y"":721,""t"":3584},{""x"":1464,""y"":645,""t"":3665},{""x"":1296,""y"":577,""t"":3680},{""x"":1092,""y"":507,""t"":3763},{""x"":964,""y"":457,""t"":3779},{""x"":771,""y"":377,""t"":3861},{""x"":661,""y"":312,""t"":3877},{""x"":578,""y"":249,""t"":3963},{""x"":517,""y"":200,""t"":3978},{""x"":473,""y"":214,""t"":4059},{""x"":445,""y"":231,""t"":4081},{""x"":392,""y"":239,""t"":4165},{""x"":395,""y"":228,""t"":4184},{""x"":533,""y"":207,""t"":4266},{""x"":637,""y"":223,""t"":4285},{""x"":642,""y"":257,""t"":4368},{""x"":673,""y"":277,""t"":4425},{""x"":834,""y"":371,""t"":4484},{""x"":963,""y"":443,""t"":4499},{""x"":1007,""y"":462,""t"":4581},{""x"":1001,""y"":462,""t"":4596},{""x"":974,""y"":438,""t"":4678},{""x"":947,""y"":416,""t"":4693},{""x"":883,""y"":421,""t"":4776},{""x"":827,""y"":424,""t"":4796},{""x"":747,""y"":359,""t"":4880},{""x"":679,""y"":303,""t"":4897},{""x"":620,""y"":276,""t"":4983},{""x"":572,""y"":254,""t"":4998},{""x"":573,""y"":252,""t"":5083},{""x"":577,""y"":252,""t"":5102},{""x"":601,""y"":228,""t"":5184},{""x"":623,""y"":208,""t"":5204},{""x"":646,""y"":208,""t"":5289},{""x"":667,""y"":209,""t"":5305},{""x"":670,""y"":252,""t"":5386},{""x"":720,""y"":318,""t"":5440},{""x"":803,""y"":355,""t"":5500},{""x"":872,""y"":385,""t"":5514},{""x"":954,""y"":362,""t"":5595},{""x"":1091,""y"":375,""t"":5612},{""x"":1161,""y"":437,""t"":5693},{""x"":1214,""y"":488,""t"":5712},{""x"":1260,""y"":516,""t"":5797},{""x"":1293,""y"":538,""t"":5815},{""x"":1267,""y"":557,""t"":5899},{""x"":1255,""y"":564,""t"":5916},{""x"":1183,""y"":531,""t"":5999},{""x"":1119,""y"":501,""t"":6018},{""x"":1077,""y"":468,""t"":6106},{""x"":1041,""y"":439,""t"":6121},{""x"":1016,""y"":395,""t"":6205},{""x"":1008,""y"":379,""t"":6222},{""x"":940,""y"":341,""t"":6306},{""x"":883,""y"":309,""t"":6324},{""x"":865,""y"":331,""t"":6410}]",{},f,0.6,0.4,0.38,0.22000000000000003,0.38,0.6,0.22000000000000003,0.4,experimental,catch_2,"{""durations"":[1250,1250,1250,1250],""attributes"":[""all"",""all"",""all"",""all""],""alternatives"":[0,1,0,1]}",1,0.6,0.4,1920,1080,"""","""","""","""","""","""",2021-06-16 16:45:48,,"Mozilla/5.0 (Windows NT 10.0; Win64; x64) AppleWebKit/537.36 (KHTML, like Gecko) Chrome/91.0.4472.106 Safari/537.36",WebKit,Chrome,91.0.4472.106,Windows,10.0
70,248,1,"""","""","""","""","""",html-keyboard-response,70,670180,0.0-12.0-1.0-1.22,main,29KKCMFL,1920,1080,exp_98,0.262294910469391,4.9,,"<p style=""font-size:40px;"">+</p>",,"""","""","""","""","[{""x"":939,""y"":340,""t"":-50},{""x"":987,""y"":421,""t"":0},{""x"":1085,""y"":494,""t"":96},{""x"":1164,""y"":575,""t"":111},{""x"":1169,""y"":595,""t"":193},{""x"":1139,""y"":605,""t"":209},{""x"":1166,""y"":627,""t"":290},{""x"":1224,""y"":617,""t"":307},{""x"":1236,""y"":630,""t"":392},{""x"":1244,""y"":639,""t"":409}]",{},"""","""","""","""","""","""","""","""","""","""","""","""","""","""","""","""","""","""","""","""","""","""","""",2021-06-16 16:45:48,,"Mozilla/5.0 (Windows NT 10.0; Win64; x64) AppleWebKit/537.36 (KHTML, like Gecko) Chrome/91.0.4472.106 Safari/537.36",WebKit,Chrome,91.0.4472.106,Windows,10.0
71,248,1,"""","""","""","""","""",two-gamble-sequence,71,677022,0.0-12.0-1.0-2.22,main,29KKCMFL,1920,1080,exp_98,0.262294910469391,4.9,1113.6999999284744,"""","""","""","""","""","""","[{""x"":1210,""y"":579,""t"":-17},{""x"":1180,""y"":526,""t"":0},{""x"":1081,""y"":480,""t"":103},{""x"":996,""y"":442,""t"":143},{""x"":928,""y"":404,""t"":227},{""x"":871,""y"":374,""t"":243},{""x"":846,""y"":354,""t"":325},{""x"":846,""y"":348,""t"":342},{""x"":846,""y"":360,""t"":423},{""x"":848,""y"":372,""t"":443},{""x"":831,""y"":398,""t"":531},{""x"":819,""y"":421,""t"":546},{""x"":681,""y"":380,""t"":628},{""x"":566,""y"":346,""t"":648},{""x"":411,""y"":317,""t"":731},{""x"":358,""y"":324,""t"":749},{""x"":274,""y"":309,""t"":833},{""x"":209,""y"":297,""t"":851},{""x"":272,""y"":303,""t"":930},{""x"":333,""y"":310,""t"":953},{""x"":342,""y"":379,""t"":1036},{""x"":399,""y"":435,""t"":1088},{""x"":430,""y"":500,""t"":1104},{""x"":446,""y"":543,""t"":1151},{""x"":461,""y"":576,""t"":1200},{""x"":485,""y"":607,""t"":1286},{""x"":505,""y"":630,""t"":1301},{""x"":514,""y"":636,""t"":1380},{""x"":582,""y"":600,""t"":1396},{""x"":472,""y"":522,""t"":1477},{""x"":383,""y"":450,""t"":1533},{""x"":388,""y"":382,""t"":1592},{""x"":394,""y"":326,""t"":1607},{""x"":413,""y"":322,""t"":1685},{""x"":430,""y"":321,""t"":1701},{""x"":407,""y"":339,""t"":1782},{""x"":317,""y"":352,""t"":1803},{""x"":279,""y"":358,""t"":1882},{""x"":468,""y"":301,""t"":1936},{""x"":628,""y"":288,""t"":1952},{""x"":817,""y"":257,""t"":2031},{""x"":979,""y"":277,""t"":2047},{""x"":1092,""y"":267,""t"":2127},{""x"":1184,""y"":241,""t"":2142},{""x"":1247,""y"":297,""t"":2228},{""x"":1291,""y"":347,""t"":2245},{""x"":1355,""y"":411,""t"":2324},{""x"":1401,""y"":465,""t"":2346},{""x"":1420,""y"":499,""t"":2429},{""x"":1465,""y"":569,""t"":2481},{""x"":1485,""y"":621,""t"":2497},{""x"":1487,""y"":689,""t"":2546},{""x"":1484,""y"":743,""t"":2596},{""x"":1477,""y"":778,""t"":2679},{""x"":1467,""y"":803,""t"":2694},{""x"":1447,""y"":716,""t"":2774},{""x"":1461,""y"":676,""t"":2790},{""x"":1448,""y"":629,""t"":2872},{""x"":1435,""y"":587,""t"":2891},{""x"":1437,""y"":512,""t"":2975},{""x"":1439,""y"":450,""t"":2993},{""x"":1122,""y"":369,""t"":3075},{""x"":913,""y"":234,""t"":3096},{""x"":764,""y"":198,""t"":3177},{""x"":644,""y"":173,""t"":3198},{""x"":542,""y"":144,""t"":3281},{""x"":466,""y"":123,""t"":3299},{""x"":447,""y"":113,""t"":3382},{""x"":442,""y"":108,""t"":3402},{""x"":466,""y"":190,""t"":3482},{""x"":484,""y"":257,""t"":3535},{""x"":512,""y"":292,""t"":3551},{""x"":511,""y"":311,""t"":3633},{""x"":514,""y"":326,""t"":3648},{""x"":510,""y"":358,""t"":3732},{""x"":508,""y"":385,""t"":3747},{""x"":530,""y"":415,""t"":3829},{""x"":550,""y"":439,""t"":3844},{""x"":534,""y"":483,""t"":3926},{""x"":643,""y"":516,""t"":3978},{""x"":732,""y"":492,""t"":3994},{""x"":952,""y"":530,""t"":4072},{""x"":1067,""y"":451,""t"":4087},{""x"":1148,""y"":440,""t"":4174},{""x"":1167,""y"":417,""t"":4190},{""x"":1219,""y"":438,""t"":4274},{""x"":1256,""y"":457,""t"":4290},{""x"":1268,""y"":513,""t"":4371},{""x"":1273,""y"":560,""t"":4386},{""x"":1236,""y"":535,""t"":4472},{""x"":1242,""y"":573,""t"":4490},{""x"":1273,""y"":529,""t"":4575},{""x"":1257,""y"":516,""t"":4591},{""x"":1220,""y"":521,""t"":4672},{""x"":1186,""y"":524,""t"":4693},{""x"":1144,""y"":483,""t"":4776},{""x"":1107,""y"":448,""t"":4795},{""x"":1239,""y"":491,""t"":4877},{""x"":1351,""y"":529,""t"":4897},{""x"":1382,""y"":527,""t"":4979},{""x"":1406,""y"":525,""t"":4999},{""x"":1468,""y"":556,""t"":5085},{""x"":1519,""y"":581,""t"":5100},{""x"":1559,""y"":626,""t"":5179},{""x"":1590,""y"":662,""t"":5203},{""x"":1560,""y"":600,""t"":5286},{""x"":1502,""y"":594,""t"":5305},{""x"":1449,""y"":543,""t"":5388},{""x"":1326,""y"":470,""t"":5407},{""x"":1280,""y"":496,""t"":5489},{""x"":1173,""y"":484,""t"":5509},{""x"":1186,""y"":492,""t"":5592},{""x"":1201,""y"":500,""t"":5610},{""x"":1194,""y"":548,""t"":5692},{""x"":1190,""y"":589,""t"":5712},{""x"":1143,""y"":594,""t"":5796},{""x"":1105,""y"":597,""t"":5814},{""x"":1101,""y"":620,""t"":5897},{""x"":1116,""y"":625,""t"":5951},{""x"":1141,""y"":630,""t"":6008},{""x"":1152,""y"":658,""t"":6023},{""x"":1163,""y"":677,""t"":6106},{""x"":1232,""y"":698,""t"":6122},{""x"":1275,""y"":727,""t"":6209},{""x"":1270,""y"":735,""t"":6224},{""x"":1260,""y"":739,""t"":6311},{""x"":1251,""y"":740,""t"":6326},{""x"":1261,""y"":752,""t"":6412},{""x"":1269,""y"":761,""t"":6428},{""x"":1271,""y"":754,""t"":6512},{""x"":1271,""y"":747,""t"":6529},{""x"":1262,""y"":753,""t"":6614},{""x"":1280,""y"":760,""t"":6631},{""x"":1214,""y"":725,""t"":6713},{""x"":1220,""y"":615,""t"":6767}]",{},f,0.5,0.3,0.38,0.4,0.5,0.38,0.3,0.4,experimental,exp_88,"{""durations"":[1500,1000,1500,1000],""alternatives"":[0,1,0,1],""attributes"":[""all"",""all"",""all"",""all""]}",0,0.5,0.3,1920,1080,"""","""","""","""","""","""",2021-06-16 16:45:48,,"Mozilla/5.0 (Windows NT 10.0; Win64; x64) AppleWebKit/537.36 (KHTML, like Gecko) Chrome/91.0.4472.106 Safari/537.36",WebKit,Chrome,91.0.4472.106,Windows,10.0
72,248,1,"""","""","""","""","""",html-keyboard-response,72,677535,0.0-12.0-1.0-1.23,main,29KKCMFL,1920,1080,exp_98,0.262294910469391,4.9,,"<p style=""font-size:40px;"">+</p>",,"""","""","""","""","[{""x"":1272,""y"":601,""t"":-15},{""x"":1262,""y"":589,""t"":0},{""x"":1244,""y"":626,""t"":99},{""x"":1228,""y"":660,""t"":114},{""x"":1183,""y"":628,""t"":199},{""x"":1068,""y"":534,""t"":214},{""x"":992,""y"":502,""t"":297},{""x"":931,""y"":477,""t"":313},{""x"":909,""y"":489,""t"":400},{""x"":895,""y"":502,""t"":416}]",{},"""","""","""","""","""","""","""","""","""","""","""","""","""","""","""","""","""","""","""","""","""","""","""",2021-06-16 16:45:48,,"Mozilla/5.0 (Windows NT 10.0; Win64; x64) AppleWebKit/537.36 (KHTML, like Gecko) Chrome/91.0.4472.106 Safari/537.36",WebKit,Chrome,91.0.4472.106,Windows,10.0
73,248,1,"""","""","""","""","""",two-gamble-sequence,73,683755,0.0-12.0-1.0-2.23,main,29KKCMFL,1920,1080,exp_98,0.262294910469391,4.9,494.10000002384186,"""","""","""","""","""","""","[{""x"":971,""y"":491,""t"":-16},{""x"":995,""y"":533,""t"":0},{""x"":1021,""y"":580,""t"":92},{""x"":1041,""y"":573,""t"":118},{""x"":967,""y"":541,""t"":196},{""x"":919,""y"":521,""t"":247},{""x"":887,""y"":499,""t"":332},{""x"":861,""y"":480,""t"":348},{""x"":865,""y"":457,""t"":432},{""x"":872,""y"":438,""t"":447},{""x"":824,""y"":377,""t"":529},{""x"":784,""y"":327,""t"":545},{""x"":808,""y"":335,""t"":625},{""x"":870,""y"":341,""t"":678},{""x"":924,""y"":348,""t"":693},{""x"":902,""y"":333,""t"":773},{""x"":883,""y"":321,""t"":788},{""x"":876,""y"":308,""t"":873},{""x"":870,""y"":298,""t"":890},{""x"":801,""y"":247,""t"":975},{""x"":742,""y"":204,""t"":990},{""x"":671,""y"":212,""t"":1075},{""x"":651,""y"":229,""t"":1090},{""x"":653,""y"":257,""t"":1171},{""x"":582,""y"":286,""t"":1191},{""x"":685,""y"":315,""t"":1275},{""x"":731,""y"":356,""t"":1294},{""x"":707,""y"":353,""t"":1377},{""x"":687,""y"":348,""t"":1394},{""x"":699,""y"":304,""t"":1474},{""x"":689,""y"":307,""t"":1497},{""x"":877,""y"":310,""t"":1580},{""x"":991,""y"":320,""t"":1632},{""x"":1085,""y"":329,""t"":1648},{""x"":1142,""y"":337,""t"":1729},{""x"":1186,""y"":344,""t"":1744},{""x"":1349,""y"":442,""t"":1824},{""x"":1482,""y"":526,""t"":1840},{""x"":1410,""y"":525,""t"":1921},{""x"":1377,""y"":575,""t"":1940},{""x"":1286,""y"":575,""t"":2020},{""x"":1244,""y"":599,""t"":2041},{""x"":1172,""y"":597,""t"":2123},{""x"":1143,""y"":629,""t"":2143},{""x"":1209,""y"":598,""t"":2223},{""x"":1266,""y"":569,""t"":2245},{""x"":1362,""y"":539,""t"":2325},{""x"":1441,""y"":512,""t"":2347},{""x"":1377,""y"":470,""t"":2428},{""x"":1421,""y"":525,""t"":2491},{""x"":1471,""y"":501,""t"":2546},{""x"":1553,""y"":494,""t"":2562},{""x"":1579,""y"":527,""t"":2644},{""x"":1599,""y"":526,""t"":2659},{""x"":1637,""y"":517,""t"":2740},{""x"":1637,""y"":541,""t"":2756},{""x"":1627,""y"":560,""t"":2837},{""x"":1573,""y"":578,""t"":2889},{""x"":1573,""y"":599,""t"":2905},{""x"":1504,""y"":589,""t"":2986},{""x"":1477,""y"":585,""t"":3000},{""x"":1432,""y"":563,""t"":3082},{""x"":1395,""y"":544,""t"":3097},{""x"":1226,""y"":414,""t"":3180},{""x"":1085,""y"":304,""t"":3197},{""x"":913,""y"":255,""t"":3280},{""x"":774,""y"":217,""t"":3299},{""x"":672,""y"":219,""t"":3383},{""x"":595,""y"":224,""t"":3401},{""x"":545,""y"":263,""t"":3481},{""x"":560,""y"":337,""t"":3536},{""x"":589,""y"":407,""t"":3592},{""x"":558,""y"":439,""t"":3608},{""x"":548,""y"":469,""t"":3692},{""x"":545,""y"":494,""t"":3708},{""x"":767,""y"":555,""t"":3792},{""x"":973,""y"":612,""t"":3808},{""x"":1113,""y"":643,""t"":3892},{""x"":1269,""y"":667,""t"":3945},{""x"":1416,""y"":657,""t"":3997},{""x"":1484,""y"":620,""t"":4012},{""x"":1544,""y"":573,""t"":4095},{""x"":1592,""y"":516,""t"":4115},{""x"":1608,""y"":458,""t"":4200},{""x"":1566,""y"":377,""t"":4217},{""x"":1458,""y"":322,""t"":4298},{""x"":1377,""y"":264,""t"":4351},{""x"":1292,""y"":218,""t"":4365},{""x"":1211,""y"":152,""t"":4416},{""x"":1142,""y"":100,""t"":4465},{""x"":1066,""y"":80,""t"":4549},{""x"":1043,""y"":48,""t"":4565},{""x"":1082,""y"":166,""t"":4649},{""x"":1137,""y"":285,""t"":4664},{""x"":1174,""y"":364,""t"":4747},{""x"":1206,""y"":430,""t"":4762},{""x"":1301,""y"":480,""t"":4846},{""x"":1382,""y"":519,""t"":4862},{""x"":1414,""y"":544,""t"":4945},{""x"":1439,""y"":563,""t"":4965},{""x"":1497,""y"":575,""t"":5049},{""x"":1544,""y"":582,""t"":5068},{""x"":1590,""y"":600,""t"":5150},{""x"":1625,""y"":612,""t"":5168},{""x"":1639,""y"":592,""t"":5251},{""x"":1633,""y"":587,""t"":5302},{""x"":1623,""y"":581,""t"":5318},{""x"":1475,""y"":560,""t"":5401},{""x"":1347,""y"":540,""t"":5417},{""x"":1266,""y"":562,""t"":5500},{""x"":1200,""y"":579,""t"":5516},{""x"":1182,""y"":577,""t"":5597},{""x"":1172,""y"":574,""t"":5611},{""x"":1111,""y"":523,""t"":5697},{""x"":1119,""y"":534,""t"":5713},{""x"":1166,""y"":525,""t"":5795},{""x"":1256,""y"":506,""t"":5815},{""x"":1269,""y"":545,""t"":5899},{""x"":1237,""y"":515,""t"":5917},{""x"":1280,""y"":542,""t"":5998},{""x"":1285,""y"":547,""t"":6054},{""x"":1289,""y"":531,""t"":6107},{""x"":1305,""y"":517,""t"":6122}]",{},j,0.22,0.79,0.49,0.42000000000000004,0.49,0.22,0.42000000000000004,0.79,experimental,exp_116,"{""durations"":[1500,1000,1500,1000],""alternatives"":[1,0,1,0],""attributes"":[""all"",""all"",""all"",""all""]}",0,0.49,0.42000000000000004,1920,1080,"""","""","""","""","""","""",2021-06-16 16:45:48,,"Mozilla/5.0 (Windows NT 10.0; Win64; x64) AppleWebKit/537.36 (KHTML, like Gecko) Chrome/91.0.4472.106 Safari/537.36",WebKit,Chrome,91.0.4472.106,Windows,10.0
74,248,1,"""","""","""","""","""",html-keyboard-response,74,684266,0.0-12.0-1.0-1.24,main,29KKCMFL,1920,1080,exp_98,0.262294910469391,4.9,,"<p style=""font-size:40px;"">+</p>",,"""","""","""","""","[{""x"":1294,""y"":533,""t"":-16},{""x"":1284,""y"":546,""t"":0},{""x"":1341,""y"":497,""t"":93},{""x"":1375,""y"":478,""t"":109},{""x"":1397,""y"":468,""t"":192},{""x"":1415,""y"":461,""t"":206},{""x"":1383,""y"":412,""t"":288},{""x"":1420,""y"":423,""t"":308},{""x"":1332,""y"":434,""t"":391},{""x"":1255,""y"":445,""t"":409}]",{},"""","""","""","""","""","""","""","""","""","""","""","""","""","""","""","""","""","""","""","""","""","""","""",2021-06-16 16:45:48,,"Mozilla/5.0 (Windows NT 10.0; Win64; x64) AppleWebKit/537.36 (KHTML, like Gecko) Chrome/91.0.4472.106 Safari/537.36",WebKit,Chrome,91.0.4472.106,Windows,10.0
75,248,1,"""","""","""","""","""",two-gamble-sequence,75,690373,0.0-12.0-1.0-2.24,main,29KKCMFL,1920,1080,exp_98,0.262294910469391,4.9,420.2000000476837,"""","""","""","""","""","""","[{""x"":1074,""y"":456,""t"":-16},{""x"":1099,""y"":509,""t"":0},{""x"":1062,""y"":522,""t"":94},{""x"":1089,""y"":536,""t"":120},{""x"":1076,""y"":542,""t"":176},{""x"":1096,""y"":541,""t"":246},{""x"":1167,""y"":552,""t"":328},{""x"":1229,""y"":560,""t"":344},{""x"":1058,""y"":463,""t"":425},{""x"":912,""y"":380,""t"":443},{""x"":861,""y"":323,""t"":523},{""x"":822,""y"":277,""t"":544},{""x"":754,""y"":253,""t"":626},{""x"":699,""y"":237,""t"":647},{""x"":695,""y"":319,""t"":732},{""x"":665,""y"":360,""t"":749},{""x"":676,""y"":365,""t"":831},{""x"":690,""y"":370,""t"":851},{""x"":649,""y"":390,""t"":933},{""x"":641,""y"":385,""t"":986},{""x"":635,""y"":373,""t"":1002},{""x"":632,""y"":363,""t"":1054},{""x"":632,""y"":355,""t"":1102},{""x"":740,""y"":258,""t"":1185},{""x"":830,""y"":205,""t"":1201},{""x"":891,""y"":193,""t"":1281},{""x"":950,""y"":205,""t"":1298},{""x"":840,""y"":243,""t"":1380},{""x"":744,""y"":278,""t"":1396},{""x"":697,""y"":295,""t"":1478},{""x"":659,""y"":310,""t"":1496},{""x"":782,""y"":285,""t"":1578},{""x"":794,""y"":303,""t"":1630},{""x"":805,""y"":317,""t"":1645},{""x"":798,""y"":332,""t"":1723},{""x"":799,""y"":350,""t"":1739},{""x"":986,""y"":338,""t"":1822},{""x"":1139,""y"":365,""t"":1838},{""x"":1206,""y"":380,""t"":1919},{""x"":1289,""y"":397,""t"":1970},{""x"":1353,""y"":410,""t"":1986},{""x"":1435,""y"":428,""t"":2065},{""x"":1498,""y"":442,""t"":2080},{""x"":1571,""y"":505,""t"":2164},{""x"":1627,""y"":558,""t"":2180},{""x"":1686,""y"":603,""t"":2261},{""x"":1728,""y"":641,""t"":2280},{""x"":1724,""y"":670,""t"":2361},{""x"":1714,""y"":692,""t"":2381},{""x"":1684,""y"":698,""t"":2463},{""x"":1654,""y"":701,""t"":2483},{""x"":1623,""y"":703,""t"":2562},{""x"":1591,""y"":713,""t"":2620},{""x"":1555,""y"":695,""t"":2677},{""x"":1525,""y"":678,""t"":2691},{""x"":1485,""y"":593,""t"":2772},{""x"":1451,""y"":520,""t"":2788},{""x"":1485,""y"":540,""t"":2869},{""x"":1532,""y"":530,""t"":2923},{""x"":1543,""y"":515,""t"":2939},{""x"":1553,""y"":508,""t"":3021},{""x"":1561,""y"":503,""t"":3036},{""x"":1521,""y"":444,""t"":3124},{""x"":1388,""y"":379,""t"":3139},{""x"":1225,""y"":375,""t"":3219},{""x"":1070,""y"":344,""t"":3235},{""x"":909,""y"":318,""t"":3315},{""x"":778,""y"":298,""t"":3332},{""x"":685,""y"":295,""t"":3414},{""x"":520,""y"":289,""t"":3434},{""x"":376,""y"":258,""t"":3515},{""x"":441,""y"":274,""t"":3568},{""x"":507,""y"":290,""t"":3583},{""x"":500,""y"":318,""t"":3663},{""x"":501,""y"":343,""t"":3679},{""x"":540,""y"":355,""t"":3760},{""x"":577,""y"":364,""t"":3775},{""x"":590,""y"":406,""t"":3858},{""x"":603,""y"":442,""t"":3876},{""x"":568,""y"":482,""t"":3958},{""x"":573,""y"":475,""t"":4012},{""x"":709,""y"":454,""t"":4028},{""x"":916,""y"":448,""t"":4075},{""x"":1091,""y"":443,""t"":4127},{""x"":1265,""y"":476,""t"":4209},{""x"":1407,""y"":502,""t"":4224},{""x"":1458,""y"":472,""t"":4308},{""x"":1491,""y"":445,""t"":4323},{""x"":1529,""y"":450,""t"":4404},{""x"":1552,""y"":454,""t"":4420},{""x"":1584,""y"":545,""t"":4502},{""x"":1606,""y"":591,""t"":4522},{""x"":1621,""y"":614,""t"":4603},{""x"":1633,""y"":610,""t"":4656},{""x"":1637,""y"":604,""t"":4671},{""x"":1620,""y"":602,""t"":4760},{""x"":1601,""y"":600,""t"":4775},{""x"":1558,""y"":624,""t"":4862},{""x"":1472,""y"":584,""t"":4923},{""x"":1444,""y"":599,""t"":4939},{""x"":1271,""y"":538,""t"":5023},{""x"":1125,""y"":486,""t"":5040},{""x"":1124,""y"":461,""t"":5124},{""x"":1129,""y"":442,""t"":5139},{""x"":1168,""y"":438,""t"":5222},{""x"":1141,""y"":427,""t"":5238},{""x"":1108,""y"":436,""t"":5325},{""x"":1075,""y"":459,""t"":5341},{""x"":1059,""y"":472,""t"":5423},{""x"":1045,""y"":508,""t"":5441},{""x"":1073,""y"":408,""t"":5525},{""x"":1147,""y"":416,""t"":5543},{""x"":1207,""y"":447,""t"":5628},{""x"":1239,""y"":480,""t"":5645},{""x"":1302,""y"":472,""t"":5728},{""x"":1355,""y"":466,""t"":5747},{""x"":1326,""y"":480,""t"":5831},{""x"":1390,""y"":491,""t"":5850},{""x"":1404,""y"":560,""t"":5931},{""x"":1414,""y"":619,""t"":5951},{""x"":1419,""y"":619,""t"":6033}]",{},j,0.19,0.2,0.72,0.3,0.19,0.72,0.2,0.3,experimental,catch_0,"{""durations"":[1250,1250,1250,1250],""attributes"":[""all"",""all"",""all"",""all""],""alternatives"":[0,1,0,1]}",1,0.72,0.3,1920,1080,"""","""","""","""","""","""",2021-06-16 16:45:48,,"Mozilla/5.0 (Windows NT 10.0; Win64; x64) AppleWebKit/537.36 (KHTML, like Gecko) Chrome/91.0.4472.106 Safari/537.36",WebKit,Chrome,91.0.4472.106,Windows,10.0
76,248,1,"""","""","""","""","""",html-keyboard-response,76,690879,0.0-12.0-1.0-1.25,main,29KKCMFL,1920,1080,exp_98,0.262294910469391,4.9,,"<p style=""font-size:40px;"">+</p>",,"""","""","""","""","[{""x"":1410,""y"":621,""t"":-53},{""x"":1390,""y"":606,""t"":0},{""x"":1333,""y"":581,""t"":99},{""x"":1284,""y"":559,""t"":113},{""x"":1240,""y"":555,""t"":196},{""x"":1175,""y"":525,""t"":211},{""x"":1160,""y"":547,""t"":294},{""x"":1149,""y"":565,""t"":310},{""x"":1152,""y"":562,""t"":390},{""x"":1157,""y"":558,""t"":408}]",{},"""","""","""","""","""","""","""","""","""","""","""","""","""","""","""","""","""","""","""","""","""","""","""",2021-06-16 16:45:48,,"Mozilla/5.0 (Windows NT 10.0; Win64; x64) AppleWebKit/537.36 (KHTML, like Gecko) Chrome/91.0.4472.106 Safari/537.36",WebKit,Chrome,91.0.4472.106,Windows,10.0
77,248,1,"""","""","""","""","""",two-gamble-sequence,77,697169,0.0-12.0-1.0-2.25,main,29KKCMFL,1920,1080,exp_98,0.262294910469391,4.9,600.1000000238419,"""","""","""","""","""","""","[{""x"":1152,""y"":571,""t"":-16},{""x"":1149,""y"":582,""t"":0},{""x"":1125,""y"":545,""t"":90},{""x"":1110,""y"":498,""t"":113},{""x"":1146,""y"":510,""t"":188},{""x"":1178,""y"":521,""t"":240},{""x"":1145,""y"":499,""t"":323},{""x"":1116,""y"":480,""t"":341},{""x"":1147,""y"":481,""t"":421},{""x"":1084,""y"":489,""t"":474},{""x"":1030,""y"":496,""t"":490},{""x"":1050,""y"":487,""t"":573},{""x"":1098,""y"":526,""t"":589},{""x"":986,""y"":447,""t"":671},{""x"":892,""y"":380,""t"":685},{""x"":844,""y"":355,""t"":770},{""x"":738,""y"":283,""t"":785},{""x"":764,""y"":293,""t"":869},{""x"":791,""y"":305,""t"":885},{""x"":891,""y"":356,""t"":964},{""x"":951,""y"":390,""t"":1017},{""x"":1002,""y"":419,""t"":1034},{""x"":949,""y"":432,""t"":1114},{""x"":903,""y"":442,""t"":1130},{""x"":808,""y"":385,""t"":1210},{""x"":727,""y"":336,""t"":1227},{""x"":752,""y"":328,""t"":1314},{""x"":776,""y"":323,""t"":1329},{""x"":768,""y"":332,""t"":1420},{""x"":764,""y"":341,""t"":1435},{""x"":892,""y"":318,""t"":1524},{""x"":1003,""y"":299,""t"":1539},{""x"":1157,""y"":378,""t"":1618},{""x"":1133,""y"":322,""t"":1633},{""x"":1207,""y"":364,""t"":1715},{""x"":1286,""y"":395,""t"":1735},{""x"":1344,""y"":414,""t"":1813},{""x"":1433,""y"":461,""t"":1869},{""x"":1492,""y"":480,""t"":1883},{""x"":1487,""y"":493,""t"":1966},{""x"":1476,""y"":502,""t"":1980},{""x"":1518,""y"":540,""t"":2068},{""x"":1564,""y"":599,""t"":2084},{""x"":1579,""y"":655,""t"":2163},{""x"":1587,""y"":701,""t"":2180},{""x"":1599,""y"":732,""t"":2261},{""x"":1606,""y"":755,""t"":2279},{""x"":1598,""y"":735,""t"":2366},{""x"":1559,""y"":747,""t"":2381},{""x"":1547,""y"":743,""t"":2464},{""x"":1536,""y"":737,""t"":2483},{""x"":1513,""y"":730,""t"":2565},{""x"":1461,""y"":742,""t"":2619},{""x"":1310,""y"":644,""t"":2673},{""x"":1218,""y"":554,""t"":2687},{""x"":1072,""y"":536,""t"":2772},{""x"":1001,""y"":490,""t"":2789},{""x"":860,""y"":426,""t"":2871},{""x"":801,""y"":387,""t"":2925},{""x"":678,""y"":326,""t"":2984},{""x"":582,""y"":278,""t"":3000},{""x"":457,""y"":225,""t"":3079},{""x"":360,""y"":185,""t"":3095},{""x"":440,""y"":221,""t"":3176},{""x"":516,""y"":276,""t"":3197},{""x"":594,""y"":327,""t"":3280},{""x"":665,""y"":373,""t"":3300},{""x"":748,""y"":371,""t"":3385},{""x"":819,""y"":370,""t"":3401},{""x"":688,""y"":307,""t"":3480},{""x"":576,""y"":253,""t"":3503},{""x"":493,""y"":246,""t"":3586},{""x"":426,""y"":242,""t"":3605},{""x"":417,""y"":245,""t"":3688},{""x"":414,""y"":248,""t"":3707},{""x"":431,""y"":234,""t"":3792},{""x"":448,""y"":222,""t"":3809},{""x"":498,""y"":204,""t"":3893},{""x"":542,""y"":189,""t"":3911},{""x"":702,""y"":233,""t"":3991},{""x"":829,""y"":271,""t"":4042},{""x"":933,""y"":304,""t"":4057},{""x"":1166,""y"":342,""t"":4139},{""x"":1357,""y"":373,""t"":4155},{""x"":1465,""y"":410,""t"":4236},{""x"":1544,""y"":431,""t"":4253},{""x"":1679,""y"":451,""t"":4334},{""x"":1654,""y"":440,""t"":4354},{""x"":1746,""y"":501,""t"":4437},{""x"":1677,""y"":485,""t"":4455},{""x"":1742,""y"":527,""t"":4542},{""x"":1790,""y"":561,""t"":4558},{""x"":1788,""y"":557,""t"":4639},{""x"":1791,""y"":571,""t"":4694},{""x"":1637,""y"":547,""t"":4750},{""x"":1413,""y"":488,""t"":4765},{""x"":1230,""y"":452,""t"":4850},{""x"":1076,""y"":422,""t"":4866},{""x"":962,""y"":409,""t"":4948},{""x"":871,""y"":399,""t"":4965},{""x"":817,""y"":342,""t"":5049},{""x"":778,""y"":295,""t"":5068},{""x"":759,""y"":267,""t"":5149},{""x"":749,""y"":247,""t"":5170},{""x"":809,""y"":253,""t"":5264},{""x"":824,""y"":244,""t"":5281},{""x"":940,""y"":283,""t"":5372},{""x"":966,""y"":261,""t"":5386},{""x"":993,""y"":275,""t"":5469},{""x"":981,""y"":311,""t"":5484},{""x"":919,""y"":297,""t"":5569},{""x"":816,""y"":264,""t"":5584},{""x"":881,""y"":359,""t"":5670},{""x"":921,""y"":433,""t"":5685},{""x"":972,""y"":488,""t"":5767},{""x"":1015,""y"":532,""t"":5783},{""x"":1079,""y"":613,""t"":5868},{""x"":1133,""y"":679,""t"":5883},{""x"":1147,""y"":708,""t"":5966},{""x"":1137,""y"":724,""t"":5984},{""x"":1141,""y"":766,""t"":6067},{""x"":1143,""y"":797,""t"":6087},{""x"":1172,""y"":818,""t"":6170},{""x"":1176,""y"":868,""t"":6188}]",{},f,0.58,0.49000000000000005,0.38,0.6900000000000001,0.58,0.38,0.49000000000000005,0.6900000000000001,experimental,exp_102,"{""durations"":[1000,1500,1000,1500],""alternatives"":[0,1,0,1],""attributes"":[""all"",""all"",""all"",""all""]}",0,0.58,0.49000000000000005,1920,1080,"""","""","""","""","""","""",2021-06-16 16:45:48,,"Mozilla/5.0 (Windows NT 10.0; Win64; x64) AppleWebKit/537.36 (KHTML, like Gecko) Chrome/91.0.4472.106 Safari/537.36",WebKit,Chrome,91.0.4472.106,Windows,10.0
78,248,1,"""","""","""","""","""",html-keyboard-response,78,697748,0.0-12.0-1.0-1.26,main,29KKCMFL,1920,1080,exp_98,0.262294910469391,4.9,,"<p style=""font-size:40px;"">+</p>",,"""","""","""","""","[{""x"":1257,""y"":828,""t"":-15},{""x"":1325,""y"":790,""t"":0},{""x"":1368,""y"":761,""t"":105},{""x"":1437,""y"":817,""t"":161},{""x"":1517,""y"":832,""t"":176},{""x"":1382,""y"":784,""t"":261},{""x"":1306,""y"":749,""t"":277},{""x"":1226,""y"":709,""t"":361},{""x"":1234,""y"":679,""t"":377},{""x"":1237,""y"":651,""t"":465},{""x"":1241,""y"":629,""t"":479}]",{},"""","""","""","""","""","""","""","""","""","""","""","""","""","""","""","""","""","""","""","""","""","""","""",2021-06-16 16:45:48,,"Mozilla/5.0 (Windows NT 10.0; Win64; x64) AppleWebKit/537.36 (KHTML, like Gecko) Chrome/91.0.4472.106 Safari/537.36",WebKit,Chrome,91.0.4472.106,Windows,10.0
79,248,1,"""","""","""","""","""",two-gamble-sequence,79,703901,0.0-12.0-1.0-2.26,main,29KKCMFL,1920,1080,exp_98,0.262294910469391,4.9,462.8000000715256,"""","""","""","""","""","""","[{""x"":1231,""y"":610,""t"":-17},{""x"":1223,""y"":596,""t"":0},{""x"":1099,""y"":533,""t"":110},{""x"":1000,""y"":491,""t"":178},{""x"":915,""y"":469,""t"":235},{""x"":847,""y"":454,""t"":251},{""x"":806,""y"":428,""t"":334},{""x"":887,""y"":456,""t"":351},{""x"":871,""y"":443,""t"":452},{""x"":860,""y"":433,""t"":477},{""x"":959,""y"":432,""t"":572},{""x"":1045,""y"":433,""t"":587},{""x"":1218,""y"":537,""t"":678},{""x"":1249,""y"":590,""t"":693},{""x"":1315,""y"":654,""t"":773},{""x"":1375,""y"":679,""t"":790},{""x"":1395,""y"":736,""t"":874},{""x"":1422,""y"":744,""t"":889},{""x"":1419,""y"":740,""t"":971},{""x"":1412,""y"":735,""t"":986},{""x"":1300,""y"":731,""t"":1070},{""x"":1176,""y"":711,""t"":1090},{""x"":1107,""y"":689,""t"":1174},{""x"":1050,""y"":669,""t"":1191},{""x"":975,""y"":646,""t"":1276},{""x"":915,""y"":627,""t"":1292},{""x"":771,""y"":624,""t"":1373},{""x"":653,""y"":622,""t"":1394},{""x"":556,""y"":632,""t"":1475},{""x"":511,""y"":615,""t"":1496},{""x"":461,""y"":638,""t"":1579},{""x"":620,""y"":578,""t"":1599},{""x"":669,""y"":554,""t"":1684},{""x"":666,""y"":513,""t"":1701},{""x"":707,""y"":477,""t"":1781},{""x"":700,""y"":491,""t"":1833},{""x"":695,""y"":505,""t"":1849},{""x"":669,""y"":475,""t"":1929},{""x"":648,""y"":451,""t"":1943},{""x"":842,""y"":358,""t"":2025},{""x"":1008,""y"":280,""t"":2041},{""x"":1140,""y"":278,""t"":2123},{""x"":1241,""y"":239,""t"":2143},{""x"":1358,""y"":205,""t"":2225},{""x"":1449,""y"":181,""t"":2244},{""x"":1491,""y"":162,""t"":2328},{""x"":1510,""y"":187,""t"":2346},{""x"":1303,""y"":177,""t"":2431},{""x"":1121,""y"":171,""t"":2448},{""x"":1009,""y"":177,""t"":2532},{""x"":892,""y"":171,""t"":2551},{""x"":765,""y"":180,""t"":2638},{""x"":662,""y"":189,""t"":2655},{""x"":608,""y"":153,""t"":2735},{""x"":570,""y"":124,""t"":2754},{""x"":740,""y"":182,""t"":2842},{""x"":892,""y"":232,""t"":2857},{""x"":1088,""y"":300,""t"":2939},{""x"":1254,""y"":354,""t"":2959},{""x"":1336,""y"":436,""t"":3039},{""x"":1337,""y"":436,""t"":3061},{""x"":1412,""y"":507,""t"":3145},{""x"":1470,""y"":564,""t"":3163},{""x"":1445,""y"":596,""t"":3244},{""x"":1466,""y"":633,""t"":3295},{""x"":1474,""y"":655,""t"":3311},{""x"":1479,""y"":689,""t"":3392},{""x"":1474,""y"":700,""t"":3407},{""x"":1466,""y"":726,""t"":3487},{""x"":1457,""y"":745,""t"":3503},{""x"":1319,""y"":723,""t"":3587},{""x"":1201,""y"":702,""t"":3605},{""x"":1018,""y"":648,""t"":3694},{""x"":866,""y"":601,""t"":3710},{""x"":721,""y"":595,""t"":3793},{""x"":605,""y"":591,""t"":3808},{""x"":479,""y"":613,""t"":3893},{""x"":381,""y"":632,""t"":3911},{""x"":271,""y"":611,""t"":3995},{""x"":189,""y"":592,""t"":4013},{""x"":125,""y"":591,""t"":4097},{""x"":81,""y"":591,""t"":4115},{""x"":38,""y"":579,""t"":4201},{""x"":10,""y"":569,""t"":4217},{""x"":128,""y"":504,""t"":4301},{""x"":209,""y"":407,""t"":4319},{""x"":285,""y"":377,""t"":4404},{""x"":352,""y"":354,""t"":4421},{""x"":447,""y"":334,""t"":4505},{""x"":528,""y"":320,""t"":4523},{""x"":619,""y"":341,""t"":4606},{""x"":612,""y"":322,""t"":4625},{""x"":861,""y"":341,""t"":4713},{""x"":1021,""y"":341,""t"":4729},{""x"":966,""y"":344,""t"":4815},{""x"":1000,""y"":361,""t"":4830},{""x"":1041,""y"":379,""t"":4912},{""x"":1070,""y"":395,""t"":4931},{""x"":1139,""y"":393,""t"":5016},{""x"":1192,""y"":391,""t"":5033},{""x"":1216,""y"":362,""t"":5116},{""x"":1310,""y"":382,""t"":5135},{""x"":1382,""y"":474,""t"":5219},{""x"":1358,""y"":530,""t"":5238},{""x"":1303,""y"":550,""t"":5321},{""x"":1271,""y"":567,""t"":5338},{""x"":1259,""y"":590,""t"":5419},{""x"":1199,""y"":563,""t"":5440},{""x"":1144,""y"":515,""t"":5524},{""x"":1097,""y"":474,""t"":5542},{""x"":1156,""y"":519,""t"":5632},{""x"":1208,""y"":558,""t"":5647},{""x"":1128,""y"":524,""t"":5731},{""x"":1060,""y"":494,""t"":5747},{""x"":1056,""y"":485,""t"":5829},{""x"":1055,""y"":477,""t"":5849},{""x"":1055,""y"":491,""t"":5933},{""x"":1023,""y"":473,""t"":5951},{""x"":1113,""y"":531,""t"":6034},{""x"":1123,""y"":567,""t"":6053}]",{},f,0.79,0.53,0.49,0.8300000000000001,0.79,0.49,0.53,0.8300000000000001,experimental,exp_1,"{""durations"":[1500,1000,1500,1000],""alternatives"":[""all"",""all"",""all"",""all""],""attributes"":[""p"",""m"",""p"",""m""]}",0,0.79,0.53,1920,1080,"""","""","""","""","""","""",2021-06-16 16:45:48,,"Mozilla/5.0 (Windows NT 10.0; Win64; x64) AppleWebKit/537.36 (KHTML, like Gecko) Chrome/91.0.4472.106 Safari/537.36",WebKit,Chrome,91.0.4472.106,Windows,10.0
80,248,1,"""","""","""","""","""",html-keyboard-response,80,704443,0.0-12.0-1.0-1.27,main,29KKCMFL,1920,1080,exp_98,0.262294910469391,4.9,,"<p style=""font-size:40px;"">+</p>",,"""","""","""","""","[{""x"":1117,""y"":536,""t"":-41},{""x"":1222,""y"":536,""t"":0},{""x"":1310,""y"":590,""t"":100},{""x"":1376,""y"":675,""t"":115},{""x"":1404,""y"":672,""t"":199},{""x"":1425,""y"":668,""t"":214},{""x"":1410,""y"":591,""t"":298},{""x"":1394,""y"":523,""t"":313},{""x"":1341,""y"":510,""t"":397},{""x"":1293,""y"":499,""t"":412}]",{},"""","""","""","""","""","""","""","""","""","""","""","""","""","""","""","""","""","""","""","""","""","""","""",2021-06-16 16:45:48,,"Mozilla/5.0 (Windows NT 10.0; Win64; x64) AppleWebKit/537.36 (KHTML, like Gecko) Chrome/91.0.4472.106 Safari/537.36",WebKit,Chrome,91.0.4472.106,Windows,10.0
81,248,1,"""","""","""","""","""",two-gamble-sequence,81,710681,0.0-12.0-1.0-2.27,main,29KKCMFL,1920,1080,exp_98,0.262294910469391,4.9,595.8000000715256,"""","""","""","""","""","""","[{""x"":1271,""y"":552,""t"":-16},{""x"":1253,""y"":598,""t"":0},{""x"":1247,""y"":651,""t"":109},{""x"":1218,""y"":725,""t"":182},{""x"":1192,""y"":792,""t"":235},{""x"":1098,""y"":744,""t"":250},{""x"":1045,""y"":722,""t"":333},{""x"":1002,""y"":701,""t"":347},{""x"":1002,""y"":649,""t"":429},{""x"":1005,""y"":603,""t"":445},{""x"":1020,""y"":536,""t"":528},{""x"":1035,""y"":480,""t"":545},{""x"":1120,""y"":501,""t"":629},{""x"":1195,""y"":521,""t"":647},{""x"":1324,""y"":586,""t"":729},{""x"":1405,""y"":618,""t"":750},{""x"":1445,""y"":637,""t"":833},{""x"":1466,""y"":643,""t"":850},{""x"":1486,""y"":661,""t"":938},{""x"":1500,""y"":675,""t"":954},{""x"":1524,""y"":673,""t"":1037},{""x"":1536,""y"":698,""t"":1054},{""x"":1558,""y"":706,""t"":1134},{""x"":1559,""y"":727,""t"":1186},{""x"":1557,""y"":743,""t"":1202},{""x"":1563,""y"":746,""t"":1284},{""x"":1567,""y"":748,""t"":1299},{""x"":1583,""y"":730,""t"":1383},{""x"":1595,""y"":714,""t"":1399},{""x"":1634,""y"":659,""t"":1481},{""x"":1644,""y"":660,""t"":1499},{""x"":1649,""y"":671,""t"":1583},{""x"":1690,""y"":699,""t"":1598},{""x"":1667,""y"":694,""t"":1680},{""x"":1646,""y"":689,""t"":1700},{""x"":1660,""y"":703,""t"":1784},{""x"":1670,""y"":715,""t"":1802},{""x"":1407,""y"":582,""t"":1881},{""x"":1134,""y"":452,""t"":1905},{""x"":973,""y"":363,""t"":1992},{""x"":839,""y"":338,""t"":2007},{""x"":695,""y"":296,""t"":2089},{""x"":583,""y"":264,""t"":2108},{""x"":539,""y"":231,""t"":2191},{""x"":437,""y"":181,""t"":2210},{""x"":471,""y"":209,""t"":2292},{""x"":478,""y"":218,""t"":2343},{""x"":493,""y"":230,""t"":2357},{""x"":508,""y"":294,""t"":2438},{""x"":491,""y"":333,""t"":2455},{""x"":493,""y"":388,""t"":2535},{""x"":500,""y"":434,""t"":2551},{""x"":509,""y"":472,""t"":2634},{""x"":527,""y"":527,""t"":2652},{""x"":582,""y"":536,""t"":2733},{""x"":590,""y"":519,""t"":2788},{""x"":672,""y"":563,""t"":2803},{""x"":732,""y"":584,""t"":2884},{""x"":811,""y"":607,""t"":2900},{""x"":900,""y"":607,""t"":2984},{""x"":972,""y"":604,""t"":2998},{""x"":1158,""y"":623,""t"":3079},{""x"":1282,""y"":637,""t"":3096},{""x"":1416,""y"":624,""t"":3179},{""x"":1511,""y"":611,""t"":3197},{""x"":1588,""y"":646,""t"":3282},{""x"":1642,""y"":664,""t"":3300},{""x"":1639,""y"":671,""t"":3381},{""x"":1645,""y"":678,""t"":3436},{""x"":1590,""y"":688,""t"":3487},{""x"":1537,""y"":695,""t"":3503},{""x"":1543,""y"":716,""t"":3587},{""x"":1544,""y"":733,""t"":3605},{""x"":1527,""y"":734,""t"":3686},{""x"":1568,""y"":711,""t"":3707},{""x"":1551,""y"":649,""t"":3788},{""x"":1576,""y"":635,""t"":3842},{""x"":1559,""y"":590,""t"":3857},{""x"":1427,""y"":512,""t"":3946},{""x"":1211,""y"":462,""t"":3999},{""x"":1057,""y"":452,""t"":4013},{""x"":905,""y"":403,""t"":4096},{""x"":782,""y"":365,""t"":4115},{""x"":689,""y"":300,""t"":4201},{""x"":619,""y"":248,""t"":4218},{""x"":623,""y"":261,""t"":4302},{""x"":636,""y"":276,""t"":4319},{""x"":655,""y"":272,""t"":4401},{""x"":678,""y"":271,""t"":4421},{""x"":633,""y"":263,""t"":4502},{""x"":602,""y"":235,""t"":4555},{""x"":559,""y"":253,""t"":4570},{""x"":522,""y"":274,""t"":4650},{""x"":494,""y"":292,""t"":4664},{""x"":511,""y"":275,""t"":4745},{""x"":529,""y"":260,""t"":4761},{""x"":511,""y"":231,""t"":4844},{""x"":498,""y"":207,""t"":4864},{""x"":666,""y"":240,""t"":4950},{""x"":863,""y"":331,""t"":4965},{""x"":996,""y"":343,""t"":5046},{""x"":1099,""y"":376,""t"":5099},{""x"":1181,""y"":403,""t"":5114},{""x"":1225,""y"":406,""t"":5200},{""x"":1256,""y"":406,""t"":5214},{""x"":1336,""y"":490,""t"":5298},{""x"":1397,""y"":560,""t"":5313},{""x"":1405,""y"":554,""t"":5391},{""x"":1379,""y"":594,""t"":5408},{""x"":1262,""y"":633,""t"":5488},{""x"":1158,""y"":663,""t"":5509},{""x"":1107,""y"":654,""t"":5591},{""x"":1061,""y"":642,""t"":5646},{""x"":1118,""y"":553,""t"":5706},{""x"":1125,""y"":528,""t"":5725},{""x"":1246,""y"":547,""t"":5805},{""x"":1320,""y"":562,""t"":5821},{""x"":1346,""y"":517,""t"":5905},{""x"":1381,""y"":493,""t"":5920},{""x"":1438,""y"":505,""t"":6007},{""x"":1420,""y"":503,""t"":6022},{""x"":1437,""y"":535,""t"":6105},{""x"":1450,""y"":562,""t"":6120}]",{},j,0.29,0.8099999999999999,0.61,0.22000000000000003,0.61,0.29,0.22000000000000003,0.8099999999999999,experimental,exp_80,"{""durations"":[1500,1000,1500,1000],""alternatives"":[0,1,0,1],""attributes"":[""all"",""all"",""all"",""all""]}",0,0.61,0.22000000000000003,1920,1080,"""","""","""","""","""","""",2021-06-16 16:45:48,,"Mozilla/5.0 (Windows NT 10.0; Win64; x64) AppleWebKit/537.36 (KHTML, like Gecko) Chrome/91.0.4472.106 Safari/537.36",WebKit,Chrome,91.0.4472.106,Windows,10.0
82,248,1,"""","""","""","""","""",html-keyboard-response,82,711220,0.0-12.0-1.0-1.28,main,29KKCMFL,1920,1080,exp_98,0.262294910469391,4.9,,"<p style=""font-size:40px;"">+</p>",,"""","""","""","""","[{""x"":1455,""y"":556,""t"":-30},{""x"":1458,""y"":550,""t"":-16},{""x"":1457,""y"":545,""t"":0},{""x"":1483,""y"":510,""t"":131},{""x"":1477,""y"":471,""t"":147},{""x"":1418,""y"":478,""t"":230},{""x"":1380,""y"":451,""t"":244},{""x"":1426,""y"":448,""t"":328},{""x"":1466,""y"":447,""t"":342},{""x"":1385,""y"":415,""t"":426},{""x"":1315,""y"":388,""t"":443}]",{},"""","""","""","""","""","""","""","""","""","""","""","""","""","""","""","""","""","""","""","""","""","""","""",2021-06-16 16:45:48,,"Mozilla/5.0 (Windows NT 10.0; Win64; x64) AppleWebKit/537.36 (KHTML, like Gecko) Chrome/91.0.4472.106 Safari/537.36",WebKit,Chrome,91.0.4472.106,Windows,10.0
83,248,1,"""","""","""","""","""",two-gamble-sequence,83,717330,0.0-12.0-1.0-2.28,main,29KKCMFL,1920,1080,exp_98,0.262294910469391,4.9,509.40000009536743,"""","""","""","""","""","""","[{""x"":1278,""y"":365,""t"":-15},{""x"":1176,""y"":364,""t"":0},{""x"":1148,""y"":360,""t"":113},{""x"":1119,""y"":418,""t"":185},{""x"":1097,""y"":468,""t"":204},{""x"":1089,""y"":480,""t"":286},{""x"":1083,""y"":509,""t"":340},{""x"":1079,""y"":568,""t"":355},{""x"":956,""y"":526,""t"":405},{""x"":771,""y"":445,""t"":454},{""x"":677,""y"":381,""t"":535},{""x"":602,""y"":340,""t"":551},{""x"":660,""y"":391,""t"":631},{""x"":823,""y"":496,""t"":647},{""x"":977,""y"":574,""t"":729},{""x"":1109,""y"":639,""t"":748},{""x"":1179,""y"":630,""t"":829},{""x"":1234,""y"":620,""t"":850},{""x"":1314,""y"":609,""t"":932},{""x"":1377,""y"":599,""t"":953},{""x"":1461,""y"":623,""t"":1036},{""x"":1528,""y"":648,""t"":1055},{""x"":1500,""y"":661,""t"":1137},{""x"":1470,""y"":670,""t"":1157},{""x"":1448,""y"":672,""t"":1241},{""x"":1457,""y"":717,""t"":1260},{""x"":1475,""y"":735,""t"":1343},{""x"":1488,""y"":748,""t"":1361},{""x"":1255,""y"":676,""t"":1445},{""x"":1055,""y"":614,""t"":1463},{""x"":857,""y"":569,""t"":1543},{""x"":791,""y"":549,""t"":1565},{""x"":647,""y"":434,""t"":1649},{""x"":532,""y"":338,""t"":1667},{""x"":478,""y"":293,""t"":1750},{""x"":431,""y"":242,""t"":1769},{""x"":525,""y"":237,""t"":1853},{""x"":540,""y"":193,""t"":1871},{""x"":728,""y"":221,""t"":1950},{""x"":926,""y"":221,""t"":2001},{""x"":1083,""y"":247,""t"":2016},{""x"":1288,""y"":277,""t"":2097},{""x"":1434,""y"":308,""t"":2113},{""x"":1486,""y"":297,""t"":2198},{""x"":1550,""y"":330,""t"":2213},{""x"":1599,""y"":367,""t"":2295},{""x"":1632,""y"":399,""t"":2313},{""x"":1661,""y"":438,""t"":2398},{""x"":1679,""y"":470,""t"":2415},{""x"":1707,""y"":505,""t"":2497},{""x"":1725,""y"":533,""t"":2518},{""x"":1730,""y"":555,""t"":2602},{""x"":1730,""y"":572,""t"":2619},{""x"":1554,""y"":554,""t"":2702},{""x"":1400,""y"":537,""t"":2721},{""x"":1307,""y"":520,""t"":2803},{""x"":1134,""y"":447,""t"":2822},{""x"":1083,""y"":481,""t"":2902},{""x"":1103,""y"":542,""t"":2955},{""x"":1126,""y"":594,""t"":2969},{""x"":1190,""y"":623,""t"":3051},{""x"":1247,""y"":647,""t"":3066},{""x"":1322,""y"":628,""t"":3149},{""x"":1386,""y"":610,""t"":3165},{""x"":1179,""y"":580,""t"":3249},{""x"":1002,""y"":553,""t"":3265},{""x"":943,""y"":544,""t"":3345},{""x"":891,""y"":526,""t"":3398},{""x"":852,""y"":511,""t"":3413},{""x"":810,""y"":477,""t"":3494},{""x"":844,""y"":435,""t"":3509},{""x"":895,""y"":419,""t"":3591},{""x"":941,""y"":408,""t"":3606},{""x"":853,""y"":383,""t"":3689},{""x"":780,""y"":364,""t"":3708},{""x"":677,""y"":323,""t"":3788},{""x"":667,""y"":226,""t"":3842},{""x"":657,""y"":195,""t"":3900},{""x"":702,""y"":167,""t"":3914},{""x"":964,""y"":241,""t"":3999},{""x"":1190,""y"":309,""t"":4015},{""x"":1294,""y"":336,""t"":4096},{""x"":1302,""y"":326,""t"":4116},{""x"":1363,""y"":348,""t"":4200},{""x"":1342,""y"":335,""t"":4217},{""x"":1111,""y"":290,""t"":4299},{""x"":910,""y"":253,""t"":4319},{""x"":767,""y"":227,""t"":4401},{""x"":649,""y"":206,""t"":4421},{""x"":621,""y"":200,""t"":4504},{""x"":604,""y"":196,""t"":4524},{""x"":719,""y"":201,""t"":4610},{""x"":823,""y"":206,""t"":4625},{""x"":785,""y"":215,""t"":4710},{""x"":805,""y"":254,""t"":4728},{""x"":792,""y"":268,""t"":4810},{""x"":782,""y"":280,""t"":4829},{""x"":918,""y"":302,""t"":4909},{""x"":1038,""y"":330,""t"":4932},{""x"":1184,""y"":407,""t"":5013},{""x"":1299,""y"":488,""t"":5069},{""x"":1365,""y"":488,""t"":5129},{""x"":1415,""y"":484,""t"":5145},{""x"":1421,""y"":494,""t"":5229},{""x"":1419,""y"":501,""t"":5244},{""x"":1308,""y"":473,""t"":5327},{""x"":1300,""y"":477,""t"":5343},{""x"":1315,""y"":520,""t"":5424},{""x"":1326,""y"":555,""t"":5440},{""x"":1355,""y"":583,""t"":5521},{""x"":1308,""y"":546,""t"":5576},{""x"":1232,""y"":529,""t"":5630},{""x"":1167,""y"":515,""t"":5644},{""x"":1152,""y"":558,""t"":5728},{""x"":1140,""y"":595,""t"":5747},{""x"":1128,""y"":611,""t"":5829},{""x"":1119,""y"":624,""t"":5848},{""x"":1155,""y"":666,""t"":5928},{""x"":1179,""y"":662,""t"":5983},{""x"":1200,""y"":656,""t"":5997}]",{},j,0.28,0.21000000000000002,0.48,0.52,0.28,0.48,0.21000000000000002,0.52,experimental,catch_7,"{""durations"":[1250,1250,1250,1250],""attributes"":[""p"",""m"",""p"",""m""],""alternatives"":[""all"",""all"",""all"",""all""]}",1,0.48,0.52,1920,1080,"""","""","""","""","""","""",2021-06-16 16:45:48,,"Mozilla/5.0 (Windows NT 10.0; Win64; x64) AppleWebKit/537.36 (KHTML, like Gecko) Chrome/91.0.4472.106 Safari/537.36",WebKit,Chrome,91.0.4472.106,Windows,10.0
84,248,1,"""","""","""","""","""",html-keyboard-response,84,717884,0.0-12.0-1.0-1.29,main,29KKCMFL,1920,1080,exp_98,0.262294910469391,4.9,,"<p style=""font-size:40px;"">+</p>",,"""","""","""","""","[{""x"":1279,""y"":616,""t"":-57},{""x"":1359,""y"":591,""t"":-42},{""x"":1328,""y"":553,""t"":0},{""x"":1328,""y"":533,""t"":136},{""x"":1217,""y"":554,""t"":195},{""x"":1122,""y"":573,""t"":210},{""x"":1039,""y"":550,""t"":292},{""x"":1037,""y"":549,""t"":307},{""x"":1006,""y"":535,""t"":394},{""x"":982,""y"":524,""t"":411}]",{},"""","""","""","""","""","""","""","""","""","""","""","""","""","""","""","""","""","""","""","""","""","""","""",2021-06-16 16:45:48,,"Mozilla/5.0 (Windows NT 10.0; Win64; x64) AppleWebKit/537.36 (KHTML, like Gecko) Chrome/91.0.4472.106 Safari/537.36",WebKit,Chrome,91.0.4472.106,Windows,10.0
85,248,1,"""","""","""","""","""",two-gamble-sequence,85,724312,0.0-12.0-1.0-2.29,main,29KKCMFL,1920,1080,exp_98,0.262294910469391,4.9,816.3999999761581,"""","""","""","""","""","""","[{""x"":995,""y"":526,""t"":-32},{""x"":1009,""y"":529,""t"":-17},{""x"":1023,""y"":532,""t"":0},{""x"":1067,""y"":540,""t"":119},{""x"":1106,""y"":547,""t"":145},{""x"":1121,""y"":587,""t"":248},{""x"":1099,""y"":615,""t"":307},{""x"":1075,""y"":602,""t"":359},{""x"":1055,""y"":590,""t"":374},{""x"":1045,""y"":557,""t"":459},{""x"":1037,""y"":529,""t"":477},{""x"":991,""y"":504,""t"":562},{""x"":952,""y"":483,""t"":580},{""x"":905,""y"":427,""t"":661},{""x"":872,""y"":381,""t"":715},{""x"":881,""y"":429,""t"":775},{""x"":879,""y"":455,""t"":790},{""x"":895,""y"":501,""t"":872},{""x"":911,""y"":541,""t"":888},{""x"":921,""y"":562,""t"":973},{""x"":842,""y"":546,""t"":989},{""x"":740,""y"":558,""t"":1072},{""x"":654,""y"":568,""t"":1090},{""x"":701,""y"":544,""t"":1181},{""x"":745,""y"":523,""t"":1196},{""x"":699,""y"":472,""t"":1278},{""x"":662,""y"":429,""t"":1292},{""x"":600,""y"":407,""t"":1373},{""x"":533,""y"":377,""t"":1428},{""x"":478,""y"":352,""t"":1443},{""x"":468,""y"":349,""t"":1531},{""x"":498,""y"":340,""t"":1589},{""x"":527,""y"":335,""t"":1604},{""x"":563,""y"":322,""t"":1683},{""x"":595,""y"":312,""t"":1701},{""x"":617,""y"":314,""t"":1784},{""x"":636,""y"":317,""t"":1803},{""x"":859,""y"":354,""t"":1885},{""x"":1080,""y"":407,""t"":1905},{""x"":1315,""y"":479,""t"":1991},{""x"":1508,""y"":539,""t"":2007},{""x"":1657,""y"":578,""t"":2089},{""x"":1771,""y"":609,""t"":2109},{""x"":1824,""y"":582,""t"":2191},{""x"":1857,""y"":576,""t"":2211},{""x"":1903,""y"":647,""t"":2292},{""x"":1908,""y"":741,""t"":2313},{""x"":1839,""y"":755,""t"":2393},{""x"":1681,""y"":682,""t"":2444},{""x"":1645,""y"":686,""t"":2459},{""x"":1607,""y"":710,""t"":2545},{""x"":1573,""y"":730,""t"":2561},{""x"":1511,""y"":740,""t"":2644},{""x"":1508,""y"":728,""t"":2660},{""x"":1463,""y"":706,""t"":2742},{""x"":1478,""y"":696,""t"":2758},{""x"":1462,""y"":639,""t"":2839},{""x"":1465,""y"":546,""t"":2857},{""x"":1391,""y"":473,""t"":2941},{""x"":1329,""y"":413,""t"":2958},{""x"":1086,""y"":314,""t"":3043},{""x"":881,""y"":233,""t"":3060},{""x"":705,""y"":169,""t"":3141},{""x"":563,""y"":119,""t"":3162},{""x"":493,""y"":131,""t"":3242},{""x"":444,""y"":147,""t"":3265},{""x"":430,""y"":157,""t"":3344},{""x"":430,""y"":186,""t"":3401},{""x"":436,""y"":262,""t"":3455},{""x"":449,""y"":328,""t"":3471},{""x"":294,""y"":372,""t"":3553},{""x"":167,""y"":409,""t"":3570},{""x"":100,""y"":405,""t"":3654},{""x"":50,""y"":399,""t"":3673},{""x"":29,""y"":386,""t"":3758},{""x"":19,""y"":373,""t"":3774},{""x"":-39,""y"":325,""t"":3858},{""x"":-10,""y"":314,""t"":3910},{""x"":24,""y"":317,""t"":3968},{""x"":57,""y"":321,""t"":3983},{""x"":51,""y"":301,""t"":4070},{""x"":48,""y"":284,""t"":4087},{""x"":253,""y"":234,""t"":4170},{""x"":470,""y"":191,""t"":4186},{""x"":679,""y"":196,""t"":4271},{""x"":764,""y"":148,""t"":4287},{""x"":833,""y"":106,""t"":4367},{""x"":884,""y"":73,""t"":4387},{""x"":938,""y"":44,""t"":4469},{""x"":977,""y"":21,""t"":4489},{""x"":993,""y"":6,""t"":4573},{""x"":999,""y"":-4,""t"":4591},{""x"":1024,""y"":9,""t"":4673},{""x"":1039,""y"":22,""t"":4694},{""x"":1032,""y"":26,""t"":4776},{""x"":1021,""y"":31,""t"":4795},{""x"":1027,""y"":64,""t"":4879},{""x"":1029,""y"":92,""t"":4897},{""x"":933,""y"":108,""t"":4978},{""x"":850,""y"":121,""t"":4999},{""x"":690,""y"":169,""t"":5084},{""x"":556,""y"":209,""t"":5100},{""x"":568,""y"":242,""t"":5187},{""x"":628,""y"":304,""t"":5203},{""x"":751,""y"":426,""t"":5284},{""x"":858,""y"":527,""t"":5305},{""x"":899,""y"":574,""t"":5388},{""x"":931,""y"":609,""t"":5407},{""x"":1020,""y"":641,""t"":5494},{""x"":1063,""y"":644,""t"":5509},{""x"":1149,""y"":653,""t"":5591},{""x"":1219,""y"":656,""t"":5612},{""x"":1103,""y"":606,""t"":5693},{""x"":1123,""y"":623,""t"":5748},{""x"":1145,""y"":639,""t"":5802},{""x"":1162,""y"":650,""t"":5817},{""x"":1191,""y"":643,""t"":5899},{""x"":1213,""y"":634,""t"":5917},{""x"":1142,""y"":630,""t"":6000},{""x"":1079,""y"":626,""t"":6019},{""x"":1110,""y"":604,""t"":6106},{""x"":1058,""y"":551,""t"":6122},{""x"":1084,""y"":548,""t"":6205},{""x"":1106,""y"":546,""t"":6224},{""x"":1162,""y"":554,""t"":6309},{""x"":1209,""y"":561,""t"":6326}]",{},j,0.81,0.16999999999999998,0.48,0.79,0.81,0.48,0.16999999999999998,0.79,experimental,exp_40,"{""durations"":[1500,1000,1500,1000],""alternatives"":[0,1,0,1],""attributes"":[""all"",""all"",""all"",""all""]}",1,0.48,0.79,1920,1080,"""","""","""","""","""","""",2021-06-16 16:45:48,,"Mozilla/5.0 (Windows NT 10.0; Win64; x64) AppleWebKit/537.36 (KHTML, like Gecko) Chrome/91.0.4472.106 Safari/537.36",WebKit,Chrome,91.0.4472.106,Windows,10.0
86,248,1,"""","""","""","""","""",html-keyboard-response,86,724827,0.0-12.0-1.0-1.30,main,29KKCMFL,1920,1080,exp_98,0.262294910469391,4.9,,"<p style=""font-size:40px;"">+</p>",,"""","""","""","""","[{""x"":1229,""y"":549,""t"":-16},{""x"":1257,""y"":569,""t"":0},{""x"":1252,""y"":596,""t"":97},{""x"":1246,""y"":620,""t"":114},{""x"":1266,""y"":699,""t"":196},{""x"":1282,""y"":765,""t"":211},{""x"":1234,""y"":725,""t"":297},{""x"":1193,""y"":688,""t"":311},{""x"":1160,""y"":674,""t"":396},{""x"":1132,""y"":662,""t"":412}]",{},"""","""","""","""","""","""","""","""","""","""","""","""","""","""","""","""","""","""","""","""","""","""","""",2021-06-16 16:45:48,,"Mozilla/5.0 (Windows NT 10.0; Win64; x64) AppleWebKit/537.36 (KHTML, like Gecko) Chrome/91.0.4472.106 Safari/537.36",WebKit,Chrome,91.0.4472.106,Windows,10.0
87,248,1,"""","""","""","""","""",two-gamble-sequence,87,731091,0.0-12.0-1.0-2.30,main,29KKCMFL,1920,1080,exp_98,0.262294910469391,4.9,595.2999999523163,"""","""","""","""","""","""","[{""x"":1126,""y"":647,""t"":-17},{""x"":1121,""y"":634,""t"":0},{""x"":1164,""y"":634,""t"":106},{""x"":1203,""y"":654,""t"":178},{""x"":1160,""y"":621,""t"":237},{""x"":1131,""y"":588,""t"":253},{""x"":1110,""y"":575,""t"":300},{""x"":1093,""y"":566,""t"":350},{""x"":1016,""y"":514,""t"":431},{""x"":951,""y"":471,""t"":447},{""x"":853,""y"":369,""t"":529},{""x"":725,""y"":311,""t"":545},{""x"":653,""y"":272,""t"":630},{""x"":495,""y"":193,""t"":648},{""x"":358,""y"":133,""t"":727},{""x"":216,""y"":50,""t"":781},{""x"":170,""y"":26,""t"":796},{""x"":300,""y"":52,""t"":877},{""x"":401,""y"":109,""t"":891},{""x"":463,""y"":132,""t"":974},{""x"":518,""y"":154,""t"":988},{""x"":604,""y"":261,""t"":1074},{""x"":642,""y"":312,""t"":1091},{""x"":699,""y"":373,""t"":1170},{""x"":788,""y"":412,""t"":1224},{""x"":861,""y"":442,""t"":1239},{""x"":907,""y"":488,""t"":1319},{""x"":942,""y"":524,""t"":1333},{""x"":986,""y"":528,""t"":1414},{""x"":1017,""y"":501,""t"":1430},{""x"":816,""y"":523,""t"":1508},{""x"":887,""y"":498,""t"":1531},{""x"":807,""y"":430,""t"":1613},{""x"":766,""y"":358,""t"":1667},{""x"":689,""y"":307,""t"":1723},{""x"":624,""y"":265,""t"":1738},{""x"":665,""y"":302,""t"":1822},{""x"":615,""y"":296,""t"":1838},{""x"":582,""y"":321,""t"":1921},{""x"":595,""y"":335,""t"":1938},{""x"":808,""y"":328,""t"":2022},{""x"":996,""y"":317,""t"":2040},{""x"":1097,""y"":312,""t"":2121},{""x"":1308,""y"":399,""t"":2178},{""x"":1437,""y"":438,""t"":2238},{""x"":1538,""y"":471,""t"":2253},{""x"":1514,""y"":498,""t"":2334},{""x"":1545,""y"":535,""t"":2350},{""x"":1537,""y"":578,""t"":2431},{""x"":1524,""y"":612,""t"":2448},{""x"":1437,""y"":596,""t"":2533},{""x"":1358,""y"":580,""t"":2550},{""x"":1384,""y"":641,""t"":2635},{""x"":1405,""y"":692,""t"":2654},{""x"":1390,""y"":684,""t"":2735},{""x"":1412,""y"":679,""t"":2755},{""x"":1447,""y"":697,""t"":2838},{""x"":1476,""y"":710,""t"":2857},{""x"":1520,""y"":646,""t"":2939},{""x"":1514,""y"":600,""t"":2959},{""x"":1284,""y"":473,""t"":3043},{""x"":1087,""y"":366,""t"":3061},{""x"":878,""y"":309,""t"":3141},{""x"":707,""y"":265,""t"":3164},{""x"":605,""y"":261,""t"":3249},{""x"":481,""y"":222,""t"":3264},{""x"":410,""y"":211,""t"":3348},{""x"":360,""y"":206,""t"":3367},{""x"":368,""y"":263,""t"":3449},{""x"":385,""y"":315,""t"":3469},{""x"":269,""y"":253,""t"":3554},{""x"":178,""y"":200,""t"":3572},{""x"":202,""y"":200,""t"":3656},{""x"":230,""y"":202,""t"":3674},{""x"":264,""y"":230,""t"":3757},{""x"":298,""y"":256,""t"":3775},{""x"":335,""y"":278,""t"":3858},{""x"":368,""y"":297,""t"":3877},{""x"":617,""y"":337,""t"":3960},{""x"":828,""y"":370,""t"":3978},{""x"":1074,""y"":378,""t"":4062},{""x"":1276,""y"":383,""t"":4082},{""x"":1397,""y"":407,""t"":4164},{""x"":1489,""y"":426,""t"":4182},{""x"":1575,""y"":445,""t"":4267},{""x"":1636,""y"":459,""t"":4284},{""x"":1655,""y"":451,""t"":4368},{""x"":1661,""y"":442,""t"":4386},{""x"":1683,""y"":441,""t"":4467},{""x"":1694,""y"":439,""t"":4488},{""x"":1693,""y"":431,""t"":4572},{""x"":1624,""y"":399,""t"":4590},{""x"":1529,""y"":346,""t"":4674},{""x"":1440,""y"":299,""t"":4692},{""x"":1395,""y"":277,""t"":4776},{""x"":1335,""y"":258,""t"":4794},{""x"":1313,""y"":294,""t"":4875},{""x"":1241,""y"":274,""t"":4896},{""x"":1166,""y"":249,""t"":4982},{""x"":1046,""y"":193,""t"":4998},{""x"":959,""y"":150,""t"":5079},{""x"":978,""y"":193,""t"":5135},{""x"":892,""y"":244,""t"":5193},{""x"":771,""y"":244,""t"":5209},{""x"":782,""y"":313,""t"":5297},{""x"":836,""y"":321,""t"":5312},{""x"":959,""y"":409,""t"":5394},{""x"":1067,""y"":482,""t"":5409},{""x"":1091,""y"":527,""t"":5492},{""x"":1110,""y"":561,""t"":5510},{""x"":1156,""y"":573,""t"":5595},{""x"":1102,""y"":488,""t"":5610},{""x"":1092,""y"":506,""t"":5692},{""x"":1120,""y"":546,""t"":5714},{""x"":1099,""y"":549,""t"":5799},{""x"":1080,""y"":549,""t"":5814},{""x"":950,""y"":513,""t"":5898},{""x"":922,""y"":491,""t"":5917},{""x"":881,""y"":505,""t"":5999},{""x"":876,""y"":494,""t"":6019},{""x"":883,""y"":460,""t"":6100},{""x"":941,""y"":421,""t"":6153},{""x"":1067,""y"":463,""t"":6170}]",{},j,0.17,0.8300000000000001,0.28,0.43,0.28,0.17,0.43,0.8300000000000001,experimental,exp_20,"{""durations"":[1500,1000,1500,1000],""alternatives"":[1,0,1,0],""attributes"":[""all"",""all"",""all"",""all""]}",0,0.28,0.43,1920,1080,"""","""","""","""","""","""",2021-06-16 16:45:48,,"Mozilla/5.0 (Windows NT 10.0; Win64; x64) AppleWebKit/537.36 (KHTML, like Gecko) Chrome/91.0.4472.106 Safari/537.36",WebKit,Chrome,91.0.4472.106,Windows,10.0
88,248,1,"""","""","""","""","""",html-keyboard-response,88,731628,0.0-12.0-1.0-1.31,main,29KKCMFL,1920,1080,exp_98,0.262294910469391,4.9,,"<p style=""font-size:40px;"">+</p>",,"""","""","""","""","[{""x"":1183,""y"":406,""t"":-42},{""x"":1250,""y"":407,""t"":0},{""x"":1332,""y"":467,""t"":99},{""x"":1442,""y"":545,""t"":114},{""x"":1424,""y"":519,""t"":197},{""x"":1401,""y"":495,""t"":214},{""x"":1213,""y"":421,""t"":299},{""x"":1050,""y"":358,""t"":313},{""x"":1029,""y"":369,""t"":397},{""x"":1014,""y"":380,""t"":411}]",{},"""","""","""","""","""","""","""","""","""","""","""","""","""","""","""","""","""","""","""","""","""","""","""",2021-06-16 16:45:48,,"Mozilla/5.0 (Windows NT 10.0; Win64; x64) AppleWebKit/537.36 (KHTML, like Gecko) Chrome/91.0.4472.106 Safari/537.36",WebKit,Chrome,91.0.4472.106,Windows,10.0
89,248,1,"""","""","""","""","""",two-gamble-sequence,89,737845,0.0-12.0-1.0-2.31,main,29KKCMFL,1920,1080,exp_98,0.262294910469391,4.9,545.2000000476837,"""","""","""","""","""","""","[{""x"":989,""y"":364,""t"":-17},{""x"":971,""y"":351,""t"":0},{""x"":956,""y"":342,""t"":103},{""x"":979,""y"":339,""t"":175},{""x"":1004,""y"":358,""t"":233},{""x"":1027,""y"":376,""t"":248},{""x"":1058,""y"":390,""t"":331},{""x"":1084,""y"":403,""t"":346},{""x"":881,""y"":323,""t"":428},{""x"":708,""y"":254,""t"":443},{""x"":562,""y"":205,""t"":525},{""x"":442,""y"":177,""t"":546},{""x"":362,""y"":162,""t"":629},{""x"":302,""y"":151,""t"":647},{""x"":412,""y"":245,""t"":728},{""x"":561,""y"":319,""t"":749},{""x"":593,""y"":345,""t"":833},{""x"":659,""y"":406,""t"":852},{""x"":706,""y"":387,""t"":934},{""x"":745,""y"":405,""t"":953},{""x"":738,""y"":409,""t"":1038},{""x"":730,""y"":410,""t"":1055},{""x"":691,""y"":432,""t"":1135},{""x"":607,""y"":389,""t"":1189},{""x"":535,""y"":350,""t"":1204},{""x"":393,""y"":288,""t"":1283},{""x"":338,""y"":278,""t"":1298},{""x"":277,""y"":226,""t"":1380},{""x"":262,""y"":188,""t"":1395},{""x"":398,""y"":182,""t"":1478},{""x"":564,""y"":168,""t"":1497},{""x"":818,""y"":158,""t"":1579},{""x"":961,""y"":167,""t"":1631},{""x"":1084,""y"":196,""t"":1647},{""x"":1154,""y"":227,""t"":1696},{""x"":1246,""y"":221,""t"":1747},{""x"":1375,""y"":249,""t"":1830},{""x"":1427,""y"":287,""t"":1844},{""x"":1459,""y"":279,""t"":1931},{""x"":1478,""y"":271,""t"":1947},{""x"":1489,""y"":285,""t"":2030},{""x"":1490,""y"":297,""t"":2045},{""x"":1551,""y"":378,""t"":2129},{""x"":1597,""y"":446,""t"":2144},{""x"":1589,""y"":470,""t"":2225},{""x"":1577,""y"":487,""t"":2244},{""x"":1548,""y"":510,""t"":2323},{""x"":1520,""y"":527,""t"":2347},{""x"":1510,""y"":519,""t"":2429},{""x"":1499,""y"":525,""t"":2448},{""x"":1435,""y"":513,""t"":2532},{""x"":1379,""y"":501,""t"":2550},{""x"":1374,""y"":522,""t"":2634},{""x"":1335,""y"":487,""t"":2652},{""x"":1142,""y"":398,""t"":2736},{""x"":980,""y"":321,""t"":2755},{""x"":868,""y"":296,""t"":2836},{""x"":780,""y"":276,""t"":2856},{""x"":735,""y"":250,""t"":2937},{""x"":674,""y"":224,""t"":2989},{""x"":630,""y"":204,""t"":3005},{""x"":572,""y"":196,""t"":3087},{""x"":546,""y"":185,""t"":3102},{""x"":567,""y"":194,""t"":3185},{""x"":595,""y"":217,""t"":3200},{""x"":586,""y"":285,""t"":3280},{""x"":493,""y"":310,""t"":3332},{""x"":382,""y"":318,""t"":3348},{""x"":326,""y"":301,""t"":3394},{""x"":336,""y"":299,""t"":3443},{""x"":318,""y"":277,""t"":3526},{""x"":287,""y"":224,""t"":3544},{""x"":259,""y"":208,""t"":3626},{""x"":240,""y"":195,""t"":3643},{""x"":249,""y"":185,""t"":3726},{""x"":236,""y"":162,""t"":3742},{""x"":381,""y"":175,""t"":3828},{""x"":508,""y"":188,""t"":3843},{""x"":619,""y"":223,""t"":3923},{""x"":746,""y"":266,""t"":3945},{""x"":949,""y"":314,""t"":4027},{""x"":1115,""y"":331,""t"":4080},{""x"":1277,""y"":355,""t"":4096},{""x"":1427,""y"":371,""t"":4178},{""x"":1513,""y"":387,""t"":4192},{""x"":1528,""y"":418,""t"":4275},{""x"":1529,""y"":444,""t"":4291},{""x"":1487,""y"":460,""t"":4373},{""x"":1443,""y"":471,""t"":4389},{""x"":1420,""y"":436,""t"":4470},{""x"":1396,""y"":404,""t"":4490},{""x"":1462,""y"":430,""t"":4574},{""x"":1504,""y"":431,""t"":4592},{""x"":1574,""y"":453,""t"":4678},{""x"":1631,""y"":472,""t"":4693},{""x"":1651,""y"":492,""t"":4780},{""x"":1663,""y"":508,""t"":4795},{""x"":1511,""y"":453,""t"":4876},{""x"":1377,""y"":405,""t"":4897},{""x"":1246,""y"":388,""t"":4980},{""x"":1136,""y"":373,""t"":4999},{""x"":1048,""y"":359,""t"":5082},{""x"":976,""y"":351,""t"":5137},{""x"":934,""y"":334,""t"":5191},{""x"":904,""y"":321,""t"":5207},{""x"":916,""y"":327,""t"":5288},{""x"":932,""y"":333,""t"":5305},{""x"":982,""y"":362,""t"":5388},{""x"":1027,""y"":388,""t"":5407},{""x"":1061,""y"":382,""t"":5490},{""x"":1091,""y"":378,""t"":5509},{""x"":1121,""y"":297,""t"":5591},{""x"":1144,""y"":341,""t"":5611},{""x"":1172,""y"":395,""t"":5698},{""x"":1195,""y"":442,""t"":5714},{""x"":1108,""y"":427,""t"":5800},{""x"":1017,""y"":416,""t"":5815},{""x"":994,""y"":392,""t"":5899},{""x"":967,""y"":368,""t"":5917},{""x"":840,""y"":305,""t"":6001},{""x"":819,""y"":277,""t"":6020},{""x"":741,""y"":301,""t"":6102},{""x"":678,""y"":324,""t"":6120}]",{},f,0.5,0.3,0.38,0.4,0.5,0.38,0.3,0.4,experimental,exp_94,"{""durations"":[1000,1500,1000,1500],""alternatives"":[0,1,0,1],""attributes"":[""all"",""all"",""all"",""all""]}",0,0.5,0.3,1920,1080,"""","""","""","""","""","""",2021-06-16 16:45:48,,"Mozilla/5.0 (Windows NT 10.0; Win64; x64) AppleWebKit/537.36 (KHTML, like Gecko) Chrome/91.0.4472.106 Safari/537.36",WebKit,Chrome,91.0.4472.106,Windows,10.0
90,248,1,"""","""","""","""","""",html-keyboard-response,90,738364,0.0-12.0-1.0-1.32,main,29KKCMFL,1920,1080,exp_98,0.262294910469391,4.9,,"<p style=""font-size:40px;"">+</p>",,"""","""","""","""","[{""x"":771,""y"":322,""t"":-17},{""x"":856,""y"":321,""t"":0},{""x"":916,""y"":339,""t"":101},{""x"":864,""y"":319,""t"":115},{""x"":994,""y"":417,""t"":200},{""x"":1105,""y"":502,""t"":215},{""x"":1219,""y"":576,""t"":305},{""x"":1313,""y"":645,""t"":321},{""x"":1304,""y"":598,""t"":403},{""x"":1292,""y"":553,""t"":419}]",{},"""","""","""","""","""","""","""","""","""","""","""","""","""","""","""","""","""","""","""","""","""","""","""",2021-06-16 16:45:48,,"Mozilla/5.0 (Windows NT 10.0; Win64; x64) AppleWebKit/537.36 (KHTML, like Gecko) Chrome/91.0.4472.106 Safari/537.36",WebKit,Chrome,91.0.4472.106,Windows,10.0
91,248,1,"""","""","""","""","""",two-gamble-sequence,91,744656,0.0-12.0-1.0-2.32,main,29KKCMFL,1920,1080,exp_98,0.262294910469391,4.9,558.6000000238419,"""","""","""","""","""","""","[{""x"":1346,""y"":556,""t"":-16},{""x"":1266,""y"":513,""t"":0},{""x"":1249,""y"":493,""t"":75},{""x"":1170,""y"":481,""t"":179},{""x"":1073,""y"":456,""t"":237},{""x"":1013,""y"":443,""t"":252},{""x"":966,""y"":445,""t"":337},{""x"":928,""y"":449,""t"":353},{""x"":919,""y"":412,""t"":434},{""x"":918,""y"":430,""t"":449},{""x"":966,""y"":451,""t"":531},{""x"":1009,""y"":469,""t"":546},{""x"":1042,""y"":461,""t"":630},{""x"":1033,""y"":426,""t"":647},{""x"":1134,""y"":438,""t"":728},{""x"":1225,""y"":470,""t"":781},{""x"":1264,""y"":470,""t"":797},{""x"":1348,""y"":514,""t"":876},{""x"":1416,""y"":551,""t"":891},{""x"":1495,""y"":597,""t"":971},{""x"":1558,""y"":634,""t"":987},{""x"":1615,""y"":669,""t"":1075},{""x"":1657,""y"":695,""t"":1091},{""x"":1709,""y"":691,""t"":1171},{""x"":1662,""y"":649,""t"":1225},{""x"":1645,""y"":646,""t"":1283},{""x"":1626,""y"":643,""t"":1298},{""x"":1602,""y"":631,""t"":1380},{""x"":1579,""y"":620,""t"":1395},{""x"":1527,""y"":592,""t"":1474},{""x"":1392,""y"":498,""t"":1528},{""x"":1270,""y"":393,""t"":1543},{""x"":1046,""y"":358,""t"":1622},{""x"":974,""y"":318,""t"":1637},{""x"":887,""y"":268,""t"":1719},{""x"":820,""y"":229,""t"":1735},{""x"":722,""y"":221,""t"":1820},{""x"":646,""y"":218,""t"":1838},{""x"":590,""y"":205,""t"":1924},{""x"":550,""y"":197,""t"":1939},{""x"":598,""y"":252,""t"":2029},{""x"":646,""y"":300,""t"":2044},{""x"":685,""y"":392,""t"":2130},{""x"":721,""y"":470,""t"":2145},{""x"":806,""y"":514,""t"":2226},{""x"":879,""y"":550,""t"":2244},{""x"":943,""y"":592,""t"":2329},{""x"":981,""y"":594,""t"":2346},{""x"":979,""y"":622,""t"":2427},{""x"":920,""y"":568,""t"":2480},{""x"":868,""y"":520,""t"":2494},{""x"":759,""y"":437,""t"":2575},{""x"":667,""y"":366,""t"":2591},{""x"":551,""y"":300,""t"":2676},{""x"":457,""y"":246,""t"":2690},{""x"":401,""y"":219,""t"":2777},{""x"":359,""y"":199,""t"":2792},{""x"":499,""y"":228,""t"":2874},{""x"":624,""y"":256,""t"":2891},{""x"":895,""y"":316,""t"":2977},{""x"":1124,""y"":369,""t"":2993},{""x"":1333,""y"":363,""t"":3079},{""x"":1502,""y"":358,""t"":3095},{""x"":1598,""y"":337,""t"":3176},{""x"":1660,""y"":339,""t"":3228},{""x"":1702,""y"":341,""t"":3244},{""x"":1691,""y"":334,""t"":3327},{""x"":1672,""y"":329,""t"":3341},{""x"":1653,""y"":413,""t"":3427},{""x"":1625,""y"":457,""t"":3442},{""x"":1636,""y"":524,""t"":3525},{""x"":1641,""y"":579,""t"":3541},{""x"":1629,""y"":645,""t"":3622},{""x"":1619,""y"":726,""t"":3640},{""x"":1681,""y"":795,""t"":3728},{""x"":1731,""y"":849,""t"":3742},{""x"":1760,""y"":884,""t"":3824},{""x"":1781,""y"":907,""t"":3844},{""x"":1777,""y"":902,""t"":3926},{""x"":1771,""y"":892,""t"":3945},{""x"":1554,""y"":746,""t"":4030},{""x"":1368,""y"":619,""t"":4047},{""x"":1163,""y"":523,""t"":4131},{""x"":994,""y"":444,""t"":4150},{""x"":855,""y"":381,""t"":4232},{""x"":746,""y"":332,""t"":4250},{""x"":620,""y"":298,""t"":4341},{""x"":537,""y"":246,""t"":4355},{""x"":506,""y"":240,""t"":4436},{""x"":471,""y"":204,""t"":4454},{""x"":610,""y"":223,""t"":4535},{""x"":778,""y"":247,""t"":4556},{""x"":996,""y"":256,""t"":4641},{""x"":1182,""y"":266,""t"":4658},{""x"":1307,""y"":314,""t"":4742},{""x"":1462,""y"":403,""t"":4760},{""x"":1525,""y"":407,""t"":4847},{""x"":1557,""y"":398,""t"":4862},{""x"":1578,""y"":377,""t"":4947},{""x"":1627,""y"":355,""t"":4965},{""x"":1644,""y"":397,""t"":5048},{""x"":1663,""y"":457,""t"":5066},{""x"":1620,""y"":511,""t"":5152},{""x"":1525,""y"":526,""t"":5169},{""x"":1594,""y"":617,""t"":5254},{""x"":1635,""y"":638,""t"":5271},{""x"":1640,""y"":665,""t"":5352},{""x"":1611,""y"":629,""t"":5407},{""x"":1559,""y"":574,""t"":5464},{""x"":1525,""y"":579,""t"":5479},{""x"":1416,""y"":591,""t"":5560},{""x"":1323,""y"":600,""t"":5577},{""x"":1219,""y"":594,""t"":5659},{""x"":1208,""y"":601,""t"":5678},{""x"":1211,""y"":642,""t"":5761},{""x"":1199,""y"":631,""t"":5816},{""x"":1244,""y"":639,""t"":5868},{""x"":1286,""y"":646,""t"":5884},{""x"":1338,""y"":673,""t"":5968},{""x"":1382,""y"":696,""t"":5984},{""x"":1360,""y"":636,""t"":6068},{""x"":1382,""y"":543,""t"":6086},{""x"":1381,""y"":546,""t"":6174},{""x"":1415,""y"":555,""t"":6189}]",{},j,0.48,0.79,0.81,0.16999999999999998,0.81,0.48,0.16999999999999998,0.79,experimental,exp_46,"{""durations"":[1000,1500,1000,1500],""alternatives"":[0,1,0,1],""attributes"":[""all"",""all"",""all"",""all""]}",0,0.81,0.16999999999999998,1920,1080,"""","""","""","""","""","""",2021-06-16 16:45:48,,"Mozilla/5.0 (Windows NT 10.0; Win64; x64) AppleWebKit/537.36 (KHTML, like Gecko) Chrome/91.0.4472.106 Safari/537.36",WebKit,Chrome,91.0.4472.106,Windows,10.0
92,248,1,"""","""","""","""","""",html-keyboard-response,92,745197,0.0-12.0-1.0-1.33,main,29KKCMFL,1920,1080,exp_98,0.262294910469391,4.9,,"<p style=""font-size:40px;"">+</p>",,"""","""","""","""","[{""x"":1452,""y"":583,""t"":-44},{""x"":1457,""y"":585,""t"":0},{""x"":1470,""y"":556,""t"":98},{""x"":1397,""y"":502,""t"":114},{""x"":1339,""y"":537,""t"":200},{""x"":1290,""y"":568,""t"":215},{""x"":1289,""y"":620,""t"":295},{""x"":1261,""y"":637,""t"":311},{""x"":1227,""y"":609,""t"":395},{""x"":1174,""y"":580,""t"":410}]",{},"""","""","""","""","""","""","""","""","""","""","""","""","""","""","""","""","""","""","""","""","""","""","""",2021-06-16 16:45:48,,"Mozilla/5.0 (Windows NT 10.0; Win64; x64) AppleWebKit/537.36 (KHTML, like Gecko) Chrome/91.0.4472.106 Safari/537.36",WebKit,Chrome,91.0.4472.106,Windows,10.0
93,248,1,"""","""","""","""","""",two-gamble-sequence,93,751552,0.0-12.0-1.0-2.33,main,29KKCMFL,1920,1080,exp_98,0.262294910469391,4.9,646.3999999761581,"""","""","""","""","""","""","[{""x"":1123,""y"":540,""t"":-16},{""x"":1082,""y"":505,""t"":0},{""x"":1013,""y"":495,""t"":100},{""x"":977,""y"":486,""t"":122},{""x"":922,""y"":505,""t"":194},{""x"":880,""y"":522,""t"":241},{""x"":874,""y"":513,""t"":328},{""x"":874,""y"":506,""t"":344},{""x"":860,""y"":456,""t"":426},{""x"":852,""y"":414,""t"":443},{""x"":840,""y"":402,""t"":528},{""x"":833,""y"":393,""t"":546},{""x"":872,""y"":417,""t"":626},{""x"":829,""y"":393,""t"":646},{""x"":808,""y"":447,""t"":726},{""x"":801,""y"":489,""t"":780},{""x"":796,""y"":525,""t"":795},{""x"":767,""y"":517,""t"":876},{""x"":743,""y"":508,""t"":891},{""x"":619,""y"":486,""t"":974},{""x"":515,""y"":467,""t"":988},{""x"":515,""y"":415,""t"":1074},{""x"":520,""y"":371,""t"":1089},{""x"":521,""y"":339,""t"":1172},{""x"":524,""y"":313,""t"":1190},{""x"":479,""y"":312,""t"":1271},{""x"":478,""y"":286,""t"":1327},{""x"":448,""y"":274,""t"":1380},{""x"":425,""y"":265,""t"":1396},{""x"":658,""y"":236,""t"":1478},{""x"":888,""y"":293,""t"":1530},{""x"":1071,""y"":340,""t"":1545},{""x"":1156,""y"":361,""t"":1595},{""x"":1274,""y"":407,""t"":1644},{""x"":1426,""y"":439,""t"":1724},{""x"":1547,""y"":465,""t"":1740},{""x"":1576,""y"":469,""t"":1822},{""x"":1591,""y"":471,""t"":1838},{""x"":1554,""y"":427,""t"":1924},{""x"":1548,""y"":418,""t"":1939},{""x"":1490,""y"":405,""t"":2019},{""x"":1459,""y"":443,""t"":2073},{""x"":1515,""y"":526,""t"":2088},{""x"":1508,""y"":567,""t"":2138},{""x"":1574,""y"":640,""t"":2188},{""x"":1634,""y"":663,""t"":2270},{""x"":1682,""y"":679,""t"":2285},{""x"":1721,""y"":704,""t"":2369},{""x"":1766,""y"":711,""t"":2384},{""x"":1812,""y"":734,""t"":2466},{""x"":1737,""y"":702,""t"":2484},{""x"":1653,""y"":705,""t"":2566},{""x"":1561,""y"":672,""t"":2618},{""x"":1561,""y"":625,""t"":2676},{""x"":1562,""y"":584,""t"":2691},{""x"":1542,""y"":545,""t"":2771},{""x"":1575,""y"":533,""t"":2789},{""x"":1547,""y"":489,""t"":2868},{""x"":1554,""y"":453,""t"":2891},{""x"":1252,""y"":373,""t"":2972},{""x"":995,""y"":307,""t"":2994},{""x"":845,""y"":279,""t"":3077},{""x"":725,""y"":258,""t"":3095},{""x"":639,""y"":231,""t"":3177},{""x"":577,""y"":211,""t"":3196},{""x"":519,""y"":186,""t"":3279},{""x"":482,""y"":198,""t"":3331},{""x"":460,""y"":213,""t"":3347},{""x"":424,""y"":226,""t"":3429},{""x"":402,""y"":240,""t"":3443},{""x"":402,""y"":228,""t"":3524},{""x"":409,""y"":219,""t"":3539},{""x"":479,""y"":226,""t"":3623},{""x"":542,""y"":234,""t"":3641},{""x"":604,""y"":263,""t"":3725},{""x"":658,""y"":288,""t"":3741},{""x"":806,""y"":352,""t"":3831},{""x"":931,""y"":405,""t"":3847},{""x"":1068,""y"":478,""t"":3929},{""x"":1239,""y"":515,""t"":3945},{""x"":1352,""y"":579,""t"":4028},{""x"":1460,""y"":616,""t"":4079},{""x"":1544,""y"":643,""t"":4095},{""x"":1649,""y"":655,""t"":4181},{""x"":1730,""y"":662,""t"":4195},{""x"":1814,""y"":713,""t"":4281},{""x"":1860,""y"":770,""t"":4295},{""x"":1792,""y"":753,""t"":4380},{""x"":1820,""y"":781,""t"":4396},{""x"":1829,""y"":784,""t"":4480},{""x"":1832,""y"":784,""t"":4494},{""x"":1748,""y"":714,""t"":4578},{""x"":1672,""y"":652,""t"":4592},{""x"":1640,""y"":611,""t"":4674},{""x"":1620,""y"":549,""t"":4693},{""x"":1600,""y"":516,""t"":4771},{""x"":1583,""y"":490,""t"":4796},{""x"":1586,""y"":486,""t"":4878},{""x"":1589,""y"":485,""t"":4897},{""x"":1614,""y"":474,""t"":4978},{""x"":1636,""y"":466,""t"":4999},{""x"":1663,""y"":473,""t"":5079},{""x"":1686,""y"":480,""t"":5101},{""x"":1517,""y"":495,""t"":5185},{""x"":1423,""y"":558,""t"":5204},{""x"":1298,""y"":509,""t"":5288},{""x"":1187,""y"":527,""t"":5305},{""x"":1064,""y"":486,""t"":5388},{""x"":976,""y"":408,""t"":5408},{""x"":915,""y"":338,""t"":5492},{""x"":871,""y"":296,""t"":5509},{""x"":868,""y"":308,""t"":5590},{""x"":879,""y"":335,""t"":5611},{""x"":840,""y"":342,""t"":5694},{""x"":812,""y"":350,""t"":5713},{""x"":860,""y"":352,""t"":5794},{""x"":942,""y"":373,""t"":5847},{""x"":1072,""y"":357,""t"":5863},{""x"":1197,""y"":386,""t"":5913},{""x"":1241,""y"":403,""t"":5962},{""x"":1154,""y"":380,""t"":6044},{""x"":1099,""y"":330,""t"":6060},{""x"":1019,""y"":325,""t"":6143},{""x"":923,""y"":313,""t"":6158},{""x"":960,""y"":354,""t"":6242},{""x"":890,""y"":338,""t"":6257}]",{},f,0.8,0.4,0.2,0.6799999999999999,0.8,0.2,0.4,0.6799999999999999,experimental,exp_78,"{""durations"":[1000,1500,1000,1500],""alternatives"":[0,1,0,1],""attributes"":[""all"",""all"",""all"",""all""]}",0,0.8,0.4,1920,1080,"""","""","""","""","""","""",2021-06-16 16:45:48,,"Mozilla/5.0 (Windows NT 10.0; Win64; x64) AppleWebKit/537.36 (KHTML, like Gecko) Chrome/91.0.4472.106 Safari/537.36",WebKit,Chrome,91.0.4472.106,Windows,10.0
94,248,1,"""","""","""","""","""",html-keyboard-response,94,752060,0.0-12.0-1.0-1.34,main,29KKCMFL,1920,1080,exp_98,0.262294910469391,4.9,,"<p style=""font-size:40px;"">+</p>",,"""","""","""","""","[{""x"":885,""y"":338,""t"":-16},{""x"":882,""y"":339,""t"":0},{""x"":847,""y"":329,""t"":101},{""x"":813,""y"":376,""t"":116},{""x"":897,""y"":452,""t"":199},{""x"":970,""y"":517,""t"":214},{""x"":1039,""y"":561,""t"":296},{""x"":1070,""y"":604,""t"":312},{""x"":1087,""y"":629,""t"":394},{""x"":1042,""y"":596,""t"":410}]",{},"""","""","""","""","""","""","""","""","""","""","""","""","""","""","""","""","""","""","""","""","""","""","""",2021-06-16 16:45:48,,"Mozilla/5.0 (Windows NT 10.0; Win64; x64) AppleWebKit/537.36 (KHTML, like Gecko) Chrome/91.0.4472.106 Safari/537.36",WebKit,Chrome,91.0.4472.106,Windows,10.0
95,248,1,"""","""","""","""","""",two-gamble-sequence,95,758251,0.0-12.0-1.0-2.34,main,29KKCMFL,1920,1080,exp_98,0.262294910469391,4.9,483.2999999523163,"""","""","""","""","""","""","[{""x"":984,""y"":569,""t"":-15},{""x"":934,""y"":545,""t"":0},{""x"":1080,""y"":487,""t"":90},{""x"":1180,""y"":465,""t"":113},{""x"":1264,""y"":446,""t"":172},{""x"":1324,""y"":468,""t"":273},{""x"":1290,""y"":455,""t"":335},{""x"":1256,""y"":445,""t"":350},{""x"":1220,""y"":470,""t"":432},{""x"":1187,""y"":492,""t"":447},{""x"":1188,""y"":514,""t"":530},{""x"":1189,""y"":531,""t"":545},{""x"":1174,""y"":559,""t"":633},{""x"":1160,""y"":581,""t"":648},{""x"":1012,""y"":515,""t"":729},{""x"":814,""y"":418,""t"":748},{""x"":621,""y"":378,""t"":830},{""x"":463,""y"":344,""t"":851},{""x"":408,""y"":313,""t"":932},{""x"":450,""y"":323,""t"":984},{""x"":495,""y"":334,""t"":999},{""x"":537,""y"":369,""t"":1084},{""x"":577,""y"":400,""t"":1098},{""x"":590,""y"":392,""t"":1181},{""x"":610,""y"":417,""t"":1197},{""x"":706,""y"":471,""t"":1277},{""x"":789,""y"":517,""t"":1294},{""x"":868,""y"":573,""t"":1377},{""x"":890,""y"":614,""t"":1395},{""x"":829,""y"":572,""t"":1473},{""x"":735,""y"":522,""t"":1526},{""x"":588,""y"":493,""t"":1540},{""x"":563,""y"":452,""t"":1626},{""x"":545,""y"":418,""t"":1642},{""x"":742,""y"":392,""t"":1723},{""x"":913,""y"":372,""t"":1738},{""x"":1058,""y"":346,""t"":1819},{""x"":1178,""y"":325,""t"":1837},{""x"":1249,""y"":345,""t"":1915},{""x"":1328,""y"":331,""t"":1939},{""x"":1354,""y"":401,""t"":2023},{""x"":1383,""y"":486,""t"":2041},{""x"":1426,""y"":562,""t"":2121},{""x"":1442,""y"":633,""t"":2143},{""x"":1460,""y"":689,""t"":2222},{""x"":1517,""y"":695,""t"":2271},{""x"":1538,""y"":697,""t"":2288},{""x"":1516,""y"":671,""t"":2372},{""x"":1532,""y"":648,""t"":2387},{""x"":1538,""y"":650,""t"":2468},{""x"":1541,""y"":650,""t"":2482},{""x"":1532,""y"":595,""t"":2563},{""x"":1522,""y"":547,""t"":2585},{""x"":1552,""y"":519,""t"":2669},{""x"":1576,""y"":496,""t"":2686},{""x"":1545,""y"":457,""t"":2767},{""x"":1536,""y"":436,""t"":2820},{""x"":1528,""y"":420,""t"":2835},{""x"":1548,""y"":460,""t"":2917},{""x"":1520,""y"":463,""t"":2932},{""x"":1450,""y"":474,""t"":3012},{""x"":1337,""y"":437,""t"":3026},{""x"":1078,""y"":388,""t"":3108},{""x"":926,""y"":385,""t"":3128},{""x"":774,""y"":288,""t"":3205},{""x"":607,""y"":237,""t"":3262},{""x"":475,""y"":197,""t"":3277},{""x"":366,""y"":167,""t"":3363},{""x"":285,""y"":145,""t"":3378},{""x"":226,""y"":137,""t"":3465},{""x"":188,""y"":132,""t"":3480},{""x"":294,""y"":150,""t"":3565},{""x"":378,""y"":179,""t"":3580},{""x"":426,""y"":205,""t"":3664},{""x"":471,""y"":227,""t"":3680},{""x"":519,""y"":236,""t"":3762},{""x"":560,""y"":244,""t"":3776},{""x"":734,""y"":317,""t"":3860},{""x"":866,""y"":371,""t"":3878},{""x"":971,""y"":440,""t"":3960},{""x"":1056,""y"":497,""t"":3979},{""x"":1121,""y"":542,""t"":4060},{""x"":1163,""y"":578,""t"":4112},{""x"":1191,""y"":606,""t"":4127},{""x"":1225,""y"":610,""t"":4207},{""x"":1248,""y"":610,""t"":4221},{""x"":1258,""y"":613,""t"":4301},{""x"":1261,""y"":613,""t"":4319},{""x"":1312,""y"":585,""t"":4403},{""x"":1373,""y"":546,""t"":4422},{""x"":1492,""y"":545,""t"":4504},{""x"":1589,""y"":544,""t"":4523},{""x"":1652,""y"":542,""t"":4606},{""x"":1699,""y"":540,""t"":4625},{""x"":1741,""y"":555,""t"":4708},{""x"":1769,""y"":569,""t"":4727},{""x"":1782,""y"":581,""t"":4811},{""x"":1786,""y"":592,""t"":4829},{""x"":1697,""y"":512,""t"":4911},{""x"":1616,""y"":443,""t"":4931},{""x"":1470,""y"":365,""t"":5013},{""x"":1497,""y"":354,""t"":5067},{""x"":1466,""y"":423,""t"":5127},{""x"":1442,""y"":484,""t"":5144},{""x"":1390,""y"":509,""t"":5228},{""x"":1355,""y"":550,""t"":5245},{""x"":1296,""y"":556,""t"":5330},{""x"":1248,""y"":559,""t"":5345},{""x"":1236,""y"":563,""t"":5428},{""x"":1230,""y"":565,""t"":5442},{""x"":1259,""y"":556,""t"":5524},{""x"":1286,""y"":549,""t"":5543},{""x"":1329,""y"":532,""t"":5626},{""x"":1366,""y"":517,""t"":5644},{""x"":1410,""y"":518,""t"":5729},{""x"":1372,""y"":429,""t"":5747},{""x"":1324,""y"":388,""t"":5828},{""x"":1327,""y"":336,""t"":5848},{""x"":1357,""y"":369,""t"":5929},{""x"":1382,""y"":411,""t"":5981},{""x"":1367,""y"":410,""t"":5997},{""x"":1350,""y"":447,""t"":6078},{""x"":1334,""y"":479,""t"":6093}]",{},j,0.23,0.19,0.59,0.27,0.23,0.59,0.19,0.27,experimental,catch_6,"{""durations"":[1250,1250,1250,1250],""attributes"":[""all"",""all"",""all"",""all""],""alternatives"":[0,1,0,1]}",1,0.59,0.27,1920,1080,"""","""","""","""","""","""",2021-06-16 16:45:48,,"Mozilla/5.0 (Windows NT 10.0; Win64; x64) AppleWebKit/537.36 (KHTML, like Gecko) Chrome/91.0.4472.106 Safari/537.36",WebKit,Chrome,91.0.4472.106,Windows,10.0
96,248,1,"""","""","""","""","""",html-keyboard-response,96,786513,0.0-12.0-1.0-0.35-0.35,main,29KKCMFL,1920,1080,exp_98,0.262294910469391,4.9,28231.899999976158,"
            <div style=""max-width: 800px"">
            <h1><img src=""icons/tea-hot_inv.png"", width=""50""/><br><br>Short break</h1>
            <p>Great job! Take a short break to make sure that you are focused for the next set of trials, but try to keep your head in position.</p>
            <p>Press the <strong><em>SPACE BAR</em></strong> when you are ready to continue.</p>
            </div>", ,"""","""","""","""","""","""","""","""","""","""","""","""","""","""","""","""","""","""","""","""","""","""","""","""","""","""","""","""","""",2021-06-16 16:45:48,,"Mozilla/5.0 (Windows NT 10.0; Win64; x64) AppleWebKit/537.36 (KHTML, like Gecko) Chrome/91.0.4472.106 Safari/537.36",WebKit,Chrome,91.0.4472.106,Windows,10.0
97,248,1,"""","""","""","""","""",call-function,97,786514,0.0-12.0-1.0-0.35-1.35,main,29KKCMFL,1920,1080,exp_98,0.262294910469391,4.9,"""","""","""","""","""","""","""","""","""","""","""","""","""","""","""","""","""","""","""","""","""","""","""","""","""","""","""","""","""","""","""","""",2021-06-16 16:45:48,,"Mozilla/5.0 (Windows NT 10.0; Win64; x64) AppleWebKit/537.36 (KHTML, like Gecko) Chrome/91.0.4472.106 Safari/537.36",WebKit,Chrome,91.0.4472.106,Windows,10.0
98,248,1,"""","""","""","""","""",html-keyboard-response,98,791545,0.0-12.0-1.0-0.35-2.35,main,29KKCMFL,1920,1080,exp_98,0.262294910469391,4.9,,"
            <div style=""max-width: 800px"">
            <h1><img src=""icons/timer_inv.png"", width=""50""/><br><br><span id=""timer"">Get ready!</span></h1>
            </div>",,"""","""","""","""","""","""","""","""","""","""","""","""","""","""","""","""","""","""","""","""","""","""","""","""","""","""","""","""","""",2021-06-16 16:45:48,,"Mozilla/5.0 (Windows NT 10.0; Win64; x64) AppleWebKit/537.36 (KHTML, like Gecko) Chrome/91.0.4472.106 Safari/537.36",WebKit,Chrome,91.0.4472.106,Windows,10.0
99,248,1,"""","""","""","""","""",html-keyboard-response,99,794094,0.0-12.0-1.0-1.35,main,29KKCMFL,1920,1080,exp_98,0.262294910469391,4.9,,"<p style=""font-size:40px;"">+</p>",,"""","""","""","""","[{""x"":1042,""y"":368,""t"":0},{""x"":985,""y"":284,""t"":40},{""x"":911,""y"":291,""t"":101},{""x"":888,""y"":252,""t"":161},{""x"":828,""y"":221,""t"":216},{""x"":819,""y"":179,""t"":274},{""x"":847,""y"":231,""t"":362},{""x"":810,""y"":277,""t"":383},{""x"":839,""y"":345,""t"":438}]",{},"""","""","""","""","""","""","""","""","""","""","""","""","""","""","""","""","""","""","""","""","""","""","""",2021-06-16 16:45:48,,"Mozilla/5.0 (Windows NT 10.0; Win64; x64) AppleWebKit/537.36 (KHTML, like Gecko) Chrome/91.0.4472.106 Safari/537.36",WebKit,Chrome,91.0.4472.106,Windows,10.0
100,248,1,"""","""","""","""","""",two-gamble-sequence,100,800243,0.0-12.0-1.0-2.35,main,29KKCMFL,1920,1080,exp_98,0.262294910469391,4.9,423,"""","""","""","""","""","""","[{""x"":828,""y"":411,""t"":-57},{""x"":822,""y"":466,""t"":0},{""x"":849,""y"":480,""t"":112},{""x"":875,""y"":490,""t"":142},{""x"":923,""y"":477,""t"":224},{""x"":964,""y"":463,""t"":241},{""x"":951,""y"":479,""t"":327},{""x"":956,""y"":501,""t"":347},{""x"":898,""y"":467,""t"":428},{""x"":822,""y"":447,""t"":446},{""x"":747,""y"":446,""t"":529},{""x"":684,""y"":444,""t"":548},{""x"":579,""y"":410,""t"":632},{""x"":492,""y"":381,""t"":650},{""x"":429,""y"":378,""t"":734},{""x"":380,""y"":376,""t"":751},{""x"":635,""y"":452,""t"":837},{""x"":858,""y"":517,""t"":854},{""x"":993,""y"":571,""t"":939},{""x"":1104,""y"":615,""t"":959},{""x"":1164,""y"":622,""t"":1041},{""x"":1209,""y"":625,""t"":1057},{""x"":1269,""y"":657,""t"":1140},{""x"":1329,""y"":708,""t"":1157},{""x"":1311,""y"":689,""t"":1240},{""x"":1289,""y"":670,""t"":1258},{""x"":1151,""y"":601,""t"":1342},{""x"":1030,""y"":540,""t"":1361},{""x"":997,""y"":530,""t"":1441},{""x"":970,""y"":522,""t"":1462},{""x"":917,""y"":481,""t"":1543},{""x"":1018,""y"":560,""t"":1600},{""x"":1120,""y"":548,""t"":1652},{""x"":1303,""y"":629,""t"":1668},{""x"":1346,""y"":577,""t"":1749},{""x"":1471,""y"":644,""t"":1768},{""x"":1534,""y"":644,""t"":1849},{""x"":1578,""y"":653,""t"":1903},{""x"":1676,""y"":725,""t"":1919},{""x"":1697,""y"":633,""t"":1970},{""x"":1676,""y"":526,""t"":2019},{""x"":1644,""y"":482,""t"":2102},{""x"":1605,""y"":480,""t"":2118},{""x"":1373,""y"":415,""t"":2200},{""x"":1175,""y"":361,""t"":2216},{""x"":948,""y"":357,""t"":2301},{""x"":761,""y"":309,""t"":2317},{""x"":626,""y"":245,""t"":2398},{""x"":522,""y"":194,""t"":2415},{""x"":641,""y"":235,""t"":2498},{""x"":753,""y"":275,""t"":2516},{""x"":863,""y"":253,""t"":2595},{""x"":940,""y"":271,""t"":2619},{""x"":1025,""y"":244,""t"":2700},{""x"":1097,""y"":222,""t"":2721},{""x"":1190,""y"":195,""t"":2801},{""x"":1320,""y"":213,""t"":2855},{""x"":1452,""y"":244,""t"":2871},{""x"":1536,""y"":286,""t"":2921},{""x"":1600,""y"":323,""t"":2970},{""x"":1534,""y"":312,""t"":3051},{""x"":1472,""y"":301,""t"":3068},{""x"":1436,""y"":327,""t"":3150},{""x"":1403,""y"":349,""t"":3166},{""x"":1359,""y"":367,""t"":3249},{""x"":1289,""y"":368,""t"":3264},{""x"":1054,""y"":376,""t"":3348},{""x"":854,""y"":382,""t"":3368},{""x"":760,""y"":389,""t"":3450},{""x"":688,""y"":393,""t"":3469},{""x"":610,""y"":383,""t"":3549},{""x"":473,""y"":334,""t"":3601},{""x"":470,""y"":332,""t"":3616},{""x"":508,""y"":297,""t"":3702},{""x"":526,""y"":241,""t"":3717},{""x"":539,""y"":199,""t"":3797},{""x"":555,""y"":165,""t"":3813},{""x"":538,""y"":156,""t"":3900},{""x"":508,""y"":132,""t"":3916},{""x"":532,""y"":172,""t"":4001},{""x"":556,""y"":209,""t"":4016},{""x"":535,""y"":229,""t"":4096},{""x"":565,""y"":211,""t"":4115},{""x"":787,""y"":302,""t"":4198},{""x"":920,""y"":344,""t"":4217},{""x"":1017,""y"":376,""t"":4301},{""x"":1159,""y"":435,""t"":4320},{""x"":1255,""y"":454,""t"":4400},{""x"":1330,""y"":466,""t"":4422},{""x"":1363,""y"":472,""t"":4506},{""x"":1430,""y"":452,""t"":4524},{""x"":1444,""y"":412,""t"":4610},{""x"":1449,""y"":376,""t"":4626},{""x"":1252,""y"":387,""t"":4707},{""x"":1080,""y"":396,""t"":4727},{""x"":924,""y"":361,""t"":4809},{""x"":822,""y"":330,""t"":4862},{""x"":759,""y"":275,""t"":4878},{""x"":716,""y"":191,""t"":4926},{""x"":666,""y"":144,""t"":4977},{""x"":696,""y"":126,""t"":5062},{""x"":749,""y"":130,""t"":5078},{""x"":794,""y"":153,""t"":5159},{""x"":835,""y"":176,""t"":5177},{""x"":870,""y"":220,""t"":5259},{""x"":900,""y"":258,""t"":5276},{""x"":836,""y"":198,""t"":5359},{""x"":780,""y"":146,""t"":5374},{""x"":695,""y"":165,""t"":5453},{""x"":634,""y"":210,""t"":5514},{""x"":642,""y"":252,""t"":5583},{""x"":641,""y"":279,""t"":5640},{""x"":643,""y"":301,""t"":5657},{""x"":855,""y"":351,""t"":5738},{""x"":1028,""y"":358,""t"":5755},{""x"":1090,""y"":349,""t"":5835},{""x"":1256,""y"":375,""t"":5851},{""x"":1336,""y"":334,""t"":5934},{""x"":1360,""y"":322,""t"":5951},{""x"":1433,""y"":391,""t"":6032},{""x"":1499,""y"":404,""t"":6052}]",{},f,0.49,0.42000000000000004,0.22,0.79,0.49,0.22,0.42000000000000004,0.79,experimental,exp_113,"{""durations"":[1500,1000,1500,1000],""alternatives"":[""all"",""all"",""all"",""all""],""attributes"":[""p"",""m"",""p"",""m""]}",0,0.49,0.42000000000000004,1920,1080,"""","""","""","""","""","""",2021-06-16 16:45:48,,"Mozilla/5.0 (Windows NT 10.0; Win64; x64) AppleWebKit/537.36 (KHTML, like Gecko) Chrome/91.0.4472.106 Safari/537.36",WebKit,Chrome,91.0.4472.106,Windows,10.0
101,248,1,"""","""","""","""","""",html-keyboard-response,101,800843,0.0-12.0-1.0-1.36,main,29KKCMFL,1920,1080,exp_98,0.262294910469391,4.9,,"<p style=""font-size:40px;"">+</p>",,"""","""","""","""","[{""x"":1499,""y"":407,""t"":-49},{""x"":1523,""y"":496,""t"":0},{""x"":1395,""y"":512,""t"":107},{""x"":1355,""y"":548,""t"":165},{""x"":1256,""y"":560,""t"":181},{""x"":1203,""y"":596,""t"":257},{""x"":1159,""y"":624,""t"":273},{""x"":1128,""y"":638,""t"":350},{""x"":1061,""y"":662,""t"":408},{""x"":997,""y"":655,""t"":424},{""x"":949,""y"":565,""t"":470}]",{},"""","""","""","""","""","""","""","""","""","""","""","""","""","""","""","""","""","""","""","""","""","""","""",2021-06-16 16:45:48,,"Mozilla/5.0 (Windows NT 10.0; Win64; x64) AppleWebKit/537.36 (KHTML, like Gecko) Chrome/91.0.4472.106 Safari/537.36",WebKit,Chrome,91.0.4472.106,Windows,10.0
102,248,1,"""","""","""","""","""",two-gamble-sequence,102,807273,0.0-12.0-1.0-2.36,main,29KKCMFL,1920,1080,exp_98,0.262294910469391,4.9,677.3999999761581,"""","""","""","""","""","""","[{""x"":1009,""y"":537,""t"":-49},{""x"":1046,""y"":476,""t"":0},{""x"":1115,""y"":473,""t"":88},{""x"":1173,""y"":450,""t"":115},{""x"":1148,""y"":383,""t"":172},{""x"":1064,""y"":317,""t"":235},{""x"":1131,""y"":322,""t"":282},{""x"":1125,""y"":266,""t"":367},{""x"":1204,""y"":324,""t"":382},{""x"":1194,""y"":339,""t"":464},{""x"":1177,""y"":346,""t"":480},{""x"":1144,""y"":363,""t"":562},{""x"":1173,""y"":406,""t"":579},{""x"":1181,""y"":404,""t"":659},{""x"":1188,""y"":402,""t"":682},{""x"":1179,""y"":390,""t"":761},{""x"":1170,""y"":380,""t"":783},{""x"":1193,""y"":403,""t"":865},{""x"":1212,""y"":424,""t"":885},{""x"":1208,""y"":405,""t"":974},{""x"":1204,""y"":389,""t"":989},{""x"":1252,""y"":405,""t"":1081},{""x"":1330,""y"":426,""t"":1096},{""x"":1453,""y"":473,""t"":1186},{""x"":1565,""y"":541,""t"":1205},{""x"":1609,""y"":463,""t"":1255},{""x"":1654,""y"":453,""t"":1302},{""x"":1654,""y"":407,""t"":1382},{""x"":1649,""y"":367,""t"":1397},{""x"":1380,""y"":311,""t"":1475},{""x"":1143,""y"":282,""t"":1497},{""x"":989,""y"":281,""t"":1581},{""x"":889,""y"":303,""t"":1599},{""x"":831,""y"":318,""t"":1681},{""x"":669,""y"":359,""t"":1702},{""x"":673,""y"":393,""t"":1782},{""x"":639,""y"":435,""t"":1803},{""x"":574,""y"":431,""t"":1886},{""x"":567,""y"":463,""t"":1905},{""x"":556,""y"":466,""t"":1985},{""x"":572,""y"":501,""t"":2041},{""x"":458,""y"":472,""t"":2093},{""x"":485,""y"":469,""t"":2110},{""x"":388,""y"":432,""t"":2190},{""x"":309,""y"":400,""t"":2211},{""x"":270,""y"":349,""t"":2292},{""x"":283,""y"":341,""t"":2348},{""x"":312,""y"":267,""t"":2404},{""x"":341,""y"":205,""t"":2419},{""x"":548,""y"":214,""t"":2496},{""x"":727,""y"":224,""t"":2517},{""x"":864,""y"":196,""t"":2603},{""x"":977,""y"":175,""t"":2621},{""x"":1061,""y"":217,""t"":2705},{""x"":1225,""y"":285,""t"":2721},{""x"":1261,""y"":321,""t"":2802},{""x"":1282,""y"":351,""t"":2822},{""x"":1298,""y"":329,""t"":2902},{""x"":1393,""y"":325,""t"":2955},{""x"":1467,""y"":320,""t"":2970},{""x"":1451,""y"":328,""t"":3056},{""x"":1429,""y"":335,""t"":3073},{""x"":1484,""y"":394,""t"":3153},{""x"":1521,""y"":467,""t"":3170},{""x"":1544,""y"":496,""t"":3252},{""x"":1558,""y"":517,""t"":3266},{""x"":1564,""y"":541,""t"":3347},{""x"":1610,""y"":553,""t"":3398},{""x"":1645,""y"":561,""t"":3414},{""x"":1612,""y"":550,""t"":3493},{""x"":1652,""y"":552,""t"":3508},{""x"":1667,""y"":513,""t"":3589},{""x"":1666,""y"":501,""t"":3605},{""x"":1580,""y"":429,""t"":3688},{""x"":1505,""y"":368,""t"":3707},{""x"":1462,""y"":319,""t"":3788},{""x"":1426,""y"":279,""t"":3808},{""x"":1431,""y"":239,""t"":3889},{""x"":1450,""y"":285,""t"":3944},{""x"":1342,""y"":272,""t"":4002},{""x"":1252,""y"":263,""t"":4016},{""x"":1012,""y"":205,""t"":4099},{""x"":812,""y"":158,""t"":4115},{""x"":640,""y"":107,""t"":4199},{""x"":503,""y"":67,""t"":4217},{""x"":350,""y"":78,""t"":4297},{""x"":232,""y"":91,""t"":4319},{""x"":164,""y"":83,""t"":4400},{""x"":119,""y"":78,""t"":4421},{""x"":161,""y"":125,""t"":4503},{""x"":207,""y"":167,""t"":4524},{""x"":255,""y"":202,""t"":4609},{""x"":302,""y"":231,""t"":4625},{""x"":366,""y"":250,""t"":4707},{""x"":423,""y"":265,""t"":4727},{""x"":504,""y"":349,""t"":4808},{""x"":574,""y"":420,""t"":4829},{""x"":609,""y"":409,""t"":4911},{""x"":636,""y"":396,""t"":4930},{""x"":686,""y"":421,""t"":5013},{""x"":727,""y"":439,""t"":5032},{""x"":766,""y"":462,""t"":5114},{""x"":745,""y"":444,""t"":5135},{""x"":637,""y"":402,""t"":5221},{""x"":715,""y"":415,""t"":5237},{""x"":673,""y"":319,""t"":5319},{""x"":636,""y"":236,""t"":5338},{""x"":695,""y"":200,""t"":5417},{""x"":745,""y"":172,""t"":5440},{""x"":888,""y"":273,""t"":5521},{""x"":1034,""y"":343,""t"":5575},{""x"":1136,""y"":398,""t"":5590},{""x"":1216,""y"":499,""t"":5674},{""x"":1298,""y"":582,""t"":5689},{""x"":1375,""y"":651,""t"":5768},{""x"":1434,""y"":706,""t"":5784},{""x"":1399,""y"":654,""t"":5865},{""x"":1367,""y"":600,""t"":5882},{""x"":1411,""y"":530,""t"":5967},{""x"":1444,""y"":469,""t"":5984},{""x"":1392,""y"":453,""t"":6065},{""x"":1345,""y"":440,""t"":6087},{""x"":1426,""y"":434,""t"":6169},{""x"":1505,""y"":434,""t"":6189},{""x"":1494,""y"":399,""t"":6268},{""x"":1511,""y"":420,""t"":6319},{""x"":1555,""y"":467,""t"":6334}]",{},f,0.41,0.18,0.21,0.62,0.41,0.21,0.18,0.62,experimental,exp_58,"{""durations"":[1000,1500,1000,1500],""alternatives"":[1,0,1,0],""attributes"":[""all"",""all"",""all"",""all""]}",0,0.41,0.18,1920,1080,"""","""","""","""","""","""",2021-06-16 16:45:48,,"Mozilla/5.0 (Windows NT 10.0; Win64; x64) AppleWebKit/537.36 (KHTML, like Gecko) Chrome/91.0.4472.106 Safari/537.36",WebKit,Chrome,91.0.4472.106,Windows,10.0
103,248,1,"""","""","""","""","""",html-keyboard-response,103,807846,0.0-12.0-1.0-1.37,main,29KKCMFL,1920,1080,exp_98,0.262294910469391,4.9,,"<p style=""font-size:40px;"">+</p>",,"""","""","""","""","[{""x"":1520,""y"":491,""t"":-16},{""x"":1487,""y"":510,""t"":0},{""x"":1372,""y"":494,""t"":103},{""x"":1228,""y"":501,""t"":160},{""x"":1129,""y"":526,""t"":175},{""x"":1120,""y"":545,""t"":253},{""x"":1172,""y"":512,""t"":272},{""x"":1153,""y"":506,""t"":355},{""x"":1171,""y"":565,""t"":405},{""x"":1195,""y"":558,""t"":423},{""x"":1245,""y"":498,""t"":474}]",{},"""","""","""","""","""","""","""","""","""","""","""","""","""","""","""","""","""","""","""","""","""","""","""",2021-06-16 16:45:48,,"Mozilla/5.0 (Windows NT 10.0; Win64; x64) AppleWebKit/537.36 (KHTML, like Gecko) Chrome/91.0.4472.106 Safari/537.36",WebKit,Chrome,91.0.4472.106,Windows,10.0
104,248,1,"""","""","""","""","""",two-gamble-sequence,104,814135,0.0-12.0-1.0-2.37,main,29KKCMFL,1920,1080,exp_98,0.262294910469391,4.9,600.7999999523163,"""","""","""","""","""","""","[{""x"":1333,""y"":535,""t"":-50},{""x"":1451,""y"":509,""t"":0},{""x"":1497,""y"":525,""t"":100},{""x"":1453,""y"":529,""t"":120},{""x"":1377,""y"":525,""t"":227},{""x"":1201,""y"":466,""t"":242},{""x"":1128,""y"":434,""t"":323},{""x"":1068,""y"":407,""t"":342},{""x"":1014,""y"":376,""t"":422},{""x"":971,""y"":351,""t"":443},{""x"":1029,""y"":369,""t"":524},{""x"":1084,""y"":367,""t"":578},{""x"":1182,""y"":384,""t"":592},{""x"":1228,""y"":388,""t"":642},{""x"":1322,""y"":391,""t"":690},{""x"":1105,""y"":379,""t"":770},{""x"":922,""y"":404,""t"":786},{""x"":816,""y"":452,""t"":868},{""x"":731,""y"":493,""t"":885},{""x"":647,""y"":457,""t"":968},{""x"":582,""y"":426,""t"":987},{""x"":488,""y"":415,""t"":1070},{""x"":415,""y"":405,""t"":1090},{""x"":398,""y"":392,""t"":1175},{""x"":391,""y"":376,""t"":1192},{""x"":604,""y"":310,""t"":1272},{""x"":783,""y"":285,""t"":1322},{""x"":889,""y"":283,""t"":1337},{""x"":1004,""y"":264,""t"":1415},{""x"":1090,""y"":264,""t"":1430},{""x"":1189,""y"":211,""t"":1510},{""x"":1206,""y"":294,""t"":1531},{""x"":1263,""y"":307,""t"":1612},{""x"":1226,""y"":321,""t"":1666},{""x"":1185,""y"":396,""t"":1725},{""x"":1145,""y"":459,""t"":1739},{""x"":976,""y"":422,""t"":1817},{""x"":853,""y"":364,""t"":1867},{""x"":703,""y"":317,""t"":1884},{""x"":614,""y"":302,""t"":1962},{""x"":545,""y"":289,""t"":1977},{""x"":663,""y"":348,""t"":2059},{""x"":764,""y"":411,""t"":2075},{""x"":812,""y"":447,""t"":2153},{""x"":854,""y"":476,""t"":2176},{""x"":963,""y"":503,""t"":2263},{""x"":1054,""y"":523,""t"":2278},{""x"":1117,""y"":544,""t"":2358},{""x"":1167,""y"":562,""t"":2380},{""x"":1194,""y"":586,""t"":2461},{""x"":1212,""y"":605,""t"":2482},{""x"":1179,""y"":613,""t"":2567},{""x"":1147,""y"":617,""t"":2585},{""x"":1099,""y"":606,""t"":2668},{""x"":999,""y"":586,""t"":2687},{""x"":829,""y"":534,""t"":2766},{""x"":718,""y"":484,""t"":2788},{""x"":631,""y"":457,""t"":2870},{""x"":729,""y"":442,""t"":2921},{""x"":766,""y"":383,""t"":2936},{""x"":795,""y"":339,""t"":3017},{""x"":846,""y"":300,""t"":3032},{""x"":897,""y"":257,""t"":3110},{""x"":964,""y"":225,""t"":3128},{""x"":1070,""y"":237,""t"":3207},{""x"":1201,""y"":216,""t"":3231},{""x"":1318,""y"":217,""t"":3308},{""x"":1292,""y"":225,""t"":3362},{""x"":1264,""y"":234,""t"":3376},{""x"":1214,""y"":201,""t"":3453},{""x"":1186,""y"":185,""t"":3469},{""x"":1016,""y"":164,""t"":3550},{""x"":859,""y"":148,""t"":3603},{""x"":717,""y"":164,""t"":3620},{""x"":684,""y"":194,""t"":3669},{""x"":662,""y"":220,""t"":3718},{""x"":604,""y"":251,""t"":3797},{""x"":560,""y"":276,""t"":3812},{""x"":510,""y"":286,""t"":3893},{""x"":472,""y"":293,""t"":3912},{""x"":581,""y"":334,""t"":3989},{""x"":755,""y"":374,""t"":4044},{""x"":908,""y"":385,""t"":4059},{""x"":1067,""y"":426,""t"":4138},{""x"":1198,""y"":458,""t"":4154},{""x"":1344,""y"":489,""t"":4237},{""x"":1396,""y"":502,""t"":4253},{""x"":1496,""y"":538,""t"":4332},{""x"":1584,""y"":550,""t"":4383},{""x"":1629,""y"":592,""t"":4399},{""x"":1608,""y"":593,""t"":4477},{""x"":1544,""y"":619,""t"":4493},{""x"":1416,""y"":566,""t"":4576},{""x"":1298,""y"":587,""t"":4592},{""x"":1205,""y"":525,""t"":4673},{""x"":1101,""y"":499,""t"":4694},{""x"":1013,""y"":427,""t"":4774},{""x"":965,""y"":454,""t"":4828},{""x"":929,""y"":478,""t"":4842},{""x"":842,""y"":444,""t"":4920},{""x"":794,""y"":464,""t"":4935},{""x"":917,""y"":454,""t"":5014},{""x"":1019,""y"":437,""t"":5034},{""x"":1075,""y"":421,""t"":5112},{""x"":1124,""y"":408,""t"":5136},{""x"":1174,""y"":379,""t"":5214},{""x"":1169,""y"":322,""t"":5271},{""x"":1181,""y"":297,""t"":5329},{""x"":1189,""y"":279,""t"":5344},{""x"":1121,""y"":253,""t"":5421},{""x"":1061,""y"":232,""t"":5440},{""x"":1047,""y"":280,""t"":5520},{""x"":1053,""y"":312,""t"":5572},{""x"":1059,""y"":341,""t"":5589},{""x"":1076,""y"":385,""t"":5665},{""x"":1091,""y"":422,""t"":5680},{""x"":1087,""y"":456,""t"":5762},{""x"":1093,""y"":504,""t"":5780},{""x"":1136,""y"":505,""t"":5860},{""x"":1105,""y"":432,""t"":5882},{""x"":1084,""y"":435,""t"":5965},{""x"":1067,""y"":438,""t"":5985},{""x"":1110,""y"":509,""t"":6065},{""x"":1171,""y"":511,""t"":6120},{""x"":1168,""y"":519,""t"":6172},{""x"":1137,""y"":491,""t"":6190}]",{},j,0.21,0.62,0.41,0.18,0.41,0.21,0.18,0.62,experimental,exp_59,"{""durations"":[1000,1500,1000,1500],""alternatives"":[""all"",""all"",""all"",""all""],""attributes"":[""m"",""p"",""m"",""p""]}",0,0.41,0.18,1920,1080,"""","""","""","""","""","""",2021-06-16 16:45:48,,"Mozilla/5.0 (Windows NT 10.0; Win64; x64) AppleWebKit/537.36 (KHTML, like Gecko) Chrome/91.0.4472.106 Safari/537.36",WebKit,Chrome,91.0.4472.106,Windows,10.0
105,248,1,"""","""","""","""","""",html-keyboard-response,105,814709,0.0-12.0-1.0-1.38,main,29KKCMFL,1920,1080,exp_98,0.262294910469391,4.9,,"<p style=""font-size:40px;"">+</p>",,"""","""","""","""","[{""x"":1147,""y"":499,""t"":-48},{""x"":1156,""y"":506,""t"":0},{""x"":1163,""y"":469,""t"":120},{""x"":1198,""y"":511,""t"":136},{""x"":1260,""y"":516,""t"":222},{""x"":1360,""y"":521,""t"":239},{""x"":1452,""y"":521,""t"":323},{""x"":1406,""y"":455,""t"":341},{""x"":1350,""y"":390,""t"":424},{""x"":1227,""y"":320,""t"":443}]",{},"""","""","""","""","""","""","""","""","""","""","""","""","""","""","""","""","""","""","""","""","""","""","""",2021-06-16 16:45:48,,"Mozilla/5.0 (Windows NT 10.0; Win64; x64) AppleWebKit/537.36 (KHTML, like Gecko) Chrome/91.0.4472.106 Safari/537.36",WebKit,Chrome,91.0.4472.106,Windows,10.0
106,248,1,"""","""","""","""","""",two-gamble-sequence,106,821359,0.0-12.0-1.0-2.38,main,29KKCMFL,1920,1080,exp_98,0.262294910469391,4.9,1020.2000000476837,"""","""","""","""","""","""","[{""x"":1186,""y"":355,""t"":-16},{""x"":1153,""y"":385,""t"":0},{""x"":1152,""y"":385,""t"":111},{""x"":1107,""y"":351,""t"":181},{""x"":1070,""y"":324,""t"":205},{""x"":1043,""y"":341,""t"":286},{""x"":1022,""y"":358,""t"":307},{""x"":1028,""y"":359,""t"":386},{""x"":1036,""y"":361,""t"":409},{""x"":890,""y"":357,""t"":490},{""x"":741,""y"":354,""t"":541},{""x"":618,""y"":350,""t"":556},{""x"":575,""y"":328,""t"":635},{""x"":515,""y"":286,""t"":651},{""x"":482,""y"":248,""t"":732},{""x"":461,""y"":217,""t"":749},{""x"":489,""y"":207,""t"":827},{""x"":517,""y"":214,""t"":881},{""x"":485,""y"":240,""t"":898},{""x"":746,""y"":285,""t"":981},{""x"":971,""y"":325,""t"":997},{""x"":1190,""y"":359,""t"":1079},{""x"":1312,""y"":372,""t"":1094},{""x"":1412,""y"":356,""t"":1174},{""x"":1416,""y"":322,""t"":1190},{""x"":1515,""y"":323,""t"":1269},{""x"":1494,""y"":297,""t"":1320},{""x"":1468,""y"":275,""t"":1335},{""x"":1331,""y"":271,""t"":1414},{""x"":1230,""y"":280,""t"":1428},{""x"":1136,""y"":295,""t"":1509},{""x"":1057,""y"":321,""t"":1562},{""x"":990,""y"":352,""t"":1577},{""x"":931,""y"":385,""t"":1653},{""x"":884,""y"":412,""t"":1669},{""x"":852,""y"":437,""t"":1751},{""x"":755,""y"":452,""t"":1768},{""x"":805,""y"":533,""t"":1849},{""x"":895,""y"":584,""t"":1871},{""x"":1077,""y"":625,""t"":1948},{""x"":1233,""y"":656,""t"":1973},{""x"":1379,""y"":675,""t"":2051},{""x"":1473,""y"":669,""t"":2103},{""x"":1548,""y"":660,""t"":2118},{""x"":1606,""y"":652,""t"":2196},{""x"":1648,""y"":644,""t"":2211},{""x"":1641,""y"":614,""t"":2290},{""x"":1659,""y"":602,""t"":2345},{""x"":1688,""y"":602,""t"":2360},{""x"":1743,""y"":656,""t"":2443},{""x"":1785,""y"":702,""t"":2458},{""x"":1825,""y"":735,""t"":2540},{""x"":1855,""y"":761,""t"":2557},{""x"":1890,""y"":788,""t"":2638},{""x"":1916,""y"":809,""t"":2656},{""x"":1912,""y"":828,""t"":2738},{""x"":1846,""y"":795,""t"":2754},{""x"":1751,""y"":768,""t"":2832},{""x"":1618,""y"":652,""t"":2889},{""x"":1505,""y"":554,""t"":2904},{""x"":1436,""y"":444,""t"":2984},{""x"":1381,""y"":355,""t"":2999},{""x"":1420,""y"":363,""t"":3077},{""x"":1407,""y"":292,""t"":3096},{""x"":1396,""y"":249,""t"":3175},{""x"":1429,""y"":235,""t"":3197},{""x"":1206,""y"":177,""t"":3274},{""x"":1104,""y"":144,""t"":3326},{""x"":1023,""y"":120,""t"":3342},{""x"":895,""y"":80,""t"":3418},{""x"":866,""y"":85,""t"":3435},{""x"":808,""y"":97,""t"":3514},{""x"":763,""y"":130,""t"":3537},{""x"":664,""y"":132,""t"":3615},{""x"":609,""y"":157,""t"":3670},{""x"":569,""y"":181,""t"":3686},{""x"":499,""y"":185,""t"":3770},{""x"":473,""y"":174,""t"":3785},{""x"":604,""y"":225,""t"":3864},{""x"":687,""y"":268,""t"":3880},{""x"":880,""y"":338,""t"":3959},{""x"":1108,""y"":462,""t"":4010},{""x"":1300,""y"":566,""t"":4025},{""x"":1346,""y"":594,""t"":4109},{""x"":1454,""y"":642,""t"":4125},{""x"":1293,""y"":596,""t"":4204},{""x"":1147,""y"":553,""t"":4221},{""x"":1038,""y"":521,""t"":4302},{""x"":944,""y"":493,""t"":4319},{""x"":820,""y"":407,""t"":4400},{""x"":772,""y"":362,""t"":4452},{""x"":788,""y"":356,""t"":4467},{""x"":870,""y"":364,""t"":4516},{""x"":927,""y"":405,""t"":4567},{""x"":940,""y"":424,""t"":4650},{""x"":950,""y"":439,""t"":4666},{""x"":1015,""y"":524,""t"":4746},{""x"":1038,""y"":567,""t"":4760},{""x"":942,""y"":509,""t"":4840},{""x"":977,""y"":536,""t"":4891},{""x"":1007,""y"":558,""t"":4906},{""x"":1106,""y"":612,""t"":4986},{""x"":1190,""y"":656,""t"":5002},{""x"":1264,""y"":671,""t"":5082},{""x"":1324,""y"":680,""t"":5100},{""x"":1370,""y"":686,""t"":5182},{""x"":1406,""y"":688,""t"":5202},{""x"":1309,""y"":634,""t"":5284},{""x"":1274,""y"":607,""t"":5335},{""x"":1242,""y"":583,""t"":5350},{""x"":1269,""y"":583,""t"":5442},{""x"":1274,""y"":585,""t"":5499},{""x"":1196,""y"":530,""t"":5514},{""x"":1163,""y"":487,""t"":5598},{""x"":1136,""y"":451,""t"":5613},{""x"":1065,""y"":463,""t"":5696},{""x"":1005,""y"":474,""t"":5712},{""x"":901,""y"":446,""t"":5790},{""x"":741,""y"":402,""t"":5848},{""x"":721,""y"":362,""t"":5905},{""x"":776,""y"":407,""t"":5920},{""x"":731,""y"":410,""t"":5999},{""x"":728,""y"":425,""t"":6019},{""x"":838,""y"":457,""t"":6101},{""x"":817,""y"":407,""t"":6121},{""x"":731,""y"":369,""t"":6201},{""x"":745,""y"":317,""t"":6252},{""x"":860,""y"":324,""t"":6267},{""x"":854,""y"":276,""t"":6345},{""x"":849,""y"":238,""t"":6361},{""x"":903,""y"":203,""t"":6440},{""x"":948,""y"":169,""t"":6490},{""x"":985,""y"":143,""t"":6505},{""x"":971,""y"":140,""t"":6586}]",{},j,0.48,0.79,0.81,0.16999999999999998,0.81,0.48,0.16999999999999998,0.79,experimental,exp_43,"{""durations"":[1000,1500,1000,1500],""alternatives"":[""all"",""all"",""all"",""all""],""attributes"":[""m"",""p"",""m"",""p""]}",0,0.81,0.16999999999999998,1920,1080,"""","""","""","""","""","""",2021-06-16 16:45:48,,"Mozilla/5.0 (Windows NT 10.0; Win64; x64) AppleWebKit/537.36 (KHTML, like Gecko) Chrome/91.0.4472.106 Safari/537.36",WebKit,Chrome,91.0.4472.106,Windows,10.0
107,248,1,"""","""","""","""","""",html-keyboard-response,107,821900,0.0-12.0-1.0-1.39,main,29KKCMFL,1920,1080,exp_98,0.262294910469391,4.9,,"<p style=""font-size:40px;"">+</p>",,"""","""","""","""","[{""x"":986,""y"":161,""t"":-48},{""x"":1067,""y"":193,""t"":0},{""x"":1041,""y"":240,""t"":117},{""x"":1003,""y"":245,""t"":137},{""x"":1041,""y"":379,""t"":218},{""x"":1034,""y"":464,""t"":272},{""x"":1089,""y"":501,""t"":326},{""x"":1135,""y"":529,""t"":340},{""x"":1069,""y"":490,""t"":421},{""x"":1062,""y"":465,""t"":443}]",{},"""","""","""","""","""","""","""","""","""","""","""","""","""","""","""","""","""","""","""","""","""","""","""",2021-06-16 16:45:48,,"Mozilla/5.0 (Windows NT 10.0; Win64; x64) AppleWebKit/537.36 (KHTML, like Gecko) Chrome/91.0.4472.106 Safari/537.36",WebKit,Chrome,91.0.4472.106,Windows,10.0
108,248,1,"""","""","""","""","""",two-gamble-sequence,108,827944,0.0-12.0-1.0-2.39,main,29KKCMFL,1920,1080,exp_98,0.262294910469391,4.9,416.2999999523163,"""","""","""","""","""","""","[{""x"":1012,""y"":434,""t"":-16},{""x"":1121,""y"":487,""t"":0},{""x"":1145,""y"":510,""t"":113},{""x"":1055,""y"":505,""t"":182},{""x"":1051,""y"":533,""t"":204},{""x"":992,""y"":526,""t"":287},{""x"":941,""y"":519,""t"":306},{""x"":930,""y"":526,""t"":382},{""x"":915,""y"":433,""t"":440},{""x"":874,""y"":351,""t"":455},{""x"":842,""y"":313,""t"":535},{""x"":833,""y"":278,""t"":550},{""x"":843,""y"":255,""t"":627},{""x"":854,""y"":238,""t"":646},{""x"":853,""y"":220,""t"":723},{""x"":659,""y"":184,""t"":781},{""x"":495,""y"":155,""t"":796},{""x"":547,""y"":195,""t"":875},{""x"":609,""y"":215,""t"":891},{""x"":636,""y"":270,""t"":971},{""x"":662,""y"":317,""t"":986},{""x"":704,""y"":371,""t"":1067},{""x"":741,""y"":415,""t"":1088},{""x"":741,""y"":460,""t"":1169},{""x"":718,""y"":470,""t"":1191},{""x"":704,""y"":472,""t"":1270},{""x"":874,""y"":391,""t"":1322},{""x"":1019,""y"":320,""t"":1338},{""x"":1102,""y"":260,""t"":1416},{""x"":1217,""y"":196,""t"":1431},{""x"":1361,""y"":167,""t"":1515},{""x"":1476,""y"":145,""t"":1531},{""x"":1499,""y"":148,""t"":1611},{""x"":1556,""y"":177,""t"":1665},{""x"":1567,""y"":206,""t"":1680},{""x"":1682,""y"":366,""t"":1758},{""x"":1677,""y"":393,""t"":1774},{""x"":1656,""y"":420,""t"":1853},{""x"":1645,""y"":413,""t"":1870},{""x"":1623,""y"":414,""t"":1951},{""x"":1624,""y"":415,""t"":1972},{""x"":1596,""y"":419,""t"":2050},{""x"":1574,""y"":406,""t"":2104},{""x"":1553,""y"":393,""t"":2118},{""x"":1534,""y"":422,""t"":2196},{""x"":1517,""y"":445,""t"":2211},{""x"":1518,""y"":466,""t"":2291},{""x"":1520,""y"":482,""t"":2313},{""x"":1519,""y"":484,""t"":2392},{""x"":1519,""y"":484,""t"":2415},{""x"":1507,""y"":468,""t"":2500},{""x"":1496,""y"":453,""t"":2516},{""x"":1494,""y"":397,""t"":2598},{""x"":1492,""y"":349,""t"":2619},{""x"":1515,""y"":339,""t"":2699},{""x"":1511,""y"":341,""t"":2752},{""x"":1531,""y"":329,""t"":2767},{""x"":1522,""y"":334,""t"":2847},{""x"":1513,""y"":338,""t"":2863},{""x"":1507,""y"":334,""t"":2947},{""x"":1502,""y"":331,""t"":2962},{""x"":1465,""y"":344,""t"":3042},{""x"":1314,""y"":329,""t"":3061},{""x"":1099,""y"":335,""t"":3140},{""x"":967,""y"":293,""t"":3162},{""x"":831,""y"":245,""t"":3244},{""x"":723,""y"":206,""t"":3264},{""x"":612,""y"":161,""t"":3345},{""x"":526,""y"":125,""t"":3367},{""x"":487,""y"":136,""t"":3445},{""x"":504,""y"":211,""t"":3501},{""x"":527,""y"":277,""t"":3516},{""x"":539,""y"":294,""t"":3596},{""x"":555,""y"":309,""t"":3612},{""x"":563,""y"":326,""t"":3691},{""x"":574,""y"":341,""t"":3706},{""x"":568,""y"":354,""t"":3786},{""x"":566,""y"":364,""t"":3809},{""x"":646,""y"":355,""t"":3890},{""x"":844,""y"":364,""t"":3943},{""x"":1076,""y"":388,""t"":3959},{""x"":1166,""y"":433,""t"":4037},{""x"":1313,""y"":460,""t"":4051},{""x"":1481,""y"":462,""t"":4131},{""x"":1623,""y"":455,""t"":4149},{""x"":1712,""y"":461,""t"":4230},{""x"":1778,""y"":465,""t"":4250},{""x"":1689,""y"":409,""t"":4330},{""x"":1604,""y"":360,""t"":4352},{""x"":1538,""y"":341,""t"":4432},{""x"":1457,""y"":324,""t"":4454},{""x"":1454,""y"":353,""t"":4540},{""x"":1497,""y"":456,""t"":4556},{""x"":1492,""y"":480,""t"":4636},{""x"":1507,""y"":486,""t"":4689},{""x"":1518,""y"":489,""t"":4705},{""x"":1527,""y"":486,""t"":4785},{""x"":1533,""y"":481,""t"":4800},{""x"":1510,""y"":473,""t"":4882},{""x"":1452,""y"":429,""t"":4897},{""x"":1460,""y"":391,""t"":4993},{""x"":1437,""y"":363,""t"":5010},{""x"":1438,""y"":383,""t"":5091},{""x"":1463,""y"":433,""t"":5108},{""x"":1468,""y"":482,""t"":5190},{""x"":1502,""y"":550,""t"":5205},{""x"":1433,""y"":577,""t"":5287},{""x"":1358,""y"":545,""t"":5305},{""x"":1294,""y"":560,""t"":5383},{""x"":1182,""y"":531,""t"":5407},{""x"":1173,""y"":592,""t"":5489},{""x"":1107,""y"":578,""t"":5509},{""x"":1086,""y"":587,""t"":5590},{""x"":1073,""y"":593,""t"":5611},{""x"":1067,""y"":595,""t"":5690},{""x"":1053,""y"":587,""t"":5742},{""x"":1045,""y"":579,""t"":5757},{""x"":1025,""y"":554,""t"":5837},{""x"":1012,""y"":532,""t"":5853},{""x"":1007,""y"":498,""t"":5931},{""x"":1059,""y"":519,""t"":5951}]",{},j,0.4,0.3,0.78,0.21000000000000002,0.78,0.4,0.21000000000000002,0.3,experimental,exp_108,"{""durations"":[1500,1000,1500,1000],""alternatives"":[1,0,1,0],""attributes"":[""all"",""all"",""all"",""all""]}",0,0.78,0.21000000000000002,1920,1080,"""","""","""","""","""","""",2021-06-16 16:45:48,,"Mozilla/5.0 (Windows NT 10.0; Win64; x64) AppleWebKit/537.36 (KHTML, like Gecko) Chrome/91.0.4472.106 Safari/537.36",WebKit,Chrome,91.0.4472.106,Windows,10.0
109,248,1,"""","""","""","""","""",html-keyboard-response,109,828556,0.0-12.0-1.0-1.40,main,29KKCMFL,1920,1080,exp_98,0.262294910469391,4.9,,"<p style=""font-size:40px;"">+</p>",,"""","""","""","""","[{""x"":1153,""y"":586,""t"":-48},{""x"":1202,""y"":518,""t"":0},{""x"":1246,""y"":583,""t"":110},{""x"":1221,""y"":587,""t"":168},{""x"":1225,""y"":544,""t"":183},{""x"":1224,""y"":546,""t"":262},{""x"":1185,""y"":573,""t"":278},{""x"":1142,""y"":560,""t"":359},{""x"":1105,""y"":549,""t"":374},{""x"":1057,""y"":524,""t"":460},{""x"":1018,""y"":502,""t"":478}]",{},"""","""","""","""","""","""","""","""","""","""","""","""","""","""","""","""","""","""","""","""","""","""","""",2021-06-16 16:45:48,,"Mozilla/5.0 (Windows NT 10.0; Win64; x64) AppleWebKit/537.36 (KHTML, like Gecko) Chrome/91.0.4472.106 Safari/537.36",WebKit,Chrome,91.0.4472.106,Windows,10.0
110,248,1,"""","""","""","""","""",two-gamble-sequence,110,834739,0.0-12.0-1.0-2.40,main,29KKCMFL,1920,1080,exp_98,0.262294910469391,4.9,472.39999997615814,"""","""","""","""","""","""","[{""x"":1046,""y"":526,""t"":-17},{""x"":1055,""y"":518,""t"":0},{""x"":1073,""y"":542,""t"":91},{""x"":1101,""y"":559,""t"":119},{""x"":1109,""y"":528,""t"":175},{""x"":1164,""y"":519,""t"":247},{""x"":1058,""y"":488,""t"":329},{""x"":1033,""y"":485,""t"":346},{""x"":1202,""y"":493,""t"":425},{""x"":1352,""y"":532,""t"":443},{""x"":1480,""y"":571,""t"":521},{""x"":1585,""y"":604,""t"":544},{""x"":1662,""y"":627,""t"":626},{""x"":1664,""y"":610,""t"":675},{""x"":1700,""y"":635,""t"":692},{""x"":1801,""y"":704,""t"":770},{""x"":1840,""y"":723,""t"":786},{""x"":1869,""y"":753,""t"":871},{""x"":1882,""y"":786,""t"":886},{""x"":1879,""y"":828,""t"":971},{""x"":1878,""y"":818,""t"":987},{""x"":1844,""y"":825,""t"":1070},{""x"":1816,""y"":782,""t"":1090},{""x"":1805,""y"":763,""t"":1171},{""x"":1824,""y"":747,""t"":1222},{""x"":1852,""y"":732,""t"":1237},{""x"":1855,""y"":705,""t"":1286},{""x"":1856,""y"":681,""t"":1331},{""x"":1551,""y"":551,""t"":1411},{""x"":1289,""y"":441,""t"":1429},{""x"":1048,""y"":364,""t"":1506},{""x"":945,""y"":369,""t"":1559},{""x"":836,""y"":352,""t"":1579},{""x"":745,""y"":361,""t"":1629},{""x"":678,""y"":373,""t"":1674},{""x"":679,""y"":379,""t"":1755},{""x"":691,""y"":387,""t"":1770},{""x"":834,""y"":473,""t"":1854},{""x"":962,""y"":548,""t"":1870},{""x"":969,""y"":544,""t"":1956},{""x"":976,""y"":539,""t"":1973},{""x"":950,""y"":538,""t"":2053},{""x"":929,""y"":535,""t"":2074},{""x"":861,""y"":516,""t"":2152},{""x"":718,""y"":431,""t"":2205},{""x"":564,""y"":344,""t"":2220},{""x"":479,""y"":285,""t"":2300},{""x"":412,""y"":238,""t"":2316},{""x"":359,""y"":202,""t"":2394},{""x"":315,""y"":184,""t"":2448},{""x"":284,""y"":169,""t"":2464},{""x"":262,""y"":173,""t"":2513},{""x"":250,""y"":180,""t"":2559},{""x"":434,""y"":223,""t"":2641},{""x"":516,""y"":242,""t"":2656},{""x"":597,""y"":245,""t"":2735},{""x"":665,""y"":247,""t"":2755},{""x"":819,""y"":332,""t"":2838},{""x"":948,""y"":405,""t"":2857},{""x"":1116,""y"":399,""t"":2940},{""x"":1253,""y"":391,""t"":2958},{""x"":1396,""y"":397,""t"":3041},{""x"":1496,""y"":401,""t"":3060},{""x"":1636,""y"":408,""t"":3141},{""x"":1711,""y"":390,""t"":3191},{""x"":1763,""y"":373,""t"":3208},{""x"":1766,""y"":504,""t"":3286},{""x"":1758,""y"":616,""t"":3303},{""x"":1761,""y"":706,""t"":3383},{""x"":1756,""y"":778,""t"":3401},{""x"":1745,""y"":805,""t"":3486},{""x"":1731,""y"":823,""t"":3502},{""x"":1747,""y"":831,""t"":3585},{""x"":1790,""y"":866,""t"":3636},{""x"":1812,""y"":886,""t"":3654},{""x"":1843,""y"":859,""t"":3701},{""x"":1797,""y"":811,""t"":3747},{""x"":1744,""y"":748,""t"":3832},{""x"":1698,""y"":693,""t"":3847},{""x"":1756,""y"":668,""t"":3927},{""x"":1704,""y"":612,""t"":3945},{""x"":1488,""y"":535,""t"":4024},{""x"":1265,""y"":433,""t"":4077},{""x"":1080,""y"":349,""t"":4093},{""x"":945,""y"":311,""t"":4172},{""x"":839,""y"":283,""t"":4188},{""x"":782,""y"":275,""t"":4271},{""x"":671,""y"":255,""t"":4286},{""x"":673,""y"":273,""t"":4363},{""x"":685,""y"":292,""t"":4388},{""x"":702,""y"":307,""t"":4466},{""x"":726,""y"":316,""t"":4518},{""x"":752,""y"":325,""t"":4535},{""x"":707,""y"":332,""t"":4611},{""x"":729,""y"":282,""t"":4626},{""x"":692,""y"":244,""t"":4705},{""x"":599,""y"":209,""t"":4756},{""x"":524,""y"":181,""t"":4771},{""x"":492,""y"":164,""t"":4855},{""x"":439,""y"":147,""t"":4872},{""x"":561,""y"":185,""t"":4951},{""x"":714,""y"":217,""t"":4966},{""x"":812,""y"":269,""t"":5044},{""x"":893,""y"":313,""t"":5067},{""x"":959,""y"":373,""t"":5144},{""x"":1109,""y"":440,""t"":5197},{""x"":1233,""y"":495,""t"":5212},{""x"":1367,""y"":555,""t"":5291},{""x"":1403,""y"":532,""t"":5308},{""x"":1415,""y"":547,""t"":5387},{""x"":1373,""y"":557,""t"":5440},{""x"":1330,""y"":562,""t"":5456},{""x"":1293,""y"":548,""t"":5534},{""x"":1258,""y"":535,""t"":5550},{""x"":1259,""y"":554,""t"":5633},{""x"":1259,""y"":570,""t"":5649},{""x"":1359,""y"":561,""t"":5729},{""x"":1378,""y"":525,""t"":5747},{""x"":1420,""y"":566,""t"":5829},{""x"":1320,""y"":505,""t"":5880},{""x"":1232,""y"":453,""t"":5896},{""x"":1187,""y"":458,""t"":5975},{""x"":1141,""y"":442,""t"":5990},{""x"":1167,""y"":458,""t"":6068},{""x"":1190,""y"":472,""t"":6087}]",{},f,0.7,0.18,0.29,0.5,0.7,0.29,0.18,0.5,experimental,exp_10,"{""durations"":[1000,1500,1000,1500],""alternatives"":[1,0,1,0],""attributes"":[""all"",""all"",""all"",""all""]}",0,0.7,0.18,1920,1080,"""","""","""","""","""","""",2021-06-16 16:45:48,,"Mozilla/5.0 (Windows NT 10.0; Win64; x64) AppleWebKit/537.36 (KHTML, like Gecko) Chrome/91.0.4472.106 Safari/537.36",WebKit,Chrome,91.0.4472.106,Windows,10.0
111,248,1,"""","""","""","""","""",html-keyboard-response,111,835316,0.0-12.0-1.0-1.41,main,29KKCMFL,1920,1080,exp_98,0.262294910469391,4.9,,"<p style=""font-size:40px;"">+</p>",,"""","""","""","""","[{""x"":1216,""y"":498,""t"":-17},{""x"":1200,""y"":531,""t"":0},{""x"":1149,""y"":508,""t"":110},{""x"":1075,""y"":497,""t"":165},{""x"":1012,""y"":488,""t"":181},{""x"":1002,""y"":501,""t"":258},{""x"":996,""y"":513,""t"":273},{""x"":1083,""y"":527,""t"":354},{""x"":927,""y"":464,""t"":374},{""x"":923,""y"":442,""t"":456},{""x"":952,""y"":419,""t"":477}]",{},"""","""","""","""","""","""","""","""","""","""","""","""","""","""","""","""","""","""","""","""","""","""","""",2021-06-16 16:45:48,,"Mozilla/5.0 (Windows NT 10.0; Win64; x64) AppleWebKit/537.36 (KHTML, like Gecko) Chrome/91.0.4472.106 Safari/537.36",WebKit,Chrome,91.0.4472.106,Windows,10.0
112,248,1,"""","""","""","""","""",two-gamble-sequence,112,841331,0.0-12.0-1.0-2.41,main,29KKCMFL,1920,1080,exp_98,0.262294910469391,4.9,400.5,"""","""","""","""","""","""","[{""x"":1002,""y"":395,""t"":-17},{""x"":1046,""y"":376,""t"":0},{""x"":1027,""y"":379,""t"":101},{""x"":1040,""y"":422,""t"":121},{""x"":1023,""y"":420,""t"":189},{""x"":1077,""y"":469,""t"":237},{""x"":1123,""y"":511,""t"":285},{""x"":1113,""y"":521,""t"":368},{""x"":1103,""y"":528,""t"":384},{""x"":1134,""y"":475,""t"":464},{""x"":1159,""y"":428,""t"":480},{""x"":1245,""y"":435,""t"":558},{""x"":1317,""y"":441,""t"":578},{""x"":1358,""y"":452,""t"":656},{""x"":1484,""y"":469,""t"":712},{""x"":1588,""y"":484,""t"":727},{""x"":1323,""y"":417,""t"":809},{""x"":1092,""y"":359,""t"":823},{""x"":835,""y"":348,""t"":904},{""x"":617,""y"":315,""t"":919},{""x"":484,""y"":263,""t"":999},{""x"":434,""y"":235,""t"":1053},{""x"":397,""y"":214,""t"":1071},{""x"":387,""y"":149,""t"":1117},{""x"":387,""y"":96,""t"":1163},{""x"":412,""y"":98,""t"":1243},{""x"":440,""y"":103,""t"":1258},{""x"":612,""y"":75,""t"":1337},{""x"":743,""y"":69,""t"":1394},{""x"":929,""y"":134,""t"":1410},{""x"":1117,""y"":244,""t"":1455},{""x"":1273,""y"":338,""t"":1501},{""x"":1415,""y"":439,""t"":1579},{""x"":1511,""y"":521,""t"":1629},{""x"":1583,""y"":587,""t"":1645},{""x"":1630,""y"":640,""t"":1724},{""x"":1661,""y"":680,""t"":1740},{""x"":1625,""y"":658,""t"":1818},{""x"":1586,""y"":634,""t"":1838},{""x"":1404,""y"":597,""t"":1913},{""x"":1199,""y"":554,""t"":1963},{""x"":1024,""y"":516,""t"":1979},{""x"":839,""y"":468,""t"":2060},{""x"":693,""y"":436,""t"":2075},{""x"":567,""y"":388,""t"":2154},{""x"":456,""y"":363,""t"":2205},{""x"":371,""y"":344,""t"":2220},{""x"":248,""y"":358,""t"":2299},{""x"":272,""y"":357,""t"":2315},{""x"":297,""y"":287,""t"":2398},{""x"":345,""y"":251,""t"":2416},{""x"":398,""y"":232,""t"":2494},{""x"":449,""y"":218,""t"":2517},{""x"":493,""y"":200,""t"":2596},{""x"":505,""y"":174,""t"":2619},{""x"":550,""y"":187,""t"":2698},{""x"":599,""y"":198,""t"":2721},{""x"":618,""y"":229,""t"":2802},{""x"":628,""y"":255,""t"":2824},{""x"":570,""y"":245,""t"":2902},{""x"":720,""y"":205,""t"":2957},{""x"":913,""y"":182,""t"":2971},{""x"":1051,""y"":184,""t"":3051},{""x"":1163,""y"":188,""t"":3066},{""x"":1205,""y"":154,""t"":3146},{""x"":1233,""y"":126,""t"":3164},{""x"":1331,""y"":166,""t"":3243},{""x"":1437,""y"":208,""t"":3295},{""x"":1519,""y"":244,""t"":3309},{""x"":1585,""y"":275,""t"":3388},{""x"":1632,""y"":300,""t"":3403},{""x"":1452,""y"":315,""t"":3485},{""x"":1318,""y"":335,""t"":3503},{""x"":1345,""y"":396,""t"":3586},{""x"":1258,""y"":392,""t"":3604},{""x"":1247,""y"":482,""t"":3692},{""x"":1238,""y"":556,""t"":3707},{""x"":1125,""y"":527,""t"":3789},{""x"":1000,""y"":503,""t"":3841},{""x"":918,""y"":458,""t"":3856},{""x"":793,""y"":400,""t"":3934},{""x"":691,""y"":351,""t"":3949},{""x"":547,""y"":315,""t"":4028},{""x"":433,""y"":287,""t"":4047},{""x"":326,""y"":283,""t"":4126},{""x"":529,""y"":340,""t"":4181},{""x"":710,""y"":389,""t"":4196},{""x"":871,""y"":421,""t"":4276},{""x"":1020,""y"":443,""t"":4292},{""x"":1149,""y"":483,""t"":4370},{""x"":1254,""y"":516,""t"":4387},{""x"":1357,""y"":518,""t"":4469},{""x"":1474,""y"":496,""t"":4488},{""x"":1372,""y"":462,""t"":4568},{""x"":1231,""y"":389,""t"":4619},{""x"":1188,""y"":367,""t"":4634},{""x"":1217,""y"":365,""t"":4713},{""x"":1182,""y"":342,""t"":4728},{""x"":1060,""y"":310,""t"":4810},{""x"":1069,""y"":348,""t"":4828},{""x"":836,""y"":314,""t"":4906},{""x"":763,""y"":321,""t"":4957},{""x"":706,""y"":328,""t"":4974},{""x"":639,""y"":326,""t"":5052},{""x"":588,""y"":326,""t"":5068},{""x"":560,""y"":342,""t"":5153},{""x"":542,""y"":356,""t"":5168},{""x"":576,""y"":346,""t"":5246},{""x"":588,""y"":296,""t"":5271},{""x"":564,""y"":250,""t"":5352},{""x"":546,""y"":212,""t"":5372},{""x"":593,""y"":195,""t"":5452},{""x"":649,""y"":192,""t"":5506},{""x"":713,""y"":249,""t"":5522},{""x"":835,""y"":284,""t"":5604},{""x"":975,""y"":286,""t"":5619},{""x"":1002,""y"":295,""t"":5700},{""x"":1020,""y"":302,""t"":5715},{""x"":1113,""y"":377,""t"":5796},{""x"":1188,""y"":440,""t"":5815},{""x"":1110,""y"":459,""t"":5896},{""x"":1169,""y"":510,""t"":5917}]",{},f,0.49,0.42000000000000004,0.22,0.79,0.49,0.22,0.42000000000000004,0.79,experimental,exp_115,"{""durations"":[1000,1500,1000,1500],""alternatives"":[""all"",""all"",""all"",""all""],""attributes"":[""m"",""p"",""m"",""p""]}",0,0.49,0.42000000000000004,1920,1080,"""","""","""","""","""","""",2021-06-16 16:45:48,,"Mozilla/5.0 (Windows NT 10.0; Win64; x64) AppleWebKit/537.36 (KHTML, like Gecko) Chrome/91.0.4472.106 Safari/537.36",WebKit,Chrome,91.0.4472.106,Windows,10.0
113,248,1,"""","""","""","""","""",html-keyboard-response,113,841941,0.0-12.0-1.0-1.42,main,29KKCMFL,1920,1080,exp_98,0.262294910469391,4.9,,"<p style=""font-size:40px;"">+</p>",,"""","""","""","""","[{""x"":1298,""y"":529,""t"":-52},{""x"":1402,""y"":545,""t"":0},{""x"":1446,""y"":530,""t"":110},{""x"":1413,""y"":488,""t"":167},{""x"":1390,""y"":478,""t"":182},{""x"":1373,""y"":499,""t"":262},{""x"":1400,""y"":515,""t"":278},{""x"":1293,""y"":509,""t"":362},{""x"":1200,""y"":502,""t"":377},{""x"":1147,""y"":483,""t"":463},{""x"":1103,""y"":467,""t"":479}]",{},"""","""","""","""","""","""","""","""","""","""","""","""","""","""","""","""","""","""","""","""","""","""","""",2021-06-16 16:45:48,,"Mozilla/5.0 (Windows NT 10.0; Win64; x64) AppleWebKit/537.36 (KHTML, like Gecko) Chrome/91.0.4472.106 Safari/537.36",WebKit,Chrome,91.0.4472.106,Windows,10.0
114,248,1,"""","""","""","""","""",two-gamble-sequence,114,848045,0.0-12.0-1.0-2.42,main,29KKCMFL,1920,1080,exp_98,0.262294910469391,4.9,452.7999999523163,"""","""","""","""","""","""","[{""x"":1028,""y"":475,""t"":-16},{""x"":967,""y"":483,""t"":0},{""x"":961,""y"":480,""t"":101},{""x"":961,""y"":478,""t"":121},{""x"":892,""y"":464,""t"":227},{""x"":837,""y"":453,""t"":243},{""x"":801,""y"":464,""t"":324},{""x"":771,""y"":430,""t"":341},{""x"":670,""y"":381,""t"":423},{""x"":592,""y"":345,""t"":475},{""x"":531,""y"":317,""t"":490},{""x"":535,""y"":314,""t"":571},{""x"":545,""y"":314,""t"":586},{""x"":706,""y"":345,""t"":667},{""x"":849,""y"":355,""t"":684},{""x"":971,""y"":341,""t"":763},{""x"":1145,""y"":404,""t"":783},{""x"":1213,""y"":402,""t"":862},{""x"":1279,""y"":409,""t"":915},{""x"":1329,""y"":414,""t"":930},{""x"":1372,""y"":420,""t"":1012},{""x"":1402,""y"":424,""t"":1030},{""x"":1244,""y"":377,""t"":1112},{""x"":1104,""y"":336,""t"":1129},{""x"":1007,""y"":322,""t"":1210},{""x"":925,""y"":310,""t"":1226},{""x"":851,""y"":329,""t"":1304},{""x"":778,""y"":353,""t"":1355},{""x"":713,""y"":377,""t"":1370},{""x"":658,""y"":340,""t"":1451},{""x"":688,""y"":361,""t"":1466},{""x"":704,""y"":323,""t"":1544},{""x"":721,""y"":291,""t"":1565},{""x"":689,""y"":297,""t"":1643},{""x"":638,""y"":318,""t"":1698},{""x"":597,""y"":336,""t"":1713},{""x"":557,""y"":379,""t"":1793},{""x"":527,""y"":415,""t"":1808},{""x"":682,""y"":450,""t"":1885},{""x"":818,""y"":478,""t"":1905},{""x"":967,""y"":520,""t"":1985},{""x"":1091,""y"":555,""t"":2007},{""x"":1211,""y"":585,""t"":2088},{""x"":1308,""y"":608,""t"":2109},{""x"":1396,""y"":637,""t"":2189},{""x"":1506,""y"":657,""t"":2246},{""x"":1532,""y"":617,""t"":2302},{""x"":1545,""y"":580,""t"":2318},{""x"":1574,""y"":597,""t"":2398},{""x"":1592,""y"":611,""t"":2416},{""x"":1492,""y"":627,""t"":2497},{""x"":1401,""y"":639,""t"":2517},{""x"":1126,""y"":559,""t"":2596},{""x"":844,""y"":452,""t"":2618},{""x"":704,""y"":383,""t"":2698},{""x"":593,""y"":326,""t"":2720},{""x"":515,""y"":304,""t"":2799},{""x"":439,""y"":301,""t"":2853},{""x"":384,""y"":302,""t"":2868},{""x"":412,""y"":290,""t"":2951},{""x"":444,""y"":282,""t"":2968},{""x"":489,""y"":299,""t"":3045},{""x"":489,""y"":305,""t"":3060},{""x"":483,""y"":299,""t"":3142},{""x"":501,""y"":370,""t"":3194},{""x"":519,""y"":432,""t"":3209},{""x"":509,""y"":431,""t"":3288},{""x"":501,""y"":429,""t"":3304},{""x"":719,""y"":433,""t"":3382},{""x"":896,""y"":439,""t"":3400},{""x"":1029,""y"":437,""t"":3485},{""x"":1138,""y"":435,""t"":3504},{""x"":1263,""y"":457,""t"":3584},{""x"":1340,""y"":476,""t"":3636},{""x"":1397,""y"":492,""t"":3652},{""x"":1450,""y"":509,""t"":3733},{""x"":1487,""y"":523,""t"":3749},{""x"":1494,""y"":516,""t"":3831},{""x"":1492,""y"":508,""t"":3846},{""x"":1499,""y"":507,""t"":3928},{""x"":1500,""y"":505,""t"":3945},{""x"":1438,""y"":530,""t"":4027},{""x"":1381,""y"":551,""t"":4047},{""x"":1406,""y"":642,""t"":4127},{""x"":1438,""y"":683,""t"":4149},{""x"":1428,""y"":705,""t"":4234},{""x"":1456,""y"":737,""t"":4251},{""x"":1445,""y"":689,""t"":4331},{""x"":1433,""y"":645,""t"":4353},{""x"":1419,""y"":593,""t"":4439},{""x"":1406,""y"":549,""t"":4455},{""x"":1282,""y"":441,""t"":4539},{""x"":1168,""y"":362,""t"":4556},{""x"":1033,""y"":295,""t"":4637},{""x"":922,""y"":242,""t"":4659},{""x"":816,""y"":208,""t"":4739},{""x"":786,""y"":233,""t"":4792},{""x"":767,""y"":258,""t"":4809},{""x"":755,""y"":313,""t"":4894},{""x"":743,""y"":354,""t"":4910},{""x"":761,""y"":402,""t"":4960},{""x"":702,""y"":410,""t"":5010},{""x"":855,""y"":462,""t"":5090},{""x"":991,""y"":478,""t"":5107},{""x"":1115,""y"":472,""t"":5190},{""x"":1240,""y"":488,""t"":5206},{""x"":1193,""y"":515,""t"":5286},{""x"":1202,""y"":547,""t"":5305},{""x"":1252,""y"":589,""t"":5382},{""x"":1248,""y"":600,""t"":5408},{""x"":1228,""y"":583,""t"":5490},{""x"":1209,""y"":567,""t"":5509},{""x"":1216,""y"":578,""t"":5591},{""x"":1249,""y"":611,""t"":5611},{""x"":1357,""y"":617,""t"":5690},{""x"":1381,""y"":630,""t"":5742},{""x"":1401,""y"":672,""t"":5757},{""x"":1405,""y"":653,""t"":5837},{""x"":1427,""y"":663,""t"":5855},{""x"":1318,""y"":630,""t"":5933},{""x"":1303,""y"":602,""t"":5951},{""x"":1272,""y"":616,""t"":6031}]",{},j,0.7,0.32,0.79,0.2,0.79,0.7,0.2,0.32,experimental,exp_35,"{""durations"":[1000,1500,1000,1500],""alternatives"":[""all"",""all"",""all"",""all""],""attributes"":[""m"",""p"",""m"",""p""]}",0,0.79,0.2,1920,1080,"""","""","""","""","""","""",2021-06-16 16:45:48,,"Mozilla/5.0 (Windows NT 10.0; Win64; x64) AppleWebKit/537.36 (KHTML, like Gecko) Chrome/91.0.4472.106 Safari/537.36",WebKit,Chrome,91.0.4472.106,Windows,10.0
115,248,1,"""","""","""","""","""",html-keyboard-response,115,848619,0.0-12.0-1.0-1.43,main,29KKCMFL,1920,1080,exp_98,0.262294910469391,4.9,,"<p style=""font-size:40px;"">+</p>",,"""","""","""","""","[{""x"":1247,""y"":621,""t"":-50},{""x"":1226,""y"":625,""t"":0},{""x"":1195,""y"":609,""t"":105},{""x"":1159,""y"":598,""t"":165},{""x"":1130,""y"":588,""t"":180},{""x"":1106,""y"":586,""t"":261},{""x"":1088,""y"":584,""t"":276},{""x"":1097,""y"":597,""t"":360},{""x"":1137,""y"":619,""t"":375},{""x"":1134,""y"":617,""t"":459},{""x"":1132,""y"":614,""t"":477}]",{},"""","""","""","""","""","""","""","""","""","""","""","""","""","""","""","""","""","""","""","""","""","""","""",2021-06-16 16:45:48,,"Mozilla/5.0 (Windows NT 10.0; Win64; x64) AppleWebKit/537.36 (KHTML, like Gecko) Chrome/91.0.4472.106 Safari/537.36",WebKit,Chrome,91.0.4472.106,Windows,10.0
116,248,1,"""","""","""","""","""",two-gamble-sequence,116,854870,0.0-12.0-1.0-2.43,main,29KKCMFL,1920,1080,exp_98,0.262294910469391,4.9,565.8999999761581,"""","""","""","""","""","""","[{""x"":1137,""y"":594,""t"":-16},{""x"":1114,""y"":523,""t"":0},{""x"":1245,""y"":464,""t"":109},{""x"":1359,""y"":448,""t"":142},{""x"":1346,""y"":408,""t"":225},{""x"":1381,""y"":374,""t"":242},{""x"":1298,""y"":354,""t"":320},{""x"":1227,""y"":363,""t"":378},{""x"":1204,""y"":380,""t"":430},{""x"":1185,""y"":397,""t"":445},{""x"":1093,""y"":382,""t"":528},{""x"":1016,""y"":370,""t"":545},{""x"":1109,""y"":420,""t"":623},{""x"":1113,""y"":485,""t"":675},{""x"":1118,""y"":541,""t"":691},{""x"":967,""y"":480,""t"":774},{""x"":838,""y"":427,""t"":789},{""x"":756,""y"":398,""t"":871},{""x"":691,""y"":375,""t"":885},{""x"":609,""y"":344,""t"":964},{""x"":591,""y"":290,""t"":1017},{""x"":603,""y"":284,""t"":1033},{""x"":533,""y"":278,""t"":1112},{""x"":477,""y"":275,""t"":1128},{""x"":628,""y"":270,""t"":1206},{""x"":762,""y"":267,""t"":1225},{""x"":924,""y"":297,""t"":1301},{""x"":1058,""y"":302,""t"":1356},{""x"":1168,""y"":306,""t"":1372},{""x"":1246,""y"":341,""t"":1448},{""x"":1307,""y"":371,""t"":1463},{""x"":1355,""y"":394,""t"":1544},{""x"":1402,""y"":422,""t"":1595},{""x"":1435,""y"":445,""t"":1610},{""x"":1359,""y"":486,""t"":1689},{""x"":1288,""y"":520,""t"":1704},{""x"":1170,""y"":478,""t"":1785},{""x"":1068,""y"":440,""t"":1803},{""x"":925,""y"":388,""t"":1882},{""x"":775,""y"":306,""t"":1934},{""x"":653,""y"":237,""t"":1950},{""x"":607,""y"":238,""t"":2027},{""x"":575,""y"":241,""t"":2042},{""x"":767,""y"":342,""t"":2120},{""x"":936,""y"":430,""t"":2143},{""x"":1087,""y"":441,""t"":2224},{""x"":1121,""y"":438,""t"":2275},{""x"":1210,""y"":421,""t"":2291},{""x"":1248,""y"":439,""t"":2370},{""x"":1276,""y"":454,""t"":2386},{""x"":1266,""y"":480,""t"":2468},{""x"":1295,""y"":531,""t"":2483},{""x"":1220,""y"":484,""t"":2565},{""x"":1223,""y"":447,""t"":2585},{""x"":1162,""y"":412,""t"":2664},{""x"":1240,""y"":391,""t"":2686},{""x"":1301,""y"":396,""t"":2768},{""x"":1351,""y"":400,""t"":2788},{""x"":1345,""y"":390,""t"":2869},{""x"":1322,""y"":368,""t"":2921},{""x"":1300,""y"":350,""t"":2937},{""x"":1361,""y"":361,""t"":3016},{""x"":1412,""y"":372,""t"":3030},{""x"":1194,""y"":316,""t"":3112},{""x"":1000,""y"":300,""t"":3128},{""x"":849,""y"":283,""t"":3206},{""x"":784,""y"":257,""t"":3263},{""x"":736,""y"":235,""t"":3277},{""x"":658,""y"":210,""t"":3356},{""x"":599,""y"":190,""t"":3372},{""x"":632,""y"":199,""t"":3453},{""x"":666,""y"":208,""t"":3469},{""x"":676,""y"":230,""t"":3554},{""x"":687,""y"":249,""t"":3571},{""x"":722,""y"":279,""t"":3652},{""x"":753,""y"":305,""t"":3673},{""x"":840,""y"":380,""t"":3754},{""x"":914,""y"":443,""t"":3775},{""x"":970,""y"":508,""t"":3859},{""x"":1015,""y"":561,""t"":3878},{""x"":989,""y"":559,""t"":3957},{""x"":1020,""y"":583,""t"":3979},{""x"":894,""y"":520,""t"":4059},{""x"":785,""y"":464,""t"":4081},{""x"":943,""y"":488,""t"":4164},{""x"":1080,""y"":508,""t"":4183},{""x"":1114,""y"":541,""t"":4268},{""x"":1140,""y"":568,""t"":4285},{""x"":1188,""y"":579,""t"":4363},{""x"":1298,""y"":639,""t"":4415},{""x"":1387,""y"":688,""t"":4432},{""x"":1466,""y"":626,""t"":4513},{""x"":1492,""y"":581,""t"":4528},{""x"":1556,""y"":510,""t"":4609},{""x"":1605,""y"":449,""t"":4626},{""x"":1621,""y"":415,""t"":4705},{""x"":1635,""y"":386,""t"":4759},{""x"":1660,""y"":358,""t"":4773},{""x"":1607,""y"":396,""t"":4855},{""x"":1559,""y"":404,""t"":4869},{""x"":1476,""y"":391,""t"":4952},{""x"":1461,""y"":389,""t"":4966},{""x"":1359,""y"":380,""t"":5048},{""x"":1272,""y"":374,""t"":5067},{""x"":1219,""y"":361,""t"":5147},{""x"":1177,""y"":352,""t"":5169},{""x"":1123,""y"":351,""t"":5249},{""x"":1100,""y"":376,""t"":5300},{""x"":1084,""y"":398,""t"":5314},{""x"":1113,""y"":419,""t"":5392},{""x"":1140,""y"":436,""t"":5408},{""x"":1136,""y"":433,""t"":5490},{""x"":1133,""y"":429,""t"":5509},{""x"":1103,""y"":402,""t"":5590},{""x"":1079,""y"":379,""t"":5612},{""x"":1039,""y"":421,""t"":5695},{""x"":1006,""y"":438,""t"":5712},{""x"":1007,""y"":440,""t"":5795},{""x"":1010,""y"":440,""t"":5814},{""x"":1026,""y"":432,""t"":5896},{""x"":1031,""y"":446,""t"":5948},{""x"":1037,""y"":458,""t"":5962},{""x"":1036,""y"":460,""t"":6041},{""x"":1035,""y"":461,""t"":6056},{""x"":1127,""y"":518,""t"":6135},{""x"":1207,""y"":566,""t"":6154}]",{},j,0.4,0.3,0.78,0.21000000000000002,0.78,0.4,0.21000000000000002,0.3,experimental,exp_107,"{""durations"":[1000,1500,1000,1500],""alternatives"":[""all"",""all"",""all"",""all""],""attributes"":[""m"",""p"",""m"",""p""]}",0,0.78,0.21000000000000002,1920,1080,"""","""","""","""","""","""",2021-06-16 16:45:48,,"Mozilla/5.0 (Windows NT 10.0; Win64; x64) AppleWebKit/537.36 (KHTML, like Gecko) Chrome/91.0.4472.106 Safari/537.36",WebKit,Chrome,91.0.4472.106,Windows,10.0
117,248,1,"""","""","""","""","""",html-keyboard-response,117,855436,0.0-12.0-1.0-1.44,main,29KKCMFL,1920,1080,exp_98,0.262294910469391,4.9,,"<p style=""font-size:40px;"">+</p>",,"""","""","""","""","[{""x"":1278,""y"":535,""t"":-52},{""x"":1289,""y"":499,""t"":0},{""x"":1368,""y"":527,""t"":111},{""x"":1366,""y"":557,""t"":170},{""x"":1361,""y"":581,""t"":184},{""x"":1321,""y"":593,""t"":268},{""x"":1285,""y"":601,""t"":283},{""x"":1217,""y"":580,""t"":367},{""x"":1238,""y"":582,""t"":382},{""x"":1213,""y"":541,""t"":467}]",{},"""","""","""","""","""","""","""","""","""","""","""","""","""","""","""","""","""","""","""","""","""","""","""",2021-06-16 16:45:48,,"Mozilla/5.0 (Windows NT 10.0; Win64; x64) AppleWebKit/537.36 (KHTML, like Gecko) Chrome/91.0.4472.106 Safari/537.36",WebKit,Chrome,91.0.4472.106,Windows,10.0
118,248,1,"""","""","""","""","""",two-gamble-sequence,118,861576,0.0-12.0-1.0-2.44,main,29KKCMFL,1920,1080,exp_98,0.262294910469391,4.9,500.6999999284744,"""","""","""","""","""","""","[{""x"":1143,""y"":501,""t"":-48},{""x"":1083,""y"":467,""t"":0},{""x"":1121,""y"":501,""t"":89},{""x"":1152,""y"":518,""t"":112},{""x"":1164,""y"":545,""t"":170},{""x"":1176,""y"":568,""t"":239},{""x"":1120,""y"":548,""t"":318},{""x"":1121,""y"":561,""t"":373},{""x"":1057,""y"":529,""t"":389},{""x"":981,""y"":473,""t"":467},{""x"":1050,""y"":520,""t"":484},{""x"":1108,""y"":560,""t"":562},{""x"":1158,""y"":594,""t"":579},{""x"":1199,""y"":606,""t"":658},{""x"":1137,""y"":578,""t"":712},{""x"":1083,""y"":553,""t"":729},{""x"":1026,""y"":533,""t"":807},{""x"":978,""y"":516,""t"":822},{""x"":855,""y"":469,""t"":904},{""x"":753,""y"":429,""t"":920},{""x"":801,""y"":451,""t"":999},{""x"":902,""y"":444,""t"":1055},{""x"":970,""y"":443,""t"":1109},{""x"":1029,""y"":443,""t"":1124},{""x"":1074,""y"":445,""t"":1202},{""x"":1111,""y"":447,""t"":1225},{""x"":1178,""y"":473,""t"":1303},{""x"":1229,""y"":462,""t"":1353},{""x"":1273,""y"":507,""t"":1369},{""x"":1294,""y"":503,""t"":1447},{""x"":1333,""y"":462,""t"":1463},{""x"":1355,""y"":433,""t"":1541},{""x"":1337,""y"":446,""t"":1591},{""x"":1318,""y"":457,""t"":1606},{""x"":1482,""y"":478,""t"":1683},{""x"":1619,""y"":496,""t"":1701},{""x"":1641,""y"":498,""t"":1784},{""x"":1722,""y"":475,""t"":1803},{""x"":1485,""y"":389,""t"":1882},{""x"":1275,""y"":337,""t"":1934},{""x"":1095,""y"":294,""t"":1950},{""x"":946,""y"":275,""t"":2027},{""x"":761,""y"":221,""t"":2043},{""x"":724,""y"":232,""t"":2120},{""x"":735,""y"":222,""t"":2172},{""x"":753,""y"":217,""t"":2187},{""x"":780,""y"":182,""t"":2269},{""x"":829,""y"":195,""t"":2284},{""x"":798,""y"":122,""t"":2362},{""x"":773,""y"":62,""t"":2381},{""x"":1018,""y"":201,""t"":2461},{""x"":1223,""y"":315,""t"":2512},{""x"":1353,""y"":364,""t"":2529},{""x"":1417,""y"":361,""t"":2608},{""x"":1466,""y"":356,""t"":2623},{""x"":1533,""y"":360,""t"":2702},{""x"":1584,""y"":362,""t"":2720},{""x"":1585,""y"":355,""t"":2802},{""x"":1595,""y"":357,""t"":2854},{""x"":1598,""y"":359,""t"":2869},{""x"":1360,""y"":327,""t"":2953},{""x"":1154,""y"":299,""t"":2968},{""x"":930,""y"":284,""t"":3050},{""x"":743,""y"":273,""t"":3066},{""x"":584,""y"":219,""t"":3146},{""x"":457,""y"":175,""t"":3163},{""x"":351,""y"":154,""t"":3241},{""x"":488,""y"":178,""t"":3290},{""x"":616,""y"":200,""t"":3305},{""x"":796,""y"":297,""t"":3385},{""x"":930,""y"":346,""t"":3401},{""x"":1168,""y"":483,""t"":3478},{""x"":1368,""y"":598,""t"":3502},{""x"":1508,""y"":650,""t"":3581},{""x"":1537,""y"":644,""t"":3605},{""x"":1630,""y"":663,""t"":3685},{""x"":1747,""y"":731,""t"":3707},{""x"":1849,""y"":794,""t"":3788},{""x"":1741,""y"":743,""t"":3839},{""x"":1683,""y"":719,""t"":3854},{""x"":1541,""y"":625,""t"":3938},{""x"":1415,""y"":543,""t"":3953},{""x"":1337,""y"":502,""t"":4034},{""x"":1319,""y"":475,""t"":4048},{""x"":1368,""y"":487,""t"":4128},{""x"":1412,""y"":498,""t"":4149},{""x"":1376,""y"":484,""t"":4230},{""x"":1345,""y"":473,""t"":4251},{""x"":1099,""y"":355,""t"":4333},{""x"":891,""y"":256,""t"":4353},{""x"":753,""y"":163,""t"":4431},{""x"":648,""y"":138,""t"":4456},{""x"":662,""y"":115,""t"":4534},{""x"":616,""y"":81,""t"":4586},{""x"":563,""y"":95,""t"":4601},{""x"":684,""y"":177,""t"":4681},{""x"":727,""y"":204,""t"":4696},{""x"":742,""y"":210,""t"":4777},{""x"":756,""y"":217,""t"":4796},{""x"":783,""y"":234,""t"":4874},{""x"":807,""y"":249,""t"":4897},{""x"":844,""y"":279,""t"":4979},{""x"":878,""y"":322,""t"":5000},{""x"":938,""y"":377,""t"":5083},{""x"":980,""y"":437,""t"":5101},{""x"":913,""y"":384,""t"":5187},{""x"":853,""y"":335,""t"":5203},{""x"":810,""y"":344,""t"":5283},{""x"":774,""y"":350,""t"":5304},{""x"":725,""y"":319,""t"":5386},{""x"":708,""y"":295,""t"":5407},{""x"":648,""y"":306,""t"":5486},{""x"":658,""y"":310,""t"":5540},{""x"":669,""y"":313,""t"":5554},{""x"":752,""y"":356,""t"":5635},{""x"":792,""y"":346,""t"":5650},{""x"":890,""y"":334,""t"":5730},{""x"":933,""y"":344,""t"":5747},{""x"":997,""y"":414,""t"":5832},{""x"":1049,""y"":472,""t"":5849},{""x"":1146,""y"":522,""t"":5929},{""x"":1224,""y"":561,""t"":5979},{""x"":1287,""y"":591,""t"":5996},{""x"":1323,""y"":614,""t"":6075}]",{},f,0.17,0.8300000000000001,0.28,0.43,0.28,0.17,0.43,0.8300000000000001,experimental,exp_23,"{""durations"":[1000,1500,1000,1500],""alternatives"":[""all"",""all"",""all"",""all""],""attributes"":[""p"",""m"",""p"",""m""]}",1,0.17,0.8300000000000001,1920,1080,"""","""","""","""","""","""",2021-06-16 16:45:48,,"Mozilla/5.0 (Windows NT 10.0; Win64; x64) AppleWebKit/537.36 (KHTML, like Gecko) Chrome/91.0.4472.106 Safari/537.36",WebKit,Chrome,91.0.4472.106,Windows,10.0
119,248,1,"""","""","""","""","""",html-keyboard-response,119,862118,0.0-12.0-1.0-1.45,main,29KKCMFL,1920,1080,exp_98,0.262294910469391,4.9,,"<p style=""font-size:40px;"">+</p>",,"""","""","""","""","[{""x"":1357,""y"":657,""t"":-49},{""x"":1381,""y"":691,""t"":0},{""x"":1330,""y"":631,""t"":93},{""x"":1299,""y"":591,""t"":108},{""x"":1332,""y"":647,""t"":185},{""x"":1327,""y"":697,""t"":205},{""x"":1331,""y"":717,""t"":284},{""x"":1322,""y"":734,""t"":337},{""x"":1312,""y"":747,""t"":353},{""x"":1369,""y"":690,""t"":434},{""x"":1401,""y"":651,""t"":448}]",{},"""","""","""","""","""","""","""","""","""","""","""","""","""","""","""","""","""","""","""","""","""","""","""",2021-06-16 16:45:48,,"Mozilla/5.0 (Windows NT 10.0; Win64; x64) AppleWebKit/537.36 (KHTML, like Gecko) Chrome/91.0.4472.106 Safari/537.36",WebKit,Chrome,91.0.4472.106,Windows,10.0
120,248,1,"""","""","""","""","""",two-gamble-sequence,120,868274,0.0-12.0-1.0-2.45,main,29KKCMFL,1920,1080,exp_98,0.262294910469391,4.9,484.5,"""","""","""","""","""","""","[{""x"":1339,""y"":612,""t"":-18},{""x"":1353,""y"":584,""t"":0},{""x"":1363,""y"":561,""t"":71},{""x"":1307,""y"":511,""t"":174},{""x"":1235,""y"":475,""t"":235},{""x"":1174,""y"":446,""t"":251},{""x"":1102,""y"":425,""t"":330},{""x"":1044,""y"":409,""t"":345},{""x"":985,""y"":404,""t"":425},{""x"":939,""y"":403,""t"":443},{""x"":763,""y"":399,""t"":523},{""x"":605,""y"":409,""t"":573},{""x"":477,""y"":419,""t"":587},{""x"":374,""y"":428,""t"":667},{""x"":343,""y"":393,""t"":683},{""x"":248,""y"":376,""t"":762},{""x"":205,""y"":360,""t"":812},{""x"":177,""y"":348,""t"":828},{""x"":212,""y"":325,""t"":904},{""x"":306,""y"":329,""t"":920},{""x"":385,""y"":334,""t"":997},{""x"":372,""y"":281,""t"":1021},{""x"":370,""y"":236,""t"":1100},{""x"":370,""y"":200,""t"":1122},{""x"":562,""y"":203,""t"":1204},{""x"":724,""y"":199,""t"":1224},{""x"":1036,""y"":287,""t"":1305},{""x"":1297,""y"":364,""t"":1326},{""x"":1489,""y"":433,""t"":1404},{""x"":1586,""y"":516,""t"":1460},{""x"":1654,""y"":584,""t"":1475},{""x"":1723,""y"":616,""t"":1556},{""x"":1769,""y"":639,""t"":1571},{""x"":1789,""y"":694,""t"":1648},{""x"":1795,""y"":737,""t"":1666},{""x"":1767,""y"":727,""t"":1745},{""x"":1710,""y"":664,""t"":1797},{""x"":1656,""y"":607,""t"":1812},{""x"":1588,""y"":547,""t"":1890},{""x"":1526,""y"":496,""t"":1904},{""x"":1501,""y"":446,""t"":1981},{""x"":1461,""y"":408,""t"":2038},{""x"":1428,""y"":378,""t"":2053},{""x"":1419,""y"":323,""t"":2133},{""x"":1450,""y"":277,""t"":2149},{""x"":1501,""y"":251,""t"":2229},{""x"":1544,""y"":233,""t"":2244},{""x"":1535,""y"":330,""t"":2328},{""x"":1493,""y"":383,""t"":2378},{""x"":1457,""y"":428,""t"":2393},{""x"":1420,""y"":448,""t"":2473},{""x"":1389,""y"":464,""t"":2488},{""x"":1410,""y"":522,""t"":2569},{""x"":1469,""y"":577,""t"":2586},{""x"":1478,""y"":625,""t"":2666},{""x"":1526,""y"":673,""t"":2687},{""x"":1527,""y"":701,""t"":2767},{""x"":1499,""y"":619,""t"":2819},{""x"":1487,""y"":528,""t"":2834},{""x"":1458,""y"":462,""t"":2911},{""x"":1433,""y"":405,""t"":2926},{""x"":1411,""y"":353,""t"":3003},{""x"":1434,""y"":351,""t"":3053},{""x"":1456,""y"":352,""t"":3069},{""x"":1485,""y"":374,""t"":3148},{""x"":1369,""y"":343,""t"":3162},{""x"":1326,""y"":314,""t"":3241},{""x"":1309,""y"":342,""t"":3294},{""x"":1233,""y"":315,""t"":3308},{""x"":980,""y"":282,""t"":3386},{""x"":767,""y"":255,""t"":3402},{""x"":597,""y"":248,""t"":3481},{""x"":428,""y"":255,""t"":3533},{""x"":281,""y"":257,""t"":3548},{""x"":169,""y"":275,""t"":3629},{""x"":102,""y"":301,""t"":3644},{""x"":193,""y"":360,""t"":3722},{""x"":281,""y"":411,""t"":3741},{""x"":342,""y"":433,""t"":3817},{""x"":398,""y"":442,""t"":3875},{""x"":449,""y"":449,""t"":3891},{""x"":514,""y"":453,""t"":3973},{""x"":570,""y"":455,""t"":3989},{""x"":629,""y"":458,""t"":4071},{""x"":678,""y"":460,""t"":4087},{""x"":980,""y"":459,""t"":4165},{""x"":1157,""y"":450,""t"":4183},{""x"":1370,""y"":490,""t"":4265},{""x"":1496,""y"":498,""t"":4285},{""x"":1607,""y"":510,""t"":4368},{""x"":1604,""y"":470,""t"":4387},{""x"":1726,""y"":509,""t"":4467},{""x"":1726,""y"":516,""t"":4490},{""x"":1703,""y"":471,""t"":4570},{""x"":1692,""y"":458,""t"":4621},{""x"":1675,""y"":446,""t"":4637},{""x"":1649,""y"":438,""t"":4713},{""x"":1622,""y"":431,""t"":4727},{""x"":1581,""y"":451,""t"":4807},{""x"":1493,""y"":437,""t"":4860},{""x"":1515,""y"":412,""t"":4876},{""x"":1512,""y"":367,""t"":4954},{""x"":1509,""y"":329,""t"":4970},{""x"":1560,""y"":345,""t"":5048},{""x"":1585,""y"":321,""t"":5067},{""x"":1669,""y"":330,""t"":5150},{""x"":1740,""y"":339,""t"":5168},{""x"":1639,""y"":357,""t"":5252},{""x"":1613,""y"":319,""t"":5270},{""x"":1553,""y"":291,""t"":5352},{""x"":1503,""y"":267,""t"":5373},{""x"":1358,""y"":249,""t"":5452},{""x"":1187,""y"":250,""t"":5504},{""x"":1046,""y"":252,""t"":5519},{""x"":962,""y"":316,""t"":5602},{""x"":897,""y"":372,""t"":5617},{""x"":968,""y"":392,""t"":5697},{""x"":1036,""y"":408,""t"":5713},{""x"":1062,""y"":403,""t"":5796},{""x"":1122,""y"":437,""t"":5814},{""x"":1214,""y"":468,""t"":5897},{""x"":1221,""y"":511,""t"":5947},{""x"":1294,""y"":569,""t"":5961},{""x"":1295,""y"":579,""t"":6044},{""x"":1295,""y"":584,""t"":6059}]",{},j,0.19,0.4,0.31,0.73,0.19,0.31,0.4,0.73,experimental,catch_4,"{""durations"":[1250,1250,1250,1250],""attributes"":[""all"",""all"",""all"",""all""],""alternatives"":[0,1,0,1]}",1,0.31,0.73,1920,1080,"""","""","""","""","""","""",2021-06-16 16:45:48,,"Mozilla/5.0 (Windows NT 10.0; Win64; x64) AppleWebKit/537.36 (KHTML, like Gecko) Chrome/91.0.4472.106 Safari/537.36",WebKit,Chrome,91.0.4472.106,Windows,10.0
121,248,1,"""","""","""","""","""",html-keyboard-response,121,868862,0.0-12.0-1.0-1.46,main,29KKCMFL,1920,1080,exp_98,0.262294910469391,4.9,,"<p style=""font-size:40px;"">+</p>",,"""","""","""","""","[{""x"":1331,""y"":589,""t"":-53},{""x"":1243,""y"":494,""t"":0},{""x"":1268,""y"":488,""t"":99},{""x"":1290,""y"":484,""t"":114},{""x"":1406,""y"":497,""t"":195},{""x"":1421,""y"":490,""t"":210},{""x"":1450,""y"":487,""t"":289},{""x"":1441,""y"":450,""t"":306},{""x"":1432,""y"":451,""t"":385},{""x"":1399,""y"":402,""t"":442},{""x"":1406,""y"":379,""t"":457}]",{},"""","""","""","""","""","""","""","""","""","""","""","""","""","""","""","""","""","""","""","""","""","""","""",2021-06-16 16:45:48,,"Mozilla/5.0 (Windows NT 10.0; Win64; x64) AppleWebKit/537.36 (KHTML, like Gecko) Chrome/91.0.4472.106 Safari/537.36",WebKit,Chrome,91.0.4472.106,Windows,10.0
122,248,1,"""","""","""","""","""",two-gamble-sequence,122,874975,0.0-12.0-1.0-2.46,main,29KKCMFL,1920,1080,exp_98,0.262294910469391,4.9,451.10000002384186,"""","""","""","""","""","""","[{""x"":1317,""y"":384,""t"":-16},{""x"":1242,""y"":389,""t"":0},{""x"":1207,""y"":436,""t"":97},{""x"":1199,""y"":502,""t"":120},{""x"":1192,""y"":562,""t"":197},{""x"":1170,""y"":582,""t"":246},{""x"":1190,""y"":609,""t"":334},{""x"":1209,""y"":629,""t"":350},{""x"":1098,""y"":542,""t"":428},{""x"":1005,""y"":466,""t"":444},{""x"":851,""y"":429,""t"":529},{""x"":798,""y"":390,""t"":544},{""x"":675,""y"":364,""t"":626},{""x"":632,""y"":329,""t"":682},{""x"":554,""y"":306,""t"":733},{""x"":494,""y"":290,""t"":748},{""x"":386,""y"":248,""t"":828},{""x"":302,""y"":215,""t"":851},{""x"":303,""y"":203,""t"":930},{""x"":312,""y"":195,""t"":953},{""x"":400,""y"":217,""t"":1035},{""x"":481,""y"":238,""t"":1055},{""x"":601,""y"":297,""t"":1136},{""x"":646,""y"":328,""t"":1157},{""x"":667,""y"":353,""t"":1236},{""x"":683,""y"":373,""t"":1260},{""x"":745,""y"":391,""t"":1342},{""x"":796,""y"":406,""t"":1361},{""x"":742,""y"":392,""t"":1441},{""x"":746,""y"":390,""t"":1463},{""x"":868,""y"":379,""t"":1548},{""x"":999,""y"":377,""t"":1565},{""x"":1178,""y"":396,""t"":1649},{""x"":1324,""y"":336,""t"":1667},{""x"":1478,""y"":335,""t"":1745},{""x"":1546,""y"":394,""t"":1797},{""x"":1594,""y"":445,""t"":1812},{""x"":1643,""y"":441,""t"":1888},{""x"":1675,""y"":437,""t"":1906},{""x"":1647,""y"":448,""t"":1986},{""x"":1616,""y"":456,""t"":2006},{""x"":1593,""y"":480,""t"":2084},{""x"":1529,""y"":477,""t"":2138},{""x"":1504,""y"":482,""t"":2153},{""x"":1529,""y"":537,""t"":2231},{""x"":1550,""y"":584,""t"":2246},{""x"":1573,""y"":634,""t"":2324},{""x"":1589,""y"":678,""t"":2379},{""x"":1564,""y"":678,""t"":2393},{""x"":1543,""y"":690,""t"":2477},{""x"":1518,""y"":638,""t"":2493},{""x"":1517,""y"":613,""t"":2573},{""x"":1517,""y"":590,""t"":2589},{""x"":1529,""y"":577,""t"":2670},{""x"":1539,""y"":565,""t"":2687},{""x"":1549,""y"":520,""t"":2764},{""x"":1538,""y"":505,""t"":2818},{""x"":1527,""y"":493,""t"":2833},{""x"":1670,""y"":538,""t"":2910},{""x"":1749,""y"":567,""t"":2925},{""x"":1505,""y"":500,""t"":3002},{""x"":1288,""y"":444,""t"":3056},{""x"":1104,""y"":397,""t"":3071},{""x"":986,""y"":357,""t"":3150},{""x"":892,""y"":325,""t"":3165},{""x"":809,""y"":311,""t"":3246},{""x"":746,""y"":301,""t"":3265},{""x"":673,""y"":277,""t"":3346},{""x"":620,""y"":258,""t"":3366},{""x"":579,""y"":230,""t"":3444},{""x"":552,""y"":178,""t"":3503},{""x"":521,""y"":180,""t"":3554},{""x"":491,""y"":204,""t"":3571},{""x"":405,""y"":206,""t"":3652},{""x"":339,""y"":209,""t"":3672},{""x"":306,""y"":199,""t"":3753},{""x"":284,""y"":192,""t"":3774},{""x"":260,""y"":196,""t"":3853},{""x"":245,""y"":201,""t"":3877},{""x"":212,""y"":214,""t"":3956},{""x"":420,""y"":299,""t"":4006},{""x"":602,""y"":372,""t"":4022},{""x"":812,""y"":359,""t"":4100},{""x"":976,""y"":389,""t"":4116},{""x"":1145,""y"":459,""t"":4197},{""x"":1284,""y"":522,""t"":4251},{""x"":1422,""y"":568,""t"":4307},{""x"":1530,""y"":604,""t"":4321},{""x"":1627,""y"":618,""t"":4403},{""x"":1699,""y"":625,""t"":4421},{""x"":1696,""y"":639,""t"":4500},{""x"":1683,""y"":647,""t"":4523},{""x"":1693,""y"":643,""t"":4603},{""x"":1634,""y"":532,""t"":4656},{""x"":1577,""y"":435,""t"":4672},{""x"":1566,""y"":437,""t"":4752},{""x"":1493,""y"":382,""t"":4766},{""x"":1504,""y"":362,""t"":4846},{""x"":1489,""y"":329,""t"":4863},{""x"":1461,""y"":334,""t"":4943},{""x"":1487,""y"":376,""t"":4995},{""x"":1583,""y"":383,""t"":5011},{""x"":1665,""y"":391,""t"":5091},{""x"":1732,""y"":398,""t"":5105},{""x"":1681,""y"":387,""t"":5188},{""x"":1633,""y"":377,""t"":5202},{""x"":1628,""y"":380,""t"":5283},{""x"":1537,""y"":349,""t"":5305},{""x"":1517,""y"":360,""t"":5384},{""x"":1424,""y"":319,""t"":5407},{""x"":1304,""y"":346,""t"":5487},{""x"":1232,""y"":421,""t"":5509},{""x"":1197,""y"":485,""t"":5589},{""x"":1172,""y"":540,""t"":5611},{""x"":1210,""y"":633,""t"":5691},{""x"":1161,""y"":572,""t"":5746},{""x"":1141,""y"":533,""t"":5803},{""x"":1126,""y"":499,""t"":5818},{""x"":1178,""y"":504,""t"":5896},{""x"":1158,""y"":511,""t"":5917},{""x"":1199,""y"":504,""t"":5997},{""x"":1235,""y"":498,""t"":6019}]",{},j,0.22,0.79,0.49,0.42000000000000004,0.49,0.22,0.42000000000000004,0.79,experimental,exp_114,"{""durations"":[1000,1500,1000,1500],""alternatives"":[1,0,1,0],""attributes"":[""all"",""all"",""all"",""all""]}",0,0.49,0.42000000000000004,1920,1080,"""","""","""","""","""","""",2021-06-16 16:45:48,,"Mozilla/5.0 (Windows NT 10.0; Win64; x64) AppleWebKit/537.36 (KHTML, like Gecko) Chrome/91.0.4472.106 Safari/537.36",WebKit,Chrome,91.0.4472.106,Windows,10.0
123,248,1,"""","""","""","""","""",html-keyboard-response,123,875528,0.0-12.0-1.0-1.47,main,29KKCMFL,1920,1080,exp_98,0.262294910469391,4.9,,"<p style=""font-size:40px;"">+</p>",,"""","""","""","""","[{""x"":1299,""y"":450,""t"":-17},{""x"":1277,""y"":433,""t"":0},{""x"":1375,""y"":402,""t"":92},{""x"":1339,""y"":418,""t"":107},{""x"":1416,""y"":412,""t"":187},{""x"":1369,""y"":418,""t"":205},{""x"":1245,""y"":408,""t"":287},{""x"":1138,""y"":401,""t"":306},{""x"":1139,""y"":446,""t"":388},{""x"":1144,""y"":447,""t"":440},{""x"":1150,""y"":448,""t"":455}]",{},"""","""","""","""","""","""","""","""","""","""","""","""","""","""","""","""","""","""","""","""","""","""","""",2021-06-16 16:45:48,,"Mozilla/5.0 (Windows NT 10.0; Win64; x64) AppleWebKit/537.36 (KHTML, like Gecko) Chrome/91.0.4472.106 Safari/537.36",WebKit,Chrome,91.0.4472.106,Windows,10.0
124,248,1,"""","""","""","""","""",two-gamble-sequence,124,882164,0.0-12.0-1.0-2.47,main,29KKCMFL,1920,1080,exp_98,0.262294910469391,4.9,938.8999999761581,"""","""","""","""","""","""","[{""x"":1159,""y"":457,""t"":-15},{""x"":1099,""y"":460,""t"":0},{""x"":1070,""y"":478,""t"":110},{""x"":1059,""y"":507,""t"":151},{""x"":1053,""y"":524,""t"":199},{""x"":993,""y"":485,""t"":246},{""x"":990,""y"":532,""t"":324},{""x"":991,""y"":572,""t"":343},{""x"":969,""y"":554,""t"":422},{""x"":851,""y"":457,""t"":471},{""x"":753,""y"":374,""t"":487},{""x"":651,""y"":359,""t"":563},{""x"":570,""y"":349,""t"":578},{""x"":631,""y"":397,""t"":660},{""x"":768,""y"":403,""t"":682},{""x"":995,""y"":476,""t"":759},{""x"":1190,""y"":539,""t"":783},{""x"":1308,""y"":542,""t"":867},{""x"":1479,""y"":599,""t"":886},{""x"":1539,""y"":606,""t"":964},{""x"":1677,""y"":659,""t"":987},{""x"":1814,""y"":687,""t"":1066},{""x"":1922,""y"":708,""t"":1090},{""x"":1976,""y"":729,""t"":1171},{""x"":2005,""y"":762,""t"":1221},{""x"":2021,""y"":787,""t"":1237},{""x"":1994,""y"":797,""t"":1315},{""x"":1985,""y"":825,""t"":1330},{""x"":1951,""y"":821,""t"":1409},{""x"":1885,""y"":769,""t"":1429},{""x"":1785,""y"":719,""t"":1507},{""x"":1562,""y"":644,""t"":1560},{""x"":1411,""y"":562,""t"":1575},{""x"":1126,""y"":438,""t"":1655},{""x"":889,""y"":335,""t"":1670},{""x"":717,""y"":251,""t"":1748},{""x"":583,""y"":186,""t"":1769},{""x"":448,""y"":196,""t"":1849},{""x"":464,""y"":184,""t"":1900},{""x"":425,""y"":146,""t"":1915},{""x"":553,""y"":263,""t"":1995},{""x"":704,""y"":332,""t"":2011},{""x"":904,""y"":374,""t"":2090},{""x"":1067,""y"":421,""t"":2109},{""x"":1198,""y"":463,""t"":2190},{""x"":1274,""y"":518,""t"":2242},{""x"":1334,""y"":563,""t"":2256},{""x"":1311,""y"":553,""t"":2332},{""x"":1293,""y"":548,""t"":2348},{""x"":1335,""y"":565,""t"":2425},{""x"":1328,""y"":600,""t"":2476},{""x"":1319,""y"":628,""t"":2492},{""x"":1415,""y"":634,""t"":2567},{""x"":1493,""y"":637,""t"":2584},{""x"":1560,""y"":668,""t"":2664},{""x"":1637,""y"":719,""t"":2717},{""x"":1682,""y"":726,""t"":2732},{""x"":1723,""y"":745,""t"":2809},{""x"":1752,""y"":760,""t"":2825},{""x"":1794,""y"":751,""t"":2905},{""x"":1773,""y"":691,""t"":2957},{""x"":1704,""y"":621,""t"":2974},{""x"":1609,""y"":569,""t"":3020},{""x"":1525,""y"":526,""t"":3066},{""x"":1453,""y"":476,""t"":3148},{""x"":1417,""y"":464,""t"":3163},{""x"":1417,""y"":453,""t"":3240},{""x"":1440,""y"":458,""t"":3297},{""x"":1462,""y"":464,""t"":3312},{""x"":1206,""y"":310,""t"":3391},{""x"":956,""y"":227,""t"":3407},{""x"":814,""y"":179,""t"":3487},{""x"":702,""y"":144,""t"":3503},{""x"":621,""y"":124,""t"":3583},{""x"":563,""y"":111,""t"":3605},{""x"":567,""y"":141,""t"":3683},{""x"":579,""y"":171,""t"":3706},{""x"":693,""y"":229,""t"":3785},{""x"":781,""y"":288,""t"":3835},{""x"":860,""y"":338,""t"":3851},{""x"":920,""y"":408,""t"":3932},{""x"":988,""y"":482,""t"":3946},{""x"":1173,""y"":571,""t"":4026},{""x"":1370,""y"":659,""t"":4047},{""x"":1517,""y"":733,""t"":4127},{""x"":1634,""y"":791,""t"":4149},{""x"":1735,""y"":804,""t"":4233},{""x"":1812,""y"":809,""t"":4252},{""x"":1635,""y"":692,""t"":4331},{""x"":1385,""y"":554,""t"":4383},{""x"":1167,""y"":435,""t"":4397},{""x"":944,""y"":359,""t"":4476},{""x"":759,""y"":296,""t"":4491},{""x"":640,""y"":260,""t"":4568},{""x"":583,""y"":256,""t"":4626},{""x"":568,""y"":280,""t"":4682},{""x"":484,""y"":227,""t"":4698},{""x"":618,""y"":312,""t"":4778},{""x"":740,""y"":388,""t"":4795},{""x"":931,""y"":458,""t"":4880},{""x"":1077,""y"":524,""t"":4897},{""x"":1209,""y"":596,""t"":4978},{""x"":1317,""y"":656,""t"":4999},{""x"":1395,""y"":698,""t"":5081},{""x"":1488,""y"":706,""t"":5133},{""x"":1562,""y"":710,""t"":5148},{""x"":1639,""y"":731,""t"":5199},{""x"":1746,""y"":794,""t"":5248},{""x"":1749,""y"":795,""t"":5330},{""x"":1792,""y"":813,""t"":5346},{""x"":1842,""y"":833,""t"":5427},{""x"":1877,""y"":847,""t"":5442},{""x"":1819,""y"":851,""t"":5523},{""x"":1755,""y"":850,""t"":5575},{""x"":1696,""y"":847,""t"":5590},{""x"":1631,""y"":792,""t"":5672},{""x"":1575,""y"":744,""t"":5689},{""x"":1487,""y"":704,""t"":5768},{""x"":1413,""y"":672,""t"":5784},{""x"":1357,""y"":651,""t"":5865},{""x"":1312,""y"":636,""t"":5883},{""x"":1281,""y"":625,""t"":5963},{""x"":1232,""y"":587,""t"":5985},{""x"":1252,""y"":490,""t"":6066},{""x"":1297,""y"":416,""t"":6087},{""x"":1346,""y"":411,""t"":6169},{""x"":1285,""y"":387,""t"":6223},{""x"":1284,""y"":362,""t"":6276},{""x"":1296,""y"":412,""t"":6292},{""x"":1258,""y"":430,""t"":6374},{""x"":1227,""y"":446,""t"":6393},{""x"":1199,""y"":439,""t"":6471},{""x"":1146,""y"":437,""t"":6524},{""x"":1103,""y"":436,""t"":6539}]",{},f,0.7,0.32,0.79,0.2,0.79,0.7,0.2,0.32,experimental,exp_37,"{""durations"":[1500,1000,1500,1000],""alternatives"":[""all"",""all"",""all"",""all""],""attributes"":[""m"",""p"",""m"",""p""]}",1,0.7,0.32,1920,1080,"""","""","""","""","""","""",2021-06-16 16:45:48,,"Mozilla/5.0 (Windows NT 10.0; Win64; x64) AppleWebKit/537.36 (KHTML, like Gecko) Chrome/91.0.4472.106 Safari/537.36",WebKit,Chrome,91.0.4472.106,Windows,10.0
125,248,1,"""","""","""","""","""",html-keyboard-response,125,882736,0.0-12.0-1.0-1.48,main,29KKCMFL,1920,1080,exp_98,0.262294910469391,4.9,,"<p style=""font-size:40px;"">+</p>",,"""","""","""","""","[{""x"":1096,""y"":374,""t"":-55},{""x"":1089,""y"":325,""t"":0},{""x"":1191,""y"":350,""t"":123},{""x"":1279,""y"":374,""t"":138},{""x"":1282,""y"":359,""t"":222},{""x"":1347,""y"":406,""t"":238},{""x"":1237,""y"":436,""t"":320},{""x"":1194,""y"":497,""t"":342},{""x"":1203,""y"":526,""t"":420},{""x"":1173,""y"":539,""t"":470}]",{},"""","""","""","""","""","""","""","""","""","""","""","""","""","""","""","""","""","""","""","""","""","""","""",2021-06-16 16:45:48,,"Mozilla/5.0 (Windows NT 10.0; Win64; x64) AppleWebKit/537.36 (KHTML, like Gecko) Chrome/91.0.4472.106 Safari/537.36",WebKit,Chrome,91.0.4472.106,Windows,10.0
126,248,1,"""","""","""","""","""",two-gamble-sequence,126,888877,0.0-12.0-1.0-2.48,main,29KKCMFL,1920,1080,exp_98,0.262294910469391,4.9,471.7000000476837,"""","""","""","""","""","""","[{""x"":1145,""y"":544,""t"":-48},{""x"":1122,""y"":546,""t"":0},{""x"":1077,""y"":518,""t"":111},{""x"":1022,""y"":457,""t"":181},{""x"":978,""y"":404,""t"":205},{""x"":995,""y"":428,""t"":285},{""x"":990,""y"":461,""t"":339},{""x"":1004,""y"":492,""t"":355},{""x"":1123,""y"":493,""t"":404},{""x"":1226,""y"":494,""t"":452},{""x"":1315,""y"":434,""t"":532},{""x"":1435,""y"":411,""t"":547},{""x"":1496,""y"":371,""t"":625},{""x"":1543,""y"":337,""t"":648},{""x"":1540,""y"":315,""t"":727},{""x"":1531,""y"":298,""t"":749},{""x"":1543,""y"":284,""t"":828},{""x"":1536,""y"":269,""t"":882},{""x"":1526,""y"":259,""t"":897},{""x"":1505,""y"":240,""t"":977},{""x"":1486,""y"":226,""t"":993},{""x"":1451,""y"":232,""t"":1078},{""x"":1421,""y"":238,""t"":1093},{""x"":1472,""y"":333,""t"":1173},{""x"":1439,""y"":408,""t"":1191},{""x"":1415,""y"":464,""t"":1272},{""x"":1394,""y"":510,""t"":1292},{""x"":1406,""y"":550,""t"":1371},{""x"":1418,""y"":587,""t"":1421},{""x"":1432,""y"":626,""t"":1437},{""x"":1459,""y"":645,""t"":1516},{""x"":1481,""y"":658,""t"":1531},{""x"":1573,""y"":682,""t"":1614},{""x"":1650,""y"":699,""t"":1632},{""x"":1321,""y"":609,""t"":1714},{""x"":1070,""y"":513,""t"":1734},{""x"":863,""y"":431,""t"":1814},{""x"":699,""y"":375,""t"":1836},{""x"":573,""y"":345,""t"":1918},{""x"":437,""y"":281,""t"":1969},{""x"":332,""y"":230,""t"":1983},{""x"":218,""y"":204,""t"":2062},{""x"":133,""y"":185,""t"":2078},{""x"":123,""y"":184,""t"":2161},{""x"":131,""y"":162,""t"":2177},{""x"":162,""y"":157,""t"":2259},{""x"":197,""y"":155,""t"":2279},{""x"":239,""y"":158,""t"":2356},{""x"":280,""y"":163,""t"":2381},{""x"":313,""y"":147,""t"":2460},{""x"":346,""y"":135,""t"":2512},{""x"":376,""y"":126,""t"":2527},{""x"":411,""y"":142,""t"":2608},{""x"":380,""y"":142,""t"":2624},{""x"":386,""y"":191,""t"":2704},{""x"":390,""y"":185,""t"":2722},{""x"":411,""y"":169,""t"":2800},{""x"":430,""y"":154,""t"":2823},{""x"":458,""y"":149,""t"":2903},{""x"":465,""y"":117,""t"":2956},{""x"":469,""y"":90,""t"":2971},{""x"":747,""y"":190,""t"":3052},{""x"":983,""y"":251,""t"":3067},{""x"":1174,""y"":255,""t"":3149},{""x"":1329,""y"":257,""t"":3165},{""x"":1483,""y"":298,""t"":3244},{""x"":1603,""y"":332,""t"":3265},{""x"":1612,""y"":390,""t"":3345},{""x"":1690,""y"":430,""t"":3367},{""x"":1657,""y"":427,""t"":3447},{""x"":1702,""y"":538,""t"":3469},{""x"":1744,""y"":583,""t"":3548},{""x"":1772,""y"":618,""t"":3571},{""x"":1826,""y"":660,""t"":3655},{""x"":1865,""y"":691,""t"":3673},{""x"":1894,""y"":724,""t"":3751},{""x"":1870,""y"":670,""t"":3805},{""x"":1872,""y"":681,""t"":3820},{""x"":1634,""y"":560,""t"":3900},{""x"":1435,""y"":462,""t"":3915},{""x"":1158,""y"":404,""t"":3995},{""x"":927,""y"":357,""t"":4013},{""x"":767,""y"":321,""t"":4094},{""x"":664,""y"":312,""t"":4149},{""x"":585,""y"":331,""t"":4207},{""x"":529,""y"":350,""t"":4222},{""x"":441,""y"":329,""t"":4300},{""x"":377,""y"":313,""t"":4319},{""x"":331,""y"":308,""t"":4398},{""x"":302,""y"":306,""t"":4420},{""x"":312,""y"":305,""t"":4500},{""x"":357,""y"":329,""t"":4550},{""x"":402,""y"":351,""t"":4566},{""x"":392,""y"":346,""t"":4651},{""x"":386,""y"":342,""t"":4667},{""x"":388,""y"":330,""t"":4747},{""x"":393,""y"":320,""t"":4763},{""x"":405,""y"":323,""t"":4844},{""x"":445,""y"":317,""t"":4894},{""x"":480,""y"":312,""t"":4910},{""x"":499,""y"":306,""t"":4989},{""x"":515,""y"":301,""t"":5004},{""x"":508,""y"":309,""t"":5085},{""x"":502,""y"":316,""t"":5100},{""x"":554,""y"":288,""t"":5184},{""x"":585,""y"":295,""t"":5203},{""x"":639,""y"":305,""t"":5284},{""x"":591,""y"":302,""t"":5335},{""x"":548,""y"":299,""t"":5351},{""x"":615,""y"":289,""t"":5429},{""x"":672,""y"":271,""t"":5443},{""x"":659,""y"":271,""t"":5524},{""x"":738,""y"":275,""t"":5542},{""x"":740,""y"":258,""t"":5622},{""x"":829,""y"":280,""t"":5676},{""x"":902,""y"":298,""t"":5692},{""x"":1013,""y"":331,""t"":5771},{""x"":1170,""y"":384,""t"":5787},{""x"":1238,""y"":428,""t"":5867},{""x"":1326,""y"":466,""t"":5883},{""x"":1379,""y"":477,""t"":5964},{""x"":1407,""y"":507,""t"":6017},{""x"":1437,""y"":508,""t"":6032}]",{},f,0.8,0.4,0.2,0.6799999999999999,0.8,0.2,0.4,0.6799999999999999,experimental,exp_74,"{""durations"":[1000,1500,1000,1500],""alternatives"":[1,0,1,0],""attributes"":[""all"",""all"",""all"",""all""]}",0,0.8,0.4,1920,1080,"""","""","""","""","""","""",2021-06-16 16:45:48,,"Mozilla/5.0 (Windows NT 10.0; Win64; x64) AppleWebKit/537.36 (KHTML, like Gecko) Chrome/91.0.4472.106 Safari/537.36",WebKit,Chrome,91.0.4472.106,Windows,10.0
127,248,1,"""","""","""","""","""",html-keyboard-response,127,889427,0.0-12.0-1.0-1.49,main,29KKCMFL,1920,1080,exp_98,0.262294910469391,4.9,,"<p style=""font-size:40px;"">+</p>",,"""","""","""","""","[{""x"":1420,""y"":534,""t"":-30},{""x"":1400,""y"":555,""t"":-15},{""x"":1381,""y"":543,""t"":0},{""x"":1336,""y"":578,""t"":134},{""x"":1240,""y"":551,""t"":149},{""x"":1157,""y"":561,""t"":236},{""x"":1078,""y"":541,""t"":252},{""x"":1019,""y"":541,""t"":331},{""x"":971,""y"":541,""t"":346},{""x"":1018,""y"":587,""t"":432},{""x"":1062,""y"":625,""t"":447}]",{},"""","""","""","""","""","""","""","""","""","""","""","""","""","""","""","""","""","""","""","""","""","""","""",2021-06-16 16:45:48,,"Mozilla/5.0 (Windows NT 10.0; Win64; x64) AppleWebKit/537.36 (KHTML, like Gecko) Chrome/91.0.4472.106 Safari/537.36",WebKit,Chrome,91.0.4472.106,Windows,10.0
128,248,1,"""","""","""","""","""",two-gamble-sequence,128,895803,0.0-12.0-1.0-2.49,main,29KKCMFL,1920,1080,exp_98,0.262294910469391,4.9,637.5,"""","""","""","""","""","""","[{""x"":1060,""y"":634,""t"":-17},{""x"":1052,""y"":644,""t"":0},{""x"":1198,""y"":628,""t"":115},{""x"":1284,""y"":585,""t"":149},{""x"":1398,""y"":605,""t"":228},{""x"":1492,""y"":622,""t"":244},{""x"":1404,""y"":632,""t"":326},{""x"":1324,""y"":640,""t"":341},{""x"":1323,""y"":639,""t"":419},{""x"":1280,""y"":589,""t"":471},{""x"":1242,""y"":547,""t"":487},{""x"":1244,""y"":588,""t"":568},{""x"":1208,""y"":592,""t"":584},{""x"":1034,""y"":544,""t"":663},{""x"":865,""y"":496,""t"":681},{""x"":701,""y"":468,""t"":763},{""x"":614,""y"":422,""t"":814},{""x"":548,""y"":384,""t"":830},{""x"":539,""y"":408,""t"":909},{""x"":680,""y"":436,""t"":925},{""x"":617,""y"":434,""t"":1008},{""x"":654,""y"":404,""t"":1024},{""x"":623,""y"":443,""t"":1103},{""x"":586,""y"":474,""t"":1123},{""x"":696,""y"":480,""t"":1204},{""x"":706,""y"":489,""t"":1259},{""x"":717,""y"":492,""t"":1312},{""x"":846,""y"":514,""t"":1327},{""x"":846,""y"":477,""t"":1407},{""x"":805,""y"":439,""t"":1460},{""x"":732,""y"":386,""t"":1476},{""x"":676,""y"":369,""t"":1556},{""x"":629,""y"":356,""t"":1572},{""x"":578,""y"":339,""t"":1654},{""x"":537,""y"":327,""t"":1669},{""x"":525,""y"":303,""t"":1746},{""x"":518,""y"":284,""t"":1769},{""x"":569,""y"":259,""t"":1852},{""x"":649,""y"":269,""t"":1871},{""x"":921,""y"":339,""t"":1953},{""x"":1193,""y"":455,""t"":2005},{""x"":1433,""y"":523,""t"":2021},{""x"":1585,""y"":565,""t"":2068},{""x"":1703,""y"":598,""t"":2116},{""x"":1708,""y"":592,""t"":2198},{""x"":1699,""y"":584,""t"":2213},{""x"":1747,""y"":616,""t"":2293},{""x"":1734,""y"":660,""t"":2347},{""x"":1717,""y"":682,""t"":2399},{""x"":1696,""y"":697,""t"":2415},{""x"":1678,""y"":741,""t"":2491},{""x"":1658,""y"":776,""t"":2516},{""x"":1748,""y"":823,""t"":2598},{""x"":1776,""y"":846,""t"":2618},{""x"":1682,""y"":807,""t"":2698},{""x"":1599,""y"":771,""t"":2720},{""x"":1490,""y"":689,""t"":2801},{""x"":1402,""y"":618,""t"":2822},{""x"":1319,""y"":570,""t"":2902},{""x"":1251,""y"":531,""t"":2924},{""x"":1042,""y"":427,""t"":3006},{""x"":817,""y"":352,""t"":3056},{""x"":634,""y"":292,""t"":3072},{""x"":503,""y"":238,""t"":3155},{""x"":418,""y"":194,""t"":3171},{""x"":336,""y"":210,""t"":3249},{""x"":248,""y"":205,""t"":3266},{""x"":416,""y"":186,""t"":3343},{""x"":570,""y"":255,""t"":3393},{""x"":700,""y"":301,""t"":3409},{""x"":841,""y"":312,""t"":3487},{""x"":1009,""y"":316,""t"":3503},{""x"":1075,""y"":378,""t"":3584},{""x"":1085,""y"":367,""t"":3640},{""x"":1032,""y"":387,""t"":3694},{""x"":1040,""y"":383,""t"":3711},{""x"":1152,""y"":491,""t"":3791},{""x"":1244,""y"":582,""t"":3809},{""x"":1302,""y"":641,""t"":3888},{""x"":1347,""y"":688,""t"":3911},{""x"":1398,""y"":740,""t"":3995},{""x"":1437,""y"":779,""t"":4013},{""x"":1399,""y"":719,""t"":4091},{""x"":1375,""y"":655,""t"":4149},{""x"":1345,""y"":631,""t"":4202},{""x"":1316,""y"":605,""t"":4217},{""x"":1270,""y"":573,""t"":4296},{""x"":1230,""y"":546,""t"":4319},{""x"":1314,""y"":597,""t"":4398},{""x"":1316,""y"":585,""t"":4448},{""x"":1257,""y"":577,""t"":4465},{""x"":1269,""y"":575,""t"":4543},{""x"":1280,""y"":574,""t"":4557},{""x"":1309,""y"":572,""t"":4641},{""x"":1328,""y"":573,""t"":4660},{""x"":1149,""y"":555,""t"":4737},{""x"":920,""y"":494,""t"":4761},{""x"":920,""y"":435,""t"":4842},{""x"":981,""y"":390,""t"":4892},{""x"":1042,""y"":355,""t"":4908},{""x"":1000,""y"":346,""t"":4990},{""x"":1026,""y"":396,""t"":5005},{""x"":884,""y"":409,""t"":5086},{""x"":748,""y"":401,""t"":5103},{""x"":662,""y"":394,""t"":5183},{""x"":604,""y"":388,""t"":5236},{""x"":560,""y"":385,""t"":5251},{""x"":476,""y"":338,""t"":5330},{""x"":410,""y"":300,""t"":5345},{""x"":398,""y"":355,""t"":5423},{""x"":395,""y"":404,""t"":5442},{""x"":505,""y"":361,""t"":5520},{""x"":603,""y"":324,""t"":5543},{""x"":659,""y"":349,""t"":5623},{""x"":707,""y"":370,""t"":5644},{""x"":730,""y"":410,""t"":5723},{""x"":807,""y"":532,""t"":5773},{""x"":861,""y"":592,""t"":5789},{""x"":899,""y"":596,""t"":5867},{""x"":957,""y"":593,""t"":5884},{""x"":1027,""y"":610,""t"":5966},{""x"":1012,""y"":547,""t"":6017},{""x"":1023,""y"":504,""t"":6034},{""x"":924,""y"":453,""t"":6082},{""x"":838,""y"":409,""t"":6129},{""x"":759,""y"":365,""t"":6207},{""x"":680,""y"":326,""t"":6224},{""x"":642,""y"":303,""t"":6301}]",{},f,0.78,0.21000000000000002,0.4,0.3,0.78,0.4,0.21000000000000002,0.3,experimental,exp_104,"{""durations"":[1500,1000,1500,1000],""alternatives"":[0,1,0,1],""attributes"":[""all"",""all"",""all"",""all""]}",0,0.78,0.21000000000000002,1920,1080,"""","""","""","""","""","""",2021-06-16 16:45:48,,"Mozilla/5.0 (Windows NT 10.0; Win64; x64) AppleWebKit/537.36 (KHTML, like Gecko) Chrome/91.0.4472.106 Safari/537.36",WebKit,Chrome,91.0.4472.106,Windows,10.0
129,248,1,"""","""","""","""","""",html-keyboard-response,129,896387,0.0-12.0-1.0-1.50,main,29KKCMFL,1920,1080,exp_98,0.262294910469391,4.9,,"<p style=""font-size:40px;"">+</p>",,"""","""","""","""","[{""x"":735,""y"":269,""t"":-89},{""x"":774,""y"":268,""t"":0},{""x"":883,""y"":363,""t"":115},{""x"":952,""y"":464,""t"":137},{""x"":967,""y"":463,""t"":222},{""x"":1052,""y"":522,""t"":239},{""x"":1092,""y"":561,""t"":323},{""x"":1122,""y"":591,""t"":342},{""x"":1144,""y"":575,""t"":426},{""x"":1146,""y"":551,""t"":444}]",{},"""","""","""","""","""","""","""","""","""","""","""","""","""","""","""","""","""","""","""","""","""","""","""",2021-06-16 16:45:48,,"Mozilla/5.0 (Windows NT 10.0; Win64; x64) AppleWebKit/537.36 (KHTML, like Gecko) Chrome/91.0.4472.106 Safari/537.36",WebKit,Chrome,91.0.4472.106,Windows,10.0
130,248,1,"""","""","""","""","""",two-gamble-sequence,130,902568,0.0-12.0-1.0-2.50,main,29KKCMFL,1920,1080,exp_98,0.262294910469391,4.9,539.5,"""","""","""","""","""","""","[{""x"":1132,""y"":562,""t"":-17},{""x"":1102,""y"":525,""t"":0},{""x"":1150,""y"":566,""t"":88},{""x"":1165,""y"":628,""t"":104},{""x"":1140,""y"":634,""t"":204},{""x"":1159,""y"":638,""t"":274},{""x"":1152,""y"":632,""t"":330},{""x"":1144,""y"":625,""t"":344},{""x"":886,""y"":509,""t"":426},{""x"":673,""y"":402,""t"":444},{""x"":579,""y"":325,""t"":525},{""x"":547,""y"":247,""t"":575},{""x"":528,""y"":184,""t"":592},{""x"":669,""y"":205,""t"":669},{""x"":840,""y"":186,""t"":684},{""x"":997,""y"":206,""t"":768},{""x"":1133,""y"":258,""t"":783},{""x"":1251,""y"":300,""t"":865},{""x"":1346,""y"":338,""t"":884},{""x"":1423,""y"":359,""t"":962},{""x"":1446,""y"":382,""t"":1019},{""x"":1445,""y"":373,""t"":1036},{""x"":1430,""y"":348,""t"":1084},{""x"":1411,""y"":325,""t"":1131},{""x"":1253,""y"":265,""t"":1212},{""x"":1115,""y"":215,""t"":1228},{""x"":981,""y"":203,""t"":1308},{""x"":868,""y"":195,""t"":1327},{""x"":891,""y"":249,""t"":1407},{""x"":883,""y"":300,""t"":1429},{""x"":906,""y"":327,""t"":1506},{""x"":906,""y"":353,""t"":1563},{""x"":908,""y"":375,""t"":1578},{""x"":867,""y"":398,""t"":1660},{""x"":833,""y"":417,""t"":1676},{""x"":875,""y"":462,""t"":1758},{""x"":914,""y"":499,""t"":1773},{""x"":1006,""y"":542,""t"":1855},{""x"":1126,""y"":603,""t"":1871},{""x"":1205,""y"":644,""t"":1947},{""x"":1332,""y"":704,""t"":2008},{""x"":1381,""y"":718,""t"":2060},{""x"":1417,""y"":726,""t"":2075},{""x"":1283,""y"":675,""t"":2153},{""x"":1169,""y"":607,""t"":2206},{""x"":1070,""y"":548,""t"":2221},{""x"":1022,""y"":513,""t"":2298},{""x"":982,""y"":484,""t"":2314},{""x"":933,""y"":454,""t"":2393},{""x"":915,""y"":455,""t"":2442},{""x"":902,""y"":458,""t"":2458},{""x"":910,""y"":427,""t"":2535},{""x"":873,""y"":400,""t"":2551},{""x"":855,""y"":384,""t"":2639},{""x"":800,""y"":348,""t"":2655},{""x"":708,""y"":318,""t"":2733},{""x"":658,""y"":267,""t"":2788},{""x"":649,""y"":245,""t"":2803},{""x"":649,""y"":208,""t"":2849},{""x"":653,""y"":179,""t"":2897},{""x"":643,""y"":181,""t"":2976},{""x"":628,""y"":181,""t"":2993},{""x"":955,""y"":305,""t"":3071},{""x"":1192,""y"":397,""t"":3122},{""x"":1431,""y"":485,""t"":3138},{""x"":1567,""y"":567,""t"":3216},{""x"":1673,""y"":634,""t"":3230},{""x"":1739,""y"":624,""t"":3315},{""x"":1783,""y"":610,""t"":3333},{""x"":1838,""y"":572,""t"":3411},{""x"":1867,""y"":559,""t"":3464},{""x"":1885,""y"":558,""t"":3479},{""x"":1827,""y"":517,""t"":3558},{""x"":1767,""y"":508,""t"":3575},{""x"":1631,""y"":537,""t"":3654},{""x"":1511,""y"":561,""t"":3672},{""x"":1374,""y"":542,""t"":3752},{""x"":1260,""y"":526,""t"":3776},{""x"":1095,""y"":470,""t"":3856},{""x"":918,""y"":435,""t"":3909},{""x"":775,""y"":405,""t"":3924},{""x"":687,""y"":400,""t"":4006},{""x"":623,""y"":398,""t"":4022},{""x"":577,""y"":412,""t"":4099},{""x"":548,""y"":426,""t"":4114},{""x"":575,""y"":445,""t"":4195},{""x"":605,""y"":462,""t"":4217},{""x"":711,""y"":542,""t"":4299},{""x"":928,""y"":612,""t"":4352},{""x"":1101,""y"":708,""t"":4366},{""x"":1195,""y"":733,""t"":4444},{""x"":1271,""y"":750,""t"":4459},{""x"":1343,""y"":724,""t"":4542},{""x"":1398,""y"":698,""t"":4558},{""x"":1467,""y"":663,""t"":4637},{""x"":1472,""y"":622,""t"":4687},{""x"":1470,""y"":586,""t"":4702},{""x"":1470,""y"":597,""t"":4784},{""x"":1465,""y"":607,""t"":4799},{""x"":1413,""y"":561,""t"":4879},{""x"":1322,""y"":497,""t"":4897},{""x"":1211,""y"":439,""t"":4978},{""x"":1116,""y"":390,""t"":4998},{""x"":1084,""y"":385,""t"":5084},{""x"":1060,""y"":384,""t"":5102},{""x"":1062,""y"":401,""t"":5185},{""x"":1066,""y"":417,""t"":5203},{""x"":1074,""y"":416,""t"":5287},{""x"":1082,""y"":416,""t"":5304},{""x"":1072,""y"":436,""t"":5387},{""x"":1082,""y"":466,""t"":5437},{""x"":1093,""y"":492,""t"":5452},{""x"":1127,""y"":521,""t"":5530},{""x"":1157,""y"":546,""t"":5546},{""x"":1072,""y"":504,""t"":5625},{""x"":1047,""y"":515,""t"":5645},{""x"":981,""y"":502,""t"":5725},{""x"":926,""y"":452,""t"":5775},{""x"":882,""y"":409,""t"":5789},{""x"":868,""y"":380,""t"":5868},{""x"":834,""y"":356,""t"":5885},{""x"":813,""y"":358,""t"":5965},{""x"":798,""y"":362,""t"":5985},{""x"":867,""y"":409,""t"":6067},{""x"":918,""y"":374,""t"":6119}]",{},f,0.79,0.53,0.49,0.8300000000000001,0.79,0.49,0.53,0.8300000000000001,experimental,exp_3,"{""durations"":[1000,1500,1000,1500],""alternatives"":[""all"",""all"",""all"",""all""],""attributes"":[""m"",""p"",""m"",""p""]}",0,0.79,0.53,1920,1080,"""","""","""","""","""","""",2021-06-16 16:45:48,,"Mozilla/5.0 (Windows NT 10.0; Win64; x64) AppleWebKit/537.36 (KHTML, like Gecko) Chrome/91.0.4472.106 Safari/537.36",WebKit,Chrome,91.0.4472.106,Windows,10.0
131,248,1,"""","""","""","""","""",html-keyboard-response,131,903144,0.0-12.0-1.0-1.51,main,29KKCMFL,1920,1080,exp_98,0.262294910469391,4.9,,"<p style=""font-size:40px;"">+</p>",,"""","""","""","""","[{""x"":1037,""y"":413,""t"":-48},{""x"":1155,""y"":393,""t"":0},{""x"":1299,""y"":405,""t"":107},{""x"":1263,""y"":389,""t"":161},{""x"":1228,""y"":376,""t"":176},{""x"":1206,""y"":403,""t"":258},{""x"":1184,""y"":428,""t"":273},{""x"":1105,""y"":432,""t"":353},{""x"":1037,""y"":435,""t"":374},{""x"":1030,""y"":456,""t"":456},{""x"":1026,""y"":475,""t"":476}]",{},"""","""","""","""","""","""","""","""","""","""","""","""","""","""","""","""","""","""","""","""","""","""","""",2021-06-16 16:45:48,,"Mozilla/5.0 (Windows NT 10.0; Win64; x64) AppleWebKit/537.36 (KHTML, like Gecko) Chrome/91.0.4472.106 Safari/537.36",WebKit,Chrome,91.0.4472.106,Windows,10.0
132,248,1,"""","""","""","""","""",two-gamble-sequence,132,909491,0.0-12.0-1.0-2.51,main,29KKCMFL,1920,1080,exp_98,0.262294910469391,4.9,636.7000000476837,"""","""","""","""","""","""","[{""x"":1014,""y"":488,""t"":-16},{""x"":1060,""y"":550,""t"":0},{""x"":1090,""y"":584,""t"":111},{""x"":1116,""y"":610,""t"":148},{""x"":1127,""y"":640,""t"":236},{""x"":1143,""y"":654,""t"":252},{""x"":1141,""y"":668,""t"":299},{""x"":1073,""y"":640,""t"":347},{""x"":1046,""y"":623,""t"":427},{""x"":1023,""y"":608,""t"":443},{""x"":988,""y"":586,""t"":521},{""x"":1005,""y"":560,""t"":573},{""x"":908,""y"":520,""t"":589},{""x"":781,""y"":495,""t"":667},{""x"":675,""y"":474,""t"":682},{""x"":616,""y"":474,""t"":764},{""x"":478,""y"":462,""t"":783},{""x"":635,""y"":457,""t"":860},{""x"":835,""y"":439,""t"":912},{""x"":974,""y"":413,""t"":927},{""x"":1101,""y"":396,""t"":1007},{""x"":1207,""y"":383,""t"":1024},{""x"":1320,""y"":399,""t"":1110},{""x"":1411,""y"":414,""t"":1125},{""x"":1486,""y"":458,""t"":1208},{""x"":1542,""y"":495,""t"":1227},{""x"":1620,""y"":555,""t"":1308},{""x"":1679,""y"":605,""t"":1328},{""x"":1681,""y"":622,""t"":1409},{""x"":1692,""y"":651,""t"":1463},{""x"":1678,""y"":670,""t"":1526},{""x"":1662,""y"":684,""t"":1543},{""x"":1463,""y"":621,""t"":1630},{""x"":1315,""y"":577,""t"":1646},{""x"":1183,""y"":520,""t"":1694},{""x"":1074,""y"":472,""t"":1744},{""x"":856,""y"":433,""t"":1819},{""x"":676,""y"":403,""t"":1836},{""x"":544,""y"":418,""t"":1916},{""x"":428,""y"":423,""t"":1967},{""x"":341,""y"":430,""t"":1982},{""x"":323,""y"":449,""t"":2059},{""x"":318,""y"":466,""t"":2075},{""x"":250,""y"":451,""t"":2151},{""x"":458,""y"":477,""t"":2203},{""x"":644,""y"":499,""t"":2218},{""x"":842,""y"":538,""t"":2299},{""x"":1011,""y"":571,""t"":2315},{""x"":1144,""y"":590,""t"":2392},{""x"":1251,""y"":606,""t"":2415},{""x"":1322,""y"":618,""t"":2496},{""x"":1375,""y"":626,""t"":2517},{""x"":1435,""y"":580,""t"":2594},{""x"":1485,""y"":579,""t"":2649},{""x"":1596,""y"":589,""t"":2663},{""x"":1664,""y"":622,""t"":2744},{""x"":1669,""y"":644,""t"":2759},{""x"":1640,""y"":634,""t"":2841},{""x"":1639,""y"":664,""t"":2856},{""x"":1693,""y"":642,""t"":2936},{""x"":1663,""y"":605,""t"":2987},{""x"":1633,""y"":573,""t"":3002},{""x"":1611,""y"":564,""t"":3080},{""x"":1589,""y"":557,""t"":3098},{""x"":1604,""y"":553,""t"":3180},{""x"":1616,""y"":549,""t"":3198},{""x"":1308,""y"":460,""t"":3283},{""x"":1045,""y"":385,""t"":3299},{""x"":840,""y"":338,""t"":3377},{""x"":675,""y"":306,""t"":3429},{""x"":546,""y"":282,""t"":3443},{""x"":423,""y"":296,""t"":3525},{""x"":316,""y"":299,""t"":3539},{""x"":285,""y"":290,""t"":3619},{""x"":360,""y"":296,""t"":3639},{""x"":364,""y"":292,""t"":3718},{""x"":339,""y"":275,""t"":3742},{""x"":331,""y"":305,""t"":3823},{""x"":391,""y"":292,""t"":3876},{""x"":455,""y"":272,""t"":3891},{""x"":497,""y"":234,""t"":3940},{""x"":534,""y"":203,""t"":3989},{""x"":578,""y"":187,""t"":4071},{""x"":616,""y"":175,""t"":4086},{""x"":630,""y"":257,""t"":4170},{""x"":570,""y"":300,""t"":4186},{""x"":534,""y"":365,""t"":4277},{""x"":504,""y"":421,""t"":4292},{""x"":458,""y"":413,""t"":4375},{""x"":419,""y"":404,""t"":4390},{""x"":390,""y"":426,""t"":4475},{""x"":367,""y"":443,""t"":4490},{""x"":448,""y"":472,""t"":4573},{""x"":520,""y"":495,""t"":4591},{""x"":781,""y"":575,""t"":4673},{""x"":1003,""y"":641,""t"":4693},{""x"":1211,""y"":689,""t"":4773},{""x"":1380,""y"":726,""t"":4795},{""x"":1511,""y"":737,""t"":4878},{""x"":1610,""y"":743,""t"":4897},{""x"":1661,""y"":752,""t"":4980},{""x"":1691,""y"":756,""t"":4999},{""x"":1684,""y"":761,""t"":5079},{""x"":1668,""y"":759,""t"":5101},{""x"":1638,""y"":642,""t"":5182},{""x"":1511,""y"":528,""t"":5203},{""x"":1523,""y"":532,""t"":5287},{""x"":1532,""y"":538,""t"":5305},{""x"":1477,""y"":510,""t"":5382},{""x"":1441,""y"":481,""t"":5437},{""x"":1382,""y"":464,""t"":5454},{""x"":1345,""y"":464,""t"":5532},{""x"":1314,""y"":465,""t"":5547},{""x"":1275,""y"":462,""t"":5626},{""x"":1247,""y"":529,""t"":5676},{""x"":1225,""y"":587,""t"":5691},{""x"":1205,""y"":607,""t"":5770},{""x"":1190,""y"":623,""t"":5785},{""x"":1226,""y"":628,""t"":5867},{""x"":1259,""y"":630,""t"":5883},{""x"":1269,""y"":614,""t"":5963},{""x"":1343,""y"":644,""t"":5985},{""x"":1410,""y"":638,""t"":6068},{""x"":1486,""y"":625,""t"":6086},{""x"":1426,""y"":607,""t"":6165},{""x"":1386,""y"":603,""t"":6217},{""x"":1359,""y"":611,""t"":6233}]",{},j,0.17,0.3,0.3,0.2,0.3,0.17,0.2,0.3,experimental,exp_29,"{""durations"":[1500,1000,1500,1000],""alternatives"":[""all"",""all"",""all"",""all""],""attributes"":[""m"",""p"",""m"",""p""]}",0,0.3,0.2,1920,1080,"""","""","""","""","""","""",2021-06-16 16:45:48,,"Mozilla/5.0 (Windows NT 10.0; Win64; x64) AppleWebKit/537.36 (KHTML, like Gecko) Chrome/91.0.4472.106 Safari/537.36",WebKit,Chrome,91.0.4472.106,Windows,10.0
133,248,1,"""","""","""","""","""",html-keyboard-response,133,910019,0.0-12.0-1.0-1.52,main,29KKCMFL,1920,1080,exp_98,0.262294910469391,4.9,,"<p style=""font-size:40px;"">+</p>",,"""","""","""","""","[{""x"":1350,""y"":601,""t"":-32},{""x"":1378,""y"":609,""t"":-16},{""x"":1402,""y"":617,""t"":0},{""x"":1270,""y"":519,""t"":146},{""x"":1271,""y"":510,""t"":204},{""x"":1274,""y"":504,""t"":219},{""x"":1300,""y"":508,""t"":301},{""x"":1323,""y"":513,""t"":317},{""x"":1216,""y"":506,""t"":400},{""x"":1130,""y"":535,""t"":415}]",{},"""","""","""","""","""","""","""","""","""","""","""","""","""","""","""","""","""","""","""","""","""","""","""",2021-06-16 16:45:48,,"Mozilla/5.0 (Windows NT 10.0; Win64; x64) AppleWebKit/537.36 (KHTML, like Gecko) Chrome/91.0.4472.106 Safari/537.36",WebKit,Chrome,91.0.4472.106,Windows,10.0
134,248,1,"""","""","""","""","""",two-gamble-sequence,134,916169,0.0-12.0-1.0-2.52,main,29KKCMFL,1920,1080,exp_98,0.262294910469391,4.9,524.1999999284744,"""","""","""","""","""","""","[{""x"":1180,""y"":547,""t"":-32},{""x"":1227,""y"":574,""t"":-16},{""x"":1268,""y"":597,""t"":0},{""x"":1161,""y"":570,""t"":138},{""x"":1138,""y"":559,""t"":182},{""x"":1153,""y"":581,""t"":259},{""x"":1086,""y"":588,""t"":275},{""x"":1043,""y"":552,""t"":359},{""x"":1072,""y"":563,""t"":376},{""x"":1042,""y"":594,""t"":456},{""x"":1019,""y"":620,""t"":477},{""x"":1059,""y"":537,""t"":557},{""x"":1161,""y"":558,""t"":607},{""x"":1239,""y"":486,""t"":624},{""x"":1296,""y"":420,""t"":700},{""x"":1342,""y"":366,""t"":714},{""x"":1392,""y"":345,""t"":799},{""x"":1431,""y"":331,""t"":817},{""x"":1455,""y"":326,""t"":896},{""x"":1509,""y"":382,""t"":948},{""x"":1551,""y"":433,""t"":964},{""x"":1549,""y"":510,""t"":1041},{""x"":1560,""y"":614,""t"":1055},{""x"":1557,""y"":669,""t"":1135},{""x"":1543,""y"":723,""t"":1186},{""x"":1529,""y"":765,""t"":1202},{""x"":1538,""y"":798,""t"":1278},{""x"":1545,""y"":822,""t"":1295},{""x"":1535,""y"":822,""t"":1375},{""x"":1525,""y"":819,""t"":1394},{""x"":1517,""y"":717,""t"":1476},{""x"":1475,""y"":635,""t"":1496},{""x"":1459,""y"":564,""t"":1575},{""x"":1446,""y"":504,""t"":1598},{""x"":1394,""y"":437,""t"":1676},{""x"":1425,""y"":452,""t"":1736},{""x"":1452,""y"":446,""t"":1792},{""x"":1495,""y"":463,""t"":1807},{""x"":1512,""y"":481,""t"":1886},{""x"":1525,""y"":498,""t"":1904},{""x"":1560,""y"":459,""t"":1986},{""x"":1370,""y"":398,""t"":2036},{""x"":1165,""y"":325,""t"":2052},{""x"":981,""y"":269,""t"":2132},{""x"":909,""y"":285,""t"":2147},{""x"":788,""y"":283,""t"":2225},{""x"":663,""y"":297,""t"":2244},{""x"":537,""y"":276,""t"":2328},{""x"":439,""y"":259,""t"":2346},{""x"":332,""y"":256,""t"":2428},{""x"":266,""y"":236,""t"":2448},{""x"":339,""y"":236,""t"":2530},{""x"":323,""y"":253,""t"":2551},{""x"":500,""y"":272,""t"":2637},{""x"":573,""y"":314,""t"":2654},{""x"":637,""y"":349,""t"":2734},{""x"":693,""y"":378,""t"":2754},{""x"":708,""y"":380,""t"":2833},{""x"":771,""y"":429,""t"":2886},{""x"":824,""y"":470,""t"":2900},{""x"":944,""y"":494,""t"":2977},{""x"":1128,""y"":516,""t"":2993},{""x"":1221,""y"":524,""t"":3072},{""x"":1342,""y"":559,""t"":3094},{""x"":1397,""y"":548,""t"":3170},{""x"":1449,""y"":559,""t"":3229},{""x"":1463,""y"":568,""t"":3245},{""x"":1488,""y"":573,""t"":3326},{""x"":1502,""y"":582,""t"":3342},{""x"":1479,""y"":612,""t"":3424},{""x"":1454,""y"":637,""t"":3439},{""x"":1512,""y"":601,""t"":3518},{""x"":1530,""y"":515,""t"":3537},{""x"":1561,""y"":451,""t"":3616},{""x"":1610,""y"":455,""t"":3671},{""x"":1648,""y"":460,""t"":3686},{""x"":1653,""y"":466,""t"":3765},{""x"":1654,""y"":472,""t"":3781},{""x"":1673,""y"":503,""t"":3863},{""x"":1686,""y"":530,""t"":3878},{""x"":1715,""y"":551,""t"":3961},{""x"":1737,""y"":569,""t"":3979},{""x"":1531,""y"":504,""t"":4057},{""x"":1332,""y"":418,""t"":4113},{""x"":1084,""y"":354,""t"":4129},{""x"":887,""y"":314,""t"":4207},{""x"":727,""y"":282,""t"":4224},{""x"":564,""y"":248,""t"":4304},{""x"":437,""y"":222,""t"":4319},{""x"":377,""y"":231,""t"":4404},{""x"":339,""y"":242,""t"":4421},{""x"":257,""y"":241,""t"":4501},{""x"":238,""y"":246,""t"":4555},{""x"":232,""y"":253,""t"":4571},{""x"":290,""y"":251,""t"":4652},{""x"":347,""y"":251,""t"":4666},{""x"":432,""y"":288,""t"":4746},{""x"":507,""y"":319,""t"":4761},{""x"":595,""y"":329,""t"":4839},{""x"":663,""y"":342,""t"":4863},{""x"":716,""y"":343,""t"":4943},{""x"":759,""y"":343,""t"":4995},{""x"":792,""y"":342,""t"":5011},{""x"":810,""y"":324,""t"":5091},{""x"":823,""y"":308,""t"":5106},{""x"":842,""y"":306,""t"":5187},{""x"":856,""y"":306,""t"":5203},{""x"":863,""y"":319,""t"":5282},{""x"":870,""y"":367,""t"":5333},{""x"":874,""y"":409,""t"":5351},{""x"":897,""y"":454,""t"":5432},{""x"":914,""y"":490,""t"":5446},{""x"":941,""y"":541,""t"":5529},{""x"":963,""y"":582,""t"":5543},{""x"":1073,""y"":556,""t"":5630},{""x"":1145,""y"":559,""t"":5647},{""x"":1220,""y"":539,""t"":5727},{""x"":1201,""y"":551,""t"":5777},{""x"":1180,""y"":560,""t"":5792},{""x"":1129,""y"":532,""t"":5871},{""x"":1083,""y"":506,""t"":5887},{""x"":979,""y"":426,""t"":5969},{""x"":889,""y"":357,""t"":5985},{""x"":824,""y"":296,""t"":6066}]",{},f,0.49,0.6900000000000001,0.32,0.82,0.49,0.32,0.6900000000000001,0.82,experimental,exp_52,"{""durations"":[1500,1000,1500,1000],""alternatives"":[1,0,1,0],""attributes"":[""all"",""all"",""all"",""all""]}",0,0.49,0.6900000000000001,1920,1080,"""","""","""","""","""","""",2021-06-16 16:45:48,,"Mozilla/5.0 (Windows NT 10.0; Win64; x64) AppleWebKit/537.36 (KHTML, like Gecko) Chrome/91.0.4472.106 Safari/537.36",WebKit,Chrome,91.0.4472.106,Windows,10.0
135,248,1,"""","""","""","""","""",html-keyboard-response,135,916709,0.0-12.0-1.0-1.53,main,29KKCMFL,1920,1080,exp_98,0.262294910469391,4.9,,"<p style=""font-size:40px;"">+</p>",,"""","""","""","""","[{""x"":775,""y"":263,""t"":-31},{""x"":736,""y"":237,""t"":-16},{""x"":706,""y"":219,""t"":0},{""x"":825,""y"":236,""t"":124},{""x"":930,""y"":252,""t"":139},{""x"":1032,""y"":364,""t"":221},{""x"":1172,""y"":398,""t"":239},{""x"":1236,""y"":509,""t"":319},{""x"":1285,""y"":603,""t"":341},{""x"":1276,""y"":594,""t"":419},{""x"":1213,""y"":576,""t"":443}]",{},"""","""","""","""","""","""","""","""","""","""","""","""","""","""","""","""","""","""","""","""","""","""","""",2021-06-16 16:45:48,,"Mozilla/5.0 (Windows NT 10.0; Win64; x64) AppleWebKit/537.36 (KHTML, like Gecko) Chrome/91.0.4472.106 Safari/537.36",WebKit,Chrome,91.0.4472.106,Windows,10.0
136,248,1,"""","""","""","""","""",two-gamble-sequence,136,923127,0.0-12.0-1.0-2.53,main,29KKCMFL,1920,1080,exp_98,0.262294910469391,4.9,760.5,"""","""","""","""","""","""","[{""x"":1218,""y"":600,""t"":-16},{""x"":1221,""y"":618,""t"":0},{""x"":1129,""y"":559,""t"":91},{""x"":1103,""y"":556,""t"":119},{""x"":1072,""y"":592,""t"":194},{""x"":1046,""y"":622,""t"":243},{""x"":1029,""y"":653,""t"":323},{""x"":1015,""y"":677,""t"":342},{""x"":1087,""y"":699,""t"":422},{""x"":1146,""y"":667,""t"":475},{""x"":1197,""y"":638,""t"":490},{""x"":1295,""y"":545,""t"":571},{""x"":1350,""y"":483,""t"":586},{""x"":1408,""y"":431,""t"":667},{""x"":1454,""y"":389,""t"":683},{""x"":1206,""y"":344,""t"":769},{""x"":992,""y"":309,""t"":786},{""x"":790,""y"":270,""t"":868},{""x"":624,""y"":241,""t"":885},{""x"":500,""y"":223,""t"":967},{""x"":404,""y"":211,""t"":987},{""x"":355,""y"":197,""t"":1067},{""x"":334,""y"":197,""t"":1115},{""x"":326,""y"":199,""t"":1131},{""x"":650,""y"":298,""t"":1209},{""x"":932,""y"":385,""t"":1224},{""x"":1153,""y"":513,""t"":1304},{""x"":1281,""y"":587,""t"":1355},{""x"":1415,""y"":661,""t"":1369},{""x"":1580,""y"":710,""t"":1448},{""x"":1711,""y"":747,""t"":1464},{""x"":1750,""y"":782,""t"":1541},{""x"":1846,""y"":827,""t"":1599},{""x"":1908,""y"":852,""t"":1656},{""x"":1951,""y"":868,""t"":1671},{""x"":1917,""y"":736,""t"":1750},{""x"":1831,""y"":622,""t"":1769},{""x"":1754,""y"":527,""t"":1848},{""x"":1689,""y"":430,""t"":1903},{""x"":1630,""y"":349,""t"":1919},{""x"":1421,""y"":369,""t"":2001},{""x"":1243,""y"":390,""t"":2016},{""x"":1177,""y"":372,""t"":2097},{""x"":1108,""y"":402,""t"":2111},{""x"":1108,""y"":488,""t"":2190},{""x"":1179,""y"":558,""t"":2210},{""x"":1200,""y"":658,""t"":2288},{""x"":1127,""y"":639,""t"":2342},{""x"":1086,""y"":638,""t"":2358},{""x"":1204,""y"":676,""t"":2438},{""x"":1308,""y"":706,""t"":2452},{""x"":1352,""y"":714,""t"":2530},{""x"":1390,""y"":718,""t"":2550},{""x"":1452,""y"":717,""t"":2633},{""x"":1497,""y"":722,""t"":2688},{""x"":1570,""y"":769,""t"":2738},{""x"":1587,""y"":801,""t"":2755},{""x"":1598,""y"":830,""t"":2836},{""x"":1613,""y"":808,""t"":2887},{""x"":1628,""y"":790,""t"":2903},{""x"":1481,""y"":695,""t"":2989},{""x"":1353,""y"":613,""t"":3004},{""x"":1153,""y"":468,""t"":3086},{""x"":984,""y"":346,""t"":3102},{""x"":798,""y"":284,""t"":3183},{""x"":648,""y"":236,""t"":3197},{""x"":473,""y"":219,""t"":3278},{""x"":555,""y"":222,""t"":3329},{""x"":637,""y"":229,""t"":3343},{""x"":800,""y"":234,""t"":3422},{""x"":946,""y"":242,""t"":3437},{""x"":1073,""y"":279,""t"":3514},{""x"":1176,""y"":358,""t"":3537},{""x"":1252,""y"":429,""t"":3615},{""x"":1312,""y"":490,""t"":3639},{""x"":1373,""y"":498,""t"":3720},{""x"":1445,""y"":510,""t"":3773},{""x"":1444,""y"":432,""t"":3789},{""x"":1390,""y"":388,""t"":3868},{""x"":1374,""y"":352,""t"":3885},{""x"":1338,""y"":311,""t"":3965},{""x"":1417,""y"":374,""t"":3980},{""x"":1464,""y"":455,""t"":4069},{""x"":1462,""y"":465,""t"":4083},{""x"":1439,""y"":494,""t"":4168},{""x"":1417,""y"":518,""t"":4183},{""x"":1383,""y"":530,""t"":4265},{""x"":1421,""y"":540,""t"":4317},{""x"":1418,""y"":549,""t"":4333},{""x"":1415,""y"":555,""t"":4379},{""x"":1412,""y"":558,""t"":4425},{""x"":1386,""y"":571,""t"":4511},{""x"":1365,""y"":555,""t"":4526},{""x"":1351,""y"":596,""t"":4606},{""x"":1340,""y"":630,""t"":4626},{""x"":1145,""y"":622,""t"":4712},{""x"":981,""y"":589,""t"":4727},{""x"":884,""y"":555,""t"":4806},{""x"":807,""y"":527,""t"":4828},{""x"":741,""y"":492,""t"":4910},{""x"":682,""y"":467,""t"":4965},{""x"":672,""y"":472,""t"":5014},{""x"":670,""y"":477,""t"":5033},{""x"":665,""y"":465,""t"":5114},{""x"":666,""y"":456,""t"":5135},{""x"":612,""y"":387,""t"":5216},{""x"":600,""y"":330,""t"":5267},{""x"":594,""y"":283,""t"":5282},{""x"":711,""y"":287,""t"":5359},{""x"":725,""y"":259,""t"":5373},{""x"":843,""y"":287,""t"":5451},{""x"":973,""y"":349,""t"":5505},{""x"":1083,""y"":403,""t"":5520},{""x"":1097,""y"":457,""t"":5602},{""x"":1104,""y"":502,""t"":5618},{""x"":1034,""y"":466,""t"":5701},{""x"":1011,""y"":445,""t"":5716},{""x"":1017,""y"":474,""t"":5797},{""x"":1035,""y"":501,""t"":5814},{""x"":1080,""y"":470,""t"":5895},{""x"":1083,""y"":491,""t"":5950},{""x"":1095,""y"":548,""t"":5965},{""x"":1185,""y"":544,""t"":6012},{""x"":1164,""y"":572,""t"":6063},{""x"":1263,""y"":547,""t"":6144},{""x"":1345,""y"":524,""t"":6160},{""x"":1444,""y"":600,""t"":6240},{""x"":1454,""y"":573,""t"":6256},{""x"":1502,""y"":617,""t"":6336}]",{},j,0.32,0.82,0.49,0.6900000000000001,0.49,0.32,0.6900000000000001,0.82,experimental,exp_53,"{""durations"":[1500,1000,1500,1000],""alternatives"":[""all"",""all"",""all"",""all""],""attributes"":[""m"",""p"",""m"",""p""]}",0,0.49,0.6900000000000001,1920,1080,"""","""","""","""","""","""",2021-06-16 16:45:48,,"Mozilla/5.0 (Windows NT 10.0; Win64; x64) AppleWebKit/537.36 (KHTML, like Gecko) Chrome/91.0.4472.106 Safari/537.36",WebKit,Chrome,91.0.4472.106,Windows,10.0
137,248,1,"""","""","""","""","""",html-keyboard-response,137,923677,0.0-12.0-1.0-1.54,main,29KKCMFL,1920,1080,exp_98,0.262294910469391,4.9,,"<p style=""font-size:40px;"">+</p>",,"""","""","""","""","[{""x"":1553,""y"":641,""t"":-29},{""x"":1542,""y"":621,""t"":-15},{""x"":1529,""y"":603,""t"":0},{""x"":1534,""y"":596,""t"":136},{""x"":1472,""y"":588,""t"":150},{""x"":1447,""y"":608,""t"":233},{""x"":1425,""y"":626,""t"":250},{""x"":1369,""y"":588,""t"":337},{""x"":1321,""y"":554,""t"":353},{""x"":1325,""y"":513,""t"":434},{""x"":1394,""y"":524,""t"":450}]",{},"""","""","""","""","""","""","""","""","""","""","""","""","""","""","""","""","""","""","""","""","""","""","""",2021-06-16 16:45:48,,"Mozilla/5.0 (Windows NT 10.0; Win64; x64) AppleWebKit/537.36 (KHTML, like Gecko) Chrome/91.0.4472.106 Safari/537.36",WebKit,Chrome,91.0.4472.106,Windows,10.0
138,248,1,"""","""","""","""","""",two-gamble-sequence,138,929847,0.0-12.0-1.0-2.54,main,29KKCMFL,1920,1080,exp_98,0.262294910469391,4.9,550.1999999284744,"""","""","""","""","""","""","[{""x"":1294,""y"":437,""t"":-17},{""x"":1212,""y"":392,""t"":0},{""x"":1146,""y"":363,""t"":113},{""x"":1034,""y"":344,""t"":186},{""x"":942,""y"":331,""t"":205},{""x"":853,""y"":279,""t"":284},{""x"":927,""y"":299,""t"":307},{""x"":957,""y"":310,""t"":384},{""x"":996,""y"":252,""t"":441},{""x"":1032,""y"":203,""t"":457},{""x"":919,""y"":251,""t"":536},{""x"":825,""y"":294,""t"":551},{""x"":748,""y"":272,""t"":631},{""x"":686,""y"":255,""t"":647},{""x"":727,""y"":344,""t"":731},{""x"":766,""y"":421,""t"":749},{""x"":773,""y"":448,""t"":830},{""x"":782,""y"":469,""t"":851},{""x"":967,""y"":558,""t"":931},{""x"":1104,""y"":595,""t"":984},{""x"":1219,""y"":623,""t"":999},{""x"":1307,""y"":638,""t"":1079},{""x"":1376,""y"":646,""t"":1095},{""x"":1430,""y"":707,""t"":1173},{""x"":1432,""y"":742,""t"":1191},{""x"":1442,""y"":752,""t"":1270},{""x"":1448,""y"":750,""t"":1293},{""x"":1456,""y"":755,""t"":1372},{""x"":1395,""y"":752,""t"":1425},{""x"":1339,""y"":748,""t"":1440},{""x"":1285,""y"":680,""t"":1518},{""x"":1239,""y"":620,""t"":1534},{""x"":1207,""y"":565,""t"":1612},{""x"":1123,""y"":443,""t"":1664},{""x"":1052,""y"":342,""t"":1678},{""x"":860,""y"":270,""t"":1757},{""x"":731,""y"":171,""t"":1773},{""x"":582,""y"":134,""t"":1851},{""x"":462,""y"":109,""t"":1870},{""x"":556,""y"":126,""t"":1949},{""x"":737,""y"":172,""t"":2002},{""x"":921,""y"":239,""t"":2017},{""x"":1024,""y"":277,""t"":2095},{""x"":1111,""y"":310,""t"":2111},{""x"":1189,""y"":371,""t"":2191},{""x"":1252,""y"":422,""t"":2210},{""x"":1391,""y"":396,""t"":2288},{""x"":1396,""y"":433,""t"":2339},{""x"":1390,""y"":470,""t"":2354},{""x"":1426,""y"":449,""t"":2431},{""x"":1432,""y"":432,""t"":2448},{""x"":1377,""y"":388,""t"":2530},{""x"":1340,""y"":397,""t"":2550},{""x"":1282,""y"":428,""t"":2633},{""x"":1290,""y"":440,""t"":2683},{""x"":1251,""y"":454,""t"":2699},{""x"":1314,""y"":517,""t"":2779},{""x"":1280,""y"":513,""t"":2795},{""x"":1337,""y"":526,""t"":2872},{""x"":1323,""y"":519,""t"":2891},{""x"":1229,""y"":529,""t"":2969},{""x"":1115,""y"":528,""t"":3026},{""x"":1019,""y"":525,""t"":3041},{""x"":936,""y"":501,""t"":3122},{""x"":869,""y"":479,""t"":3137},{""x"":855,""y"":496,""t"":3222},{""x"":846,""y"":496,""t"":3237},{""x"":992,""y"":540,""t"":3314},{""x"":1120,""y"":577,""t"":3333},{""x"":1180,""y"":614,""t"":3410},{""x"":1288,""y"":629,""t"":3465},{""x"":1321,""y"":635,""t"":3482},{""x"":1441,""y"":669,""t"":3559},{""x"":1509,""y"":678,""t"":3573},{""x"":1573,""y"":707,""t"":3653},{""x"":1605,""y"":745,""t"":3672},{""x"":1653,""y"":767,""t"":3753},{""x"":1500,""y"":627,""t"":3806},{""x"":1350,""y"":543,""t"":3823},{""x"":1167,""y"":422,""t"":3903},{""x"":1013,""y"":320,""t"":3918},{""x"":944,""y"":262,""t"":3998},{""x"":850,""y"":224,""t"":4014},{""x"":802,""y"":190,""t"":4094},{""x"":769,""y"":165,""t"":4114},{""x"":741,""y"":181,""t"":4193},{""x"":723,""y"":199,""t"":4217},{""x"":736,""y"":218,""t"":4298},{""x"":753,""y"":236,""t"":4318},{""x"":819,""y"":245,""t"":4399},{""x"":984,""y"":255,""t"":4449},{""x"":1024,""y"":226,""t"":4464},{""x"":1094,""y"":265,""t"":4544},{""x"":1152,""y"":299,""t"":4560},{""x"":1260,""y"":383,""t"":4640},{""x"":1373,""y"":421,""t"":4658},{""x"":1427,""y"":483,""t"":4741},{""x"":1467,""y"":477,""t"":4761},{""x"":1518,""y"":469,""t"":4838},{""x"":1412,""y"":430,""t"":4891},{""x"":1316,""y"":395,""t"":4905},{""x"":1170,""y"":410,""t"":4983},{""x"":1034,""y"":441,""t"":4999},{""x"":960,""y"":435,""t"":5081},{""x"":901,""y"":430,""t"":5101},{""x"":945,""y"":480,""t"":5182},{""x"":988,""y"":522,""t"":5203},{""x"":966,""y"":534,""t"":5282},{""x"":981,""y"":566,""t"":5345},{""x"":966,""y"":565,""t"":5400},{""x"":954,""y"":563,""t"":5416},{""x"":1012,""y"":618,""t"":5495},{""x"":1021,""y"":611,""t"":5512},{""x"":1105,""y"":658,""t"":5591},{""x"":1096,""y"":618,""t"":5646},{""x"":1085,""y"":650,""t"":5704},{""x"":1049,""y"":625,""t"":5719},{""x"":1097,""y"":616,""t"":5799},{""x"":1025,""y"":551,""t"":5816},{""x"":994,""y"":506,""t"":5900},{""x"":968,""y"":467,""t"":5918},{""x"":919,""y"":447,""t"":5997},{""x"":878,""y"":431,""t"":6019},{""x"":938,""y"":392,""t"":6096}]",{},f,0.41,0.5900000000000001,0.29,0.42000000000000004,0.29,0.41,0.42000000000000004,0.5900000000000001,experimental,catch_1,"{""durations"":[1250,1250,1250,1250],""attributes"":[""p"",""m"",""p"",""m""],""alternatives"":[""all"",""all"",""all"",""all""]}",1,0.41,0.5900000000000001,1920,1080,"""","""","""","""","""","""",2021-06-16 16:45:48,,"Mozilla/5.0 (Windows NT 10.0; Win64; x64) AppleWebKit/537.36 (KHTML, like Gecko) Chrome/91.0.4472.106 Safari/537.36",WebKit,Chrome,91.0.4472.106,Windows,10.0
139,248,1,"""","""","""","""","""",html-keyboard-response,139,930393,0.0-12.0-1.0-1.55,main,29KKCMFL,1920,1080,exp_98,0.262294910469391,4.9,,"<p style=""font-size:40px;"">+</p>",,"""","""","""","""","[{""x"":1027,""y"":414,""t"":-17},{""x"":1103,""y"":434,""t"":0},{""x"":1241,""y"":517,""t"":92},{""x"":1328,""y"":530,""t"":108},{""x"":1318,""y"":539,""t"":189},{""x"":1271,""y"":525,""t"":205},{""x"":1175,""y"":520,""t"":285},{""x"":1093,""y"":515,""t"":336},{""x"":1023,""y"":511,""t"":351},{""x"":991,""y"":514,""t"":432},{""x"":994,""y"":548,""t"":447}]",{},"""","""","""","""","""","""","""","""","""","""","""","""","""","""","""","""","""","""","""","""","""","""","""",2021-06-16 16:45:48,,"Mozilla/5.0 (Windows NT 10.0; Win64; x64) AppleWebKit/537.36 (KHTML, like Gecko) Chrome/91.0.4472.106 Safari/537.36",WebKit,Chrome,91.0.4472.106,Windows,10.0
140,248,1,"""","""","""","""","""",two-gamble-sequence,140,936576,0.0-12.0-1.0-2.55,main,29KKCMFL,1920,1080,exp_98,0.262294910469391,4.9,507.60000002384186,"""","""","""","""","""","""","[{""x"":938,""y"":565,""t"":-17},{""x"":893,""y"":580,""t"":0},{""x"":888,""y"":563,""t"":108},{""x"":914,""y"":546,""t"":179},{""x"":894,""y"":497,""t"":231},{""x"":876,""y"":475,""t"":246},{""x"":875,""y"":464,""t"":325},{""x"":879,""y"":453,""t"":340},{""x"":1070,""y"":489,""t"":422},{""x"":1296,""y"":592,""t"":442},{""x"":1437,""y"":626,""t"":522},{""x"":1554,""y"":659,""t"":575},{""x"":1645,""y"":685,""t"":590},{""x"":1669,""y"":696,""t"":670},{""x"":1681,""y"":704,""t"":684},{""x"":1694,""y"":696,""t"":764},{""x"":1699,""y"":688,""t"":782},{""x"":1720,""y"":698,""t"":860},{""x"":1734,""y"":705,""t"":884},{""x"":1758,""y"":725,""t"":965},{""x"":1700,""y"":714,""t"":1018},{""x"":1670,""y"":716,""t"":1034},{""x"":1663,""y"":634,""t"":1082},{""x"":1656,""y"":563,""t"":1128},{""x"":1665,""y"":487,""t"":1206},{""x"":1673,""y"":424,""t"":1225},{""x"":1666,""y"":362,""t"":1302},{""x"":1669,""y"":345,""t"":1357},{""x"":1671,""y"":335,""t"":1373},{""x"":1678,""y"":334,""t"":1452},{""x"":1684,""y"":336,""t"":1467},{""x"":1672,""y"":350,""t"":1545},{""x"":1662,""y"":364,""t"":1565},{""x"":1552,""y"":393,""t"":1648},{""x"":1487,""y"":364,""t"":1668},{""x"":1440,""y"":412,""t"":1748},{""x"":1402,""y"":454,""t"":1768},{""x"":1365,""y"":453,""t"":1849},{""x"":1104,""y"":325,""t"":1899},{""x"":886,""y"":215,""t"":1913},{""x"":662,""y"":211,""t"":1995},{""x"":481,""y"":211,""t"":2011},{""x"":343,""y"":224,""t"":2088},{""x"":239,""y"":238,""t"":2109},{""x"":183,""y"":252,""t"":2189},{""x"":292,""y"":295,""t"":2239},{""x"":290,""y"":261,""t"":2255},{""x"":314,""y"":314,""t"":2333},{""x"":341,""y"":360,""t"":2348},{""x"":317,""y"":371,""t"":2434},{""x"":301,""y"":380,""t"":2455},{""x"":338,""y"":443,""t"":2535},{""x"":374,""y"":496,""t"":2550},{""x"":374,""y"":543,""t"":2639},{""x"":375,""y"":580,""t"":2654},{""x"":439,""y"":577,""t"":2735},{""x"":495,""y"":572,""t"":2755},{""x"":507,""y"":520,""t"":2835},{""x"":480,""y"":467,""t"":2887},{""x"":561,""y"":338,""t"":2904},{""x"":569,""y"":283,""t"":2984},{""x"":573,""y"":238,""t"":2999},{""x"":554,""y"":241,""t"":3079},{""x"":537,""y"":246,""t"":3095},{""x"":765,""y"":254,""t"":3175},{""x"":872,""y"":225,""t"":3196},{""x"":1076,""y"":273,""t"":3275},{""x"":1244,""y"":315,""t"":3298},{""x"":1311,""y"":349,""t"":3378},{""x"":1388,""y"":426,""t"":3431},{""x"":1466,""y"":490,""t"":3445},{""x"":1484,""y"":520,""t"":3525},{""x"":1527,""y"":568,""t"":3540},{""x"":1535,""y"":578,""t"":3622},{""x"":1534,""y"":584,""t"":3639},{""x"":1585,""y"":652,""t"":3721},{""x"":1623,""y"":708,""t"":3740},{""x"":1643,""y"":724,""t"":3819},{""x"":1656,""y"":724,""t"":3870},{""x"":1663,""y"":721,""t"":3885},{""x"":1565,""y"":594,""t"":3963},{""x"":1430,""y"":517,""t"":3979},{""x"":1282,""y"":460,""t"":4060},{""x"":1157,""y"":413,""t"":4080},{""x"":980,""y"":375,""t"":4158},{""x"":875,""y"":306,""t"":4182},{""x"":750,""y"":257,""t"":4260},{""x"":586,""y"":208,""t"":4313},{""x"":456,""y"":171,""t"":4328},{""x"":317,""y"":166,""t"":4405},{""x"":210,""y"":166,""t"":4421},{""x"":214,""y"":152,""t"":4501},{""x"":158,""y"":174,""t"":4522},{""x"":233,""y"":220,""t"":4602},{""x"":306,""y"":261,""t"":4626},{""x"":312,""y"":283,""t"":4708},{""x"":322,""y"":301,""t"":4727},{""x"":384,""y"":294,""t"":4805},{""x"":508,""y"":333,""t"":4860},{""x"":593,""y"":376,""t"":4876},{""x"":584,""y"":367,""t"":4954},{""x"":583,""y"":335,""t"":4969},{""x"":510,""y"":335,""t"":5051},{""x"":493,""y"":312,""t"":5066},{""x"":556,""y"":357,""t"":5145},{""x"":550,""y"":349,""t"":5168},{""x"":592,""y"":397,""t"":5249},{""x"":641,""y"":421,""t"":5301},{""x"":608,""y"":399,""t"":5317},{""x"":660,""y"":411,""t"":5396},{""x"":703,""y"":421,""t"":5411},{""x"":825,""y"":456,""t"":5491},{""x"":797,""y"":474,""t"":5508},{""x"":926,""y"":553,""t"":5588},{""x"":1069,""y"":596,""t"":5639},{""x"":1187,""y"":630,""t"":5653},{""x"":1269,""y"":669,""t"":5735},{""x"":1331,""y"":699,""t"":5752},{""x"":1357,""y"":741,""t"":5829},{""x"":1418,""y"":754,""t"":5848},{""x"":1469,""y"":769,""t"":5929},{""x"":1514,""y"":765,""t"":5980},{""x"":1545,""y"":758,""t"":5995},{""x"":1545,""y"":739,""t"":6073},{""x"":1538,""y"":722,""t"":6089}]",{},f,0.72,0.42000000000000004,0.51,0.52,0.72,0.51,0.42000000000000004,0.52,experimental,exp_68,"{""durations"":[1500,1000,1500,1000],""alternatives"":[1,0,1,0],""attributes"":[""all"",""all"",""all"",""all""]}",0,0.72,0.42000000000000004,1920,1080,"""","""","""","""","""","""",2021-06-16 16:45:48,,"Mozilla/5.0 (Windows NT 10.0; Win64; x64) AppleWebKit/537.36 (KHTML, like Gecko) Chrome/91.0.4472.106 Safari/537.36",WebKit,Chrome,91.0.4472.106,Windows,10.0
141,248,1,"""","""","""","""","""",html-keyboard-response,141,937123,0.0-12.0-1.0-1.56,main,29KKCMFL,1920,1080,exp_98,0.262294910469391,4.9,,"<p style=""font-size:40px;"">+</p>",,"""","""","""","""","[{""x"":1547,""y"":590,""t"":-16},{""x"":1551,""y"":477,""t"":0},{""x"":1493,""y"":467,""t"":95},{""x"":1445,""y"":434,""t"":110},{""x"":1401,""y"":370,""t"":187},{""x"":1363,""y"":319,""t"":206},{""x"":1338,""y"":337,""t"":286},{""x"":1312,""y"":370,""t"":337},{""x"":1277,""y"":416,""t"":354},{""x"":1245,""y"":452,""t"":434},{""x"":1220,""y"":483,""t"":449}]",{},"""","""","""","""","""","""","""","""","""","""","""","""","""","""","""","""","""","""","""","""","""","""","""",2021-06-16 16:45:48,,"Mozilla/5.0 (Windows NT 10.0; Win64; x64) AppleWebKit/537.36 (KHTML, like Gecko) Chrome/91.0.4472.106 Safari/537.36",WebKit,Chrome,91.0.4472.106,Windows,10.0
142,248,1,"""","""","""","""","""",two-gamble-sequence,142,943325,0.0-12.0-1.0-2.56,main,29KKCMFL,1920,1080,exp_98,0.262294910469391,4.9,493.90000009536743,"""","""","""","""","""","""","[{""x"":1144,""y"":491,""t"":-16},{""x"":1082,""y"":498,""t"":0},{""x"":1067,""y"":520,""t"":107},{""x"":994,""y"":513,""t"":177},{""x"":1029,""y"":528,""t"":235},{""x"":990,""y"":523,""t"":251},{""x"":1013,""y"":538,""t"":330},{""x"":1035,""y"":550,""t"":345},{""x"":1194,""y"":629,""t"":424},{""x"":1331,""y"":695,""t"":443},{""x"":1417,""y"":730,""t"":521},{""x"":1479,""y"":766,""t"":570},{""x"":1528,""y"":793,""t"":586},{""x"":1417,""y"":784,""t"":665},{""x"":1247,""y"":690,""t"":681},{""x"":1087,""y"":644,""t"":760},{""x"":908,""y"":621,""t"":811},{""x"":757,""y"":572,""t"":826},{""x"":646,""y"":556,""t"":907},{""x"":559,""y"":544,""t"":922},{""x"":499,""y"":513,""t"":1000},{""x"":456,""y"":487,""t"":1021},{""x"":402,""y"":489,""t"":1098},{""x"":429,""y"":444,""t"":1153},{""x"":460,""y"":408,""t"":1170},{""x"":518,""y"":419,""t"":1252},{""x"":571,""y"":431,""t"":1267},{""x"":643,""y"":447,""t"":1344},{""x"":705,""y"":461,""t"":1360},{""x"":754,""y"":477,""t"":1437},{""x"":764,""y"":476,""t"":1488},{""x"":770,""y"":475,""t"":1503},{""x"":959,""y"":457,""t"":1582},{""x"":1055,""y"":470,""t"":1599},{""x"":1164,""y"":457,""t"":1677},{""x"":1287,""y"":465,""t"":1731},{""x"":1427,""y"":461,""t"":1746},{""x"":1543,""y"":506,""t"":1826},{""x"":1650,""y"":543,""t"":1841},{""x"":1731,""y"":564,""t"":1920},{""x"":1782,""y"":589,""t"":1939},{""x"":1762,""y"":586,""t"":2016},{""x"":1779,""y"":625,""t"":2070},{""x"":1813,""y"":661,""t"":2086},{""x"":1692,""y"":678,""t"":2165},{""x"":1649,""y"":709,""t"":2180},{""x"":1615,""y"":731,""t"":2262},{""x"":1584,""y"":748,""t"":2279},{""x"":1542,""y"":764,""t"":2355},{""x"":1406,""y"":752,""t"":2409},{""x"":1292,""y"":740,""t"":2424},{""x"":1205,""y"":749,""t"":2502},{""x"":1065,""y"":669,""t"":2518},{""x"":1044,""y"":670,""t"":2599},{""x"":1032,""y"":676,""t"":2652},{""x"":1028,""y"":682,""t"":2667},{""x"":1043,""y"":703,""t"":2745},{""x"":1059,""y"":722,""t"":2759},{""x"":902,""y"":595,""t"":2839},{""x"":805,""y"":500,""t"":2857},{""x"":703,""y"":436,""t"":2935},{""x"":609,""y"":405,""t"":2987},{""x"":535,""y"":382,""t"":3002},{""x"":513,""y"":364,""t"":3082},{""x"":502,""y"":351,""t"":3096},{""x"":597,""y"":386,""t"":3178},{""x"":691,""y"":387,""t"":3197},{""x"":874,""y"":360,""t"":3280},{""x"":983,""y"":323,""t"":3299},{""x"":1109,""y"":301,""t"":3377},{""x"":1105,""y"":311,""t"":3434},{""x"":1204,""y"":335,""t"":3450},{""x"":1293,""y"":383,""t"":3499},{""x"":1367,""y"":403,""t"":3547},{""x"":1391,""y"":446,""t"":3630},{""x"":1405,""y"":482,""t"":3645},{""x"":1411,""y"":485,""t"":3726},{""x"":1412,""y"":486,""t"":3743},{""x"":1408,""y"":477,""t"":3823},{""x"":1391,""y"":502,""t"":3873},{""x"":1373,""y"":523,""t"":3888},{""x"":1396,""y"":557,""t"":3967},{""x"":1414,""y"":586,""t"":3981},{""x"":1474,""y"":640,""t"":4062},{""x"":1524,""y"":684,""t"":4082},{""x"":1587,""y"":749,""t"":4163},{""x"":1610,""y"":799,""t"":4216},{""x"":1642,""y"":832,""t"":4232},{""x"":1647,""y"":866,""t"":4282},{""x"":1648,""y"":892,""t"":4328},{""x"":1642,""y"":892,""t"":4408},{""x"":1635,""y"":888,""t"":4423},{""x"":1587,""y"":794,""t"":4503},{""x"":1544,""y"":712,""t"":4523},{""x"":1589,""y"":689,""t"":4606},{""x"":1600,""y"":601,""t"":4625},{""x"":1591,""y"":556,""t"":4703},{""x"":1634,""y"":542,""t"":4759},{""x"":1672,""y"":529,""t"":4775},{""x"":1651,""y"":507,""t"":4822},{""x"":1633,""y"":492,""t"":4870},{""x"":1482,""y"":395,""t"":4950},{""x"":1354,""y"":316,""t"":4966},{""x"":1219,""y"":311,""t"":5057},{""x"":1109,""y"":311,""t"":5073},{""x"":996,""y"":304,""t"":5169},{""x"":872,""y"":288,""t"":5236},{""x"":903,""y"":269,""t"":5291},{""x"":886,""y"":250,""t"":5307},{""x"":899,""y"":281,""t"":5387},{""x"":948,""y"":302,""t"":5406},{""x"":908,""y"":329,""t"":5487},{""x"":849,""y"":331,""t"":5542},{""x"":841,""y"":373,""t"":5599},{""x"":838,""y"":408,""t"":5614},{""x"":853,""y"":435,""t"":5696},{""x"":886,""y"":511,""t"":5713},{""x"":916,""y"":562,""t"":5791},{""x"":944,""y"":601,""t"":5843},{""x"":937,""y"":579,""t"":5859},{""x"":918,""y"":603,""t"":5937},{""x"":903,""y"":622,""t"":5953},{""x"":928,""y"":622,""t"":6033},{""x"":950,""y"":619,""t"":6053},{""x"":1061,""y"":598,""t"":6132}]",{},j,0.17,0.8300000000000001,0.28,0.43,0.28,0.17,0.43,0.8300000000000001,experimental,exp_19,"{""durations"":[1000,1500,1000,1500],""alternatives"":[""all"",""all"",""all"",""all""],""attributes"":[""m"",""p"",""m"",""p""]}",0,0.28,0.43,1920,1080,"""","""","""","""","""","""",2021-06-16 16:45:48,,"Mozilla/5.0 (Windows NT 10.0; Win64; x64) AppleWebKit/537.36 (KHTML, like Gecko) Chrome/91.0.4472.106 Safari/537.36",WebKit,Chrome,91.0.4472.106,Windows,10.0
143,248,1,"""","""","""","""","""",html-keyboard-response,143,943899,0.0-12.0-1.0-1.57,main,29KKCMFL,1920,1080,exp_98,0.262294910469391,4.9,,"<p style=""font-size:40px;"">+</p>",,"""","""","""","""","[{""x"":1089,""y"":536,""t"":-17},{""x"":1203,""y"":528,""t"":0},{""x"":1342,""y"":514,""t"":110},{""x"":1372,""y"":485,""t"":169},{""x"":1386,""y"":469,""t"":183},{""x"":1269,""y"":452,""t"":265},{""x"":1237,""y"":493,""t"":281},{""x"":1210,""y"":506,""t"":364},{""x"":1185,""y"":518,""t"":378},{""x"":1189,""y"":545,""t"":461},{""x"":1159,""y"":533,""t"":476}]",{},"""","""","""","""","""","""","""","""","""","""","""","""","""","""","""","""","""","""","""","""","""","""","""",2021-06-16 16:45:48,,"Mozilla/5.0 (Windows NT 10.0; Win64; x64) AppleWebKit/537.36 (KHTML, like Gecko) Chrome/91.0.4472.106 Safari/537.36",WebKit,Chrome,91.0.4472.106,Windows,10.0
144,248,1,"""","""","""","""","""",two-gamble-sequence,144,949955,0.0-12.0-1.0-2.57,main,29KKCMFL,1920,1080,exp_98,0.262294910469391,4.9,350.60000002384186,"""","""","""","""","""","""","[{""x"":1160,""y"":576,""t"":-18},{""x"":1153,""y"":624,""t"":0},{""x"":1147,""y"":665,""t"":75},{""x"":1166,""y"":704,""t"":180},{""x"":1141,""y"":673,""t"":237},{""x"":1120,""y"":644,""t"":252},{""x"":1130,""y"":606,""t"":329},{""x"":1120,""y"":540,""t"":345},{""x"":1146,""y"":529,""t"":426},{""x"":1168,""y"":520,""t"":443},{""x"":945,""y"":465,""t"":527},{""x"":754,""y"":419,""t"":546},{""x"":591,""y"":391,""t"":626},{""x"":773,""y"":443,""t"":678},{""x"":935,""y"":490,""t"":692},{""x"":1093,""y"":543,""t"":770},{""x"":1228,""y"":588,""t"":784},{""x"":1349,""y"":635,""t"":865},{""x"":1447,""y"":674,""t"":885},{""x"":1536,""y"":714,""t"":962},{""x"":1582,""y"":752,""t"":1015},{""x"":1622,""y"":776,""t"":1030},{""x"":1632,""y"":811,""t"":1108},{""x"":1604,""y"":840,""t"":1123},{""x"":1595,""y"":848,""t"":1204},{""x"":1607,""y"":870,""t"":1255},{""x"":1605,""y"":895,""t"":1270},{""x"":1614,""y"":895,""t"":1350},{""x"":1583,""y"":868,""t"":1365},{""x"":1439,""y"":794,""t"":1445},{""x"":1315,""y"":730,""t"":1463},{""x"":1255,""y"":682,""t"":1543},{""x"":1206,""y"":642,""t"":1565},{""x"":1200,""y"":602,""t"":1644},{""x"":1095,""y"":560,""t"":1694},{""x"":912,""y"":475,""t"":1710},{""x"":998,""y"":519,""t"":1791},{""x"":1073,""y"":564,""t"":1806},{""x"":1098,""y"":545,""t"":1885},{""x"":1121,""y"":530,""t"":1905},{""x"":1238,""y"":506,""t"":1984},{""x"":1338,""y"":487,""t"":2008},{""x"":1451,""y"":461,""t"":2087},{""x"":1545,""y"":441,""t"":2108},{""x"":1588,""y"":426,""t"":2186},{""x"":1484,""y"":395,""t"":2240},{""x"":1391,""y"":371,""t"":2255},{""x"":1092,""y"":312,""t"":2332},{""x"":836,""y"":264,""t"":2347},{""x"":713,""y"":306,""t"":2426},{""x"":617,""y"":344,""t"":2448},{""x"":577,""y"":363,""t"":2531},{""x"":553,""y"":380,""t"":2551},{""x"":645,""y"":375,""t"":2629},{""x"":774,""y"":406,""t"":2680},{""x"":910,""y"":429,""t"":2696},{""x"":1039,""y"":469,""t"":2775},{""x"":1147,""y"":503,""t"":2789},{""x"":1208,""y"":553,""t"":2868},{""x"":1269,""y"":598,""t"":2919},{""x"":1317,""y"":633,""t"":2935},{""x"":1348,""y"":643,""t"":3013},{""x"":1405,""y"":695,""t"":3028},{""x"":1470,""y"":731,""t"":3109},{""x"":1528,""y"":774,""t"":3160},{""x"":1573,""y"":806,""t"":3176},{""x"":1603,""y"":788,""t"":3256},{""x"":1611,""y"":787,""t"":3273},{""x"":1620,""y"":720,""t"":3350},{""x"":1576,""y"":674,""t"":3367},{""x"":1515,""y"":558,""t"":3445},{""x"":1491,""y"":546,""t"":3503},{""x"":1389,""y"":472,""t"":3555},{""x"":1355,""y"":402,""t"":3571},{""x"":1245,""y"":353,""t"":3650},{""x"":1240,""y"":354,""t"":3673},{""x"":1108,""y"":294,""t"":3754},{""x"":995,""y"":247,""t"":3775},{""x"":900,""y"":261,""t"":3854},{""x"":848,""y"":220,""t"":3877},{""x"":929,""y"":298,""t"":3957},{""x"":1004,""y"":367,""t"":3980},{""x"":1058,""y"":387,""t"":4062},{""x"":1131,""y"":447,""t"":4081},{""x"":1187,""y"":480,""t"":4160},{""x"":1235,""y"":508,""t"":4183},{""x"":1330,""y"":493,""t"":4263},{""x"":1409,""y"":478,""t"":4285},{""x"":1443,""y"":461,""t"":4366},{""x"":1485,""y"":439,""t"":4416},{""x"":1516,""y"":421,""t"":4432},{""x"":1300,""y"":335,""t"":4520},{""x"":1122,""y"":307,""t"":4536},{""x"":999,""y"":332,""t"":4615},{""x"":914,""y"":324,""t"":4629},{""x"":860,""y"":313,""t"":4710},{""x"":767,""y"":323,""t"":4727},{""x"":629,""y"":342,""t"":4808},{""x"":552,""y"":361,""t"":4860},{""x"":494,""y"":377,""t"":4875},{""x"":441,""y"":394,""t"":4954},{""x"":404,""y"":408,""t"":4970},{""x"":572,""y"":431,""t"":5049},{""x"":721,""y"":449,""t"":5067},{""x"":788,""y"":456,""t"":5147},{""x"":845,""y"":461,""t"":5169},{""x"":876,""y"":503,""t"":5248},{""x"":861,""y"":519,""t"":5270},{""x"":843,""y"":541,""t"":5349},{""x"":813,""y"":558,""t"":5402},{""x"":786,""y"":570,""t"":5417},{""x"":796,""y"":610,""t"":5497},{""x"":799,""y"":634,""t"":5514},{""x"":956,""y"":563,""t"":5597},{""x"":1042,""y"":503,""t"":5612},{""x"":1162,""y"":453,""t"":5697},{""x"":1303,""y"":465,""t"":5712},{""x"":1426,""y"":462,""t"":5794},{""x"":1524,""y"":460,""t"":5814},{""x"":1508,""y"":403,""t"":5893},{""x"":1350,""y"":295,""t"":5945},{""x"":1278,""y"":276,""t"":5960}]",{},j,0.2,0.6799999999999999,0.8,0.4,0.8,0.2,0.4,0.6799999999999999,experimental,exp_73,"{""durations"":[1500,1000,1500,1000],""alternatives"":[""all"",""all"",""all"",""all""],""attributes"":[""p"",""m"",""p"",""m""]}",0,0.8,0.4,1920,1080,"""","""","""","""","""","""",2021-06-16 16:45:48,,"Mozilla/5.0 (Windows NT 10.0; Win64; x64) AppleWebKit/537.36 (KHTML, like Gecko) Chrome/91.0.4472.106 Safari/537.36",WebKit,Chrome,91.0.4472.106,Windows,10.0
145,248,1,"""","""","""","""","""",html-keyboard-response,145,950463,0.0-12.0-1.0-1.58,main,29KKCMFL,1920,1080,exp_98,0.262294910469391,4.9,,"<p style=""font-size:40px;"">+</p>",,"""","""","""","""","[{""x"":1171,""y"":237,""t"":-16},{""x"":1152,""y"":241,""t"":0},{""x"":1188,""y"":374,""t"":97},{""x"":1219,""y"":490,""t"":114},{""x"":1208,""y"":587,""t"":196},{""x"":1113,""y"":614,""t"":212},{""x"":1070,""y"":599,""t"":293},{""x"":1001,""y"":585,""t"":310},{""x"":967,""y"":560,""t"":390},{""x"":941,""y"":537,""t"":408}]",{},"""","""","""","""","""","""","""","""","""","""","""","""","""","""","""","""","""","""","""","""","""","""","""",2021-06-16 16:45:48,,"Mozilla/5.0 (Windows NT 10.0; Win64; x64) AppleWebKit/537.36 (KHTML, like Gecko) Chrome/91.0.4472.106 Safari/537.36",WebKit,Chrome,91.0.4472.106,Windows,10.0
146,248,1,"""","""","""","""","""",two-gamble-sequence,146,956512,0.0-12.0-1.0-2.58,main,29KKCMFL,1920,1080,exp_98,0.262294910469391,4.9,434.39999997615814,"""","""","""","""","""","""","[{""x"":955,""y"":521,""t"":-16},{""x"":970,""y"":507,""t"":0},{""x"":975,""y"":481,""t"":109},{""x"":1090,""y"":489,""t"":180},{""x"":1184,""y"":513,""t"":205},{""x"":1248,""y"":533,""t"":284},{""x"":1191,""y"":559,""t"":336},{""x"":1274,""y"":554,""t"":353},{""x"":1329,""y"":557,""t"":443},{""x"":1287,""y"":576,""t"":495},{""x"":1247,""y"":592,""t"":511},{""x"":1185,""y"":583,""t"":591},{""x"":1131,""y"":573,""t"":613},{""x"":1142,""y"":554,""t"":691},{""x"":1169,""y"":548,""t"":715},{""x"":1155,""y"":548,""t"":795},{""x"":1136,""y"":551,""t"":817},{""x"":967,""y"":455,""t"":894},{""x"":801,""y"":385,""t"":950},{""x"":664,""y"":327,""t"":965},{""x"":525,""y"":280,""t"":1049},{""x"":413,""y"":243,""t"":1064},{""x"":475,""y"":264,""t"":1145},{""x"":538,""y"":286,""t"":1159},{""x"":587,""y"":265,""t"":1238},{""x"":637,""y"":288,""t"":1291},{""x"":714,""y"":336,""t"":1308},{""x"":909,""y"":398,""t"":1354},{""x"":1006,""y"":433,""t"":1401},{""x"":1161,""y"":446,""t"":1479},{""x"":1288,""y"":457,""t"":1497},{""x"":1312,""y"":455,""t"":1578},{""x"":1502,""y"":582,""t"":1629},{""x"":1567,""y"":575,""t"":1646},{""x"":1563,""y"":602,""t"":1699},{""x"":1551,""y"":623,""t"":1748},{""x"":1446,""y"":639,""t"":1833},{""x"":1351,""y"":649,""t"":1849},{""x"":1200,""y"":673,""t"":1938},{""x"":1072,""y"":683,""t"":1989},{""x"":966,""y"":690,""t"":2007},{""x"":905,""y"":701,""t"":2090},{""x"":850,""y"":690,""t"":2108},{""x"":1010,""y"":756,""t"":2191},{""x"":1151,""y"":811,""t"":2210},{""x"":1260,""y"":816,""t"":2293},{""x"":1315,""y"":776,""t"":2346},{""x"":1369,""y"":755,""t"":2361},{""x"":1424,""y"":750,""t"":2410},{""x"":1439,""y"":734,""t"":2456},{""x"":1415,""y"":714,""t"":2533},{""x"":1421,""y"":724,""t"":2550},{""x"":1421,""y"":732,""t"":2630},{""x"":1403,""y"":620,""t"":2680},{""x"":1428,""y"":564,""t"":2695},{""x"":1441,""y"":519,""t"":2773},{""x"":1548,""y"":479,""t"":2788},{""x"":1532,""y"":448,""t"":2869},{""x"":1575,""y"":429,""t"":2891},{""x"":1628,""y"":453,""t"":2975},{""x"":1670,""y"":476,""t"":2994},{""x"":1599,""y"":440,""t"":3077},{""x"":1574,""y"":406,""t"":3095},{""x"":1576,""y"":376,""t"":3174},{""x"":1577,""y"":353,""t"":3197},{""x"":1212,""y"":333,""t"":3276},{""x"":939,""y"":335,""t"":3298},{""x"":724,""y"":332,""t"":3376},{""x"":533,""y"":326,""t"":3435},{""x"":492,""y"":337,""t"":3486},{""x"":470,""y"":349,""t"":3503},{""x"":595,""y"":353,""t"":3582},{""x"":745,""y"":356,""t"":3633},{""x"":916,""y"":436,""t"":3649},{""x"":1094,""y"":425,""t"":3727},{""x"":1225,""y"":405,""t"":3742},{""x"":1273,""y"":363,""t"":3821},{""x"":1414,""y"":376,""t"":3843},{""x"":1421,""y"":347,""t"":3925},{""x"":1434,""y"":411,""t"":3945},{""x"":1446,""y"":484,""t"":4026},{""x"":1451,""y"":547,""t"":4047},{""x"":1391,""y"":572,""t"":4132},{""x"":1336,""y"":591,""t"":4150},{""x"":1359,""y"":572,""t"":4229},{""x"":1450,""y"":628,""t"":4251},{""x"":1415,""y"":591,""t"":4332},{""x"":1425,""y"":605,""t"":4354},{""x"":1416,""y"":657,""t"":4432},{""x"":1406,""y"":699,""t"":4455},{""x"":1359,""y"":642,""t"":4533},{""x"":1279,""y"":569,""t"":4589},{""x"":1223,""y"":538,""t"":4604},{""x"":1265,""y"":561,""t"":4652},{""x"":1172,""y"":506,""t"":4702},{""x"":1074,""y"":441,""t"":4782},{""x"":1002,""y"":397,""t"":4797},{""x"":894,""y"":362,""t"":4875},{""x"":886,""y"":365,""t"":4898},{""x"":836,""y"":294,""t"":4980},{""x"":792,""y"":218,""t"":5000},{""x"":816,""y"":179,""t"":5079},{""x"":832,""y"":156,""t"":5100},{""x"":917,""y"":228,""t"":5180},{""x"":907,""y"":221,""t"":5202},{""x"":926,""y"":265,""t"":5284},{""x"":901,""y"":258,""t"":5304},{""x"":876,""y"":258,""t"":5382},{""x"":858,""y"":296,""t"":5435},{""x"":867,""y"":382,""t"":5449},{""x"":911,""y"":470,""t"":5530},{""x"":950,""y"":544,""t"":5546},{""x"":998,""y"":577,""t"":5627},{""x"":1030,""y"":630,""t"":5645},{""x"":1097,""y"":622,""t"":5726},{""x"":1151,""y"":612,""t"":5748},{""x"":1261,""y"":602,""t"":5826},{""x"":1351,""y"":591,""t"":5849},{""x"":1355,""y"":569,""t"":5931},{""x"":1421,""y"":540,""t"":5951}]",{},j,0.22,0.79,0.49,0.42000000000000004,0.49,0.22,0.42000000000000004,0.79,experimental,exp_117,"{""durations"":[1500,1000,1500,1000],""alternatives"":[""all"",""all"",""all"",""all""],""attributes"":[""m"",""p"",""m"",""p""]}",0,0.49,0.42000000000000004,1920,1080,"""","""","""","""","""","""",2021-06-16 16:45:48,,"Mozilla/5.0 (Windows NT 10.0; Win64; x64) AppleWebKit/537.36 (KHTML, like Gecko) Chrome/91.0.4472.106 Safari/537.36",WebKit,Chrome,91.0.4472.106,Windows,10.0
147,248,1,"""","""","""","""","""",html-keyboard-response,147,957087,0.0-12.0-1.0-1.59,main,29KKCMFL,1920,1080,exp_98,0.262294910469391,4.9,,"<p style=""font-size:40px;"">+</p>",,"""","""","""","""","[{""x"":1452,""y"":542,""t"":-17},{""x"":1550,""y"":581,""t"":0},{""x"":1566,""y"":625,""t"":108},{""x"":1599,""y"":689,""t"":165},{""x"":1623,""y"":741,""t"":181},{""x"":1614,""y"":768,""t"":260},{""x"":1506,""y"":727,""t"":275},{""x"":1423,""y"":657,""t"":356},{""x"":1408,""y"":626,""t"":374},{""x"":1402,""y"":600,""t"":456},{""x"":1397,""y"":578,""t"":476}]",{},"""","""","""","""","""","""","""","""","""","""","""","""","""","""","""","""","""","""","""","""","""","""","""",2021-06-16 16:45:48,,"Mozilla/5.0 (Windows NT 10.0; Win64; x64) AppleWebKit/537.36 (KHTML, like Gecko) Chrome/91.0.4472.106 Safari/537.36",WebKit,Chrome,91.0.4472.106,Windows,10.0
148,248,1,"""","""","""","""","""",two-gamble-sequence,148,963195,0.0-12.0-1.0-2.59,main,29KKCMFL,1920,1080,exp_98,0.262294910469391,4.9,489.5,"""","""","""","""","""","""","[{""x"":1377,""y"":509,""t"":-16},{""x"":1334,""y"":466,""t"":0},{""x"":1224,""y"":469,""t"":108},{""x"":1116,""y"":445,""t"":152},{""x"":1037,""y"":462,""t"":199},{""x"":961,""y"":459,""t"":247},{""x"":949,""y"":462,""t"":333},{""x"":945,""y"":465,""t"":349},{""x"":1004,""y"":430,""t"":430},{""x"":1058,""y"":401,""t"":445},{""x"":1134,""y"":422,""t"":527},{""x"":1200,""y"":442,""t"":545},{""x"":1260,""y"":441,""t"":626},{""x"":1362,""y"":472,""t"":677},{""x"":1447,""y"":499,""t"":692},{""x"":1419,""y"":501,""t"":769},{""x"":1451,""y"":564,""t"":785},{""x"":1466,""y"":588,""t"":863},{""x"":1476,""y"":607,""t"":885},{""x"":1495,""y"":609,""t"":964},{""x"":1510,""y"":609,""t"":986},{""x"":1468,""y"":616,""t"":1067},{""x"":1563,""y"":653,""t"":1119},{""x"":1642,""y"":683,""t"":1134},{""x"":1714,""y"":729,""t"":1214},{""x"":1825,""y"":785,""t"":1228},{""x"":1597,""y"":712,""t"":1311},{""x"":1398,""y"":647,""t"":1326},{""x"":1206,""y"":560,""t"":1409},{""x"":989,""y"":502,""t"":1429},{""x"":827,""y"":444,""t"":1508},{""x"":718,""y"":397,""t"":1560},{""x"":549,""y"":334,""t"":1576},{""x"":455,""y"":298,""t"":1654},{""x"":386,""y"":272,""t"":1669},{""x"":297,""y"":228,""t"":1748},{""x"":220,""y"":221,""t"":1799},{""x"":165,""y"":219,""t"":1814},{""x"":110,""y"":201,""t"":1896},{""x"":73,""y"":187,""t"":1915},{""x"":101,""y"":180,""t"":1998},{""x"":133,""y"":175,""t"":2013},{""x"":143,""y"":168,""t"":2091},{""x"":156,""y"":163,""t"":2109},{""x"":215,""y"":175,""t"":2188},{""x"":264,""y"":193,""t"":2241},{""x"":308,""y"":210,""t"":2256},{""x"":335,""y"":225,""t"":2341},{""x"":358,""y"":237,""t"":2356},{""x"":404,""y"":287,""t"":2433},{""x"":442,""y"":330,""t"":2450},{""x"":458,""y"":382,""t"":2528},{""x"":470,""y"":426,""t"":2551},{""x"":480,""y"":425,""t"":2635},{""x"":485,""y"":423,""t"":2653},{""x"":502,""y"":409,""t"":2731},{""x"":508,""y"":414,""t"":2755},{""x"":479,""y"":383,""t"":2834},{""x"":422,""y"":350,""t"":2857},{""x"":683,""y"":397,""t"":2940},{""x"":883,""y"":404,""t"":2960},{""x"":1111,""y"":498,""t"":3040},{""x"":1297,""y"":577,""t"":3061},{""x"":1439,""y"":652,""t"":3142},{""x"":1548,""y"":713,""t"":3163},{""x"":1676,""y"":739,""t"":3244},{""x"":1613,""y"":674,""t"":3265},{""x"":1700,""y"":727,""t"":3346},{""x"":1678,""y"":733,""t"":3368},{""x"":1668,""y"":747,""t"":3446},{""x"":1611,""y"":749,""t"":3470},{""x"":1602,""y"":735,""t"":3551},{""x"":1549,""y"":715,""t"":3570},{""x"":1550,""y"":734,""t"":3651},{""x"":1593,""y"":764,""t"":3673},{""x"":1561,""y"":680,""t"":3754},{""x"":1513,""y"":585,""t"":3806},{""x"":1501,""y"":524,""t"":3822},{""x"":1278,""y"":439,""t"":3873},{""x"":1088,""y"":369,""t"":3921},{""x"":873,""y"":337,""t"":4002},{""x"":682,""y"":294,""t"":4016},{""x"":580,""y"":268,""t"":4095},{""x"":504,""y"":250,""t"":4114},{""x"":536,""y"":237,""t"":4193},{""x"":571,""y"":279,""t"":4244},{""x"":570,""y"":274,""t"":4259},{""x"":425,""y"":266,""t"":4342},{""x"":308,""y"":260,""t"":4357},{""x"":298,""y"":263,""t"":4436},{""x"":281,""y"":290,""t"":4455},{""x"":286,""y"":311,""t"":4535},{""x"":296,""y"":329,""t"":4556},{""x"":314,""y"":346,""t"":4638},{""x"":277,""y"":386,""t"":4691},{""x"":215,""y"":369,""t"":4707},{""x"":227,""y"":377,""t"":4755},{""x"":185,""y"":371,""t"":4800},{""x"":217,""y"":338,""t"":4877},{""x"":248,""y"":311,""t"":4896},{""x"":299,""y"":281,""t"":4978},{""x"":332,""y"":269,""t"":4998},{""x"":462,""y"":307,""t"":5084},{""x"":572,""y"":340,""t"":5100},{""x"":694,""y"":374,""t"":5184},{""x"":795,""y"":402,""t"":5202},{""x"":887,""y"":424,""t"":5280},{""x"":1049,""y"":450,""t"":5333},{""x"":1158,""y"":455,""t"":5349},{""x"":1234,""y"":480,""t"":5430},{""x"":1285,""y"":459,""t"":5444},{""x"":1347,""y"":464,""t"":5525},{""x"":1328,""y"":446,""t"":5542},{""x"":1423,""y"":485,""t"":5623},{""x"":1497,""y"":518,""t"":5644},{""x"":1471,""y"":504,""t"":5725},{""x"":1430,""y"":478,""t"":5747},{""x"":1367,""y"":478,""t"":5828},{""x"":1385,""y"":494,""t"":5849},{""x"":1287,""y"":483,""t"":5928},{""x"":1190,""y"":481,""t"":5983},{""x"":1108,""y"":479,""t"":5997}]",{},f,0.5,0.3,0.38,0.4,0.5,0.38,0.3,0.4,experimental,exp_90,"{""durations"":[1000,1500,1000,1500],""alternatives"":[1,0,1,0],""attributes"":[""all"",""all"",""all"",""all""]}",0,0.5,0.3,1920,1080,"""","""","""","""","""","""",2021-06-16 16:45:48,,"Mozilla/5.0 (Windows NT 10.0; Win64; x64) AppleWebKit/537.36 (KHTML, like Gecko) Chrome/91.0.4472.106 Safari/537.36",WebKit,Chrome,91.0.4472.106,Windows,10.0
149,248,1,"""","""","""","""","""",html-keyboard-response,149,963772,0.0-12.0-1.0-1.60,main,29KKCMFL,1920,1080,exp_98,0.262294910469391,4.9,,"<p style=""font-size:40px;"">+</p>",,"""","""","""","""","[{""x"":1049,""y"":515,""t"":-32},{""x"":1002,""y"":546,""t"":-16},{""x"":965,""y"":571,""t"":0},{""x"":1058,""y"":521,""t"":128},{""x"":1187,""y"":504,""t"":143},{""x"":1213,""y"":495,""t"":223},{""x"":1221,""y"":529,""t"":239},{""x"":1218,""y"":541,""t"":316},{""x"":1245,""y"":524,""t"":367},{""x"":1267,""y"":509,""t"":383},{""x"":1334,""y"":534,""t"":462},{""x"":1389,""y"":556,""t"":477}]",{},"""","""","""","""","""","""","""","""","""","""","""","""","""","""","""","""","""","""","""","""","""","""","""",2021-06-16 16:45:48,,"Mozilla/5.0 (Windows NT 10.0; Win64; x64) AppleWebKit/537.36 (KHTML, like Gecko) Chrome/91.0.4472.106 Safari/537.36",WebKit,Chrome,91.0.4472.106,Windows,10.0
150,248,1,"""","""","""","""","""",two-gamble-sequence,150,970101,0.0-12.0-1.0-2.60,main,29KKCMFL,1920,1080,exp_98,0.262294910469391,4.9,612.8000000715256,"""","""","""","""","""","""","[{""x"":1460,""y"":568,""t"":-17},{""x"":1517,""y"":577,""t"":0},{""x"":1430,""y"":586,""t"":92},{""x"":1355,""y"":589,""t"":113},{""x"":1256,""y"":588,""t"":173},{""x"":1170,""y"":586,""t"":242},{""x"":1094,""y"":572,""t"":322},{""x"":1033,""y"":560,""t"":341},{""x"":1094,""y"":530,""t"":422},{""x"":1135,""y"":518,""t"":444},{""x"":1176,""y"":509,""t"":523},{""x"":1212,""y"":501,""t"":545},{""x"":1227,""y"":472,""t"":629},{""x"":1240,""y"":448,""t"":647},{""x"":1266,""y"":485,""t"":726},{""x"":1280,""y"":512,""t"":776},{""x"":1291,""y"":535,""t"":791},{""x"":1340,""y"":569,""t"":869},{""x"":1381,""y"":597,""t"":885},{""x"":1415,""y"":617,""t"":965},{""x"":1427,""y"":639,""t"":1017},{""x"":1468,""y"":658,""t"":1036},{""x"":1478,""y"":633,""t"":1085},{""x"":1408,""y"":564,""t"":1133},{""x"":1459,""y"":548,""t"":1215},{""x"":1441,""y"":516,""t"":1230},{""x"":1382,""y"":533,""t"":1309},{""x"":1454,""y"":479,""t"":1326},{""x"":1478,""y"":418,""t"":1405},{""x"":1399,""y"":378,""t"":1453},{""x"":1333,""y"":379,""t"":1470},{""x"":1097,""y"":349,""t"":1547},{""x"":956,""y"":341,""t"":1565},{""x"":719,""y"":334,""t"":1650},{""x"":525,""y"":330,""t"":1666},{""x"":448,""y"":298,""t"":1747},{""x"":371,""y"":264,""t"":1797},{""x"":316,""y"":236,""t"":1812},{""x"":282,""y"":229,""t"":1891},{""x"":262,""y"":224,""t"":1907},{""x"":316,""y"":207,""t"":1987},{""x"":369,""y"":195,""t"":2006},{""x"":416,""y"":223,""t"":2087},{""x"":485,""y"":233,""t"":2139},{""x"":546,""y"":242,""t"":2154},{""x"":567,""y"":255,""t"":2231},{""x"":585,""y"":266,""t"":2248},{""x"":576,""y"":267,""t"":2326},{""x"":568,""y"":267,""t"":2346},{""x"":548,""y"":285,""t"":2425},{""x"":557,""y"":313,""t"":2480},{""x"":590,""y"":333,""t"":2495},{""x"":647,""y"":358,""t"":2573},{""x"":695,""y"":380,""t"":2589},{""x"":715,""y"":397,""t"":2670},{""x"":730,""y"":410,""t"":2686},{""x"":746,""y"":438,""t"":2763},{""x"":755,""y"":426,""t"":2816},{""x"":771,""y"":403,""t"":2832},{""x"":997,""y"":416,""t"":2909},{""x"":1188,""y"":427,""t"":2924},{""x"":1390,""y"":474,""t"":3005},{""x"":1606,""y"":571,""t"":3026},{""x"":1846,""y"":627,""t"":3108},{""x"":1913,""y"":622,""t"":3159},{""x"":1925,""y"":547,""t"":3173},{""x"":1931,""y"":482,""t"":3250},{""x"":1988,""y"":486,""t"":3266},{""x"":2013,""y"":575,""t"":3352},{""x"":1961,""y"":604,""t"":3367},{""x"":1898,""y"":622,""t"":3446},{""x"":1838,""y"":635,""t"":3469},{""x"":1792,""y"":642,""t"":3547},{""x"":1751,""y"":645,""t"":3605},{""x"":1721,""y"":644,""t"":3658},{""x"":1696,""y"":641,""t"":3673},{""x"":1687,""y"":649,""t"":3754},{""x"":1671,""y"":619,""t"":3775},{""x"":1673,""y"":602,""t"":3855},{""x"":1615,""y"":595,""t"":3909},{""x"":1567,""y"":589,""t"":3924},{""x"":1478,""y"":493,""t"":4009},{""x"":1297,""y"":387,""t"":4024},{""x"":1178,""y"":362,""t"":4107},{""x"":1083,""y"":344,""t"":4123},{""x"":971,""y"":331,""t"":4209},{""x"":883,""y"":324,""t"":4225},{""x"":825,""y"":316,""t"":4305},{""x"":785,""y"":312,""t"":4321},{""x"":728,""y"":294,""t"":4400},{""x"":769,""y"":360,""t"":4421},{""x"":737,""y"":327,""t"":4502},{""x"":674,""y"":334,""t"":4551},{""x"":668,""y"":311,""t"":4566},{""x"":633,""y"":293,""t"":4649},{""x"":609,""y"":279,""t"":4664},{""x"":596,""y"":274,""t"":4744},{""x"":620,""y"":286,""t"":4761},{""x"":813,""y"":383,""t"":4840},{""x"":972,""y"":407,""t"":4894},{""x"":1106,""y"":428,""t"":4910},{""x"":1171,""y"":422,""t"":4988},{""x"":1222,""y"":417,""t"":5004},{""x"":1300,""y"":425,""t"":5083},{""x"":1361,""y"":431,""t"":5101},{""x"":1317,""y"":405,""t"":5181},{""x"":1275,""y"":383,""t"":5203},{""x"":1217,""y"":373,""t"":5286},{""x"":1164,""y"":364,""t"":5305},{""x"":1156,""y"":358,""t"":5384},{""x"":1133,""y"":367,""t"":5438},{""x"":1124,""y"":379,""t"":5453},{""x"":1166,""y"":461,""t"":5530},{""x"":1202,""y"":531,""t"":5545},{""x"":1239,""y"":598,""t"":5626},{""x"":1182,""y"":602,""t"":5644},{""x"":1250,""y"":595,""t"":5728},{""x"":1290,""y"":527,""t"":5746},{""x"":1409,""y"":574,""t"":5827},{""x"":1439,""y"":574,""t"":5879},{""x"":1461,""y"":536,""t"":5895},{""x"":1495,""y"":520,""t"":5976},{""x"":1505,""y"":475,""t"":5992},{""x"":1501,""y"":466,""t"":6073},{""x"":1493,""y"":491,""t"":6088},{""x"":1576,""y"":537,""t"":6166},{""x"":1628,""y"":550,""t"":6218},{""x"":1668,""y"":561,""t"":6234}]",{},j,0.17,0.3,0.3,0.2,0.3,0.17,0.2,0.3,experimental,exp_30,"{""durations"":[1000,1500,1000,1500],""alternatives"":[0,1,0,1],""attributes"":[""all"",""all"",""all"",""all""]}",0,0.3,0.2,1920,1080,"""","""","""","""","""","""",2021-06-16 16:45:48,,"Mozilla/5.0 (Windows NT 10.0; Win64; x64) AppleWebKit/537.36 (KHTML, like Gecko) Chrome/91.0.4472.106 Safari/537.36",WebKit,Chrome,91.0.4472.106,Windows,10.0
151,248,1,"""","""","""","""","""",html-keyboard-response,151,970694,0.0-12.0-1.0-1.61,main,29KKCMFL,1920,1080,exp_98,0.262294910469391,4.9,,"<p style=""font-size:40px;"">+</p>",,"""","""","""","""","[{""x"":1695,""y"":619,""t"":-64},{""x"":1649,""y"":566,""t"":0},{""x"":1593,""y"":616,""t"":123},{""x"":1561,""y"":609,""t"":138},{""x"":1406,""y"":547,""t"":223},{""x"":1295,""y"":487,""t"":240},{""x"":1308,""y"":523,""t"":322},{""x"":1323,""y"":554,""t"":341},{""x"":1309,""y"":544,""t"":424},{""x"":1298,""y"":535,""t"":443}]",{},"""","""","""","""","""","""","""","""","""","""","""","""","""","""","""","""","""","""","""","""","""","""","""",2021-06-16 16:45:48,,"Mozilla/5.0 (Windows NT 10.0; Win64; x64) AppleWebKit/537.36 (KHTML, like Gecko) Chrome/91.0.4472.106 Safari/537.36",WebKit,Chrome,91.0.4472.106,Windows,10.0
152,248,1,"""","""","""","""","""",two-gamble-sequence,152,976917,0.0-12.0-1.0-2.61,main,29KKCMFL,1920,1080,exp_98,0.262294910469391,4.9,493.2000000476837,"""","""","""","""","""","""","[{""x"":1289,""y"":553,""t"":-18},{""x"":1282,""y"":569,""t"":0},{""x"":1266,""y"":589,""t"":106},{""x"":1240,""y"":595,""t"":137},{""x"":1159,""y"":564,""t"":219},{""x"":1105,""y"":544,""t"":283},{""x"":1082,""y"":528,""t"":354},{""x"":1095,""y"":605,""t"":406},{""x"":1110,""y"":671,""t"":454},{""x"":1059,""y"":654,""t"":533},{""x"":927,""y"":538,""t"":550},{""x"":867,""y"":521,""t"":629},{""x"":820,""y"":508,""t"":647},{""x"":778,""y"":509,""t"":728},{""x"":747,""y"":510,""t"":749},{""x"":717,""y"":443,""t"":832},{""x"":695,""y"":387,""t"":851},{""x"":644,""y"":376,""t"":932},{""x"":876,""y"":424,""t"":984},{""x"":1077,""y"":467,""t"":1000},{""x"":1226,""y"":502,""t"":1079},{""x"":1350,""y"":532,""t"":1094},{""x"":1416,""y"":577,""t"":1177},{""x"":1466,""y"":614,""t"":1193},{""x"":1412,""y"":614,""t"":1272},{""x"":1260,""y"":600,""t"":1328},{""x"":1117,""y"":596,""t"":1385},{""x"":995,""y"":592,""t"":1400},{""x"":1093,""y"":607,""t"":1484},{""x"":1179,""y"":620,""t"":1501},{""x"":1229,""y"":643,""t"":1584},{""x"":1270,""y"":662,""t"":1599},{""x"":1329,""y"":659,""t"":1685},{""x"":1377,""y"":655,""t"":1701},{""x"":1384,""y"":640,""t"":1782},{""x"":1369,""y"":576,""t"":1837},{""x"":1310,""y"":523,""t"":1896},{""x"":1268,""y"":433,""t"":1910},{""x"":1144,""y"":314,""t"":1992},{""x"":1039,""y"":215,""t"":2009},{""x"":852,""y"":184,""t"":2090},{""x"":697,""y"":164,""t"":2110},{""x"":598,""y"":165,""t"":2194},{""x"":521,""y"":170,""t"":2211},{""x"":503,""y"":198,""t"":2289},{""x"":749,""y"":250,""t"":2344},{""x"":983,""y"":347,""t"":2358},{""x"":1168,""y"":354,""t"":2439},{""x"":1336,""y"":395,""t"":2454},{""x"":1446,""y"":454,""t"":2541},{""x"":1549,""y"":461,""t"":2557},{""x"":1554,""y"":455,""t"":2637},{""x"":1566,""y"":420,""t"":2653},{""x"":1549,""y"":409,""t"":2735},{""x"":1574,""y"":407,""t"":2754},{""x"":1525,""y"":358,""t"":2834},{""x"":1584,""y"":370,""t"":2887},{""x"":1630,""y"":382,""t"":2902},{""x"":1606,""y"":413,""t"":2983},{""x"":1581,""y"":440,""t"":2998},{""x"":1561,""y"":491,""t"":3079},{""x"":1543,""y"":533,""t"":3094},{""x"":1501,""y"":573,""t"":3177},{""x"":1465,""y"":604,""t"":3197},{""x"":1436,""y"":628,""t"":3276},{""x"":1417,""y"":627,""t"":3333},{""x"":1429,""y"":629,""t"":3387},{""x"":1439,""y"":628,""t"":3405},{""x"":1450,""y"":513,""t"":3489},{""x"":1334,""y"":417,""t"":3504},{""x"":1391,""y"":374,""t"":3588},{""x"":1364,""y"":305,""t"":3604},{""x"":1303,""y"":270,""t"":3687},{""x"":1252,""y"":243,""t"":3706},{""x"":1079,""y"":204,""t"":3787},{""x"":934,""y"":173,""t"":3809},{""x"":758,""y"":136,""t"":3891},{""x"":634,""y"":101,""t"":3911},{""x"":635,""y"":152,""t"":3990},{""x"":625,""y"":134,""t"":4013},{""x"":652,""y"":157,""t"":4097},{""x"":695,""y"":216,""t"":4116},{""x"":690,""y"":248,""t"":4198},{""x"":700,""y"":226,""t"":4217},{""x"":667,""y"":259,""t"":4300},{""x"":669,""y"":309,""t"":4319},{""x"":555,""y"":257,""t"":4404},{""x"":461,""y"":212,""t"":4422},{""x"":450,""y"":192,""t"":4502},{""x"":439,""y"":166,""t"":4523},{""x"":413,""y"":173,""t"":4602},{""x"":427,""y"":180,""t"":4625},{""x"":394,""y"":199,""t"":4711},{""x"":413,""y"":198,""t"":4727},{""x"":469,""y"":181,""t"":4807},{""x"":425,""y"":201,""t"":4860},{""x"":389,""y"":219,""t"":4875},{""x"":529,""y"":263,""t"":4955},{""x"":682,""y"":289,""t"":4972},{""x"":816,""y"":341,""t"":5051},{""x"":927,""y"":384,""t"":5067},{""x"":959,""y"":407,""t"":5151},{""x"":979,""y"":424,""t"":5170},{""x"":1017,""y"":428,""t"":5252},{""x"":1044,""y"":430,""t"":5271},{""x"":1076,""y"":400,""t"":5351},{""x"":1071,""y"":374,""t"":5373},{""x"":1133,""y"":377,""t"":5456},{""x"":1153,""y"":376,""t"":5475},{""x"":1206,""y"":423,""t"":5555},{""x"":1247,""y"":463,""t"":5577},{""x"":1339,""y"":542,""t"":5659},{""x"":1413,""y"":609,""t"":5679},{""x"":1475,""y"":547,""t"":5760},{""x"":1543,""y"":492,""t"":5781},{""x"":1471,""y"":411,""t"":5863},{""x"":1358,""y"":417,""t"":5915},{""x"":1369,""y"":393,""t"":5929},{""x"":1340,""y"":432,""t"":6010},{""x"":1296,""y"":427,""t"":6025},{""x"":1249,""y"":420,""t"":6110},{""x"":1209,""y"":414,""t"":6124}]",{},f,0.7,0.18,0.29,0.5,0.7,0.29,0.18,0.5,experimental,exp_9,"{""durations"":[1500,1000,1500,1000],""alternatives"":[""all"",""all"",""all"",""all""],""attributes"":[""p"",""m"",""p"",""m""]}",0,0.7,0.18,1920,1080,"""","""","""","""","""","""",2021-06-16 16:45:48,,"Mozilla/5.0 (Windows NT 10.0; Win64; x64) AppleWebKit/537.36 (KHTML, like Gecko) Chrome/91.0.4472.106 Safari/537.36",WebKit,Chrome,91.0.4472.106,Windows,10.0
153,248,1,"""","""","""","""","""",html-keyboard-response,153,977429,0.0-12.0-1.0-1.62,main,29KKCMFL,1920,1080,exp_98,0.262294910469391,4.9,,"<p style=""font-size:40px;"">+</p>",,"""","""","""","""","[{""x"":1231,""y"":502,""t"":-18},{""x"":1252,""y"":577,""t"":0},{""x"":1238,""y"":620,""t"":94},{""x"":1227,""y"":655,""t"":110},{""x"":1230,""y"":691,""t"":196},{""x"":1234,""y"":718,""t"":212},{""x"":1223,""y"":724,""t"":296},{""x"":1214,""y"":726,""t"":310},{""x"":1176,""y"":687,""t"":391},{""x"":1145,""y"":650,""t"":409}]",{},"""","""","""","""","""","""","""","""","""","""","""","""","""","""","""","""","""","""","""","""","""","""","""",2021-06-16 16:45:48,,"Mozilla/5.0 (Windows NT 10.0; Win64; x64) AppleWebKit/537.36 (KHTML, like Gecko) Chrome/91.0.4472.106 Safari/537.36",WebKit,Chrome,91.0.4472.106,Windows,10.0
154,248,1,"""","""","""","""","""",two-gamble-sequence,154,983713,0.0-12.0-1.0-2.62,main,29KKCMFL,1920,1080,exp_98,0.262294910469391,4.9,610.8999999761581,"""","""","""","""","""","""","[{""x"":1147,""y"":517,""t"":-18},{""x"":1135,""y"":494,""t"":0},{""x"":1091,""y"":501,""t"":89},{""x"":1235,""y"":471,""t"":105},{""x"":1360,""y"":446,""t"":173},{""x"":1411,""y"":470,""t"":272},{""x"":1386,""y"":478,""t"":287},{""x"":1323,""y"":465,""t"":336},{""x"":1202,""y"":437,""t"":384},{""x"":1198,""y"":487,""t"":464},{""x"":1195,""y"":532,""t"":481},{""x"":999,""y"":449,""t"":562},{""x"":833,""y"":378,""t"":580},{""x"":706,""y"":349,""t"":661},{""x"":611,""y"":321,""t"":713},{""x"":538,""y"":299,""t"":728},{""x"":507,""y"":284,""t"":805},{""x"":487,""y"":274,""t"":821},{""x"":497,""y"":258,""t"":901},{""x"":465,""y"":226,""t"":920},{""x"":525,""y"":243,""t"":1004},{""x"":510,""y"":218,""t"":1021},{""x"":496,""y"":245,""t"":1102},{""x"":486,""y"":269,""t"":1123},{""x"":521,""y"":278,""t"":1204},{""x"":572,""y"":290,""t"":1254},{""x"":617,""y"":300,""t"":1271},{""x"":625,""y"":279,""t"":1348},{""x"":629,""y"":300,""t"":1364},{""x"":804,""y"":298,""t"":1445},{""x"":949,""y"":316,""t"":1463},{""x"":1108,""y"":365,""t"":1545},{""x"":1245,""y"":420,""t"":1565},{""x"":1319,""y"":383,""t"":1644},{""x"":1359,""y"":365,""t"":1697},{""x"":1462,""y"":366,""t"":1713},{""x"":1567,""y"":403,""t"":1797},{""x"":1570,""y"":413,""t"":1812},{""x"":1576,""y"":424,""t"":1894},{""x"":1574,""y"":432,""t"":1909},{""x"":1636,""y"":498,""t"":1992},{""x"":1617,""y"":524,""t"":2008},{""x"":1595,""y"":578,""t"":2090},{""x"":1553,""y"":632,""t"":2109},{""x"":1586,""y"":706,""t"":2187},{""x"":1612,""y"":765,""t"":2211},{""x"":1640,""y"":803,""t"":2291},{""x"":1687,""y"":846,""t"":2346},{""x"":1725,""y"":879,""t"":2361},{""x"":1735,""y"":914,""t"":2438},{""x"":1740,""y"":941,""t"":2453},{""x"":1725,""y"":857,""t"":2531},{""x"":1653,""y"":750,""t"":2550},{""x"":1611,""y"":651,""t"":2629},{""x"":1515,""y"":556,""t"":2683},{""x"":1435,""y"":477,""t"":2697},{""x"":1411,""y"":435,""t"":2778},{""x"":1395,""y"":404,""t"":2794},{""x"":1290,""y"":378,""t"":2872},{""x"":1227,""y"":347,""t"":2890},{""x"":1046,""y"":330,""t"":2972},{""x"":927,""y"":304,""t"":2992},{""x"":754,""y"":309,""t"":3074},{""x"":603,""y"":317,""t"":3125},{""x"":534,""y"":270,""t"":3140},{""x"":500,""y"":248,""t"":3221},{""x"":481,""y"":232,""t"":3237},{""x"":448,""y"":214,""t"":3316},{""x"":427,""y"":201,""t"":3334},{""x"":390,""y"":211,""t"":3414},{""x"":365,""y"":223,""t"":3434},{""x"":388,""y"":222,""t"":3519},{""x"":417,""y"":254,""t"":3537},{""x"":428,""y"":266,""t"":3621},{""x"":412,""y"":299,""t"":3639},{""x"":576,""y"":341,""t"":3719},{""x"":842,""y"":382,""t"":3741},{""x"":1003,""y"":393,""t"":3821},{""x"":1188,""y"":415,""t"":3874},{""x"":1369,""y"":475,""t"":3890},{""x"":1470,""y"":476,""t"":3972},{""x"":1570,""y"":504,""t"":3989},{""x"":1623,""y"":522,""t"":4072},{""x"":1690,""y"":584,""t"":4087},{""x"":1781,""y"":568,""t"":4168},{""x"":1784,""y"":530,""t"":4183},{""x"":1769,""y"":548,""t"":4266},{""x"":1715,""y"":554,""t"":4285},{""x"":1717,""y"":526,""t"":4373},{""x"":1726,""y"":546,""t"":4388},{""x"":1635,""y"":549,""t"":4469},{""x"":1610,""y"":556,""t"":4489},{""x"":1564,""y"":570,""t"":4569},{""x"":1495,""y"":560,""t"":4621},{""x"":1437,""y"":551,""t"":4638},{""x"":1433,""y"":585,""t"":4721},{""x"":1389,""y"":597,""t"":4735},{""x"":1259,""y"":552,""t"":4818},{""x"":1176,""y"":513,""t"":4833},{""x"":1097,""y"":495,""t"":4912},{""x"":1035,""y"":481,""t"":4931},{""x"":998,""y"":478,""t"":5012},{""x"":972,""y"":477,""t"":5033},{""x"":925,""y"":481,""t"":5115},{""x"":985,""y"":488,""t"":5169},{""x"":1038,""y"":496,""t"":5221},{""x"":1087,""y"":503,""t"":5237},{""x"":1126,""y"":545,""t"":5315},{""x"":1193,""y"":612,""t"":5372},{""x"":1201,""y"":616,""t"":5424},{""x"":1206,""y"":618,""t"":5442},{""x"":1102,""y"":549,""t"":5526},{""x"":1012,""y"":489,""t"":5544},{""x"":965,""y"":470,""t"":5624},{""x"":927,""y"":455,""t"":5645},{""x"":938,""y"":440,""t"":5725},{""x"":1014,""y"":494,""t"":5779},{""x"":1010,""y"":530,""t"":5794},{""x"":1084,""y"":476,""t"":5874},{""x"":1241,""y"":489,""t"":5890},{""x"":1335,""y"":471,""t"":5973},{""x"":1412,""y"":455,""t"":5988},{""x"":1454,""y"":502,""t"":6072},{""x"":1420,""y"":559,""t"":6086},{""x"":1433,""y"":571,""t"":6168},{""x"":1440,""y"":579,""t"":6189}]",{},j,0.17,0.8300000000000001,0.28,0.43,0.28,0.17,0.43,0.8300000000000001,experimental,exp_18,"{""durations"":[1000,1500,1000,1500],""alternatives"":[1,0,1,0],""attributes"":[""all"",""all"",""all"",""all""]}",0,0.28,0.43,1920,1080,"""","""","""","""","""","""",2021-06-16 16:45:48,,"Mozilla/5.0 (Windows NT 10.0; Win64; x64) AppleWebKit/537.36 (KHTML, like Gecko) Chrome/91.0.4472.106 Safari/537.36",WebKit,Chrome,91.0.4472.106,Windows,10.0
155,248,1,"""","""","""","""","""",html-keyboard-response,155,984337,0.0-12.0-1.0-1.63,main,29KKCMFL,1920,1080,exp_98,0.262294910469391,4.9,,"<p style=""font-size:40px;"">+</p>",,"""","""","""","""","[{""x"":1329,""y"":520,""t"":-66},{""x"":1246,""y"":507,""t"":0},{""x"":1223,""y"":524,""t"":108},{""x"":1184,""y"":523,""t"":165},{""x"":1151,""y"":522,""t"":180},{""x"":1189,""y"":548,""t"":262},{""x"":1223,""y"":569,""t"":278},{""x"":1204,""y"":567,""t"":360},{""x"":1188,""y"":565,""t"":379},{""x"":1129,""y"":562,""t"":461},{""x"":1081,""y"":559,""t"":476}]",{},"""","""","""","""","""","""","""","""","""","""","""","""","""","""","""","""","""","""","""","""","""","""","""",2021-06-16 16:45:48,,"Mozilla/5.0 (Windows NT 10.0; Win64; x64) AppleWebKit/537.36 (KHTML, like Gecko) Chrome/91.0.4472.106 Safari/537.36",WebKit,Chrome,91.0.4472.106,Windows,10.0
156,248,1,"""","""","""","""","""",two-gamble-sequence,156,990593,0.0-12.0-1.0-2.63,main,29KKCMFL,1920,1080,exp_98,0.262294910469391,4.9,542.6000000238419,"""","""","""","""","""","""","[{""x"":1121,""y"":528,""t"":-17},{""x"":1096,""y"":510,""t"":0},{""x"":1073,""y"":438,""t"":111},{""x"":1010,""y"":399,""t"":184},{""x"":983,""y"":385,""t"":205},{""x"":887,""y"":364,""t"":284},{""x"":891,""y"":376,""t"":307},{""x"":971,""y"":391,""t"":383},{""x"":1016,""y"":370,""t"":434},{""x"":1055,""y"":353,""t"":450},{""x"":1046,""y"":426,""t"":530},{""x"":1099,""y"":506,""t"":545},{""x"":932,""y"":510,""t"":625},{""x"":775,""y"":462,""t"":678},{""x"":644,""y"":419,""t"":694},{""x"":612,""y"":392,""t"":774},{""x"":591,""y"":370,""t"":789},{""x"":833,""y"":470,""t"":868},{""x"":1043,""y"":556,""t"":886},{""x"":1204,""y"":615,""t"":969},{""x"":1337,""y"":664,""t"":988},{""x"":1424,""y"":701,""t"":1075},{""x"":1557,""y"":758,""t"":1091},{""x"":1662,""y"":812,""t"":1171},{""x"":1708,""y"":863,""t"":1191},{""x"":1739,""y"":904,""t"":1272},{""x"":1762,""y"":926,""t"":1326},{""x"":1760,""y"":921,""t"":1383},{""x"":1751,""y"":913,""t"":1399},{""x"":1682,""y"":930,""t"":1480},{""x"":1619,""y"":941,""t"":1498},{""x"":1564,""y"":946,""t"":1578},{""x"":1496,""y"":791,""t"":1628},{""x"":1437,""y"":658,""t"":1644},{""x"":1463,""y"":539,""t"":1723},{""x"":1487,""y"":440,""t"":1738},{""x"":1510,""y"":358,""t"":1818},{""x"":1531,""y"":293,""t"":1837},{""x"":1462,""y"":214,""t"":1916},{""x"":1397,""y"":143,""t"":1939},{""x"":1137,""y"":135,""t"":2020},{""x"":894,""y"":114,""t"":2075},{""x"":712,""y"":100,""t"":2126},{""x"":567,""y"":93,""t"":2142},{""x"":465,""y"":121,""t"":2220},{""x"":389,""y"":150,""t"":2277},{""x"":366,""y"":178,""t"":2293},{""x"":340,""y"":154,""t"":2342},{""x"":334,""y"":172,""t"":2387},{""x"":553,""y"":246,""t"":2470},{""x"":694,""y"":312,""t"":2485},{""x"":823,""y"":325,""t"":2570},{""x"":933,""y"":333,""t"":2588},{""x"":1087,""y"":372,""t"":2667},{""x"":1192,""y"":362,""t"":2686},{""x"":1281,""y"":390,""t"":2767},{""x"":1350,""y"":413,""t"":2789},{""x"":1310,""y"":405,""t"":2871},{""x"":1328,""y"":432,""t"":2890},{""x"":1374,""y"":481,""t"":2973},{""x"":1407,""y"":522,""t"":2993},{""x"":1414,""y"":539,""t"":3079},{""x"":1416,""y"":550,""t"":3100},{""x"":1373,""y"":531,""t"":3184},{""x"":1333,""y"":513,""t"":3200},{""x"":1174,""y"":484,""t"":3279},{""x"":1037,""y"":458,""t"":3298},{""x"":897,""y"":432,""t"":3380},{""x"":812,""y"":429,""t"":3400},{""x"":748,""y"":425,""t"":3482},{""x"":880,""y"":517,""t"":3536},{""x"":906,""y"":514,""t"":3552},{""x"":1066,""y"":584,""t"":3636},{""x"":1203,""y"":643,""t"":3651},{""x"":1350,""y"":686,""t"":3733},{""x"":1471,""y"":721,""t"":3748},{""x"":1383,""y"":667,""t"":3832},{""x"":1411,""y"":651,""t"":3848},{""x"":1358,""y"":611,""t"":3933},{""x"":1352,""y"":601,""t"":3948},{""x"":1285,""y"":554,""t"":4032},{""x"":1190,""y"":507,""t"":4048},{""x"":1151,""y"":522,""t"":4133},{""x"":1036,""y"":484,""t"":4149},{""x"":1090,""y"":489,""t"":4232},{""x"":1123,""y"":475,""t"":4252},{""x"":1157,""y"":477,""t"":4339},{""x"":1188,""y"":479,""t"":4354},{""x"":1375,""y"":422,""t"":4437},{""x"":1421,""y"":391,""t"":4455},{""x"":1420,""y"":336,""t"":4536},{""x"":1415,""y"":290,""t"":4558},{""x"":1395,""y"":319,""t"":4641},{""x"":1363,""y"":343,""t"":4659},{""x"":1272,""y"":350,""t"":4744},{""x"":1254,""y"":357,""t"":4761},{""x"":1282,""y"":406,""t"":4846},{""x"":1231,""y"":378,""t"":4864},{""x"":1249,""y"":439,""t"":4946},{""x"":1254,""y"":488,""t"":4965},{""x"":1260,""y"":504,""t"":5050},{""x"":1264,""y"":516,""t"":5066},{""x"":1266,""y"":529,""t"":5150},{""x"":1268,""y"":538,""t"":5170},{""x"":1088,""y"":475,""t"":5255},{""x"":936,""y"":421,""t"":5270},{""x"":773,""y"":351,""t"":5349},{""x"":646,""y"":285,""t"":5406},{""x"":603,""y"":267,""t"":5423},{""x"":687,""y"":316,""t"":5470},{""x"":767,""y"":361,""t"":5519},{""x"":780,""y"":364,""t"":5596},{""x"":794,""y"":367,""t"":5612},{""x"":880,""y"":412,""t"":5693},{""x"":944,""y"":472,""t"":5713},{""x"":1043,""y"":502,""t"":5794},{""x"":1127,""y"":526,""t"":5815},{""x"":1181,""y"":551,""t"":5897},{""x"":1209,""y"":579,""t"":5949},{""x"":1229,""y"":600,""t"":5964},{""x"":1262,""y"":591,""t"":6048},{""x"":1215,""y"":557,""t"":6063},{""x"":1245,""y"":556,""t"":6142},{""x"":1236,""y"":556,""t"":6157}]",{},j,0.19,0.58,0.38,0.6799999999999999,0.19,0.38,0.58,0.6799999999999999,experimental,catch_3,"{""durations"":[1250,1250,1250,1250],""attributes"":[""p"",""m"",""p"",""m""],""alternatives"":[""all"",""all"",""all"",""all""]}",1,0.38,0.6799999999999999,1920,1080,"""","""","""","""","""","""",2021-06-16 16:45:48,,"Mozilla/5.0 (Windows NT 10.0; Win64; x64) AppleWebKit/537.36 (KHTML, like Gecko) Chrome/91.0.4472.106 Safari/537.36",WebKit,Chrome,91.0.4472.106,Windows,10.0
157,248,1,"""","""","""","""","""",html-keyboard-response,157,991171,0.0-12.0-1.0-1.64,main,29KKCMFL,1920,1080,exp_98,0.262294910469391,4.9,,"<p style=""font-size:40px;"">+</p>",,"""","""","""","""","[{""x"":1304,""y"":514,""t"":-15},{""x"":1378,""y"":504,""t"":0},{""x"":1405,""y"":462,""t"":106},{""x"":1358,""y"":482,""t"":164},{""x"":1345,""y"":506,""t"":179},{""x"":1287,""y"":484,""t"":260},{""x"":1236,""y"":466,""t"":276},{""x"":1217,""y"":490,""t"":358},{""x"":1201,""y"":511,""t"":375},{""x"":1191,""y"":488,""t"":459},{""x"":1118,""y"":455,""t"":477}]",{},"""","""","""","""","""","""","""","""","""","""","""","""","""","""","""","""","""","""","""","""","""","""","""",2021-06-16 16:45:48,,"Mozilla/5.0 (Windows NT 10.0; Win64; x64) AppleWebKit/537.36 (KHTML, like Gecko) Chrome/91.0.4472.106 Safari/537.36",WebKit,Chrome,91.0.4472.106,Windows,10.0
158,248,1,"""","""","""","""","""",two-gamble-sequence,158,997389,0.0-12.0-1.0-2.64,main,29KKCMFL,1920,1080,exp_98,0.262294910469391,4.9,518.7000000476837,"""","""","""","""","""","""","[{""x"":1144,""y"":513,""t"":-17},{""x"":1168,""y"":564,""t"":0},{""x"":1210,""y"":528,""t"":98},{""x"":1211,""y"":610,""t"":123},{""x"":1104,""y"":558,""t"":182},{""x"":1063,""y"":532,""t"":250},{""x"":1091,""y"":549,""t"":332},{""x"":1095,""y"":597,""t"":348},{""x"":1060,""y"":566,""t"":430},{""x"":1031,""y"":539,""t"":445},{""x"":1052,""y"":576,""t"":524},{""x"":1042,""y"":588,""t"":544},{""x"":1116,""y"":682,""t"":624},{""x"":1163,""y"":714,""t"":674},{""x"":1203,""y"":740,""t"":690},{""x"":1276,""y"":783,""t"":768},{""x"":1336,""y"":817,""t"":783},{""x"":1413,""y"":797,""t"":859},{""x"":1326,""y"":749,""t"":911},{""x"":1248,""y"":706,""t"":927},{""x"":1083,""y"":641,""t"":1008},{""x"":942,""y"":586,""t"":1023},{""x"":834,""y"":573,""t"":1103},{""x"":746,""y"":564,""t"":1123},{""x"":706,""y"":534,""t"":1201},{""x"":651,""y"":489,""t"":1253},{""x"":610,""y"":453,""t"":1268},{""x"":497,""y"":470,""t"":1346},{""x"":468,""y"":428,""t"":1363},{""x"":381,""y"":394,""t"":1440},{""x"":314,""y"":368,""t"":1463},{""x"":449,""y"":398,""t"":1542},{""x"":682,""y"":453,""t"":1594},{""x"":879,""y"":498,""t"":1608},{""x"":1006,""y"":521,""t"":1684},{""x"":1138,""y"":548,""t"":1702},{""x"":1255,""y"":592,""t"":1780},{""x"":1377,""y"":636,""t"":1833},{""x"":1473,""y"":672,""t"":1847},{""x"":1511,""y"":639,""t"":1925},{""x"":1534,""y"":608,""t"":1940},{""x"":1486,""y"":538,""t"":2021},{""x"":1437,""y"":477,""t"":2042},{""x"":1427,""y"":450,""t"":2120},{""x"":1385,""y"":412,""t"":2144},{""x"":1391,""y"":393,""t"":2225},{""x"":1299,""y"":341,""t"":2245},{""x"":1087,""y"":348,""t"":2328},{""x"":906,""y"":356,""t"":2348},{""x"":778,""y"":331,""t"":2427},{""x"":651,""y"":321,""t"":2479},{""x"":531,""y"":302,""t"":2494},{""x"":448,""y"":346,""t"":2572},{""x"":386,""y"":386,""t"":2588},{""x"":338,""y"":362,""t"":2668},{""x"":419,""y"":398,""t"":2719},{""x"":533,""y"":418,""t"":2735},{""x"":699,""y"":460,""t"":2782},{""x"":762,""y"":485,""t"":2830},{""x"":930,""y"":575,""t"":2909},{""x"":1072,""y"":650,""t"":2925},{""x"":1231,""y"":729,""t"":3005},{""x"":1361,""y"":793,""t"":3027},{""x"":1485,""y"":828,""t"":3105},{""x"":1582,""y"":854,""t"":3129},{""x"":1423,""y"":798,""t"":3211},{""x"":1218,""y"":731,""t"":3231},{""x"":1086,""y"":679,""t"":3309},{""x"":902,""y"":609,""t"":3360},{""x"":746,""y"":549,""t"":3376},{""x"":798,""y"":508,""t"":3456},{""x"":916,""y"":489,""t"":3470},{""x"":966,""y"":497,""t"":3548},{""x"":967,""y"":475,""t"":3599},{""x"":968,""y"":459,""t"":3614},{""x"":959,""y"":436,""t"":3692},{""x"":996,""y"":420,""t"":3708},{""x"":940,""y"":395,""t"":3787},{""x"":867,""y"":414,""t"":3839},{""x"":806,""y"":432,""t"":3855},{""x"":641,""y"":389,""t"":3934},{""x"":504,""y"":353,""t"":3950},{""x"":483,""y"":352,""t"":4029},{""x"":422,""y"":329,""t"":4047},{""x"":362,""y"":317,""t"":4127},{""x"":368,""y"":297,""t"":4148},{""x"":378,""y"":289,""t"":4232},{""x"":392,""y"":284,""t"":4251},{""x"":436,""y"":225,""t"":4331},{""x"":503,""y"":181,""t"":4382},{""x"":563,""y"":145,""t"":4397},{""x"":540,""y"":150,""t"":4479},{""x"":509,""y"":154,""t"":4495},{""x"":454,""y"":176,""t"":4573},{""x"":408,""y"":197,""t"":4591},{""x"":362,""y"":195,""t"":4670},{""x"":324,""y"":195,""t"":4694},{""x"":564,""y"":269,""t"":4775},{""x"":821,""y"":362,""t"":4828},{""x"":1108,""y"":466,""t"":4843},{""x"":1322,""y"":531,""t"":4921},{""x"":1495,""y"":582,""t"":4938},{""x"":1600,""y"":629,""t"":5019},{""x"":1654,""y"":625,""t"":5033},{""x"":1740,""y"":687,""t"":5115},{""x"":1798,""y"":730,""t"":5166},{""x"":1732,""y"":730,""t"":5182},{""x"":1590,""y"":677,""t"":5233},{""x"":1387,""y"":554,""t"":5279},{""x"":1185,""y"":478,""t"":5359},{""x"":1168,""y"":436,""t"":5375},{""x"":998,""y"":401,""t"":5455},{""x"":989,""y"":419,""t"":5505},{""x"":909,""y"":393,""t"":5522},{""x"":888,""y"":389,""t"":5600},{""x"":876,""y"":387,""t"":5615},{""x"":780,""y"":404,""t"":5700},{""x"":703,""y"":421,""t"":5715},{""x"":845,""y"":444,""t"":5793},{""x"":1022,""y"":488,""t"":5816},{""x"":1140,""y"":526,""t"":5896},{""x"":1239,""y"":557,""t"":5916},{""x"":1205,""y"":533,""t"":5999},{""x"":1292,""y"":542,""t"":6018},{""x"":1315,""y"":551,""t"":6096},{""x"":1338,""y"":558,""t"":6121}]",{},f,0.5,0.3,0.38,0.4,0.5,0.38,0.3,0.4,experimental,exp_89,"{""durations"":[1500,1000,1500,1000],""alternatives"":[""all"",""all"",""all"",""all""],""attributes"":[""p"",""m"",""p"",""m""]}",0,0.5,0.3,1920,1080,"""","""","""","""","""","""",2021-06-16 16:45:48,,"Mozilla/5.0 (Windows NT 10.0; Win64; x64) AppleWebKit/537.36 (KHTML, like Gecko) Chrome/91.0.4472.106 Safari/537.36",WebKit,Chrome,91.0.4472.106,Windows,10.0
159,248,1,"""","""","""","""","""",html-keyboard-response,159,997995,0.0-12.0-1.0-1.65,main,29KKCMFL,1920,1080,exp_98,0.262294910469391,4.9,,"<p style=""font-size:40px;"">+</p>",,"""","""","""","""","[{""x"":1388,""y"":554,""t"":-65},{""x"":1416,""y"":569,""t"":0},{""x"":1408,""y"":559,""t"":101},{""x"":1397,""y"":550,""t"":116},{""x"":1407,""y"":515,""t"":196},{""x"":1413,""y"":486,""t"":213},{""x"":1449,""y"":499,""t"":293},{""x"":1478,""y"":511,""t"":307},{""x"":1431,""y"":477,""t"":389},{""x"":1401,""y"":472,""t"":441},{""x"":1371,""y"":484,""t"":457}]",{},"""","""","""","""","""","""","""","""","""","""","""","""","""","""","""","""","""","""","""","""","""","""","""",2021-06-16 16:45:48,,"Mozilla/5.0 (Windows NT 10.0; Win64; x64) AppleWebKit/537.36 (KHTML, like Gecko) Chrome/91.0.4472.106 Safari/537.36",WebKit,Chrome,91.0.4472.106,Windows,10.0
160,248,1,"""","""","""","""","""",two-gamble-sequence,160,1004577,0.0-12.0-1.0-2.65,main,29KKCMFL,1920,1080,exp_98,0.262294910469391,4.9,939.5,"""","""","""","""","""","""","[{""x"":1278,""y"":462,""t"":-49},{""x"":1225,""y"":451,""t"":0},{""x"":1140,""y"":460,""t"":105},{""x"":1022,""y"":459,""t"":182},{""x"":997,""y"":465,""t"":205},{""x"":971,""y"":453,""t"":285},{""x"":932,""y"":428,""t"":337},{""x"":903,""y"":407,""t"":353},{""x"":923,""y"":435,""t"":437},{""x"":944,""y"":460,""t"":454},{""x"":1002,""y"":521,""t"":533},{""x"":968,""y"":573,""t"":548},{""x"":1037,""y"":649,""t"":629},{""x"":1097,""y"":711,""t"":646},{""x"":1160,""y"":744,""t"":727},{""x"":1213,""y"":769,""t"":748},{""x"":1307,""y"":811,""t"":826},{""x"":1369,""y"":821,""t"":884},{""x"":1397,""y"":796,""t"":899},{""x"":1427,""y"":758,""t"":948},{""x"":1449,""y"":723,""t"":997},{""x"":1408,""y"":674,""t"":1080},{""x"":1370,""y"":633,""t"":1095},{""x"":1355,""y"":608,""t"":1172},{""x"":1389,""y"":599,""t"":1191},{""x"":1319,""y"":532,""t"":1267},{""x"":1144,""y"":489,""t"":1318},{""x"":1031,""y"":451,""t"":1334},{""x"":790,""y"":328,""t"":1415},{""x"":623,""y"":209,""t"":1432},{""x"":501,""y"":125,""t"":1513},{""x"":407,""y"":60,""t"":1531},{""x"":342,""y"":53,""t"":1607},{""x"":615,""y"":155,""t"":1660},{""x"":857,""y"":248,""t"":1676},{""x"":1046,""y"":310,""t"":1757},{""x"":1244,""y"":310,""t"":1772},{""x"":1360,""y"":343,""t"":1851},{""x"":1393,""y"":325,""t"":1872},{""x"":1489,""y"":380,""t"":1951},{""x"":1524,""y"":389,""t"":2004},{""x"":1547,""y"":395,""t"":2019},{""x"":1612,""y"":391,""t"":2098},{""x"":1659,""y"":444,""t"":2113},{""x"":1721,""y"":486,""t"":2194},{""x"":1767,""y"":520,""t"":2210},{""x"":1766,""y"":513,""t"":2291},{""x"":1791,""y"":552,""t"":2342},{""x"":1807,""y"":583,""t"":2356},{""x"":1763,""y"":535,""t"":2437},{""x"":1724,""y"":483,""t"":2453},{""x"":1681,""y"":494,""t"":2532},{""x"":1716,""y"":555,""t"":2551},{""x"":1751,""y"":598,""t"":2632},{""x"":1769,""y"":632,""t"":2683},{""x"":1732,""y"":616,""t"":2698},{""x"":1689,""y"":645,""t"":2787},{""x"":1634,""y"":648,""t"":2801},{""x"":1629,""y"":680,""t"":2881},{""x"":1566,""y"":675,""t"":2896},{""x"":1521,""y"":701,""t"":2977},{""x"":1501,""y"":761,""t"":2994},{""x"":1260,""y"":723,""t"":3073},{""x"":1057,""y"":688,""t"":3095},{""x"":975,""y"":669,""t"":3174},{""x"":914,""y"":652,""t"":3197},{""x"":788,""y"":582,""t"":3275},{""x"":659,""y"":518,""t"":3329},{""x"":589,""y"":496,""t"":3345},{""x"":548,""y"":453,""t"":3429},{""x"":561,""y"":447,""t"":3444},{""x"":624,""y"":460,""t"":3523},{""x"":685,""y"":473,""t"":3539},{""x"":731,""y"":446,""t"":3620},{""x"":775,""y"":424,""t"":3639},{""x"":855,""y"":382,""t"":3719},{""x"":796,""y"":359,""t"":3773},{""x"":745,""y"":342,""t"":3788},{""x"":673,""y"":282,""t"":3869},{""x"":622,""y"":269,""t"":3883},{""x"":569,""y"":236,""t"":3966},{""x"":527,""y"":210,""t"":3982},{""x"":488,""y"":181,""t"":4061},{""x"":459,""y"":161,""t"":4080},{""x"":464,""y"":146,""t"":4164},{""x"":485,""y"":139,""t"":4182},{""x"":476,""y"":132,""t"":4259},{""x"":716,""y"":118,""t"":4315},{""x"":922,""y"":109,""t"":4330},{""x"":1074,""y"":166,""t"":4413},{""x"":1284,""y"":299,""t"":4427},{""x"":1487,""y"":377,""t"":4507},{""x"":1650,""y"":441,""t"":4523},{""x"":1725,""y"":450,""t"":4600},{""x"":1773,""y"":465,""t"":4656},{""x"":1802,""y"":475,""t"":4672},{""x"":1829,""y"":491,""t"":4753},{""x"":1842,""y"":501,""t"":4769},{""x"":1813,""y"":515,""t"":4852},{""x"":1781,""y"":524,""t"":4866},{""x"":1732,""y"":523,""t"":4946},{""x"":1698,""y"":522,""t"":4996},{""x"":1648,""y"":494,""t"":5011},{""x"":1608,""y"":482,""t"":5090},{""x"":1560,""y"":459,""t"":5106},{""x"":1418,""y"":484,""t"":5187},{""x"":1235,""y"":430,""t"":5203},{""x"":1088,""y"":418,""t"":5286},{""x"":968,""y"":409,""t"":5305},{""x"":868,""y"":389,""t"":5389},{""x"":790,""y"":373,""t"":5407},{""x"":830,""y"":436,""t"":5487},{""x"":907,""y"":491,""t"":5541},{""x"":841,""y"":469,""t"":5556},{""x"":976,""y"":522,""t"":5635},{""x"":1128,""y"":589,""t"":5651},{""x"":1190,""y"":607,""t"":5730},{""x"":1266,""y"":637,""t"":5747},{""x"":1301,""y"":633,""t"":5831},{""x"":1352,""y"":621,""t"":5848},{""x"":1399,""y"":624,""t"":5927},{""x"":1472,""y"":656,""t"":5978},{""x"":1530,""y"":683,""t"":5996},{""x"":1569,""y"":697,""t"":6078},{""x"":1596,""y"":708,""t"":6095},{""x"":1588,""y"":694,""t"":6175},{""x"":1577,""y"":681,""t"":6190},{""x"":1484,""y"":681,""t"":6272},{""x"":1340,""y"":641,""t"":6290},{""x"":1302,""y"":610,""t"":6370},{""x"":1227,""y"":588,""t"":6422},{""x"":1204,""y"":568,""t"":6437},{""x"":1213,""y"":578,""t"":6518}]",{},f,0.81,0.16999999999999998,0.48,0.79,0.81,0.48,0.16999999999999998,0.79,experimental,exp_47,"{""durations"":[1000,1500,1000,1500],""alternatives"":[""all"",""all"",""all"",""all""],""attributes"":[""p"",""m"",""p"",""m""]}",0,0.81,0.16999999999999998,1920,1080,"""","""","""","""","""","""",2021-06-16 16:45:48,,"Mozilla/5.0 (Windows NT 10.0; Win64; x64) AppleWebKit/537.36 (KHTML, like Gecko) Chrome/91.0.4472.106 Safari/537.36",WebKit,Chrome,91.0.4472.106,Windows,10.0
161,248,1,"""","""","""","""","""",html-keyboard-response,161,1005087,0.0-12.0-1.0-1.66,main,29KKCMFL,1920,1080,exp_98,0.262294910469391,4.9,,"<p style=""font-size:40px;"">+</p>",,"""","""","""","""","[{""x"":1242,""y"":605,""t"":-49},{""x"":1236,""y"":621,""t"":0},{""x"":1272,""y"":559,""t"":95},{""x"":1304,""y"":506,""t"":110},{""x"":1348,""y"":524,""t"":190},{""x"":1385,""y"":540,""t"":205},{""x"":1446,""y"":586,""t"":289},{""x"":1478,""y"":617,""t"":308},{""x"":1460,""y"":615,""t"":389},{""x"":1438,""y"":586,""t"":409}]",{},"""","""","""","""","""","""","""","""","""","""","""","""","""","""","""","""","""","""","""","""","""","""","""",2021-06-16 16:45:48,,"Mozilla/5.0 (Windows NT 10.0; Win64; x64) AppleWebKit/537.36 (KHTML, like Gecko) Chrome/91.0.4472.106 Safari/537.36",WebKit,Chrome,91.0.4472.106,Windows,10.0
162,248,1,"""","""","""","""","""",two-gamble-sequence,162,1011614,0.0-12.0-1.0-2.66,main,29KKCMFL,1920,1080,exp_98,0.262294910469391,4.9,838.7000000476837,"""","""","""","""","""","""","[{""x"":1339,""y"":548,""t"":-17},{""x"":1309,""y"":529,""t"":0},{""x"":1237,""y"":540,""t"":103},{""x"":1190,""y"":520,""t"":149},{""x"":1134,""y"":514,""t"":227},{""x"":1082,""y"":486,""t"":244},{""x"":1085,""y"":484,""t"":328},{""x"":1091,""y"":485,""t"":344},{""x"":1074,""y"":485,""t"":423},{""x"":1062,""y"":487,""t"":444},{""x"":909,""y"":437,""t"":524},{""x"":809,""y"":405,""t"":574},{""x"":728,""y"":379,""t"":589},{""x"":705,""y"":353,""t"":666},{""x"":692,""y"":333,""t"":682},{""x"":689,""y"":346,""t"":761},{""x"":691,""y"":358,""t"":783},{""x"":662,""y"":361,""t"":864},{""x"":635,""y"":339,""t"":917},{""x"":616,""y"":321,""t"":932},{""x"":624,""y"":388,""t"":1010},{""x"":570,""y"":413,""t"":1028},{""x"":505,""y"":411,""t"":1106},{""x"":453,""y"":409,""t"":1122},{""x"":413,""y"":395,""t"":1200},{""x"":384,""y"":383,""t"":1224},{""x"":357,""y"":387,""t"":1309},{""x"":337,""y"":390,""t"":1327},{""x"":354,""y"":362,""t"":1405},{""x"":392,""y"":337,""t"":1457},{""x"":428,""y"":316,""t"":1474},{""x"":673,""y"":326,""t"":1551},{""x"":989,""y"":413,""t"":1566},{""x"":1166,""y"":480,""t"":1645},{""x"":1308,""y"":512,""t"":1666},{""x"":1474,""y"":567,""t"":1743},{""x"":1585,""y"":628,""t"":1794},{""x"":1691,""y"":676,""t"":1810},{""x"":1714,""y"":685,""t"":1889},{""x"":1726,""y"":674,""t"":1905},{""x"":1708,""y"":701,""t"":1982},{""x"":1676,""y"":724,""t"":2033},{""x"":1646,""y"":736,""t"":2048},{""x"":1586,""y"":756,""t"":2125},{""x"":1503,""y"":731,""t"":2143},{""x"":1471,""y"":725,""t"":2223},{""x"":1442,""y"":719,""t"":2244},{""x"":1453,""y"":720,""t"":2328},{""x"":1462,""y"":719,""t"":2346},{""x"":1471,""y"":702,""t"":2426},{""x"":1444,""y"":701,""t"":2478},{""x"":1420,""y"":700,""t"":2494},{""x"":1418,""y"":690,""t"":2571},{""x"":1417,""y"":681,""t"":2587},{""x"":1412,""y"":602,""t"":2670},{""x"":1445,""y"":558,""t"":2688},{""x"":1492,""y"":520,""t"":2766},{""x"":1573,""y"":530,""t"":2789},{""x"":1617,""y"":537,""t"":2871},{""x"":1640,""y"":539,""t"":2891},{""x"":1369,""y"":384,""t"":2975},{""x"":1089,""y"":251,""t"":2994},{""x"":826,""y"":210,""t"":3071},{""x"":666,""y"":172,""t"":3124},{""x"":539,""y"":144,""t"":3140},{""x"":441,""y"":173,""t"":3219},{""x"":369,""y"":203,""t"":3235},{""x"":322,""y"":236,""t"":3320},{""x"":294,""y"":266,""t"":3335},{""x"":270,""y"":269,""t"":3413},{""x"":254,""y"":267,""t"":3466},{""x"":249,""y"":266,""t"":3482},{""x"":279,""y"":281,""t"":3560},{""x"":311,""y"":294,""t"":3576},{""x"":323,""y"":300,""t"":3658},{""x"":338,""y"":306,""t"":3673},{""x"":352,""y"":315,""t"":3752},{""x"":380,""y"":325,""t"":3805},{""x"":405,""y"":333,""t"":3821},{""x"":405,""y"":304,""t"":3902},{""x"":390,""y"":310,""t"":3918},{""x"":614,""y"":370,""t"":3998},{""x"":804,""y"":420,""t"":4014},{""x"":989,""y"":494,""t"":4094},{""x"":1206,""y"":573,""t"":4148},{""x"":1350,""y"":613,""t"":4162},{""x"":1375,""y"":558,""t"":4240},{""x"":1545,""y"":602,""t"":4257},{""x"":1612,""y"":575,""t"":4340},{""x"":1656,""y"":549,""t"":4356},{""x"":1745,""y"":558,""t"":4442},{""x"":1850,""y"":527,""t"":4458},{""x"":1773,""y"":398,""t"":4536},{""x"":1810,""y"":409,""t"":4558},{""x"":1820,""y"":402,""t"":4637},{""x"":1762,""y"":421,""t"":4690},{""x"":1715,""y"":443,""t"":4707},{""x"":1619,""y"":471,""t"":4787},{""x"":1534,""y"":496,""t"":4801},{""x"":1520,""y"":552,""t"":4884},{""x"":1509,""y"":599,""t"":4899},{""x"":1498,""y"":640,""t"":4977},{""x"":1590,""y"":626,""t"":5030},{""x"":1522,""y"":593,""t"":5044},{""x"":1485,""y"":582,""t"":5126},{""x"":1463,""y"":545,""t"":5143},{""x"":1438,""y"":524,""t"":5225},{""x"":1392,""y"":532,""t"":5240},{""x"":1359,""y"":450,""t"":5323},{""x"":1342,""y"":381,""t"":5340},{""x"":1175,""y"":369,""t"":5420},{""x"":1106,""y"":270,""t"":5472},{""x"":1071,""y"":210,""t"":5487},{""x"":970,""y"":163,""t"":5567},{""x"":889,""y"":127,""t"":5583},{""x"":869,""y"":163,""t"":5663},{""x"":859,""y"":198,""t"":5680},{""x"":845,""y"":235,""t"":5758},{""x"":858,""y"":277,""t"":5811},{""x"":903,""y"":312,""t"":5826},{""x"":931,""y"":335,""t"":5910},{""x"":958,""y"":355,""t"":5927},{""x"":977,""y"":410,""t"":6014},{""x"":993,""y"":455,""t"":6030},{""x"":932,""y"":464,""t"":6114},{""x"":930,""y"":473,""t"":6129},{""x"":1029,""y"":523,""t"":6211},{""x"":1026,""y"":545,""t"":6226},{""x"":977,""y"":513,""t"":6311},{""x"":1019,""y"":528,""t"":6325},{""x"":1144,""y"":543,""t"":6407},{""x"":1203,""y"":517,""t"":6428}]",{},j,0.32,0.82,0.49,0.6900000000000001,0.49,0.32,0.6900000000000001,0.82,experimental,exp_50,"{""durations"":[1000,1500,1000,1500],""alternatives"":[1,0,1,0],""attributes"":[""all"",""all"",""all"",""all""]}",0,0.49,0.6900000000000001,1920,1080,"""","""","""","""","""","""",2021-06-16 16:45:48,,"Mozilla/5.0 (Windows NT 10.0; Win64; x64) AppleWebKit/537.36 (KHTML, like Gecko) Chrome/91.0.4472.106 Safari/537.36",WebKit,Chrome,91.0.4472.106,Windows,10.0
163,248,1,"""","""","""","""","""",html-keyboard-response,163,1012207,0.0-12.0-1.0-1.67,main,29KKCMFL,1920,1080,exp_98,0.262294910469391,4.9,,"<p style=""font-size:40px;"">+</p>",,"""","""","""","""","[{""x"":1333,""y"":512,""t"":-66},{""x"":1356,""y"":478,""t"":0},{""x"":1339,""y"":466,""t"":113},{""x"":1357,""y"":453,""t"":171},{""x"":1384,""y"":487,""t"":230},{""x"":1361,""y"":501,""t"":244},{""x"":1324,""y"":505,""t"":327},{""x"":1242,""y"":496,""t"":342},{""x"":1180,""y"":494,""t"":426},{""x"":1094,""y"":463,""t"":442}]",{},"""","""","""","""","""","""","""","""","""","""","""","""","""","""","""","""","""","""","""","""","""","""","""",2021-06-16 16:45:48,,"Mozilla/5.0 (Windows NT 10.0; Win64; x64) AppleWebKit/537.36 (KHTML, like Gecko) Chrome/91.0.4472.106 Safari/537.36",WebKit,Chrome,91.0.4472.106,Windows,10.0
164,248,1,"""","""","""","""","""",two-gamble-sequence,164,1018291,0.0-12.0-1.0-2.67,main,29KKCMFL,1920,1080,exp_98,0.262294910469391,4.9,430.8000000715256,"""","""","""","""","""","""","[{""x"":981,""y"":449,""t"":-17},{""x"":888,""y"":438,""t"":0},{""x"":846,""y"":422,""t"":99},{""x"":860,""y"":441,""t"":120},{""x"":902,""y"":528,""t"":181},{""x"":974,""y"":577,""t"":250},{""x"":983,""y"":594,""t"":331},{""x"":1024,""y"":624,""t"":347},{""x"":942,""y"":597,""t"":430},{""x"":872,""y"":572,""t"":445},{""x"":830,""y"":538,""t"":525},{""x"":927,""y"":546,""t"":577},{""x"":921,""y"":514,""t"":592},{""x"":1004,""y"":506,""t"":641},{""x"":1091,""y"":530,""t"":691},{""x"":1228,""y"":546,""t"":769},{""x"":1343,""y"":560,""t"":785},{""x"":1392,""y"":602,""t"":867},{""x"":1429,""y"":637,""t"":885},{""x"":1418,""y"":626,""t"":965},{""x"":1403,""y"":615,""t"":987},{""x"":1424,""y"":643,""t"":1069},{""x"":1439,""y"":666,""t"":1088},{""x"":1390,""y"":624,""t"":1169},{""x"":1434,""y"":653,""t"":1219},{""x"":1409,""y"":669,""t"":1236},{""x"":1435,""y"":720,""t"":1313},{""x"":1487,""y"":775,""t"":1330},{""x"":1514,""y"":740,""t"":1407},{""x"":1493,""y"":692,""t"":1457},{""x"":1468,""y"":637,""t"":1472},{""x"":1486,""y"":578,""t"":1552},{""x"":1500,""y"":528,""t"":1568},{""x"":1483,""y"":448,""t"":1645},{""x"":1444,""y"":394,""t"":1697},{""x"":1410,""y"":351,""t"":1712},{""x"":1384,""y"":364,""t"":1794},{""x"":1455,""y"":469,""t"":1809},{""x"":1208,""y"":429,""t"":1889},{""x"":1011,""y"":405,""t"":1904},{""x"":816,""y"":375,""t"":1981},{""x"":650,""y"":373,""t"":2032},{""x"":518,""y"":373,""t"":2048},{""x"":391,""y"":351,""t"":2125},{""x"":341,""y"":352,""t"":2142},{""x"":308,""y"":331,""t"":2223},{""x"":455,""y"":428,""t"":2275},{""x"":590,""y"":512,""t"":2289},{""x"":632,""y"":489,""t"":2369},{""x"":671,""y"":467,""t"":2383},{""x"":686,""y"":442,""t"":2460},{""x"":700,""y"":420,""t"":2482},{""x"":676,""y"":360,""t"":2560},{""x"":669,""y"":345,""t"":2584},{""x"":690,""y"":330,""t"":2661},{""x"":701,""y"":298,""t"":2717},{""x"":710,""y"":271,""t"":2733},{""x"":748,""y"":288,""t"":2808},{""x"":806,""y"":299,""t"":2823},{""x"":833,""y"":283,""t"":2905},{""x"":853,""y"":270,""t"":2925},{""x"":778,""y"":257,""t"":3005},{""x"":712,""y"":248,""t"":3026},{""x"":828,""y"":311,""t"":3106},{""x"":936,""y"":340,""t"":3157},{""x"":1044,""y"":393,""t"":3172},{""x"":1144,""y"":411,""t"":3248},{""x"":1206,""y"":423,""t"":3265},{""x"":1246,""y"":433,""t"":3342},{""x"":1297,""y"":480,""t"":3399},{""x"":1335,""y"":518,""t"":3414},{""x"":1375,""y"":582,""t"":3492},{""x"":1398,""y"":677,""t"":3508},{""x"":1430,""y"":708,""t"":3585},{""x"":1439,""y"":729,""t"":3639},{""x"":1466,""y"":675,""t"":3694},{""x"":1609,""y"":666,""t"":3708},{""x"":1621,""y"":588,""t"":3791},{""x"":1649,""y"":556,""t"":3809},{""x"":1632,""y"":526,""t"":3888},{""x"":1603,""y"":550,""t"":3946},{""x"":1500,""y"":479,""t"":3999},{""x"":1395,""y"":425,""t"":4015},{""x"":1349,""y"":387,""t"":4095},{""x"":1343,""y"":362,""t"":4147},{""x"":1183,""y"":335,""t"":4162},{""x"":1054,""y"":286,""t"":4211},{""x"":1000,""y"":259,""t"":4258},{""x"":955,""y"":255,""t"":4340},{""x"":982,""y"":268,""t"":4357},{""x"":1028,""y"":257,""t"":4436},{""x"":1137,""y"":357,""t"":4456},{""x"":1193,""y"":406,""t"":4536},{""x"":1241,""y"":447,""t"":4557},{""x"":1154,""y"":457,""t"":4639},{""x"":1166,""y"":489,""t"":4659},{""x"":1129,""y"":459,""t"":4740},{""x"":1105,""y"":433,""t"":4760},{""x"":1056,""y"":402,""t"":4841},{""x"":1008,""y"":392,""t"":4893},{""x"":979,""y"":411,""t"":4908},{""x"":933,""y"":388,""t"":4991},{""x"":896,""y"":368,""t"":5008},{""x"":939,""y"":417,""t"":5087},{""x"":979,""y"":459,""t"":5102},{""x"":981,""y"":495,""t"":5187},{""x"":983,""y"":524,""t"":5202},{""x"":1120,""y"":554,""t"":5281},{""x"":1211,""y"":596,""t"":5304},{""x"":1307,""y"":617,""t"":5386},{""x"":1305,""y"":580,""t"":5437},{""x"":1266,""y"":546,""t"":5453},{""x"":1251,""y"":566,""t"":5532},{""x"":1236,""y"":583,""t"":5549},{""x"":1206,""y"":593,""t"":5630},{""x"":1208,""y"":614,""t"":5646},{""x"":1199,""y"":634,""t"":5724},{""x"":1287,""y"":690,""t"":5777},{""x"":1362,""y"":737,""t"":5792},{""x"":1330,""y"":726,""t"":5873},{""x"":1300,""y"":714,""t"":5888},{""x"":1314,""y"":616,""t"":5972},{""x"":1333,""y"":605,""t"":5987}]",{},j,0.29,0.5,0.7,0.18,0.7,0.29,0.18,0.5,experimental,exp_15,"{""durations"":[1000,1500,1000,1500],""alternatives"":[""all"",""all"",""all"",""all""],""attributes"":[""p"",""m"",""p"",""m""]}",0,0.7,0.18,1920,1080,"""","""","""","""","""","""",2021-06-16 16:45:48,,"Mozilla/5.0 (Windows NT 10.0; Win64; x64) AppleWebKit/537.36 (KHTML, like Gecko) Chrome/91.0.4472.106 Safari/537.36",WebKit,Chrome,91.0.4472.106,Windows,10.0
165,248,1,"""","""","""","""","""",html-keyboard-response,165,1018864,0.0-12.0-1.0-1.68,main,29KKCMFL,1920,1080,exp_98,0.262294910469391,4.9,,"<p style=""font-size:40px;"">+</p>",,"""","""","""","""","[{""x"":1364,""y"":620,""t"":-17},{""x"":1438,""y"":633,""t"":0},{""x"":1445,""y"":629,""t"":106},{""x"":1395,""y"":510,""t"":162},{""x"":1414,""y"":492,""t"":177},{""x"":1387,""y"":465,""t"":257},{""x"":1393,""y"":492,""t"":273},{""x"":1355,""y"":506,""t"":358},{""x"":1336,""y"":501,""t"":375},{""x"":1294,""y"":503,""t"":458},{""x"":1259,""y"":505,""t"":477}]",{},"""","""","""","""","""","""","""","""","""","""","""","""","""","""","""","""","""","""","""","""","""","""","""",2021-06-16 16:45:48,,"Mozilla/5.0 (Windows NT 10.0; Win64; x64) AppleWebKit/537.36 (KHTML, like Gecko) Chrome/91.0.4472.106 Safari/537.36",WebKit,Chrome,91.0.4472.106,Windows,10.0
166,248,1,"""","""","""","""","""",two-gamble-sequence,166,1025279,0.0-12.0-1.0-2.68,main,29KKCMFL,1920,1080,exp_98,0.262294910469391,4.9,733.1000000238419,"""","""","""","""","""","""","[{""x"":1143,""y"":477,""t"":-16},{""x"":1045,""y"":453,""t"":0},{""x"":989,""y"":452,""t"":104},{""x"":970,""y"":451,""t"":184},{""x"":941,""y"":432,""t"":236},{""x"":908,""y"":358,""t"":252},{""x"":888,""y"":348,""t"":333},{""x"":875,""y"":342,""t"":349},{""x"":816,""y"":318,""t"":426},{""x"":696,""y"":257,""t"":442},{""x"":566,""y"":185,""t"":526},{""x"":562,""y"":193,""t"":545},{""x"":564,""y"":201,""t"":625},{""x"":492,""y"":168,""t"":646},{""x"":739,""y"":210,""t"":730},{""x"":954,""y"":248,""t"":748},{""x"":1144,""y"":304,""t"":827},{""x"":1299,""y"":324,""t"":878},{""x"":1424,""y"":340,""t"":894},{""x"":1574,""y"":357,""t"":973},{""x"":1693,""y"":371,""t"":988},{""x"":1664,""y"":390,""t"":1069},{""x"":1755,""y"":425,""t"":1088},{""x"":1752,""y"":476,""t"":1166},{""x"":1710,""y"":445,""t"":1225},{""x"":1641,""y"":411,""t"":1280},{""x"":1577,""y"":381,""t"":1296},{""x"":1547,""y"":423,""t"":1375},{""x"":1585,""y"":484,""t"":1425},{""x"":1616,""y"":536,""t"":1441},{""x"":1581,""y"":527,""t"":1520},{""x"":1550,""y"":517,""t"":1536},{""x"":1433,""y"":477,""t"":1616},{""x"":1442,""y"":484,""t"":1633},{""x"":1319,""y"":461,""t"":1712},{""x"":1302,""y"":446,""t"":1735},{""x"":1343,""y"":474,""t"":1813},{""x"":1317,""y"":479,""t"":1863},{""x"":1318,""y"":478,""t"":1879},{""x"":1273,""y"":490,""t"":1955},{""x"":1307,""y"":542,""t"":1972},{""x"":1267,""y"":527,""t"":2053},{""x"":1258,""y"":555,""t"":2074},{""x"":1290,""y"":616,""t"":2154},{""x"":1340,""y"":608,""t"":2176},{""x"":1296,""y"":588,""t"":2255},{""x"":1047,""y"":524,""t"":2306},{""x"":837,""y"":469,""t"":2322},{""x"":702,""y"":411,""t"":2403},{""x"":641,""y"":357,""t"":2417},{""x"":545,""y"":340,""t"":2495},{""x"":512,""y"":331,""t"":2517},{""x"":431,""y"":296,""t"":2596},{""x"":354,""y"":261,""t"":2618},{""x"":348,""y"":216,""t"":2699},{""x"":438,""y"":239,""t"":2750},{""x"":446,""y"":265,""t"":2766},{""x"":535,""y"":285,""t"":2844},{""x"":507,""y"":295,""t"":2858},{""x"":749,""y"":302,""t"":2940},{""x"":987,""y"":332,""t"":2959},{""x"":1153,""y"":350,""t"":3039},{""x"":1285,""y"":364,""t"":3090},{""x"":1389,""y"":376,""t"":3106},{""x"":1463,""y"":383,""t"":3184},{""x"":1517,""y"":388,""t"":3200},{""x"":1612,""y"":385,""t"":3282},{""x"":1685,""y"":381,""t"":3299},{""x"":1731,""y"":377,""t"":3379},{""x"":1458,""y"":360,""t"":3430},{""x"":1219,""y"":345,""t"":3445},{""x"":1165,""y"":353,""t"":3529},{""x"":1121,""y"":360,""t"":3543},{""x"":1132,""y"":409,""t"":3622},{""x"":1243,""y"":359,""t"":3640},{""x"":1311,""y"":352,""t"":3720},{""x"":1360,""y"":389,""t"":3773},{""x"":1351,""y"":442,""t"":3787},{""x"":1296,""y"":418,""t"":3868},{""x"":1231,""y"":368,""t"":3884},{""x"":1081,""y"":318,""t"":3966},{""x"":954,""y"":276,""t"":3981},{""x"":810,""y"":227,""t"":4063},{""x"":790,""y"":233,""t"":4081},{""x"":822,""y"":264,""t"":4161},{""x"":879,""y"":314,""t"":4213},{""x"":866,""y"":341,""t"":4231},{""x"":775,""y"":349,""t"":4311},{""x"":701,""y"":355,""t"":4326},{""x"":591,""y"":374,""t"":4406},{""x"":610,""y"":354,""t"":4420},{""x"":574,""y"":333,""t"":4503},{""x"":548,""y"":315,""t"":4523},{""x"":702,""y"":366,""t"":4606},{""x"":838,""y"":410,""t"":4625},{""x"":856,""y"":447,""t"":4706},{""x"":858,""y"":490,""t"":4755},{""x"":858,""y"":525,""t"":4771},{""x"":853,""y"":560,""t"":4853},{""x"":891,""y"":592,""t"":4868},{""x"":919,""y"":594,""t"":4950},{""x"":856,""y"":597,""t"":4965},{""x"":906,""y"":602,""t"":5044},{""x"":948,""y"":604,""t"":5067},{""x"":1093,""y"":691,""t"":5147},{""x"":1214,""y"":764,""t"":5168},{""x"":1238,""y"":744,""t"":5251},{""x"":1235,""y"":643,""t"":5270},{""x"":1230,""y"":503,""t"":5349},{""x"":1034,""y"":451,""t"":5401},{""x"":863,""y"":408,""t"":5416},{""x"":669,""y"":354,""t"":5500},{""x"":508,""y"":312,""t"":5516},{""x"":528,""y"":301,""t"":5593},{""x"":570,""y"":317,""t"":5610},{""x"":635,""y"":333,""t"":5689},{""x"":697,""y"":369,""t"":5713},{""x"":799,""y"":358,""t"":5796},{""x"":919,""y"":366,""t"":5814},{""x"":1077,""y"":468,""t"":5896},{""x"":1173,""y"":514,""t"":5948},{""x"":1268,""y"":611,""t"":5964},{""x"":1322,""y"":643,""t"":6042},{""x"":1362,""y"":666,""t"":6059},{""x"":1411,""y"":661,""t"":6139},{""x"":1415,""y"":626,""t"":6154},{""x"":1302,""y"":545,""t"":6236},{""x"":1267,""y"":575,""t"":6287},{""x"":1234,""y"":601,""t"":6302}]",{},f,0.72,0.42000000000000004,0.51,0.52,0.72,0.51,0.42000000000000004,0.52,experimental,exp_69,"{""durations"":[1500,1000,1500,1000],""alternatives"":[""all"",""all"",""all"",""all""],""attributes"":[""m"",""p"",""m"",""p""]}",0,0.72,0.42000000000000004,1920,1080,"""","""","""","""","""","""",2021-06-16 16:45:48,,"Mozilla/5.0 (Windows NT 10.0; Win64; x64) AppleWebKit/537.36 (KHTML, like Gecko) Chrome/91.0.4472.106 Safari/537.36",WebKit,Chrome,91.0.4472.106,Windows,10.0
167,248,1,"""","""","""","""","""",html-keyboard-response,167,1025906,0.0-12.0-1.0-1.69,main,29KKCMFL,1920,1080,exp_98,0.262294910469391,4.9,,"<p style=""font-size:40px;"">+</p>",,"""","""","""","""","[{""x"":1228,""y"":606,""t"":-85},{""x"":1235,""y"":676,""t"":-69},{""x"":1239,""y"":640,""t"":0},{""x"":1170,""y"":646,""t"":150},{""x"":1109,""y"":589,""t"":171},{""x"":1040,""y"":513,""t"":254},{""x"":983,""y"":448,""t"":274},{""x"":935,""y"":404,""t"":357},{""x"":896,""y"":363,""t"":375},{""x"":869,""y"":357,""t"":456},{""x"":850,""y"":354,""t"":477}]",{},"""","""","""","""","""","""","""","""","""","""","""","""","""","""","""","""","""","""","""","""","""","""","""",2021-06-16 16:45:48,,"Mozilla/5.0 (Windows NT 10.0; Win64; x64) AppleWebKit/537.36 (KHTML, like Gecko) Chrome/91.0.4472.106 Safari/537.36",WebKit,Chrome,91.0.4472.106,Windows,10.0
168,248,1,"""","""","""","""","""",two-gamble-sequence,168,1032051,0.0-12.0-1.0-2.69,main,29KKCMFL,1920,1080,exp_98,0.262294910469391,4.9,452.5,"""","""","""","""","""","""","[{""x"":815,""y"":359,""t"":-17},{""x"":790,""y"":366,""t"":0},{""x"":914,""y"":319,""t"":94},{""x"":1059,""y"":356,""t"":122},{""x"":1093,""y"":323,""t"":179},{""x"":1258,""y"":372,""t"":283},{""x"":1397,""y"":415,""t"":307},{""x"":1378,""y"":406,""t"":386},{""x"":1400,""y"":458,""t"":437},{""x"":1413,""y"":502,""t"":452},{""x"":1322,""y"":488,""t"":535},{""x"":1260,""y"":482,""t"":551},{""x"":1300,""y"":523,""t"":633},{""x"":1333,""y"":557,""t"":648},{""x"":1395,""y"":571,""t"":728},{""x"":1446,""y"":580,""t"":749},{""x"":1511,""y"":613,""t"":827},{""x"":1564,""y"":639,""t"":851},{""x"":1602,""y"":674,""t"":930},{""x"":1631,""y"":701,""t"":953},{""x"":1599,""y"":628,""t"":1036},{""x"":1567,""y"":563,""t"":1055},{""x"":1585,""y"":575,""t"":1135},{""x"":1546,""y"":587,""t"":1189},{""x"":1460,""y"":565,""t"":1205},{""x"":1431,""y"":567,""t"":1284},{""x"":1407,""y"":569,""t"":1299},{""x"":1357,""y"":559,""t"":1376},{""x"":1317,""y"":551,""t"":1395},{""x"":1316,""y"":577,""t"":1476},{""x"":1317,""y"":600,""t"":1497},{""x"":1363,""y"":556,""t"":1578},{""x"":1403,""y"":519,""t"":1599},{""x"":1463,""y"":440,""t"":1679},{""x"":1480,""y"":396,""t"":1731},{""x"":1479,""y"":331,""t"":1746},{""x"":1481,""y"":338,""t"":1827},{""x"":1520,""y"":298,""t"":1842},{""x"":1446,""y"":260,""t"":1919},{""x"":1383,""y"":230,""t"":1940},{""x"":1326,""y"":244,""t"":2016},{""x"":1292,""y"":247,""t"":2070},{""x"":1166,""y"":202,""t"":2085},{""x"":1059,""y"":195,""t"":2160},{""x"":971,""y"":192,""t"":2176},{""x"":969,""y"":252,""t"":2253},{""x"":961,""y"":308,""t"":2305},{""x"":971,""y"":262,""t"":2321},{""x"":899,""y"":289,""t"":2399},{""x"":818,""y"":287,""t"":2414},{""x"":722,""y"":314,""t"":2498},{""x"":657,""y"":287,""t"":2517},{""x"":651,""y"":313,""t"":2600},{""x"":653,""y"":335,""t"":2620},{""x"":638,""y"":357,""t"":2700},{""x"":558,""y"":371,""t"":2720},{""x"":492,""y"":386,""t"":2805},{""x"":440,""y"":398,""t"":2823},{""x"":531,""y"":442,""t"":2905},{""x"":606,""y"":454,""t"":2956},{""x"":672,""y"":463,""t"":2972},{""x"":834,""y"":530,""t"":3055},{""x"":971,""y"":586,""t"":3071},{""x"":1146,""y"":594,""t"":3156},{""x"":1321,""y"":622,""t"":3170},{""x"":1437,""y"":663,""t"":3253},{""x"":1527,""y"":696,""t"":3267},{""x"":1544,""y"":665,""t"":3348},{""x"":1548,""y"":635,""t"":3368},{""x"":1542,""y"":556,""t"":3447},{""x"":1530,""y"":488,""t"":3469},{""x"":1611,""y"":519,""t"":3559},{""x"":1639,""y"":465,""t"":3574},{""x"":1705,""y"":496,""t"":3655},{""x"":1756,""y"":524,""t"":3672},{""x"":1815,""y"":540,""t"":3752},{""x"":1808,""y"":524,""t"":3804},{""x"":1796,""y"":509,""t"":3819},{""x"":1773,""y"":527,""t"":3899},{""x"":1745,""y"":505,""t"":3915},{""x"":1718,""y"":484,""t"":3995},{""x"":1693,""y"":466,""t"":4012},{""x"":1658,""y"":455,""t"":4094},{""x"":1579,""y"":431,""t"":4114},{""x"":1288,""y"":339,""t"":4198},{""x"":1042,""y"":263,""t"":4216},{""x"":875,""y"":276,""t"":4298},{""x"":687,""y"":251,""t"":4318},{""x"":588,""y"":264,""t"":4399},{""x"":522,""y"":219,""t"":4420},{""x"":496,""y"":253,""t"":4502},{""x"":485,""y"":284,""t"":4522},{""x"":447,""y"":307,""t"":4607},{""x"":414,""y"":295,""t"":4624},{""x"":502,""y"":364,""t"":4704},{""x"":487,""y"":358,""t"":4755},{""x"":478,""y"":353,""t"":4771},{""x"":503,""y"":349,""t"":4851},{""x"":529,""y"":345,""t"":4867},{""x"":588,""y"":333,""t"":4950},{""x"":640,""y"":323,""t"":4965},{""x"":611,""y"":310,""t"":5046},{""x"":586,""y"":299,""t"":5067},{""x"":627,""y"":295,""t"":5145},{""x"":737,""y"":328,""t"":5169},{""x"":796,""y"":399,""t"":5247},{""x"":845,""y"":459,""t"":5271},{""x"":894,""y"":483,""t"":5349},{""x"":931,""y"":522,""t"":5403},{""x"":959,""y"":552,""t"":5419},{""x"":1067,""y"":644,""t"":5501},{""x"":1155,""y"":719,""t"":5516},{""x"":1247,""y"":745,""t"":5598},{""x"":1270,""y"":717,""t"":5615},{""x"":1304,""y"":744,""t"":5696},{""x"":1302,""y"":714,""t"":5713},{""x"":1325,""y"":690,""t"":5793},{""x"":1375,""y"":665,""t"":5844},{""x"":1413,""y"":643,""t"":5859},{""x"":1452,""y"":644,""t"":5938},{""x"":1451,""y"":668,""t"":5953},{""x"":1517,""y"":683,""t"":6031},{""x"":1556,""y"":592,""t"":6084}]",{},f,0.61,0.22000000000000003,0.29,0.8099999999999999,0.61,0.29,0.22000000000000003,0.8099999999999999,experimental,exp_84,"{""durations"":[1500,1000,1500,1000],""alternatives"":[1,0,1,0],""attributes"":[""all"",""all"",""all"",""all""]}",0,0.61,0.22000000000000003,1920,1080,"""","""","""","""","""","""",2021-06-16 16:45:48,,"Mozilla/5.0 (Windows NT 10.0; Win64; x64) AppleWebKit/537.36 (KHTML, like Gecko) Chrome/91.0.4472.106 Safari/537.36",WebKit,Chrome,91.0.4472.106,Windows,10.0
169,248,1,"""","""","""","""","""",html-keyboard-response,169,1056803,0.0-13.0-0.0,main,29KKCMFL,1920,1080,exp_98,0.262294910469391,4.9,24750.600000023842,"
            <div style=""max-width: 800px"">
            <h1><img src=""icons/tea-hot_inv.png"", width=""50""/><br><br>Short break</h1>
            <p>Great job! You have completed the first half of the task. Take a short break to make sure that you are focused for the second half of trials. You can move your head during this break, but try to return it into position before continuing.</p>
            <p>Press the <strong><em>SPACE BAR</em></strong> when you are ready to continue.</p>
            </div>", ,"""","""","""","""","""","""","""","""","""","""","""","""","""","""","""","""","""","""","""","""","""","""","""","""","""","""","""","""","""",2021-06-16 16:45:48,,"Mozilla/5.0 (Windows NT 10.0; Win64; x64) AppleWebKit/537.36 (KHTML, like Gecko) Chrome/91.0.4472.106 Safari/537.36",WebKit,Chrome,91.0.4472.106,Windows,10.0
170,248,1,"""","""","""","""","""",call-function,170,1056857,0.0-13.0-1.0,main,29KKCMFL,1920,1080,exp_98,0.262294910469391,4.9,"""","""","""","""","""","""","""","""","""","""","""","""","""","""","""","""","""","""","""","""","""","""","""","""","""","""","""","""","""","""","""","""",2021-06-16 16:45:48,,"Mozilla/5.0 (Windows NT 10.0; Win64; x64) AppleWebKit/537.36 (KHTML, like Gecko) Chrome/91.0.4472.106 Safari/537.36",WebKit,Chrome,91.0.4472.106,Windows,10.0
171,248,1,"""","""","""","""","""",html-keyboard-response,171,1061859,0.0-13.0-2.0,main,29KKCMFL,1920,1080,exp_98,0.262294910469391,4.9,,"
            <div style=""max-width: 800px"">
            <h1><img src=""icons/timer_inv.png"", width=""50""/><br><br><span id=""timer"">Get ready!</span></h1>
            </div>",,"""","""","""","""","""","""","""","""","""","""","""","""","""","""","""","""","""","""","""","""","""","""","""","""","""","""","""","""","""",2021-06-16 16:45:48,,"Mozilla/5.0 (Windows NT 10.0; Win64; x64) AppleWebKit/537.36 (KHTML, like Gecko) Chrome/91.0.4472.106 Safari/537.36",WebKit,Chrome,91.0.4472.106,Windows,10.0
172,248,1,"""","""","""","""","""",html-keyboard-response,172,1068044,0.0-14.0,main,29KKCMFL,1920,1080,exp_98,0.262294910469391,4.9,4182.899999976158,"
      <div style=""max-width: 800px"">
      <h1><img src=""icons/eye-scanning_inv.png"", width=""50""/><br><br>Re-Calibration</h1>
      <p>We quickly need to re-calibrate the eye tracker.
      <p>Please keep your head still, and focus your gaze on each dot as it appears.</p>
      <p>Press <strong><em>SPACE BAR</em></strong> to start.</p>
    ", ,"""","""","""","""","""","""","""","""","""","""","""","""","""","""","""","""","""","""","""","""","""","""","""","""","""","""","""","""","""",2021-06-16 16:45:48,,"Mozilla/5.0 (Windows NT 10.0; Win64; x64) AppleWebKit/537.36 (KHTML, like Gecko) Chrome/91.0.4472.106 Safari/537.36",WebKit,Chrome,91.0.4472.106,Windows,10.0
173,248,1,"""","""","""","""","""",webgazer-calibrate-fm,173,1121316,0.0-15.0,main,29KKCMFL,1920,1080,exp_98,0.262294910469391,4.9,"""","""","""","""","""","""","""","""","""","""","""","""","""","""","""","""","""","""","""","""","""","""","""","""","""","""","""","""","""","""","""","""",2021-06-16 16:45:48,,"Mozilla/5.0 (Windows NT 10.0; Win64; x64) AppleWebKit/537.36 (KHTML, like Gecko) Chrome/91.0.4472.106 Safari/537.36",WebKit,Chrome,91.0.4472.106,Windows,10.0
174,248,1,"""","""","""","""","""",html-keyboard-response,174,1124308,0.0-16.0,main,29KKCMFL,1920,1080,exp_98,0.262294910469391,4.9,2989.600000023842,"
      <div style=""max-width: 800px"">
      <h1><img src=""icons/eye-scanning_inv.png"", width=""50""/><br><br>Validation</h1>
      <p>Good job! To validate the calibration, please focus on the yellow dots now.
      <p>Please keep your head still, and focus your gaze on each dot as it appears.</p>
      <p>Press <strong><em>SPACE BAR</em></strong> to start.</p>
    ", ,"""","""","""","""","""","""","""","""","""","""","""","""","""","""","""","""","""","""","""","""","""","""","""","""","""","""","""","""","""",2021-06-16 16:45:48,,"Mozilla/5.0 (Windows NT 10.0; Win64; x64) AppleWebKit/537.36 (KHTML, like Gecko) Chrome/91.0.4472.106 Safari/537.36",WebKit,Chrome,91.0.4472.106,Windows,10.0
175,248,1,"""","""","""","""","""",webgazer-validate-fm,175,1145460,0.0-17.0,main,29KKCMFL,1920,1080,exp_98,0.262294910469391,4.9,"""","""","""","""","""","""","""","""","""","""","""","""","""","""","""","""","""","""","""","""","""","""","""","""","""","""","[[{""x"":1550,""y"":742,""dx"":94,""dy"":-84,""t"":971},{""x"":1522,""y"":741,""dx"":66,""dy"":-85,""t"":986},{""x"":1546,""y"":759,""dx"":90,""dy"":-67,""t"":1083},{""x"":1566,""y"":774,""dx"":110,""dy"":-52,""t"":1098},{""x"":1565,""y"":795,""dx"":109,""dy"":-31,""t"":1184},{""x"":1578,""y"":763,""dx"":122,""dy"":-63,""t"":1201},{""x"":1611,""y"":784,""dx"":155,""dy"":-42,""t"":1282},{""x"":1607,""y"":797,""dx"":151,""dy"":-29,""t"":1298},{""x"":1621,""y"":794,""dx"":165,""dy"":-32,""t"":1379},{""x"":1661,""y"":794,""dx"":205,""dy"":-32,""t"":1395},{""x"":1583,""y"":791,""dx"":127,""dy"":-35,""t"":1476},{""x"":1601,""y"":755,""dx"":145,""dy"":-71,""t"":1531},{""x"":1518,""y"":720,""dx"":62,""dy"":-106,""t"":1588},{""x"":1516,""y"":692,""dx"":60,""dy"":-134,""t"":1604},{""x"":1436,""y"":690,""dx"":-20,""dy"":-136,""t"":1688},{""x"":1455,""y"":680,""dx"":-1,""dy"":-146,""t"":1703},{""x"":1415,""y"":724,""dx"":-41,""dy"":-102,""t"":1786},{""x"":1392,""y"":733,""dx"":-64,""dy"":-93,""t"":1804},{""x"":1350,""y"":754,""dx"":-106,""dy"":-72,""t"":1885},{""x"":1296,""y"":711,""dx"":-160,""dy"":-115,""t"":1937},{""x"":1253,""y"":675,""dx"":-203,""dy"":-151,""t"":1953},{""x"":1299,""y"":657,""dx"":-157,""dy"":-169,""t"":2037},{""x"":1272,""y"":647,""dx"":-184,""dy"":-179,""t"":2053},{""x"":1307,""y"":649,""dx"":-149,""dy"":-177,""t"":2135},{""x"":1223,""y"":603,""dx"":-233,""dy"":-223,""t"":2151},{""x"":1273,""y"":641,""dx"":-183,""dy"":-185,""t"":2233},{""x"":1260,""y"":643,""dx"":-196,""dy"":-183,""t"":2249},{""x"":1357,""y"":680,""dx"":-99,""dy"":-146,""t"":2333},{""x"":1371,""y"":700,""dx"":-85,""dy"":-126,""t"":2347},{""x"":1438,""y"":700,""dx"":-18,""dy"":-126,""t"":2431},{""x"":1491,""y"":709,""dx"":35,""dy"":-117,""t"":2449},{""x"":1497,""y"":702,""dx"":41,""dy"":-124,""t"":2530},{""x"":1499,""y"":707,""dx"":43,""dy"":-119,""t"":2551},{""x"":1451,""y"":711,""dx"":-5,""dy"":-115,""t"":2636},{""x"":1409,""y"":714,""dx"":-47,""dy"":-112,""t"":2653},{""x"":1358,""y"":735,""dx"":-98,""dy"":-91,""t"":2735},{""x"":1314,""y"":751,""dx"":-142,""dy"":-75,""t"":2755},{""x"":1283,""y"":755,""dx"":-173,""dy"":-71,""t"":2840},{""x"":1258,""y"":758,""dx"":-198,""dy"":-68,""t"":2858},{""x"":1243,""y"":782,""dx"":-213,""dy"":-44,""t"":2942},{""x"":1215,""y"":775,""dx"":-241,""dy"":-51,""t"":2959},{""x"":1227,""y"":768,""dx"":-229,""dy"":-58,""t"":3048},{""x"":1249,""y"":758,""dx"":-207,""dy"":-68,""t"":3064},{""x"":1229,""y"":752,""dx"":-227,""dy"":-74,""t"":3146},{""x"":1202,""y"":738,""dx"":-254,""dy"":-88,""t"":3164},{""x"":1217,""y"":739,""dx"":-239,""dy"":-87,""t"":3248},{""x"":1210,""y"":734,""dx"":-246,""dy"":-92,""t"":3265},{""x"":1249,""y"":737,""dx"":-207,""dy"":-89,""t"":3346},{""x"":1287,""y"":720,""dx"":-169,""dy"":-106,""t"":3367},{""x"":1271,""y"":744,""dx"":-185,""dy"":-82,""t"":3453},{""x"":1256,""y"":764,""dx"":-200,""dy"":-62,""t"":3469},{""x"":1290,""y"":743,""dx"":-166,""dy"":-83,""t"":3556},{""x"":1251,""y"":749,""dx"":-205,""dy"":-77,""t"":3572},{""x"":1335,""y"":728,""dx"":-121,""dy"":-98,""t"":3658},{""x"":1313,""y"":712,""dx"":-143,""dy"":-114,""t"":3674},{""x"":1368,""y"":707,""dx"":-88,""dy"":-119,""t"":3757},{""x"":1405,""y"":703,""dx"":-51,""dy"":-123,""t"":3776},{""x"":1449,""y"":697,""dx"":-7,""dy"":-129,""t"":3860},{""x"":1402,""y"":656,""dx"":-54,""dy"":-170,""t"":3877},{""x"":1409,""y"":635,""dx"":-47,""dy"":-191,""t"":3962}],[{""x"":542,""y"":87,""dx"":46,""dy"":-199,""t"":4980},{""x"":525,""y"":54,""dx"":29,""dy"":-232,""t"":4999},{""x"":494,""y"":34,""dx"":-2,""dy"":-252,""t"":5089},{""x"":503,""y"":90,""dx"":7,""dy"":-196,""t"":5105},{""x"":481,""y"":165,""dx"":-15,""dy"":-121,""t"":5190},{""x"":470,""y"":135,""dx"":-26,""dy"":-151,""t"":5206},{""x"":497,""y"":116,""dx"":1,""dy"":-170,""t"":5292},{""x"":494,""y"":97,""dx"":-2,""dy"":-189,""t"":5309},{""x"":493,""y"":82,""dx"":-3,""dy"":-204,""t"":5374},{""x"":489,""y"":59,""dx"":-7,""dy"":-227,""t"":5486},{""x"":487,""y"":42,""dx"":-9,""dy"":-244,""t"":5509},{""x"":474,""y"":42,""dx"":-22,""dy"":-244,""t"":5590},{""x"":464,""y"":43,""dx"":-32,""dy"":-243,""t"":5611},{""x"":478,""y"":156,""dx"":-18,""dy"":-130,""t"":5690},{""x"":538,""y"":146,""dx"":42,""dy"":-140,""t"":5745},{""x"":590,""y"":136,""dx"":94,""dy"":-150,""t"":5760},{""x"":608,""y"":118,""dx"":112,""dy"":-168,""t"":5841},{""x"":622,""y"":103,""dx"":126,""dy"":-183,""t"":5856},{""x"":644,""y"":104,""dx"":148,""dy"":-182,""t"":5939},{""x"":661,""y"":106,""dx"":165,""dy"":-180,""t"":5954},{""x"":680,""y"":118,""dx"":184,""dy"":-168,""t"":6048},{""x"":696,""y"":128,""dx"":200,""dy"":-158,""t"":6066},{""x"":673,""y"":109,""dx"":177,""dy"":-177,""t"":6147},{""x"":654,""y"":140,""dx"":158,""dy"":-146,""t"":6163},{""x"":664,""y"":118,""dx"":168,""dy"":-168,""t"":6248},{""x"":606,""y"":154,""dx"":110,""dy"":-132,""t"":6263},{""x"":659,""y"":163,""dx"":163,""dy"":-123,""t"":6344},{""x"":706,""y"":171,""dx"":210,""dy"":-115,""t"":6360},{""x"":665,""y"":151,""dx"":169,""dy"":-135,""t"":6442},{""x"":629,""y"":134,""dx"":133,""dy"":-152,""t"":6461},{""x"":607,""y"":155,""dx"":111,""dy"":-131,""t"":6544},{""x"":620,""y"":186,""dx"":124,""dy"":-100,""t"":6595},{""x"":619,""y"":201,""dx"":123,""dy"":-85,""t"":6611},{""x"":608,""y"":241,""dx"":112,""dy"":-45,""t"":6662},{""x"":600,""y"":274,""dx"":104,""dy"":-12,""t"":6709},{""x"":606,""y"":264,""dx"":110,""dy"":-22,""t"":6792},{""x"":612,""y"":253,""dx"":116,""dy"":-33,""t"":6808},{""x"":445,""y"":317,""dx"":-51,""dy"":31,""t"":6888},{""x"":431,""y"":374,""dx"":-65,""dy"":88,""t"":6903},{""x"":330,""y"":418,""dx"":-166,""dy"":132,""t"":6985},{""x"":247,""y"":453,""dx"":-249,""dy"":167,""t"":7005},{""x"":241,""y"":569,""dx"":-255,""dy"":283,""t"":7085},{""x"":323,""y"":479,""dx"":-173,""dy"":193,""t"":7107},{""x"":344,""y"":401,""dx"":-152,""dy"":115,""t"":7186},{""x"":298,""y"":353,""dx"":-198,""dy"":67,""t"":7241},{""x"":260,""y"":312,""dx"":-236,""dy"":26,""t"":7256},{""x"":319,""y"":243,""dx"":-177,""dy"":-43,""t"":7335},{""x"":372,""y"":185,""dx"":-124,""dy"":-101,""t"":7350},{""x"":380,""y"":212,""dx"":-116,""dy"":-74,""t"":7431},{""x"":435,""y"":204,""dx"":-61,""dy"":-82,""t"":7448},{""x"":500,""y"":198,""dx"":4,""dy"":-88,""t"":7530},{""x"":555,""y"":194,""dx"":59,""dy"":-92,""t"":7549},{""x"":597,""y"":202,""dx"":101,""dy"":-84,""t"":7634},{""x"":578,""y"":356,""dx"":82,""dy"":70,""t"":7651},{""x"":541,""y"":479,""dx"":45,""dy"":193,""t"":7731},{""x"":508,""y"":582,""dx"":12,""dy"":296,""t"":7753},{""x"":468,""y"":641,""dx"":-28,""dy"":355,""t"":7836},{""x"":434,""y"":686,""dx"":-62,""dy"":400,""t"":7855},{""x"":425,""y"":687,""dx"":-71,""dy"":401,""t"":7938},{""x"":418,""y"":682,""dx"":-78,""dy"":396,""t"":7957}],[{""x"":898,""y"":581,""dx"":-78,""dy"":25,""t"":9000},{""x"":806,""y"":587,""dx"":-170,""dy"":31,""t"":9016},{""x"":820,""y"":590,""dx"":-156,""dy"":34,""t"":9101},{""x"":834,""y"":592,""dx"":-142,""dy"":36,""t"":9116},{""x"":838,""y"":564,""dx"":-138,""dy"":8,""t"":9199},{""x"":842,""y"":540,""dx"":-134,""dy"":-16,""t"":9215},{""x"":870,""y"":547,""dx"":-106,""dy"":-9,""t"":9298},{""x"":894,""y"":553,""dx"":-82,""dy"":-3,""t"":9318},{""x"":872,""y"":562,""dx"":-104,""dy"":6,""t"":9398},{""x"":853,""y"":571,""dx"":-123,""dy"":15,""t"":9419},{""x"":837,""y"":541,""dx"":-139,""dy"":-15,""t"":9500},{""x"":825,""y"":515,""dx"":-151,""dy"":-41,""t"":9521},{""x"":850,""y"":511,""dx"":-126,""dy"":-45,""t"":9601},{""x"":945,""y"":481,""dx"":-31,""dy"":-75,""t"":9655},{""x"":1025,""y"":457,""dx"":49,""dy"":-99,""t"":9670},{""x"":1060,""y"":441,""dx"":84,""dy"":-115,""t"":9754},{""x"":1087,""y"":429,""dx"":111,""dy"":-127,""t"":9770},{""x"":1098,""y"":483,""dx"":122,""dy"":-73,""t"":9851},{""x"":1089,""y"":487,""dx"":113,""dy"":-69,""t"":9866},{""x"":1079,""y"":506,""dx"":103,""dy"":-50,""t"":9951},{""x"":1141,""y"":537,""dx"":165,""dy"":-19,""t"":9966},{""x"":1105,""y"":558,""dx"":129,""dy"":2,""t"":10052},{""x"":1164,""y"":586,""dx"":188,""dy"":30,""t"":10067},{""x"":1158,""y"":605,""dx"":182,""dy"":49,""t"":10152},{""x"":1188,""y"":615,""dx"":212,""dy"":59,""t"":10167},{""x"":1134,""y"":580,""dx"":158,""dy"":24,""t"":10248},{""x"":1188,""y"":589,""dx"":212,""dy"":33,""t"":10269},{""x"":1160,""y"":574,""dx"":184,""dy"":18,""t"":10351},{""x"":1086,""y"":580,""dx"":110,""dy"":24,""t"":10403},{""x"":1022,""y"":584,""dx"":46,""dy"":28,""t"":10417},{""x"":973,""y"":567,""dx"":-3,""dy"":11,""t"":10498},{""x"":933,""y"":552,""dx"":-43,""dy"":-4,""t"":10514},{""x"":910,""y"":542,""dx"":-66,""dy"":-14,""t"":10594},{""x"":893,""y"":533,""dx"":-83,""dy"":-23,""t"":10609},{""x"":889,""y"":550,""dx"":-87,""dy"":-6,""t"":10691},{""x"":889,""y"":565,""dx"":-87,""dy"":9,""t"":10711},{""x"":878,""y"":585,""dx"":-98,""dy"":29,""t"":10794},{""x"":872,""y"":601,""dx"":-104,""dy"":45,""t"":10814},{""x"":868,""y"":608,""dx"":-108,""dy"":52,""t"":10895},{""x"":866,""y"":613,""dx"":-110,""dy"":57,""t"":10915},{""x"":885,""y"":619,""dx"":-91,""dy"":63,""t"":10999},{""x"":902,""y"":624,""dx"":-74,""dy"":68,""t"":11017},{""x"":972,""y"":595,""dx"":-4,""dy"":39,""t"":11098},{""x"":1031,""y"":569,""dx"":55,""dy"":13,""t"":11120},{""x"":1016,""y"":599,""dx"":40,""dy"":43,""t"":11203},{""x"":1002,""y"":624,""dx"":26,""dy"":68,""t"":11221},{""x"":1004,""y"":653,""dx"":28,""dy"":97,""t"":11303},{""x"":1011,""y"":683,""dx"":35,""dy"":127,""t"":11356},{""x"":1016,""y"":707,""dx"":40,""dy"":151,""t"":11371},{""x"":1042,""y"":713,""dx"":66,""dy"":157,""t"":11451},{""x"":1063,""y"":716,""dx"":87,""dy"":160,""t"":11467},{""x"":1019,""y"":697,""dx"":43,""dy"":141,""t"":11555},{""x"":1053,""y"":746,""dx"":77,""dy"":190,""t"":11570},{""x"":1014,""y"":717,""dx"":38,""dy"":161,""t"":11655},{""x"":1014,""y"":747,""dx"":38,""dy"":191,""t"":11671},{""x"":967,""y"":700,""dx"":-9,""dy"":144,""t"":11754},{""x"":991,""y"":711,""dx"":15,""dy"":155,""t"":11769},{""x"":1011,""y"":720,""dx"":35,""dy"":164,""t"":11852},{""x"":1029,""y"":727,""dx"":53,""dy"":171,""t"":11867},{""x"":1022,""y"":731,""dx"":46,""dy"":175,""t"":11950},{""x"":1017,""y"":734,""dx"":41,""dy"":178,""t"":11969}],[{""x"":579,""y"":682,""dx"":83,""dy"":-144,""t"":13009},{""x"":591,""y"":679,""dx"":95,""dy"":-147,""t"":13024},{""x"":608,""y"":695,""dx"":112,""dy"":-131,""t"":13111},{""x"":623,""y"":708,""dx"":127,""dy"":-118,""t"":13127},{""x"":635,""y"":692,""dx"":139,""dy"":-134,""t"":13214},{""x"":646,""y"":678,""dx"":150,""dy"":-148,""t"":13228},{""x"":706,""y"":678,""dx"":210,""dy"":-148,""t"":13313},{""x"":771,""y"":680,""dx"":275,""dy"":-146,""t"":13329},{""x"":807,""y"":685,""dx"":311,""dy"":-141,""t"":13410},{""x"":849,""y"":697,""dx"":353,""dy"":-129,""t"":13432},{""x"":873,""y"":693,""dx"":377,""dy"":-133,""t"":13514},{""x"":786,""y"":730,""dx"":290,""dy"":-96,""t"":13533},{""x"":809,""y"":712,""dx"":313,""dy"":-114,""t"":13618},{""x"":788,""y"":731,""dx"":292,""dy"":-95,""t"":13635},{""x"":792,""y"":730,""dx"":296,""dy"":-96,""t"":13725},{""x"":791,""y"":751,""dx"":295,""dy"":-75,""t"":13742},{""x"":801,""y"":725,""dx"":305,""dy"":-101,""t"":13830},{""x"":715,""y"":754,""dx"":219,""dy"":-72,""t"":13845},{""x"":719,""y"":733,""dx"":223,""dy"":-93,""t"":13930},{""x"":721,""y"":721,""dx"":225,""dy"":-105,""t"":13945},{""x"":720,""y"":679,""dx"":224,""dy"":-147,""t"":14034},{""x"":718,""y"":681,""dx"":222,""dy"":-145,""t"":14050},{""x"":628,""y"":694,""dx"":132,""dy"":-132,""t"":14135},{""x"":551,""y"":705,""dx"":55,""dy"":-121,""t"":14151},{""x"":433,""y"":684,""dx"":-63,""dy"":-142,""t"":14233},{""x"":337,""y"":666,""dx"":-159,""dy"":-160,""t"":14249},{""x"":310,""y"":656,""dx"":-186,""dy"":-170,""t"":14328},{""x"":288,""y"":635,""dx"":-208,""dy"":-191,""t"":14384},{""x"":252,""y"":614,""dx"":-244,""dy"":-212,""t"":14440},{""x"":296,""y"":613,""dx"":-200,""dy"":-213,""t"":14455},{""x"":328,""y"":648,""dx"":-168,""dy"":-178,""t"":14537},{""x"":359,""y"":680,""dx"":-137,""dy"":-146,""t"":14553},{""x"":304,""y"":661,""dx"":-192,""dy"":-165,""t"":14639},{""x"":258,""y"":645,""dx"":-238,""dy"":-181,""t"":14655},{""x"":292,""y"":675,""dx"":-204,""dy"":-151,""t"":14741},{""x"":324,""y"":701,""dx"":-172,""dy"":-125,""t"":14758},{""x"":344,""y"":707,""dx"":-152,""dy"":-119,""t"":14843},{""x"":362,""y"":712,""dx"":-134,""dy"":-114,""t"":14859},{""x"":394,""y"":745,""dx"":-102,""dy"":-81,""t"":14943},{""x"":421,""y"":773,""dx"":-75,""dy"":-53,""t"":14961},{""x"":419,""y"":806,""dx"":-77,""dy"":-20,""t"":15051},{""x"":416,""y"":832,""dx"":-80,""dy"":6,""t"":15067},{""x"":419,""y"":817,""dx"":-77,""dy"":-9,""t"":15153},{""x"":422,""y"":802,""dx"":-74,""dy"":-24,""t"":15169},{""x"":405,""y"":801,""dx"":-91,""dy"":-25,""t"":15254},{""x"":390,""y"":799,""dx"":-106,""dy"":-27,""t"":15269},{""x"":378,""y"":784,""dx"":-118,""dy"":-42,""t"":15354},{""x"":368,""y"":770,""dx"":-128,""dy"":-56,""t"":15369},{""x"":350,""y"":736,""dx"":-146,""dy"":-90,""t"":15454},{""x"":336,""y"":708,""dx"":-160,""dy"":-118,""t"":15472},{""x"":509,""y"":590,""dx"":13,""dy"":-236,""t"":15554},{""x"":526,""y"":496,""dx"":30,""dy"":-330,""t"":15573},{""x"":776,""y"":545,""dx"":280,""dy"":-281,""t"":15657},{""x"":915,""y"":625,""dx"":419,""dy"":-201,""t"":15675},{""x"":1093,""y"":689,""dx"":597,""dy"":-137,""t"":15758},{""x"":1237,""y"":744,""dx"":741,""dy"":-82,""t"":15777},{""x"":1192,""y"":741,""dx"":696,""dy"":-85,""t"":15862},{""x"":1188,""y"":750,""dx"":692,""dy"":-76,""t"":15879},{""x"":1199,""y"":705,""dx"":703,""dy"":-121,""t"":15966},{""x"":1098,""y"":692,""dx"":602,""dy"":-134,""t"":15981}],[{""x"":1564,""y"":539,""dx"":108,""dy"":253,""t"":17024},{""x"":1567,""y"":503,""dx"":111,""dy"":217,""t"":17040},{""x"":1471,""y"":459,""dx"":15,""dy"":173,""t"":17121},{""x"":1428,""y"":403,""dx"":-28,""dy"":117,""t"":17137},{""x"":1359,""y"":321,""dx"":-97,""dy"":35,""t"":17218},{""x"":1346,""y"":270,""dx"":-110,""dy"":-16,""t"":17270},{""x"":1378,""y"":229,""dx"":-78,""dy"":-57,""t"":17284},{""x"":1342,""y"":166,""dx"":-114,""dy"":-120,""t"":17363},{""x"":1372,""y"":173,""dx"":-84,""dy"":-113,""t"":17380},{""x"":1419,""y"":265,""dx"":-37,""dy"":-21,""t"":17460},{""x"":1459,""y"":346,""dx"":3,""dy"":60,""t"":17477},{""x"":1425,""y"":348,""dx"":-31,""dy"":62,""t"":17558},{""x"":1463,""y"":375,""dx"":7,""dy"":89,""t"":17580},{""x"":1437,""y"":352,""dx"":-19,""dy"":66,""t"":17658},{""x"":1431,""y"":360,""dx"":-25,""dy"":74,""t"":17711},{""x"":1383,""y"":354,""dx"":-73,""dy"":68,""t"":17729},{""x"":1413,""y"":334,""dx"":-43,""dy"":48,""t"":17807},{""x"":1439,""y"":317,""dx"":-17,""dy"":31,""t"":17823},{""x"":1421,""y"":257,""dx"":-35,""dy"":-29,""t"":17908},{""x"":1406,""y"":206,""dx"":-50,""dy"":-80,""t"":17923},{""x"":1406,""y"":212,""dx"":-50,""dy"":-74,""t"":18007},{""x"":1449,""y"":199,""dx"":-7,""dy"":-87,""t"":18023},{""x"":1402,""y"":181,""dx"":-54,""dy"":-105,""t"":18104},{""x"":1362,""y"":168,""dx"":-94,""dy"":-118,""t"":18123},{""x"":1345,""y"":148,""dx"":-111,""dy"":-138,""t"":18204},{""x"":1348,""y"":160,""dx"":-108,""dy"":-126,""t"":18253},{""x"":1351,""y"":159,""dx"":-105,""dy"":-127,""t"":18268},{""x"":1365,""y"":162,""dx"":-91,""dy"":-124,""t"":18349},{""x"":1377,""y"":166,""dx"":-79,""dy"":-120,""t"":18364},{""x"":1413,""y"":151,""dx"":-43,""dy"":-135,""t"":18446},{""x"":1445,""y"":160,""dx"":-11,""dy"":-126,""t"":18463},{""x"":1424,""y"":169,""dx"":-32,""dy"":-117,""t"":18543},{""x"":1414,""y"":149,""dx"":-42,""dy"":-137,""t"":18598},{""x"":1405,""y"":133,""dx"":-51,""dy"":-153,""t"":18613},{""x"":1407,""y"":122,""dx"":-49,""dy"":-164,""t"":18692},{""x"":1409,""y"":114,""dx"":-47,""dy"":-172,""t"":18708},{""x"":1397,""y"":109,""dx"":-59,""dy"":-177,""t"":18787},{""x"":1387,""y"":106,""dx"":-69,""dy"":-180,""t"":18804},{""x"":1467,""y"":174,""dx"":11,""dy"":-112,""t"":18883},{""x"":1536,""y"":233,""dx"":80,""dy"":-53,""t"":18905},{""x"":1534,""y"":271,""dx"":78,""dy"":-15,""t"":18986},{""x"":1562,""y"":318,""dx"":106,""dy"":32,""t"":19039},{""x"":1584,""y"":356,""dx"":128,""dy"":70,""t"":19054},{""x"":1597,""y"":366,""dx"":141,""dy"":80,""t"":19134},{""x"":1607,""y"":372,""dx"":151,""dy"":86,""t"":19151},{""x"":1582,""y"":370,""dx"":126,""dy"":84,""t"":19233},{""x"":1543,""y"":352,""dx"":87,""dy"":66,""t"":19248},{""x"":1503,""y"":333,""dx"":47,""dy"":47,""t"":19330},{""x"":1464,""y"":287,""dx"":8,""dy"":1,""t"":19348},{""x"":1452,""y"":261,""dx"":-4,""dy"":-25,""t"":19426},{""x"":1414,""y"":252,""dx"":-42,""dy"":-34,""t"":19449},{""x"":1347,""y"":206,""dx"":-109,""dy"":-80,""t"":19531},{""x"":1349,""y"":222,""dx"":-107,""dy"":-64,""t"":19551},{""x"":1350,""y"":189,""dx"":-106,""dy"":-97,""t"":19633},{""x"":1310,""y"":178,""dx"":-146,""dy"":-108,""t"":19684},{""x"":1278,""y"":170,""dx"":-178,""dy"":-116,""t"":19699},{""x"":1310,""y"":154,""dx"":-146,""dy"":-132,""t"":19781},{""x"":1311,""y"":176,""dx"":-145,""dy"":-110,""t"":19796},{""x"":1294,""y"":188,""dx"":-162,""dy"":-98,""t"":19874},{""x"":1281,""y"":199,""dx"":-175,""dy"":-87,""t"":19891},{""x"":1413,""y"":205,""dx"":-43,""dy"":-81,""t"":19976},{""x"":1526,""y"":210,""dx"":70,""dy"":-76,""t"":19994}]]","[65,46.666666666666664,95.08196721311475,36.666666666666664,95.16129032258065]","[{""x"":-71.35,""y"":-101.48333333333333,""r"":197.71459397291272},{""x"":19.116666666666667,""y"":-50.96666666666667,""r"":246.58443894488886},{""x"":4.655737704918033,""y"":40.622950819672134,""r"":127.05380954020141},{""x"":106.75,""y"":-123.33333333333333,""r"":330.8826286378801},{""x"":-32.725806451612904,""y"":-37.82258064516129,""r"":165.63520734928005}]","[[75,75],[25,25],[50,50],[25,75],[75,25]]",20.02,"""",2021-06-16 16:45:48,,"Mozilla/5.0 (Windows NT 10.0; Win64; x64) AppleWebKit/537.36 (KHTML, like Gecko) Chrome/91.0.4472.106 Safari/537.36",WebKit,Chrome,91.0.4472.106,Windows,10.0
176,248,1,"""","""","""","""","""",html-keyboard-response,176,1149471,0.0-18.0-0.0,main,29KKCMFL,1920,1080,exp_98,0.262294910469391,4.9,4008.899999976158,"
            <div style=""max-width: 800px"">
            <h1><img src=""icons/arrows-up_inv.png"", width=""50""/><br><br>Main task</h1>
            <p align=""justify"">Get ready for the the second half of the task! Please remember to keep your head still, and focus on the ""<strong>+</strong>"" between trials. Good luck!</p>
            <p>Press <strong><em>SPACE BAR</em></strong> to start the last block.</p>
            </div>", ,"""","""","""","""","""","""","""","""","""","""","""","""","""","""","""","""","""","""","""","""","""","""","""","""","""","""","""","""","""",2021-06-16 16:45:48,,"Mozilla/5.0 (Windows NT 10.0; Win64; x64) AppleWebKit/537.36 (KHTML, like Gecko) Chrome/91.0.4472.106 Safari/537.36",WebKit,Chrome,91.0.4472.106,Windows,10.0
177,248,1,"""","""","""","""","""",html-keyboard-response,177,1151996,0.0-18.0-1.0-1.0,main,29KKCMFL,1920,1080,exp_98,0.262294910469391,4.9,,"<p style=""font-size:40px;"">+</p>",,"""","""","""","""","[{""x"":1388,""y"":372,""t"":0},{""x"":1357,""y"":427,""t"":61},{""x"":1283,""y"":499,""t"":77},{""x"":1087,""y"":592,""t"":159},{""x"":1018,""y"":668,""t"":176},{""x"":986,""y"":737,""t"":256},{""x"":991,""y"":733,""t"":273},{""x"":993,""y"":727,""t"":353},{""x"":981,""y"":713,""t"":375},{""x"":1000,""y"":698,""t"":453}]",{},"""","""","""","""","""","""","""","""","""","""","""","""","""","""","""","""","""","""","""","""","""","""","""",2021-06-16 16:45:48,,"Mozilla/5.0 (Windows NT 10.0; Win64; x64) AppleWebKit/537.36 (KHTML, like Gecko) Chrome/91.0.4472.106 Safari/537.36",WebKit,Chrome,91.0.4472.106,Windows,10.0
178,248,1,"""","""","""","""","""",two-gamble-sequence,178,1158826,0.0-18.0-1.0-2.0,main,29KKCMFL,1920,1080,exp_98,0.262294910469391,4.9,1125.1000000238419,"""","""","""","""","""","""","[{""x"":994,""y"":690,""t"":-17},{""x"":1004,""y"":676,""t"":0},{""x"":1014,""y"":663,""t"":77},{""x"":1032,""y"":619,""t"":180},{""x"":1048,""y"":581,""t"":206},{""x"":1075,""y"":539,""t"":285},{""x"":1187,""y"":556,""t"":336},{""x"":1282,""y"":572,""t"":351},{""x"":1381,""y"":561,""t"":433},{""x"":1412,""y"":586,""t"":448},{""x"":1432,""y"":520,""t"":530},{""x"":1425,""y"":473,""t"":545},{""x"":1392,""y"":445,""t"":629},{""x"":1360,""y"":422,""t"":646},{""x"":1329,""y"":386,""t"":724},{""x"":1443,""y"":439,""t"":777},{""x"":1540,""y"":487,""t"":792},{""x"":1610,""y"":516,""t"":871},{""x"":1687,""y"":537,""t"":887},{""x"":1753,""y"":556,""t"":966},{""x"":1723,""y"":564,""t"":1020},{""x"":1709,""y"":531,""t"":1038},{""x"":1687,""y"":484,""t"":1089},{""x"":1650,""y"":447,""t"":1170},{""x"":1646,""y"":422,""t"":1221},{""x"":1613,""y"":386,""t"":1236},{""x"":1499,""y"":385,""t"":1317},{""x"":1401,""y"":385,""t"":1332},{""x"":1359,""y"":336,""t"":1417},{""x"":1320,""y"":268,""t"":1434},{""x"":985,""y"":272,""t"":1517},{""x"":766,""y"":304,""t"":1534},{""x"":700,""y"":398,""t"":1614},{""x"":654,""y"":479,""t"":1633},{""x"":588,""y"":530,""t"":1714},{""x"":507,""y"":549,""t"":1766},{""x"":448,""y"":552,""t"":1780},{""x"":428,""y"":610,""t"":1859},{""x"":361,""y"":604,""t"":1874},{""x"":385,""y"":585,""t"":1955},{""x"":372,""y"":568,""t"":1974},{""x"":358,""y"":551,""t"":2054},{""x"":350,""y"":490,""t"":2105},{""x"":348,""y"":438,""t"":2121},{""x"":365,""y"":431,""t"":2200},{""x"":384,""y"":425,""t"":2215},{""x"":396,""y"":436,""t"":2295},{""x"":409,""y"":447,""t"":2314},{""x"":632,""y"":394,""t"":2394},{""x"":823,""y"":350,""t"":2415},{""x"":883,""y"":304,""t"":2499},{""x"":929,""y"":267,""t"":2517},{""x"":950,""y"":226,""t"":2596},{""x"":1061,""y"":227,""t"":2649},{""x"":1151,""y"":231,""t"":2665},{""x"":1214,""y"":231,""t"":2743},{""x"":1262,""y"":234,""t"":2761},{""x"":1295,""y"":253,""t"":2842},{""x"":1338,""y"":287,""t"":2856},{""x"":1393,""y"":309,""t"":2938},{""x"":1463,""y"":329,""t"":2989},{""x"":1516,""y"":345,""t"":3005},{""x"":1561,""y"":470,""t"":3084},{""x"":1611,""y"":567,""t"":3100},{""x"":1536,""y"":636,""t"":3179},{""x"":1488,""y"":644,""t"":3197},{""x"":1453,""y"":728,""t"":3275},{""x"":1407,""y"":715,""t"":3327},{""x"":1362,""y"":698,""t"":3342},{""x"":1260,""y"":681,""t"":3425},{""x"":1380,""y"":678,""t"":3440},{""x"":1398,""y"":641,""t"":3521},{""x"":1408,""y"":626,""t"":3536},{""x"":1372,""y"":585,""t"":3618},{""x"":1341,""y"":523,""t"":3671},{""x"":1367,""y"":452,""t"":3686},{""x"":1354,""y"":408,""t"":3765},{""x"":1272,""y"":405,""t"":3782},{""x"":1317,""y"":399,""t"":3861},{""x"":1357,""y"":395,""t"":3877},{""x"":1356,""y"":402,""t"":3960},{""x"":1355,""y"":410,""t"":3979},{""x"":1387,""y"":420,""t"":4062},{""x"":1414,""y"":429,""t"":4080},{""x"":1067,""y"":460,""t"":4161},{""x"":755,""y"":534,""t"":4215},{""x"":495,""y"":597,""t"":4231},{""x"":334,""y"":609,""t"":4310},{""x"":210,""y"":618,""t"":4324},{""x"":117,""y"":660,""t"":4408},{""x"":51,""y"":693,""t"":4423},{""x"":14,""y"":706,""t"":4511},{""x"":-6,""y"":714,""t"":4526},{""x"":-75,""y"":691,""t"":4609},{""x"":-89,""y"":669,""t"":4625},{""x"":-5,""y"":638,""t"":4708},{""x"":75,""y"":611,""t"":4726},{""x"":71,""y"":613,""t"":4809},{""x"":72,""y"":614,""t"":4828},{""x"":269,""y"":550,""t"":4908},{""x"":438,""y"":495,""t"":4931},{""x"":585,""y"":462,""t"":5015},{""x"":706,""y"":436,""t"":5033},{""x"":885,""y"":381,""t"":5117},{""x"":1030,""y"":336,""t"":5136},{""x"":1049,""y"":353,""t"":5219},{""x"":1055,""y"":371,""t"":5237},{""x"":1072,""y"":369,""t"":5320},{""x"":1078,""y"":369,""t"":5339},{""x"":1107,""y"":391,""t"":5422},{""x"":1125,""y"":411,""t"":5441},{""x"":1068,""y"":451,""t"":5521},{""x"":969,""y"":520,""t"":5574},{""x"":893,""y"":586,""t"":5591},{""x"":730,""y"":624,""t"":5638},{""x"":582,""y"":660,""t"":5686},{""x"":788,""y"":744,""t"":5765},{""x"":948,""y"":708,""t"":5781},{""x"":1232,""y"":739,""t"":5862},{""x"":1427,""y"":723,""t"":5883},{""x"":1535,""y"":771,""t"":5964},{""x"":1673,""y"":812,""t"":6017},{""x"":1781,""y"":844,""t"":6032},{""x"":1749,""y"":772,""t"":6115},{""x"":1721,""y"":771,""t"":6130},{""x"":1691,""y"":751,""t"":6211},{""x"":1659,""y"":733,""t"":6227},{""x"":1572,""y"":722,""t"":6312},{""x"":1494,""y"":713,""t"":6327},{""x"":1444,""y"":688,""t"":6409},{""x"":1402,""y"":667,""t"":6427},{""x"":1372,""y"":654,""t"":6506},{""x"":1349,""y"":643,""t"":6529},{""x"":1281,""y"":623,""t"":6607},{""x"":1225,""y"":608,""t"":6631},{""x"":1227,""y"":537,""t"":6714},{""x"":1231,""y"":478,""t"":6732}]",{},j,0.22,0.79,0.49,0.42000000000000004,0.49,0.22,0.42000000000000004,0.79,experimental,exp_118,"{""durations"":[1000,1500,1000,1500],""alternatives"":[0,1,0,1],""attributes"":[""all"",""all"",""all"",""all""]}",0,0.49,0.42000000000000004,1920,1080,"""","""","""","""","""","""",2021-06-16 16:45:48,,"Mozilla/5.0 (Windows NT 10.0; Win64; x64) AppleWebKit/537.36 (KHTML, like Gecko) Chrome/91.0.4472.106 Safari/537.36",WebKit,Chrome,91.0.4472.106,Windows,10.0
179,248,1,"""","""","""","""","""",html-keyboard-response,179,1159333,0.0-18.0-1.0-1.1,main,29KKCMFL,1920,1080,exp_98,0.262294910469391,4.9,,"<p style=""font-size:40px;"">+</p>",,"""","""","""","""","[{""x"":1218,""y"":449,""t"":-16},{""x"":1221,""y"":472,""t"":0},{""x"":1270,""y"":543,""t"":93},{""x"":1162,""y"":640,""t"":109},{""x"":1247,""y"":622,""t"":193},{""x"":1356,""y"":604,""t"":208},{""x"":1330,""y"":611,""t"":291},{""x"":1307,""y"":617,""t"":308},{""x"":1133,""y"":624,""t"":390},{""x"":952,""y"":616,""t"":408}]",{},"""","""","""","""","""","""","""","""","""","""","""","""","""","""","""","""","""","""","""","""","""","""","""",2021-06-16 16:45:48,,"Mozilla/5.0 (Windows NT 10.0; Win64; x64) AppleWebKit/537.36 (KHTML, like Gecko) Chrome/91.0.4472.106 Safari/537.36",WebKit,Chrome,91.0.4472.106,Windows,10.0
180,248,1,"""","""","""","""","""",two-gamble-sequence,180,1165505,0.0-18.0-1.0-2.1,main,29KKCMFL,1920,1080,exp_98,0.262294910469391,4.9,462.60000002384186,"""","""","""","""","""","""","[{""x"":842,""y"":629,""t"":-18},{""x"":782,""y"":657,""t"":0},{""x"":710,""y"":643,""t"":110},{""x"":664,""y"":614,""t"":181},{""x"":632,""y"":589,""t"":205},{""x"":746,""y"":592,""t"":284},{""x"":893,""y"":621,""t"":342},{""x"":793,""y"":634,""t"":397},{""x"":709,""y"":644,""t"":412},{""x"":671,""y"":629,""t"":490},{""x"":677,""y"":581,""t"":541},{""x"":745,""y"":596,""t"":557},{""x"":881,""y"":585,""t"":637},{""x"":998,""y"":575,""t"":652},{""x"":1187,""y"":570,""t"":735},{""x"":1345,""y"":566,""t"":750},{""x"":1352,""y"":546,""t"":831},{""x"":1421,""y"":579,""t"":851},{""x"":1457,""y"":547,""t"":931},{""x"":1570,""y"":526,""t"":982},{""x"":1576,""y"":520,""t"":999},{""x"":1639,""y"":524,""t"":1082},{""x"":1686,""y"":529,""t"":1097},{""x"":1678,""y"":541,""t"":1176},{""x"":1700,""y"":561,""t"":1192},{""x"":1612,""y"":474,""t"":1270},{""x"":1532,""y"":401,""t"":1292},{""x"":1467,""y"":328,""t"":1374},{""x"":1214,""y"":265,""t"":1426},{""x"":998,""y"":214,""t"":1441},{""x"":824,""y"":188,""t"":1517},{""x"":715,""y"":118,""t"":1534},{""x"":651,""y"":85,""t"":1614},{""x"":655,""y"":55,""t"":1632},{""x"":573,""y"":124,""t"":1711},{""x"":525,""y"":113,""t"":1734},{""x"":539,""y"":187,""t"":1814},{""x"":635,""y"":209,""t"":1868},{""x"":654,""y"":230,""t"":1882},{""x"":814,""y"":324,""t"":1967},{""x"":952,""y"":403,""t"":1982},{""x"":1099,""y"":448,""t"":2065},{""x"":1221,""y"":482,""t"":2080},{""x"":1312,""y"":508,""t"":2171},{""x"":1384,""y"":545,""t"":2187},{""x"":1492,""y"":584,""t"":2269},{""x"":1577,""y"":613,""t"":2284},{""x"":1564,""y"":673,""t"":2363},{""x"":1545,""y"":720,""t"":2381},{""x"":1358,""y"":706,""t"":2460},{""x"":1194,""y"":690,""t"":2483},{""x"":1117,""y"":697,""t"":2559},{""x"":1063,""y"":676,""t"":2613},{""x"":1019,""y"":656,""t"":2630},{""x"":983,""y"":638,""t"":2710},{""x"":956,""y"":621,""t"":2725},{""x"":949,""y"":615,""t"":2806},{""x"":946,""y"":610,""t"":2824},{""x"":992,""y"":619,""t"":2903},{""x"":1027,""y"":600,""t"":2955},{""x"":994,""y"":559,""t"":2969},{""x"":760,""y"":501,""t"":3054},{""x"":543,""y"":452,""t"":3070},{""x"":534,""y"":423,""t"":3149},{""x"":484,""y"":420,""t"":3164},{""x"":479,""y"":395,""t"":3244},{""x"":520,""y"":343,""t"":3264},{""x"":569,""y"":275,""t"":3343},{""x"":615,""y"":220,""t"":3367},{""x"":691,""y"":203,""t"":3450},{""x"":895,""y"":264,""t"":3503},{""x"":1071,""y"":303,""t"":3556},{""x"":1217,""y"":337,""t"":3572},{""x"":1322,""y"":365,""t"":3653},{""x"":1404,""y"":389,""t"":3673},{""x"":1490,""y"":433,""t"":3753},{""x"":1436,""y"":386,""t"":3775},{""x"":1427,""y"":440,""t"":3857},{""x"":1544,""y"":484,""t"":3877},{""x"":1441,""y"":510,""t"":3959},{""x"":1442,""y"":537,""t"":4011},{""x"":1254,""y"":543,""t"":4027},{""x"":1163,""y"":472,""t"":4077},{""x"":909,""y"":520,""t"":4127},{""x"":738,""y"":481,""t"":4211},{""x"":599,""y"":446,""t"":4226},{""x"":506,""y"":430,""t"":4308},{""x"":446,""y"":431,""t"":4323},{""x"":466,""y"":453,""t"":4407},{""x"":491,""y"":472,""t"":4423},{""x"":508,""y"":541,""t"":4505},{""x"":528,""y"":599,""t"":4522},{""x"":534,""y"":643,""t"":4602},{""x"":543,""y"":678,""t"":4624},{""x"":592,""y"":711,""t"":4703},{""x"":615,""y"":726,""t"":4756},{""x"":636,""y"":736,""t"":4770},{""x"":719,""y"":711,""t"":4850},{""x"":676,""y"":718,""t"":4866},{""x"":895,""y"":751,""t"":4946},{""x"":1084,""y"":742,""t"":4964},{""x"":1238,""y"":744,""t"":5048},{""x"":1389,""y"":766,""t"":5099},{""x"":1455,""y"":737,""t"":5114},{""x"":1371,""y"":763,""t"":5165},{""x"":1514,""y"":840,""t"":5216},{""x"":1474,""y"":816,""t"":5296},{""x"":1433,""y"":794,""t"":5311},{""x"":1265,""y"":757,""t"":5390},{""x"":1277,""y"":769,""t"":5407},{""x"":1302,""y"":758,""t"":5490},{""x"":1322,""y"":748,""t"":5508},{""x"":1425,""y"":795,""t"":5590},{""x"":1256,""y"":876,""t"":5611},{""x"":1308,""y"":850,""t"":5695},{""x"":1352,""y"":826,""t"":5713},{""x"":1395,""y"":830,""t"":5793},{""x"":1431,""y"":832,""t"":5815},{""x"":1385,""y"":812,""t"":5898},{""x"":1343,""y"":795,""t"":5916},{""x"":1389,""y"":783,""t"":5998},{""x"":1428,""y"":773,""t"":6018},{""x"":1312,""y"":770,""t"":6105}]",{},f,0.7,0.18,0.29,0.5,0.7,0.29,0.18,0.5,experimental,exp_13,"{""durations"":[1500,1000,1500,1000],""alternatives"":[""all"",""all"",""all"",""all""],""attributes"":[""m"",""p"",""m"",""p""]}",0,0.7,0.18,1920,1080,"""","""","""","""","""","""",2021-06-16 16:45:48,,"Mozilla/5.0 (Windows NT 10.0; Win64; x64) AppleWebKit/537.36 (KHTML, like Gecko) Chrome/91.0.4472.106 Safari/537.36",WebKit,Chrome,91.0.4472.106,Windows,10.0
181,248,1,"""","""","""","""","""",html-keyboard-response,181,1166013,0.0-18.0-1.0-1.2,main,29KKCMFL,1920,1080,exp_98,0.262294910469391,4.9,,"<p style=""font-size:40px;"">+</p>",,"""","""","""","""","[{""x"":1334,""y"":748,""t"":-50},{""x"":1328,""y"":742,""t"":0},{""x"":1364,""y"":777,""t"":97},{""x"":1361,""y"":778,""t"":112},{""x"":1399,""y"":833,""t"":195},{""x"":1398,""y"":860,""t"":211},{""x"":1384,""y"":812,""t"":294},{""x"":1433,""y"":761,""t"":309},{""x"":1428,""y"":680,""t"":391},{""x"":1314,""y"":589,""t"":408}]",{},"""","""","""","""","""","""","""","""","""","""","""","""","""","""","""","""","""","""","""","""","""","""","""",2021-06-16 16:45:48,,"Mozilla/5.0 (Windows NT 10.0; Win64; x64) AppleWebKit/537.36 (KHTML, like Gecko) Chrome/91.0.4472.106 Safari/537.36",WebKit,Chrome,91.0.4472.106,Windows,10.0
182,248,1,"""","""","""","""","""",two-gamble-sequence,182,1172233,0.0-18.0-1.0-2.2,main,29KKCMFL,1920,1080,exp_98,0.262294910469391,4.9,507.89999997615814,"""","""","""","""","""","""","[{""x"":1347,""y"":514,""t"":-17},{""x"":1377,""y"":453,""t"":0},{""x"":1415,""y"":397,""t"":107},{""x"":1411,""y"":352,""t"":182},{""x"":1404,""y"":356,""t"":205},{""x"":1335,""y"":415,""t"":285},{""x"":1276,""y"":469,""t"":307},{""x"":1230,""y"":492,""t"":391},{""x"":1192,""y"":513,""t"":409},{""x"":1284,""y"":475,""t"":485},{""x"":1370,""y"":441,""t"":541},{""x"":1443,""y"":414,""t"":556},{""x"":1559,""y"":510,""t"":639},{""x"":1655,""y"":593,""t"":655},{""x"":1741,""y"":619,""t"":733},{""x"":1809,""y"":639,""t"":749},{""x"":1841,""y"":681,""t"":832},{""x"":1863,""y"":714,""t"":851},{""x"":1815,""y"":731,""t"":929},{""x"":1829,""y"":747,""t"":953},{""x"":1804,""y"":742,""t"":1032},{""x"":1776,""y"":744,""t"":1087},{""x"":1790,""y"":736,""t"":1102},{""x"":1689,""y"":672,""t"":1180},{""x"":1684,""y"":606,""t"":1194},{""x"":1639,""y"":537,""t"":1271},{""x"":1614,""y"":497,""t"":1325},{""x"":1619,""y"":469,""t"":1340},{""x"":1602,""y"":449,""t"":1390},{""x"":1518,""y"":419,""t"":1438},{""x"":1438,""y"":395,""t"":1516},{""x"":1379,""y"":389,""t"":1532},{""x"":1363,""y"":374,""t"":1610},{""x"":1353,""y"":364,""t"":1632},{""x"":1108,""y"":472,""t"":1710},{""x"":906,""y"":524,""t"":1767},{""x"":741,""y"":568,""t"":1783},{""x"":604,""y"":593,""t"":1864},{""x"":498,""y"":613,""t"":1880},{""x"":461,""y"":642,""t"":1961},{""x"":441,""y"":665,""t"":1978},{""x"":385,""y"":660,""t"":2056},{""x"":347,""y"":653,""t"":2074},{""x"":284,""y"":619,""t"":2152},{""x"":304,""y"":640,""t"":2207},{""x"":328,""y"":658,""t"":2223},{""x"":337,""y"":637,""t"":2304},{""x"":349,""y"":619,""t"":2318},{""x"":370,""y"":605,""t"":2402},{""x"":390,""y"":594,""t"":2416},{""x"":420,""y"":581,""t"":2495},{""x"":448,""y"":570,""t"":2516},{""x"":449,""y"":551,""t"":2599},{""x"":450,""y"":535,""t"":2619},{""x"":442,""y"":524,""t"":2702},{""x"":452,""y"":525,""t"":2756},{""x"":464,""y"":552,""t"":2811},{""x"":473,""y"":575,""t"":2826},{""x"":600,""y"":566,""t"":2909},{""x"":695,""y"":554,""t"":2924},{""x"":883,""y"":521,""t"":3013},{""x"":1039,""y"":492,""t"":3029},{""x"":1142,""y"":451,""t"":3108},{""x"":1221,""y"":417,""t"":3129},{""x"":1326,""y"":452,""t"":3207},{""x"":1475,""y"":485,""t"":3259},{""x"":1593,""y"":514,""t"":3275},{""x"":1672,""y"":549,""t"":3356},{""x"":1727,""y"":579,""t"":3371},{""x"":1758,""y"":598,""t"":3453},{""x"":1775,""y"":613,""t"":3469},{""x"":1771,""y"":625,""t"":3554},{""x"":1766,""y"":676,""t"":3572},{""x"":1474,""y"":673,""t"":3653},{""x"":1205,""y"":596,""t"":3705},{""x"":998,""y"":500,""t"":3720},{""x"":806,""y"":446,""t"":3801},{""x"":650,""y"":401,""t"":3816},{""x"":556,""y"":395,""t"":3899},{""x"":455,""y"":362,""t"":3915},{""x"":346,""y"":347,""t"":3998},{""x"":263,""y"":337,""t"":4012},{""x"":177,""y"":369,""t"":4094},{""x"":115,""y"":399,""t"":4114},{""x"":108,""y"":432,""t"":4197},{""x"":26,""y"":441,""t"":4216},{""x"":-27,""y"":459,""t"":4297},{""x"":-4,""y"":426,""t"":4318},{""x"":44,""y"":460,""t"":4403},{""x"":20,""y"":470,""t"":4421},{""x"":222,""y"":562,""t"":4502},{""x"":520,""y"":543,""t"":4555},{""x"":774,""y"":525,""t"":4569},{""x"":891,""y"":575,""t"":4651},{""x"":1069,""y"":617,""t"":4666},{""x"":1107,""y"":637,""t"":4749},{""x"":1129,""y"":652,""t"":4764},{""x"":1001,""y"":620,""t"":4845},{""x"":896,""y"":592,""t"":4863},{""x"":874,""y"":624,""t"":4946},{""x"":853,""y"":651,""t"":4965},{""x"":857,""y"":745,""t"":5046},{""x"":867,""y"":648,""t"":5066},{""x"":764,""y"":645,""t"":5149},{""x"":714,""y"":633,""t"":5169},{""x"":715,""y"":605,""t"":5251},{""x"":764,""y"":605,""t"":5270},{""x"":878,""y"":688,""t"":5351},{""x"":975,""y"":759,""t"":5373},{""x"":1057,""y"":714,""t"":5455},{""x"":1099,""y"":735,""t"":5474},{""x"":1105,""y"":687,""t"":5555},{""x"":1182,""y"":675,""t"":5609},{""x"":1193,""y"":663,""t"":5624},{""x"":1206,""y"":662,""t"":5708},{""x"":1213,""y"":661,""t"":5724},{""x"":1152,""y"":662,""t"":5805},{""x"":1156,""y"":672,""t"":5821},{""x"":1089,""y"":662,""t"":5905},{""x"":1145,""y"":664,""t"":5920},{""x"":1088,""y"":669,""t"":6003},{""x"":1152,""y"":684,""t"":6019},{""x"":1273,""y"":745,""t"":6102},{""x"":1386,""y"":777,""t"":6120}]",{},f,0.47,0.6,0.23,0.5,0.23,0.47,0.5,0.6,experimental,catch_12,"{""durations"":[1250,1250,1250,1250],""attributes"":[""all"",""all"",""all"",""all""],""alternatives"":[0,1,0,1]}",1,0.47,0.6,1920,1080,"""","""","""","""","""","""",2021-06-16 16:45:48,,"Mozilla/5.0 (Windows NT 10.0; Win64; x64) AppleWebKit/537.36 (KHTML, like Gecko) Chrome/91.0.4472.106 Safari/537.36",WebKit,Chrome,91.0.4472.106,Windows,10.0
183,248,1,"""","""","""","""","""",html-keyboard-response,183,1172776,0.0-18.0-1.0-1.3,main,29KKCMFL,1920,1080,exp_98,0.262294910469391,4.9,,"<p style=""font-size:40px;"">+</p>",,"""","""","""","""","[{""x"":1575,""y"":745,""t"":-16},{""x"":1732,""y"":716,""t"":0},{""x"":1612,""y"":740,""t"":119},{""x"":1666,""y"":711,""t"":137},{""x"":1500,""y"":741,""t"":222},{""x"":1354,""y"":765,""t"":239},{""x"":1214,""y"":789,""t"":327},{""x"":1096,""y"":809,""t"":343},{""x"":1020,""y"":799,""t"":427},{""x"":947,""y"":751,""t"":443}]",{},"""","""","""","""","""","""","""","""","""","""","""","""","""","""","""","""","""","""","""","""","""","""","""",2021-06-16 16:45:48,,"Mozilla/5.0 (Windows NT 10.0; Win64; x64) AppleWebKit/537.36 (KHTML, like Gecko) Chrome/91.0.4472.106 Safari/537.36",WebKit,Chrome,91.0.4472.106,Windows,10.0
184,248,1,"""","""","""","""","""",two-gamble-sequence,184,1178942,0.0-18.0-1.0-2.3,main,29KKCMFL,1920,1080,exp_98,0.262294910469391,4.9,468.5,"""","""","""","""","""","""","[{""x"":924,""y"":738,""t"":-16},{""x"":910,""y"":727,""t"":0},{""x"":739,""y"":732,""t"":92},{""x"":698,""y"":757,""t"":114},{""x"":678,""y"":746,""t"":179},{""x"":794,""y"":737,""t"":254},{""x"":877,""y"":757,""t"":303},{""x"":950,""y"":774,""t"":349},{""x"":871,""y"":702,""t"":430},{""x"":804,""y"":641,""t"":445},{""x"":947,""y"":619,""t"":526},{""x"":1002,""y"":593,""t"":545},{""x"":1040,""y"":555,""t"":628},{""x"":1071,""y"":525,""t"":647},{""x"":1096,""y"":514,""t"":729},{""x"":1116,""y"":507,""t"":748},{""x"":1237,""y"":549,""t"":828},{""x"":1338,""y"":588,""t"":850},{""x"":1291,""y"":636,""t"":928},{""x"":1374,""y"":570,""t"":989},{""x"":1471,""y"":510,""t"":1041},{""x"":1549,""y"":459,""t"":1057},{""x"":1623,""y"":422,""t"":1137},{""x"":1568,""y"":399,""t"":1190},{""x"":1580,""y"":378,""t"":1205},{""x"":1568,""y"":398,""t"":1282},{""x"":1578,""y"":392,""t"":1297},{""x"":1565,""y"":411,""t"":1379},{""x"":1550,""y"":428,""t"":1395},{""x"":1537,""y"":441,""t"":1473},{""x"":1431,""y"":443,""t"":1528},{""x"":1340,""y"":444,""t"":1543},{""x"":1275,""y"":447,""t"":1626},{""x"":1222,""y"":450,""t"":1641},{""x"":1186,""y"":452,""t"":1720},{""x"":1160,""y"":453,""t"":1735},{""x"":1139,""y"":504,""t"":1814},{""x"":1096,""y"":603,""t"":1867},{""x"":1062,""y"":686,""t"":1881},{""x"":936,""y"":771,""t"":1958},{""x"":795,""y"":767,""t"":1973},{""x"":650,""y"":739,""t"":2053},{""x"":533,""y"":711,""t"":2075},{""x"":469,""y"":687,""t"":2152},{""x"":434,""y"":671,""t"":2210},{""x"":384,""y"":595,""t"":2272},{""x"":343,""y"":504,""t"":2286},{""x"":307,""y"":403,""t"":2365},{""x"":300,""y"":407,""t"":2381},{""x"":346,""y"":345,""t"":2457},{""x"":355,""y"":340,""t"":2509},{""x"":368,""y"":340,""t"":2525},{""x"":482,""y"":354,""t"":2607},{""x"":581,""y"":369,""t"":2624},{""x"":588,""y"":372,""t"":2704},{""x"":593,""y"":376,""t"":2720},{""x"":630,""y"":381,""t"":2801},{""x"":660,""y"":400,""t"":2852},{""x"":683,""y"":416,""t"":2867},{""x"":859,""y"":390,""t"":2946},{""x"":945,""y"":375,""t"":2961},{""x"":1045,""y"":344,""t"":3042},{""x"":1125,""y"":318,""t"":3061},{""x"":1185,""y"":293,""t"":3141},{""x"":1175,""y"":298,""t"":3193},{""x"":1160,""y"":305,""t"":3209},{""x"":1208,""y"":410,""t"":3292},{""x"":1244,""y"":501,""t"":3306},{""x"":1377,""y"":585,""t"":3386},{""x"":1426,""y"":604,""t"":3402},{""x"":1431,""y"":675,""t"":3481},{""x"":1429,""y"":732,""t"":3503},{""x"":1318,""y"":740,""t"":3587},{""x"":1219,""y"":743,""t"":3605},{""x"":1215,""y"":728,""t"":3684},{""x"":1218,""y"":707,""t"":3737},{""x"":1220,""y"":688,""t"":3751},{""x"":1270,""y"":676,""t"":3832},{""x"":1312,""y"":664,""t"":3847},{""x"":1433,""y"":666,""t"":3931},{""x"":1519,""y"":649,""t"":3946},{""x"":1583,""y"":630,""t"":4030},{""x"":1639,""y"":642,""t"":4047},{""x"":1677,""y"":698,""t"":4134},{""x"":1643,""y"":711,""t"":4149},{""x"":1518,""y"":738,""t"":4234},{""x"":1408,""y"":760,""t"":4252},{""x"":1301,""y"":729,""t"":4339},{""x"":1211,""y"":702,""t"":4354},{""x"":1071,""y"":628,""t"":4438},{""x"":935,""y"":535,""t"":4456},{""x"":821,""y"":413,""t"":4541},{""x"":731,""y"":312,""t"":4558},{""x"":643,""y"":251,""t"":4642},{""x"":503,""y"":319,""t"":4659},{""x"":524,""y"":364,""t"":4740},{""x"":553,""y"":407,""t"":4761},{""x"":603,""y"":426,""t"":4843},{""x"":438,""y"":470,""t"":4862},{""x"":399,""y"":467,""t"":4945},{""x"":450,""y"":449,""t"":4965},{""x"":486,""y"":425,""t"":5048},{""x"":543,""y"":424,""t"":5068},{""x"":627,""y"":432,""t"":5151},{""x"":701,""y"":440,""t"":5169},{""x"":870,""y"":413,""t"":5251},{""x"":1013,""y"":391,""t"":5272},{""x"":1133,""y"":383,""t"":5356},{""x"":1160,""y"":378,""t"":5372},{""x"":1202,""y"":426,""t"":5454},{""x"":1125,""y"":540,""t"":5507},{""x"":1104,""y"":630,""t"":5522},{""x"":1051,""y"":690,""t"":5605},{""x"":1004,""y"":738,""t"":5620},{""x"":1048,""y"":735,""t"":5703},{""x"":1122,""y"":694,""t"":5719},{""x"":1135,""y"":742,""t"":5799},{""x"":1201,""y"":739,""t"":5815},{""x"":1242,""y"":762,""t"":5900},{""x"":1347,""y"":770,""t"":5916},{""x"":1376,""y"":774,""t"":5996},{""x"":1492,""y"":737,""t"":6018},{""x"":1473,""y"":761,""t"":6100}]",{},j,0.49,0.8300000000000001,0.79,0.53,0.79,0.49,0.53,0.8300000000000001,experimental,exp_0,"{""durations"":[1500,1000,1500,1000],""alternatives"":[0,1,0,1],""attributes"":[""all"",""all"",""all"",""all""]}",0,0.79,0.53,1920,1080,"""","""","""","""","""","""",2021-06-16 16:45:48,,"Mozilla/5.0 (Windows NT 10.0; Win64; x64) AppleWebKit/537.36 (KHTML, like Gecko) Chrome/91.0.4472.106 Safari/537.36",WebKit,Chrome,91.0.4472.106,Windows,10.0
185,248,1,"""","""","""","""","""",html-keyboard-response,185,1179444,0.0-18.0-1.0-1.4,main,29KKCMFL,1920,1080,exp_98,0.262294910469391,4.9,,"<p style=""font-size:40px;"">+</p>",,"""","""","""","""","[{""x"":1463,""y"":807,""t"":-17},{""x"":1395,""y"":820,""t"":0},{""x"":1334,""y"":813,""t"":107},{""x"":1279,""y"":902,""t"":167},{""x"":1410,""y"":859,""t"":182},{""x"":1522,""y"":834,""t"":268},{""x"":1615,""y"":811,""t"":283},{""x"":1592,""y"":770,""t"":369},{""x"":1546,""y"":713,""t"":385}]",{},"""","""","""","""","""","""","""","""","""","""","""","""","""","""","""","""","""","""","""","""","""","""","""",2021-06-16 16:45:48,,"Mozilla/5.0 (Windows NT 10.0; Win64; x64) AppleWebKit/537.36 (KHTML, like Gecko) Chrome/91.0.4472.106 Safari/537.36",WebKit,Chrome,91.0.4472.106,Windows,10.0
186,248,1,"""","""","""","""","""",two-gamble-sequence,186,1185523,0.0-18.0-1.0-2.4,main,29KKCMFL,1920,1080,exp_98,0.262294910469391,4.9,406.1999999284744,"""","""","""","""","""","""","[{""x"":1344,""y"":713,""t"":-21},{""x"":1195,""y"":683,""t"":0},{""x"":1057,""y"":651,""t"":118},{""x"":931,""y"":681,""t"":137},{""x"":823,""y"":655,""t"":208},{""x"":892,""y"":646,""t"":290},{""x"":849,""y"":627,""t"":308},{""x"":896,""y"":667,""t"":391},{""x"":940,""y"":702,""t"":410},{""x"":1046,""y"":688,""t"":489},{""x"":1154,""y"":698,""t"":541},{""x"":1233,""y"":661,""t"":557},{""x"":1286,""y"":644,""t"":635},{""x"":1328,""y"":631,""t"":650},{""x"":1212,""y"":638,""t"":734},{""x"":1111,""y"":644,""t"":749},{""x"":1018,""y"":690,""t"":829},{""x"":940,""y"":730,""t"":850},{""x"":967,""y"":755,""t"":933},{""x"":992,""y"":775,""t"":952},{""x"":854,""y"":817,""t"":1033},{""x"":746,""y"":829,""t"":1090},{""x"":680,""y"":825,""t"":1146},{""x"":629,""y"":820,""t"":1162},{""x"":568,""y"":846,""t"":1240},{""x"":521,""y"":868,""t"":1259},{""x"":497,""y"":800,""t"":1341},{""x"":442,""y"":786,""t"":1361},{""x"":478,""y"":714,""t"":1440},{""x"":358,""y"":654,""t"":1494},{""x"":260,""y"":604,""t"":1509},{""x"":255,""y"":519,""t"":1587},{""x"":256,""y"":449,""t"":1602},{""x"":295,""y"":480,""t"":1679},{""x"":297,""y"":512,""t"":1734},{""x"":528,""y"":469,""t"":1784},{""x"":726,""y"":435,""t"":1803},{""x"":965,""y"":410,""t"":1883},{""x"":1098,""y"":413,""t"":1905},{""x"":1163,""y"":378,""t"":1988},{""x"":1209,""y"":350,""t"":2007},{""x"":1248,""y"":327,""t"":2085},{""x"":1325,""y"":300,""t"":2109},{""x"":1354,""y"":282,""t"":2187},{""x"":1326,""y"":279,""t"":2241},{""x"":1296,""y"":279,""t"":2256},{""x"":1296,""y"":332,""t"":2336},{""x"":1287,""y"":335,""t"":2350},{""x"":1270,""y"":337,""t"":2430},{""x"":1256,""y"":344,""t"":2479},{""x"":1242,""y"":351,""t"":2494},{""x"":1281,""y"":378,""t"":2574},{""x"":1259,""y"":384,""t"":2590},{""x"":1321,""y"":446,""t"":2671},{""x"":1338,""y"":456,""t"":2688},{""x"":1325,""y"":447,""t"":2788},{""x"":1325,""y"":440,""t"":2804},{""x"":1354,""y"":468,""t"":2856},{""x"":1374,""y"":509,""t"":2903},{""x"":1360,""y"":563,""t"":2987},{""x"":1347,""y"":607,""t"":3002},{""x"":1387,""y"":666,""t"":3083},{""x"":1421,""y"":713,""t"":3098},{""x"":1322,""y"":740,""t"":3183},{""x"":1236,""y"":759,""t"":3198},{""x"":1109,""y"":771,""t"":3281},{""x"":1002,""y"":778,""t"":3299},{""x"":895,""y"":801,""t"":3379},{""x"":808,""y"":818,""t"":3401},{""x"":758,""y"":678,""t"":3483},{""x"":926,""y"":613,""t"":3503},{""x"":1071,""y"":576,""t"":3585},{""x"":1126,""y"":627,""t"":3605},{""x"":1153,""y"":671,""t"":3688},{""x"":1175,""y"":710,""t"":3707},{""x"":1294,""y"":699,""t"":3799},{""x"":1393,""y"":689,""t"":3814},{""x"":1221,""y"":703,""t"":3907},{""x"":1076,""y"":628,""t"":3926},{""x"":866,""y"":546,""t"":3978},{""x"":786,""y"":531,""t"":4027},{""x"":644,""y"":534,""t"":4076},{""x"":541,""y"":464,""t"":4125},{""x"":486,""y"":444,""t"":4207},{""x"":447,""y"":429,""t"":4224},{""x"":457,""y"":432,""t"":4306},{""x"":444,""y"":481,""t"":4321},{""x"":396,""y"":473,""t"":4406},{""x"":363,""y"":412,""t"":4421},{""x"":337,""y"":436,""t"":4506},{""x"":320,""y"":458,""t"":4523},{""x"":327,""y"":458,""t"":4606},{""x"":286,""y"":506,""t"":4624},{""x"":297,""y"":470,""t"":4710},{""x"":337,""y"":455,""t"":4726},{""x"":305,""y"":401,""t"":4809},{""x"":279,""y"":355,""t"":4828},{""x"":259,""y"":345,""t"":4915},{""x"":245,""y"":338,""t"":4930},{""x"":245,""y"":327,""t"":5015},{""x"":252,""y"":365,""t"":5032},{""x"":269,""y"":436,""t"":5113},{""x"":272,""y"":476,""t"":5169},{""x"":356,""y"":531,""t"":5222},{""x"":418,""y"":535,""t"":5237},{""x"":523,""y"":535,""t"":5319},{""x"":568,""y"":512,""t"":5338},{""x"":585,""y"":539,""t"":5418},{""x"":822,""y"":594,""t"":5470},{""x"":956,""y"":617,""t"":5486},{""x"":1006,""y"":694,""t"":5569},{""x"":1044,""y"":737,""t"":5584},{""x"":1099,""y"":715,""t"":5667},{""x"":1138,""y"":693,""t"":5682},{""x"":1092,""y"":709,""t"":5763},{""x"":1046,""y"":721,""t"":5781},{""x"":952,""y"":683,""t"":5867},{""x"":868,""y"":649,""t"":5884},{""x"":979,""y"":746,""t"":5967},{""x"":1029,""y"":815,""t"":5985}]",{},f,0.5,0.3,0.38,0.4,0.5,0.38,0.3,0.4,experimental,exp_95,"{""durations"":[1000,1500,1000,1500],""alternatives"":[""all"",""all"",""all"",""all""],""attributes"":[""p"",""m"",""p"",""m""]}",0,0.5,0.3,1920,1080,"""","""","""","""","""","""",2021-06-16 16:45:48,,"Mozilla/5.0 (Windows NT 10.0; Win64; x64) AppleWebKit/537.36 (KHTML, like Gecko) Chrome/91.0.4472.106 Safari/537.36",WebKit,Chrome,91.0.4472.106,Windows,10.0
187,248,1,"""","""","""","""","""",html-keyboard-response,187,1186065,0.0-18.0-1.0-1.5,main,29KKCMFL,1920,1080,exp_98,0.262294910469391,4.9,,"<p style=""font-size:40px;"">+</p>",,"""","""","""","""","[{""x"":1078,""y"":859,""t"":-16},{""x"":1116,""y"":895,""t"":0},{""x"":1156,""y"":872,""t"":113},{""x"":1074,""y"":857,""t"":172},{""x"":996,""y"":865,""t"":231},{""x"":929,""y"":869,""t"":245},{""x"":903,""y"":859,""t"":328},{""x"":882,""y"":849,""t"":344},{""x"":840,""y"":839,""t"":427},{""x"":819,""y"":782,""t"":442}]",{},"""","""","""","""","""","""","""","""","""","""","""","""","""","""","""","""","""","""","""","""","""","""","""",2021-06-16 16:45:48,,"Mozilla/5.0 (Windows NT 10.0; Win64; x64) AppleWebKit/537.36 (KHTML, like Gecko) Chrome/91.0.4472.106 Safari/537.36",WebKit,Chrome,91.0.4472.106,Windows,10.0
188,248,1,"""","""","""","""","""",two-gamble-sequence,188,1192217,0.0-18.0-1.0-2.5,main,29KKCMFL,1920,1080,exp_98,0.262294910469391,4.9,536.6000000238419,"""","""","""","""","""","""","[{""x"":808,""y"":748,""t"":-17},{""x"":694,""y"":781,""t"":0},{""x"":756,""y"":778,""t"":113},{""x"":812,""y"":776,""t"":150},{""x"":814,""y"":770,""t"":233},{""x"":850,""y"":790,""t"":247},{""x"":821,""y"":749,""t"":332},{""x"":797,""y"":714,""t"":347},{""x"":643,""y"":808,""t"":427},{""x"":671,""y"":814,""t"":443},{""x"":804,""y"":788,""t"":524},{""x"":1041,""y"":746,""t"":544},{""x"":1145,""y"":777,""t"":624},{""x"":1230,""y"":804,""t"":646},{""x"":1456,""y"":764,""t"":727},{""x"":1642,""y"":730,""t"":749},{""x"":1710,""y"":756,""t"":828},{""x"":1761,""y"":730,""t"":878},{""x"":1795,""y"":708,""t"":894},{""x"":1783,""y"":682,""t"":973},{""x"":1764,""y"":660,""t"":988},{""x"":1622,""y"":677,""t"":1069},{""x"":1451,""y"":680,""t"":1088},{""x"":1296,""y"":692,""t"":1165},{""x"":1153,""y"":697,""t"":1222},{""x"":1035,""y"":701,""t"":1239},{""x"":890,""y"":700,""t"":1317},{""x"":773,""y"":699,""t"":1334},{""x"":702,""y"":675,""t"":1413},{""x"":650,""y"":655,""t"":1429},{""x"":481,""y"":647,""t"":1506},{""x"":423,""y"":544,""t"":1557},{""x"":384,""y"":456,""t"":1573},{""x"":571,""y"":385,""t"":1654},{""x"":738,""y"":329,""t"":1670},{""x"":957,""y"":299,""t"":1749},{""x"":1144,""y"":279,""t"":1769},{""x"":1283,""y"":266,""t"":1848},{""x"":1363,""y"":218,""t"":1900},{""x"":1424,""y"":182,""t"":1914},{""x"":1441,""y"":161,""t"":1992},{""x"":1449,""y"":147,""t"":2008},{""x"":1242,""y"":203,""t"":2091},{""x"":1114,""y"":256,""t"":2108},{""x"":954,""y"":303,""t"":2186},{""x"":870,""y"":333,""t"":2242},{""x"":802,""y"":359,""t"":2257},{""x"":727,""y"":367,""t"":2339},{""x"":687,""y"":326,""t"":2354},{""x"":657,""y"":440,""t"":2433},{""x"":637,""y"":536,""t"":2448},{""x"":552,""y"":582,""t"":2529},{""x"":493,""y"":631,""t"":2550},{""x"":423,""y"":658,""t"":2631},{""x"":416,""y"":731,""t"":2685},{""x"":434,""y"":751,""t"":2700},{""x"":449,""y"":765,""t"":2779},{""x"":467,""y"":773,""t"":2795},{""x"":445,""y"":782,""t"":2874},{""x"":429,""y"":787,""t"":2890},{""x"":394,""y"":778,""t"":2974},{""x"":345,""y"":760,""t"":3025},{""x"":306,""y"":742,""t"":3040},{""x"":551,""y"":768,""t"":3120},{""x"":642,""y"":798,""t"":3134},{""x"":848,""y"":795,""t"":3213},{""x"":1035,""y"":791,""t"":3231},{""x"":1100,""y"":768,""t"":3316},{""x"":1148,""y"":747,""t"":3332},{""x"":1186,""y"":737,""t"":3411},{""x"":1210,""y"":729,""t"":3435},{""x"":1301,""y"":689,""t"":3516},{""x"":1395,""y"":679,""t"":3566},{""x"":1463,""y"":697,""t"":3582},{""x"":1567,""y"":748,""t"":3666},{""x"":1557,""y"":707,""t"":3701},{""x"":1618,""y"":646,""t"":3762},{""x"":1638,""y"":624,""t"":3809},{""x"":1648,""y"":599,""t"":3889},{""x"":1583,""y"":589,""t"":3940},{""x"":1558,""y"":567,""t"":3955},{""x"":1471,""y"":531,""t"":4035},{""x"":1395,""y"":502,""t"":4051},{""x"":1283,""y"":521,""t"":4130},{""x"":1189,""y"":539,""t"":4149},{""x"":1140,""y"":504,""t"":4230},{""x"":1192,""y"":479,""t"":4281},{""x"":1241,""y"":460,""t"":4296},{""x"":1317,""y"":463,""t"":4382},{""x"":1383,""y"":467,""t"":4397},{""x"":1266,""y"":576,""t"":4478},{""x"":1233,""y"":640,""t"":4493},{""x"":1314,""y"":674,""t"":4575},{""x"":1401,""y"":696,""t"":4591},{""x"":1431,""y"":684,""t"":4672},{""x"":1454,""y"":690,""t"":4723},{""x"":1472,""y"":693,""t"":4736},{""x"":1452,""y"":681,""t"":4816},{""x"":1434,""y"":670,""t"":4832},{""x"":1403,""y"":663,""t"":4914},{""x"":1376,""y"":656,""t"":4932},{""x"":1411,""y"":646,""t"":5013},{""x"":1366,""y"":623,""t"":5064},{""x"":1327,""y"":604,""t"":5079},{""x"":1252,""y"":564,""t"":5163},{""x"":1189,""y"":531,""t"":5177},{""x"":1127,""y"":491,""t"":5262},{""x"":1078,""y"":460,""t"":5277},{""x"":957,""y"":465,""t"":5361},{""x"":858,""y"":472,""t"":5376},{""x"":866,""y"":498,""t"":5456},{""x"":878,""y"":521,""t"":5475},{""x"":788,""y"":538,""t"":5565},{""x"":733,""y"":533,""t"":5580},{""x"":686,""y"":563,""t"":5665},{""x"":651,""y"":589,""t"":5679},{""x"":608,""y"":567,""t"":5760},{""x"":578,""y"":548,""t"":5780},{""x"":559,""y"":544,""t"":5864},{""x"":547,""y"":541,""t"":5883},{""x"":558,""y"":557,""t"":5960},{""x"":571,""y"":571,""t"":5984},{""x"":644,""y"":616,""t"":6067}]",{},j,0.49,0.8300000000000001,0.79,0.53,0.79,0.49,0.53,0.8300000000000001,experimental,exp_7,"{""durations"":[1000,1500,1000,1500],""alternatives"":[""all"",""all"",""all"",""all""],""attributes"":[""p"",""m"",""p"",""m""]}",0,0.79,0.53,1920,1080,"""","""","""","""","""","""",2021-06-16 16:45:48,,"Mozilla/5.0 (Windows NT 10.0; Win64; x64) AppleWebKit/537.36 (KHTML, like Gecko) Chrome/91.0.4472.106 Safari/537.36",WebKit,Chrome,91.0.4472.106,Windows,10.0
189,248,1,"""","""","""","""","""",html-keyboard-response,189,1192756,0.0-18.0-1.0-1.6,main,29KKCMFL,1920,1080,exp_98,0.262294910469391,4.9,,"<p style=""font-size:40px;"">+</p>",,"""","""","""","""","[{""x"":780,""y"":598,""t"":-32},{""x"":1012,""y"":630,""t"":-17},{""x"":1126,""y"":648,""t"":0},{""x"":1162,""y"":705,""t"":125},{""x"":1186,""y"":752,""t"":140},{""x"":1227,""y"":804,""t"":221},{""x"":1284,""y"":840,""t"":240},{""x"":1375,""y"":904,""t"":321},{""x"":1446,""y"":954,""t"":341},{""x"":1346,""y"":950,""t"":425},{""x"":1252,""y"":910,""t"":443}]",{},"""","""","""","""","""","""","""","""","""","""","""","""","""","""","""","""","""","""","""","""","""","""","""",2021-06-16 16:45:48,,"Mozilla/5.0 (Windows NT 10.0; Win64; x64) AppleWebKit/537.36 (KHTML, like Gecko) Chrome/91.0.4472.106 Safari/537.36",WebKit,Chrome,91.0.4472.106,Windows,10.0
190,248,1,"""","""","""","""","""",two-gamble-sequence,190,1198882,0.0-18.0-1.0-2.6,main,29KKCMFL,1920,1080,exp_98,0.262294910469391,4.9,374.89999997615814,"""","""","""","""","""","""","[{""x"":1137,""y"":895,""t"":-17},{""x"":1010,""y"":819,""t"":0},{""x"":942,""y"":801,""t"":73},{""x"":875,""y"":752,""t"":165},{""x"":808,""y"":723,""t"":201},{""x"":864,""y"":664,""t"":249},{""x"":779,""y"":578,""t"":331},{""x"":712,""y"":541,""t"":348},{""x"":588,""y"":568,""t"":433},{""x"":487,""y"":595,""t"":453},{""x"":434,""y"":628,""t"":536},{""x"":396,""y"":658,""t"":551},{""x"":341,""y"":700,""t"":639},{""x"":301,""y"":736,""t"":655},{""x"":584,""y"":710,""t"":736},{""x"":831,""y"":687,""t"":751},{""x"":1023,""y"":676,""t"":831},{""x"":1187,""y"":672,""t"":881},{""x"":1319,""y"":668,""t"":895},{""x"":1439,""y"":676,""t"":977},{""x"":1532,""y"":683,""t"":993},{""x"":1289,""y"":703,""t"":1077},{""x"":1072,""y"":719,""t"":1092},{""x"":971,""y"":682,""t"":1173},{""x"":861,""y"":658,""t"":1191},{""x"":762,""y"":681,""t"":1269},{""x"":681,""y"":701,""t"":1293},{""x"":605,""y"":727,""t"":1372},{""x"":724,""y"":744,""t"":1424},{""x"":805,""y"":736,""t"":1441},{""x"":969,""y"":714,""t"":1519},{""x"":1109,""y"":694,""t"":1535},{""x"":1220,""y"":651,""t"":1618},{""x"":1310,""y"":614,""t"":1634},{""x"":1317,""y"":538,""t"":1711},{""x"":1390,""y"":465,""t"":1735},{""x"":1442,""y"":393,""t"":1818},{""x"":1480,""y"":336,""t"":1837},{""x"":1140,""y"":332,""t"":1918},{""x"":928,""y"":294,""t"":1939},{""x"":736,""y"":339,""t"":2017},{""x"":669,""y"":289,""t"":2067},{""x"":618,""y"":249,""t"":2083},{""x"":496,""y"":289,""t"":2162},{""x"":398,""y"":326,""t"":2179},{""x"":333,""y"":344,""t"":2257},{""x"":243,""y"":356,""t"":2310},{""x"":176,""y"":367,""t"":2326},{""x"":121,""y"":387,""t"":2406},{""x"":83,""y"":404,""t"":2421},{""x"":82,""y"":436,""t"":2500},{""x"":88,""y"":462,""t"":2517},{""x"":402,""y"":409,""t"":2600},{""x"":675,""y"":363,""t"":2619},{""x"":921,""y"":389,""t"":2699},{""x"":1125,""y"":411,""t"":2721},{""x"":1283,""y"":475,""t"":2803},{""x"":1417,""y"":501,""t"":2823},{""x"":1529,""y"":511,""t"":2902},{""x"":1620,""y"":494,""t"":2954},{""x"":1685,""y"":478,""t"":2970},{""x"":1647,""y"":517,""t"":3049},{""x"":1602,""y"":550,""t"":3063},{""x"":1581,""y"":614,""t"":3141},{""x"":1555,""y"":667,""t"":3163},{""x"":1523,""y"":697,""t"":3244},{""x"":1502,""y"":732,""t"":3296},{""x"":1458,""y"":749,""t"":3312},{""x"":1437,""y"":768,""t"":3393},{""x"":1418,""y"":780,""t"":3409},{""x"":1227,""y"":819,""t"":3490},{""x"":1064,""y"":850,""t"":3505},{""x"":889,""y"":881,""t"":3584},{""x"":746,""y"":904,""t"":3605},{""x"":621,""y"":901,""t"":3686},{""x"":524,""y"":896,""t"":3706},{""x"":711,""y"":831,""t"":3790},{""x"":953,""y"":732,""t"":3808},{""x"":893,""y"":752,""t"":3887},{""x"":839,""y"":697,""t"":3910},{""x"":800,""y"":689,""t"":3991},{""x"":772,""y"":661,""t"":4043},{""x"":746,""y"":638,""t"":4058},{""x"":663,""y"":599,""t"":4139},{""x"":674,""y"":591,""t"":4154},{""x"":560,""y"":584,""t"":4236},{""x"":467,""y"":580,""t"":4253},{""x"":391,""y"":563,""t"":4332},{""x"":389,""y"":540,""t"":4383},{""x"":298,""y"":551,""t"":4399},{""x"":301,""y"":545,""t"":4479},{""x"":243,""y"":570,""t"":4493},{""x"":294,""y"":571,""t"":4575},{""x"":343,""y"":572,""t"":4592},{""x"":390,""y"":588,""t"":4674},{""x"":457,""y"":586,""t"":4693},{""x"":553,""y"":575,""t"":4774},{""x"":595,""y"":597,""t"":4795},{""x"":631,""y"":597,""t"":4877},{""x"":632,""y"":612,""t"":4897},{""x"":684,""y"":683,""t"":4976},{""x"":713,""y"":747,""t"":5029},{""x"":734,""y"":801,""t"":5045},{""x"":815,""y"":820,""t"":5126},{""x"":867,""y"":783,""t"":5142},{""x"":945,""y"":753,""t"":5224},{""x"":1008,""y"":726,""t"":5238},{""x"":1055,""y"":698,""t"":5320},{""x"":1091,""y"":678,""t"":5370},{""x"":1081,""y"":660,""t"":5386},{""x"":1056,""y"":649,""t"":5436},{""x"":1030,""y"":641,""t"":5484},{""x"":1028,""y"":651,""t"":5564},{""x"":981,""y"":622,""t"":5580},{""x"":1067,""y"":584,""t"":5662},{""x"":1143,""y"":527,""t"":5679},{""x"":1352,""y"":500,""t"":5761},{""x"":1490,""y"":533,""t"":5781},{""x"":1300,""y"":544,""t"":5864},{""x"":1240,""y"":543,""t"":5884},{""x"":1089,""y"":512,""t"":5964},{""x"":1004,""y"":489,""t"":6015},{""x"":933,""y"":470,""t"":6031}]",{},f,0.8,0.4,0.2,0.6799999999999999,0.8,0.2,0.4,0.6799999999999999,experimental,exp_79,"{""durations"":[1000,1500,1000,1500],""alternatives"":[""all"",""all"",""all"",""all""],""attributes"":[""p"",""m"",""p"",""m""]}",0,0.8,0.4,1920,1080,"""","""","""","""","""","""",2021-06-16 16:45:48,,"Mozilla/5.0 (Windows NT 10.0; Win64; x64) AppleWebKit/537.36 (KHTML, like Gecko) Chrome/91.0.4472.106 Safari/537.36",WebKit,Chrome,91.0.4472.106,Windows,10.0
191,248,1,"""","""","""","""","""",html-keyboard-response,191,1199390,0.0-18.0-1.0-1.7,main,29KKCMFL,1920,1080,exp_98,0.262294910469391,4.9,,"<p style=""font-size:40px;"">+</p>",,"""","""","""","""","[{""x"":780,""y"":465,""t"":-15},{""x"":653,""y"":461,""t"":0},{""x"":632,""y"":574,""t"":91},{""x"":621,""y"":671,""t"":108},{""x"":641,""y"":737,""t"":194},{""x"":664,""y"":790,""t"":210},{""x"":699,""y"":813,""t"":292},{""x"":692,""y"":870,""t"":308},{""x"":667,""y"":911,""t"":391},{""x"":648,""y"":942,""t"":409}]",{},"""","""","""","""","""","""","""","""","""","""","""","""","""","""","""","""","""","""","""","""","""","""","""",2021-06-16 16:45:48,,"Mozilla/5.0 (Windows NT 10.0; Win64; x64) AppleWebKit/537.36 (KHTML, like Gecko) Chrome/91.0.4472.106 Safari/537.36",WebKit,Chrome,91.0.4472.106,Windows,10.0
192,248,1,"""","""","""","""","""",two-gamble-sequence,192,1205573,0.0-18.0-1.0-2.7,main,29KKCMFL,1920,1080,exp_98,0.262294910469391,4.9,502.60000002384186,"""","""","""","""","""","""","[{""x"":594,""y"":896,""t"":-17},{""x"":550,""y"":853,""t"":0},{""x"":750,""y"":778,""t"":111},{""x"":836,""y"":772,""t"":150},{""x"":1030,""y"":688,""t"":199},{""x"":1300,""y"":652,""t"":251},{""x"":1332,""y"":662,""t"":330},{""x"":1322,""y"":699,""t"":346},{""x"":1152,""y"":740,""t"":427},{""x"":986,""y"":774,""t"":443},{""x"":916,""y"":729,""t"":521},{""x"":942,""y"":720,""t"":575},{""x"":966,""y"":712,""t"":590},{""x"":1033,""y"":621,""t"":669},{""x"":1090,""y"":543,""t"":684},{""x"":1155,""y"":470,""t"":764},{""x"":1209,""y"":411,""t"":783},{""x"":1333,""y"":433,""t"":862},{""x"":1331,""y"":492,""t"":914},{""x"":1393,""y"":538,""t"":929},{""x"":1424,""y"":555,""t"":1012},{""x"":1446,""y"":571,""t"":1027},{""x"":1531,""y"":599,""t"":1109},{""x"":1554,""y"":606,""t"":1124},{""x"":1498,""y"":623,""t"":1202},{""x"":1429,""y"":595,""t"":1258},{""x"":1423,""y"":577,""t"":1274},{""x"":1422,""y"":563,""t"":1323},{""x"":1421,""y"":551,""t"":1371},{""x"":1404,""y"":506,""t"":1448},{""x"":1389,""y"":468,""t"":1463},{""x"":1329,""y"":431,""t"":1544},{""x"":1278,""y"":402,""t"":1565},{""x"":1237,""y"":371,""t"":1646},{""x"":1225,""y"":356,""t"":1697},{""x"":1216,""y"":345,""t"":1711},{""x"":1174,""y"":439,""t"":1790},{""x"":1128,""y"":534,""t"":1806},{""x"":1081,""y"":536,""t"":1886},{""x"":942,""y"":569,""t"":1935},{""x"":826,""y"":596,""t"":1951},{""x"":699,""y"":600,""t"":2032},{""x"":597,""y"":603,""t"":2046},{""x"":510,""y"":624,""t"":2126},{""x"":445,""y"":640,""t"":2143},{""x"":362,""y"":543,""t"":2222},{""x"":300,""y"":459,""t"":2245},{""x"":352,""y"":364,""t"":2326},{""x"":403,""y"":286,""t"":2347},{""x"":445,""y"":262,""t"":2427},{""x"":485,""y"":245,""t"":2449},{""x"":480,""y"":370,""t"":2528},{""x"":495,""y"":456,""t"":2550},{""x"":515,""y"":567,""t"":2631},{""x"":534,""y"":661,""t"":2652},{""x"":546,""y"":754,""t"":2736},{""x"":557,""y"":830,""t"":2755},{""x"":565,""y"":905,""t"":2832},{""x"":595,""y"":939,""t"":2889},{""x"":542,""y"":946,""t"":2904},{""x"":807,""y"":886,""t"":2989},{""x"":1030,""y"":853,""t"":3005},{""x"":1153,""y"":825,""t"":3085},{""x"":1303,""y"":824,""t"":3099},{""x"":1416,""y"":814,""t"":3180},{""x"":1502,""y"":804,""t"":3197},{""x"":1521,""y"":781,""t"":3277},{""x"":1528,""y"":761,""t"":3299},{""x"":1495,""y"":758,""t"":3377},{""x"":1486,""y"":632,""t"":3429},{""x"":1460,""y"":531,""t"":3445},{""x"":1538,""y"":508,""t"":3523},{""x"":1601,""y"":492,""t"":3537},{""x"":1615,""y"":449,""t"":3621},{""x"":1610,""y"":422,""t"":3640},{""x"":1614,""y"":398,""t"":3719},{""x"":1585,""y"":350,""t"":3741},{""x"":1549,""y"":315,""t"":3821},{""x"":1519,""y"":293,""t"":3872},{""x"":1492,""y"":279,""t"":3888},{""x"":1454,""y"":299,""t"":3969},{""x"":1418,""y"":303,""t"":3985},{""x"":1352,""y"":307,""t"":4065},{""x"":1305,""y"":290,""t"":4082},{""x"":1311,""y"":308,""t"":4163},{""x"":1265,""y"":244,""t"":4183},{""x"":1296,""y"":303,""t"":4262},{""x"":1259,""y"":324,""t"":4314},{""x"":1223,""y"":277,""t"":4329},{""x"":1073,""y"":336,""t"":4412},{""x"":959,""y"":371,""t"":4427},{""x"":771,""y"":380,""t"":4508},{""x"":617,""y"":387,""t"":4524},{""x"":437,""y"":393,""t"":4606},{""x"":375,""y"":381,""t"":4657},{""x"":326,""y"":379,""t"":4673},{""x"":149,""y"":366,""t"":4721},{""x"":149,""y"":370,""t"":4769},{""x"":15,""y"":325,""t"":4849},{""x"":-88,""y"":287,""t"":4864},{""x"":-220,""y"":288,""t"":4944},{""x"":-210,""y"":340,""t"":4965},{""x"":-147,""y"":265,""t"":5047},{""x"":-46,""y"":212,""t"":5067},{""x"":-20,""y"":208,""t"":5150},{""x"":7,""y"":161,""t"":5168},{""x"":19,""y"":162,""t"":5250},{""x"":31,""y"":166,""t"":5271},{""x"":219,""y"":210,""t"":5353},{""x"":381,""y"":250,""t"":5372},{""x"":480,""y"":263,""t"":5453},{""x"":717,""y"":341,""t"":5507},{""x"":873,""y"":384,""t"":5521},{""x"":982,""y"":482,""t"":5600},{""x"":1097,""y"":557,""t"":5616},{""x"":1254,""y"":641,""t"":5701},{""x"":1372,""y"":662,""t"":5715},{""x"":1544,""y"":692,""t"":5797},{""x"":1618,""y"":700,""t"":5814},{""x"":1700,""y"":705,""t"":5894},{""x"":1767,""y"":719,""t"":5916},{""x"":1575,""y"":715,""t"":5998},{""x"":1589,""y"":682,""t"":6018},{""x"":1544,""y"":632,""t"":6096}]",{},j,0.22,0.79,0.49,0.42000000000000004,0.49,0.22,0.42000000000000004,0.79,experimental,exp_112,"{""durations"":[1500,1000,1500,1000],""alternatives"":[0,1,0,1],""attributes"":[""all"",""all"",""all"",""all""]}",0,0.49,0.42000000000000004,1920,1080,"""","""","""","""","""","""",2021-06-16 16:45:48,,"Mozilla/5.0 (Windows NT 10.0; Win64; x64) AppleWebKit/537.36 (KHTML, like Gecko) Chrome/91.0.4472.106 Safari/537.36",WebKit,Chrome,91.0.4472.106,Windows,10.0
193,248,1,"""","""","""","""","""",html-keyboard-response,193,1206152,0.0-18.0-1.0-1.8,main,29KKCMFL,1920,1080,exp_98,0.262294910469391,4.9,,"<p style=""font-size:40px;"">+</p>",,"""","""","""","""","[{""x"":1478,""y"":679,""t"":-95},{""x"":1213,""y"":789,""t"":-79},{""x"":1107,""y"":853,""t"":0},{""x"":1226,""y"":790,""t"":140},{""x"":1305,""y"":803,""t"":199},{""x"":1372,""y"":812,""t"":214},{""x"":1290,""y"":776,""t"":295},{""x"":1317,""y"":722,""t"":309},{""x"":1322,""y"":644,""t"":399},{""x"":1213,""y"":642,""t"":415}]",{},"""","""","""","""","""","""","""","""","""","""","""","""","""","""","""","""","""","""","""","""","""","""","""",2021-06-16 16:45:48,,"Mozilla/5.0 (Windows NT 10.0; Win64; x64) AppleWebKit/537.36 (KHTML, like Gecko) Chrome/91.0.4472.106 Safari/537.36",WebKit,Chrome,91.0.4472.106,Windows,10.0
194,248,1,"""","""","""","""","""",two-gamble-sequence,194,1212235,0.0-18.0-1.0-2.8,main,29KKCMFL,1920,1080,exp_98,0.262294910469391,4.9,442.6999999284744,"""","""","""","""","""","""","[{""x"":1285,""y"":593,""t"":-16},{""x"":1350,""y"":585,""t"":0},{""x"":1263,""y"":556,""t"":102},{""x"":1226,""y"":569,""t"":125},{""x"":1259,""y"":550,""t"":184},{""x"":1117,""y"":530,""t"":256},{""x"":1078,""y"":628,""t"":303},{""x"":1178,""y"":633,""t"":349},{""x"":1281,""y"":652,""t"":430},{""x"":1371,""y"":669,""t"":446},{""x"":1325,""y"":724,""t"":526},{""x"":1395,""y"":765,""t"":546},{""x"":1417,""y"":806,""t"":632},{""x"":1433,""y"":838,""t"":647},{""x"":1309,""y"":842,""t"":728},{""x"":1106,""y"":811,""t"":779},{""x"":944,""y"":781,""t"":793},{""x"":684,""y"":766,""t"":871},{""x"":563,""y"":785,""t"":887},{""x"":490,""y"":859,""t"":969},{""x"":413,""y"":908,""t"":987},{""x"":389,""y"":890,""t"":1068},{""x"":332,""y"":878,""t"":1121},{""x"":291,""y"":866,""t"":1136},{""x"":230,""y"":907,""t"":1220},{""x"":309,""y"":810,""t"":1236},{""x"":287,""y"":710,""t"":1317},{""x"":274,""y"":626,""t"":1333},{""x"":217,""y"":505,""t"":1413},{""x"":204,""y"":541,""t"":1430},{""x"":170,""y"":503,""t"":1507},{""x"":145,""y"":473,""t"":1532},{""x"":338,""y"":511,""t"":1612},{""x"":539,""y"":567,""t"":1665},{""x"":729,""y"":610,""t"":1681},{""x"":871,""y"":667,""t"":1760},{""x"":986,""y"":715,""t"":1776},{""x"":1083,""y"":682,""t"":1857},{""x"":1156,""y"":653,""t"":1871},{""x"":1267,""y"":623,""t"":1953},{""x"":1330,""y"":541,""t"":2003},{""x"":1373,""y"":471,""t"":2018},{""x"":1438,""y"":412,""t"":2097},{""x"":1485,""y"":364,""t"":2113},{""x"":1170,""y"":387,""t"":2195},{""x"":990,""y"":382,""t"":2210},{""x"":756,""y"":323,""t"":2293},{""x"":559,""y"":274,""t"":2312},{""x"":424,""y"":292,""t"":2392},{""x"":413,""y"":277,""t"":2445},{""x"":412,""y"":267,""t"":2460},{""x"":395,""y"":281,""t"":2538},{""x"":388,""y"":296,""t"":2553},{""x"":385,""y"":294,""t"":2635},{""x"":388,""y"":294,""t"":2653},{""x"":504,""y"":328,""t"":2733},{""x"":686,""y"":401,""t"":2786},{""x"":843,""y"":463,""t"":2802},{""x"":1036,""y"":490,""t"":2880},{""x"":1157,""y"":524,""t"":2895},{""x"":1048,""y"":514,""t"":2977},{""x"":960,""y"":518,""t"":2992},{""x"":850,""y"":563,""t"":3075},{""x"":773,""y"":626,""t"":3129},{""x"":673,""y"":656,""t"":3181},{""x"":588,""y"":679,""t"":3196},{""x"":419,""y"":656,""t"":3281},{""x"":280,""y"":633,""t"":3298},{""x"":205,""y"":666,""t"":3378},{""x"":155,""y"":615,""t"":3432},{""x"":120,""y"":570,""t"":3448},{""x"":234,""y"":501,""t"":3528},{""x"":338,""y"":443,""t"":3543},{""x"":318,""y"":423,""t"":3623},{""x"":301,""y"":407,""t"":3639},{""x"":548,""y"":417,""t"":3720},{""x"":748,""y"":427,""t"":3773},{""x"":916,""y"":437,""t"":3788},{""x"":1020,""y"":401,""t"":3867},{""x"":1101,""y"":371,""t"":3884},{""x"":1171,""y"":340,""t"":3963},{""x"":1221,""y"":316,""t"":3979},{""x"":1214,""y"":375,""t"":4059},{""x"":1199,""y"":428,""t"":4082},{""x"":1213,""y"":424,""t"":4161},{""x"":1211,""y"":349,""t"":4221},{""x"":1112,""y"":329,""t"":4271},{""x"":1019,""y"":277,""t"":4286},{""x"":878,""y"":218,""t"":4367},{""x"":759,""y"":170,""t"":4387},{""x"":827,""y"":131,""t"":4469},{""x"":954,""y"":180,""t"":4522},{""x"":1083,""y"":197,""t"":4579},{""x"":1159,""y"":246,""t"":4594},{""x"":1213,""y"":321,""t"":4675},{""x"":1379,""y"":321,""t"":4692},{""x"":1505,""y"":353,""t"":4772},{""x"":1581,""y"":400,""t"":4824},{""x"":1638,""y"":438,""t"":4839},{""x"":1620,""y"":459,""t"":4919},{""x"":1620,""y"":496,""t"":4933},{""x"":1596,""y"":545,""t"":5014},{""x"":1571,""y"":585,""t"":5032},{""x"":1475,""y"":580,""t"":5114},{""x"":1396,""y"":568,""t"":5169},{""x"":1369,""y"":585,""t"":5226},{""x"":1348,""y"":597,""t"":5241},{""x"":1328,""y"":648,""t"":5320},{""x"":1296,""y"":664,""t"":5339},{""x"":1197,""y"":693,""t"":5418},{""x"":1115,""y"":716,""t"":5441},{""x"":1019,""y"":755,""t"":5520},{""x"":860,""y"":730,""t"":5574},{""x"":731,""y"":707,""t"":5589},{""x"":743,""y"":712,""t"":5670},{""x"":708,""y"":660,""t"":5686},{""x"":809,""y"":593,""t"":5771},{""x"":889,""y"":542,""t"":5787},{""x"":948,""y"":510,""t"":5864},{""x"":1015,""y"":470,""t"":5883},{""x"":1060,""y"":437,""t"":5965},{""x"":1122,""y"":408,""t"":5985}]",{},j,0.51,0.52,0.72,0.42000000000000004,0.72,0.51,0.42000000000000004,0.52,experimental,exp_65,"{""durations"":[1500,1000,1500,1000],""alternatives"":[""all"",""all"",""all"",""all""],""attributes"":[""p"",""m"",""p"",""m""]}",0,0.72,0.42000000000000004,1920,1080,"""","""","""","""","""","""",2021-06-16 16:45:48,,"Mozilla/5.0 (Windows NT 10.0; Win64; x64) AppleWebKit/537.36 (KHTML, like Gecko) Chrome/91.0.4472.106 Safari/537.36",WebKit,Chrome,91.0.4472.106,Windows,10.0
195,248,1,"""","""","""","""","""",html-keyboard-response,195,1212763,0.0-18.0-1.0-1.9,main,29KKCMFL,1920,1080,exp_98,0.262294910469391,4.9,,"<p style=""font-size:40px;"">+</p>",,"""","""","""","""","[{""x"":1222,""y"":420,""t"":-17},{""x"":1309,""y"":471,""t"":0},{""x"":1313,""y"":567,""t"":96},{""x"":1426,""y"":595,""t"":111},{""x"":1451,""y"":619,""t"":194},{""x"":1434,""y"":649,""t"":209},{""x"":1472,""y"":680,""t"":291},{""x"":1501,""y"":704,""t"":307},{""x"":1384,""y"":760,""t"":396},{""x"":1280,""y"":806,""t"":411}]",{},"""","""","""","""","""","""","""","""","""","""","""","""","""","""","""","""","""","""","""","""","""","""","""",2021-06-16 16:45:48,,"Mozilla/5.0 (Windows NT 10.0; Win64; x64) AppleWebKit/537.36 (KHTML, like Gecko) Chrome/91.0.4472.106 Safari/537.36",WebKit,Chrome,91.0.4472.106,Windows,10.0
196,248,1,"""","""","""","""","""",two-gamble-sequence,196,1219016,0.0-18.0-1.0-2.9,main,29KKCMFL,1920,1080,exp_98,0.262294910469391,4.9,621.6000000238419,"""","""","""","""","""","""","[{""x"":1085,""y"":790,""t"":-32},{""x"":921,""y"":774,""t"":-16},{""x"":785,""y"":757,""t"":0},{""x"":720,""y"":732,""t"":138},{""x"":703,""y"":721,""t"":215},{""x"":696,""y"":710,""t"":240},{""x"":713,""y"":689,""t"":320},{""x"":711,""y"":664,""t"":372},{""x"":714,""y"":643,""t"":386},{""x"":811,""y"":667,""t"":468},{""x"":978,""y"":675,""t"":482},{""x"":1058,""y"":724,""t"":563},{""x"":1179,""y"":742,""t"":578},{""x"":1215,""y"":751,""t"":660},{""x"":1241,""y"":759,""t"":680},{""x"":1269,""y"":754,""t"":760},{""x"":1300,""y"":703,""t"":812},{""x"":1400,""y"":663,""t"":828},{""x"":1432,""y"":632,""t"":907},{""x"":1455,""y"":607,""t"":922},{""x"":1422,""y"":538,""t"":1000},{""x"":1551,""y"":507,""t"":1054},{""x"":1523,""y"":487,""t"":1070},{""x"":1524,""y"":458,""t"":1117},{""x"":1466,""y"":438,""t"":1167},{""x"":1404,""y"":428,""t"":1247},{""x"":1350,""y"":422,""t"":1263},{""x"":1339,""y"":408,""t"":1346},{""x"":1330,""y"":399,""t"":1360},{""x"":1292,""y"":373,""t"":1441},{""x"":1280,""y"":425,""t"":1492},{""x"":1298,""y"":455,""t"":1507},{""x"":1143,""y"":504,""t"":1587},{""x"":1011,""y"":545,""t"":1603},{""x"":833,""y"":516,""t"":1682},{""x"":626,""y"":492,""t"":1700},{""x"":521,""y"":465,""t"":1782},{""x"":363,""y"":454,""t"":1832},{""x"":292,""y"":438,""t"":1848},{""x"":250,""y"":495,""t"":1928},{""x"":224,""y"":545,""t"":1943},{""x"":264,""y"":624,""t"":2021},{""x"":271,""y"":661,""t"":2071},{""x"":282,""y"":691,""t"":2086},{""x"":304,""y"":726,""t"":2162},{""x"":326,""y"":754,""t"":2176},{""x"":384,""y"":780,""t"":2257},{""x"":389,""y"":845,""t"":2310},{""x"":435,""y"":842,""t"":2325},{""x"":421,""y"":874,""t"":2404},{""x"":390,""y"":840,""t"":2420},{""x"":609,""y"":861,""t"":2498},{""x"":798,""y"":888,""t"":2518},{""x"":980,""y"":881,""t"":2601},{""x"":1129,""y"":872,""t"":2620},{""x"":1227,""y"":844,""t"":2700},{""x"":1302,""y"":819,""t"":2721},{""x"":1335,""y"":766,""t"":2802},{""x"":1343,""y"":717,""t"":2853},{""x"":1340,""y"":676,""t"":2867},{""x"":1387,""y"":670,""t"":2946},{""x"":1415,""y"":654,""t"":2962},{""x"":1537,""y"":585,""t"":3041},{""x"":1663,""y"":537,""t"":3061},{""x"":1537,""y"":544,""t"":3142},{""x"":1609,""y"":544,""t"":3163},{""x"":1610,""y"":546,""t"":3244},{""x"":1605,""y"":550,""t"":3265},{""x"":1689,""y"":580,""t"":3347},{""x"":1736,""y"":603,""t"":3367},{""x"":1687,""y"":607,""t"":3447},{""x"":1607,""y"":623,""t"":3469},{""x"":1597,""y"":598,""t"":3549},{""x"":1587,""y"":577,""t"":3571},{""x"":1526,""y"":561,""t"":3654},{""x"":1495,""y"":543,""t"":3673},{""x"":1497,""y"":530,""t"":3754},{""x"":1491,""y"":527,""t"":3806},{""x"":1486,""y"":525,""t"":3821},{""x"":1491,""y"":505,""t"":3900},{""x"":1496,""y"":489,""t"":3916},{""x"":1512,""y"":484,""t"":3998},{""x"":1527,""y"":480,""t"":4014},{""x"":1547,""y"":466,""t"":4096},{""x"":1564,""y"":454,""t"":4114},{""x"":1581,""y"":459,""t"":4195},{""x"":1543,""y"":462,""t"":4251},{""x"":1306,""y"":410,""t"":4309},{""x"":1288,""y"":475,""t"":4324},{""x"":1098,""y"":477,""t"":4405},{""x"":870,""y"":514,""t"":4421},{""x"":709,""y"":498,""t"":4501},{""x"":591,""y"":498,""t"":4524},{""x"":528,""y"":469,""t"":4606},{""x"":486,""y"":445,""t"":4625},{""x"":440,""y"":429,""t"":4707},{""x"":410,""y"":417,""t"":4726},{""x"":580,""y"":439,""t"":4807},{""x"":584,""y"":568,""t"":4857},{""x"":783,""y"":544,""t"":4872},{""x"":989,""y"":626,""t"":4954},{""x"":1188,""y"":695,""t"":4969},{""x"":1246,""y"":709,""t"":5051},{""x"":1388,""y"":703,""t"":5068},{""x"":1442,""y"":698,""t"":5147},{""x"":1520,""y"":669,""t"":5168},{""x"":1573,""y"":658,""t"":5250},{""x"":1564,""y"":609,""t"":5302},{""x"":1548,""y"":567,""t"":5317},{""x"":1569,""y"":570,""t"":5398},{""x"":1548,""y"":575,""t"":5414},{""x"":1546,""y"":607,""t"":5493},{""x"":1541,""y"":635,""t"":5509},{""x"":1426,""y"":682,""t"":5590},{""x"":1371,""y"":687,""t"":5610},{""x"":1192,""y"":713,""t"":5690},{""x"":1040,""y"":733,""t"":5712},{""x"":928,""y"":759,""t"":5795},{""x"":880,""y"":750,""t"":5847},{""x"":985,""y"":706,""t"":5865},{""x"":1058,""y"":697,""t"":5913},{""x"":1124,""y"":688,""t"":5960},{""x"":1123,""y"":669,""t"":6040},{""x"":1191,""y"":636,""t"":6056},{""x"":1153,""y"":625,""t"":6138},{""x"":1121,""y"":617,""t"":6155}]",{},j,0.4,0.3,0.78,0.21000000000000002,0.78,0.4,0.21000000000000002,0.3,experimental,exp_110,"{""durations"":[1000,1500,1000,1500],""alternatives"":[0,1,0,1],""attributes"":[""all"",""all"",""all"",""all""]}",0,0.78,0.21000000000000002,1920,1080,"""","""","""","""","""","""",2021-06-16 16:45:48,,"Mozilla/5.0 (Windows NT 10.0; Win64; x64) AppleWebKit/537.36 (KHTML, like Gecko) Chrome/91.0.4472.106 Safari/537.36",WebKit,Chrome,91.0.4472.106,Windows,10.0
197,248,1,"""","""","""","""","""",html-keyboard-response,197,1219620,0.0-18.0-1.0-1.10,main,29KKCMFL,1920,1080,exp_98,0.262294910469391,4.9,,"<p style=""font-size:40px;"">+</p>",,"""","""","""","""","[{""x"":1112,""y"":755,""t"":-78},{""x"":1106,""y"":873,""t"":0},{""x"":1208,""y"":871,""t"":113},{""x"":1395,""y"":833,""t"":137},{""x"":1385,""y"":781,""t"":219},{""x"":1454,""y"":747,""t"":238},{""x"":1446,""y"":748,""t"":323},{""x"":1448,""y"":714,""t"":340},{""x"":1443,""y"":681,""t"":423},{""x"":1424,""y"":658,""t"":442}]",{},"""","""","""","""","""","""","""","""","""","""","""","""","""","""","""","""","""","""","""","""","""","""","""",2021-06-16 16:45:48,,"Mozilla/5.0 (Windows NT 10.0; Win64; x64) AppleWebKit/537.36 (KHTML, like Gecko) Chrome/91.0.4472.106 Safari/537.36",WebKit,Chrome,91.0.4472.106,Windows,10.0
198,248,1,"""","""","""","""","""",two-gamble-sequence,198,1225963,0.0-18.0-1.0-2.10,main,29KKCMFL,1920,1080,exp_98,0.262294910469391,4.9,654.7999999523163,"""","""","""","""","""","""","[{""x"":1262,""y"":670,""t"":-16},{""x"":1208,""y"":669,""t"":0},{""x"":1184,""y"":620,""t"":102},{""x"":1085,""y"":489,""t"":181},{""x"":1012,""y"":543,""t"":236},{""x"":940,""y"":484,""t"":253},{""x"":932,""y"":457,""t"":330},{""x"":930,""y"":438,""t"":345},{""x"":1003,""y"":431,""t"":426},{""x"":1069,""y"":429,""t"":442},{""x"":1107,""y"":419,""t"":524},{""x"":1220,""y"":456,""t"":577},{""x"":1316,""y"":489,""t"":592},{""x"":1313,""y"":474,""t"":672},{""x"":1420,""y"":504,""t"":687},{""x"":1481,""y"":549,""t"":770},{""x"":1511,""y"":584,""t"":785},{""x"":1491,""y"":612,""t"":868},{""x"":1470,""y"":635,""t"":884},{""x"":1443,""y"":582,""t"":966},{""x"":1460,""y"":530,""t"":1020},{""x"":1467,""y"":498,""t"":1036},{""x"":1468,""y"":472,""t"":1083},{""x"":1477,""y"":455,""t"":1134},{""x"":1553,""y"":466,""t"":1213},{""x"":1579,""y"":448,""t"":1227},{""x"":1561,""y"":435,""t"":1306},{""x"":1543,""y"":425,""t"":1327},{""x"":1205,""y"":383,""t"":1407},{""x"":916,""y"":347,""t"":1429},{""x"":786,""y"":349,""t"":1510},{""x"":684,""y"":353,""t"":1531},{""x"":569,""y"":364,""t"":1611},{""x"":460,""y"":379,""t"":1663},{""x"":405,""y"":421,""t"":1679},{""x"":349,""y"":516,""t"":1764},{""x"":310,""y"":597,""t"":1778},{""x"":285,""y"":625,""t"":1857},{""x"":272,""y"":647,""t"":1873},{""x"":322,""y"":603,""t"":1951},{""x"":384,""y"":622,""t"":2002},{""x"":441,""y"":637,""t"":2020},{""x"":469,""y"":577,""t"":2110},{""x"":485,""y"":539,""t"":2162},{""x"":499,""y"":506,""t"":2178},{""x"":419,""y"":478,""t"":2256},{""x"":351,""y"":455,""t"":2279},{""x"":266,""y"":422,""t"":2361},{""x"":308,""y"":448,""t"":2411},{""x"":405,""y"":394,""t"":2426},{""x"":464,""y"":336,""t"":2511},{""x"":514,""y"":289,""t"":2527},{""x"":624,""y"":292,""t"":2607},{""x"":604,""y"":302,""t"":2624},{""x"":837,""y"":315,""t"":2705},{""x"":1040,""y"":353,""t"":2722},{""x"":1230,""y"":357,""t"":2808},{""x"":1365,""y"":358,""t"":2822},{""x"":1434,""y"":371,""t"":2904},{""x"":1480,""y"":394,""t"":2957},{""x"":1504,""y"":397,""t"":2971},{""x"":1529,""y"":413,""t"":3049},{""x"":1501,""y"":410,""t"":3063},{""x"":1499,""y"":464,""t"":3145},{""x"":1491,""y"":509,""t"":3164},{""x"":1538,""y"":570,""t"":3242},{""x"":1569,""y"":617,""t"":3298},{""x"":1592,""y"":654,""t"":3313},{""x"":1573,""y"":656,""t"":3392},{""x"":1541,""y"":681,""t"":3408},{""x"":1533,""y"":657,""t"":3490},{""x"":1525,""y"":634,""t"":3504},{""x"":1569,""y"":663,""t"":3588},{""x"":1553,""y"":658,""t"":3604},{""x"":1531,""y"":626,""t"":3685},{""x"":1507,""y"":589,""t"":3706},{""x"":1531,""y"":581,""t"":3790},{""x"":1478,""y"":526,""t"":3808},{""x"":1501,""y"":494,""t"":3890},{""x"":1454,""y"":457,""t"":3942},{""x"":1441,""y"":447,""t"":3957},{""x"":1223,""y"":332,""t"":4034},{""x"":1039,""y"":235,""t"":4051},{""x"":873,""y"":228,""t"":4133},{""x"":739,""y"":227,""t"":4150},{""x"":681,""y"":254,""t"":4229},{""x"":642,""y"":280,""t"":4250},{""x"":603,""y"":302,""t"":4329},{""x"":534,""y"":296,""t"":4382},{""x"":484,""y"":292,""t"":4397},{""x"":396,""y"":338,""t"":4475},{""x"":328,""y"":378,""t"":4491},{""x"":331,""y"":441,""t"":4575},{""x"":319,""y"":475,""t"":4591},{""x"":295,""y"":590,""t"":4671},{""x"":281,""y"":686,""t"":4694},{""x"":208,""y"":729,""t"":4777},{""x"":181,""y"":773,""t"":4794},{""x"":159,""y"":802,""t"":4877},{""x"":224,""y"":737,""t"":4897},{""x"":319,""y"":616,""t"":4977},{""x"":504,""y"":610,""t"":5029},{""x"":694,""y"":641,""t"":5044},{""x"":851,""y"":665,""t"":5125},{""x"":1021,""y"":683,""t"":5142},{""x"":1086,""y"":713,""t"":5224},{""x"":1162,""y"":727,""t"":5238},{""x"":1165,""y"":787,""t"":5318},{""x"":1159,""y"":837,""t"":5339},{""x"":1162,""y"":798,""t"":5420},{""x"":1250,""y"":752,""t"":5441},{""x"":1190,""y"":757,""t"":5520},{""x"":1133,""y"":761,""t"":5543},{""x"":1149,""y"":716,""t"":5627},{""x"":1160,""y"":678,""t"":5645},{""x"":1173,""y"":615,""t"":5727},{""x"":1173,""y"":532,""t"":5747},{""x"":1407,""y"":541,""t"":5830},{""x"":1433,""y"":628,""t"":5849},{""x"":1530,""y"":585,""t"":5931},{""x"":1611,""y"":524,""t"":5984},{""x"":1620,""y"":525,""t"":5998},{""x"":1534,""y"":546,""t"":6079},{""x"":1455,""y"":565,""t"":6094},{""x"":1374,""y"":599,""t"":6172},{""x"":1304,""y"":629,""t"":6188},{""x"":1292,""y"":641,""t"":6268}]",{},j,0.32,0.82,0.49,0.6900000000000001,0.49,0.32,0.6900000000000001,0.82,experimental,exp_54,"{""durations"":[1000,1500,1000,1500],""alternatives"":[0,1,0,1],""attributes"":[""all"",""all"",""all"",""all""]}",0,0.49,0.6900000000000001,1920,1080,"""","""","""","""","""","""",2021-06-16 16:45:48,,"Mozilla/5.0 (Windows NT 10.0; Win64; x64) AppleWebKit/537.36 (KHTML, like Gecko) Chrome/91.0.4472.106 Safari/537.36",WebKit,Chrome,91.0.4472.106,Windows,10.0
199,248,1,"""","""","""","""","""",html-keyboard-response,199,1226495,0.0-18.0-1.0-1.11,main,29KKCMFL,1920,1080,exp_98,0.262294910469391,4.9,,"<p style=""font-size:40px;"">+</p>",,"""","""","""","""","[{""x"":1110,""y"":687,""t"":-52},{""x"":927,""y"":709,""t"":0},{""x"":856,""y"":766,""t"":112},{""x"":816,""y"":797,""t"":167},{""x"":734,""y"":794,""t"":182},{""x"":739,""y"":831,""t"":268},{""x"":750,""y"":860,""t"":282},{""x"":768,""y"":871,""t"":367},{""x"":788,""y"":878,""t"":384},{""x"":838,""y"":839,""t"":468}]",{},"""","""","""","""","""","""","""","""","""","""","""","""","""","""","""","""","""","""","""","""","""","""","""",2021-06-16 16:45:48,,"Mozilla/5.0 (Windows NT 10.0; Win64; x64) AppleWebKit/537.36 (KHTML, like Gecko) Chrome/91.0.4472.106 Safari/537.36",WebKit,Chrome,91.0.4472.106,Windows,10.0
200,248,1,"""","""","""","""","""",two-gamble-sequence,200,1232495,0.0-18.0-1.0-2.11,main,29KKCMFL,1920,1080,exp_98,0.262294910469391,4.9,368.7000000476837,"""","""","""","""","""","""","[{""x"":988,""y"":779,""t"":-49},{""x"":1086,""y"":827,""t"":0},{""x"":1132,""y"":821,""t"":111},{""x"":1230,""y"":792,""t"":183},{""x"":1311,""y"":767,""t"":204},{""x"":1341,""y"":734,""t"":288},{""x"":1377,""y"":717,""t"":306},{""x"":1245,""y"":740,""t"":385},{""x"":1199,""y"":713,""t"":437},{""x"":1158,""y"":691,""t"":452},{""x"":1269,""y"":702,""t"":530},{""x"":1364,""y"":712,""t"":546},{""x"":1395,""y"":672,""t"":628},{""x"":1320,""y"":661,""t"":646},{""x"":1266,""y"":635,""t"":725},{""x"":1235,""y"":615,""t"":748},{""x"":1281,""y"":536,""t"":830},{""x"":1282,""y"":437,""t"":850},{""x"":1256,""y"":372,""t"":929},{""x"":1302,""y"":336,""t"":953},{""x"":1219,""y"":336,""t"":1035},{""x"":1210,""y"":304,""t"":1054},{""x"":1173,""y"":289,""t"":1134},{""x"":1222,""y"":349,""t"":1186},{""x"":1196,""y"":357,""t"":1202},{""x"":1158,""y"":468,""t"":1280},{""x"":1128,""y"":563,""t"":1295},{""x"":1171,""y"":651,""t"":1375},{""x"":1184,""y"":704,""t"":1424},{""x"":1196,""y"":747,""t"":1440},{""x"":1164,""y"":772,""t"":1518},{""x"":1150,""y"":815,""t"":1533},{""x"":1234,""y"":717,""t"":1614},{""x"":1352,""y"":705,""t"":1632},{""x"":1437,""y"":674,""t"":1711},{""x"":1455,""y"":597,""t"":1764},{""x"":1482,""y"":570,""t"":1780},{""x"":1334,""y"":486,""t"":1860},{""x"":1139,""y"":451,""t"":1876},{""x"":1000,""y"":486,""t"":1957},{""x"":947,""y"":474,""t"":1973},{""x"":750,""y"":432,""t"":2052},{""x"":484,""y"":452,""t"":2104},{""x"":279,""y"":483,""t"":2120},{""x"":202,""y"":519,""t"":2202},{""x"":97,""y"":529,""t"":2217},{""x"":293,""y"":567,""t"":2302},{""x"":438,""y"":575,""t"":2318},{""x"":524,""y"":614,""t"":2398},{""x"":658,""y"":547,""t"":2415},{""x"":596,""y"":569,""t"":2501},{""x"":542,""y"":588,""t"":2517},{""x"":496,""y"":661,""t"":2604},{""x"":484,""y"":732,""t"":2619},{""x"":512,""y"":685,""t"":2701},{""x"":545,""y"":773,""t"":2722},{""x"":488,""y"":719,""t"":2812},{""x"":369,""y"":691,""t"":2826},{""x"":299,""y"":677,""t"":2913},{""x"":243,""y"":665,""t"":2928},{""x"":498,""y"":672,""t"":3011},{""x"":720,""y"":677,""t"":3028},{""x"":990,""y"":668,""t"":3117},{""x"":1215,""y"":660,""t"":3132},{""x"":1320,""y"":633,""t"":3211},{""x"":1344,""y"":555,""t"":3231},{""x"":1267,""y"":503,""t"":3311},{""x"":1191,""y"":461,""t"":3333},{""x"":1158,""y"":419,""t"":3412},{""x"":1081,""y"":363,""t"":3435},{""x"":1134,""y"":400,""t"":3515},{""x"":1132,""y"":444,""t"":3567},{""x"":1128,""y"":484,""t"":3582},{""x"":1120,""y"":461,""t"":3662},{""x"":1112,""y"":441,""t"":3677},{""x"":1167,""y"":383,""t"":3758},{""x"":1213,""y"":335,""t"":3776},{""x"":1069,""y"":327,""t"":3864},{""x"":944,""y"":323,""t"":3880},{""x"":867,""y"":334,""t"":3961},{""x"":849,""y"":313,""t"":3979},{""x"":812,""y"":279,""t"":4062},{""x"":783,""y"":251,""t"":4081},{""x"":752,""y"":252,""t"":4165},{""x"":728,""y"":255,""t"":4184},{""x"":642,""y"":266,""t"":4269},{""x"":588,""y"":259,""t"":4285},{""x"":542,""y"":342,""t"":4367},{""x"":520,""y"":448,""t"":4387},{""x"":637,""y"":561,""t"":4471},{""x"":753,""y"":662,""t"":4488},{""x"":772,""y"":666,""t"":4571},{""x"":822,""y"":697,""t"":4590},{""x"":745,""y"":646,""t"":4678},{""x"":724,""y"":604,""t"":4692},{""x"":810,""y"":565,""t"":4778},{""x"":838,""y"":550,""t"":4794},{""x"":842,""y"":620,""t"":4885},{""x"":892,""y"":647,""t"":4901},{""x"":839,""y"":594,""t"":4984},{""x"":804,""y"":593,""t"":5000},{""x"":760,""y"":572,""t"":5086},{""x"":741,""y"":542,""t"":5102},{""x"":727,""y"":500,""t"":5184},{""x"":716,""y"":465,""t"":5203},{""x"":664,""y"":495,""t"":5284},{""x"":621,""y"":522,""t"":5304},{""x"":523,""y"":529,""t"":5386},{""x"":436,""y"":532,""t"":5438},{""x"":375,""y"":537,""t"":5452},{""x"":552,""y"":514,""t"":5504},{""x"":618,""y"":542,""t"":5551},{""x"":831,""y"":606,""t"":5632},{""x"":961,""y"":660,""t"":5648},{""x"":1128,""y"":682,""t"":5728},{""x"":1255,""y"":727,""t"":5747},{""x"":1331,""y"":796,""t"":5827},{""x"":1300,""y"":836,""t"":5849},{""x"":1285,""y"":847,""t"":5934}]",{},f,0.7,0.18,0.29,0.5,0.7,0.29,0.18,0.5,experimental,exp_12,"{""durations"":[1500,1000,1500,1000],""alternatives"":[1,0,1,0],""attributes"":[""all"",""all"",""all"",""all""]}",0,0.7,0.18,1920,1080,"""","""","""","""","""","""",2021-06-16 16:45:48,,"Mozilla/5.0 (Windows NT 10.0; Win64; x64) AppleWebKit/537.36 (KHTML, like Gecko) Chrome/91.0.4472.106 Safari/537.36",WebKit,Chrome,91.0.4472.106,Windows,10.0
201,248,1,"""","""","""","""","""",html-keyboard-response,201,1233061,0.0-18.0-1.0-1.12,main,29KKCMFL,1920,1080,exp_98,0.262294910469391,4.9,,"<p style=""font-size:40px;"">+</p>",,"""","""","""","""","[{""x"":1336,""y"":834,""t"":-111},{""x"":1283,""y"":806,""t"":0},{""x"":1288,""y"":751,""t"":110},{""x"":1359,""y"":727,""t"":166},{""x"":1408,""y"":748,""t"":182},{""x"":1426,""y"":792,""t"":264},{""x"":1277,""y"":862,""t"":281},{""x"":1207,""y"":875,""t"":367},{""x"":1115,""y"":835,""t"":382}]",{},"""","""","""","""","""","""","""","""","""","""","""","""","""","""","""","""","""","""","""","""","""","""","""",2021-06-16 16:45:48,,"Mozilla/5.0 (Windows NT 10.0; Win64; x64) AppleWebKit/537.36 (KHTML, like Gecko) Chrome/91.0.4472.106 Safari/537.36",WebKit,Chrome,91.0.4472.106,Windows,10.0
202,248,1,"""","""","""","""","""",two-gamble-sequence,202,1239235,0.0-18.0-1.0-2.12,main,29KKCMFL,1920,1080,exp_98,0.262294910469391,4.9,455.39999997615814,"""","""","""","""","""","""","[{""x"":957,""y"":815,""t"":-21},{""x"":817,""y"":851,""t"":0},{""x"":753,""y"":829,""t"":92},{""x"":704,""y"":809,""t"":108},{""x"":808,""y"":782,""t"":209},{""x"":886,""y"":846,""t"":286},{""x"":981,""y"":918,""t"":307},{""x"":1186,""y"":929,""t"":389},{""x"":1377,""y"":945,""t"":409},{""x"":1478,""y"":922,""t"":491},{""x"":1586,""y"":879,""t"":512},{""x"":1581,""y"":823,""t"":593},{""x"":1561,""y"":809,""t"":613},{""x"":1368,""y"":827,""t"":692},{""x"":1239,""y"":750,""t"":745},{""x"":1127,""y"":685,""t"":760},{""x"":983,""y"":568,""t"":840},{""x"":864,""y"":470,""t"":855},{""x"":743,""y"":485,""t"":936},{""x"":644,""y"":434,""t"":953},{""x"":637,""y"":452,""t"":1033},{""x"":545,""y"":495,""t"":1055},{""x"":484,""y"":530,""t"":1137},{""x"":439,""y"":562,""t"":1157},{""x"":349,""y"":573,""t"":1241},{""x"":279,""y"":583,""t"":1260},{""x"":187,""y"":515,""t"":1341},{""x"":116,""y"":457,""t"":1361},{""x"":118,""y"":342,""t"":1444},{""x"":34,""y"":267,""t"":1462},{""x"":356,""y"":208,""t"":1545},{""x"":637,""y"":163,""t"":1565},{""x"":875,""y"":166,""t"":1645},{""x"":1073,""y"":174,""t"":1667},{""x"":1222,""y"":141,""t"":1747},{""x"":1338,""y"":116,""t"":1768},{""x"":1442,""y"":184,""t"":1847},{""x"":1521,""y"":224,""t"":1902},{""x"":1578,""y"":259,""t"":1917},{""x"":1565,""y"":322,""t"":1996},{""x"":1545,""y"":376,""t"":2010},{""x"":1518,""y"":317,""t"":2094},{""x"":1489,""y"":266,""t"":2109},{""x"":1454,""y"":177,""t"":2188},{""x"":1454,""y"":144,""t"":2241},{""x"":1469,""y"":115,""t"":2255},{""x"":1362,""y"":70,""t"":2339},{""x"":1347,""y"":75,""t"":2355},{""x"":1277,""y"":64,""t"":2437},{""x"":1218,""y"":57,""t"":2451},{""x"":1209,""y"":245,""t"":2529},{""x"":1312,""y"":389,""t"":2583},{""x"":1402,""y"":509,""t"":2598},{""x"":1126,""y"":556,""t"":2679},{""x"":890,""y"":590,""t"":2694},{""x"":739,""y"":647,""t"":2775},{""x"":489,""y"":653,""t"":2790},{""x"":334,""y"":578,""t"":2869},{""x"":307,""y"":540,""t"":2890},{""x"":205,""y"":517,""t"":2970},{""x"":94,""y"":520,""t"":3024},{""x"":11,""y"":522,""t"":3039},{""x"":-96,""y"":510,""t"":3120},{""x"":-176,""y"":499,""t"":3137},{""x"":-185,""y"":421,""t"":3216},{""x"":-181,""y"":354,""t"":3232},{""x"":-79,""y"":378,""t"":3315},{""x"":15,""y"":400,""t"":3332},{""x"":48,""y"":462,""t"":3412},{""x"":22,""y"":515,""t"":3466},{""x"":1,""y"":560,""t"":3480},{""x"":-6,""y"":580,""t"":3560},{""x"":38,""y"":634,""t"":3577},{""x"":38,""y"":622,""t"":3658},{""x"":40,""y"":610,""t"":3674},{""x"":303,""y"":602,""t"":3758},{""x"":527,""y"":594,""t"":3775},{""x"":678,""y"":526,""t"":3853},{""x"":845,""y"":488,""t"":3904},{""x"":978,""y"":457,""t"":3918},{""x"":1078,""y"":417,""t"":3999},{""x"":1153,""y"":385,""t"":4014},{""x"":1260,""y"":406,""t"":4098},{""x"":1340,""y"":426,""t"":4115},{""x"":1352,""y"":388,""t"":4195},{""x"":1401,""y"":328,""t"":4217},{""x"":1304,""y"":257,""t"":4300},{""x"":1254,""y"":211,""t"":4320},{""x"":1218,""y"":227,""t"":4399},{""x"":1126,""y"":234,""t"":4451},{""x"":1045,""y"":242,""t"":4466},{""x"":1096,""y"":235,""t"":4547},{""x"":1023,""y"":155,""t"":4562},{""x"":1067,""y"":99,""t"":4646},{""x"":1032,""y"":70,""t"":4660},{""x"":1071,""y"":27,""t"":4742},{""x"":1105,""y"":-7,""t"":4761},{""x"":1145,""y"":-4,""t"":4844},{""x"":1153,""y"":-33,""t"":4863},{""x"":1224,""y"":-73,""t"":4944},{""x"":1229,""y"":-49,""t"":4994},{""x"":1230,""y"":-24,""t"":5010},{""x"":1144,""y"":0,""t"":5090},{""x"":1069,""y"":23,""t"":5105},{""x"":1003,""y"":53,""t"":5188},{""x"":948,""y"":80,""t"":5204},{""x"":686,""y"":226,""t"":5286},{""x"":486,""y"":342,""t"":5306},{""x"":539,""y"":300,""t"":5384},{""x"":593,""y"":261,""t"":5408},{""x"":523,""y"":224,""t"":5493},{""x"":469,""y"":190,""t"":5508},{""x"":400,""y"":303,""t"":5587},{""x"":346,""y"":398,""t"":5610},{""x"":501,""y"":453,""t"":5695},{""x"":639,""y"":496,""t"":5712},{""x"":770,""y"":642,""t"":5792},{""x"":961,""y"":707,""t"":5815},{""x"":1227,""y"":790,""t"":5896},{""x"":1362,""y"":797,""t"":5949},{""x"":1467,""y"":796,""t"":5964},{""x"":1386,""y"":737,""t"":6046},{""x"":1307,""y"":682,""t"":6061}]",{},j,0.51,0.52,0.72,0.42000000000000004,0.72,0.51,0.42000000000000004,0.52,experimental,exp_66,"{""durations"":[1000,1500,1000,1500],""alternatives"":[1,0,1,0],""attributes"":[""all"",""all"",""all"",""all""]}",0,0.72,0.42000000000000004,1920,1080,"""","""","""","""","""","""",2021-06-16 16:45:48,,"Mozilla/5.0 (Windows NT 10.0; Win64; x64) AppleWebKit/537.36 (KHTML, like Gecko) Chrome/91.0.4472.106 Safari/537.36",WebKit,Chrome,91.0.4472.106,Windows,10.0
203,248,1,"""","""","""","""","""",html-keyboard-response,203,1239813,0.0-18.0-1.0-1.13,main,29KKCMFL,1920,1080,exp_98,0.262294910469391,4.9,,"<p style=""font-size:40px;"">+</p>",,"""","""","""","""","[{""x"":1208,""y"":546,""t"":-32},{""x"":1086,""y"":511,""t"":-17},{""x"":980,""y"":580,""t"":0},{""x"":890,""y"":602,""t"":125},{""x"":840,""y"":573,""t"":141},{""x"":763,""y"":461,""t"":221},{""x"":735,""y"":464,""t"":239},{""x"":823,""y"":550,""t"":321},{""x"":919,""y"":671,""t"":372},{""x"":1119,""y"":754,""t"":386},{""x"":1142,""y"":736,""t"":466},{""x"":1151,""y"":714,""t"":481}]",{},"""","""","""","""","""","""","""","""","""","""","""","""","""","""","""","""","""","""","""","""","""","""","""",2021-06-16 16:45:48,,"Mozilla/5.0 (Windows NT 10.0; Win64; x64) AppleWebKit/537.36 (KHTML, like Gecko) Chrome/91.0.4472.106 Safari/537.36",WebKit,Chrome,91.0.4472.106,Windows,10.0
204,248,1,"""","""","""","""","""",two-gamble-sequence,204,1246066,0.0-18.0-1.0-2.13,main,29KKCMFL,1920,1080,exp_98,0.262294910469391,4.9,643.5,"""","""","""","""","""","""","[{""x"":1107,""y"":716,""t"":-15},{""x"":1103,""y"":711,""t"":0},{""x"":1011,""y"":704,""t"":111},{""x"":964,""y"":651,""t"":183},{""x"":925,""y"":605,""t"":206},{""x"":871,""y"":582,""t"":284},{""x"":824,""y"":563,""t"":338},{""x"":771,""y"":553,""t"":357},{""x"":747,""y"":566,""t"":406},{""x"":769,""y"":560,""t"":454},{""x"":855,""y"":633,""t"":532},{""x"":1033,""y"":690,""t"":548},{""x"":1158,""y"":705,""t"":631},{""x"":1258,""y"":717,""t"":647},{""x"":1252,""y"":679,""t"":729},{""x"":1340,""y"":665,""t"":782},{""x"":1363,""y"":606,""t"":835},{""x"":1378,""y"":556,""t"":850},{""x"":1435,""y"":544,""t"":929},{""x"":1480,""y"":535,""t"":952},{""x"":1530,""y"":545,""t"":1033},{""x"":1567,""y"":554,""t"":1055},{""x"":1566,""y"":543,""t"":1135},{""x"":1561,""y"":534,""t"":1156},{""x"":1319,""y"":539,""t"":1235},{""x"":1109,""y"":544,""t"":1259},{""x"":891,""y"":570,""t"":1337},{""x"":652,""y"":569,""t"":1361},{""x"":421,""y"":560,""t"":1441},{""x"":295,""y"":592,""t"":1492},{""x"":202,""y"":620,""t"":1508},{""x"":142,""y"":644,""t"":1594},{""x"":105,""y"":665,""t"":1609},{""x"":99,""y"":679,""t"":1690},{""x"":105,""y"":689,""t"":1705},{""x"":123,""y"":711,""t"":1789},{""x"":146,""y"":729,""t"":1804},{""x"":229,""y"":706,""t"":1882},{""x"":232,""y"":652,""t"":1906},{""x"":214,""y"":607,""t"":1987},{""x"":200,""y"":569,""t"":2008},{""x"":294,""y"":519,""t"":2090},{""x"":489,""y"":429,""t"":2142},{""x"":750,""y"":425,""t"":2199},{""x"":917,""y"":398,""t"":2214},{""x"":1083,""y"":362,""t"":2294},{""x"":1216,""y"":335,""t"":2313},{""x"":1278,""y"":245,""t"":2396},{""x"":1320,""y"":171,""t"":2415},{""x"":1354,""y"":136,""t"":2494},{""x"":1374,""y"":111,""t"":2517},{""x"":1384,""y"":84,""t"":2604},{""x"":1394,""y"":75,""t"":2619},{""x"":1393,""y"":73,""t"":2701},{""x"":1386,""y"":75,""t"":2720},{""x"":1320,""y"":70,""t"":2801},{""x"":1259,""y"":69,""t"":2823},{""x"":1303,""y"":197,""t"":2908},{""x"":1340,""y"":307,""t"":2925},{""x"":1305,""y"":375,""t"":3003},{""x"":1332,""y"":429,""t"":3026},{""x"":1342,""y"":433,""t"":3107},{""x"":1349,""y"":433,""t"":3129},{""x"":1284,""y"":473,""t"":3210},{""x"":1227,""y"":504,""t"":3231},{""x"":1163,""y"":504,""t"":3308},{""x"":1124,""y"":520,""t"":3333},{""x"":982,""y"":447,""t"":3412},{""x"":827,""y"":402,""t"":3464},{""x"":699,""y"":364,""t"":3479},{""x"":541,""y"":325,""t"":3563},{""x"":432,""y"":327,""t"":3578},{""x"":569,""y"":395,""t"":3661},{""x"":709,""y"":460,""t"":3677},{""x"":960,""y"":516,""t"":3758},{""x"":1168,""y"":537,""t"":3775},{""x"":1104,""y"":608,""t"":3859},{""x"":1043,""y"":665,""t"":3878},{""x"":958,""y"":629,""t"":3959},{""x"":819,""y"":639,""t"":3979},{""x"":763,""y"":627,""t"":4061},{""x"":718,""y"":615,""t"":4080},{""x"":610,""y"":575,""t"":4162},{""x"":521,""y"":540,""t"":4183},{""x"":490,""y"":500,""t"":4265},{""x"":469,""y"":466,""t"":4284},{""x"":414,""y"":464,""t"":4367},{""x"":372,""y"":464,""t"":4386},{""x"":389,""y"":517,""t"":4468},{""x"":440,""y"":569,""t"":4488},{""x"":355,""y"":563,""t"":4575},{""x"":286,""y"":556,""t"":4591},{""x"":155,""y"":510,""t"":4671},{""x"":48,""y"":469,""t"":4692},{""x"":70,""y"":505,""t"":4775},{""x"":96,""y"":537,""t"":4794},{""x"":294,""y"":489,""t"":4876},{""x"":465,""y"":448,""t"":4896},{""x"":619,""y"":460,""t"":4978},{""x"":746,""y"":472,""t"":4998},{""x"":928,""y"":449,""t"":5081},{""x"":1077,""y"":429,""t"":5100},{""x"":1229,""y"":341,""t"":5185},{""x"":1332,""y"":290,""t"":5202},{""x"":1413,""y"":219,""t"":5284},{""x"":1468,""y"":179,""t"":5305},{""x"":1508,""y"":156,""t"":5389},{""x"":1487,""y"":168,""t"":5407},{""x"":1356,""y"":205,""t"":5488},{""x"":1243,""y"":263,""t"":5542},{""x"":1123,""y"":337,""t"":5558},{""x"":1000,""y"":448,""t"":5607},{""x"":896,""y"":541,""t"":5656},{""x"":965,""y"":577,""t"":5740},{""x"":1047,""y"":631,""t"":5754},{""x"":1156,""y"":658,""t"":5837},{""x"":1240,""y"":717,""t"":5852},{""x"":1337,""y"":738,""t"":5936},{""x"":1378,""y"":788,""t"":5952},{""x"":1414,""y"":830,""t"":6033},{""x"":1424,""y"":849,""t"":6054},{""x"":1355,""y"":927,""t"":6136},{""x"":1347,""y"":935,""t"":6155}]",{},f,0.61,0.22000000000000003,0.29,0.8099999999999999,0.61,0.29,0.22000000000000003,0.8099999999999999,experimental,exp_81,"{""durations"":[1500,1000,1500,1000],""alternatives"":[""all"",""all"",""all"",""all""],""attributes"":[""p"",""m"",""p"",""m""]}",0,0.61,0.22000000000000003,1920,1080,"""","""","""","""","""","""",2021-06-16 16:45:48,,"Mozilla/5.0 (Windows NT 10.0; Win64; x64) AppleWebKit/537.36 (KHTML, like Gecko) Chrome/91.0.4472.106 Safari/537.36",WebKit,Chrome,91.0.4472.106,Windows,10.0
205,248,1,"""","""","""","""","""",html-keyboard-response,205,1246650,0.0-18.0-1.0-1.14,main,29KKCMFL,1920,1080,exp_98,0.262294910469391,4.9,,"<p style=""font-size:40px;"">+</p>",,"""","""","""","""","[{""x"":1377,""y"":971,""t"":-82},{""x"":1401,""y"":998,""t"":0},{""x"":1446,""y"":1032,""t"":101},{""x"":1363,""y"":1042,""t"":116},{""x"":1386,""y"":957,""t"":199},{""x"":1356,""y"":927,""t"":214},{""x"":1214,""y"":867,""t"":302},{""x"":1094,""y"":816,""t"":319},{""x"":1001,""y"":764,""t"":402},{""x"":926,""y"":721,""t"":417}]",{},"""","""","""","""","""","""","""","""","""","""","""","""","""","""","""","""","""","""","""","""","""","""","""",2021-06-16 16:45:48,,"Mozilla/5.0 (Windows NT 10.0; Win64; x64) AppleWebKit/537.36 (KHTML, like Gecko) Chrome/91.0.4472.106 Safari/537.36",WebKit,Chrome,91.0.4472.106,Windows,10.0
206,248,1,"""","""","""","""","""",two-gamble-sequence,206,1252922,0.0-18.0-1.0-2.14,main,29KKCMFL,1920,1080,exp_98,0.262294910469391,4.9,557.8999999761581,"""","""","""","""","""","""","[{""x"":842,""y"":639,""t"":-15},{""x"":907,""y"":537,""t"":0},{""x"":858,""y"":455,""t"":113},{""x"":737,""y"":373,""t"":136},{""x"":646,""y"":428,""t"":243},{""x"":613,""y"":450,""t"":299},{""x"":539,""y"":482,""t"":316},{""x"":480,""y"":521,""t"":394},{""x"":416,""y"":531,""t"":410},{""x"":508,""y"":494,""t"":494},{""x"":575,""y"":428,""t"":511},{""x"":569,""y"":437,""t"":594},{""x"":581,""y"":459,""t"":613},{""x"":624,""y"":378,""t"":692},{""x"":553,""y"":333,""t"":715},{""x"":468,""y"":331,""t"":800},{""x"":396,""y"":333,""t"":817},{""x"":281,""y"":359,""t"":898},{""x"":323,""y"":317,""t"":919},{""x"":337,""y"":294,""t"":1000},{""x"":334,""y"":297,""t"":1053},{""x"":355,""y"":268,""t"":1068},{""x"":373,""y"":247,""t"":1151},{""x"":391,""y"":231,""t"":1167},{""x"":406,""y"":220,""t"":1246},{""x"":420,""y"":212,""t"":1262},{""x"":500,""y"":285,""t"":1342},{""x"":568,""y"":350,""t"":1362},{""x"":753,""y"":379,""t"":1443},{""x"":898,""y"":439,""t"":1496},{""x"":1012,""y"":488,""t"":1510},{""x"":1079,""y"":475,""t"":1561},{""x"":1143,""y"":489,""t"":1610},{""x"":1195,""y"":468,""t"":1690},{""x"":1187,""y"":472,""t"":1706},{""x"":1209,""y"":479,""t"":1787},{""x"":1223,""y"":484,""t"":1802},{""x"":1273,""y"":436,""t"":1881},{""x"":1155,""y"":435,""t"":1937},{""x"":948,""y"":480,""t"":1952},{""x"":851,""y"":497,""t"":2001},{""x"":770,""y"":510,""t"":2050},{""x"":634,""y"":519,""t"":2130},{""x"":583,""y"":537,""t"":2146},{""x"":463,""y"":541,""t"":2231},{""x"":366,""y"":544,""t"":2245},{""x"":548,""y"":587,""t"":2325},{""x"":709,""y"":624,""t"":2346},{""x"":889,""y"":668,""t"":2424},{""x"":1029,""y"":687,""t"":2481},{""x"":1144,""y"":701,""t"":2496},{""x"":1224,""y"":722,""t"":2576},{""x"":1285,""y"":739,""t"":2593},{""x"":1341,""y"":739,""t"":2676},{""x"":1381,""y"":738,""t"":2691},{""x"":1402,""y"":728,""t"":2775},{""x"":1414,""y"":719,""t"":2790},{""x"":1397,""y"":728,""t"":2872},{""x"":1462,""y"":723,""t"":2891},{""x"":1597,""y"":758,""t"":2971},{""x"":1697,""y"":771,""t"":2993},{""x"":1816,""y"":769,""t"":3076},{""x"":1850,""y"":698,""t"":3129},{""x"":1730,""y"":628,""t"":3186},{""x"":1614,""y"":583,""t"":3201},{""x"":1588,""y"":546,""t"":3280},{""x"":1564,""y"":517,""t"":3299},{""x"":1523,""y"":452,""t"":3381},{""x"":1488,""y"":400,""t"":3401},{""x"":1421,""y"":339,""t"":3479},{""x"":1103,""y"":344,""t"":3532},{""x"":835,""y"":352,""t"":3548},{""x"":589,""y"":300,""t"":3629},{""x"":410,""y"":289,""t"":3645},{""x"":304,""y"":250,""t"":3729},{""x"":191,""y"":307,""t"":3745},{""x"":117,""y"":283,""t"":3825},{""x"":69,""y"":263,""t"":3844},{""x"":0,""y"":330,""t"":3925},{""x"":24,""y"":375,""t"":3975},{""x"":56,""y"":414,""t"":3992},{""x"":132,""y"":443,""t"":4070},{""x"":203,""y"":467,""t"":4085},{""x"":462,""y"":490,""t"":4167},{""x"":685,""y"":507,""t"":4184},{""x"":924,""y"":530,""t"":4267},{""x"":1121,""y"":547,""t"":4286},{""x"":1231,""y"":530,""t"":4367},{""x"":1293,""y"":511,""t"":4419},{""x"":1335,""y"":494,""t"":4435},{""x"":1348,""y"":469,""t"":4515},{""x"":1349,""y"":448,""t"":4529},{""x"":1257,""y"":426,""t"":4613},{""x"":1171,""y"":408,""t"":4628},{""x"":1138,""y"":517,""t"":4713},{""x"":1223,""y"":584,""t"":4727},{""x"":1283,""y"":598,""t"":4809},{""x"":1332,""y"":607,""t"":4861},{""x"":1386,""y"":590,""t"":4877},{""x"":1333,""y"":514,""t"":4957},{""x"":1282,""y"":443,""t"":4972},{""x"":1267,""y"":422,""t"":5052},{""x"":1252,""y"":405,""t"":5066},{""x"":1256,""y"":499,""t"":5155},{""x"":1335,""y"":633,""t"":5171},{""x"":1357,""y"":676,""t"":5255},{""x"":1339,""y"":673,""t"":5272},{""x"":1316,""y"":652,""t"":5356},{""x"":1335,""y"":621,""t"":5373},{""x"":1342,""y"":588,""t"":5456},{""x"":1213,""y"":588,""t"":5475},{""x"":1111,""y"":635,""t"":5558},{""x"":1026,""y"":675,""t"":5577},{""x"":974,""y"":738,""t"":5658},{""x"":1012,""y"":761,""t"":5710},{""x"":1024,""y"":822,""t"":5730},{""x"":1129,""y"":905,""t"":5777},{""x"":1213,""y"":953,""t"":5825},{""x"":1321,""y"":950,""t"":5914},{""x"":1412,""y"":943,""t"":5930},{""x"":1456,""y"":972,""t"":6009},{""x"":1462,""y"":960,""t"":6023},{""x"":1519,""y"":887,""t"":6106},{""x"":1564,""y"":822,""t"":6121},{""x"":1571,""y"":804,""t"":6205}]",{},j,0.49,0.8300000000000001,0.79,0.53,0.79,0.49,0.53,0.8300000000000001,experimental,exp_5,"{""durations"":[1500,1000,1500,1000],""alternatives"":[""all"",""all"",""all"",""all""],""attributes"":[""m"",""p"",""m"",""p""]}",0,0.79,0.53,1920,1080,"""","""","""","""","""","""",2021-06-16 16:45:48,,"Mozilla/5.0 (Windows NT 10.0; Win64; x64) AppleWebKit/537.36 (KHTML, like Gecko) Chrome/91.0.4472.106 Safari/537.36",WebKit,Chrome,91.0.4472.106,Windows,10.0
207,248,1,"""","""","""","""","""",html-keyboard-response,207,1253456,0.0-18.0-1.0-1.15,main,29KKCMFL,1920,1080,exp_98,0.262294910469391,4.9,,"<p style=""font-size:40px;"">+</p>",,"""","""","""","""","[{""x"":1585,""y"":775,""t"":-50},{""x"":1594,""y"":751,""t"":0},{""x"":1488,""y"":724,""t"":107},{""x"":1484,""y"":685,""t"":164},{""x"":1452,""y"":654,""t"":180},{""x"":1459,""y"":676,""t"":262},{""x"":1470,""y"":693,""t"":278},{""x"":1517,""y"":723,""t"":362},{""x"":1546,""y"":773,""t"":379},{""x"":1551,""y"":737,""t"":467}]",{},"""","""","""","""","""","""","""","""","""","""","""","""","""","""","""","""","""","""","""","""","""","""","""",2021-06-16 16:45:48,,"Mozilla/5.0 (Windows NT 10.0; Win64; x64) AppleWebKit/537.36 (KHTML, like Gecko) Chrome/91.0.4472.106 Safari/537.36",WebKit,Chrome,91.0.4472.106,Windows,10.0
208,248,1,"""","""","""","""","""",two-gamble-sequence,208,1259573,0.0-18.0-1.0-2.15,main,29KKCMFL,1920,1080,exp_98,0.262294910469391,4.9,516,"""","""","""","""","""","""","[{""x"":1419,""y"":738,""t"":-51},{""x"":1306,""y"":739,""t"":0},{""x"":1208,""y"":761,""t"":94},{""x"":1099,""y"":749,""t"":109},{""x"":1011,""y"":738,""t"":177},{""x"":1070,""y"":689,""t"":271},{""x"":1127,""y"":648,""t"":305},{""x"":976,""y"":579,""t"":322},{""x"":855,""y"":506,""t"":405},{""x"":766,""y"":446,""t"":453},{""x"":728,""y"":404,""t"":535},{""x"":703,""y"":371,""t"":551},{""x"":907,""y"":416,""t"":629},{""x"":1052,""y"":471,""t"":647},{""x"":1166,""y"":510,""t"":729},{""x"":1262,""y"":543,""t"":750},{""x"":1289,""y"":512,""t"":829},{""x"":1330,""y"":508,""t"":881},{""x"":1250,""y"":427,""t"":895},{""x"":1268,""y"":410,""t"":978},{""x"":1196,""y"":342,""t"":994},{""x"":1216,""y"":334,""t"":1075},{""x"":1226,""y"":330,""t"":1090},{""x"":1317,""y"":347,""t"":1169},{""x"":1293,""y"":334,""t"":1190},{""x"":1387,""y"":389,""t"":1267},{""x"":1344,""y"":407,""t"":1327},{""x"":1317,""y"":388,""t"":1382},{""x"":1293,""y"":373,""t"":1397},{""x"":1264,""y"":357,""t"":1475},{""x"":1238,""y"":344,""t"":1497},{""x"":1129,""y"":343,""t"":1597},{""x"":860,""y"":383,""t"":1611},{""x"":644,""y"":362,""t"":1660},{""x"":538,""y"":358,""t"":1708},{""x"":380,""y"":381,""t"":1786},{""x"":256,""y"":401,""t"":1803},{""x"":291,""y"":379,""t"":1884},{""x"":444,""y"":483,""t"":1940},{""x"":687,""y"":549,""t"":1997},{""x"":899,""y"":602,""t"":2011},{""x"":1030,""y"":616,""t"":2093},{""x"":1138,""y"":662,""t"":2108},{""x"":1214,""y"":731,""t"":2188},{""x"":1483,""y"":690,""t"":2211},{""x"":1498,""y"":786,""t"":2290},{""x"":1535,""y"":871,""t"":2342},{""x"":1549,""y"":898,""t"":2356},{""x"":1429,""y"":887,""t"":2434},{""x"":1406,""y"":865,""t"":2449},{""x"":1247,""y"":799,""t"":2528},{""x"":1198,""y"":734,""t"":2552},{""x"":1060,""y"":729,""t"":2632},{""x"":920,""y"":742,""t"":2653},{""x"":784,""y"":721,""t"":2732},{""x"":628,""y"":710,""t"":2755},{""x"":530,""y"":678,""t"":2836},{""x"":469,""y"":671,""t"":2857},{""x"":644,""y"":672,""t"":2940},{""x"":624,""y"":678,""t"":2959},{""x"":763,""y"":679,""t"":3036},{""x"":829,""y"":683,""t"":3091},{""x"":885,""y"":686,""t"":3106},{""x"":1027,""y"":677,""t"":3189},{""x"":1147,""y"":669,""t"":3205},{""x"":1261,""y"":665,""t"":3286},{""x"":1306,""y"":683,""t"":3301},{""x"":1398,""y"":674,""t"":3380},{""x"":1375,""y"":680,""t"":3434},{""x"":1269,""y"":668,""t"":3450},{""x"":1049,""y"":639,""t"":3498},{""x"":933,""y"":558,""t"":3545},{""x"":802,""y"":567,""t"":3624},{""x"":792,""y"":557,""t"":3639},{""x"":624,""y"":564,""t"":3720},{""x"":485,""y"":572,""t"":3740},{""x"":365,""y"":566,""t"":3821},{""x"":544,""y"":500,""t"":3872},{""x"":676,""y"":458,""t"":3886},{""x"":915,""y"":495,""t"":3969},{""x"":1119,""y"":529,""t"":3984},{""x"":1224,""y"":471,""t"":4065},{""x"":1308,""y"":422,""t"":4080},{""x"":1307,""y"":421,""t"":4164},{""x"":1299,""y"":423,""t"":4183},{""x"":1321,""y"":417,""t"":4267},{""x"":1322,""y"":434,""t"":4285},{""x"":1310,""y"":448,""t"":4368},{""x"":1296,""y"":461,""t"":4387},{""x"":1058,""y"":493,""t"":4469},{""x"":945,""y"":483,""t"":4489},{""x"":773,""y"":533,""t"":4571},{""x"":629,""y"":575,""t"":4592},{""x"":470,""y"":611,""t"":4676},{""x"":341,""y"":640,""t"":4693},{""x"":527,""y"":657,""t"":4777},{""x"":694,""y"":670,""t"":4795},{""x"":895,""y"":666,""t"":4880},{""x"":1067,""y"":661,""t"":4897},{""x"":1132,""y"":693,""t"":4983},{""x"":1184,""y"":719,""t"":4999},{""x"":1216,""y"":725,""t"":5086},{""x"":1238,""y"":729,""t"":5102},{""x"":1167,""y"":746,""t"":5182},{""x"":1089,""y"":773,""t"":5203},{""x"":991,""y"":799,""t"":5281},{""x"":907,""y"":820,""t"":5305},{""x"":906,""y"":815,""t"":5386},{""x"":887,""y"":807,""t"":5407},{""x"":934,""y"":752,""t"":5487},{""x"":1007,""y"":726,""t"":5509},{""x"":1069,""y"":747,""t"":5601},{""x"":1121,""y"":765,""t"":5618},{""x"":1128,""y"":767,""t"":5700},{""x"":1132,""y"":768,""t"":5715},{""x"":1273,""y"":742,""t"":5803},{""x"":1397,""y"":743,""t"":5820},{""x"":1336,""y"":717,""t"":5901},{""x"":1097,""y"":669,""t"":5917},{""x"":990,""y"":610,""t"":5998},{""x"":900,""y"":560,""t"":6020}]",{},f,0.78,0.21000000000000002,0.4,0.3,0.78,0.4,0.21000000000000002,0.3,experimental,exp_109,"{""durations"":[1500,1000,1500,1000],""alternatives"":[""all"",""all"",""all"",""all""],""attributes"":[""m"",""p"",""m"",""p""]}",0,0.78,0.21000000000000002,1920,1080,"""","""","""","""","""","""",2021-06-16 16:45:48,,"Mozilla/5.0 (Windows NT 10.0; Win64; x64) AppleWebKit/537.36 (KHTML, like Gecko) Chrome/91.0.4472.106 Safari/537.36",WebKit,Chrome,91.0.4472.106,Windows,10.0
209,248,1,"""","""","""","""","""",html-keyboard-response,209,1260143,0.0-18.0-1.0-1.16,main,29KKCMFL,1920,1080,exp_98,0.262294910469391,4.9,,"<p style=""font-size:40px;"">+</p>",,"""","""","""","""","[{""x"":835,""y"":491,""t"":-88},{""x"":777,""y"":400,""t"":0},{""x"":935,""y"":442,""t"":118},{""x"":917,""y"":518,""t"":137},{""x"":1087,""y"":629,""t"":222},{""x"":1218,""y"":720,""t"":240},{""x"":1321,""y"":827,""t"":322},{""x"":1428,""y"":871,""t"":341},{""x"":1495,""y"":851,""t"":423}]",{},"""","""","""","""","""","""","""","""","""","""","""","""","""","""","""","""","""","""","""","""","""","""","""",2021-06-16 16:45:48,,"Mozilla/5.0 (Windows NT 10.0; Win64; x64) AppleWebKit/537.36 (KHTML, like Gecko) Chrome/91.0.4472.106 Safari/537.36",WebKit,Chrome,91.0.4472.106,Windows,10.0
210,248,1,"""","""","""","""","""",two-gamble-sequence,210,1266417,0.0-18.0-1.0-2.16,main,29KKCMFL,1920,1080,exp_98,0.262294910469391,4.9,595.8000000715256,"""","""","""","""","""","""","[{""x"":1493,""y"":814,""t"":-24},{""x"":1512,""y"":793,""t"":0},{""x"":1375,""y"":758,""t"":93},{""x"":1216,""y"":719,""t"":108},{""x"":1111,""y"":699,""t"":178},{""x"":935,""y"":635,""t"":273},{""x"":783,""y"":609,""t"":308},{""x"":684,""y"":581,""t"":389},{""x"":569,""y"":529,""t"":442},{""x"":461,""y"":438,""t"":499},{""x"":330,""y"":365,""t"":516},{""x"":290,""y"":307,""t"":596},{""x"":315,""y"":250,""t"":613},{""x"":318,""y"":227,""t"":692},{""x"":336,""y"":194,""t"":714},{""x"":375,""y"":295,""t"":795},{""x"":371,""y"":407,""t"":816},{""x"":454,""y"":480,""t"":896},{""x"":448,""y"":555,""t"":918},{""x"":382,""y"":603,""t"":1004},{""x"":328,""y"":642,""t"":1020},{""x"":268,""y"":632,""t"":1101},{""x"":225,""y"":634,""t"":1156},{""x"":148,""y"":642,""t"":1211},{""x"":87,""y"":646,""t"":1227},{""x"":97,""y"":657,""t"":1308},{""x"":110,""y"":664,""t"":1326},{""x"":178,""y"":631,""t"":1407},{""x"":221,""y"":629,""t"":1428},{""x"":276,""y"":560,""t"":1507},{""x"":354,""y"":554,""t"":1531},{""x"":655,""y"":585,""t"":1614},{""x"":910,""y"":611,""t"":1633},{""x"":1094,""y"":628,""t"":1715},{""x"":1240,""y"":642,""t"":1735},{""x"":1341,""y"":637,""t"":1813},{""x"":1414,""y"":631,""t"":1837},{""x"":1494,""y"":659,""t"":1916},{""x"":1530,""y"":675,""t"":1970},{""x"":1563,""y"":668,""t"":1985},{""x"":1458,""y"":628,""t"":2065},{""x"":1563,""y"":670,""t"":2080},{""x"":1557,""y"":720,""t"":2163},{""x"":1636,""y"":764,""t"":2178},{""x"":1593,""y"":788,""t"":2262},{""x"":1641,""y"":808,""t"":2279},{""x"":1559,""y"":818,""t"":2360},{""x"":1588,""y"":827,""t"":2413},{""x"":1496,""y"":861,""t"":2428},{""x"":1518,""y"":872,""t"":2509},{""x"":1422,""y"":893,""t"":2526},{""x"":1402,""y"":791,""t"":2609},{""x"":1363,""y"":691,""t"":2624},{""x"":1378,""y"":615,""t"":2707},{""x"":1434,""y"":569,""t"":2721},{""x"":1424,""y"":526,""t"":2802},{""x"":1382,""y"":481,""t"":2854},{""x"":1356,""y"":475,""t"":2869},{""x"":1394,""y"":554,""t"":2948},{""x"":1439,""y"":541,""t"":2962},{""x"":1275,""y"":553,""t"":3047},{""x"":1126,""y"":539,""t"":3062},{""x"":1047,""y"":606,""t"":3141},{""x"":871,""y"":608,""t"":3195},{""x"":727,""y"":609,""t"":3209},{""x"":589,""y"":574,""t"":3291},{""x"":481,""y"":544,""t"":3306},{""x"":493,""y"":537,""t"":3385},{""x"":335,""y"":636,""t"":3401},{""x"":248,""y"":747,""t"":3480},{""x"":298,""y"":827,""t"":3534},{""x"":350,""y"":893,""t"":3550},{""x"":459,""y"":833,""t"":3629},{""x"":557,""y"":778,""t"":3644},{""x"":598,""y"":721,""t"":3724},{""x"":633,""y"":671,""t"":3742},{""x"":733,""y"":691,""t"":3823},{""x"":867,""y"":679,""t"":3843},{""x"":977,""y"":705,""t"":3922},{""x"":1054,""y"":710,""t"":3974},{""x"":1114,""y"":714,""t"":3990},{""x"":1209,""y"":661,""t"":4074},{""x"":1283,""y"":616,""t"":4090},{""x"":1315,""y"":598,""t"":4173},{""x"":1336,""y"":584,""t"":4189},{""x"":1338,""y"":560,""t"":4272},{""x"":1334,""y"":541,""t"":4287},{""x"":1248,""y"":524,""t"":4370},{""x"":1171,""y"":511,""t"":4387},{""x"":1229,""y"":531,""t"":4469},{""x"":1279,""y"":550,""t"":4489},{""x"":1338,""y"":548,""t"":4567},{""x"":1455,""y"":538,""t"":4619},{""x"":1551,""y"":530,""t"":4634},{""x"":1502,""y"":642,""t"":4713},{""x"":1622,""y"":737,""t"":4728},{""x"":1605,""y"":794,""t"":4810},{""x"":1596,""y"":813,""t"":4829},{""x"":1498,""y"":886,""t"":4910},{""x"":1557,""y"":834,""t"":4964},{""x"":1567,""y"":782,""t"":5017},{""x"":1574,""y"":735,""t"":5032},{""x"":1558,""y"":655,""t"":5117},{""x"":1543,""y"":586,""t"":5134},{""x"":1542,""y"":592,""t"":5218},{""x"":1540,""y"":599,""t"":5236},{""x"":1527,""y"":583,""t"":5316},{""x"":1500,""y"":570,""t"":5367},{""x"":1476,""y"":560,""t"":5382},{""x"":1419,""y"":537,""t"":5462},{""x"":1371,""y"":519,""t"":5477},{""x"":1379,""y"":571,""t"":5559},{""x"":1307,""y"":620,""t"":5577},{""x"":1394,""y"":679,""t"":5659},{""x"":1470,""y"":729,""t"":5679},{""x"":1455,""y"":803,""t"":5764},{""x"":1442,""y"":864,""t"":5782},{""x"":1457,""y"":868,""t"":5862},{""x"":1470,""y"":868,""t"":5883},{""x"":1427,""y"":853,""t"":5965},{""x"":1428,""y"":797,""t"":6016},{""x"":1401,""y"":737,""t"":6031},{""x"":1353,""y"":725,""t"":6114},{""x"":1235,""y"":740,""t"":6129},{""x"":1130,""y"":706,""t"":6208}]",{},j,0.2,0.6799999999999999,0.8,0.4,0.8,0.2,0.4,0.6799999999999999,experimental,exp_76,"{""durations"":[1500,1000,1500,1000],""alternatives"":[1,0,1,0],""attributes"":[""all"",""all"",""all"",""all""]}",0,0.8,0.4,1920,1080,"""","""","""","""","""","""",2021-06-16 16:45:48,,"Mozilla/5.0 (Windows NT 10.0; Win64; x64) AppleWebKit/537.36 (KHTML, like Gecko) Chrome/91.0.4472.106 Safari/537.36",WebKit,Chrome,91.0.4472.106,Windows,10.0
211,248,1,"""","""","""","""","""",html-keyboard-response,211,1266924,0.0-18.0-1.0-1.17,main,29KKCMFL,1920,1080,exp_98,0.262294910469391,4.9,,"<p style=""font-size:40px;"">+</p>",,"""","""","""","""","[{""x"":1077,""y"":682,""t"":-50},{""x"":952,""y"":609,""t"":0},{""x"":910,""y"":636,""t"":96},{""x"":880,""y"":660,""t"":112},{""x"":841,""y"":585,""t"":194},{""x"":781,""y"":544,""t"":210},{""x"":736,""y"":527,""t"":291},{""x"":702,""y"":516,""t"":307},{""x"":707,""y"":540,""t"":389},{""x"":715,""y"":562,""t"":410}]",{},"""","""","""","""","""","""","""","""","""","""","""","""","""","""","""","""","""","""","""","""","""","""","""",2021-06-16 16:45:48,,"Mozilla/5.0 (Windows NT 10.0; Win64; x64) AppleWebKit/537.36 (KHTML, like Gecko) Chrome/91.0.4472.106 Safari/537.36",WebKit,Chrome,91.0.4472.106,Windows,10.0
212,248,1,"""","""","""","""","""",two-gamble-sequence,212,1273041,0.0-18.0-1.0-2.17,main,29KKCMFL,1920,1080,exp_98,0.262294910469391,4.9,437.2999999523163,"""","""","""","""","""","""","[{""x"":741,""y"":591,""t"":-16},{""x"":766,""y"":617,""t"":0},{""x"":877,""y"":643,""t"":99},{""x"":1031,""y"":650,""t"":122},{""x"":1387,""y"":735,""t"":180},{""x"":1509,""y"":730,""t"":250},{""x"":1506,""y"":689,""t"":331},{""x"":1425,""y"":646,""t"":348},{""x"":1325,""y"":675,""t"":430},{""x"":1237,""y"":690,""t"":446},{""x"":1147,""y"":694,""t"":526},{""x"":970,""y"":627,""t"":544},{""x"":811,""y"":705,""t"":624},{""x"":679,""y"":771,""t"":646},{""x"":569,""y"":836,""t"":726},{""x"":536,""y"":897,""t"":748},{""x"":489,""y"":822,""t"":827},{""x"":483,""y"":766,""t"":851},{""x"":597,""y"":730,""t"":931},{""x"":837,""y"":724,""t"":983},{""x"":1043,""y"":720,""t"":999},{""x"":1183,""y"":696,""t"":1080},{""x"":1297,""y"":675,""t"":1095},{""x"":1395,""y"":636,""t"":1172},{""x"":1471,""y"":604,""t"":1191},{""x"":1526,""y"":579,""t"":1273},{""x"":1564,""y"":559,""t"":1292},{""x"":1325,""y"":557,""t"":1375},{""x"":1163,""y"":621,""t"":1429},{""x"":954,""y"":678,""t"":1489},{""x"":777,""y"":726,""t"":1505},{""x"":727,""y"":791,""t"":1588},{""x"":655,""y"":849,""t"":1603},{""x"":606,""y"":895,""t"":1683},{""x"":571,""y"":930,""t"":1701},{""x"":531,""y"":968,""t"":1781},{""x"":499,""y"":1016,""t"":1832},{""x"":478,""y"":1053,""t"":1847},{""x"":404,""y"":842,""t"":1928},{""x"":346,""y"":658,""t"":1943},{""x"":305,""y"":568,""t"":2022},{""x"":275,""y"":495,""t"":2042},{""x"":624,""y"":449,""t"":2122},{""x"":821,""y"":422,""t"":2174},{""x"":1004,""y"":388,""t"":2189},{""x"":1191,""y"":367,""t"":2268},{""x"":1290,""y"":361,""t"":2283},{""x"":1395,""y"":355,""t"":2365},{""x"":1475,""y"":354,""t"":2381},{""x"":1522,""y"":326,""t"":2463},{""x"":1526,""y"":295,""t"":2515},{""x"":1330,""y"":283,""t"":2531},{""x"":1094,""y"":260,""t"":2580},{""x"":890,""y"":244,""t"":2627},{""x"":729,""y"":302,""t"":2706},{""x"":596,""y"":355,""t"":2722},{""x"":541,""y"":407,""t"":2802},{""x"":502,""y"":451,""t"":2822},{""x"":684,""y"":518,""t"":2904},{""x"":780,""y"":534,""t"":2924},{""x"":895,""y"":568,""t"":3004},{""x"":1001,""y"":581,""t"":3057},{""x"":1091,""y"":589,""t"":3072},{""x"":1160,""y"":629,""t"":3151},{""x"":1184,""y"":648,""t"":3166},{""x"":1288,""y"":670,""t"":3246},{""x"":1314,""y"":677,""t"":3264},{""x"":1315,""y"":679,""t"":3346},{""x"":1342,""y"":725,""t"":3400},{""x"":1364,""y"":750,""t"":3456},{""x"":1309,""y"":737,""t"":3473},{""x"":1173,""y"":746,""t"":3552},{""x"":1095,""y"":745,""t"":3570},{""x"":933,""y"":737,""t"":3654},{""x"":808,""y"":765,""t"":3672},{""x"":735,""y"":728,""t"":3752},{""x"":671,""y"":752,""t"":3774},{""x"":703,""y"":679,""t"":3855},{""x"":824,""y"":681,""t"":3905},{""x"":916,""y"":721,""t"":3921},{""x"":1108,""y"":710,""t"":4002},{""x"":1246,""y"":722,""t"":4017},{""x"":1205,""y"":805,""t"":4109},{""x"":1165,""y"":874,""t"":4125},{""x"":1070,""y"":900,""t"":4209},{""x"":1026,""y"":775,""t"":4225},{""x"":983,""y"":686,""t"":4305},{""x"":861,""y"":704,""t"":4320},{""x"":743,""y"":733,""t"":4400},{""x"":688,""y"":767,""t"":4457},{""x"":747,""y"":784,""t"":4508},{""x"":647,""y"":736,""t"":4523},{""x"":854,""y"":864,""t"":4601},{""x"":1049,""y"":978,""t"":4655},{""x"":1216,""y"":1072,""t"":4671},{""x"":1274,""y"":1106,""t"":4751},{""x"":1332,""y"":1156,""t"":4765},{""x"":1214,""y"":1011,""t"":4845},{""x"":1174,""y"":931,""t"":4863},{""x"":932,""y"":883,""t"":4941},{""x"":790,""y"":806,""t"":4997},{""x"":647,""y"":784,""t"":5012},{""x"":617,""y"":720,""t"":5092},{""x"":598,""y"":669,""t"":5106},{""x"":609,""y"":673,""t"":5191},{""x"":623,""y"":681,""t"":5208},{""x"":575,""y"":642,""t"":5291},{""x"":611,""y"":608,""t"":5307},{""x"":589,""y"":551,""t"":5389},{""x"":533,""y"":527,""t"":5407},{""x"":595,""y"":454,""t"":5493},{""x"":651,""y"":395,""t"":5510},{""x"":734,""y"":419,""t"":5592},{""x"":810,""y"":435,""t"":5611},{""x"":910,""y"":491,""t"":5695},{""x"":993,""y"":541,""t"":5713},{""x"":1145,""y"":563,""t"":5794},{""x"":1243,""y"":643,""t"":5814},{""x"":1196,""y"":674,""t"":5895},{""x"":1149,""y"":699,""t"":5916},{""x"":1183,""y"":736,""t"":5999},{""x"":1209,""y"":765,""t"":6019}]",{},f,0.28,0.43,0.17,0.8300000000000001,0.28,0.17,0.43,0.8300000000000001,experimental,exp_17,"{""durations"":[1500,1000,1500,1000],""alternatives"":[""all"",""all"",""all"",""all""],""attributes"":[""p"",""m"",""p"",""m""]}",0,0.28,0.43,1920,1080,"""","""","""","""","""","""",2021-06-16 16:45:48,,"Mozilla/5.0 (Windows NT 10.0; Win64; x64) AppleWebKit/537.36 (KHTML, like Gecko) Chrome/91.0.4472.106 Safari/537.36",WebKit,Chrome,91.0.4472.106,Windows,10.0
213,248,1,"""","""","""","""","""",html-keyboard-response,213,1273625,0.0-18.0-1.0-1.18,main,29KKCMFL,1920,1080,exp_98,0.262294910469391,4.9,,"<p style=""font-size:40px;"">+</p>",,"""","""","""","""","[{""x"":1126,""y"":723,""t"":-85},{""x"":1136,""y"":687,""t"":0},{""x"":1169,""y"":676,""t"":100},{""x"":1196,""y"":666,""t"":115},{""x"":1208,""y"":649,""t"":196},{""x"":1216,""y"":635,""t"":210},{""x"":1166,""y"":665,""t"":298},{""x"":1121,""y"":692,""t"":313},{""x"":1067,""y"":694,""t"":398},{""x"":1021,""y"":695,""t"":413}]",{},"""","""","""","""","""","""","""","""","""","""","""","""","""","""","""","""","""","""","""","""","""","""","""",2021-06-16 16:45:48,,"Mozilla/5.0 (Windows NT 10.0; Win64; x64) AppleWebKit/537.36 (KHTML, like Gecko) Chrome/91.0.4472.106 Safari/537.36",WebKit,Chrome,91.0.4472.106,Windows,10.0
214,248,1,"""","""","""","""","""",two-gamble-sequence,214,1279708,0.0-18.0-1.0-2.18,main,29KKCMFL,1920,1080,exp_98,0.262294910469391,4.9,392.7999999523163,"""","""","""","""","""","""","[{""x"":957,""y"":712,""t"":-17},{""x"":904,""y"":750,""t"":0},{""x"":918,""y"":795,""t"":77},{""x"":868,""y"":809,""t"":150},{""x"":861,""y"":842,""t"":229},{""x"":815,""y"":835,""t"":244},{""x"":790,""y"":808,""t"":326},{""x"":787,""y"":834,""t"":341},{""x"":769,""y"":825,""t"":423},{""x"":761,""y"":772,""t"":443},{""x"":645,""y"":824,""t"":524},{""x"":548,""y"":868,""t"":545},{""x"":681,""y"":828,""t"":628},{""x"":742,""y"":807,""t"":648},{""x"":928,""y"":790,""t"":729},{""x"":1080,""y"":755,""t"":750},{""x"":1230,""y"":740,""t"":830},{""x"":1354,""y"":727,""t"":852},{""x"":1480,""y"":660,""t"":931},{""x"":1580,""y"":604,""t"":952},{""x"":1513,""y"":587,""t"":1030},{""x"":1506,""y"":612,""t"":1055},{""x"":1566,""y"":669,""t"":1136},{""x"":1564,""y"":663,""t"":1189},{""x"":1579,""y"":756,""t"":1205},{""x"":1597,""y"":829,""t"":1254},{""x"":1595,""y"":905,""t"":1302},{""x"":1607,""y"":963,""t"":1383},{""x"":1614,""y"":1009,""t"":1398},{""x"":1601,""y"":983,""t"":1476},{""x"":1474,""y"":927,""t"":1527},{""x"":1455,""y"":836,""t"":1543},{""x"":1429,""y"":759,""t"":1623},{""x"":1425,""y"":695,""t"":1639},{""x"":1411,""y"":633,""t"":1720},{""x"":1400,""y"":582,""t"":1735},{""x"":1397,""y"":526,""t"":1818},{""x"":1396,""y"":482,""t"":1836},{""x"":1086,""y"":454,""t"":1915},{""x"":760,""y"":379,""t"":1970},{""x"":489,""y"":319,""t"":1985},{""x"":318,""y"":269,""t"":2063},{""x"":187,""y"":231,""t"":2078},{""x"":136,""y"":156,""t"":2160},{""x"":254,""y"":70,""t"":2178},{""x"":361,""y"":21,""t"":2258},{""x"":497,""y"":19,""t"":2279},{""x"":622,""y"":5,""t"":2358},{""x"":605,""y"":29,""t"":2410},{""x"":590,""y"":55,""t"":2425},{""x"":668,""y"":144,""t"":2504},{""x"":735,""y"":223,""t"":2519},{""x"":777,""y"":305,""t"":2599},{""x"":762,""y"":412,""t"":2653},{""x"":780,""y"":482,""t"":2705},{""x"":742,""y"":525,""t"":2721},{""x"":719,""y"":514,""t"":2803},{""x"":741,""y"":474,""t"":2823},{""x"":948,""y"":501,""t"":2901},{""x"":1124,""y"":522,""t"":2925},{""x"":1188,""y"":588,""t"":3007},{""x"":1286,""y"":619,""t"":3058},{""x"":1363,""y"":643,""t"":3074},{""x"":1489,""y"":690,""t"":3153},{""x"":1561,""y"":729,""t"":3169},{""x"":1313,""y"":692,""t"":3253},{""x"":1093,""y"":658,""t"":3268},{""x"":837,""y"":646,""t"":3351},{""x"":757,""y"":706,""t"":3367},{""x"":578,""y"":658,""t"":3448},{""x"":454,""y"":630,""t"":3500},{""x"":356,""y"":632,""t"":3517},{""x"":280,""y"":618,""t"":3568},{""x"":239,""y"":598,""t"":3615},{""x"":422,""y"":537,""t"":3699},{""x"":545,""y"":511,""t"":3714},{""x"":819,""y"":530,""t"":3797},{""x"":1023,""y"":623,""t"":3813},{""x"":1076,""y"":683,""t"":3896},{""x"":1115,""y"":733,""t"":3911},{""x"":1018,""y"":633,""t"":3991},{""x"":931,""y"":545,""t"":4014},{""x"":1011,""y"":528,""t"":4097},{""x"":1078,""y"":515,""t"":4115},{""x"":1137,""y"":497,""t"":4195},{""x"":1179,""y"":523,""t"":4216},{""x"":1299,""y"":494,""t"":4297},{""x"":1398,""y"":470,""t"":4318},{""x"":1462,""y"":459,""t"":4402},{""x"":1510,""y"":452,""t"":4420},{""x"":1522,""y"":498,""t"":4500},{""x"":1526,""y"":539,""t"":4522},{""x"":1620,""y"":529,""t"":4603},{""x"":1585,""y"":542,""t"":4657},{""x"":1612,""y"":518,""t"":4672},{""x"":1586,""y"":531,""t"":4757},{""x"":1563,""y"":519,""t"":4772},{""x"":1371,""y"":544,""t"":4853},{""x"":1194,""y"":480,""t"":4868},{""x"":1083,""y"":483,""t"":4950},{""x"":993,""y"":486,""t"":4966},{""x"":999,""y"":455,""t"":5048},{""x"":1010,""y"":430,""t"":5067},{""x"":921,""y"":434,""t"":5147},{""x"":897,""y"":472,""t"":5200},{""x"":859,""y"":481,""t"":5215},{""x"":916,""y"":469,""t"":5298},{""x"":969,""y"":459,""t"":5314},{""x"":940,""y"":398,""t"":5398},{""x"":917,""y"":348,""t"":5413},{""x"":750,""y"":434,""t"":5495},{""x"":609,""y"":510,""t"":5509},{""x"":799,""y"":545,""t"":5592},{""x"":1041,""y"":554,""t"":5611},{""x"":1305,""y"":566,""t"":5691},{""x"":1384,""y"":564,""t"":5747},{""x"":1609,""y"":574,""t"":5804},{""x"":1627,""y"":578,""t"":5819},{""x"":1696,""y"":592,""t"":5896},{""x"":1698,""y"":663,""t"":5916},{""x"":1558,""y"":753,""t"":5999}]",{},j,0.17,0.3,0.3,0.2,0.3,0.17,0.2,0.3,experimental,exp_31,"{""durations"":[1000,1500,1000,1500],""alternatives"":[""all"",""all"",""all"",""all""],""attributes"":[""p"",""m"",""p"",""m""]}",0,0.3,0.2,1920,1080,"""","""","""","""","""","""",2021-06-16 16:45:48,,"Mozilla/5.0 (Windows NT 10.0; Win64; x64) AppleWebKit/537.36 (KHTML, like Gecko) Chrome/91.0.4472.106 Safari/537.36",WebKit,Chrome,91.0.4472.106,Windows,10.0
215,248,1,"""","""","""","""","""",html-keyboard-response,215,1280239,0.0-18.0-1.0-1.19,main,29KKCMFL,1920,1080,exp_98,0.262294910469391,4.9,,"<p style=""font-size:40px;"">+</p>",,"""","""","""","""","[{""x"":1518,""y"":742,""t"":-32},{""x"":1480,""y"":729,""t"":-16},{""x"":1446,""y"":715,""t"":0},{""x"":1371,""y"":684,""t"":146},{""x"":1307,""y"":673,""t"":206},{""x"":1249,""y"":661,""t"":268},{""x"":1245,""y"":645,""t"":284},{""x"":1147,""y"":638,""t"":366},{""x"":1169,""y"":622,""t"":382},{""x"":1174,""y"":607,""t"":465}]",{},"""","""","""","""","""","""","""","""","""","""","""","""","""","""","""","""","""","""","""","""","""","""","""",2021-06-16 16:45:48,,"Mozilla/5.0 (Windows NT 10.0; Win64; x64) AppleWebKit/537.36 (KHTML, like Gecko) Chrome/91.0.4472.106 Safari/537.36",WebKit,Chrome,91.0.4472.106,Windows,10.0
216,248,1,"""","""","""","""","""",two-gamble-sequence,216,1286410,0.0-18.0-1.0-2.19,main,29KKCMFL,1920,1080,exp_98,0.262294910469391,4.9,448.7000000476837,"""","""","""","""","""","""","[{""x"":1171,""y"":638,""t"":-50},{""x"":1143,""y"":649,""t"":0},{""x"":1215,""y"":745,""t"":102},{""x"":1249,""y"":779,""t"":181},{""x"":1273,""y"":839,""t"":205},{""x"":1265,""y"":922,""t"":285},{""x"":1109,""y"":926,""t"":340},{""x"":1106,""y"":901,""t"":397},{""x"":1105,""y"":876,""t"":413},{""x"":915,""y"":762,""t"":488},{""x"":755,""y"":664,""t"":512},{""x"":586,""y"":646,""t"":592},{""x"":433,""y"":571,""t"":613},{""x"":316,""y"":544,""t"":691},{""x"":226,""y"":523,""t"":715},{""x"":189,""y"":483,""t"":797},{""x"":167,""y"":451,""t"":816},{""x"":215,""y"":392,""t"":893},{""x"":394,""y"":378,""t"":943},{""x"":552,""y"":370,""t"":959},{""x"":770,""y"":398,""t"":1039},{""x"":939,""y"":409,""t"":1055},{""x"":1117,""y"":459,""t"":1137},{""x"":1261,""y"":504,""t"":1157},{""x"":1376,""y"":509,""t"":1238},{""x"":1453,""y"":575,""t"":1288},{""x"":1496,""y"":613,""t"":1305},{""x"":1666,""y"":685,""t"":1384},{""x"":1797,""y"":699,""t"":1400},{""x"":1837,""y"":722,""t"":1479},{""x"":1854,""y"":729,""t"":1496},{""x"":1766,""y"":778,""t"":1581},{""x"":1592,""y"":906,""t"":1599},{""x"":1521,""y"":894,""t"":1685},{""x"":1460,""y"":879,""t"":1701},{""x"":1366,""y"":845,""t"":1781},{""x"":1336,""y"":792,""t"":1831},{""x"":1313,""y"":745,""t"":1847},{""x"":1333,""y"":732,""t"":1923},{""x"":1352,""y"":722,""t"":1939},{""x"":1132,""y"":754,""t"":2019},{""x"":969,""y"":771,""t"":2040},{""x"":796,""y"":781,""t"":2119},{""x"":656,""y"":788,""t"":2142},{""x"":775,""y"":784,""t"":2222},{""x"":796,""y"":799,""t"":2244},{""x"":830,""y"":814,""t"":2321},{""x"":867,""y"":821,""t"":2377},{""x"":902,""y"":825,""t"":2393},{""x"":948,""y"":813,""t"":2474},{""x"":989,""y"":803,""t"":2489},{""x"":1072,""y"":801,""t"":2571},{""x"":1142,""y"":799,""t"":2588},{""x"":1170,""y"":768,""t"":2670},{""x"":1147,""y"":755,""t"":2688},{""x"":1173,""y"":653,""t"":2767},{""x"":1193,""y"":566,""t"":2789},{""x"":1210,""y"":475,""t"":2872},{""x"":1222,""y"":400,""t"":2891},{""x"":1281,""y"":415,""t"":2975},{""x"":1329,""y"":433,""t"":2992},{""x"":1345,""y"":468,""t"":3078},{""x"":1443,""y"":503,""t"":3095},{""x"":1359,""y"":541,""t"":3182},{""x"":1284,""y"":575,""t"":3197},{""x"":1059,""y"":596,""t"":3279},{""x"":849,""y"":674,""t"":3333},{""x"":710,""y"":611,""t"":3387},{""x"":598,""y"":555,""t"":3402},{""x"":608,""y"":517,""t"":3485},{""x"":625,""y"":485,""t"":3503},{""x"":761,""y"":541,""t"":3585},{""x"":883,""y"":590,""t"":3604},{""x"":1010,""y"":640,""t"":3685},{""x"":1051,""y"":662,""t"":3740},{""x"":1060,""y"":685,""t"":3755},{""x"":1108,""y"":695,""t"":3803},{""x"":1145,""y"":701,""t"":3853},{""x"":1215,""y"":683,""t"":3939},{""x"":1272,""y"":666,""t"":3954},{""x"":1291,""y"":651,""t"":4036},{""x"":1304,""y"":638,""t"":4053},{""x"":1113,""y"":516,""t"":4134},{""x"":946,""y"":412,""t"":4152},{""x"":907,""y"":415,""t"":4237},{""x"":744,""y"":393,""t"":4252},{""x"":874,""y"":447,""t"":4335},{""x"":991,""y"":497,""t"":4352},{""x"":1037,""y"":469,""t"":4436},{""x"":1153,""y"":503,""t"":4455},{""x"":1141,""y"":615,""t"":4537},{""x"":1184,""y"":702,""t"":4557},{""x"":1236,""y"":760,""t"":4638},{""x"":1278,""y"":807,""t"":4658},{""x"":1134,""y"":783,""t"":4742},{""x"":1009,""y"":758,""t"":4761},{""x"":881,""y"":801,""t"":4847},{""x"":774,""y"":836,""t"":4862},{""x"":820,""y"":870,""t"":4943},{""x"":916,""y"":857,""t"":4997},{""x"":1026,""y"":837,""t"":5013},{""x"":1119,""y"":852,""t"":5061},{""x"":1197,""y"":863,""t"":5110},{""x"":1219,""y"":841,""t"":5195},{""x"":1234,""y"":820,""t"":5212},{""x"":1278,""y"":812,""t"":5292},{""x"":1312,""y"":805,""t"":5309},{""x"":1228,""y"":697,""t"":5389},{""x"":1154,""y"":605,""t"":5406},{""x"":1071,""y"":543,""t"":5489},{""x"":1001,""y"":494,""t"":5509},{""x"":982,""y"":467,""t"":5588},{""x"":969,""y"":447,""t"":5610},{""x"":896,""y"":460,""t"":5693},{""x"":887,""y"":526,""t"":5712},{""x"":848,""y"":532,""t"":5792},{""x"":863,""y"":542,""t"":5846},{""x"":975,""y"":598,""t"":5862},{""x"":1135,""y"":567,""t"":5944},{""x"":1202,""y"":608,""t"":5960},{""x"":1054,""y"":653,""t"":6042},{""x"":1066,""y"":682,""t"":6057}]",{},j,0.2,0.6799999999999999,0.8,0.4,0.8,0.2,0.4,0.6799999999999999,experimental,exp_77,"{""durations"":[1500,1000,1500,1000],""alternatives"":[""all"",""all"",""all"",""all""],""attributes"":[""m"",""p"",""m"",""p""]}",0,0.8,0.4,1920,1080,"""","""","""","""","""","""",2021-06-16 16:45:48,,"Mozilla/5.0 (Windows NT 10.0; Win64; x64) AppleWebKit/537.36 (KHTML, like Gecko) Chrome/91.0.4472.106 Safari/537.36",WebKit,Chrome,91.0.4472.106,Windows,10.0
217,248,1,"""","""","""","""","""",html-keyboard-response,217,1287057,0.0-18.0-1.0-1.20,main,29KKCMFL,1920,1080,exp_98,0.262294910469391,4.9,,"<p style=""font-size:40px;"">+</p>",,"""","""","""","""","[{""x"":1107,""y"":720,""t"":-100},{""x"":973,""y"":811,""t"":-84},{""x"":1095,""y"":792,""t"":0},{""x"":1126,""y"":867,""t"":150},{""x"":1120,""y"":893,""t"":171},{""x"":1148,""y"":834,""t"":255},{""x"":1171,""y"":780,""t"":273},{""x"":1146,""y"":724,""t"":359},{""x"":1171,""y"":641,""t"":374},{""x"":1139,""y"":635,""t"":458},{""x"":1111,""y"":633,""t"":478}]",{},"""","""","""","""","""","""","""","""","""","""","""","""","""","""","""","""","""","""","""","""","""","""","""",2021-06-16 16:45:48,,"Mozilla/5.0 (Windows NT 10.0; Win64; x64) AppleWebKit/537.36 (KHTML, like Gecko) Chrome/91.0.4472.106 Safari/537.36",WebKit,Chrome,91.0.4472.106,Windows,10.0
218,248,1,"""","""","""","""","""",two-gamble-sequence,218,1293334,0.0-18.0-1.0-2.20,main,29KKCMFL,1920,1080,exp_98,0.262294910469391,4.9,596.8000000715256,"""","""","""","""","""","""","[{""x"":952,""y"":665,""t"":-17},{""x"":817,""y"":694,""t"":0},{""x"":731,""y"":697,""t"":94},{""x"":704,""y"":666,""t"":126},{""x"":718,""y"":624,""t"":185},{""x"":748,""y"":601,""t"":256},{""x"":782,""y"":586,""t"":306},{""x"":827,""y"":560,""t"":357},{""x"":860,""y"":525,""t"":406},{""x"":890,""y"":497,""t"":454},{""x"":981,""y"":593,""t"":538},{""x"":1094,""y"":649,""t"":554},{""x"":1229,""y"":674,""t"":635},{""x"":1339,""y"":694,""t"":650},{""x"":1407,""y"":708,""t"":735},{""x"":1450,""y"":741,""t"":750},{""x"":1490,""y"":767,""t"":829},{""x"":1511,""y"":801,""t"":881},{""x"":1594,""y"":797,""t"":898},{""x"":1313,""y"":877,""t"":977},{""x"":1069,""y"":944,""t"":993},{""x"":890,""y"":954,""t"":1073},{""x"":744,""y"":947,""t"":1088},{""x"":597,""y"":923,""t"":1169},{""x"":507,""y"":936,""t"":1190},{""x"":391,""y"":934,""t"":1272},{""x"":332,""y"":980,""t"":1293},{""x"":412,""y"":937,""t"":1373},{""x"":552,""y"":915,""t"":1394},{""x"":627,""y"":868,""t"":1477},{""x"":741,""y"":845,""t"":1530},{""x"":854,""y"":819,""t"":1544},{""x"":905,""y"":784,""t"":1593},{""x"":946,""y"":755,""t"":1640},{""x"":1105,""y"":682,""t"":1719},{""x"":1237,""y"":622,""t"":1736},{""x"":1358,""y"":565,""t"":1815},{""x"":1455,""y"":520,""t"":1837},{""x"":1479,""y"":607,""t"":1919},{""x"":1522,""y"":579,""t"":1939},{""x"":1421,""y"":617,""t"":2022},{""x"":1338,""y"":604,""t"":2041},{""x"":1133,""y"":554,""t"":2121},{""x"":1005,""y"":575,""t"":2143},{""x"":795,""y"":643,""t"":2224},{""x"":722,""y"":583,""t"":2278},{""x"":616,""y"":643,""t"":2339},{""x"":527,""y"":560,""t"":2355},{""x"":560,""y"":603,""t"":2435},{""x"":521,""y"":619,""t"":2450},{""x"":650,""y"":656,""t"":2535},{""x"":765,""y"":687,""t"":2552},{""x"":964,""y"":685,""t"":2635},{""x"":1059,""y"":724,""t"":2654},{""x"":1071,""y"":776,""t"":2738},{""x"":1076,""y"":819,""t"":2755},{""x"":1088,""y"":829,""t"":2837},{""x"":1095,""y"":835,""t"":2857},{""x"":1128,""y"":826,""t"":2939},{""x"":1153,""y"":815,""t"":2959},{""x"":1216,""y"":820,""t"":3040},{""x"":1266,""y"":822,""t"":3061},{""x"":1109,""y"":770,""t"":3138},{""x"":923,""y"":749,""t"":3195},{""x"":823,""y"":775,""t"":3210},{""x"":692,""y"":819,""t"":3289},{""x"":584,""y"":856,""t"":3305},{""x"":552,""y"":876,""t"":3385},{""x"":530,""y"":891,""t"":3400},{""x"":764,""y"":887,""t"":3482},{""x"":948,""y"":862,""t"":3536},{""x"":1129,""y"":846,""t"":3550},{""x"":1280,""y"":853,""t"":3598},{""x"":1404,""y"":858,""t"":3649},{""x"":1496,""y"":829,""t"":3730},{""x"":1566,""y"":804,""t"":3746},{""x"":1527,""y"":772,""t"":3829},{""x"":1480,""y"":766,""t"":3845},{""x"":1749,""y"":716,""t"":3926},{""x"":1890,""y"":655,""t"":3945},{""x"":1816,""y"":650,""t"":4023},{""x"":1786,""y"":690,""t"":4046},{""x"":1749,""y"":681,""t"":4126},{""x"":1670,""y"":675,""t"":4178},{""x"":1533,""y"":701,""t"":4193},{""x"":1431,""y"":660,""t"":4274},{""x"":1346,""y"":626,""t"":4288},{""x"":1303,""y"":592,""t"":4373},{""x"":1271,""y"":564,""t"":4389},{""x"":1261,""y"":533,""t"":4470},{""x"":1257,""y"":508,""t"":4489},{""x"":1236,""y"":479,""t"":4569},{""x"":1185,""y"":461,""t"":4623},{""x"":1170,""y"":495,""t"":4638},{""x"":1016,""y"":469,""t"":4720},{""x"":888,""y"":449,""t"":4737},{""x"":851,""y"":474,""t"":4818},{""x"":775,""y"":419,""t"":4834},{""x"":797,""y"":445,""t"":4915},{""x"":814,""y"":473,""t"":4931},{""x"":825,""y"":503,""t"":5014},{""x"":838,""y"":528,""t"":5032},{""x"":848,""y"":535,""t"":5114},{""x"":874,""y"":592,""t"":5169},{""x"":1095,""y"":605,""t"":5223},{""x"":1280,""y"":615,""t"":5238},{""x"":1304,""y"":621,""t"":5322},{""x"":1384,""y"":653,""t"":5338},{""x"":1360,""y"":704,""t"":5417},{""x"":1166,""y"":767,""t"":5472},{""x"":1086,""y"":809,""t"":5487},{""x"":962,""y"":775,""t"":5567},{""x"":857,""y"":744,""t"":5582},{""x"":773,""y"":715,""t"":5663},{""x"":707,""y"":689,""t"":5678},{""x"":622,""y"":621,""t"":5761},{""x"":555,""y"":563,""t"":5780},{""x"":572,""y"":495,""t"":5863},{""x"":565,""y"":406,""t"":5883},{""x"":628,""y"":355,""t"":5964},{""x"":741,""y"":371,""t"":6016},{""x"":839,""y"":389,""t"":6032},{""x"":885,""y"":436,""t"":6112},{""x"":970,""y"":481,""t"":6128},{""x"":1120,""y"":522,""t"":6206}]",{},j,0.48,0.31,0.59,0.48,0.48,0.59,0.31,0.48,experimental,catch_19,"{""durations"":[1250,1250,1250,1250],""attributes"":[""p"",""m"",""p"",""m""],""alternatives"":[""all"",""all"",""all"",""all""]}",1,0.59,0.48,1920,1080,"""","""","""","""","""","""",2021-06-16 16:45:48,,"Mozilla/5.0 (Windows NT 10.0; Win64; x64) AppleWebKit/537.36 (KHTML, like Gecko) Chrome/91.0.4472.106 Safari/537.36",WebKit,Chrome,91.0.4472.106,Windows,10.0
219,248,1,"""","""","""","""","""",html-keyboard-response,219,1293840,0.0-18.0-1.0-1.21,main,29KKCMFL,1920,1080,exp_98,0.262294910469391,4.9,,"<p style=""font-size:40px;"">+</p>",,"""","""","""","""","[{""x"":1146,""y"":593,""t"":-53},{""x"":1328,""y"":570,""t"":0},{""x"":1394,""y"":706,""t"":100},{""x"":1361,""y"":787,""t"":116},{""x"":1295,""y"":795,""t"":199},{""x"":1318,""y"":791,""t"":213},{""x"":1269,""y"":780,""t"":293},{""x"":1251,""y"":756,""t"":310},{""x"":1126,""y"":713,""t"":389},{""x"":1018,""y"":675,""t"":408}]",{},"""","""","""","""","""","""","""","""","""","""","""","""","""","""","""","""","""","""","""","""","""","""","""",2021-06-16 16:45:48,,"Mozilla/5.0 (Windows NT 10.0; Win64; x64) AppleWebKit/537.36 (KHTML, like Gecko) Chrome/91.0.4472.106 Safari/537.36",WebKit,Chrome,91.0.4472.106,Windows,10.0
220,248,1,"""","""","""","""","""",two-gamble-sequence,220,1300261,0.0-18.0-1.0-2.21,main,29KKCMFL,1920,1080,exp_98,0.262294910469391,4.9,698.1999999284744,"""","""","""","""","""","""","[{""x"":990,""y"":651,""t"":-17},{""x"":969,""y"":631,""t"":0},{""x"":873,""y"":622,""t"":87},{""x"":805,""y"":608,""t"":119},{""x"":751,""y"":597,""t"":178},{""x"":678,""y"":564,""t"":283},{""x"":605,""y"":534,""t"":336},{""x"":774,""y"":498,""t"":351},{""x"":874,""y"":511,""t"":430},{""x"":985,""y"":518,""t"":445},{""x"":1174,""y"":522,""t"":531},{""x"":1332,""y"":526,""t"":548},{""x"":1435,""y"":535,""t"":628},{""x"":1516,""y"":544,""t"":646},{""x"":1640,""y"":570,""t"":724},{""x"":1693,""y"":549,""t"":775},{""x"":1728,""y"":530,""t"":791},{""x"":1726,""y"":533,""t"":873},{""x"":1663,""y"":527,""t"":888},{""x"":1649,""y"":551,""t"":972},{""x"":1560,""y"":537,""t"":986},{""x"":1507,""y"":486,""t"":1067},{""x"":1435,""y"":462,""t"":1089},{""x"":1340,""y"":395,""t"":1170},{""x"":1386,""y"":401,""t"":1220},{""x"":1427,""y"":409,""t"":1236},{""x"":1360,""y"":358,""t"":1316},{""x"":1417,""y"":374,""t"":1332},{""x"":1451,""y"":365,""t"":1409},{""x"":1451,""y"":411,""t"":1429},{""x"":1315,""y"":511,""t"":1506},{""x"":1337,""y"":506,""t"":1565},{""x"":1216,""y"":507,""t"":1620},{""x"":1130,""y"":522,""t"":1634},{""x"":906,""y"":465,""t"":1715},{""x"":721,""y"":416,""t"":1735},{""x"":614,""y"":383,""t"":1815},{""x"":499,""y"":356,""t"":1865},{""x"":411,""y"":333,""t"":1881},{""x"":278,""y"":284,""t"":1960},{""x"":176,""y"":244,""t"":1975},{""x"":177,""y"":340,""t"":2053},{""x"":124,""y"":484,""t"":2104},{""x"":90,""y"":608,""t"":2120},{""x"":46,""y"":576,""t"":2202},{""x"":18,""y"":545,""t"":2219},{""x"":30,""y"":566,""t"":2310},{""x"":119,""y"":609,""t"":2328},{""x"":140,""y"":518,""t"":2374},{""x"":130,""y"":498,""t"":2421},{""x"":132,""y"":488,""t"":2500},{""x"":143,""y"":410,""t"":2518},{""x"":187,""y"":371,""t"":2602},{""x"":226,""y"":339,""t"":2619},{""x"":235,""y"":296,""t"":2700},{""x"":241,""y"":262,""t"":2721},{""x"":241,""y"":213,""t"":2802},{""x"":187,""y"":188,""t"":2852},{""x"":141,""y"":169,""t"":2868},{""x"":412,""y"":206,""t"":2947},{""x"":639,""y"":275,""t"":2963},{""x"":889,""y"":297,""t"":3041},{""x"":1094,""y"":317,""t"":3060},{""x"":1263,""y"":327,""t"":3139},{""x"":1399,""y"":344,""t"":3196},{""x"":1510,""y"":416,""t"":3212},{""x"":1556,""y"":502,""t"":3258},{""x"":1581,""y"":573,""t"":3306},{""x"":1561,""y"":630,""t"":3390},{""x"":1533,""y"":675,""t"":3406},{""x"":1517,""y"":719,""t"":3487},{""x"":1452,""y"":762,""t"":3503},{""x"":1381,""y"":755,""t"":3591},{""x"":1318,""y"":744,""t"":3605},{""x"":1327,""y"":759,""t"":3686},{""x"":1248,""y"":722,""t"":3740},{""x"":1021,""y"":724,""t"":3756},{""x"":790,""y"":723,""t"":3802},{""x"":697,""y"":749,""t"":3851},{""x"":634,""y"":743,""t"":3930},{""x"":502,""y"":715,""t"":3944},{""x"":502,""y"":727,""t"":4026},{""x"":511,""y"":736,""t"":4046},{""x"":481,""y"":649,""t"":4125},{""x"":463,""y"":665,""t"":4149},{""x"":402,""y"":636,""t"":4231},{""x"":307,""y"":575,""t"":4284},{""x"":234,""y"":525,""t"":4301},{""x"":170,""y"":496,""t"":4350},{""x"":123,""y"":474,""t"":4398},{""x"":178,""y"":486,""t"":4479},{""x"":133,""y"":490,""t"":4493},{""x"":206,""y"":521,""t"":4576},{""x"":273,""y"":549,""t"":4592},{""x"":200,""y"":593,""t"":4671},{""x"":140,""y"":599,""t"":4692},{""x"":251,""y"":657,""t"":4777},{""x"":254,""y"":666,""t"":4796},{""x"":279,""y"":638,""t"":4877},{""x"":328,""y"":638,""t"":4897},{""x"":458,""y"":607,""t"":4977},{""x"":554,""y"":587,""t"":4999},{""x"":892,""y"":613,""t"":5080},{""x"":1152,""y"":587,""t"":5133},{""x"":1288,""y"":605,""t"":5150},{""x"":1505,""y"":596,""t"":5203},{""x"":1510,""y"":691,""t"":5286},{""x"":1605,""y"":659,""t"":5306},{""x"":1677,""y"":624,""t"":5388},{""x"":1708,""y"":587,""t"":5440},{""x"":1699,""y"":560,""t"":5495},{""x"":1724,""y"":539,""t"":5511},{""x"":1610,""y"":573,""t"":5594},{""x"":1504,""y"":603,""t"":5611},{""x"":1403,""y"":658,""t"":5691},{""x"":1273,""y"":688,""t"":5713},{""x"":1177,""y"":585,""t"":5795},{""x"":1140,""y"":561,""t"":5849},{""x"":1111,""y"":547,""t"":5907},{""x"":1090,""y"":536,""t"":5922},{""x"":1103,""y"":540,""t"":6005},{""x"":1117,""y"":543,""t"":6021},{""x"":1124,""y"":553,""t"":6103},{""x"":1132,""y"":562,""t"":6121},{""x"":1174,""y"":595,""t"":6202},{""x"":1221,""y"":609,""t"":6257},{""x"":1242,""y"":583,""t"":6309},{""x"":1294,""y"":584,""t"":6325}]",{},j,0.17,0.3,0.3,0.2,0.3,0.17,0.2,0.3,experimental,exp_24,"{""durations"":[1500,1000,1500,1000],""alternatives"":[0,1,0,1],""attributes"":[""all"",""all"",""all"",""all""]}",0,0.3,0.2,1920,1080,"""","""","""","""","""","""",2021-06-16 16:45:48,,"Mozilla/5.0 (Windows NT 10.0; Win64; x64) AppleWebKit/537.36 (KHTML, like Gecko) Chrome/91.0.4472.106 Safari/537.36",WebKit,Chrome,91.0.4472.106,Windows,10.0
221,248,1,"""","""","""","""","""",html-keyboard-response,221,1300842,0.0-18.0-1.0-1.22,main,29KKCMFL,1920,1080,exp_98,0.262294910469391,4.9,,"<p style=""font-size:40px;"">+</p>",,"""","""","""","""","[{""x"":1320,""y"":586,""t"":-88},{""x"":1342,""y"":589,""t"":0},{""x"":1344,""y"":582,""t"":102},{""x"":1271,""y"":559,""t"":117},{""x"":1026,""y"":611,""t"":197},{""x"":930,""y"":645,""t"":212},{""x"":777,""y"":645,""t"":295},{""x"":815,""y"":646,""t"":311},{""x"":766,""y"":591,""t"":393},{""x"":738,""y"":592,""t"":410}]",{},"""","""","""","""","""","""","""","""","""","""","""","""","""","""","""","""","""","""","""","""","""","""","""",2021-06-16 16:45:48,,"Mozilla/5.0 (Windows NT 10.0; Win64; x64) AppleWebKit/537.36 (KHTML, like Gecko) Chrome/91.0.4472.106 Safari/537.36",WebKit,Chrome,91.0.4472.106,Windows,10.0
222,248,1,"""","""","""","""","""",two-gamble-sequence,222,1307010,0.0-18.0-1.0-2.22,main,29KKCMFL,1920,1080,exp_98,0.262294910469391,4.9,453,"""","""","""","""","""","""","[{""x"":849,""y"":552,""t"":-17},{""x"":948,""y"":518,""t"":0},{""x"":986,""y"":506,""t"":93},{""x"":964,""y"":533,""t"":107},{""x"":945,""y"":558,""t"":178},{""x"":1104,""y"":634,""t"":277},{""x"":1055,""y"":678,""t"":351},{""x"":1092,""y"":718,""t"":375},{""x"":1060,""y"":660,""t"":456},{""x"":1032,""y"":609,""t"":477},{""x"":1014,""y"":468,""t"":560},{""x"":976,""y"":440,""t"":578},{""x"":881,""y"":434,""t"":660},{""x"":858,""y"":518,""t"":715},{""x"":731,""y"":569,""t"":768},{""x"":581,""y"":662,""t"":784},{""x"":615,""y"":707,""t"":862},{""x"":550,""y"":688,""t"":914},{""x"":520,""y"":690,""t"":931},{""x"":424,""y"":642,""t"":1011},{""x"":347,""y"":598,""t"":1027},{""x"":329,""y"":634,""t"":1107},{""x"":294,""y"":711,""t"":1123},{""x"":316,""y"":665,""t"":1203},{""x"":289,""y"":637,""t"":1224},{""x"":312,""y"":594,""t"":1305},{""x"":337,""y"":530,""t"":1327},{""x"":349,""y"":483,""t"":1406},{""x"":296,""y"":490,""t"":1428},{""x"":292,""y"":466,""t"":1508},{""x"":287,""y"":431,""t"":1561},{""x"":284,""y"":403,""t"":1576},{""x"":337,""y"":411,""t"":1657},{""x"":384,""y"":419,""t"":1672},{""x"":368,""y"":418,""t"":1751},{""x"":355,""y"":419,""t"":1770},{""x"":531,""y"":449,""t"":1850},{""x"":821,""y"":511,""t"":1903},{""x"":1019,""y"":507,""t"":1919},{""x"":1214,""y"":520,""t"":1967},{""x"":1390,""y"":530,""t"":2018},{""x"":1490,""y"":521,""t"":2100},{""x"":1603,""y"":521,""t"":2115},{""x"":1538,""y"":558,""t"":2195},{""x"":1471,""y"":589,""t"":2210},{""x"":1462,""y"":666,""t"":2290},{""x"":1401,""y"":740,""t"":2345},{""x"":1461,""y"":786,""t"":2360},{""x"":1534,""y"":715,""t"":2445},{""x"":1538,""y"":639,""t"":2460},{""x"":1544,""y"":585,""t"":2546},{""x"":1545,""y"":539,""t"":2562},{""x"":1514,""y"":511,""t"":2644},{""x"":1536,""y"":450,""t"":2659},{""x"":1632,""y"":473,""t"":2742},{""x"":1624,""y"":487,""t"":2758},{""x"":1495,""y"":560,""t"":2840},{""x"":1580,""y"":557,""t"":2856},{""x"":1654,""y"":525,""t"":2938},{""x"":1663,""y"":541,""t"":2993},{""x"":1566,""y"":572,""t"":3045},{""x"":1446,""y"":597,""t"":3061},{""x"":1473,""y"":603,""t"":3140},{""x"":1169,""y"":596,""t"":3191},{""x"":911,""y"":589,""t"":3207},{""x"":729,""y"":530,""t"":3289},{""x"":584,""y"":479,""t"":3304},{""x"":422,""y"":429,""t"":3384},{""x"":296,""y"":388,""t"":3401},{""x"":239,""y"":357,""t"":3481},{""x"":149,""y"":431,""t"":3503},{""x"":136,""y"":458,""t"":3587},{""x"":136,""y"":481,""t"":3605},{""x"":148,""y"":465,""t"":3684},{""x"":163,""y"":378,""t"":3707},{""x"":192,""y"":378,""t"":3787},{""x"":223,""y"":379,""t"":3810},{""x"":211,""y"":387,""t"":3891},{""x"":276,""y"":393,""t"":3945},{""x"":271,""y"":376,""t"":4001},{""x"":268,""y"":362,""t"":4016},{""x"":284,""y"":346,""t"":4096},{""x"":298,""y"":333,""t"":4115},{""x"":262,""y"":327,""t"":4198},{""x"":232,""y"":322,""t"":4216},{""x"":487,""y"":360,""t"":4296},{""x"":705,""y"":394,""t"":4318},{""x"":900,""y"":410,""t"":4401},{""x"":1057,""y"":436,""t"":4458},{""x"":1195,""y"":427,""t"":4514},{""x"":1301,""y"":418,""t"":4531},{""x"":1474,""y"":451,""t"":4617},{""x"":1592,""y"":487,""t"":4632},{""x"":1662,""y"":520,""t"":4715},{""x"":1700,""y"":607,""t"":4730},{""x"":1730,""y"":646,""t"":4811},{""x"":1792,""y"":636,""t"":4829},{""x"":1902,""y"":645,""t"":4908},{""x"":1934,""y"":625,""t"":4930},{""x"":1922,""y"":612,""t"":5010},{""x"":1881,""y"":573,""t"":5062},{""x"":1697,""y"":553,""t"":5077},{""x"":1660,""y"":563,""t"":5158},{""x"":1642,""y"":588,""t"":5175},{""x"":1590,""y"":622,""t"":5255},{""x"":1530,""y"":652,""t"":5270},{""x"":1521,""y"":648,""t"":5350},{""x"":1419,""y"":588,""t"":5401},{""x"":1375,""y"":513,""t"":5417},{""x"":1137,""y"":561,""t"":5499},{""x"":1044,""y"":564,""t"":5515},{""x"":930,""y"":551,""t"":5596},{""x"":906,""y"":564,""t"":5612},{""x"":867,""y"":623,""t"":5696},{""x"":852,""y"":663,""t"":5713},{""x"":822,""y"":607,""t"":5797},{""x"":802,""y"":559,""t"":5816},{""x"":820,""y"":505,""t"":5900},{""x"":841,""y"":459,""t"":5917},{""x"":778,""y"":495,""t"":5996},{""x"":728,""y"":528,""t"":6019},{""x"":862,""y"":526,""t"":6103}]",{},j,0.38,0.4,0.5,0.3,0.5,0.38,0.3,0.4,experimental,exp_92,"{""durations"":[1500,1000,1500,1000],""alternatives"":[1,0,1,0],""attributes"":[""all"",""all"",""all"",""all""]}",0,0.5,0.3,1920,1080,"""","""","""","""","""","""",2021-06-16 16:45:48,,"Mozilla/5.0 (Windows NT 10.0; Win64; x64) AppleWebKit/537.36 (KHTML, like Gecko) Chrome/91.0.4472.106 Safari/537.36",WebKit,Chrome,91.0.4472.106,Windows,10.0
223,248,1,"""","""","""","""","""",html-keyboard-response,223,1307589,0.0-18.0-1.0-1.23,main,29KKCMFL,1920,1080,exp_98,0.262294910469391,4.9,,"<p style=""font-size:40px;"">+</p>",,"""","""","""","""","[{""x"":969,""y"":531,""t"":-48},{""x"":1183,""y"":509,""t"":0},{""x"":1336,""y"":582,""t"":102},{""x"":1467,""y"":652,""t"":159},{""x"":1572,""y"":710,""t"":174},{""x"":1683,""y"":720,""t"":256},{""x"":1786,""y"":710,""t"":273},{""x"":1802,""y"":727,""t"":358},{""x"":1806,""y"":739,""t"":375},{""x"":1630,""y"":716,""t"":461},{""x"":1398,""y"":717,""t"":478}]",{},"""","""","""","""","""","""","""","""","""","""","""","""","""","""","""","""","""","""","""","""","""","""","""",2021-06-16 16:45:48,,"Mozilla/5.0 (Windows NT 10.0; Win64; x64) AppleWebKit/537.36 (KHTML, like Gecko) Chrome/91.0.4472.106 Safari/537.36",WebKit,Chrome,91.0.4472.106,Windows,10.0
224,248,1,"""","""","""","""","""",two-gamble-sequence,224,1313771,0.0-18.0-1.0-2.23,main,29KKCMFL,1920,1080,exp_98,0.262294910469391,4.9,497.3000000715256,"""","""","""","""","""","""","[{""x"":1276,""y"":723,""t"":-17},{""x"":1174,""y"":728,""t"":0},{""x"":1135,""y"":689,""t"":98},{""x"":1047,""y"":685,""t"":122},{""x"":997,""y"":638,""t"":180},{""x"":929,""y"":630,""t"":251},{""x"":837,""y"":518,""t"":331},{""x"":764,""y"":423,""t"":350},{""x"":655,""y"":406,""t"":428},{""x"":570,""y"":395,""t"":443},{""x"":532,""y"":346,""t"":524},{""x"":508,""y"":307,""t"":545},{""x"":475,""y"":286,""t"":624},{""x"":393,""y"":303,""t"":675},{""x"":329,""y"":321,""t"":692},{""x"":308,""y"":330,""t"":773},{""x"":296,""y"":340,""t"":789},{""x"":277,""y"":361,""t"":868},{""x"":265,""y"":380,""t"":884},{""x"":289,""y"":446,""t"":964},{""x"":313,""y"":503,""t"":987},{""x"":322,""y"":576,""t"":1069},{""x"":344,""y"":628,""t"":1120},{""x"":364,""y"":670,""t"":1136},{""x"":271,""y"":735,""t"":1214},{""x"":192,""y"":786,""t"":1230},{""x"":306,""y"":783,""t"":1310},{""x"":407,""y"":775,""t"":1326},{""x"":488,""y"":759,""t"":1407},{""x"":621,""y"":722,""t"":1457},{""x"":717,""y"":641,""t"":1472},{""x"":848,""y"":595,""t"":1551},{""x"":952,""y"":559,""t"":1567},{""x"":1051,""y"":580,""t"":1647},{""x"":1195,""y"":578,""t"":1699},{""x"":1309,""y"":577,""t"":1714},{""x"":1430,""y"":551,""t"":1800},{""x"":1479,""y"":532,""t"":1816},{""x"":1522,""y"":510,""t"":1893},{""x"":1537,""y"":470,""t"":1909},{""x"":1551,""y"":423,""t"":1992},{""x"":1555,""y"":384,""t"":2007},{""x"":1589,""y"":370,""t"":2084},{""x"":1612,""y"":379,""t"":2138},{""x"":1626,""y"":389,""t"":2153},{""x"":1633,""y"":471,""t"":2232},{""x"":1540,""y"":578,""t"":2249},{""x"":1515,""y"":647,""t"":2329},{""x"":1420,""y"":718,""t"":2348},{""x"":1444,""y"":756,""t"":2427},{""x"":1476,""y"":768,""t"":2475},{""x"":1502,""y"":775,""t"":2490},{""x"":1476,""y"":793,""t"":2571},{""x"":1492,""y"":783,""t"":2587},{""x"":1307,""y"":830,""t"":2665},{""x"":1411,""y"":737,""t"":2686},{""x"":1434,""y"":707,""t"":2763},{""x"":1245,""y"":641,""t"":2820},{""x"":1084,""y"":585,""t"":2836},{""x"":899,""y"":591,""t"":2913},{""x"":732,""y"":546,""t"":2928},{""x"":578,""y"":542,""t"":3008},{""x"":456,""y"":540,""t"":3026},{""x"":341,""y"":556,""t"":3107},{""x"":248,""y"":572,""t"":3159},{""x"":180,""y"":587,""t"":3175},{""x"":146,""y"":618,""t"":3257},{""x"":131,""y"":612,""t"":3272},{""x"":179,""y"":625,""t"":3353},{""x"":228,""y"":636,""t"":3369},{""x"":291,""y"":649,""t"":3448},{""x"":269,""y"":628,""t"":3499},{""x"":253,""y"":609,""t"":3515},{""x"":319,""y"":627,""t"":3594},{""x"":346,""y"":569,""t"":3610},{""x"":380,""y"":505,""t"":3691},{""x"":351,""y"":500,""t"":3706},{""x"":636,""y"":495,""t"":3791},{""x"":860,""y"":464,""t"":3808},{""x"":1031,""y"":460,""t"":3895},{""x"":1172,""y"":431,""t"":3911},{""x"":1277,""y"":434,""t"":3994},{""x"":1332,""y"":404,""t"":4013},{""x"":1411,""y"":428,""t"":4094},{""x"":1468,""y"":451,""t"":4115},{""x"":1500,""y"":452,""t"":4194},{""x"":1518,""y"":453,""t"":4216},{""x"":1463,""y"":512,""t"":4296},{""x"":1404,""y"":554,""t"":4319},{""x"":1454,""y"":608,""t"":4418},{""x"":1511,""y"":690,""t"":4433},{""x"":1546,""y"":636,""t"":4513},{""x"":1527,""y"":575,""t"":4530},{""x"":1540,""y"":548,""t"":4611},{""x"":1578,""y"":518,""t"":4626},{""x"":1416,""y"":551,""t"":4710},{""x"":1274,""y"":579,""t"":4727},{""x"":1197,""y"":538,""t"":4810},{""x"":1135,""y"":502,""t"":4829},{""x"":1000,""y"":492,""t"":4912},{""x"":947,""y"":570,""t"":4963},{""x"":973,""y"":615,""t"":4979},{""x"":1019,""y"":672,""t"":5062},{""x"":992,""y"":747,""t"":5077},{""x"":1067,""y"":756,""t"":5158},{""x"":1134,""y"":761,""t"":5175},{""x"":1250,""y"":802,""t"":5260},{""x"":1349,""y"":834,""t"":5275},{""x"":1440,""y"":831,""t"":5357},{""x"":1501,""y"":775,""t"":5373},{""x"":1458,""y"":757,""t"":5454},{""x"":1486,""y"":689,""t"":5475},{""x"":1243,""y"":697,""t"":5556},{""x"":1032,""y"":703,""t"":5577},{""x"":916,""y"":667,""t"":5657},{""x"":821,""y"":636,""t"":5680},{""x"":783,""y"":631,""t"":5761},{""x"":756,""y"":629,""t"":5781},{""x"":747,""y"":618,""t"":5863},{""x"":736,""y"":571,""t"":5883},{""x"":734,""y"":508,""t"":5963},{""x"":731,""y"":498,""t"":5986},{""x"":709,""y"":535,""t"":6069},{""x"":760,""y"":512,""t"":6087}]",{},j,0.32,0.6799999999999999,0.37,0.78,0.32,0.37,0.6799999999999999,0.78,experimental,catch_16,"{""durations"":[1250,1250,1250,1250],""attributes"":[""all"",""all"",""all"",""all""],""alternatives"":[0,1,0,1]}",1,0.37,0.78,1920,1080,"""","""","""","""","""","""",2021-06-16 16:45:48,,"Mozilla/5.0 (Windows NT 10.0; Win64; x64) AppleWebKit/537.36 (KHTML, like Gecko) Chrome/91.0.4472.106 Safari/537.36",WebKit,Chrome,91.0.4472.106,Windows,10.0
225,248,1,"""","""","""","""","""",html-keyboard-response,225,1314387,0.0-18.0-1.0-1.24,main,29KKCMFL,1920,1080,exp_98,0.262294910469391,4.9,,"<p style=""font-size:40px;"">+</p>",,"""","""","""","""","[{""x"":957,""y"":522,""t"":-90},{""x"":1112,""y"":618,""t"":0},{""x"":1320,""y"":623,""t"":110},{""x"":1371,""y"":610,""t"":169},{""x"":1408,""y"":598,""t"":186},{""x"":1189,""y"":630,""t"":270},{""x"":997,""y"":657,""t"":287},{""x"":918,""y"":683,""t"":372},{""x"":865,""y"":703,""t"":388},{""x"":864,""y"":660,""t"":439}]",{},"""","""","""","""","""","""","""","""","""","""","""","""","""","""","""","""","""","""","""","""","""","""","""",2021-06-16 16:45:48,,"Mozilla/5.0 (Windows NT 10.0; Win64; x64) AppleWebKit/537.36 (KHTML, like Gecko) Chrome/91.0.4472.106 Safari/537.36",WebKit,Chrome,91.0.4472.106,Windows,10.0
226,248,1,"""","""","""","""","""",two-gamble-sequence,226,1320607,0.0-18.0-1.0-2.24,main,29KKCMFL,1920,1080,exp_98,0.262294910469391,4.9,499.09999990463257,"""","""","""","""","""","""","[{""x"":821,""y"":620,""t"":-54},{""x"":787,""y"":585,""t"":0},{""x"":752,""y"":572,""t"":107},{""x"":724,""y"":561,""t"":152},{""x"":694,""y"":549,""t"":201},{""x"":671,""y"":540,""t"":250},{""x"":689,""y"":534,""t"":333},{""x"":707,""y"":531,""t"":348},{""x"":689,""y"":524,""t"":429},{""x"":674,""y"":519,""t"":444},{""x"":583,""y"":487,""t"":527},{""x"":463,""y"":438,""t"":545},{""x"":369,""y"":402,""t"":626},{""x"":307,""y"":368,""t"":646},{""x"":372,""y"":511,""t"":728},{""x"":424,""y"":550,""t"":748},{""x"":437,""y"":660,""t"":829},{""x"":461,""y"":698,""t"":881},{""x"":444,""y"":725,""t"":897},{""x"":428,""y"":760,""t"":945},{""x"":417,""y"":786,""t"":995},{""x"":302,""y"":720,""t"":1079},{""x"":215,""y"":697,""t"":1096},{""x"":311,""y"":697,""t"":1178},{""x"":334,""y"":657,""t"":1192},{""x"":405,""y"":637,""t"":1272},{""x"":429,""y"":589,""t"":1293},{""x"":405,""y"":625,""t"":1372},{""x"":335,""y"":613,""t"":1394},{""x"":321,""y"":585,""t"":1472},{""x"":367,""y"":555,""t"":1526},{""x"":407,""y"":531,""t"":1544},{""x"":363,""y"":523,""t"":1624},{""x"":325,""y"":518,""t"":1639},{""x"":317,""y"":486,""t"":1720},{""x"":312,""y"":460,""t"":1737},{""x"":338,""y"":461,""t"":1814},{""x"":362,""y"":464,""t"":1838},{""x"":674,""y"":468,""t"":1922},{""x"":904,""y"":436,""t"":1938},{""x"":1093,""y"":443,""t"":2024},{""x"":1245,""y"":451,""t"":2041},{""x"":1418,""y"":447,""t"":2122},{""x"":1542,""y"":445,""t"":2173},{""x"":1629,""y"":437,""t"":2188},{""x"":1672,""y"":455,""t"":2268},{""x"":1704,""y"":466,""t"":2282},{""x"":1735,""y"":463,""t"":2365},{""x"":1752,""y"":461,""t"":2380},{""x"":1740,""y"":475,""t"":2461},{""x"":1721,""y"":487,""t"":2484},{""x"":1694,""y"":559,""t"":2566},{""x"":1666,""y"":619,""t"":2586},{""x"":1663,""y"":675,""t"":2668},{""x"":1631,""y"":712,""t"":2720},{""x"":1593,""y"":736,""t"":2734},{""x"":1537,""y"":763,""t"":2785},{""x"":1489,""y"":782,""t"":2833},{""x"":1386,""y"":690,""t"":2913},{""x"":1299,""y"":609,""t"":2929},{""x"":1104,""y"":566,""t"":3013},{""x"":943,""y"":531,""t"":3029},{""x"":761,""y"":433,""t"":3114},{""x"":571,""y"":374,""t"":3128},{""x"":410,""y"":306,""t"":3214},{""x"":245,""y"":241,""t"":3230},{""x"":141,""y"":194,""t"":3309},{""x"":85,""y"":192,""t"":3333},{""x"":-27,""y"":212,""t"":3416},{""x"":-110,""y"":233,""t"":3435},{""x"":-142,""y"":306,""t"":3517},{""x"":-158,""y"":370,""t"":3537},{""x"":-159,""y"":403,""t"":3617},{""x"":-151,""y"":432,""t"":3639},{""x"":-63,""y"":389,""t"":3722},{""x"":18,""y"":352,""t"":3741},{""x"":4,""y"":366,""t"":3824},{""x"":-5,""y"":377,""t"":3843},{""x"":283,""y"":400,""t"":3925},{""x"":530,""y"":418,""t"":3946},{""x"":796,""y"":455,""t"":4029},{""x"":1016,""y"":484,""t"":4047},{""x"":1186,""y"":511,""t"":4128},{""x"":1318,""y"":531,""t"":4150},{""x"":1440,""y"":558,""t"":4230},{""x"":1529,""y"":579,""t"":4251},{""x"":1612,""y"":549,""t"":4332},{""x"":1668,""y"":521,""t"":4353},{""x"":1636,""y"":501,""t"":4432},{""x"":1597,""y"":483,""t"":4455},{""x"":1669,""y"":493,""t"":4537},{""x"":1709,""y"":503,""t"":4589},{""x"":1660,""y"":546,""t"":4605},{""x"":1523,""y"":595,""t"":4657},{""x"":1402,""y"":635,""t"":4706},{""x"":1291,""y"":672,""t"":4786},{""x"":1197,""y"":701,""t"":4804},{""x"":1181,""y"":753,""t"":4882},{""x"":1171,""y"":794,""t"":4896},{""x"":1156,""y"":848,""t"":4980},{""x"":1146,""y"":890,""t"":4998},{""x"":1257,""y"":842,""t"":5082},{""x"":1379,""y"":824,""t"":5101},{""x"":1382,""y"":827,""t"":5180},{""x"":1409,""y"":816,""t"":5202},{""x"":1424,""y"":731,""t"":5285},{""x"":1435,""y"":658,""t"":5304},{""x"":1460,""y"":650,""t"":5385},{""x"":1437,""y"":621,""t"":5437},{""x"":1416,""y"":597,""t"":5451},{""x"":1305,""y"":551,""t"":5532},{""x"":1211,""y"":513,""t"":5548},{""x"":1136,""y"":541,""t"":5628},{""x"":1074,""y"":568,""t"":5644},{""x"":851,""y"":610,""t"":5728},{""x"":1035,""y"":552,""t"":5780},{""x"":1134,""y"":554,""t"":5834},{""x"":1221,""y"":557,""t"":5851},{""x"":1414,""y"":588,""t"":5930},{""x"":1578,""y"":615,""t"":5950},{""x"":1471,""y"":657,""t"":6036},{""x"":1468,""y"":697,""t"":6052},{""x"":1287,""y"":673,""t"":6133}]",{},j,0.17,0.3,0.3,0.2,0.3,0.17,0.2,0.3,experimental,exp_28,"{""durations"":[1500,1000,1500,1000],""alternatives"":[1,0,1,0],""attributes"":[""all"",""all"",""all"",""all""]}",0,0.3,0.2,1920,1080,"""","""","""","""","""","""",2021-06-16 16:45:48,,"Mozilla/5.0 (Windows NT 10.0; Win64; x64) AppleWebKit/537.36 (KHTML, like Gecko) Chrome/91.0.4472.106 Safari/537.36",WebKit,Chrome,91.0.4472.106,Windows,10.0
227,248,1,"""","""","""","""","""",html-keyboard-response,227,1321185,0.0-18.0-1.0-1.25,main,29KKCMFL,1920,1080,exp_98,0.262294910469391,4.9,,"<p style=""font-size:40px;"">+</p>",,"""","""","""","""","[{""x"":1228,""y"":619,""t"":-32},{""x"":1178,""y"":572,""t"":-16},{""x"":1138,""y"":581,""t"":0},{""x"":1192,""y"":618,""t"":150},{""x"":1353,""y"":646,""t"":170},{""x"":1378,""y"":713,""t"":253},{""x"":1398,""y"":769,""t"":273},{""x"":1556,""y"":727,""t"":354},{""x"":1682,""y"":689,""t"":374},{""x"":1571,""y"":662,""t"":458},{""x"":1500,""y"":698,""t"":476}]",{},"""","""","""","""","""","""","""","""","""","""","""","""","""","""","""","""","""","""","""","""","""","""","""",2021-06-16 16:45:48,,"Mozilla/5.0 (Windows NT 10.0; Win64; x64) AppleWebKit/537.36 (KHTML, like Gecko) Chrome/91.0.4472.106 Safari/537.36",WebKit,Chrome,91.0.4472.106,Windows,10.0
228,248,1,"""","""","""","""","""",two-gamble-sequence,228,1327134,0.0-18.0-1.0-2.25,main,29KKCMFL,1920,1080,exp_98,0.262294910469391,4.9,353.10000002384186,"""","""","""","""","""","""","[{""x"":1380,""y"":647,""t"":-17},{""x"":1240,""y"":599,""t"":0},{""x"":1105,""y"":535,""t"":107},{""x"":1005,""y"":517,""t"":183},{""x"":925,""y"":504,""t"":205},{""x"":881,""y"":501,""t"":286},{""x"":849,""y"":503,""t"":335},{""x"":829,""y"":506,""t"":350},{""x"":671,""y"":469,""t"":428},{""x"":541,""y"":438,""t"":445},{""x"":407,""y"":431,""t"":525},{""x"":311,""y"":417,""t"":545},{""x"":231,""y"":436,""t"":628},{""x"":172,""y"":453,""t"":647},{""x"":162,""y"":453,""t"":727},{""x"":182,""y"":495,""t"":783},{""x"":191,""y"":529,""t"":834},{""x"":205,""y"":557,""t"":852},{""x"":291,""y"":571,""t"":932},{""x"":380,""y"":544,""t"":984},{""x"":371,""y"":548,""t"":1000},{""x"":336,""y"":538,""t"":1051},{""x"":344,""y"":511,""t"":1099},{""x"":365,""y"":456,""t"":1179},{""x"":384,""y"":409,""t"":1195},{""x"":412,""y"":404,""t"":1276},{""x"":436,""y"":402,""t"":1293},{""x"":516,""y"":408,""t"":1374},{""x"":583,""y"":415,""t"":1396},{""x"":732,""y"":453,""t"":1474},{""x"":847,""y"":467,""t"":1498},{""x"":1007,""y"":513,""t"":1578},{""x"":1136,""y"":552,""t"":1599},{""x"":1238,""y"":581,""t"":1678},{""x"":1360,""y"":609,""t"":1729},{""x"":1453,""y"":632,""t"":1744},{""x"":1520,""y"":699,""t"":1825},{""x"":1526,""y"":746,""t"":1842},{""x"":1544,""y"":795,""t"":1920},{""x"":1554,""y"":851,""t"":1971},{""x"":1556,""y"":895,""t"":1987},{""x"":1555,""y"":865,""t"":2064},{""x"":1550,""y"":836,""t"":2079},{""x"":1587,""y"":817,""t"":2158},{""x"":1615,""y"":799,""t"":2177},{""x"":1581,""y"":795,""t"":2256},{""x"":1614,""y"":753,""t"":2307},{""x"":1639,""y"":717,""t"":2322},{""x"":1615,""y"":687,""t"":2402},{""x"":1595,""y"":642,""t"":2417},{""x"":1618,""y"":497,""t"":2497},{""x"":1528,""y"":461,""t"":2516},{""x"":1624,""y"":494,""t"":2600},{""x"":1687,""y"":459,""t"":2619},{""x"":1427,""y"":443,""t"":2702},{""x"":1200,""y"":432,""t"":2720},{""x"":1025,""y"":469,""t"":2799},{""x"":840,""y"":495,""t"":2857},{""x"":672,""y"":505,""t"":2912},{""x"":540,""y"":515,""t"":2927},{""x"":403,""y"":501,""t"":3019},{""x"":299,""y"":490,""t"":3034},{""x"":248,""y"":500,""t"":3117},{""x"":203,""y"":547,""t"":3135},{""x"":458,""y"":604,""t"":3221},{""x"":725,""y"":654,""t"":3236},{""x"":982,""y"":722,""t"":3317},{""x"":1073,""y"":786,""t"":3334},{""x"":1214,""y"":809,""t"":3411},{""x"":1356,""y"":819,""t"":3464},{""x"":1494,""y"":810,""t"":3480},{""x"":1512,""y"":759,""t"":3556},{""x"":1503,""y"":752,""t"":3574},{""x"":1474,""y"":701,""t"":3657},{""x"":1473,""y"":657,""t"":3674},{""x"":1459,""y"":623,""t"":3756},{""x"":1443,""y"":595,""t"":3775},{""x"":1461,""y"":618,""t"":3854},{""x"":1473,""y"":639,""t"":3877},{""x"":1472,""y"":648,""t"":3956},{""x"":1440,""y"":648,""t"":3979},{""x"":1372,""y"":657,""t"":4061},{""x"":1314,""y"":664,""t"":4081},{""x"":1324,""y"":551,""t"":4161},{""x"":1274,""y"":455,""t"":4183},{""x"":1399,""y"":512,""t"":4264},{""x"":1487,""y"":514,""t"":4286},{""x"":1373,""y"":530,""t"":4367},{""x"":1275,""y"":545,""t"":4387},{""x"":1178,""y"":530,""t"":4467},{""x"":1097,""y"":518,""t"":4490},{""x"":1039,""y"":499,""t"":4570},{""x"":1162,""y"":545,""t"":4626},{""x"":1238,""y"":584,""t"":4686},{""x"":1304,""y"":618,""t"":4701},{""x"":1330,""y"":630,""t"":4782},{""x"":1351,""y"":640,""t"":4796},{""x"":1369,""y"":625,""t"":4878},{""x"":1345,""y"":649,""t"":4897},{""x"":1266,""y"":666,""t"":4975},{""x"":1284,""y"":647,""t"":4998},{""x"":1203,""y"":627,""t"":5078},{""x"":1133,""y"":609,""t"":5100},{""x"":1109,""y"":570,""t"":5184},{""x"":1091,""y"":538,""t"":5203},{""x"":1054,""y"":536,""t"":5284},{""x"":1037,""y"":549,""t"":5336},{""x"":1025,""y"":561,""t"":5352},{""x"":1019,""y"":572,""t"":5431},{""x"":1017,""y"":582,""t"":5448},{""x"":990,""y"":582,""t"":5530},{""x"":970,""y"":583,""t"":5545},{""x"":895,""y"":631,""t"":5630},{""x"":849,""y"":636,""t"":5646},{""x"":834,""y"":652,""t"":5727},{""x"":844,""y"":621,""t"":5746},{""x"":806,""y"":641,""t"":5828},{""x"":777,""y"":657,""t"":5848}]",{},j,0.4,0.3,0.78,0.21000000000000002,0.78,0.4,0.21000000000000002,0.3,experimental,exp_106,"{""durations"":[1000,1500,1000,1500],""alternatives"":[1,0,1,0],""attributes"":[""all"",""all"",""all"",""all""]}",0,0.78,0.21000000000000002,1920,1080,"""","""","""","""","""","""",2021-06-16 16:45:48,,"Mozilla/5.0 (Windows NT 10.0; Win64; x64) AppleWebKit/537.36 (KHTML, like Gecko) Chrome/91.0.4472.106 Safari/537.36",WebKit,Chrome,91.0.4472.106,Windows,10.0
229,248,1,"""","""","""","""","""",html-keyboard-response,229,1327789,0.0-18.0-1.0-1.26,main,29KKCMFL,1920,1080,exp_98,0.262294910469391,4.9,,"<p style=""font-size:40px;"">+</p>",,"""","""","""","""","[{""x"":801,""y"":689,""t"":-94},{""x"":809,""y"":715,""t"":0},{""x"":899,""y"":750,""t"":105},{""x"":1055,""y"":712,""t"":167},{""x"":1188,""y"":678,""t"":182},{""x"":1102,""y"":668,""t"":266},{""x"":1045,""y"":672,""t"":283},{""x"":984,""y"":676,""t"":366},{""x"":932,""y"":680,""t"":382},{""x"":843,""y"":684,""t"":463},{""x"":769,""y"":687,""t"":480}]",{},"""","""","""","""","""","""","""","""","""","""","""","""","""","""","""","""","""","""","""","""","""","""","""",2021-06-16 16:45:48,,"Mozilla/5.0 (Windows NT 10.0; Win64; x64) AppleWebKit/537.36 (KHTML, like Gecko) Chrome/91.0.4472.106 Safari/537.36",WebKit,Chrome,91.0.4472.106,Windows,10.0
230,248,1,"""","""","""","""","""",two-gamble-sequence,230,1333905,0.0-18.0-1.0-2.26,main,29KKCMFL,1920,1080,exp_98,0.262294910469391,4.9,412.39999997615814,"""","""","""","""","""","""","[{""x"":750,""y"":670,""t"":-17},{""x"":737,""y"":655,""t"":0},{""x"":806,""y"":684,""t"":117},{""x"":775,""y"":654,""t"":138},{""x"":822,""y"":627,""t"":247},{""x"":812,""y"":590,""t"":307},{""x"":867,""y"":541,""t"":364},{""x"":915,""y"":500,""t"":380},{""x"":803,""y"":539,""t"":462},{""x"":699,""y"":584,""t"":478},{""x"":689,""y"":679,""t"":560},{""x"":683,""y"":760,""t"":579},{""x"":659,""y"":826,""t"":661},{""x"":782,""y"":860,""t"":711},{""x"":859,""y"":864,""t"":726},{""x"":927,""y"":837,""t"":807},{""x"":984,""y"":811,""t"":823},{""x"":1131,""y"":815,""t"":904},{""x"":1256,""y"":800,""t"":919},{""x"":1212,""y"":813,""t"":1004},{""x"":1168,""y"":825,""t"":1022},{""x"":1210,""y"":800,""t"":1108},{""x"":1353,""y"":751,""t"":1124},{""x"":1490,""y"":768,""t"":1203},{""x"":1576,""y"":759,""t"":1256},{""x"":1642,""y"":751,""t"":1272},{""x"":1669,""y"":702,""t"":1352},{""x"":1684,""y"":660,""t"":1367},{""x"":1634,""y"":620,""t"":1445},{""x"":1586,""y"":588,""t"":1463},{""x"":1298,""y"":598,""t"":1541},{""x"":1118,""y"":644,""t"":1565},{""x"":922,""y"":685,""t"":1648},{""x"":760,""y"":720,""t"":1667},{""x"":577,""y"":688,""t"":1748},{""x"":469,""y"":631,""t"":1798},{""x"":307,""y"":632,""t"":1813},{""x"":386,""y"":568,""t"":1893},{""x"":438,""y"":513,""t"":1909},{""x"":386,""y"":478,""t"":1987},{""x"":349,""y"":451,""t"":2006},{""x"":418,""y"":430,""t"":2086},{""x"":439,""y"":394,""t"":2139},{""x"":461,""y"":366,""t"":2154},{""x"":712,""y"":311,""t"":2234},{""x"":978,""y"":325,""t"":2250},{""x"":1142,""y"":294,""t"":2330},{""x"":1285,""y"":259,""t"":2347},{""x"":1403,""y"":234,""t"":2429},{""x"":1484,""y"":221,""t"":2482},{""x"":1548,""y"":198,""t"":2497},{""x"":1606,""y"":204,""t"":2545},{""x"":1640,""y"":214,""t"":2599},{""x"":1695,""y"":236,""t"":2650},{""x"":1733,""y"":256,""t"":2698},{""x"":1711,""y"":342,""t"":2778},{""x"":1685,""y"":416,""t"":2793},{""x"":1553,""y"":497,""t"":2874},{""x"":1299,""y"":558,""t"":2890},{""x"":1276,""y"":601,""t"":2972},{""x"":1138,""y"":656,""t"":2992},{""x"":1094,""y"":666,""t"":3073},{""x"":1035,""y"":661,""t"":3095},{""x"":1023,""y"":707,""t"":3176},{""x"":1028,""y"":757,""t"":3197},{""x"":943,""y"":836,""t"":3278},{""x"":1070,""y"":887,""t"":3298},{""x"":1237,""y"":864,""t"":3379},{""x"":1381,""y"":840,""t"":3400},{""x"":1418,""y"":837,""t"":3482},{""x"":1423,""y"":845,""t"":3532},{""x"":1423,""y"":850,""t"":3549},{""x"":1426,""y"":853,""t"":3633},{""x"":1426,""y"":855,""t"":3649},{""x"":1420,""y"":841,""t"":3729},{""x"":1412,""y"":828,""t"":3743},{""x"":1418,""y"":856,""t"":3824},{""x"":1367,""y"":832,""t"":3842},{""x"":1291,""y"":797,""t"":3925},{""x"":1101,""y"":761,""t"":3975},{""x"":941,""y"":731,""t"":3991},{""x"":803,""y"":730,""t"":4072},{""x"":692,""y"":730,""t"":4087},{""x"":638,""y"":737,""t"":4174},{""x"":600,""y"":743,""t"":4190},{""x"":729,""y"":710,""t"":4271},{""x"":861,""y"":645,""t"":4287},{""x"":1008,""y"":589,""t"":4369},{""x"":1076,""y"":552,""t"":4387},{""x"":1116,""y"":532,""t"":4467},{""x"":1084,""y"":520,""t"":4489},{""x"":1120,""y"":459,""t"":4569},{""x"":1153,""y"":433,""t"":4625},{""x"":1235,""y"":410,""t"":4679},{""x"":1303,""y"":393,""t"":4693},{""x"":1401,""y"":389,""t"":4777},{""x"":1503,""y"":385,""t"":4796},{""x"":1537,""y"":358,""t"":4879},{""x"":1559,""y"":338,""t"":4897},{""x"":1557,""y"":463,""t"":4980},{""x"":1515,""y"":578,""t"":5000},{""x"":1633,""y"":605,""t"":5081},{""x"":1718,""y"":625,""t"":5101},{""x"":1626,""y"":649,""t"":5182},{""x"":1569,""y"":588,""t"":5238},{""x"":1444,""y"":604,""t"":5297},{""x"":1336,""y"":617,""t"":5313},{""x"":1223,""y"":649,""t"":5395},{""x"":1129,""y"":676,""t"":5411},{""x"":1043,""y"":724,""t"":5493},{""x"":974,""y"":763,""t"":5509},{""x"":907,""y"":771,""t"":5595},{""x"":857,""y"":775,""t"":5612},{""x"":810,""y"":786,""t"":5695},{""x"":777,""y"":793,""t"":5713},{""x"":740,""y"":727,""t"":5797},{""x"":715,""y"":669,""t"":5815},{""x"":702,""y"":601,""t"":5898},{""x"":696,""y"":544,""t"":5918},{""x"":704,""y"":468,""t"":5999},{""x"":758,""y"":458,""t"":6020}]",{},j,0.32,0.82,0.49,0.6900000000000001,0.49,0.32,0.6900000000000001,0.82,experimental,exp_49,"{""durations"":[1500,1000,1500,1000],""alternatives"":[""all"",""all"",""all"",""all""],""attributes"":[""p"",""m"",""p"",""m""]}",0,0.49,0.6900000000000001,1920,1080,"""","""","""","""","""","""",2021-06-16 16:45:48,,"Mozilla/5.0 (Windows NT 10.0; Win64; x64) AppleWebKit/537.36 (KHTML, like Gecko) Chrome/91.0.4472.106 Safari/537.36",WebKit,Chrome,91.0.4472.106,Windows,10.0
231,248,1,"""","""","""","""","""",html-keyboard-response,231,1334450,0.0-18.0-1.0-1.27,main,29KKCMFL,1920,1080,exp_98,0.262294910469391,4.9,,"<p style=""font-size:40px;"">+</p>",,"""","""","""","""","[{""x"":952,""y"":480,""t"":-16},{""x"":1116,""y"":460,""t"":0},{""x"":1228,""y"":568,""t"":116},{""x"":1332,""y"":653,""t"":136},{""x"":1388,""y"":792,""t"":222},{""x"":1430,""y"":909,""t"":238},{""x"":1508,""y"":864,""t"":321},{""x"":1520,""y"":846,""t"":340},{""x"":1340,""y"":831,""t"":426},{""x"":1399,""y"":809,""t"":442}]",{},"""","""","""","""","""","""","""","""","""","""","""","""","""","""","""","""","""","""","""","""","""","""","""",2021-06-16 16:45:48,,"Mozilla/5.0 (Windows NT 10.0; Win64; x64) AppleWebKit/537.36 (KHTML, like Gecko) Chrome/91.0.4472.106 Safari/537.36",WebKit,Chrome,91.0.4472.106,Windows,10.0
232,248,1,"""","""","""","""","""",two-gamble-sequence,232,1340491,0.0-18.0-1.0-2.27,main,29KKCMFL,1920,1080,exp_98,0.262294910469391,4.9,358.7000000476837,"""","""","""","""","""","""","[{""x"":1319,""y"":783,""t"":-17},{""x"":1248,""y"":760,""t"":0},{""x"":1145,""y"":719,""t"":94},{""x"":1087,""y"":706,""t"":121},{""x"":1132,""y"":698,""t"":179},{""x"":1153,""y"":655,""t"":254},{""x"":1185,""y"":606,""t"":300},{""x"":1212,""y"":565,""t"":349},{""x"":1235,""y"":569,""t"":427},{""x"":1231,""y"":578,""t"":443},{""x"":1232,""y"":630,""t"":525},{""x"":1233,""y"":675,""t"":545},{""x"":1236,""y"":679,""t"":630},{""x"":1239,""y"":682,""t"":646},{""x"":1159,""y"":736,""t"":728},{""x"":1091,""y"":782,""t"":749},{""x"":1070,""y"":830,""t"":830},{""x"":1054,""y"":869,""t"":851},{""x"":959,""y"":823,""t"":933},{""x"":880,""y"":781,""t"":954},{""x"":751,""y"":777,""t"":1036},{""x"":646,""y"":773,""t"":1056},{""x"":550,""y"":767,""t"":1135},{""x"":483,""y"":789,""t"":1186},{""x"":433,""y"":807,""t"":1199},{""x"":408,""y"":810,""t"":1278},{""x"":395,""y"":811,""t"":1294},{""x"":269,""y"":724,""t"":1372},{""x"":228,""y"":703,""t"":1395},{""x"":246,""y"":556,""t"":1476},{""x"":186,""y"":378,""t"":1529},{""x"":191,""y"":295,""t"":1544},{""x"":410,""y"":272,""t"":1624},{""x"":601,""y"":259,""t"":1640},{""x"":815,""y"":261,""t"":1718},{""x"":993,""y"":268,""t"":1735},{""x"":1161,""y"":271,""t"":1814},{""x"":1295,""y"":277,""t"":1837},{""x"":1402,""y"":285,""t"":1917},{""x"":1482,""y"":294,""t"":1939},{""x"":1532,""y"":318,""t"":2018},{""x"":1563,""y"":339,""t"":2041},{""x"":1590,""y"":401,""t"":2122},{""x"":1593,""y"":502,""t"":2142},{""x"":1581,""y"":538,""t"":2223},{""x"":1545,""y"":597,""t"":2274},{""x"":1532,""y"":628,""t"":2288},{""x"":1403,""y"":723,""t"":2368},{""x"":1290,""y"":801,""t"":2384},{""x"":1147,""y"":810,""t"":2465},{""x"":1189,""y"":775,""t"":2482},{""x"":1101,""y"":750,""t"":2564},{""x"":1028,""y"":726,""t"":2584},{""x"":903,""y"":741,""t"":2672},{""x"":927,""y"":726,""t"":2688},{""x"":733,""y"":718,""t"":2769},{""x"":573,""y"":710,""t"":2788},{""x"":477,""y"":689,""t"":2869},{""x"":499,""y"":698,""t"":2926},{""x"":663,""y"":675,""t"":2981},{""x"":809,""y"":655,""t"":2996},{""x"":976,""y"":628,""t"":3076},{""x"":1118,""y"":605,""t"":3094},{""x"":1228,""y"":591,""t"":3173},{""x"":1324,""y"":591,""t"":3228},{""x"":1399,""y"":576,""t"":3243},{""x"":1324,""y"":549,""t"":3325},{""x"":1253,""y"":526,""t"":3341},{""x"":1076,""y"":562,""t"":3423},{""x"":938,""y"":580,""t"":3438},{""x"":824,""y"":598,""t"":3520},{""x"":742,""y"":598,""t"":3537},{""x"":601,""y"":604,""t"":3616},{""x"":654,""y"":552,""t"":3673},{""x"":696,""y"":509,""t"":3729},{""x"":768,""y"":462,""t"":3744},{""x"":852,""y"":419,""t"":3828},{""x"":925,""y"":384,""t"":3843},{""x"":1027,""y"":331,""t"":3930},{""x"":1113,""y"":287,""t"":3946},{""x"":1164,""y"":283,""t"":4029},{""x"":1204,""y"":283,""t"":4046},{""x"":1310,""y"":314,""t"":4129},{""x"":1395,""y"":343,""t"":4149},{""x"":1395,""y"":384,""t"":4233},{""x"":1462,""y"":458,""t"":4250},{""x"":1494,""y"":549,""t"":4331},{""x"":1513,""y"":590,""t"":4352},{""x"":1417,""y"":659,""t"":4434},{""x"":1307,""y"":724,""t"":4454},{""x"":1210,""y"":753,""t"":4536},{""x"":1184,""y"":790,""t"":4589},{""x"":1164,""y"":817,""t"":4604},{""x"":1151,""y"":832,""t"":4686},{""x"":1096,""y"":806,""t"":4702},{""x"":1074,""y"":744,""t"":4787},{""x"":1082,""y"":732,""t"":4801},{""x"":944,""y"":636,""t"":4884},{""x"":795,""y"":567,""t"":4898},{""x"":809,""y"":610,""t"":4982},{""x"":691,""y"":421,""t"":4998},{""x"":758,""y"":431,""t"":5080},{""x"":834,""y"":400,""t"":5100},{""x"":891,""y"":397,""t"":5181},{""x"":892,""y"":410,""t"":5233},{""x"":894,""y"":424,""t"":5249},{""x"":916,""y"":429,""t"":5332},{""x"":936,""y"":435,""t"":5347},{""x"":967,""y"":454,""t"":5427},{""x"":939,""y"":479,""t"":5444},{""x"":1003,""y"":496,""t"":5522},{""x"":951,""y"":572,""t"":5575},{""x"":907,""y"":637,""t"":5591},{""x"":930,""y"":639,""t"":5671},{""x"":1080,""y"":656,""t"":5687},{""x"":1215,""y"":666,""t"":5771},{""x"":1328,""y"":673,""t"":5787},{""x"":1463,""y"":687,""t"":5869},{""x"":1572,""y"":697,""t"":5885},{""x"":1427,""y"":734,""t"":5966}]",{},j,0.51,0.52,0.72,0.42000000000000004,0.72,0.51,0.42000000000000004,0.52,experimental,exp_71,"{""durations"":[1000,1500,1000,1500],""alternatives"":[""all"",""all"",""all"",""all""],""attributes"":[""p"",""m"",""p"",""m""]}",0,0.72,0.42000000000000004,1920,1080,"""","""","""","""","""","""",2021-06-16 16:45:48,,"Mozilla/5.0 (Windows NT 10.0; Win64; x64) AppleWebKit/537.36 (KHTML, like Gecko) Chrome/91.0.4472.106 Safari/537.36",WebKit,Chrome,91.0.4472.106,Windows,10.0
233,248,1,"""","""","""","""","""",html-keyboard-response,233,1341070,0.0-18.0-1.0-1.28,main,29KKCMFL,1920,1080,exp_98,0.262294910469391,4.9,,"<p style=""font-size:40px;"">+</p>",,"""","""","""","""","[{""x"":1285,""y"":765,""t"":-22},{""x"":1161,""y"":790,""t"":0},{""x"":1140,""y"":790,""t"":110},{""x"":1111,""y"":778,""t"":168},{""x"":1088,""y"":732,""t"":184},{""x"":1025,""y"":683,""t"":267},{""x"":927,""y"":673,""t"":281},{""x"":890,""y"":704,""t"":363},{""x"":862,""y"":730,""t"":379},{""x"":842,""y"":725,""t"":462},{""x"":792,""y"":691,""t"":478}]",{},"""","""","""","""","""","""","""","""","""","""","""","""","""","""","""","""","""","""","""","""","""","""","""",2021-06-16 16:45:48,,"Mozilla/5.0 (Windows NT 10.0; Win64; x64) AppleWebKit/537.36 (KHTML, like Gecko) Chrome/91.0.4472.106 Safari/537.36",WebKit,Chrome,91.0.4472.106,Windows,10.0
234,248,1,"""","""","""","""","""",two-gamble-sequence,234,1347187,0.0-18.0-1.0-2.28,main,29KKCMFL,1920,1080,exp_98,0.262294910469391,4.9,536.1999999284744,"""","""","""","""","""","""","[{""x"":742,""y"":680,""t"":-17},{""x"":728,""y"":676,""t"":0},{""x"":737,""y"":682,""t"":80},{""x"":739,""y"":679,""t"":141},{""x"":744,""y"":676,""t"":209},{""x"":685,""y"":643,""t"":289},{""x"":636,""y"":616,""t"":308},{""x"":588,""y"":574,""t"":384},{""x"":550,""y"":541,""t"":408},{""x"":478,""y"":581,""t"":487},{""x"":555,""y"":481,""t"":539},{""x"":513,""y"":393,""t"":553},{""x"":515,""y"":335,""t"":633},{""x"":519,""y"":290,""t"":649},{""x"":421,""y"":343,""t"":729},{""x"":438,""y"":388,""t"":780},{""x"":455,""y"":430,""t"":796},{""x"":429,""y"":502,""t"":876},{""x"":427,""y"":592,""t"":892},{""x"":479,""y"":717,""t"":977},{""x"":525,""y"":821,""t"":993},{""x"":511,""y"":848,""t"":1076},{""x"":498,""y"":865,""t"":1093},{""x"":548,""y"":843,""t"":1177},{""x"":543,""y"":825,""t"":1194},{""x"":443,""y"":850,""t"":1274},{""x"":345,""y"":853,""t"":1293},{""x"":309,""y"":852,""t"":1373},{""x"":296,""y"":769,""t"":1394},{""x"":298,""y"":747,""t"":1475},{""x"":306,""y"":738,""t"":1497},{""x"":357,""y"":731,""t"":1583},{""x"":401,""y"":725,""t"":1599},{""x"":350,""y"":668,""t"":1677},{""x"":253,""y"":645,""t"":1700},{""x"":298,""y"":644,""t"":1778},{""x"":497,""y"":613,""t"":1834},{""x"":701,""y"":584,""t"":1850},{""x"":923,""y"":535,""t"":1930},{""x"":1079,""y"":469,""t"":1945},{""x"":1194,""y"":456,""t"":2023},{""x"":1254,""y"":430,""t"":2040},{""x"":1359,""y"":445,""t"":2118},{""x"":1423,""y"":501,""t"":2177},{""x"":1502,""y"":509,""t"":2234},{""x"":1551,""y"":564,""t"":2249},{""x"":1600,""y"":624,""t"":2333},{""x"":1645,""y"":653,""t"":2348},{""x"":1642,""y"":700,""t"":2430},{""x"":1661,""y"":710,""t"":2449},{""x"":1563,""y"":746,""t"":2529},{""x"":1446,""y"":738,""t"":2583},{""x"":1321,""y"":765,""t"":2598},{""x"":1275,""y"":777,""t"":2677},{""x"":1238,""y"":785,""t"":2693},{""x"":1201,""y"":764,""t"":2773},{""x"":1239,""y"":761,""t"":2789},{""x"":1089,""y"":683,""t"":2870},{""x"":942,""y"":628,""t"":2891},{""x"":729,""y"":581,""t"":2969},{""x"":554,""y"":541,""t"":2993},{""x"":449,""y"":526,""t"":3074},{""x"":344,""y"":505,""t"":3128},{""x"":275,""y"":483,""t"":3144},{""x"":212,""y"":478,""t"":3193},{""x"":168,""y"":475,""t"":3242},{""x"":199,""y"":484,""t"":3328},{""x"":213,""y"":514,""t"":3343},{""x"":255,""y"":530,""t"":3424},{""x"":278,""y"":558,""t"":3439},{""x"":304,""y"":595,""t"":3523},{""x"":330,""y"":626,""t"":3537},{""x"":348,""y"":681,""t"":3621},{""x"":284,""y"":661,""t"":3638},{""x"":438,""y"":605,""t"":3719},{""x"":558,""y"":536,""t"":3740},{""x"":737,""y"":569,""t"":3822},{""x"":970,""y"":577,""t"":3842},{""x"":1212,""y"":594,""t"":3932},{""x"":1374,""y"":599,""t"":3947},{""x"":1500,""y"":632,""t"":4029},{""x"":1594,""y"":660,""t"":4047},{""x"":1570,""y"":669,""t"":4133},{""x"":1548,""y"":685,""t"":4149},{""x"":1509,""y"":665,""t"":4234},{""x"":1457,""y"":658,""t"":4250},{""x"":1500,""y"":643,""t"":4335},{""x"":1533,""y"":630,""t"":4352},{""x"":1494,""y"":589,""t"":4435},{""x"":1484,""y"":578,""t"":4455},{""x"":1407,""y"":537,""t"":4539},{""x"":1375,""y"":519,""t"":4557},{""x"":1355,""y"":505,""t"":4640},{""x"":1337,""y"":495,""t"":4659},{""x"":1389,""y"":515,""t"":4743},{""x"":1434,""y"":534,""t"":4761},{""x"":1356,""y"":541,""t"":4845},{""x"":1274,""y"":535,""t"":4863},{""x"":1021,""y"":550,""t"":4944},{""x"":865,""y"":517,""t"":4965},{""x"":717,""y"":489,""t"":5048},{""x"":579,""y"":412,""t"":5068},{""x"":464,""y"":390,""t"":5149},{""x"":377,""y"":373,""t"":5169},{""x"":326,""y"":415,""t"":5252},{""x"":294,""y"":452,""t"":5271},{""x"":231,""y"":464,""t"":5356},{""x"":238,""y"":518,""t"":5373},{""x"":205,""y"":539,""t"":5454},{""x"":245,""y"":570,""t"":5506},{""x"":287,""y"":596,""t"":5521},{""x"":593,""y"":556,""t"":5601},{""x"":884,""y"":557,""t"":5616},{""x"":1044,""y"":642,""t"":5697},{""x"":1173,""y"":714,""t"":5713},{""x"":1346,""y"":739,""t"":5793},{""x"":1452,""y"":730,""t"":5815},{""x"":1395,""y"":752,""t"":5894},{""x"":1335,""y"":768,""t"":5917},{""x"":1214,""y"":759,""t"":5997},{""x"":1111,""y"":759,""t"":6019}]",{},f,0.79,0.2,0.7,0.32,0.79,0.7,0.2,0.32,experimental,exp_32,"{""durations"":[1500,1000,1500,1000],""alternatives"":[0,1,0,1],""attributes"":[""all"",""all"",""all"",""all""]}",0,0.79,0.2,1920,1080,"""","""","""","""","""","""",2021-06-16 16:45:48,,"Mozilla/5.0 (Windows NT 10.0; Win64; x64) AppleWebKit/537.36 (KHTML, like Gecko) Chrome/91.0.4472.106 Safari/537.36",WebKit,Chrome,91.0.4472.106,Windows,10.0
235,248,1,"""","""","""","""","""",html-keyboard-response,235,1347735,0.0-18.0-1.0-1.29,main,29KKCMFL,1920,1080,exp_98,0.262294910469391,4.9,,"<p style=""font-size:40px;"">+</p>",,"""","""","""","""","[{""x"":1063,""y"":690,""t"":-16},{""x"":1021,""y"":629,""t"":0},{""x"":1025,""y"":640,""t"":116},{""x"":1127,""y"":624,""t"":138},{""x"":1186,""y"":693,""t"":227},{""x"":1267,""y"":774,""t"":243},{""x"":1433,""y"":770,""t"":329},{""x"":1571,""y"":764,""t"":346},{""x"":1468,""y"":753,""t"":431},{""x"":1373,""y"":743,""t"":447}]",{},"""","""","""","""","""","""","""","""","""","""","""","""","""","""","""","""","""","""","""","""","""","""","""",2021-06-16 16:45:48,,"Mozilla/5.0 (Windows NT 10.0; Win64; x64) AppleWebKit/537.36 (KHTML, like Gecko) Chrome/91.0.4472.106 Safari/537.36",WebKit,Chrome,91.0.4472.106,Windows,10.0
236,248,1,"""","""","""","""","""",two-gamble-sequence,236,1353781,0.0-18.0-1.0-2.29,main,29KKCMFL,1920,1080,exp_98,0.262294910469391,4.9,431.6999999284744,"""","""","""","""","""","""","[{""x"":1370,""y"":757,""t"":-17},{""x"":1365,""y"":768,""t"":0},{""x"":1171,""y"":769,""t"":100},{""x"":994,""y"":742,""t"":125},{""x"":883,""y"":685,""t"":182},{""x"":795,""y"":640,""t"":255},{""x"":741,""y"":602,""t"":302},{""x"":702,""y"":571,""t"":349},{""x"":515,""y"":492,""t"":430},{""x"":435,""y"":432,""t"":445},{""x"":384,""y"":400,""t"":526},{""x"":349,""y"":376,""t"":545},{""x"":313,""y"":311,""t"":625},{""x"":309,""y"":267,""t"":679},{""x"":312,""y"":233,""t"":696},{""x"":368,""y"":363,""t"":773},{""x"":420,""y"":477,""t"":788},{""x"":356,""y"":557,""t"":870},{""x"":304,""y"":624,""t"":886},{""x"":211,""y"":590,""t"":966},{""x"":135,""y"":559,""t"":986},{""x"":87,""y"":550,""t"":1071},{""x"":156,""y"":532,""t"":1088},{""x"":253,""y"":531,""t"":1168},{""x"":211,""y"":478,""t"":1220},{""x"":177,""y"":432,""t"":1235},{""x"":232,""y"":320,""t"":1321},{""x"":281,""y"":227,""t"":1337},{""x"":92,""y"":108,""t"":1418},{""x"":-70,""y"":12,""t"":1433},{""x"":-10,""y"":67,""t"":1512},{""x"":-17,""y"":10,""t"":1531},{""x"":186,""y"":98,""t"":1612},{""x"":363,""y"":127,""t"":1632},{""x"":708,""y"":225,""t"":1714},{""x"":917,""y"":282,""t"":1770},{""x"":1093,""y"":391,""t"":1823},{""x"":1210,""y"":444,""t"":1838},{""x"":1416,""y"":499,""t"":1917},{""x"":1547,""y"":568,""t"":1969},{""x"":1664,""y"":594,""t"":1984},{""x"":1645,""y"":646,""t"":2061},{""x"":1615,""y"":686,""t"":2075},{""x"":1739,""y"":698,""t"":2157},{""x"":1738,""y"":689,""t"":2206},{""x"":1717,""y"":676,""t"":2222},{""x"":1728,""y"":668,""t"":2302},{""x"":1743,""y"":673,""t"":2316},{""x"":1665,""y"":640,""t"":2396},{""x"":1629,""y"":623,""t"":2416},{""x"":1768,""y"":590,""t"":2493},{""x"":1697,""y"":572,""t"":2546},{""x"":1719,""y"":544,""t"":2562},{""x"":1603,""y"":511,""t"":2644},{""x"":1501,""y"":484,""t"":2660},{""x"":1434,""y"":514,""t"":2744},{""x"":1380,""y"":541,""t"":2760},{""x"":1296,""y"":537,""t"":2841},{""x"":1230,""y"":585,""t"":2857},{""x"":1011,""y"":586,""t"":2936},{""x"":830,""y"":563,""t"":2959},{""x"":645,""y"":503,""t"":3040},{""x"":502,""y"":535,""t"":3061},{""x"":426,""y"":485,""t"":3142},{""x"":282,""y"":449,""t"":3194},{""x"":197,""y"":443,""t"":3208},{""x"":174,""y"":468,""t"":3288},{""x"":166,""y"":492,""t"":3304},{""x"":179,""y"":481,""t"":3384},{""x"":198,""y"":473,""t"":3401},{""x"":188,""y"":451,""t"":3482},{""x"":301,""y"":492,""t"":3533},{""x"":409,""y"":535,""t"":3547},{""x"":741,""y"":523,""t"":3631},{""x"":1023,""y"":511,""t"":3647},{""x"":1055,""y"":480,""t"":3730},{""x"":1024,""y"":480,""t"":3744},{""x"":1013,""y"":469,""t"":3827},{""x"":958,""y"":455,""t"":3844},{""x"":1034,""y"":367,""t"":3924},{""x"":1104,""y"":314,""t"":3945},{""x"":1170,""y"":350,""t"":4025},{""x"":1221,""y"":382,""t"":4047},{""x"":1266,""y"":304,""t"":4133},{""x"":1343,""y"":227,""t"":4149},{""x"":1192,""y"":196,""t"":4230},{""x"":1012,""y"":225,""t"":4282},{""x"":883,""y"":237,""t"":4297},{""x"":750,""y"":178,""t"":4378},{""x"":614,""y"":154,""t"":4394},{""x"":728,""y"":264,""t"":4476},{""x"":855,""y"":324,""t"":4492},{""x"":1003,""y"":395,""t"":4572},{""x"":1131,""y"":454,""t"":4591},{""x"":1252,""y"":407,""t"":4674},{""x"":1352,""y"":364,""t"":4692},{""x"":1506,""y"":417,""t"":4775},{""x"":1612,""y"":479,""t"":4794},{""x"":1767,""y"":496,""t"":4876},{""x"":1681,""y"":575,""t"":4897},{""x"":1530,""y"":574,""t"":4977},{""x"":1371,""y"":581,""t"":5032},{""x"":1274,""y"":545,""t"":5086},{""x"":1192,""y"":513,""t"":5103},{""x"":1186,""y"":559,""t"":5184},{""x"":1184,""y"":598,""t"":5203},{""x"":1019,""y"":630,""t"":5282},{""x"":881,""y"":655,""t"":5305},{""x"":869,""y"":684,""t"":5384},{""x"":893,""y"":650,""t"":5436},{""x"":919,""y"":619,""t"":5453},{""x"":845,""y"":575,""t"":5535},{""x"":816,""y"":565,""t"":5551},{""x"":902,""y"":597,""t"":5633},{""x"":1014,""y"":673,""t"":5649},{""x"":1083,""y"":792,""t"":5732},{""x"":1202,""y"":895,""t"":5748},{""x"":1193,""y"":881,""t"":5830},{""x"":1182,""y"":865,""t"":5848},{""x"":1109,""y"":796,""t"":5928},{""x"":1044,""y"":735,""t"":5951}]",{},f,0.28,0.43,0.17,0.8300000000000001,0.28,0.17,0.43,0.8300000000000001,experimental,exp_16,"{""durations"":[1500,1000,1500,1000],""alternatives"":[0,1,0,1],""attributes"":[""all"",""all"",""all"",""all""]}",0,0.28,0.43,1920,1080,"""","""","""","""","""","""",2021-06-16 16:45:48,,"Mozilla/5.0 (Windows NT 10.0; Win64; x64) AppleWebKit/537.36 (KHTML, like Gecko) Chrome/91.0.4472.106 Safari/537.36",WebKit,Chrome,91.0.4472.106,Windows,10.0
237,248,1,"""","""","""","""","""",html-keyboard-response,237,1354290,0.0-18.0-1.0-1.30,main,29KKCMFL,1920,1080,exp_98,0.262294910469391,4.9,,"<p style=""font-size:40px;"">+</p>",,"""","""","""","""","[{""x"":988,""y"":735,""t"":-16},{""x"":959,""y"":720,""t"":0},{""x"":873,""y"":729,""t"":91},{""x"":841,""y"":719,""t"":106},{""x"":892,""y"":707,""t"":188},{""x"":995,""y"":746,""t"":205},{""x"":1081,""y"":838,""t"":286},{""x"":1155,""y"":915,""t"":307},{""x"":1278,""y"":1041,""t"":388},{""x"":1379,""y"":1145,""t"":409}]",{},"""","""","""","""","""","""","""","""","""","""","""","""","""","""","""","""","""","""","""","""","""","""","""",2021-06-16 16:45:48,,"Mozilla/5.0 (Windows NT 10.0; Win64; x64) AppleWebKit/537.36 (KHTML, like Gecko) Chrome/91.0.4472.106 Safari/537.36",WebKit,Chrome,91.0.4472.106,Windows,10.0
238,248,1,"""","""","""","""","""",two-gamble-sequence,238,1360576,0.0-18.0-1.0-2.30,main,29KKCMFL,1920,1080,exp_98,0.262294910469391,4.9,587.1000000238419,"""","""","""","""","""","""","[{""x"":1377,""y"":1078,""t"":-17},{""x"":1290,""y"":1036,""t"":0},{""x"":1114,""y"":929,""t"":112},{""x"":1031,""y"":755,""t"":153},{""x"":972,""y"":641,""t"":202},{""x"":835,""y"":511,""t"":252},{""x"":824,""y"":448,""t"":300},{""x"":730,""y"":364,""t"":347},{""x"":687,""y"":339,""t"":431},{""x"":655,""y"":324,""t"":447},{""x"":482,""y"":331,""t"":526},{""x"":416,""y"":315,""t"":544},{""x"":387,""y"":308,""t"":624},{""x"":322,""y"":310,""t"":677},{""x"":273,""y"":316,""t"":691},{""x"":247,""y"":448,""t"":770},{""x"":256,""y"":567,""t"":785},{""x"":260,""y"":619,""t"":866},{""x"":283,""y"":683,""t"":885},{""x"":302,""y"":746,""t"":965},{""x"":348,""y"":745,""t"":1017},{""x"":385,""y"":786,""t"":1034},{""x"":405,""y"":763,""t"":1119},{""x"":462,""y"":803,""t"":1134},{""x"":439,""y"":788,""t"":1216},{""x"":419,""y"":772,""t"":1230},{""x"":461,""y"":744,""t"":1313},{""x"":456,""y"":724,""t"":1327},{""x"":465,""y"":687,""t"":1407},{""x"":811,""y"":576,""t"":1459},{""x"":969,""y"":479,""t"":1474},{""x"":1131,""y"":373,""t"":1552},{""x"":1260,""y"":286,""t"":1568},{""x"":1390,""y"":218,""t"":1646},{""x"":1491,""y"":166,""t"":1666},{""x"":1563,""y"":130,""t"":1745},{""x"":1614,""y"":106,""t"":1768},{""x"":1642,""y"":94,""t"":1848},{""x"":1657,""y"":88,""t"":1870},{""x"":1618,""y"":164,""t"":1949},{""x"":1639,""y"":256,""t"":2001},{""x"":1651,""y"":336,""t"":2017},{""x"":1601,""y"":430,""t"":2097},{""x"":1554,""y"":509,""t"":2112},{""x"":1476,""y"":501,""t"":2192},{""x"":1407,""y"":490,""t"":2212},{""x"":1349,""y"":401,""t"":2292},{""x"":1297,""y"":352,""t"":2343},{""x"":1256,""y"":310,""t"":2358},{""x"":1181,""y"":353,""t"":2438},{""x"":1120,""y"":391,""t"":2453},{""x"":1120,""y"":376,""t"":2532},{""x"":1124,""y"":362,""t"":2551},{""x"":1140,""y"":354,""t"":2631},{""x"":1187,""y"":358,""t"":2683},{""x"":1229,""y"":362,""t"":2699},{""x"":1256,""y"":376,""t"":2783},{""x"":1284,""y"":394,""t"":2797},{""x"":1318,""y"":399,""t"":2877},{""x"":1346,""y"":402,""t"":2893},{""x"":1295,""y"":484,""t"":2973},{""x"":1347,""y"":548,""t"":2993},{""x"":1306,""y"":604,""t"":3076},{""x"":1154,""y"":650,""t"":3095},{""x"":987,""y"":732,""t"":3175},{""x"":788,""y"":703,""t"":3198},{""x"":640,""y"":749,""t"":3277},{""x"":521,""y"":785,""t"":3299},{""x"":455,""y"":830,""t"":3381},{""x"":435,""y"":853,""t"":3401},{""x"":383,""y"":857,""t"":3482},{""x"":347,""y"":856,""t"":3503},{""x"":248,""y"":836,""t"":3585},{""x"":239,""y"":848,""t"":3605},{""x"":198,""y"":877,""t"":3687},{""x"":170,""y"":899,""t"":3707},{""x"":111,""y"":941,""t"":3791},{""x"":67,""y"":975,""t"":3809},{""x"":57,""y"":1002,""t"":3889},{""x"":353,""y"":902,""t"":3940},{""x"":623,""y"":801,""t"":3956},{""x"":882,""y"":768,""t"":4034},{""x"":1083,""y"":694,""t"":4050},{""x"":1289,""y"":640,""t"":4134},{""x"":1454,""y"":597,""t"":4150},{""x"":1608,""y"":581,""t"":4231},{""x"":1725,""y"":571,""t"":4251},{""x"":1788,""y"":553,""t"":4332},{""x"":1822,""y"":594,""t"":4386},{""x"":1888,""y"":623,""t"":4437},{""x"":1977,""y"":620,""t"":4455},{""x"":1888,""y"":708,""t"":4535},{""x"":1903,""y"":714,""t"":4590},{""x"":1908,""y"":718,""t"":4605},{""x"":1779,""y"":747,""t"":4686},{""x"":1596,""y"":658,""t"":4701},{""x"":1366,""y"":624,""t"":4781},{""x"":1191,""y"":623,""t"":4796},{""x"":1137,""y"":678,""t"":4877},{""x"":1098,""y"":725,""t"":4897},{""x"":1095,""y"":716,""t"":4977},{""x"":1015,""y"":651,""t"":5029},{""x"":953,""y"":594,""t"":5043},{""x"":952,""y"":506,""t"":5131},{""x"":951,""y"":477,""t"":5147},{""x"":933,""y"":453,""t"":5230},{""x"":939,""y"":457,""t"":5246},{""x"":799,""y"":489,""t"":5326},{""x"":684,""y"":519,""t"":5342},{""x"":642,""y"":507,""t"":5424},{""x"":613,""y"":498,""t"":5441},{""x"":503,""y"":512,""t"":5520},{""x"":568,""y"":532,""t"":5575},{""x"":630,""y"":550,""t"":5589},{""x"":667,""y"":500,""t"":5668},{""x"":702,""y"":458,""t"":5683},{""x"":902,""y"":454,""t"":5767},{""x"":848,""y"":482,""t"":5783},{""x"":1112,""y"":542,""t"":5863},{""x"":1302,""y"":578,""t"":5882},{""x"":1451,""y"":634,""t"":5966},{""x"":1538,""y"":663,""t"":5984},{""x"":1545,""y"":758,""t"":6067},{""x"":1542,""y"":836,""t"":6086},{""x"":1561,""y"":840,""t"":6168},{""x"":1571,""y"":838,""t"":6188}]",{},f,0.41,0.18,0.21,0.62,0.41,0.21,0.18,0.62,experimental,exp_62,"{""durations"":[1000,1500,1000,1500],""alternatives"":[0,1,0,1],""attributes"":[""all"",""all"",""all"",""all""]}",0,0.41,0.18,1920,1080,"""","""","""","""","""","""",2021-06-16 16:45:48,,"Mozilla/5.0 (Windows NT 10.0; Win64; x64) AppleWebKit/537.36 (KHTML, like Gecko) Chrome/91.0.4472.106 Safari/537.36",WebKit,Chrome,91.0.4472.106,Windows,10.0
239,248,1,"""","""","""","""","""",html-keyboard-response,239,1361104,0.0-18.0-1.0-1.31,main,29KKCMFL,1920,1080,exp_98,0.262294910469391,4.9,,"<p style=""font-size:40px;"">+</p>",,"""","""","""","""","[{""x"":1317,""y"":828,""t"":-16},{""x"":1175,""y"":812,""t"":0},{""x"":1050,""y"":809,""t"":98},{""x"":918,""y"":772,""t"":114},{""x"":879,""y"":751,""t"":197},{""x"":797,""y"":744,""t"":213},{""x"":789,""y"":731,""t"":296},{""x"":788,""y"":720,""t"":311},{""x"":816,""y"":732,""t"":395},{""x"":865,""y"":733,""t"":409}]",{},"""","""","""","""","""","""","""","""","""","""","""","""","""","""","""","""","""","""","""","""","""","""","""",2021-06-16 16:45:48,,"Mozilla/5.0 (Windows NT 10.0; Win64; x64) AppleWebKit/537.36 (KHTML, like Gecko) Chrome/91.0.4472.106 Safari/537.36",WebKit,Chrome,91.0.4472.106,Windows,10.0
240,248,1,"""","""","""","""","""",two-gamble-sequence,240,1367156,0.0-18.0-1.0-2.31,main,29KKCMFL,1920,1080,exp_98,0.262294910469391,4.9,393.89999997615814,"""","""","""","""","""","""","[{""x"":961,""y"":745,""t"":-33},{""x"":1044,""y"":755,""t"":-17},{""x"":991,""y"":692,""t"":0},{""x"":1062,""y"":708,""t"":116},{""x"":1201,""y"":722,""t"":176},{""x"":1318,""y"":734,""t"":244},{""x"":1423,""y"":665,""t"":328},{""x"":1540,""y"":610,""t"":344},{""x"":1586,""y"":585,""t"":426},{""x"":1600,""y"":570,""t"":443},{""x"":1390,""y"":560,""t"":522},{""x"":1170,""y"":596,""t"":546},{""x"":1014,""y"":631,""t"":628},{""x"":900,""y"":585,""t"":647},{""x"":703,""y"":590,""t"":727},{""x"":542,""y"":595,""t"":749},{""x"":427,""y"":614,""t"":828},{""x"":539,""y"":621,""t"":882},{""x"":582,""y"":651,""t"":896},{""x"":771,""y"":647,""t"":975},{""x"":961,""y"":666,""t"":991},{""x"":999,""y"":682,""t"":1074},{""x"":1179,""y"":654,""t"":1090},{""x"":1204,""y"":651,""t"":1171},{""x"":1220,""y"":649,""t"":1191},{""x"":1200,""y"":658,""t"":1270},{""x"":1178,""y"":665,""t"":1293},{""x"":1161,""y"":669,""t"":1374},{""x"":1232,""y"":639,""t"":1424},{""x"":1320,""y"":584,""t"":1440},{""x"":1406,""y"":578,""t"":1518},{""x"":1396,""y"":544,""t"":1533},{""x"":1495,""y"":577,""t"":1614},{""x"":1352,""y"":765,""t"":1666},{""x"":1225,""y"":925,""t"":1682},{""x"":1281,""y"":995,""t"":1727},{""x"":1329,""y"":1050,""t"":1772},{""x"":1270,""y"":967,""t"":1852},{""x"":1120,""y"":941,""t"":1871},{""x"":837,""y"":876,""t"":1948},{""x"":729,""y"":796,""t"":2003},{""x"":581,""y"":721,""t"":2017},{""x"":433,""y"":647,""t"":2095},{""x"":277,""y"":585,""t"":2111},{""x"":292,""y"":548,""t"":2190},{""x"":364,""y"":552,""t"":2211},{""x"":663,""y"":535,""t"":2296},{""x"":924,""y"":524,""t"":2313},{""x"":1079,""y"":529,""t"":2393},{""x"":1186,""y"":568,""t"":2446},{""x"":1272,""y"":603,""t"":2461},{""x"":1332,""y"":628,""t"":2538},{""x"":1377,""y"":651,""t"":2555},{""x"":1478,""y"":654,""t"":2634},{""x"":1525,""y"":647,""t"":2691},{""x"":1539,""y"":618,""t"":2748},{""x"":1545,""y"":593,""t"":2762},{""x"":1396,""y"":556,""t"":2842},{""x"":1353,""y"":538,""t"":2859},{""x"":1286,""y"":545,""t"":2939},{""x"":1303,""y"":593,""t"":2960},{""x"":1289,""y"":615,""t"":3042},{""x"":1340,""y"":643,""t"":3061},{""x"":1159,""y"":704,""t"":3143},{""x"":1004,""y"":756,""t"":3163},{""x"":908,""y"":787,""t"":3242},{""x"":831,""y"":810,""t"":3265},{""x"":738,""y"":842,""t"":3347},{""x"":681,""y"":849,""t"":3367},{""x"":626,""y"":853,""t"":3447},{""x"":585,""y"":853,""t"":3469},{""x"":542,""y"":778,""t"":3549},{""x"":512,""y"":712,""t"":3571},{""x"":452,""y"":689,""t"":3658},{""x"":407,""y"":671,""t"":3672},{""x"":588,""y"":592,""t"":3754},{""x"":561,""y"":553,""t"":3805},{""x"":540,""y"":522,""t"":3820},{""x"":616,""y"":493,""t"":3900},{""x"":750,""y"":452,""t"":3916},{""x"":900,""y"":495,""t"":3996},{""x"":1100,""y"":532,""t"":4013},{""x"":1221,""y"":542,""t"":4094},{""x"":1317,""y"":552,""t"":4115},{""x"":1473,""y"":541,""t"":4192},{""x"":1536,""y"":565,""t"":4243},{""x"":1560,""y"":576,""t"":4261},{""x"":1463,""y"":554,""t"":4340},{""x"":1372,""y"":535,""t"":4356},{""x"":1218,""y"":589,""t"":4436},{""x"":1113,""y"":634,""t"":4455},{""x"":962,""y"":628,""t"":4533},{""x"":843,""y"":632,""t"":4556},{""x"":883,""y"":631,""t"":4638},{""x"":903,""y"":662,""t"":4689},{""x"":925,""y"":688,""t"":4704},{""x"":952,""y"":619,""t"":4784},{""x"":977,""y"":560,""t"":4798},{""x"":898,""y"":522,""t"":4880},{""x"":832,""y"":490,""t"":4896},{""x"":787,""y"":444,""t"":4976},{""x"":752,""y"":406,""t"":4999},{""x"":754,""y"":388,""t"":5082},{""x"":759,""y"":375,""t"":5101},{""x"":818,""y"":387,""t"":5182},{""x"":867,""y"":378,""t"":5234},{""x"":909,""y"":372,""t"":5249},{""x"":950,""y"":387,""t"":5332},{""x"":985,""y"":403,""t"":5346},{""x"":961,""y"":406,""t"":5427},{""x"":940,""y"":410,""t"":5442},{""x"":949,""y"":393,""t"":5525},{""x"":956,""y"":379,""t"":5542},{""x"":1014,""y"":472,""t"":5625},{""x"":1217,""y"":475,""t"":5644},{""x"":1351,""y"":544,""t"":5726},{""x"":1461,""y"":601,""t"":5746},{""x"":1612,""y"":589,""t"":5827},{""x"":1733,""y"":576,""t"":5849},{""x"":1631,""y"":596,""t"":5936},{""x"":1546,""y"":615,""t"":5951}]",{},j,0.4,0.3,0.78,0.21000000000000002,0.78,0.4,0.21000000000000002,0.3,experimental,exp_111,"{""durations"":[1000,1500,1000,1500],""alternatives"":[""all"",""all"",""all"",""all""],""attributes"":[""p"",""m"",""p"",""m""]}",0,0.78,0.21000000000000002,1920,1080,"""","""","""","""","""","""",2021-06-16 16:45:48,,"Mozilla/5.0 (Windows NT 10.0; Win64; x64) AppleWebKit/537.36 (KHTML, like Gecko) Chrome/91.0.4472.106 Safari/537.36",WebKit,Chrome,91.0.4472.106,Windows,10.0
241,248,1,"""","""","""","""","""",html-keyboard-response,241,1367669,0.0-18.0-1.0-1.32,main,29KKCMFL,1920,1080,exp_98,0.262294910469391,4.9,,"<p style=""font-size:40px;"">+</p>",,"""","""","""","""","[{""x"":1375,""y"":661,""t"":-17},{""x"":1221,""y"":684,""t"":0},{""x"":1107,""y"":662,""t"":95},{""x"":1025,""y"":617,""t"":111},{""x"":1034,""y"":676,""t"":195},{""x"":1046,""y"":725,""t"":212},{""x"":1045,""y"":731,""t"":295},{""x"":1086,""y"":724,""t"":311},{""x"":1090,""y"":692,""t"":396},{""x"":1100,""y"":693,""t"":412}]",{},"""","""","""","""","""","""","""","""","""","""","""","""","""","""","""","""","""","""","""","""","""","""","""",2021-06-16 16:45:48,,"Mozilla/5.0 (Windows NT 10.0; Win64; x64) AppleWebKit/537.36 (KHTML, like Gecko) Chrome/91.0.4472.106 Safari/537.36",WebKit,Chrome,91.0.4472.106,Windows,10.0
242,248,1,"""","""","""","""","""",two-gamble-sequence,242,1373752,0.0-18.0-1.0-2.32,main,29KKCMFL,1920,1080,exp_98,0.262294910469391,4.9,397.60000002384186,"""","""","""","""","""","""","[{""x"":1141,""y"":712,""t"":-18},{""x"":1176,""y"":727,""t"":0},{""x"":1282,""y"":668,""t"":90},{""x"":1435,""y"":617,""t"":106},{""x"":1451,""y"":604,""t"":215},{""x"":1441,""y"":588,""t"":238},{""x"":1339,""y"":591,""t"":342},{""x"":1214,""y"":543,""t"":399},{""x"":1126,""y"":539,""t"":415},{""x"":1023,""y"":612,""t"":496},{""x"":938,""y"":676,""t"":512},{""x"":878,""y"":766,""t"":592},{""x"":832,""y"":842,""t"":612},{""x"":745,""y"":832,""t"":695},{""x"":670,""y"":789,""t"":745},{""x"":612,""y"":749,""t"":760},{""x"":568,""y"":782,""t"":841},{""x"":536,""y"":808,""t"":856},{""x"":448,""y"":861,""t"":938},{""x"":379,""y"":904,""t"":953},{""x"":410,""y"":849,""t"":1037},{""x"":467,""y"":806,""t"":1056},{""x"":499,""y"":821,""t"":1140},{""x"":530,""y"":833,""t"":1157},{""x"":489,""y"":793,""t"":1237},{""x"":560,""y"":753,""t"":1290},{""x"":534,""y"":735,""t"":1306},{""x"":566,""y"":749,""t"":1384},{""x"":594,""y"":762,""t"":1400},{""x"":774,""y"":687,""t"":1478},{""x"":938,""y"":647,""t"":1497},{""x"":1234,""y"":614,""t"":1580},{""x"":1401,""y"":600,""t"":1630},{""x"":1526,""y"":575,""t"":1645},{""x"":1585,""y"":528,""t"":1729},{""x"":1623,""y"":491,""t"":1744},{""x"":1570,""y"":473,""t"":1822},{""x"":1555,""y"":470,""t"":1838},{""x"":1548,""y"":481,""t"":1921},{""x"":1535,""y"":493,""t"":1940},{""x"":1556,""y"":502,""t"":2024},{""x"":1569,""y"":511,""t"":2041},{""x"":1623,""y"":532,""t"":2120},{""x"":1596,""y"":533,""t"":2143},{""x"":1610,""y"":518,""t"":2222},{""x"":1636,""y"":507,""t"":2246},{""x"":1614,""y"":493,""t"":2330},{""x"":1592,""y"":483,""t"":2347},{""x"":1550,""y"":515,""t"":2429},{""x"":1513,""y"":543,""t"":2448},{""x"":1518,""y"":570,""t"":2527},{""x"":1549,""y"":589,""t"":2582},{""x"":1575,""y"":604,""t"":2599},{""x"":1619,""y"":619,""t"":2680},{""x"":1626,""y"":583,""t"":2695},{""x"":1629,""y"":595,""t"":2778},{""x"":1631,""y"":604,""t"":2794},{""x"":1397,""y"":596,""t"":2873},{""x"":1197,""y"":588,""t"":2890},{""x"":980,""y"":633,""t"":2970},{""x"":813,""y"":679,""t"":2992},{""x"":701,""y"":726,""t"":3073},{""x"":619,""y"":760,""t"":3126},{""x"":538,""y"":775,""t"":3141},{""x"":540,""y"":827,""t"":3220},{""x"":582,""y"":765,""t"":3237},{""x"":496,""y"":690,""t"":3318},{""x"":430,""y"":626,""t"":3333},{""x"":349,""y"":516,""t"":3414},{""x"":288,""y"":425,""t"":3434},{""x"":331,""y"":372,""t"":3514},{""x"":374,""y"":332,""t"":3536},{""x"":449,""y"":449,""t"":3616},{""x"":492,""y"":500,""t"":3669},{""x"":507,""y"":555,""t"":3685},{""x"":489,""y"":625,""t"":3768},{""x"":473,""y"":684,""t"":3784},{""x"":497,""y"":717,""t"":3866},{""x"":519,""y"":744,""t"":3882},{""x"":650,""y"":757,""t"":3960},{""x"":761,""y"":765,""t"":3980},{""x"":1036,""y"":726,""t"":4063},{""x"":1153,""y"":702,""t"":4082},{""x"":1279,""y"":695,""t"":4160},{""x"":1377,""y"":689,""t"":4183},{""x"":1378,""y"":683,""t"":4264},{""x"":1579,""y"":658,""t"":4286},{""x"":1798,""y"":678,""t"":4367},{""x"":1902,""y"":691,""t"":4419},{""x"":1969,""y"":683,""t"":4436},{""x"":1923,""y"":624,""t"":4490},{""x"":1717,""y"":562,""t"":4572},{""x"":1526,""y"":500,""t"":4591},{""x"":1373,""y"":472,""t"":4673},{""x"":1267,""y"":422,""t"":4693},{""x"":1088,""y"":526,""t"":4773},{""x"":943,""y"":621,""t"":4795},{""x"":880,""y"":696,""t"":4876},{""x"":968,""y"":747,""t"":4927},{""x"":1050,""y"":789,""t"":4942},{""x"":924,""y"":840,""t"":5021},{""x"":820,""y"":880,""t"":5036},{""x"":747,""y"":859,""t"":5117},{""x"":690,""y"":837,""t"":5135},{""x"":662,""y"":811,""t"":5215},{""x"":643,""y"":788,""t"":5237},{""x"":614,""y"":783,""t"":5319},{""x"":587,""y"":787,""t"":5371},{""x"":569,""y"":791,""t"":5386},{""x"":520,""y"":819,""t"":5466},{""x"":481,""y"":843,""t"":5482},{""x"":462,""y"":853,""t"":5567},{""x"":450,""y"":860,""t"":5581},{""x"":782,""y"":821,""t"":5663},{""x"":1048,""y"":766,""t"":5678},{""x"":1205,""y"":739,""t"":5763},{""x"":1289,""y"":699,""t"":5781},{""x"":1462,""y"":637,""t"":5862},{""x"":1601,""y"":587,""t"":5882},{""x"":1542,""y"":564,""t"":5965},{""x"":1466,""y"":572,""t"":5984}]",{},f,0.61,0.22000000000000003,0.29,0.8099999999999999,0.61,0.29,0.22000000000000003,0.8099999999999999,experimental,exp_86,"{""durations"":[1000,1500,1000,1500],""alternatives"":[0,1,0,1],""attributes"":[""all"",""all"",""all"",""all""]}",0,0.61,0.22000000000000003,1920,1080,"""","""","""","""","""","""",2021-06-16 16:45:48,,"Mozilla/5.0 (Windows NT 10.0; Win64; x64) AppleWebKit/537.36 (KHTML, like Gecko) Chrome/91.0.4472.106 Safari/537.36",WebKit,Chrome,91.0.4472.106,Windows,10.0
243,248,1,"""","""","""","""","""",html-keyboard-response,243,1374263,0.0-18.0-1.0-1.33,main,29KKCMFL,1920,1080,exp_98,0.262294910469391,4.9,,"<p style=""font-size:40px;"">+</p>",,"""","""","""","""","[{""x"":1426,""y"":584,""t"":-17},{""x"":1370,""y"":609,""t"":0},{""x"":1256,""y"":632,""t"":98},{""x"":1156,""y"":653,""t"":113},{""x"":1051,""y"":681,""t"":195},{""x"":964,""y"":704,""t"":211},{""x"":918,""y"":756,""t"":296},{""x"":882,""y"":798,""t"":312},{""x"":824,""y"":823,""t"":395},{""x"":778,""y"":842,""t"":411}]",{},"""","""","""","""","""","""","""","""","""","""","""","""","""","""","""","""","""","""","""","""","""","""","""",2021-06-16 16:45:48,,"Mozilla/5.0 (Windows NT 10.0; Win64; x64) AppleWebKit/537.36 (KHTML, like Gecko) Chrome/91.0.4472.106 Safari/537.36",WebKit,Chrome,91.0.4472.106,Windows,10.0
244,248,1,"""","""","""","""","""",two-gamble-sequence,244,1380756,0.0-18.0-1.0-2.33,main,29KKCMFL,1920,1080,exp_98,0.262294910469391,4.9,749.1999999284744,"""","""","""","""","""","""","[{""x"":774,""y"":831,""t"":-18},{""x"":775,""y"":820,""t"":0},{""x"":841,""y"":923,""t"":116},{""x"":901,""y"":1009,""t"":137},{""x"":995,""y"":988,""t"":257},{""x"":1075,""y"":966,""t"":272},{""x"":927,""y"":942,""t"":354},{""x"":877,""y"":895,""t"":375},{""x"":947,""y"":814,""t"":455},{""x"":994,""y"":742,""t"":507},{""x"":1025,""y"":670,""t"":524},{""x"":1074,""y"":637,""t"":602},{""x"":1114,""y"":611,""t"":617},{""x"":949,""y"":630,""t"":697},{""x"":881,""y"":616,""t"":714},{""x"":741,""y"":592,""t"":797},{""x"":636,""y"":533,""t"":816},{""x"":564,""y"":514,""t"":900},{""x"":508,""y"":501,""t"":918},{""x"":436,""y"":454,""t"":997},{""x"":383,""y"":573,""t"":1021},{""x"":380,""y"":596,""t"":1098},{""x"":395,""y"":593,""t"":1122},{""x"":372,""y"":600,""t"":1201},{""x"":363,""y"":574,""t"":1225},{""x"":422,""y"":531,""t"":1307},{""x"":476,""y"":495,""t"":1326},{""x"":488,""y"":445,""t"":1404},{""x"":537,""y"":411,""t"":1456},{""x"":509,""y"":388,""t"":1471},{""x"":414,""y"":300,""t"":1548},{""x"":334,""y"":229,""t"":1565},{""x"":234,""y"":260,""t"":1646},{""x"":291,""y"":407,""t"":1700},{""x"":271,""y"":515,""t"":1756},{""x"":257,""y"":607,""t"":1771},{""x"":356,""y"":733,""t"":1851},{""x"":476,""y"":850,""t"":1872},{""x"":774,""y"":899,""t"":1951},{""x"":1139,""y"":939,""t"":2003},{""x"":1420,""y"":890,""t"":2019},{""x"":1545,""y"":783,""t"":2098},{""x"":1619,""y"":664,""t"":2114},{""x"":1689,""y"":604,""t"":2195},{""x"":1734,""y"":554,""t"":2211},{""x"":1718,""y"":515,""t"":2290},{""x"":1693,""y"":483,""t"":2314},{""x"":1636,""y"":447,""t"":2392},{""x"":1578,""y"":420,""t"":2444},{""x"":1522,""y"":400,""t"":2459},{""x"":1442,""y"":360,""t"":2542},{""x"":1371,""y"":329,""t"":2556},{""x"":1366,""y"":451,""t"":2638},{""x"":1434,""y"":539,""t"":2654},{""x"":1411,""y"":641,""t"":2734},{""x"":1429,""y"":734,""t"":2786},{""x"":1444,""y"":810,""t"":2802},{""x"":1393,""y"":850,""t"":2886},{""x"":1349,""y"":881,""t"":2901},{""x"":1361,""y"":806,""t"":2984},{""x"":1422,""y"":734,""t"":2998},{""x"":1423,""y"":711,""t"":3078},{""x"":1389,""y"":690,""t"":3094},{""x"":1189,""y"":682,""t"":3177},{""x"":1049,""y"":687,""t"":3196},{""x"":890,""y"":785,""t"":3275},{""x"":816,""y"":859,""t"":3299},{""x"":719,""y"":865,""t"":3377},{""x"":545,""y"":759,""t"":3433},{""x"":464,""y"":659,""t"":3448},{""x"":436,""y"":663,""t"":3529},{""x"":423,""y"":667,""t"":3545},{""x"":339,""y"":569,""t"":3624},{""x"":333,""y"":488,""t"":3638},{""x"":322,""y"":517,""t"":3722},{""x"":320,""y"":546,""t"":3741},{""x"":319,""y"":513,""t"":3821},{""x"":324,""y"":486,""t"":3843},{""x"":348,""y"":497,""t"":3923},{""x"":372,""y"":509,""t"":3945},{""x"":396,""y"":549,""t"":4026},{""x"":473,""y"":616,""t"":4076},{""x"":569,""y"":689,""t"":4091},{""x"":483,""y"":675,""t"":4175},{""x"":408,""y"":661,""t"":4190},{""x"":390,""y"":693,""t"":4272},{""x"":375,""y"":720,""t"":4288},{""x"":515,""y"":708,""t"":4368},{""x"":660,""y"":676,""t"":4386},{""x"":815,""y"":685,""t"":4464},{""x"":950,""y"":695,""t"":4517},{""x"":1060,""y"":702,""t"":4532},{""x"":1205,""y"":746,""t"":4613},{""x"":1320,""y"":782,""t"":4628},{""x"":1374,""y"":793,""t"":4705},{""x"":1379,""y"":779,""t"":4726},{""x"":1389,""y"":801,""t"":4813},{""x"":1390,""y"":819,""t"":4829},{""x"":1376,""y"":702,""t"":4913},{""x"":1359,""y"":602,""t"":4930},{""x"":1335,""y"":517,""t"":5012},{""x"":1312,""y"":447,""t"":5032},{""x"":1313,""y"":427,""t"":5114},{""x"":1312,""y"":413,""t"":5135},{""x"":1398,""y"":428,""t"":5219},{""x"":1462,""y"":366,""t"":5236},{""x"":1433,""y"":369,""t"":5317},{""x"":1391,""y"":372,""t"":5367},{""x"":1338,""y"":392,""t"":5382},{""x"":1101,""y"":480,""t"":5462},{""x"":961,""y"":531,""t"":5478},{""x"":854,""y"":543,""t"":5559},{""x"":795,""y"":501,""t"":5577},{""x"":754,""y"":542,""t"":5659},{""x"":684,""y"":599,""t"":5679},{""x"":704,""y"":702,""t"":5757},{""x"":728,""y"":788,""t"":5781},{""x"":688,""y"":754,""t"":5861},{""x"":657,""y"":721,""t"":5883},{""x"":629,""y"":753,""t"":5969},{""x"":609,""y"":779,""t"":5985},{""x"":623,""y"":705,""t"":6065},{""x"":644,""y"":676,""t"":6087},{""x"":672,""y"":654,""t"":6169},{""x"":801,""y"":603,""t"":6189},{""x"":809,""y"":622,""t"":6270},{""x"":814,""y"":640,""t"":6291},{""x"":1080,""y"":657,""t"":6373},{""x"":1306,""y"":673,""t"":6393}]",{},f,0.49,0.6900000000000001,0.32,0.82,0.49,0.32,0.6900000000000001,0.82,experimental,exp_48,"{""durations"":[1500,1000,1500,1000],""alternatives"":[0,1,0,1],""attributes"":[""all"",""all"",""all"",""all""]}",0,0.49,0.6900000000000001,1920,1080,"""","""","""","""","""","""",2021-06-16 16:45:48,,"Mozilla/5.0 (Windows NT 10.0; Win64; x64) AppleWebKit/537.36 (KHTML, like Gecko) Chrome/91.0.4472.106 Safari/537.36",WebKit,Chrome,91.0.4472.106,Windows,10.0
245,248,1,"""","""","""","""","""",html-keyboard-response,245,1381292,0.0-18.0-1.0-1.34,main,29KKCMFL,1920,1080,exp_98,0.262294910469391,4.9,,"<p style=""font-size:40px;"">+</p>",,"""","""","""","""","[{""x"":1366,""y"":714,""t"":-16},{""x"":1520,""y"":735,""t"":0},{""x"":1581,""y"":796,""t"":107},{""x"":1621,""y"":794,""t"":169},{""x"":1572,""y"":789,""t"":185},{""x"":1330,""y"":809,""t"":235},{""x"":1216,""y"":816,""t"":285},{""x"":1101,""y"":776,""t"":370},{""x"":1005,""y"":741,""t"":385},{""x"":939,""y"":713,""t"":469}]",{},"""","""","""","""","""","""","""","""","""","""","""","""","""","""","""","""","""","""","""","""","""","""","""",2021-06-16 16:45:48,,"Mozilla/5.0 (Windows NT 10.0; Win64; x64) AppleWebKit/537.36 (KHTML, like Gecko) Chrome/91.0.4472.106 Safari/537.36",WebKit,Chrome,91.0.4472.106,Windows,10.0
246,248,1,"""","""","""","""","""",two-gamble-sequence,246,1387420,0.0-18.0-1.0-2.34,main,29KKCMFL,1920,1080,exp_98,0.262294910469391,4.9,389.89999997615814,"""","""","""","""","""","""","[{""x"":845,""y"":686,""t"":-51},{""x"":560,""y"":739,""t"":0},{""x"":509,""y"":675,""t"":79},{""x"":532,""y"":633,""t"":137},{""x"":722,""y"":627,""t"":247},{""x"":908,""y"":689,""t"":306},{""x"":1152,""y"":689,""t"":358},{""x"":1272,""y"":642,""t"":374},{""x"":1287,""y"":587,""t"":455},{""x"":1295,""y"":560,""t"":477},{""x"":1163,""y"":615,""t"":557},{""x"":1045,""y"":664,""t"":579},{""x"":896,""y"":672,""t"":660},{""x"":775,""y"":684,""t"":681},{""x"":652,""y"":682,""t"":759},{""x"":825,""y"":686,""t"":813},{""x"":961,""y"":649,""t"":829},{""x"":1115,""y"":647,""t"":911},{""x"":1256,""y"":631,""t"":926},{""x"":1363,""y"":666,""t"":1009},{""x"":1491,""y"":672,""t"":1026},{""x"":1549,""y"":658,""t"":1114},{""x"":1629,""y"":662,""t"":1130},{""x"":1647,""y"":633,""t"":1209},{""x"":1655,""y"":609,""t"":1225},{""x"":1656,""y"":541,""t"":1305},{""x"":1652,""y"":484,""t"":1327},{""x"":1462,""y"":453,""t"":1408},{""x"":1296,""y"":430,""t"":1429},{""x"":933,""y"":420,""t"":1511},{""x"":627,""y"":415,""t"":1531},{""x"":447,""y"":364,""t"":1610},{""x"":344,""y"":329,""t"":1661},{""x"":355,""y"":299,""t"":1677},{""x"":435,""y"":210,""t"":1756},{""x"":632,""y"":129,""t"":1772},{""x"":740,""y"":97,""t"":1852},{""x"":836,""y"":75,""t"":1870},{""x"":996,""y"":41,""t"":1953},{""x"":1093,""y"":30,""t"":1972},{""x"":1232,""y"":-11,""t"":2052},{""x"":1345,""y"":-42,""t"":2074},{""x"":1380,""y"":2,""t"":2156},{""x"":1524,""y"":-3,""t"":2208},{""x"":1534,""y"":41,""t"":2224},{""x"":1624,""y"":60,""t"":2307},{""x"":1694,""y"":78,""t"":2321},{""x"":1729,""y"":79,""t"":2403},{""x"":1752,""y"":81,""t"":2418},{""x"":1647,""y"":110,""t"":2497},{""x"":1604,""y"":214,""t"":2516},{""x"":1293,""y"":304,""t"":2598},{""x"":1032,""y"":370,""t"":2618},{""x"":843,""y"":420,""t"":2700},{""x"":689,""y"":460,""t"":2720},{""x"":663,""y"":490,""t"":2803},{""x"":602,""y"":433,""t"":2822},{""x"":424,""y"":380,""t"":2901},{""x"":346,""y"":436,""t"":2956},{""x"":277,""y"":483,""t"":2973},{""x"":246,""y"":528,""t"":3022},{""x"":218,""y"":586,""t"":3071},{""x"":378,""y"":658,""t"":3152},{""x"":526,""y"":685,""t"":3167},{""x"":750,""y"":701,""t"":3250},{""x"":877,""y"":702,""t"":3266},{""x"":1043,""y"":731,""t"":3348},{""x"":1059,""y"":724,""t"":3367},{""x"":1124,""y"":752,""t"":3447},{""x"":1127,""y"":690,""t"":3499},{""x"":1172,""y"":724,""t"":3514},{""x"":1396,""y"":651,""t"":3593},{""x"":1581,""y"":587,""t"":3610},{""x"":1673,""y"":690,""t"":3694},{""x"":1741,""y"":778,""t"":3710},{""x"":1643,""y"":734,""t"":3792},{""x"":1584,""y"":725,""t"":3809},{""x"":1437,""y"":696,""t"":3890},{""x"":1307,""y"":670,""t"":3911},{""x"":1201,""y"":647,""t"":3991},{""x"":1099,""y"":612,""t"":4046},{""x"":1016,""y"":576,""t"":4061},{""x"":916,""y"":532,""t"":4110},{""x"":835,""y"":495,""t"":4159},{""x"":679,""y"":481,""t"":4242},{""x"":540,""y"":442,""t"":4257},{""x"":415,""y"":435,""t"":4340},{""x"":318,""y"":431,""t"":4356},{""x"":393,""y"":430,""t"":4441},{""x"":467,""y"":432,""t"":4455},{""x"":459,""y"":418,""t"":4538},{""x"":424,""y"":368,""t"":4557},{""x"":632,""y"":309,""t"":4640},{""x"":813,""y"":261,""t"":4659},{""x"":944,""y"":224,""t"":4747},{""x"":1052,""y"":197,""t"":4762},{""x"":1177,""y"":183,""t"":4848},{""x"":1277,""y"":174,""t"":4863},{""x"":1193,""y"":172,""t"":4949},{""x"":1173,""y"":177,""t"":4964},{""x"":1135,""y"":216,""t"":5050},{""x"":1038,""y"":260,""t"":5068},{""x"":920,""y"":372,""t"":5150},{""x"":818,""y"":468,""t"":5169},{""x"":791,""y"":492,""t"":5251},{""x"":771,""y"":510,""t"":5271},{""x"":824,""y"":522,""t"":5350},{""x"":872,""y"":528,""t"":5374},{""x"":845,""y"":508,""t"":5455},{""x"":807,""y"":557,""t"":5475},{""x"":809,""y"":602,""t"":5556},{""x"":942,""y"":624,""t"":5610},{""x"":1126,""y"":582,""t"":5666},{""x"":1275,""y"":560,""t"":5681},{""x"":1354,""y"":609,""t"":5763},{""x"":1430,""y"":624,""t"":5781},{""x"":1329,""y"":661,""t"":5862},{""x"":1209,""y"":659,""t"":5914},{""x"":1022,""y"":698,""t"":5929},{""x"":935,""y"":730,""t"":6010},{""x"":863,""y"":756,""t"":6025}]",{},f,0.49,0.42000000000000004,0.22,0.79,0.49,0.22,0.42000000000000004,0.79,experimental,exp_119,"{""durations"":[1000,1500,1000,1500],""alternatives"":[""all"",""all"",""all"",""all""],""attributes"":[""p"",""m"",""p"",""m""]}",0,0.49,0.42000000000000004,1920,1080,"""","""","""","""","""","""",2021-06-16 16:45:48,,"Mozilla/5.0 (Windows NT 10.0; Win64; x64) AppleWebKit/537.36 (KHTML, like Gecko) Chrome/91.0.4472.106 Safari/537.36",WebKit,Chrome,91.0.4472.106,Windows,10.0
247,248,1,"""","""","""","""","""",html-keyboard-response,247,1413911,0.0-18.0-1.0-0.35-0.35,main,29KKCMFL,1920,1080,exp_98,0.262294910469391,4.9,26489.200000047684,"
            <div style=""max-width: 800px"">
            <h1><img src=""icons/tea-hot_inv.png"", width=""50""/><br><br>Short break</h1>
            <p>Great job! Take a short break to make sure that you are focused for the next set of trials, but try to keep your head in position.</p>
            <p>Press the <strong><em>SPACE BAR</em></strong> when you are ready to continue.</p>
            </div>", ,"""","""","""","""","""","""","""","""","""","""","""","""","""","""","""","""","""","""","""","""","""","""","""","""","""","""","""","""","""",2021-06-16 16:45:48,,"Mozilla/5.0 (Windows NT 10.0; Win64; x64) AppleWebKit/537.36 (KHTML, like Gecko) Chrome/91.0.4472.106 Safari/537.36",WebKit,Chrome,91.0.4472.106,Windows,10.0
248,248,1,"""","""","""","""","""",call-function,248,1413912,0.0-18.0-1.0-0.35-1.35,main,29KKCMFL,1920,1080,exp_98,0.262294910469391,4.9,"""","""","""","""","""","""","""","""","""","""","""","""","""","""","""","""","""","""","""","""","""","""","""","""","""","""","""","""","""","""","""","""",2021-06-16 16:45:48,,"Mozilla/5.0 (Windows NT 10.0; Win64; x64) AppleWebKit/537.36 (KHTML, like Gecko) Chrome/91.0.4472.106 Safari/537.36",WebKit,Chrome,91.0.4472.106,Windows,10.0
249,248,1,"""","""","""","""","""",html-keyboard-response,249,1418914,0.0-18.0-1.0-0.35-2.35,main,29KKCMFL,1920,1080,exp_98,0.262294910469391,4.9,,"
            <div style=""max-width: 800px"">
            <h1><img src=""icons/timer_inv.png"", width=""50""/><br><br><span id=""timer"">Get ready!</span></h1>
            </div>",,"""","""","""","""","""","""","""","""","""","""","""","""","""","""","""","""","""","""","""","""","""","""","""","""","""","""","""","""","""",2021-06-16 16:45:48,,"Mozilla/5.0 (Windows NT 10.0; Win64; x64) AppleWebKit/537.36 (KHTML, like Gecko) Chrome/91.0.4472.106 Safari/537.36",WebKit,Chrome,91.0.4472.106,Windows,10.0
250,248,1,"""","""","""","""","""",html-keyboard-response,250,1421457,0.0-18.0-1.0-1.35,main,29KKCMFL,1920,1080,exp_98,0.262294910469391,4.9,,"<p style=""font-size:40px;"">+</p>",,"""","""","""","""","[{""x"":971,""y"":603,""t"":0},{""x"":856,""y"":545,""t"":62},{""x"":759,""y"":497,""t"":78},{""x"":613,""y"":405,""t"":163},{""x"":492,""y"":328,""t"":181},{""x"":431,""y"":278,""t"":270},{""x"":366,""y"":256,""t"":286},{""x"":393,""y"":272,""t"":337},{""x"":404,""y"":241,""t"":384},{""x"":468,""y"":292,""t"":475}]",{},"""","""","""","""","""","""","""","""","""","""","""","""","""","""","""","""","""","""","""","""","""","""","""",2021-06-16 16:45:48,,"Mozilla/5.0 (Windows NT 10.0; Win64; x64) AppleWebKit/537.36 (KHTML, like Gecko) Chrome/91.0.4472.106 Safari/537.36",WebKit,Chrome,91.0.4472.106,Windows,10.0
251,248,1,"""","""","""","""","""",two-gamble-sequence,251,1427637,0.0-18.0-1.0-2.35,main,29KKCMFL,1920,1080,exp_98,0.262294910469391,4.9,484.7000000476837,"""","""","""","""","""","""","[{""x"":671,""y"":332,""t"":-52},{""x"":868,""y"":372,""t"":0},{""x"":1036,""y"":505,""t"":120},{""x"":1180,""y"":646,""t"":144},{""x"":1265,""y"":726,""t"":253},{""x"":1329,""y"":789,""t"":273},{""x"":1256,""y"":764,""t"":356},{""x"":1160,""y"":746,""t"":376},{""x"":1124,""y"":709,""t"":455},{""x"":1050,""y"":688,""t"":477},{""x"":1127,""y"":661,""t"":558},{""x"":1191,""y"":636,""t"":579},{""x"":1232,""y"":632,""t"":661},{""x"":1252,""y"":608,""t"":714},{""x"":1301,""y"":568,""t"":766},{""x"":1340,""y"":534,""t"":782},{""x"":1378,""y"":532,""t"":864},{""x"":1384,""y"":563,""t"":885},{""x"":1425,""y"":552,""t"":969},{""x"":1442,""y"":573,""t"":987},{""x"":1434,""y"":483,""t"":1071},{""x"":1423,""y"":407,""t"":1090},{""x"":1416,""y"":318,""t"":1167},{""x"":1384,""y"":207,""t"":1219},{""x"":1355,""y"":116,""t"":1237},{""x"":1361,""y"":220,""t"":1317},{""x"":1356,""y"":275,""t"":1333},{""x"":1324,""y"":366,""t"":1415},{""x"":1309,""y"":457,""t"":1431},{""x"":1245,""y"":493,""t"":1512},{""x"":1192,""y"":522,""t"":1531},{""x"":1206,""y"":548,""t"":1612},{""x"":1038,""y"":616,""t"":1663},{""x"":897,""y"":672,""t"":1679},{""x"":684,""y"":716,""t"":1759},{""x"":509,""y"":750,""t"":1774},{""x"":291,""y"":693,""t"":1855},{""x"":117,""y"":642,""t"":1871},{""x"":79,""y"":620,""t"":1956},{""x"":61,""y"":600,""t"":1974},{""x"":140,""y"":534,""t"":2055},{""x"":217,""y"":477,""t"":2074},{""x"":295,""y"":505,""t"":2157},{""x"":324,""y"":503,""t"":2177},{""x"":312,""y"":540,""t"":2257},{""x"":304,""y"":573,""t"":2279},{""x"":330,""y"":594,""t"":2357},{""x"":353,""y"":612,""t"":2380},{""x"":366,""y"":620,""t"":2462},{""x"":333,""y"":624,""t"":2516},{""x"":300,""y"":644,""t"":2530},{""x"":334,""y"":651,""t"":2580},{""x"":296,""y"":662,""t"":2628},{""x"":307,""y"":607,""t"":2710},{""x"":317,""y"":559,""t"":2726},{""x"":592,""y"":549,""t"":2809},{""x"":826,""y"":540,""t"":2824},{""x"":1068,""y"":530,""t"":2905},{""x"":1267,""y"":523,""t"":2924},{""x"":1381,""y"":531,""t"":3005},{""x"":1520,""y"":554,""t"":3026},{""x"":1526,""y"":563,""t"":3104},{""x"":1560,""y"":572,""t"":3161},{""x"":1579,""y"":579,""t"":3177},{""x"":1523,""y"":567,""t"":3258},{""x"":1467,""y"":556,""t"":3273},{""x"":1407,""y"":514,""t"":3356},{""x"":1351,""y"":479,""t"":3371},{""x"":1352,""y"":480,""t"":3451},{""x"":1339,""y"":455,""t"":3468},{""x"":1445,""y"":461,""t"":3551},{""x"":1495,""y"":510,""t"":3605},{""x"":1581,""y"":485,""t"":3659},{""x"":1657,""y"":544,""t"":3675},{""x"":1407,""y"":568,""t"":3755},{""x"":1325,""y"":592,""t"":3775},{""x"":1141,""y"":584,""t"":3856},{""x"":986,""y"":576,""t"":3876},{""x"":839,""y"":528,""t"":3962},{""x"":748,""y"":548,""t"":3978},{""x"":627,""y"":542,""t"":4058},{""x"":509,""y"":514,""t"":4113},{""x"":418,""y"":491,""t"":4127},{""x"":478,""y"":446,""t"":4205},{""x"":465,""y"":419,""t"":4221},{""x"":372,""y"":486,""t"":4302},{""x"":337,""y"":433,""t"":4319},{""x"":317,""y"":350,""t"":4398},{""x"":407,""y"":338,""t"":4450},{""x"":492,""y"":354,""t"":4464},{""x"":672,""y"":438,""t"":4544},{""x"":826,""y"":512,""t"":4559},{""x"":995,""y"":540,""t"":4643},{""x"":1061,""y"":625,""t"":4659},{""x"":1130,""y"":647,""t"":4739},{""x"":1123,""y"":733,""t"":4791},{""x"":1111,""y"":803,""t"":4805},{""x"":1007,""y"":761,""t"":4886},{""x"":913,""y"":721,""t"":4904},{""x"":818,""y"":750,""t"":4985},{""x"":737,""y"":773,""t"":5000},{""x"":653,""y"":761,""t"":5083},{""x"":584,""y"":749,""t"":5100},{""x"":573,""y"":751,""t"":5182},{""x"":643,""y"":746,""t"":5234},{""x"":706,""y"":741,""t"":5249},{""x"":661,""y"":704,""t"":5329},{""x"":623,""y"":672,""t"":5344},{""x"":643,""y"":735,""t"":5427},{""x"":663,""y"":789,""t"":5442},{""x"":664,""y"":738,""t"":5523},{""x"":666,""y"":693,""t"":5542},{""x"":704,""y"":691,""t"":5633},{""x"":754,""y"":677,""t"":5656},{""x"":796,""y"":666,""t"":5714},{""x"":783,""y"":616,""t"":5814},{""x"":784,""y"":544,""t"":5873},{""x"":784,""y"":484,""t"":5889},{""x"":798,""y"":403,""t"":5971},{""x"":817,""y"":391,""t"":5987},{""x"":903,""y"":486,""t"":6068},{""x"":939,""y"":544,""t"":6086}]",{},f,0.28,0.79,0.22,0.41,0.22,0.28,0.41,0.79,experimental,catch_14,"{""durations"":[1250,1250,1250,1250],""attributes"":[""all"",""all"",""all"",""all""],""alternatives"":[0,1,0,1]}",1,0.28,0.79,1920,1080,"""","""","""","""","""","""",2021-06-16 16:45:48,,"Mozilla/5.0 (Windows NT 10.0; Win64; x64) AppleWebKit/537.36 (KHTML, like Gecko) Chrome/91.0.4472.106 Safari/537.36",WebKit,Chrome,91.0.4472.106,Windows,10.0
252,248,1,"""","""","""","""","""",html-keyboard-response,252,1428177,0.0-18.0-1.0-1.36,main,29KKCMFL,1920,1080,exp_98,0.262294910469391,4.9,,"<p style=""font-size:40px;"">+</p>",,"""","""","""","""","[{""x"":1177,""y"":716,""t"":-17},{""x"":1395,""y"":867,""t"":0},{""x"":1496,""y"":927,""t"":94},{""x"":1583,""y"":972,""t"":109},{""x"":1602,""y"":946,""t"":191},{""x"":1608,""y"":919,""t"":205},{""x"":1482,""y"":885,""t"":282},{""x"":1402,""y"":770,""t"":335},{""x"":1451,""y"":688,""t"":350},{""x"":1329,""y"":569,""t"":431},{""x"":1211,""y"":495,""t"":447}]",{},"""","""","""","""","""","""","""","""","""","""","""","""","""","""","""","""","""","""","""","""","""","""","""",2021-06-16 16:45:48,,"Mozilla/5.0 (Windows NT 10.0; Win64; x64) AppleWebKit/537.36 (KHTML, like Gecko) Chrome/91.0.4472.106 Safari/537.36",WebKit,Chrome,91.0.4472.106,Windows,10.0
253,248,1,"""","""","""","""","""",two-gamble-sequence,253,1434285,0.0-18.0-1.0-2.36,main,29KKCMFL,1920,1080,exp_98,0.262294910469391,4.9,495,"""","""","""","""","""","""","[{""x"":1144,""y"":510,""t"":-15},{""x"":952,""y"":494,""t"":0},{""x"":874,""y"":542,""t"":97},{""x"":804,""y"":624,""t"":121},{""x"":735,""y"":686,""t"":178},{""x"":684,""y"":739,""t"":245},{""x"":636,""y"":802,""t"":336},{""x"":601,""y"":854,""t"":352},{""x"":736,""y"":848,""t"":433},{""x"":857,""y"":840,""t"":448},{""x"":716,""y"":839,""t"":533},{""x"":597,""y"":837,""t"":549},{""x"":621,""y"":760,""t"":636},{""x"":645,""y"":693,""t"":652},{""x"":676,""y"":669,""t"":742},{""x"":705,""y"":649,""t"":759},{""x"":739,""y"":608,""t"":848},{""x"":773,""y"":596,""t"":864},{""x"":818,""y"":558,""t"":953},{""x"":860,""y"":559,""t"":1006},{""x"":996,""y"":521,""t"":1023},{""x"":994,""y"":457,""t"":1104},{""x"":1001,""y"":419,""t"":1155},{""x"":913,""y"":373,""t"":1171},{""x"":850,""y"":349,""t"":1221},{""x"":795,""y"":332,""t"":1270},{""x"":916,""y"":390,""t"":1347},{""x"":1065,""y"":444,""t"":1363},{""x"":1145,""y"":489,""t"":1440},{""x"":1252,""y"":551,""t"":1463},{""x"":1322,""y"":586,""t"":1540},{""x"":1416,""y"":656,""t"":1597},{""x"":1441,""y"":723,""t"":1612},{""x"":1438,""y"":660,""t"":1663},{""x"":1403,""y"":588,""t"":1711},{""x"":1240,""y"":523,""t"":1792},{""x"":1099,""y"":467,""t"":1807},{""x"":875,""y"":516,""t"":1886},{""x"":687,""y"":560,""t"":1905},{""x"":492,""y"":623,""t"":1984},{""x"":334,""y"":677,""t"":2008},{""x"":348,""y"":709,""t"":2088},{""x"":280,""y"":706,""t"":2141},{""x"":382,""y"":746,""t"":2155},{""x"":428,""y"":794,""t"":2239},{""x"":473,""y"":834,""t"":2253},{""x"":528,""y"":834,""t"":2334},{""x"":579,""y"":832,""t"":2349},{""x"":615,""y"":778,""t"":2431},{""x"":646,""y"":730,""t"":2449},{""x"":655,""y"":685,""t"":2528},{""x"":663,""y"":646,""t"":2551},{""x"":625,""y"":630,""t"":2631},{""x"":775,""y"":620,""t"":2684},{""x"":762,""y"":594,""t"":2699},{""x"":865,""y"":552,""t"":2779},{""x"":1001,""y"":519,""t"":2795},{""x"":1120,""y"":504,""t"":2875},{""x"":1188,""y"":552,""t"":2891},{""x"":1083,""y"":551,""t"":2977},{""x"":987,""y"":551,""t"":2993},{""x"":909,""y"":529,""t"":3072},{""x"":887,""y"":529,""t"":3095},{""x"":916,""y"":489,""t"":3174},{""x"":893,""y"":431,""t"":3233},{""x"":852,""y"":372,""t"":3286},{""x"":844,""y"":340,""t"":3301},{""x"":961,""y"":377,""t"":3383},{""x"":1127,""y"":444,""t"":3401},{""x"":1230,""y"":519,""t"":3482},{""x"":1301,""y"":607,""t"":3534},{""x"":1295,""y"":729,""t"":3549},{""x"":1336,""y"":719,""t"":3630},{""x"":1367,""y"":706,""t"":3645},{""x"":1285,""y"":727,""t"":3726},{""x"":1235,""y"":735,""t"":3741},{""x"":1195,""y"":708,""t"":3826},{""x"":1159,""y"":683,""t"":3842},{""x"":1175,""y"":737,""t"":3924},{""x"":1179,""y"":730,""t"":3978},{""x"":1148,""y"":747,""t"":4035},{""x"":1152,""y"":762,""t"":4050},{""x"":1198,""y"":760,""t"":4138},{""x"":1235,""y"":798,""t"":4154},{""x"":1229,""y"":827,""t"":4241},{""x"":1223,""y"":850,""t"":4258},{""x"":1240,""y"":837,""t"":4338},{""x"":1254,""y"":823,""t"":4354},{""x"":1134,""y"":679,""t"":4437},{""x"":1041,""y"":531,""t"":4455},{""x"":910,""y"":364,""t"":4534},{""x"":801,""y"":226,""t"":4556},{""x"":748,""y"":273,""t"":4636},{""x"":660,""y"":292,""t"":4658},{""x"":558,""y"":325,""t"":4740},{""x"":497,""y"":345,""t"":4794},{""x"":452,""y"":364,""t"":4808},{""x"":407,""y"":411,""t"":4888},{""x"":376,""y"":452,""t"":4904},{""x"":433,""y"":441,""t"":4988},{""x"":489,""y"":432,""t"":5002},{""x"":732,""y"":533,""t"":5084},{""x"":944,""y"":580,""t"":5101},{""x"":1211,""y"":624,""t"":5183},{""x"":1415,""y"":651,""t"":5203},{""x"":1447,""y"":751,""t"":5285},{""x"":1586,""y"":778,""t"":5335},{""x"":1682,""y"":827,""t"":5351},{""x"":1614,""y"":795,""t"":5432},{""x"":1458,""y"":830,""t"":5447},{""x"":1317,""y"":751,""t"":5529},{""x"":1193,""y"":681,""t"":5544},{""x"":1060,""y"":622,""t"":5628},{""x"":949,""y"":572,""t"":5645},{""x"":873,""y"":681,""t"":5726},{""x"":1034,""y"":716,""t"":5747},{""x"":1107,""y"":773,""t"":5829},{""x"":1252,""y"":760,""t"":5882},{""x"":1256,""y"":765,""t"":5896},{""x"":1169,""y"":703,""t"":5946},{""x"":1093,""y"":648,""t"":5997}]",{},j,0.29,0.8099999999999999,0.61,0.22000000000000003,0.61,0.29,0.22000000000000003,0.8099999999999999,experimental,exp_83,"{""durations"":[1000,1500,1000,1500],""alternatives"":[""all"",""all"",""all"",""all""],""attributes"":[""m"",""p"",""m"",""p""]}",0,0.61,0.22000000000000003,1920,1080,"""","""","""","""","""","""",2021-06-16 16:45:48,,"Mozilla/5.0 (Windows NT 10.0; Win64; x64) AppleWebKit/537.36 (KHTML, like Gecko) Chrome/91.0.4472.106 Safari/537.36",WebKit,Chrome,91.0.4472.106,Windows,10.0
254,248,1,"""","""","""","""","""",html-keyboard-response,254,1434860,0.0-18.0-1.0-1.37,main,29KKCMFL,1920,1080,exp_98,0.262294910469391,4.9,,"<p style=""font-size:40px;"">+</p>",,"""","""","""","""","[{""x"":1029,""y"":656,""t"":-32},{""x"":976,""y"":664,""t"":-16},{""x"":1032,""y"":626,""t"":0},{""x"":1180,""y"":619,""t"":150},{""x"":1285,""y"":704,""t"":207},{""x"":1338,""y"":721,""t"":261},{""x"":1220,""y"":848,""t"":275},{""x"":1116,""y"":845,""t"":358},{""x"":978,""y"":872,""t"":375},{""x"":947,""y"":850,""t"":456},{""x"":913,""y"":769,""t"":477}]",{},"""","""","""","""","""","""","""","""","""","""","""","""","""","""","""","""","""","""","""","""","""","""","""",2021-06-16 16:45:48,,"Mozilla/5.0 (Windows NT 10.0; Win64; x64) AppleWebKit/537.36 (KHTML, like Gecko) Chrome/91.0.4472.106 Safari/537.36",WebKit,Chrome,91.0.4472.106,Windows,10.0
255,248,1,"""","""","""","""","""",two-gamble-sequence,255,1440910,0.0-18.0-1.0-2.37,main,29KKCMFL,1920,1080,exp_98,0.262294910469391,4.9,344,"""","""","""","""","""","""","[{""x"":849,""y"":637,""t"":-17},{""x"":798,""y"":526,""t"":0},{""x"":714,""y"":409,""t"":86},{""x"":580,""y"":355,""t"":105},{""x"":461,""y"":329,""t"":171},{""x"":439,""y"":301,""t"":266},{""x"":388,""y"":263,""t"":302},{""x"":351,""y"":235,""t"":352},{""x"":360,""y"":226,""t"":432},{""x"":374,""y"":222,""t"":448},{""x"":383,""y"":256,""t"":531},{""x"":395,""y"":288,""t"":547},{""x"":458,""y"":323,""t"":628},{""x"":534,""y"":386,""t"":646},{""x"":640,""y"":387,""t"":728},{""x"":923,""y"":473,""t"":779},{""x"":1161,""y"":546,""t"":793},{""x"":1396,""y"":581,""t"":872},{""x"":1531,""y"":621,""t"":889},{""x"":1639,""y"":639,""t"":970},{""x"":1719,""y"":651,""t"":987},{""x"":1700,""y"":707,""t"":1071},{""x"":1671,""y"":752,""t"":1089},{""x"":1540,""y"":770,""t"":1167},{""x"":1581,""y"":745,""t"":1190},{""x"":1418,""y"":664,""t"":1269},{""x"":1256,""y"":615,""t"":1322},{""x"":1146,""y"":591,""t"":1339},{""x"":1055,""y"":507,""t"":1418},{""x"":982,""y"":437,""t"":1434},{""x"":1043,""y"":459,""t"":1513},{""x"":1096,""y"":491,""t"":1531},{""x"":1131,""y"":525,""t"":1609},{""x"":1158,""y"":501,""t"":1666},{""x"":1170,""y"":508,""t"":1681},{""x"":993,""y"":453,""t"":1760},{""x"":831,""y"":495,""t"":1776},{""x"":706,""y"":490,""t"":1854},{""x"":604,""y"":485,""t"":1871},{""x"":512,""y"":499,""t"":1952},{""x"":441,""y"":511,""t"":1973},{""x"":345,""y"":449,""t"":2050},{""x"":286,""y"":418,""t"":2075},{""x"":535,""y"":422,""t"":2155},{""x"":754,""y"":428,""t"":2177},{""x"":881,""y"":406,""t"":2261},{""x"":987,""y"":388,""t"":2278},{""x"":1105,""y"":364,""t"":2356},{""x"":1165,""y"":338,""t"":2410},{""x"":1210,""y"":318,""t"":2425},{""x"":1177,""y"":304,""t"":2504},{""x"":1164,""y"":313,""t"":2520},{""x"":1216,""y"":311,""t"":2608},{""x"":1256,""y"":310,""t"":2622},{""x"":1191,""y"":383,""t"":2704},{""x"":1106,""y"":420,""t"":2720},{""x"":1011,""y"":441,""t"":2801},{""x"":929,""y"":458,""t"":2822},{""x"":871,""y"":462,""t"":2901},{""x"":855,""y"":551,""t"":2952},{""x"":848,""y"":643,""t"":2968},{""x"":943,""y"":702,""t"":3049},{""x"":1101,""y"":750,""t"":3065},{""x"":1282,""y"":818,""t"":3143},{""x"":1435,""y"":872,""t"":3163},{""x"":1417,""y"":922,""t"":3242},{""x"":1436,""y"":952,""t"":3295},{""x"":1568,""y"":910,""t"":3310},{""x"":1584,""y"":867,""t"":3392},{""x"":1571,""y"":833,""t"":3407},{""x"":1469,""y"":884,""t"":3487},{""x"":1526,""y"":865,""t"":3503},{""x"":1466,""y"":872,""t"":3581},{""x"":1508,""y"":856,""t"":3606},{""x"":1362,""y"":773,""t"":3685},{""x"":1208,""y"":713,""t"":3707},{""x"":1094,""y"":652,""t"":3789},{""x"":954,""y"":603,""t"":3809},{""x"":845,""y"":565,""t"":3892},{""x"":817,""y"":512,""t"":3912},{""x"":778,""y"":484,""t"":3990},{""x"":789,""y"":484,""t"":4013},{""x"":771,""y"":545,""t"":4094},{""x"":755,""y"":532,""t"":4153},{""x"":816,""y"":558,""t"":4213},{""x"":884,""y"":559,""t"":4228},{""x"":934,""y"":582,""t"":4309},{""x"":917,""y"":586,""t"":4323},{""x"":941,""y"":606,""t"":4404},{""x"":952,""y"":621,""t"":4421},{""x"":928,""y"":628,""t"":4500},{""x"":952,""y"":594,""t"":4555},{""x"":973,""y"":564,""t"":4571},{""x"":1000,""y"":490,""t"":4653},{""x"":1062,""y"":444,""t"":4668},{""x"":1028,""y"":327,""t"":4753},{""x"":997,""y"":230,""t"":4768},{""x"":1077,""y"":284,""t"":4851},{""x"":1084,""y"":374,""t"":4866},{""x"":1057,""y"":446,""t"":4948},{""x"":1031,""y"":508,""t"":4965},{""x"":1019,""y"":566,""t"":5048},{""x"":1042,""y"":581,""t"":5067},{""x"":1040,""y"":644,""t"":5146},{""x"":1111,""y"":640,""t"":5201},{""x"":1056,""y"":655,""t"":5217},{""x"":1045,""y"":662,""t"":5266},{""x"":1013,""y"":652,""t"":5314},{""x"":1061,""y"":702,""t"":5393},{""x"":1128,""y"":650,""t"":5408},{""x"":1146,""y"":648,""t"":5490},{""x"":1152,""y"":654,""t"":5510},{""x"":1279,""y"":630,""t"":5589},{""x"":1352,""y"":618,""t"":5611},{""x"":1396,""y"":626,""t"":5691},{""x"":1355,""y"":705,""t"":5744},{""x"":1317,""y"":771,""t"":5760},{""x"":1358,""y"":838,""t"":5842},{""x"":1391,""y"":893,""t"":5857},{""x"":1317,""y"":877,""t"":5937},{""x"":1253,""y"":860,""t"":5952}]",{},f,0.68,0.3,0.4,0.22000000000000003,0.4,0.68,0.22000000000000003,0.3,experimental,catch_17,"{""durations"":[1250,1250,1250,1250],""attributes"":[""p"",""m"",""p"",""m""],""alternatives"":[""all"",""all"",""all"",""all""]}",1,0.68,0.3,1920,1080,"""","""","""","""","""","""",2021-06-16 16:45:48,,"Mozilla/5.0 (Windows NT 10.0; Win64; x64) AppleWebKit/537.36 (KHTML, like Gecko) Chrome/91.0.4472.106 Safari/537.36",WebKit,Chrome,91.0.4472.106,Windows,10.0
256,248,1,"""","""","""","""","""",html-keyboard-response,256,1441457,0.0-18.0-1.0-1.38,main,29KKCMFL,1920,1080,exp_98,0.262294910469391,4.9,,"<p style=""font-size:40px;"">+</p>",,"""","""","""","""","[{""x"":1093,""y"":844,""t"":-16},{""x"":958,""y"":829,""t"":0},{""x"":950,""y"":828,""t"":114},{""x"":948,""y"":825,""t"":137},{""x"":994,""y"":779,""t"":218},{""x"":1011,""y"":747,""t"":239},{""x"":1097,""y"":664,""t"":319},{""x"":1138,""y"":650,""t"":341},{""x"":1085,""y"":610,""t"":424},{""x"":1006,""y"":602,""t"":444}]",{},"""","""","""","""","""","""","""","""","""","""","""","""","""","""","""","""","""","""","""","""","""","""","""",2021-06-16 16:45:48,,"Mozilla/5.0 (Windows NT 10.0; Win64; x64) AppleWebKit/537.36 (KHTML, like Gecko) Chrome/91.0.4472.106 Safari/537.36",WebKit,Chrome,91.0.4472.106,Windows,10.0
257,248,1,"""","""","""","""","""",two-gamble-sequence,257,1447788,0.0-18.0-1.0-2.38,main,29KKCMFL,1920,1080,exp_98,0.262294910469391,4.9,621.3999999761581,"""","""","""","""","""","""","[{""x"":911,""y"":615,""t"":-18},{""x"":832,""y"":628,""t"":0},{""x"":1004,""y"":612,""t"":102},{""x"":1136,""y"":648,""t"":125},{""x"":1345,""y"":667,""t"":182},{""x"":1519,""y"":617,""t"":253},{""x"":1613,""y"":536,""t"":302},{""x"":1613,""y"":562,""t"":352},{""x"":1554,""y"":621,""t"":431},{""x"":1446,""y"":584,""t"":447},{""x"":1378,""y"":581,""t"":526},{""x"":1327,""y"":576,""t"":546},{""x"":1147,""y"":704,""t"":627},{""x"":915,""y"":674,""t"":647},{""x"":837,""y"":733,""t"":727},{""x"":777,""y"":783,""t"":749},{""x"":726,""y"":800,""t"":829},{""x"":627,""y"":764,""t"":880},{""x"":549,""y"":732,""t"":896},{""x"":530,""y"":622,""t"":975},{""x"":521,""y"":527,""t"":992},{""x"":526,""y"":529,""t"":1074},{""x"":560,""y"":594,""t"":1090},{""x"":502,""y"":543,""t"":1172},{""x"":465,""y"":472,""t"":1192},{""x"":440,""y"":527,""t"":1278},{""x"":423,""y"":576,""t"":1294},{""x"":356,""y"":554,""t"":1372},{""x"":424,""y"":591,""t"":1425},{""x"":470,""y"":648,""t"":1441},{""x"":736,""y"":606,""t"":1519},{""x"":963,""y"":570,""t"":1534},{""x"":1093,""y"":597,""t"":1616},{""x"":1197,""y"":620,""t"":1633},{""x"":1375,""y"":610,""t"":1714},{""x"":1496,""y"":585,""t"":1735},{""x"":1587,""y"":564,""t"":1811},{""x"":1633,""y"":509,""t"":1865},{""x"":1667,""y"":495,""t"":1881},{""x"":1699,""y"":465,""t"":1964},{""x"":1717,""y"":441,""t"":1979},{""x"":1763,""y"":424,""t"":2060},{""x"":1795,""y"":411,""t"":2075},{""x"":1782,""y"":457,""t"":2154},{""x"":1697,""y"":533,""t"":2177},{""x"":1681,""y"":575,""t"":2258},{""x"":1665,""y"":610,""t"":2279},{""x"":1662,""y"":649,""t"":2360},{""x"":1666,""y"":666,""t"":2411},{""x"":1669,""y"":678,""t"":2426},{""x"":1649,""y"":679,""t"":2508},{""x"":1631,""y"":678,""t"":2524},{""x"":1612,""y"":689,""t"":2607},{""x"":1596,""y"":697,""t"":2622},{""x"":1618,""y"":758,""t"":2702},{""x"":1630,""y"":753,""t"":2721},{""x"":1416,""y"":723,""t"":2802},{""x"":1216,""y"":727,""t"":2854},{""x"":1050,""y"":729,""t"":2870},{""x"":889,""y"":729,""t"":2950},{""x"":760,""y"":728,""t"":2965},{""x"":713,""y"":772,""t"":3044},{""x"":684,""y"":809,""t"":3061},{""x"":549,""y"":670,""t"":3146},{""x"":457,""y"":592,""t"":3163},{""x"":345,""y"":520,""t"":3244},{""x"":247,""y"":439,""t"":3296},{""x"":193,""y"":367,""t"":3311},{""x"":220,""y"":401,""t"":3390},{""x"":253,""y"":435,""t"":3406},{""x"":267,""y"":406,""t"":3487},{""x"":285,""y"":383,""t"":3503},{""x"":320,""y"":394,""t"":3585},{""x"":319,""y"":427,""t"":3605},{""x"":498,""y"":451,""t"":3689},{""x"":791,""y"":539,""t"":3707},{""x"":1192,""y"":569,""t"":3789},{""x"":1402,""y"":641,""t"":3808},{""x"":1327,""y"":649,""t"":3889},{""x"":1250,""y"":653,""t"":3912},{""x"":1150,""y"":649,""t"":3995},{""x"":1058,""y"":644,""t"":4013},{""x"":1059,""y"":619,""t"":4093},{""x"":1071,""y"":605,""t"":4114},{""x"":1009,""y"":563,""t"":4195},{""x"":1203,""y"":519,""t"":4247},{""x"":1368,""y"":483,""t"":4261},{""x"":1471,""y"":513,""t"":4344},{""x"":1553,""y"":540,""t"":4360},{""x"":1676,""y"":577,""t"":4443},{""x"":1772,""y"":608,""t"":4458},{""x"":1560,""y"":656,""t"":4542},{""x"":1305,""y"":644,""t"":4556},{""x"":1084,""y"":585,""t"":4638},{""x"":897,""y"":533,""t"":4658},{""x"":806,""y"":589,""t"":4740},{""x"":735,""y"":637,""t"":4761},{""x"":723,""y"":681,""t"":4843},{""x"":670,""y"":723,""t"":4898},{""x"":640,""y"":761,""t"":4955},{""x"":622,""y"":792,""t"":4970},{""x"":622,""y"":740,""t"":5050},{""x"":685,""y"":722,""t"":5066},{""x"":805,""y"":704,""t"":5152},{""x"":910,""y"":687,""t"":5169},{""x"":921,""y"":699,""t"":5250},{""x"":929,""y"":710,""t"":5271},{""x"":809,""y"":624,""t"":5357},{""x"":740,""y"":619,""t"":5372},{""x"":646,""y"":450,""t"":5451},{""x"":635,""y"":397,""t"":5476},{""x"":643,""y"":381,""t"":5555},{""x"":682,""y"":378,""t"":5576},{""x"":781,""y"":479,""t"":5659},{""x"":900,""y"":635,""t"":5679},{""x"":977,""y"":730,""t"":5757},{""x"":1039,""y"":809,""t"":5782},{""x"":1219,""y"":790,""t"":5865},{""x"":1261,""y"":756,""t"":5883},{""x"":1163,""y"":761,""t"":5966},{""x"":1038,""y"":738,""t"":5985},{""x"":878,""y"":718,""t"":6064},{""x"":810,""y"":745,""t"":6116},{""x"":660,""y"":755,""t"":6131},{""x"":499,""y"":685,""t"":6220},{""x"":367,""y"":625,""t"":6236}]",{},f,0.7,0.18,0.29,0.5,0.7,0.29,0.18,0.5,experimental,exp_14,"{""durations"":[1000,1500,1000,1500],""alternatives"":[0,1,0,1],""attributes"":[""all"",""all"",""all"",""all""]}",0,0.7,0.18,1920,1080,"""","""","""","""","""","""",2021-06-16 16:45:48,,"Mozilla/5.0 (Windows NT 10.0; Win64; x64) AppleWebKit/537.36 (KHTML, like Gecko) Chrome/91.0.4472.106 Safari/537.36",WebKit,Chrome,91.0.4472.106,Windows,10.0
258,248,1,"""","""","""","""","""",html-keyboard-response,258,1448368,0.0-18.0-1.0-1.39,main,29KKCMFL,1920,1080,exp_98,0.262294910469391,4.9,,"<p style=""font-size:40px;"">+</p>",,"""","""","""","""","[{""x"":286,""y"":608,""t"":-16},{""x"":224,""y"":595,""t"":0},{""x"":420,""y"":660,""t"":106},{""x"":743,""y"":737,""t"":161},{""x"":1021,""y"":804,""t"":177},{""x"":1183,""y"":827,""t"":259},{""x"":1314,""y"":846,""t"":274},{""x"":1262,""y"":819,""t"":357},{""x"":1335,""y"":752,""t"":374},{""x"":1340,""y"":714,""t"":458},{""x"":1336,""y"":682,""t"":478}]",{},"""","""","""","""","""","""","""","""","""","""","""","""","""","""","""","""","""","""","""","""","""","""","""",2021-06-16 16:45:48,,"Mozilla/5.0 (Windows NT 10.0; Win64; x64) AppleWebKit/537.36 (KHTML, like Gecko) Chrome/91.0.4472.106 Safari/537.36",WebKit,Chrome,91.0.4472.106,Windows,10.0
259,248,1,"""","""","""","""","""",two-gamble-sequence,259,1454419,0.0-18.0-1.0-2.39,main,29KKCMFL,1920,1080,exp_98,0.262294910469391,4.9,358.6999999284744,"""","""","""","""","""","""","[{""x"":1185,""y"":688,""t"":-16},{""x"":1052,""y"":694,""t"":0},{""x"":989,""y"":667,""t"":105},{""x"":882,""y"":665,""t"":185},{""x"":862,""y"":672,""t"":206},{""x"":867,""y"":674,""t"":284},{""x"":902,""y"":704,""t"":338},{""x"":936,""y"":676,""t"":352},{""x"":1008,""y"":672,""t"":435},{""x"":1003,""y"":687,""t"":451},{""x"":1111,""y"":731,""t"":531},{""x"":1145,""y"":704,""t"":547},{""x"":1162,""y"":710,""t"":623},{""x"":1174,""y"":715,""t"":647},{""x"":1060,""y"":691,""t"":726},{""x"":900,""y"":641,""t"":777},{""x"":860,""y"":603,""t"":793},{""x"":746,""y"":596,""t"":871},{""x"":652,""y"":592,""t"":886},{""x"":572,""y"":619,""t"":967},{""x"":510,""y"":643,""t"":987},{""x"":491,""y"":629,""t"":1069},{""x"":481,""y"":618,""t"":1089},{""x"":399,""y"":591,""t"":1170},{""x"":322,""y"":576,""t"":1221},{""x"":261,""y"":565,""t"":1236},{""x"":408,""y"":613,""t"":1318},{""x"":539,""y"":656,""t"":1334},{""x"":620,""y"":643,""t"":1414},{""x"":689,""y"":632,""t"":1431},{""x"":931,""y"":598,""t"":1514},{""x"":1069,""y"":613,""t"":1532},{""x"":1174,""y"":653,""t"":1612},{""x"":1290,""y"":537,""t"":1663},{""x"":1315,""y"":422,""t"":1678},{""x"":1390,""y"":364,""t"":1758},{""x"":1395,""y"":281,""t"":1774},{""x"":1414,""y"":216,""t"":1853},{""x"":1440,""y"":196,""t"":1872},{""x"":1282,""y"":212,""t"":1948},{""x"":983,""y"":219,""t"":2001},{""x"":726,""y"":228,""t"":2018},{""x"":496,""y"":242,""t"":2098},{""x"":307,""y"":255,""t"":2113},{""x"":315,""y"":247,""t"":2191},{""x"":220,""y"":241,""t"":2241},{""x"":149,""y"":238,""t"":2256},{""x"":327,""y"":212,""t"":2333},{""x"":521,""y"":253,""t"":2349},{""x"":718,""y"":424,""t"":2430},{""x"":900,""y"":573,""t"":2449},{""x"":998,""y"":662,""t"":2532},{""x"":1077,""y"":733,""t"":2552},{""x"":1062,""y"":780,""t"":2631},{""x"":1007,""y"":783,""t"":2683},{""x"":954,""y"":781,""t"":2698},{""x"":916,""y"":780,""t"":2778},{""x"":882,""y"":776,""t"":2795},{""x"":955,""y"":763,""t"":2875},{""x"":1018,""y"":749,""t"":2891},{""x"":1093,""y"":780,""t"":2973},{""x"":1209,""y"":753,""t"":3028},{""x"":1264,""y"":732,""t"":3084},{""x"":1305,""y"":714,""t"":3101},{""x"":1322,""y"":735,""t"":3180},{""x"":1331,""y"":752,""t"":3198},{""x"":1342,""y"":732,""t"":3281},{""x"":1348,""y"":703,""t"":3299},{""x"":1213,""y"":668,""t"":3379},{""x"":1116,""y"":702,""t"":3401},{""x"":915,""y"":723,""t"":3480},{""x"":787,""y"":725,""t"":3534},{""x"":682,""y"":727,""t"":3549},{""x"":592,""y"":796,""t"":3630},{""x"":523,""y"":855,""t"":3645},{""x"":443,""y"":751,""t"":3727},{""x"":381,""y"":661,""t"":3742},{""x"":372,""y"":605,""t"":3823},{""x"":371,""y"":559,""t"":3842},{""x"":382,""y"":534,""t"":3923},{""x"":378,""y"":466,""t"":3974},{""x"":388,""y"":460,""t"":3989},{""x"":518,""y"":441,""t"":4071},{""x"":638,""y"":467,""t"":4087},{""x"":853,""y"":449,""t"":4167},{""x"":1104,""y"":480,""t"":4183},{""x"":1028,""y"":532,""t"":4262},{""x"":983,""y"":516,""t"":4285},{""x"":916,""y"":351,""t"":4368},{""x"":1009,""y"":247,""t"":4387},{""x"":1078,""y"":184,""t"":4466},{""x"":1131,""y"":156,""t"":4519},{""x"":1171,""y"":137,""t"":4535},{""x"":1250,""y"":152,""t"":4615},{""x"":1312,""y"":168,""t"":4631},{""x"":1080,""y"":224,""t"":4715},{""x"":1018,""y"":161,""t"":4730},{""x"":943,""y"":184,""t"":4812},{""x"":838,""y"":301,""t"":4828},{""x"":729,""y"":400,""t"":4908},{""x"":663,""y"":385,""t"":4931},{""x"":593,""y"":405,""t"":5014},{""x"":539,""y"":420,""t"":5032},{""x"":512,""y"":424,""t"":5115},{""x"":494,""y"":426,""t"":5136},{""x"":511,""y"":440,""t"":5218},{""x"":551,""y"":425,""t"":5238},{""x"":540,""y"":420,""t"":5320},{""x"":533,""y"":415,""t"":5341},{""x"":539,""y"":420,""t"":5424},{""x"":546,""y"":423,""t"":5441},{""x"":688,""y"":534,""t"":5524},{""x"":811,""y"":629,""t"":5542},{""x"":1058,""y"":655,""t"":5627},{""x"":1246,""y"":684,""t"":5644},{""x"":1266,""y"":709,""t"":5730},{""x"":1312,""y"":703,""t"":5746},{""x"":1215,""y"":689,""t"":5827},{""x"":1111,""y"":711,""t"":5848},{""x"":1057,""y"":756,""t"":5928},{""x"":1009,""y"":792,""t"":5950}]",{},f,0.52,0.27999999999999997,0.21,0.18,0.21,0.52,0.18,0.27999999999999997,experimental,catch_13,"{""durations"":[1250,1250,1250,1250],""attributes"":[""p"",""m"",""p"",""m""],""alternatives"":[""all"",""all"",""all"",""all""]}",1,0.52,0.27999999999999997,1920,1080,"""","""","""","""","""","""",2021-06-16 16:45:48,,"Mozilla/5.0 (Windows NT 10.0; Win64; x64) AppleWebKit/537.36 (KHTML, like Gecko) Chrome/91.0.4472.106 Safari/537.36",WebKit,Chrome,91.0.4472.106,Windows,10.0
260,248,1,"""","""","""","""","""",html-keyboard-response,260,1454944,0.0-18.0-1.0-1.40,main,29KKCMFL,1920,1080,exp_98,0.262294910469391,4.9,,"<p style=""font-size:40px;"">+</p>",,"""","""","""","""","[{""x"":938,""y"":823,""t"":-17},{""x"":877,""y"":846,""t"":0},{""x"":1038,""y"":814,""t"":105},{""x"":1132,""y"":862,""t"":160},{""x"":1215,""y"":875,""t"":175},{""x"":1319,""y"":946,""t"":256},{""x"":1393,""y"":977,""t"":273},{""x"":1410,""y"":1036,""t"":354},{""x"":1412,""y"":1030,""t"":375},{""x"":1280,""y"":943,""t"":457}]",{},"""","""","""","""","""","""","""","""","""","""","""","""","""","""","""","""","""","""","""","""","""","""","""",2021-06-16 16:45:48,,"Mozilla/5.0 (Windows NT 10.0; Win64; x64) AppleWebKit/537.36 (KHTML, like Gecko) Chrome/91.0.4472.106 Safari/537.36",WebKit,Chrome,91.0.4472.106,Windows,10.0
261,248,1,"""","""","""","""","""",two-gamble-sequence,261,1462277,0.0-18.0-1.0-2.40,main,29KKCMFL,1920,1080,exp_98,0.262294910469391,4.9,1690.5,"""","""","""","""","""","""","[{""x"":1131,""y"":887,""t"":-16},{""x"":969,""y"":862,""t"":0},{""x"":916,""y"":812,""t"":80},{""x"":875,""y"":770,""t"":139},{""x"":854,""y"":724,""t"":246},{""x"":775,""y"":671,""t"":303},{""x"":711,""y"":629,""t"":319},{""x"":674,""y"":598,""t"":397},{""x"":651,""y"":586,""t"":412},{""x"":717,""y"":559,""t"":497},{""x"":777,""y"":539,""t"":512},{""x"":735,""y"":488,""t"":592},{""x"":603,""y"":452,""t"":643},{""x"":547,""y"":427,""t"":659},{""x"":480,""y"":391,""t"":737},{""x"":427,""y"":365,""t"":753},{""x"":376,""y"":349,""t"":834},{""x"":337,""y"":339,""t"":850},{""x"":259,""y"":322,""t"":931},{""x"":197,""y"":311,""t"":952},{""x"":157,""y"":299,""t"":1030},{""x"":127,""y"":319,""t"":1090},{""x"":138,""y"":290,""t"":1144},{""x"":152,""y"":267,""t"":1158},{""x"":158,""y"":282,""t"":1239},{""x"":227,""y"":336,""t"":1290},{""x"":245,""y"":381,""t"":1306},{""x"":296,""y"":451,""t"":1388},{""x"":339,""y"":510,""t"":1402},{""x"":338,""y"":549,""t"":1482},{""x"":335,""y"":580,""t"":1499},{""x"":353,""y"":634,""t"":1581},{""x"":367,""y"":678,""t"":1598},{""x"":339,""y"":679,""t"":1679},{""x"":371,""y"":737,""t"":1730},{""x"":399,""y"":783,""t"":1746},{""x"":626,""y"":731,""t"":1827},{""x"":818,""y"":683,""t"":1843},{""x"":960,""y"":638,""t"":1922},{""x"":1073,""y"":598,""t"":1938},{""x"":1153,""y"":585,""t"":2016},{""x"":1224,""y"":637,""t"":2067},{""x"":1274,""y"":653,""t"":2083},{""x"":1280,""y"":663,""t"":2168},{""x"":1277,""y"":671,""t"":2183},{""x"":1275,""y"":670,""t"":2265},{""x"":1283,""y"":668,""t"":2279},{""x"":1307,""y"":639,""t"":2359},{""x"":1324,""y"":614,""t"":2381},{""x"":1364,""y"":555,""t"":2461},{""x"":1360,""y"":497,""t"":2513},{""x"":1352,""y"":449,""t"":2530},{""x"":1383,""y"":507,""t"":2608},{""x"":1395,""y"":588,""t"":2623},{""x"":1336,""y"":657,""t"":2704},{""x"":1283,""y"":716,""t"":2722},{""x"":1390,""y"":799,""t"":2801},{""x"":1450,""y"":761,""t"":2853},{""x"":1518,""y"":765,""t"":2869},{""x"":1386,""y"":784,""t"":2944},{""x"":1270,""y"":814,""t"":2959},{""x"":1296,""y"":796,""t"":3041},{""x"":1266,""y"":747,""t"":3091},{""x"":1204,""y"":677,""t"":3107},{""x"":1217,""y"":620,""t"":3187},{""x"":1228,""y"":533,""t"":3204},{""x"":927,""y"":468,""t"":3285},{""x"":718,""y"":408,""t"":3299},{""x"":664,""y"":316,""t"":3380},{""x"":625,""y"":229,""t"":3433},{""x"":590,""y"":166,""t"":3450},{""x"":541,""y"":113,""t"":3500},{""x"":507,""y"":74,""t"":3547},{""x"":569,""y"":227,""t"":3626},{""x"":629,""y"":363,""t"":3642},{""x"":664,""y"":413,""t"":3723},{""x"":648,""y"":461,""t"":3740},{""x"":648,""y"":528,""t"":3824},{""x"":556,""y"":566,""t"":3842},{""x"":511,""y"":564,""t"":3921},{""x"":449,""y"":679,""t"":3973},{""x"":401,""y"":753,""t"":3989},{""x"":503,""y"":752,""t"":4070},{""x"":519,""y"":845,""t"":4086},{""x"":499,""y"":953,""t"":4173},{""x"":433,""y"":981,""t"":4188},{""x"":508,""y"":940,""t"":4271},{""x"":568,""y"":925,""t"":4285},{""x"":578,""y"":937,""t"":4368},{""x"":631,""y"":895,""t"":4386},{""x"":653,""y"":853,""t"":4468},{""x"":802,""y"":771,""t"":4520},{""x"":928,""y"":701,""t"":4536},{""x"":1046,""y"":611,""t"":4615},{""x"":1143,""y"":510,""t"":4630},{""x"":1179,""y"":506,""t"":4711},{""x"":1247,""y"":448,""t"":4728},{""x"":1249,""y"":357,""t"":4810},{""x"":1289,""y"":265,""t"":4828},{""x"":1326,""y"":172,""t"":4910},{""x"":1338,""y"":197,""t"":4964},{""x"":1345,""y"":206,""t"":4979},{""x"":1359,""y"":218,""t"":5029},{""x"":1367,""y"":232,""t"":5077},{""x"":1233,""y"":411,""t"":5161},{""x"":1308,""y"":498,""t"":5178},{""x"":1345,""y"":544,""t"":5261},{""x"":1375,""y"":581,""t"":5277},{""x"":1277,""y"":622,""t"":5360},{""x"":1191,""y"":653,""t"":5376},{""x"":1038,""y"":640,""t"":5459},{""x"":908,""y"":626,""t"":5474},{""x"":792,""y"":689,""t"":5554},{""x"":576,""y"":656,""t"":5578},{""x"":585,""y"":582,""t"":5662},{""x"":680,""y"":494,""t"":5680},{""x"":695,""y"":638,""t"":5761},{""x"":723,""y"":815,""t"":5812},{""x"":750,""y"":965,""t"":5828},{""x"":802,""y"":1078,""t"":5907},{""x"":858,""y"":1072,""t"":5924},{""x"":1269,""y"":954,""t"":6003},{""x"":1288,""y"":941,""t"":6018},{""x"":1437,""y"":772,""t"":6100},{""x"":1587,""y"":707,""t"":6155},{""x"":1681,""y"":667,""t"":6210},{""x"":1687,""y"":614,""t"":6227},{""x"":1734,""y"":578,""t"":6307},{""x"":1765,""y"":551,""t"":6325},{""x"":1759,""y"":530,""t"":6406},{""x"":1747,""y"":515,""t"":6426},{""x"":1573,""y"":470,""t"":6507},{""x"":1420,""y"":434,""t"":6529},{""x"":1357,""y"":405,""t"":6608},{""x"":1292,""y"":375,""t"":6660},{""x"":1305,""y"":390,""t"":6675},{""x"":1255,""y"":367,""t"":6754},{""x"":1216,""y"":351,""t"":6769},{""x"":1120,""y"":337,""t"":6852},{""x"":1041,""y"":328,""t"":6869},{""x"":1070,""y"":273,""t"":6948},{""x"":1131,""y"":223,""t"":7003},{""x"":1125,""y"":264,""t"":7020},{""x"":1060,""y"":268,""t"":7069},{""x"":1027,""y"":310,""t"":7118},{""x"":1075,""y"":322,""t"":7200},{""x"":1045,""y"":377,""t"":7215}]",{},j,0.48,0.79,0.81,0.16999999999999998,0.81,0.48,0.16999999999999998,0.79,experimental,exp_44,"{""durations"":[1500,1000,1500,1000],""alternatives"":[1,0,1,0],""attributes"":[""all"",""all"",""all"",""all""]}",0,0.81,0.16999999999999998,1920,1080,"""","""","""","""","""","""",2021-06-16 16:45:48,,"Mozilla/5.0 (Windows NT 10.0; Win64; x64) AppleWebKit/537.36 (KHTML, like Gecko) Chrome/91.0.4472.106 Safari/537.36",WebKit,Chrome,91.0.4472.106,Windows,10.0
262,248,1,"""","""","""","""","""",html-keyboard-response,262,1462786,0.0-18.0-1.0-1.41,main,29KKCMFL,1920,1080,exp_98,0.262294910469391,4.9,,"<p style=""font-size:40px;"">+</p>",,"""","""","""","""","[{""x"":1195,""y"":344,""t"":-32},{""x"":1324,""y"":316,""t"":-15},{""x"":1433,""y"":292,""t"":0},{""x"":1402,""y"":370,""t"":184},{""x"":1278,""y"":450,""t"":205},{""x"":1132,""y"":380,""t"":288},{""x"":1086,""y"":342,""t"":308},{""x"":1227,""y"":388,""t"":390},{""x"":1349,""y"":427,""t"":410}]",{},"""","""","""","""","""","""","""","""","""","""","""","""","""","""","""","""","""","""","""","""","""","""","""",2021-06-16 16:45:48,,"Mozilla/5.0 (Windows NT 10.0; Win64; x64) AppleWebKit/537.36 (KHTML, like Gecko) Chrome/91.0.4472.106 Safari/537.36",WebKit,Chrome,91.0.4472.106,Windows,10.0
263,248,1,"""","""","""","""","""",two-gamble-sequence,263,1468919,0.0-18.0-1.0-2.41,main,29KKCMFL,1920,1080,exp_98,0.262294910469391,4.9,399.2999999523163,"""","""","""","""","""","""","[{""x"":1269,""y"":475,""t"":-17},{""x"":1198,""y"":515,""t"":0},{""x"":1167,""y"":598,""t"":114},{""x"":1082,""y"":647,""t"":136},{""x"":997,""y"":682,""t"":247},{""x"":920,""y"":643,""t"":305},{""x"":929,""y"":558,""t"":320},{""x"":752,""y"":530,""t"":401},{""x"":679,""y"":471,""t"":417},{""x"":583,""y"":511,""t"":500},{""x"":508,""y"":546,""t"":514},{""x"":469,""y"":425,""t"":598},{""x"":343,""y"":352,""t"":615},{""x"":326,""y"":301,""t"":695},{""x"":349,""y"":233,""t"":715},{""x"":538,""y"":215,""t"":795},{""x"":823,""y"":247,""t"":845},{""x"":1066,""y"":278,""t"":860},{""x"":1251,""y"":278,""t"":942},{""x"":1401,""y"":280,""t"":956},{""x"":1491,""y"":329,""t"":1037},{""x"":1560,""y"":328,""t"":1054},{""x"":1620,""y"":313,""t"":1133},{""x"":1389,""y"":276,""t"":1190},{""x"":1126,""y"":305,""t"":1207},{""x"":1043,""y"":200,""t"":1254},{""x"":970,""y"":63,""t"":1302},{""x"":985,""y"":100,""t"":1383},{""x"":887,""y"":30,""t"":1398},{""x"":817,""y"":172,""t"":1479},{""x"":770,""y"":327,""t"":1497},{""x"":752,""y"":459,""t"":1577},{""x"":669,""y"":581,""t"":1599},{""x"":757,""y"":618,""t"":1679},{""x"":788,""y"":662,""t"":1730},{""x"":817,""y"":695,""t"":1744},{""x"":891,""y"":721,""t"":1823},{""x"":1022,""y"":722,""t"":1838},{""x"":1181,""y"":721,""t"":1917},{""x"":1257,""y"":699,""t"":1967},{""x"":1317,""y"":676,""t"":1982},{""x"":1404,""y"":680,""t"":2061},{""x"":1420,""y"":663,""t"":2077},{""x"":1430,""y"":585,""t"":2158},{""x"":1517,""y"":569,""t"":2176},{""x"":1452,""y"":518,""t"":2255},{""x"":1409,""y"":527,""t"":2307},{""x"":1350,""y"":514,""t"":2321},{""x"":1327,""y"":471,""t"":2404},{""x"":1306,""y"":435,""t"":2421},{""x"":1228,""y"":506,""t"":2503},{""x"":1147,""y"":471,""t"":2517},{""x"":1165,""y"":452,""t"":2597},{""x"":1161,""y"":404,""t"":2651},{""x"":1159,""y"":365,""t"":2666},{""x"":1057,""y"":346,""t"":2750},{""x"":971,""y"":332,""t"":2765},{""x"":878,""y"":263,""t"":2846},{""x"":831,""y"":249,""t"":2862},{""x"":835,""y"":196,""t"":2943},{""x"":829,""y"":156,""t"":2958},{""x"":778,""y"":156,""t"":3037},{""x"":964,""y"":213,""t"":3088},{""x"":1051,""y"":274,""t"":3104},{""x"":1122,""y"":304,""t"":3187},{""x"":1136,""y"":332,""t"":3202},{""x"":1075,""y"":356,""t"":3282},{""x"":1225,""y"":344,""t"":3299},{""x"":1208,""y"":458,""t"":3378},{""x"":1337,""y"":533,""t"":3430},{""x"":1411,""y"":569,""t"":3447},{""x"":1229,""y"":612,""t"":3530},{""x"":1040,""y"":653,""t"":3546},{""x"":916,""y"":696,""t"":3630},{""x"":813,""y"":729,""t"":3646},{""x"":753,""y"":741,""t"":3727},{""x"":723,""y"":722,""t"":3742},{""x"":731,""y"":690,""t"":3822},{""x"":743,""y"":659,""t"":3843},{""x"":720,""y"":647,""t"":3923},{""x"":784,""y"":608,""t"":3976},{""x"":843,""y"":574,""t"":3991},{""x"":934,""y"":586,""t"":4069},{""x"":1021,""y"":610,""t"":4084},{""x"":1080,""y"":656,""t"":4166},{""x"":1128,""y"":694,""t"":4184},{""x"":1195,""y"":742,""t"":4264},{""x"":1249,""y"":781,""t"":4285},{""x"":1269,""y"":776,""t"":4364},{""x"":1282,""y"":769,""t"":4388},{""x"":1269,""y"":778,""t"":4470},{""x"":1258,""y"":805,""t"":4489},{""x"":1329,""y"":798,""t"":4572},{""x"":1404,""y"":782,""t"":4590},{""x"":1433,""y"":769,""t"":4669},{""x"":1453,""y"":757,""t"":4693},{""x"":1466,""y"":751,""t"":4773},{""x"":1473,""y"":745,""t"":4795},{""x"":1464,""y"":728,""t"":4875},{""x"":1454,""y"":713,""t"":4897},{""x"":1480,""y"":710,""t"":4977},{""x"":1500,""y"":707,""t"":4999},{""x"":1493,""y"":694,""t"":5080},{""x"":1454,""y"":697,""t"":5101},{""x"":1411,""y"":713,""t"":5180},{""x"":1409,""y"":711,""t"":5232},{""x"":1408,""y"":709,""t"":5247},{""x"":1367,""y"":718,""t"":5328},{""x"":1332,""y"":726,""t"":5344},{""x"":1273,""y"":734,""t"":5425},{""x"":1233,""y"":733,""t"":5440},{""x"":1268,""y"":744,""t"":5521},{""x"":1305,""y"":735,""t"":5579},{""x"":1341,""y"":721,""t"":5632},{""x"":1372,""y"":709,""t"":5646},{""x"":1319,""y"":701,""t"":5725},{""x"":1354,""y"":674,""t"":5778},{""x"":1385,""y"":650,""t"":5794},{""x"":1226,""y"":664,""t"":5873},{""x"":1095,""y"":678,""t"":5889},{""x"":1006,""y"":624,""t"":5969},{""x"":934,""y"":578,""t"":5984},{""x"":864,""y"":528,""t"":6063}]",{},j,0.2,0.6799999999999999,0.8,0.4,0.8,0.2,0.4,0.6799999999999999,experimental,exp_75,"{""durations"":[1000,1500,1000,1500],""alternatives"":[""all"",""all"",""all"",""all""],""attributes"":[""m"",""p"",""m"",""p""]}",0,0.8,0.4,1920,1080,"""","""","""","""","""","""",2021-06-16 16:45:48,,"Mozilla/5.0 (Windows NT 10.0; Win64; x64) AppleWebKit/537.36 (KHTML, like Gecko) Chrome/91.0.4472.106 Safari/537.36",WebKit,Chrome,91.0.4472.106,Windows,10.0
264,248,1,"""","""","""","""","""",html-keyboard-response,264,1469578,0.0-18.0-1.0-1.42,main,29KKCMFL,1920,1080,exp_98,0.262294910469391,4.9,,"<p style=""font-size:40px;"">+</p>",,"""","""","""","""","[{""x"":738,""y"":644,""t"":-106},{""x"":684,""y"":570,""t"":0},{""x"":802,""y"":596,""t"":110},{""x"":992,""y"":589,""t"":170},{""x"":1204,""y"":570,""t"":185},{""x"":1406,""y"":548,""t"":233},{""x"":1550,""y"":494,""t"":284},{""x"":1359,""y"":427,""t"":370},{""x"":1059,""y"":364,""t"":386},{""x"":899,""y"":291,""t"":453}]",{},"""","""","""","""","""","""","""","""","""","""","""","""","""","""","""","""","""","""","""","""","""","""","""",2021-06-16 16:45:48,,"Mozilla/5.0 (Windows NT 10.0; Win64; x64) AppleWebKit/537.36 (KHTML, like Gecko) Chrome/91.0.4472.106 Safari/537.36",WebKit,Chrome,91.0.4472.106,Windows,10.0
265,248,1,"""","""","""","""","""",two-gamble-sequence,265,1475728,0.0-18.0-1.0-2.42,main,29KKCMFL,1920,1080,exp_98,0.262294910469391,4.9,444.60000002384186,"""","""","""","""","""","""","[{""x"":765,""y"":306,""t"":-58},{""x"":824,""y"":410,""t"":0},{""x"":807,""y"":521,""t"":77},{""x"":801,""y"":511,""t"":156},{""x"":800,""y"":500,""t"":172},{""x"":788,""y"":537,""t"":255},{""x"":1028,""y"":589,""t"":273},{""x"":1147,""y"":534,""t"":353},{""x"":1313,""y"":470,""t"":406},{""x"":1544,""y"":411,""t"":421},{""x"":1524,""y"":341,""t"":503},{""x"":1708,""y"":289,""t"":519},{""x"":1836,""y"":250,""t"":600},{""x"":1936,""y"":219,""t"":615},{""x"":1902,""y"":168,""t"":696},{""x"":1956,""y"":117,""t"":746},{""x"":1940,""y"":152,""t"":761},{""x"":1945,""y"":116,""t"":815},{""x"":1943,""y"":88,""t"":865},{""x"":2141,""y"":106,""t"":943},{""x"":2253,""y"":90,""t"":960},{""x"":2232,""y"":51,""t"":1040},{""x"":2251,""y"":57,""t"":1056},{""x"":2170,""y"":103,""t"":1140},{""x"":2175,""y"":80,""t"":1156},{""x"":1859,""y"":188,""t"":1238},{""x"":1735,""y"":243,""t"":1290},{""x"":1603,""y"":353,""t"":1307},{""x"":1392,""y"":252,""t"":1386},{""x"":1264,""y"":182,""t"":1402},{""x"":1324,""y"":116,""t"":1480},{""x"":1384,""y"":61,""t"":1496},{""x"":1437,""y"":2,""t"":1578},{""x"":1567,""y"":-56,""t"":1629},{""x"":1681,""y"":-103,""t"":1643},{""x"":1653,""y"":-43,""t"":1721},{""x"":1720,""y"":30,""t"":1736},{""x"":1474,""y"":104,""t"":1820},{""x"":1263,""y"":168,""t"":1836},{""x"":1096,""y"":218,""t"":1920},{""x"":960,""y"":259,""t"":1938},{""x"":846,""y"":366,""t"":2021},{""x"":835,""y"":412,""t"":2040},{""x"":905,""y"":409,""t"":2122},{""x"":972,""y"":402,""t"":2142},{""x"":861,""y"":374,""t"":2225},{""x"":789,""y"":390,""t"":2244},{""x"":805,""y"":387,""t"":2327},{""x"":667,""y"":397,""t"":2378},{""x"":554,""y"":385,""t"":2392},{""x"":499,""y"":333,""t"":2474},{""x"":406,""y"":243,""t"":2489},{""x"":379,""y"":111,""t"":2571},{""x"":289,""y"":61,""t"":2587},{""x"":535,""y"":-5,""t"":2672},{""x"":520,""y"":-22,""t"":2688},{""x"":623,""y"":-21,""t"":2769},{""x"":527,""y"":74,""t"":2789},{""x"":507,""y"":102,""t"":2872},{""x"":490,""y"":107,""t"":2891},{""x"":341,""y"":79,""t"":2972},{""x"":399,""y"":164,""t"":3026},{""x"":525,""y"":246,""t"":3040},{""x"":735,""y"":316,""t"":3121},{""x"":913,""y"":373,""t"":3137},{""x"":1160,""y"":388,""t"":3217},{""x"":1354,""y"":386,""t"":3233},{""x"":1522,""y"":445,""t"":3315},{""x"":1683,""y"":508,""t"":3333},{""x"":1785,""y"":529,""t"":3413},{""x"":1802,""y"":498,""t"":3467},{""x"":1794,""y"":527,""t"":3483},{""x"":1687,""y"":553,""t"":3531},{""x"":1584,""y"":566,""t"":3579},{""x"":1484,""y"":570,""t"":3666},{""x"":1395,""y"":570,""t"":3681},{""x"":1277,""y"":544,""t"":3765},{""x"":1244,""y"":556,""t"":3779},{""x"":1419,""y"":464,""t"":3863},{""x"":1540,""y"":389,""t"":3880},{""x"":1413,""y"":386,""t"":3961},{""x"":1302,""y"":386,""t"":3979},{""x"":1103,""y"":348,""t"":4065},{""x"":935,""y"":318,""t"":4081},{""x"":732,""y"":259,""t"":4164},{""x"":566,""y"":212,""t"":4183},{""x"":664,""y"":176,""t"":4269},{""x"":587,""y"":186,""t"":4284},{""x"":857,""y"":253,""t"":4367},{""x"":1093,""y"":312,""t"":4386},{""x"":1114,""y"":271,""t"":4472},{""x"":1130,""y"":219,""t"":4488},{""x"":1054,""y"":225,""t"":4572},{""x"":986,""y"":232,""t"":4592},{""x"":997,""y"":209,""t"":4684},{""x"":1007,""y"":191,""t"":4699},{""x"":857,""y"":238,""t"":4780},{""x"":729,""y"":280,""t"":4798},{""x"":653,""y"":324,""t"":4879},{""x"":614,""y"":351,""t"":4897},{""x"":801,""y"":312,""t"":4981},{""x"":692,""y"":348,""t"":4999},{""x"":673,""y"":351,""t"":5084},{""x"":660,""y"":353,""t"":5100},{""x"":545,""y"":346,""t"":5180},{""x"":443,""y"":359,""t"":5203},{""x"":383,""y"":367,""t"":5284},{""x"":407,""y"":412,""t"":5336},{""x"":434,""y"":450,""t"":5350},{""x"":442,""y"":502,""t"":5429},{""x"":517,""y"":539,""t"":5445},{""x"":587,""y"":555,""t"":5527},{""x"":556,""y"":496,""t"":5542},{""x"":485,""y"":508,""t"":5624},{""x"":425,""y"":517,""t"":5644},{""x"":469,""y"":548,""t"":5723},{""x"":468,""y"":543,""t"":5746},{""x"":724,""y"":505,""t"":5833},{""x"":983,""y"":474,""t"":5848},{""x"":973,""y"":526,""t"":5928},{""x"":957,""y"":570,""t"":5950},{""x"":1051,""y"":565,""t"":6029},{""x"":1127,""y"":559,""t"":6052}]",{},f,0.79,0.53,0.49,0.8300000000000001,0.79,0.49,0.53,0.8300000000000001,experimental,exp_2,"{""durations"":[1000,1500,1000,1500],""alternatives"":[1,0,1,0],""attributes"":[""all"",""all"",""all"",""all""]}",0,0.79,0.53,1920,1080,"""","""","""","""","""","""",2021-06-16 16:45:48,,"Mozilla/5.0 (Windows NT 10.0; Win64; x64) AppleWebKit/537.36 (KHTML, like Gecko) Chrome/91.0.4472.106 Safari/537.36",WebKit,Chrome,91.0.4472.106,Windows,10.0
266,248,1,"""","""","""","""","""",html-keyboard-response,266,1476302,0.0-18.0-1.0-1.43,main,29KKCMFL,1920,1080,exp_98,0.262294910469391,4.9,,"<p style=""font-size:40px;"">+</p>",,"""","""","""","""","[{""x"":1175,""y"":534,""t"":-16},{""x"":1196,""y"":526,""t"":0},{""x"":1118,""y"":558,""t"":110},{""x"":1028,""y"":570,""t"":165},{""x"":936,""y"":588,""t"":179},{""x"":896,""y"":591,""t"":263},{""x"":877,""y"":544,""t"":279},{""x"":788,""y"":547,""t"":361},{""x"":813,""y"":514,""t"":377},{""x"":841,""y"":475,""t"":461},{""x"":866,""y"":442,""t"":477}]",{},"""","""","""","""","""","""","""","""","""","""","""","""","""","""","""","""","""","""","""","""","""","""","""",2021-06-16 16:45:48,,"Mozilla/5.0 (Windows NT 10.0; Win64; x64) AppleWebKit/537.36 (KHTML, like Gecko) Chrome/91.0.4472.106 Safari/537.36",WebKit,Chrome,91.0.4472.106,Windows,10.0
267,248,1,"""","""","""","""","""",two-gamble-sequence,267,1482489,0.0-18.0-1.0-2.43,main,29KKCMFL,1920,1080,exp_98,0.262294910469391,4.9,553.8999999761581,"""","""","""","""","""","""","[{""x"":880,""y"":413,""t"":-17},{""x"":1062,""y"":452,""t"":0},{""x"":1182,""y"":536,""t"":78},{""x"":1281,""y"":610,""t"":136},{""x"":1366,""y"":596,""t"":247},{""x"":1407,""y"":609,""t"":304},{""x"":1435,""y"":619,""t"":320},{""x"":1199,""y"":656,""t"":398},{""x"":1073,""y"":668,""t"":413},{""x"":1029,""y"":647,""t"":495},{""x"":1049,""y"":593,""t"":512},{""x"":1002,""y"":630,""t"":594},{""x"":963,""y"":661,""t"":613},{""x"":920,""y"":638,""t"":690},{""x"":862,""y"":672,""t"":743},{""x"":862,""y"":760,""t"":758},{""x"":920,""y"":826,""t"":838},{""x"":924,""y"":781,""t"":856},{""x"":869,""y"":773,""t"":931},{""x"":757,""y"":762,""t"":982},{""x"":664,""y"":751,""t"":998},{""x"":767,""y"":732,""t"":1084},{""x"":707,""y"":688,""t"":1100},{""x"":760,""y"":687,""t"":1180},{""x"":886,""y"":663,""t"":1196},{""x"":942,""y"":702,""t"":1278},{""x"":989,""y"":737,""t"":1294},{""x"":1141,""y"":748,""t"":1371},{""x"":973,""y"":828,""t"":1422},{""x"":759,""y"":760,""t"":1438},{""x"":690,""y"":727,""t"":1513},{""x"":622,""y"":721,""t"":1530},{""x"":406,""y"":636,""t"":1612},{""x"":269,""y"":575,""t"":1664},{""x"":159,""y"":525,""t"":1679},{""x"":50,""y"":454,""t"":1755},{""x"":19,""y"":455,""t"":1772},{""x"":43,""y"":484,""t"":1852},{""x"":72,""y"":512,""t"":1870},{""x"":408,""y"":455,""t"":1951},{""x"":616,""y"":401,""t"":2003},{""x"":791,""y"":358,""t"":2017},{""x"":986,""y"":334,""t"":2097},{""x"":1145,""y"":317,""t"":2113},{""x"":1071,""y"":334,""t"":2193},{""x"":998,""y"":351,""t"":2210},{""x"":937,""y"":351,""t"":2294},{""x"":879,""y"":353,""t"":2312},{""x"":822,""y"":319,""t"":2391},{""x"":1024,""y"":331,""t"":2442},{""x"":1206,""y"":365,""t"":2457},{""x"":1222,""y"":343,""t"":2536},{""x"":1229,""y"":325,""t"":2552},{""x"":950,""y"":425,""t"":2634},{""x"":711,""y"":544,""t"":2653},{""x"":791,""y"":633,""t"":2732},{""x"":842,""y"":672,""t"":2754},{""x"":1005,""y"":605,""t"":2833},{""x"":1046,""y"":531,""t"":2858},{""x"":1181,""y"":469,""t"":2937},{""x"":1294,""y"":415,""t"":2959},{""x"":1262,""y"":459,""t"":3042},{""x"":1229,""y"":498,""t"":3061},{""x"":1176,""y"":534,""t"":3144},{""x"":1127,""y"":564,""t"":3163},{""x"":1147,""y"":585,""t"":3243},{""x"":1099,""y"":636,""t"":3295},{""x"":1058,""y"":677,""t"":3311},{""x"":791,""y"":762,""t"":3389},{""x"":696,""y"":723,""t"":3405},{""x"":633,""y"":754,""t"":3484},{""x"":515,""y"":713,""t"":3503},{""x"":456,""y"":700,""t"":3582},{""x"":639,""y"":570,""t"":3634},{""x"":802,""y"":459,""t"":3650},{""x"":919,""y"":481,""t"":3728},{""x"":1037,""y"":483,""t"":3743},{""x"":966,""y"":509,""t"":3826},{""x"":1010,""y"":516,""t"":3842},{""x"":969,""y"":552,""t"":3921},{""x"":972,""y"":577,""t"":3973},{""x"":974,""y"":598,""t"":3989},{""x"":890,""y"":638,""t"":4070},{""x"":899,""y"":713,""t"":4087},{""x"":846,""y"":740,""t"":4170},{""x"":705,""y"":846,""t"":4186},{""x"":649,""y"":790,""t"":4268},{""x"":605,""y"":738,""t"":4284},{""x"":531,""y"":680,""t"":4367},{""x"":490,""y"":661,""t"":4418},{""x"":385,""y"":602,""t"":4434},{""x"":364,""y"":544,""t"":4513},{""x"":351,""y"":497,""t"":4528},{""x"":316,""y"":474,""t"":4609},{""x"":291,""y"":458,""t"":4625},{""x"":512,""y"":510,""t"":4708},{""x"":759,""y"":562,""t"":4728},{""x"":939,""y"":567,""t"":4807},{""x"":1098,""y"":528,""t"":4829},{""x"":1208,""y"":583,""t"":4911},{""x"":1293,""y"":631,""t"":4931},{""x"":1393,""y"":614,""t"":5011},{""x"":1475,""y"":608,""t"":5033},{""x"":1512,""y"":591,""t"":5117},{""x"":1533,""y"":576,""t"":5135},{""x"":1524,""y"":549,""t"":5216},{""x"":1474,""y"":579,""t"":5237},{""x"":1470,""y"":573,""t"":5315},{""x"":1462,""y"":569,""t"":5340},{""x"":1372,""y"":617,""t"":5423},{""x"":1293,""y"":657,""t"":5441},{""x"":1177,""y"":652,""t"":5522},{""x"":1025,""y"":736,""t"":5574},{""x"":877,""y"":781,""t"":5590},{""x"":920,""y"":762,""t"":5639},{""x"":967,""y"":723,""t"":5687},{""x"":1074,""y"":698,""t"":5767},{""x"":1209,""y"":727,""t"":5783},{""x"":1332,""y"":751,""t"":5873},{""x"":1368,""y"":730,""t"":5888},{""x"":1411,""y"":745,""t"":5971},{""x"":1515,""y"":790,""t"":5986},{""x"":1312,""y"":798,""t"":6071},{""x"":1142,""y"":766,""t"":6088}]",{},f,0.78,0.21000000000000002,0.4,0.3,0.78,0.4,0.21000000000000002,0.3,experimental,exp_105,"{""durations"":[1500,1000,1500,1000],""alternatives"":[""all"",""all"",""all"",""all""],""attributes"":[""p"",""m"",""p"",""m""]}",0,0.78,0.21000000000000002,1920,1080,"""","""","""","""","""","""",2021-06-16 16:45:48,,"Mozilla/5.0 (Windows NT 10.0; Win64; x64) AppleWebKit/537.36 (KHTML, like Gecko) Chrome/91.0.4472.106 Safari/537.36",WebKit,Chrome,91.0.4472.106,Windows,10.0
268,248,1,"""","""","""","""","""",html-keyboard-response,268,1483157,0.0-18.0-1.0-1.44,main,29KKCMFL,1920,1080,exp_98,0.262294910469391,4.9,,"<p style=""font-size:40px;"">+</p>",,"""","""","""","""","[{""x"":1274,""y"":761,""t"":-108},{""x"":1318,""y"":661,""t"":0},{""x"":1288,""y"":763,""t"":113},{""x"":1259,""y"":875,""t"":138},{""x"":1300,""y"":922,""t"":222},{""x"":1309,""y"":1019,""t"":238},{""x"":1230,""y"":1065,""t"":321},{""x"":1257,""y"":1141,""t"":340},{""x"":1244,""y"":1047,""t"":424},{""x"":1234,""y"":961,""t"":444}]",{},"""","""","""","""","""","""","""","""","""","""","""","""","""","""","""","""","""","""","""","""","""","""","""",2021-06-16 16:45:48,,"Mozilla/5.0 (Windows NT 10.0; Win64; x64) AppleWebKit/537.36 (KHTML, like Gecko) Chrome/91.0.4472.106 Safari/537.36",WebKit,Chrome,91.0.4472.106,Windows,10.0
269,248,1,"""","""","""","""","""",two-gamble-sequence,269,1491894,0.0-18.0-1.0-2.44,main,29KKCMFL,1920,1080,exp_98,0.262294910469391,4.9,,"""","""","""","""","""","""","[{""x"":970,""y"":908,""t"":-48},{""x"":913,""y"":846,""t"":0},{""x"":1004,""y"":794,""t"":94},{""x"":1070,""y"":765,""t"":120},{""x"":1064,""y"":715,""t"":180},{""x"":921,""y"":632,""t"":288},{""x"":1013,""y"":566,""t"":307},{""x"":704,""y"":515,""t"":391},{""x"":564,""y"":493,""t"":409},{""x"":407,""y"":420,""t"":489},{""x"":251,""y"":373,""t"":542},{""x"":128,""y"":337,""t"":557},{""x"":443,""y"":332,""t"":636},{""x"":708,""y"":359,""t"":651},{""x"":1011,""y"":381,""t"":731},{""x"":1217,""y"":399,""t"":748},{""x"":1425,""y"":455,""t"":826},{""x"":1495,""y"":518,""t"":851},{""x"":1595,""y"":506,""t"":932},{""x"":1672,""y"":505,""t"":984},{""x"":1727,""y"":504,""t"":999},{""x"":1836,""y"":521,""t"":1082},{""x"":1726,""y"":566,""t"":1097},{""x"":1468,""y"":671,""t"":1179},{""x"":1388,""y"":725,""t"":1194},{""x"":1382,""y"":736,""t"":1276},{""x"":1376,""y"":742,""t"":1292},{""x"":1432,""y"":804,""t"":1373},{""x"":1380,""y"":871,""t"":1395},{""x"":1050,""y"":826,""t"":1474},{""x"":770,""y"":784,""t"":1498},{""x"":618,""y"":789,""t"":1579},{""x"":469,""y"":774,""t"":1600},{""x"":407,""y"":675,""t"":1680},{""x"":366,""y"":591,""t"":1701},{""x"":286,""y"":550,""t"":1783},{""x"":198,""y"":489,""t"":1803},{""x"":239,""y"":421,""t"":1881},{""x"":536,""y"":399,""t"":1938},{""x"":756,""y"":366,""t"":1991},{""x"":963,""y"":308,""t"":2007},{""x"":1139,""y"":255,""t"":2088},{""x"":1283,""y"":214,""t"":2109},{""x"":1369,""y"":219,""t"":2191},{""x"":1434,""y"":227,""t"":2210},{""x"":1521,""y"":205,""t"":2296},{""x"":1587,""y"":190,""t"":2312},{""x"":1573,""y"":179,""t"":2394},{""x"":1543,""y"":121,""t"":2446},{""x"":1510,""y"":74,""t"":2461},{""x"":1406,""y"":56,""t"":2539},{""x"":1313,""y"":43,""t"":2555},{""x"":1156,""y"":144,""t"":2639},{""x"":1112,""y"":246,""t"":2654},{""x"":1069,""y"":331,""t"":2734},{""x"":1044,""y"":374,""t"":2787},{""x"":1037,""y"":436,""t"":2803},{""x"":1043,""y"":477,""t"":2882},{""x"":1051,""y"":508,""t"":2898},{""x"":1053,""y"":475,""t"":2978},{""x"":1057,""y"":444,""t"":2993},{""x"":1122,""y"":507,""t"":3072},{""x"":1178,""y"":559,""t"":3094},{""x"":1272,""y"":640,""t"":3174},{""x"":1338,""y"":689,""t"":3197},{""x"":1315,""y"":705,""t"":3278},{""x"":1245,""y"":703,""t"":3300},{""x"":1105,""y"":614,""t"":3379},{""x"":954,""y"":586,""t"":3401},{""x"":820,""y"":557,""t"":3479},{""x"":710,""y"":532,""t"":3503},{""x"":614,""y"":501,""t"":3585},{""x"":538,""y"":475,""t"":3605},{""x"":484,""y"":463,""t"":3685},{""x"":495,""y"":461,""t"":3739},{""x"":512,""y"":460,""t"":3754},{""x"":502,""y"":425,""t"":3832},{""x"":537,""y"":384,""t"":3849},{""x"":527,""y"":371,""t"":3931},{""x"":523,""y"":398,""t"":3946},{""x"":670,""y"":459,""t"":4028},{""x"":745,""y"":482,""t"":4047},{""x"":725,""y"":469,""t"":4129},{""x"":707,""y"":458,""t"":4150},{""x"":689,""y"":419,""t"":4239},{""x"":673,""y"":386,""t"":4253},{""x"":748,""y"":423,""t"":4337},{""x"":711,""y"":414,""t"":4354},{""x"":828,""y"":418,""t"":4439},{""x"":944,""y"":401,""t"":4454},{""x"":1040,""y"":357,""t"":4546},{""x"":1162,""y"":335,""t"":4561},{""x"":1246,""y"":319,""t"":4643},{""x"":1312,""y"":307,""t"":4658},{""x"":1365,""y"":296,""t"":4744},{""x"":1403,""y"":289,""t"":4761},{""x"":1473,""y"":302,""t"":4846},{""x"":1526,""y"":315,""t"":4863},{""x"":1547,""y"":307,""t"":4948},{""x"":1516,""y"":257,""t"":4965},{""x"":1410,""y"":272,""t"":5048},{""x"":1300,""y"":274,""t"":5067},{""x"":1214,""y"":220,""t"":5149},{""x"":1141,""y"":174,""t"":5169},{""x"":1053,""y"":172,""t"":5253},{""x"":980,""y"":173,""t"":5271},{""x"":833,""y"":169,""t"":5351},{""x"":764,""y"":175,""t"":5404},{""x"":711,""y"":181,""t"":5419},{""x"":688,""y"":224,""t"":5501},{""x"":675,""y"":262,""t"":5515},{""x"":730,""y"":420,""t"":5594},{""x"":955,""y"":508,""t"":5610},{""x"":1161,""y"":560,""t"":5692},{""x"":1336,""y"":599,""t"":5712},{""x"":1306,""y"":731,""t"":5793},{""x"":1369,""y"":731,""t"":5846},{""x"":1418,""y"":725,""t"":5861},{""x"":1372,""y"":759,""t"":5941},{""x"":1356,""y"":771,""t"":5957},{""x"":1248,""y"":750,""t"":6037},{""x"":1151,""y"":734,""t"":6052},{""x"":1125,""y"":769,""t"":6133},{""x"":1103,""y"":797,""t"":6154},{""x"":1008,""y"":795,""t"":6238},{""x"":929,""y"":790,""t"":6256},{""x"":838,""y"":795,""t"":6335},{""x"":759,""y"":802,""t"":6358},{""x"":862,""y"":807,""t"":6440},{""x"":956,""y"":810,""t"":6460},{""x"":929,""y"":776,""t"":6540},{""x"":906,""y"":746,""t"":6562},{""x"":925,""y"":734,""t"":6645},{""x"":1059,""y"":662,""t"":6697},{""x"":997,""y"":632,""t"":6712},{""x"":1094,""y"":617,""t"":6794},{""x"":1177,""y"":607,""t"":6810},{""x"":1104,""y"":605,""t"":6890},{""x"":1039,""y"":606,""t"":6904},{""x"":961,""y"":592,""t"":6989},{""x"":882,""y"":539,""t"":7005},{""x"":883,""y"":494,""t"":7088},{""x"":847,""y"":482,""t"":7107},{""x"":815,""y"":468,""t"":7190},{""x"":790,""y"":458,""t"":7209},{""x"":712,""y"":469,""t"":7294},{""x"":648,""y"":481,""t"":7311},{""x"":625,""y"":484,""t"":7394},{""x"":609,""y"":487,""t"":7413},{""x"":583,""y"":534,""t"":7496},{""x"":565,""y"":575,""t"":7516},{""x"":628,""y"":636,""t"":7598},{""x"":685,""y"":686,""t"":7617},{""x"":637,""y"":645,""t"":7699},{""x"":597,""y"":608,""t"":7719},{""x"":631,""y"":609,""t"":7805},{""x"":684,""y"":583,""t"":7822},{""x"":763,""y"":616,""t"":7904},{""x"":824,""y"":579,""t"":7923},{""x"":912,""y"":566,""t"":8012},{""x"":964,""y"":535,""t"":8026},{""x"":1143,""y"":483,""t"":8111},{""x"":1227,""y"":435,""t"":8128},{""x"":1265,""y"":412,""t"":8216},{""x"":1290,""y"":395,""t"":8230},{""x"":1268,""y"":443,""t"":8314},{""x"":1282,""y"":494,""t"":8332},{""x"":1497,""y"":542,""t"":8413},{""x"":1470,""y"":493,""t"":8433},{""x"":1641,""y"":430,""t"":8515},{""x"":1593,""y"":396,""t"":8535},{""x"":1604,""y"":335,""t"":8619},{""x"":1635,""y"":362,""t"":8637}]",{},,0.22,0.3,0.49,0.49000000000000005,0.22,0.49,0.3,0.49000000000000005,experimental,catch_15,"{""durations"":[1250,1250,1250,1250],""attributes"":[""p"",""m"",""p"",""m""],""alternatives"":[""all"",""all"",""all"",""all""]}","""","""","""",1920,1080,"""","""","""","""","""","""",2021-06-16 16:45:48,,"Mozilla/5.0 (Windows NT 10.0; Win64; x64) AppleWebKit/537.36 (KHTML, like Gecko) Chrome/91.0.4472.106 Safari/537.36",WebKit,Chrome,91.0.4472.106,Windows,10.0
270,248,1,"""","""","""","""","""",html-keyboard-response,270,1492544,0.0-18.0-1.0-1.45,main,29KKCMFL,1920,1080,exp_98,0.262294910469391,4.9,,"<p style=""font-size:40px;"">+</p>",,"""","""","""","""","[{""x"":1743,""y"":378,""t"":-104},{""x"":1785,""y"":380,""t"":0},{""x"":1715,""y"":382,""t"":132},{""x"":1704,""y"":346,""t"":150},{""x"":1653,""y"":376,""t"":222},{""x"":1737,""y"":383,""t"":282},{""x"":1559,""y"":393,""t"":353},{""x"":1480,""y"":347,""t"":438},{""x"":1311,""y"":299,""t"":455}]",{},"""","""","""","""","""","""","""","""","""","""","""","""","""","""","""","""","""","""","""","""","""","""","""",2021-06-16 16:45:48,,"Mozilla/5.0 (Windows NT 10.0; Win64; x64) AppleWebKit/537.36 (KHTML, like Gecko) Chrome/91.0.4472.106 Safari/537.36",WebKit,Chrome,91.0.4472.106,Windows,10.0
271,248,1,"""","""","""","""","""",two-gamble-sequence,271,1498726,0.0-18.0-1.0-2.45,main,29KKCMFL,1920,1080,exp_98,0.262294910469391,4.9,511.39999997615814,"""","""","""","""","""","""","[{""x"":1258,""y"":238,""t"":-18},{""x"":1169,""y"":230,""t"":0},{""x"":1215,""y"":209,""t"":73},{""x"":1211,""y"":308,""t"":167},{""x"":1250,""y"":290,""t"":195},{""x"":1152,""y"":335,""t"":243},{""x"":1284,""y"":265,""t"":321},{""x"":1191,""y"":315,""t"":341},{""x"":1062,""y"":366,""t"":420},{""x"":1029,""y"":460,""t"":472},{""x"":1036,""y"":502,""t"":487},{""x"":954,""y"":553,""t"":581},{""x"":921,""y"":594,""t"":640},{""x"":908,""y"":600,""t"":685},{""x"":726,""y"":642,""t"":776},{""x"":575,""y"":675,""t"":793},{""x"":477,""y"":645,""t"":887},{""x"":467,""y"":684,""t"":943},{""x"":476,""y"":773,""t"":959},{""x"":445,""y"":753,""t"":1048},{""x"":419,""y"":751,""t"":1064},{""x"":488,""y"":723,""t"":1151},{""x"":582,""y"":743,""t"":1168},{""x"":679,""y"":732,""t"":1253},{""x"":783,""y"":769,""t"":1269},{""x"":761,""y"":635,""t"":1356},{""x"":740,""y"":520,""t"":1372},{""x"":673,""y"":540,""t"":1465},{""x"":756,""y"":466,""t"":1522},{""x"":827,""y"":406,""t"":1538},{""x"":1010,""y"":385,""t"":1619},{""x"":1164,""y"":371,""t"":1635},{""x"":1299,""y"":372,""t"":1716},{""x"":1412,""y"":409,""t"":1767},{""x"":1388,""y"":420,""t"":1783},{""x"":1405,""y"":438,""t"":1866},{""x"":1420,""y"":447,""t"":1881},{""x"":1480,""y"":463,""t"":1961},{""x"":1521,""y"":485,""t"":1975},{""x"":1461,""y"":507,""t"":2054},{""x"":1578,""y"":458,""t"":2105},{""x"":1561,""y"":518,""t"":2121},{""x"":1606,""y"":463,""t"":2201},{""x"":1560,""y"":489,""t"":2217},{""x"":1543,""y"":501,""t"":2296},{""x"":1526,""y"":511,""t"":2314},{""x"":1507,""y"":518,""t"":2396},{""x"":1503,""y"":500,""t"":2447},{""x"":1510,""y"":464,""t"":2463},{""x"":1488,""y"":358,""t"":2511},{""x"":1469,""y"":268,""t"":2559},{""x"":1432,""y"":244,""t"":2641},{""x"":1385,""y"":222,""t"":2656},{""x"":1313,""y"":214,""t"":2736},{""x"":1228,""y"":212,""t"":2755},{""x"":1325,""y"":273,""t"":2838},{""x"":1401,""y"":325,""t"":2857},{""x"":1293,""y"":378,""t"":2939},{""x"":962,""y"":272,""t"":2993},{""x"":780,""y"":309,""t"":3045},{""x"":632,""y"":342,""t"":3061},{""x"":491,""y"":318,""t"":3140},{""x"":518,""y"":424,""t"":3193},{""x"":551,""y"":514,""t"":3208},{""x"":521,""y"":578,""t"":3290},{""x"":502,""y"":628,""t"":3304},{""x"":556,""y"":635,""t"":3387},{""x"":617,""y"":694,""t"":3402},{""x"":845,""y"":674,""t"":3482},{""x"":921,""y"":615,""t"":3504},{""x"":906,""y"":648,""t"":3584},{""x"":890,""y"":673,""t"":3604},{""x"":1068,""y"":598,""t"":3686},{""x"":1225,""y"":537,""t"":3736},{""x"":1362,""y"":482,""t"":3752},{""x"":1411,""y"":379,""t"":3835},{""x"":1445,""y"":294,""t"":3851},{""x"":1381,""y"":266,""t"":3935},{""x"":1249,""y"":240,""t"":3951},{""x"":1271,""y"":243,""t"":4033},{""x"":1261,""y"":260,""t"":4047},{""x"":1241,""y"":298,""t"":4128},{""x"":1246,""y"":300,""t"":4182},{""x"":1239,""y"":301,""t"":4239},{""x"":1305,""y"":307,""t"":4254},{""x"":1420,""y"":300,""t"":4333},{""x"":1491,""y"":264,""t"":4384},{""x"":1547,""y"":235,""t"":4399},{""x"":1525,""y"":375,""t"":4479},{""x"":1561,""y"":501,""t"":4494},{""x"":1567,""y"":544,""t"":4575},{""x"":1568,""y"":577,""t"":4591},{""x"":1520,""y"":568,""t"":4671},{""x"":1393,""y"":591,""t"":4693},{""x"":1414,""y"":526,""t"":4772},{""x"":1348,""y"":578,""t"":4829},{""x"":1240,""y"":562,""t"":4884},{""x"":1190,""y"":550,""t"":4899},{""x"":1245,""y"":601,""t"":4978},{""x"":1293,""y"":626,""t"":4999},{""x"":1351,""y"":592,""t"":5082},{""x"":1401,""y"":562,""t"":5101},{""x"":1444,""y"":505,""t"":5183},{""x"":1479,""y"":456,""t"":5203},{""x"":1485,""y"":475,""t"":5282},{""x"":1487,""y"":493,""t"":5305},{""x"":1408,""y"":500,""t"":5386},{""x"":1251,""y"":535,""t"":5437},{""x"":1118,""y"":566,""t"":5451},{""x"":1005,""y"":559,""t"":5531},{""x"":914,""y"":553,""t"":5546},{""x"":812,""y"":552,""t"":5628},{""x"":732,""y"":551,""t"":5646},{""x"":669,""y"":511,""t"":5727},{""x"":587,""y"":416,""t"":5778},{""x"":524,""y"":336,""t"":5793},{""x"":500,""y"":341,""t"":5874},{""x"":559,""y"":319,""t"":5889},{""x"":651,""y"":356,""t"":5967},{""x"":716,""y"":406,""t"":5985},{""x"":759,""y"":379,""t"":6067},{""x"":775,""y"":384,""t"":6086}]",{},j,0.31,0.16999999999999998,0.51,0.32,0.31,0.51,0.16999999999999998,0.32,experimental,catch_10,"{""durations"":[1250,1250,1250,1250],""attributes"":[""all"",""all"",""all"",""all""],""alternatives"":[0,1,0,1]}",1,0.51,0.32,1920,1080,"""","""","""","""","""","""",2021-06-16 16:45:48,,"Mozilla/5.0 (Windows NT 10.0; Win64; x64) AppleWebKit/537.36 (KHTML, like Gecko) Chrome/91.0.4472.106 Safari/537.36",WebKit,Chrome,91.0.4472.106,Windows,10.0
272,248,1,"""","""","""","""","""",html-keyboard-response,272,1499230,0.0-18.0-1.0-1.46,main,29KKCMFL,1920,1080,exp_98,0.262294910469391,4.9,,"<p style=""font-size:40px;"">+</p>",,"""","""","""","""","[{""x"":853,""y"":452,""t"":-16},{""x"":953,""y"":531,""t"":0},{""x"":1131,""y"":564,""t"":90},{""x"":1279,""y"":589,""t"":105},{""x"":1118,""y"":566,""t"":186},{""x"":979,""y"":557,""t"":205},{""x"":880,""y"":613,""t"":291},{""x"":849,""y"":637,""t"":307},{""x"":845,""y"":675,""t"":389},{""x"":824,""y"":620,""t"":409}]",{},"""","""","""","""","""","""","""","""","""","""","""","""","""","""","""","""","""","""","""","""","""","""","""",2021-06-16 16:45:48,,"Mozilla/5.0 (Windows NT 10.0; Win64; x64) AppleWebKit/537.36 (KHTML, like Gecko) Chrome/91.0.4472.106 Safari/537.36",WebKit,Chrome,91.0.4472.106,Windows,10.0
273,248,1,"""","""","""","""","""",two-gamble-sequence,273,1505309,0.0-18.0-1.0-2.46,main,29KKCMFL,1920,1080,exp_98,0.262294910469391,4.9,403.5,"""","""","""","""","""","""","[{""x"":789,""y"":604,""t"":-15},{""x"":816,""y"":602,""t"":0},{""x"":768,""y"":602,""t"":90},{""x"":756,""y"":659,""t"":117},{""x"":933,""y"":705,""t"":177},{""x"":1107,""y"":720,""t"":282},{""x"":1191,""y"":667,""t"":307},{""x"":1117,""y"":617,""t"":385},{""x"":1006,""y"":604,""t"":440},{""x"":909,""y"":593,""t"":455},{""x"":865,""y"":607,""t"":533},{""x"":832,""y"":597,""t"":548},{""x"":716,""y"":603,""t"":626},{""x"":589,""y"":541,""t"":677},{""x"":486,""y"":488,""t"":691},{""x"":552,""y"":548,""t"":769},{""x"":614,""y"":602,""t"":785},{""x"":779,""y"":632,""t"":865},{""x"":941,""y"":625,""t"":921},{""x"":1126,""y"":642,""t"":978},{""x"":1280,""y"":656,""t"":993},{""x"":1308,""y"":671,""t"":1075},{""x"":1358,""y"":661,""t"":1090},{""x"":1320,""y"":685,""t"":1171},{""x"":1331,""y"":718,""t"":1191},{""x"":1297,""y"":720,""t"":1269},{""x"":1325,""y"":739,""t"":1294},{""x"":1128,""y"":663,""t"":1374},{""x"":1024,""y"":587,""t"":1396},{""x"":868,""y"":546,""t"":1475},{""x"":851,""y"":468,""t"":1525},{""x"":816,""y"":436,""t"":1540},{""x"":891,""y"":414,""t"":1618},{""x"":959,""y"":399,""t"":1634},{""x"":1059,""y"":396,""t"":1712},{""x"":1058,""y"":392,""t"":1735},{""x"":1112,""y"":385,""t"":1814},{""x"":1220,""y"":361,""t"":1838},{""x"":1302,""y"":364,""t"":1915},{""x"":1369,""y"":368,""t"":1939},{""x"":1215,""y"":436,""t"":2018},{""x"":1054,""y"":506,""t"":2069},{""x"":889,""y"":543,""t"":2084},{""x"":725,""y"":560,""t"":2163},{""x"":550,""y"":529,""t"":2178},{""x"":531,""y"":613,""t"":2255},{""x"":617,""y"":588,""t"":2279},{""x"":685,""y"":701,""t"":2356},{""x"":786,""y"":751,""t"":2412},{""x"":895,""y"":799,""t"":2428},{""x"":1031,""y"":709,""t"":2508},{""x"":1114,""y"":664,""t"":2522},{""x"":1015,""y"":610,""t"":2606},{""x"":939,""y"":568,""t"":2622},{""x"":1049,""y"":554,""t"":2700},{""x"":1171,""y"":566,""t"":2721},{""x"":1287,""y"":540,""t"":2802},{""x"":1381,""y"":488,""t"":2854},{""x"":1456,""y"":446,""t"":2870},{""x"":1472,""y"":468,""t"":2950},{""x"":1479,""y"":489,""t"":2966},{""x"":1415,""y"":548,""t"":3045},{""x"":1356,""y"":599,""t"":3060},{""x"":1327,""y"":640,""t"":3141},{""x"":1166,""y"":665,""t"":3192},{""x"":1053,""y"":678,""t"":3208},{""x"":893,""y"":765,""t"":3287},{""x"":714,""y"":689,""t"":3301},{""x"":583,""y"":666,""t"":3383},{""x"":482,""y"":645,""t"":3400},{""x"":384,""y"":643,""t"":3480},{""x"":383,""y"":619,""t"":3532},{""x"":334,""y"":627,""t"":3547},{""x"":285,""y"":624,""t"":3627},{""x"":252,""y"":622,""t"":3642},{""x"":285,""y"":647,""t"":3721},{""x"":320,""y"":668,""t"":3741},{""x"":419,""y"":571,""t"":3820},{""x"":525,""y"":480,""t"":3843},{""x"":586,""y"":440,""t"":3921},{""x"":648,""y"":399,""t"":3977},{""x"":700,""y"":366,""t"":3992},{""x"":754,""y"":346,""t"":4074},{""x"":771,""y"":332,""t"":4091},{""x"":903,""y"":423,""t"":4176},{""x"":979,""y"":502,""t"":4192},{""x"":1109,""y"":422,""t"":4274},{""x"":1269,""y"":449,""t"":4290},{""x"":1173,""y"":454,""t"":4370},{""x"":1099,""y"":446,""t"":4387},{""x"":1097,""y"":484,""t"":4466},{""x"":1092,""y"":517,""t"":4490},{""x"":1092,""y"":492,""t"":4568},{""x"":1089,""y"":469,""t"":4591},{""x"":1040,""y"":465,""t"":4672},{""x"":902,""y"":539,""t"":4723},{""x"":797,""y"":587,""t"":4738},{""x"":675,""y"":556,""t"":4820},{""x"":575,""y"":527,""t"":4835},{""x"":503,""y"":520,""t"":4916},{""x"":449,""y"":513,""t"":4933},{""x"":421,""y"":585,""t"":5015},{""x"":403,""y"":647,""t"":5033},{""x"":501,""y"":636,""t"":5114},{""x"":589,""y"":624,""t"":5134},{""x"":631,""y"":625,""t"":5215},{""x"":667,""y"":625,""t"":5237},{""x"":748,""y"":616,""t"":5317},{""x"":831,""y"":609,""t"":5369},{""x"":900,""y"":602,""t"":5385},{""x"":900,""y"":626,""t"":5468},{""x"":897,""y"":646,""t"":5483},{""x"":901,""y"":691,""t"":5568},{""x"":902,""y"":729,""t"":5584},{""x"":837,""y"":721,""t"":5667},{""x"":823,""y"":706,""t"":5683},{""x"":852,""y"":727,""t"":5765},{""x"":871,""y"":710,""t"":5780},{""x"":872,""y"":701,""t"":5858},{""x"":763,""y"":678,""t"":5916},{""x"":747,""y"":617,""t"":5931},{""x"":850,""y"":590,""t"":5979}]",{},f,0.79,0.2,0.7,0.32,0.79,0.7,0.2,0.32,experimental,exp_33,"{""durations"":[1500,1000,1500,1000],""alternatives"":[""all"",""all"",""all"",""all""],""attributes"":[""p"",""m"",""p"",""m""]}",0,0.79,0.2,1920,1080,"""","""","""","""","""","""",2021-06-16 16:45:48,,"Mozilla/5.0 (Windows NT 10.0; Win64; x64) AppleWebKit/537.36 (KHTML, like Gecko) Chrome/91.0.4472.106 Safari/537.36",WebKit,Chrome,91.0.4472.106,Windows,10.0
274,248,1,"""","""","""","""","""",html-keyboard-response,274,1505910,0.0-18.0-1.0-1.47,main,29KKCMFL,1920,1080,exp_98,0.262294910469391,4.9,,"<p style=""font-size:40px;"">+</p>",,"""","""","""","""","[{""x"":1053,""y"":600,""t"":-143},{""x"":1065,""y"":722,""t"":0},{""x"":1040,""y"":671,""t"":100},{""x"":1005,""y"":666,""t"":116},{""x"":915,""y"":676,""t"":201},{""x"":837,""y"":685,""t"":215},{""x"":827,""y"":667,""t"":298},{""x"":819,""y"":651,""t"":312},{""x"":798,""y"":656,""t"":391},{""x"":782,""y"":659,""t"":409}]",{},"""","""","""","""","""","""","""","""","""","""","""","""","""","""","""","""","""","""","""","""","""","""","""",2021-06-16 16:45:48,,"Mozilla/5.0 (Windows NT 10.0; Win64; x64) AppleWebKit/537.36 (KHTML, like Gecko) Chrome/91.0.4472.106 Safari/537.36",WebKit,Chrome,91.0.4472.106,Windows,10.0
275,248,1,"""","""","""","""","""",two-gamble-sequence,275,1511926,0.0-18.0-1.0-2.47,main,29KKCMFL,1920,1080,exp_98,0.262294910469391,4.9,398.1999999284744,"""","""","""","""","""","""","[{""x"":791,""y"":669,""t"":-17},{""x"":827,""y"":687,""t"":0},{""x"":837,""y"":673,""t"":74},{""x"":989,""y"":679,""t"":169},{""x"":1075,""y"":662,""t"":204},{""x"":1100,""y"":628,""t"":288},{""x"":1030,""y"":603,""t"":308},{""x"":978,""y"":619,""t"":390},{""x"":933,""y"":633,""t"":409},{""x"":868,""y"":591,""t"":493},{""x"":830,""y"":568,""t"":511},{""x"":916,""y"":500,""t"":593},{""x"":969,""y"":453,""t"":614},{""x"":1076,""y"":441,""t"":693},{""x"":1166,""y"":433,""t"":715},{""x"":1222,""y"":455,""t"":795},{""x"":1269,""y"":421,""t"":848},{""x"":1304,""y"":394,""t"":864},{""x"":1270,""y"":424,""t"":944},{""x"":1227,""y"":464,""t"":959},{""x"":1290,""y"":531,""t"":1040},{""x"":1341,""y"":588,""t"":1057},{""x"":1392,""y"":618,""t"":1138},{""x"":1432,""y"":641,""t"":1158},{""x"":1444,""y"":691,""t"":1238},{""x"":1450,""y"":732,""t"":1260},{""x"":1425,""y"":672,""t"":1340},{""x"":1445,""y"":648,""t"":1360},{""x"":1498,""y"":626,""t"":1442},{""x"":1565,""y"":598,""t"":1497},{""x"":1614,""y"":574,""t"":1553},{""x"":1653,""y"":554,""t"":1568},{""x"":1686,""y"":542,""t"":1645},{""x"":1652,""y"":530,""t"":1668},{""x"":1612,""y"":488,""t"":1748},{""x"":1247,""y"":428,""t"":1799},{""x"":935,""y"":379,""t"":1814},{""x"":746,""y"":334,""t"":1896},{""x"":595,""y"":299,""t"":1911},{""x"":439,""y"":282,""t"":1993},{""x"":319,""y"":271,""t"":2008},{""x"":194,""y"":373,""t"":2087},{""x"":100,""y"":463,""t"":2108},{""x"":66,""y"":534,""t"":2188},{""x"":72,""y"":510,""t"":2210},{""x"":92,""y"":571,""t"":2293},{""x"":119,""y"":622,""t"":2312},{""x"":93,""y"":631,""t"":2395},{""x"":77,""y"":635,""t"":2414},{""x"":137,""y"":651,""t"":2498},{""x"":193,""y"":661,""t"":2516},{""x"":229,""y"":677,""t"":2597},{""x"":267,""y"":692,""t"":2648},{""x"":301,""y"":702,""t"":2665},{""x"":354,""y"":621,""t"":2746},{""x"":420,""y"":571,""t"":2761},{""x"":466,""y"":513,""t"":2840},{""x"":503,""y"":464,""t"":2856},{""x"":580,""y"":420,""t"":2934},{""x"":749,""y"":466,""t"":2986},{""x"":889,""y"":507,""t"":3001},{""x"":1026,""y"":612,""t"":3082},{""x"":1135,""y"":702,""t"":3098},{""x"":1345,""y"":659,""t"":3177},{""x"":1514,""y"":640,""t"":3196},{""x"":1548,""y"":594,""t"":3277},{""x"":1549,""y"":585,""t"":3330},{""x"":1551,""y"":563,""t"":3345},{""x"":1544,""y"":545,""t"":3424},{""x"":1529,""y"":530,""t"":3438},{""x"":1482,""y"":587,""t"":3526},{""x"":1437,""y"":637,""t"":3542},{""x"":1396,""y"":661,""t"":3624},{""x"":1360,""y"":680,""t"":3640},{""x"":1323,""y"":677,""t"":3720},{""x"":1359,""y"":674,""t"":3741},{""x"":1185,""y"":609,""t"":3822},{""x"":1037,""y"":553,""t"":3844},{""x"":974,""y"":521,""t"":3926},{""x"":925,""y"":496,""t"":3946},{""x"":957,""y"":519,""t"":4027},{""x"":933,""y"":503,""t"":4081},{""x"":869,""y"":467,""t"":4139},{""x"":818,""y"":437,""t"":4154},{""x"":768,""y"":471,""t"":4235},{""x"":731,""y"":502,""t"":4251},{""x"":677,""y"":551,""t"":4334},{""x"":636,""y"":592,""t"":4353},{""x"":595,""y"":648,""t"":4433},{""x"":539,""y"":699,""t"":4491},{""x"":522,""y"":784,""t"":4544},{""x"":565,""y"":866,""t"":4559},{""x"":568,""y"":866,""t"":4637},{""x"":578,""y"":886,""t"":4690},{""x"":590,""y"":900,""t"":4705},{""x"":583,""y"":963,""t"":4784},{""x"":621,""y"":1018,""t"":4798},{""x"":548,""y"":1017,""t"":4878},{""x"":500,""y"":1018,""t"":4897},{""x"":457,""y"":977,""t"":4979},{""x"":435,""y"":969,""t"":4999},{""x"":458,""y"":881,""t"":5082},{""x"":460,""y"":825,""t"":5100},{""x"":504,""y"":763,""t"":5181},{""x"":523,""y"":704,""t"":5202},{""x"":527,""y"":664,""t"":5287},{""x"":529,""y"":632,""t"":5305},{""x"":529,""y"":584,""t"":5388},{""x"":487,""y"":573,""t"":5440},{""x"":542,""y"":507,""t"":5496},{""x"":589,""y"":491,""t"":5511},{""x"":622,""y"":518,""t"":5593},{""x"":605,""y"":488,""t"":5610},{""x"":689,""y"":663,""t"":5692},{""x"":785,""y"":749,""t"":5746},{""x"":958,""y"":762,""t"":5802},{""x"":1102,""y"":771,""t"":5818},{""x"":1051,""y"":744,""t"":5901},{""x"":993,""y"":757,""t"":5917}]",{},f,0.58,0.49000000000000005,0.38,0.6900000000000001,0.58,0.38,0.49000000000000005,0.6900000000000001,experimental,exp_100,"{""durations"":[1500,1000,1500,1000],""alternatives"":[1,0,1,0],""attributes"":[""all"",""all"",""all"",""all""]}",0,0.58,0.49000000000000005,1920,1080,"""","""","""","""","""","""",2021-06-16 16:45:48,,"Mozilla/5.0 (Windows NT 10.0; Win64; x64) AppleWebKit/537.36 (KHTML, like Gecko) Chrome/91.0.4472.106 Safari/537.36",WebKit,Chrome,91.0.4472.106,Windows,10.0
276,248,1,"""","""","""","""","""",html-keyboard-response,276,1512439,0.0-18.0-1.0-1.48,main,29KKCMFL,1920,1080,exp_98,0.262294910469391,4.9,,"<p style=""font-size:40px;"">+</p>",,"""","""","""","""","[{""x"":894,""y"":741,""t"":-18},{""x"":835,""y"":748,""t"":0},{""x"":760,""y"":764,""t"":101},{""x"":696,""y"":776,""t"":116},{""x"":615,""y"":773,""t"":198},{""x"":532,""y"":766,""t"":213},{""x"":513,""y"":766,""t"":295},{""x"":509,""y"":765,""t"":311},{""x"":498,""y"":740,""t"":391},{""x"":492,""y"":718,""t"":409}]",{},"""","""","""","""","""","""","""","""","""","""","""","""","""","""","""","""","""","""","""","""","""","""","""",2021-06-16 16:45:48,,"Mozilla/5.0 (Windows NT 10.0; Win64; x64) AppleWebKit/537.36 (KHTML, like Gecko) Chrome/91.0.4472.106 Safari/537.36",WebKit,Chrome,91.0.4472.106,Windows,10.0
277,248,1,"""","""","""","""","""",two-gamble-sequence,277,1518598,0.0-18.0-1.0-2.48,main,29KKCMFL,1920,1080,exp_98,0.262294910469391,4.9,461.89999997615814,"""","""","""","""","""","""","[{""x"":635,""y"":689,""t"":-18},{""x"":792,""y"":639,""t"":0},{""x"":894,""y"":688,""t"":109},{""x"":1129,""y"":744,""t"":183},{""x"":1266,""y"":702,""t"":206},{""x"":1329,""y"":683,""t"":283},{""x"":1241,""y"":696,""t"":337},{""x"":1126,""y"":694,""t"":353},{""x"":1037,""y"":700,""t"":433},{""x"":960,""y"":647,""t"":449},{""x"":1024,""y"":638,""t"":530},{""x"":1079,""y"":630,""t"":545},{""x"":1173,""y"":601,""t"":627},{""x"":1330,""y"":587,""t"":648},{""x"":1404,""y"":583,""t"":728},{""x"":1461,""y"":581,""t"":748},{""x"":1524,""y"":609,""t"":825},{""x"":1473,""y"":672,""t"":881},{""x"":1424,""y"":726,""t"":897},{""x"":1383,""y"":754,""t"":979},{""x"":1402,""y"":769,""t"":994},{""x"":1427,""y"":780,""t"":1081},{""x"":1445,""y"":780,""t"":1097},{""x"":1410,""y"":730,""t"":1176},{""x"":1378,""y"":686,""t"":1193},{""x"":1430,""y"":626,""t"":1272},{""x"":1475,""y"":574,""t"":1293},{""x"":1479,""y"":519,""t"":1373},{""x"":1481,""y"":474,""t"":1395},{""x"":1354,""y"":520,""t"":1475},{""x"":1455,""y"":500,""t"":1497},{""x"":1318,""y"":476,""t"":1575},{""x"":1196,""y"":522,""t"":1624},{""x"":1022,""y"":552,""t"":1641},{""x"":787,""y"":474,""t"":1719},{""x"":611,""y"":397,""t"":1735},{""x"":489,""y"":346,""t"":1815},{""x"":385,""y"":334,""t"":1868},{""x"":351,""y"":378,""t"":1884},{""x"":433,""y"":542,""t"":1967},{""x"":513,""y"":684,""t"":1983},{""x"":528,""y"":742,""t"":2061},{""x"":545,""y"":788,""t"":2078},{""x"":516,""y"":815,""t"":2159},{""x"":494,""y"":833,""t"":2177},{""x"":420,""y"":855,""t"":2256},{""x"":360,""y"":869,""t"":2279},{""x"":402,""y"":780,""t"":2360},{""x"":345,""y"":628,""t"":2412},{""x"":300,""y"":498,""t"":2428},{""x"":264,""y"":428,""t"":2507},{""x"":237,""y"":373,""t"":2524},{""x"":275,""y"":347,""t"":2606},{""x"":332,""y"":357,""t"":2623},{""x"":355,""y"":420,""t"":2704},{""x"":449,""y"":430,""t"":2721},{""x"":508,""y"":471,""t"":2801},{""x"":482,""y"":525,""t"":2855},{""x"":457,""y"":572,""t"":2871},{""x"":741,""y"":579,""t"":2952},{""x"":960,""y"":606,""t"":2968},{""x"":1116,""y"":573,""t"":3049},{""x"":1284,""y"":525,""t"":3064},{""x"":1451,""y"":503,""t"":3144},{""x"":1582,""y"":485,""t"":3163},{""x"":1604,""y"":457,""t"":3243},{""x"":1570,""y"":433,""t"":3265},{""x"":1496,""y"":490,""t"":3345},{""x"":1486,""y"":510,""t"":3367},{""x"":1401,""y"":549,""t"":3447},{""x"":1353,""y"":615,""t"":3499},{""x"":1310,""y"":670,""t"":3515},{""x"":1286,""y"":634,""t"":3593},{""x"":1304,""y"":598,""t"":3612},{""x"":1369,""y"":616,""t"":3695},{""x"":1424,""y"":630,""t"":3709},{""x"":1402,""y"":637,""t"":3789},{""x"":1417,""y"":612,""t"":3809},{""x"":1466,""y"":605,""t"":3891},{""x"":1398,""y"":590,""t"":3911},{""x"":1391,""y"":582,""t"":3993},{""x"":1385,""y"":574,""t"":4013},{""x"":1238,""y"":658,""t"":4094},{""x"":1038,""y"":617,""t"":4150},{""x"":920,""y"":685,""t"":4201},{""x"":737,""y"":623,""t"":4219},{""x"":656,""y"":687,""t"":4302},{""x"":531,""y"":643,""t"":4319},{""x"":428,""y"":720,""t"":4397},{""x"":323,""y"":669,""t"":4450},{""x"":243,""y"":624,""t"":4465},{""x"":240,""y"":584,""t"":4544},{""x"":284,""y"":570,""t"":4559},{""x"":270,""y"":559,""t"":4643},{""x"":256,""y"":529,""t"":4660},{""x"":262,""y"":478,""t"":4741},{""x"":278,""y"":465,""t"":4761},{""x"":252,""y"":467,""t"":4843},{""x"":285,""y"":470,""t"":4896},{""x"":285,""y"":529,""t"":4912},{""x"":278,""y"":585,""t"":4965},{""x"":325,""y"":495,""t"":5054},{""x"":308,""y"":518,""t"":5069},{""x"":295,""y"":622,""t"":5151},{""x"":285,""y"":710,""t"":5169},{""x"":321,""y"":787,""t"":5252},{""x"":352,""y"":850,""t"":5272},{""x"":311,""y"":753,""t"":5351},{""x"":344,""y"":751,""t"":5404},{""x"":358,""y"":773,""t"":5420},{""x"":376,""y"":750,""t"":5499},{""x"":394,""y"":727,""t"":5515},{""x"":381,""y"":767,""t"":5597},{""x"":405,""y"":788,""t"":5613},{""x"":771,""y"":731,""t"":5695},{""x"":1081,""y"":682,""t"":5713},{""x"":1329,""y"":626,""t"":5795},{""x"":1346,""y"":644,""t"":5814},{""x"":1315,""y"":700,""t"":5896},{""x"":1378,""y"":665,""t"":5950},{""x"":1472,""y"":645,""t"":5965},{""x"":1259,""y"":656,""t"":6045},{""x"":1166,""y"":680,""t"":6061}]",{},f,0.79,0.2,0.7,0.32,0.79,0.7,0.2,0.32,experimental,exp_34,"{""durations"":[1000,1500,1000,1500],""alternatives"":[1,0,1,0],""attributes"":[""all"",""all"",""all"",""all""]}",0,0.79,0.2,1920,1080,"""","""","""","""","""","""",2021-06-16 16:45:48,,"Mozilla/5.0 (Windows NT 10.0; Win64; x64) AppleWebKit/537.36 (KHTML, like Gecko) Chrome/91.0.4472.106 Safari/537.36",WebKit,Chrome,91.0.4472.106,Windows,10.0
278,248,1,"""","""","""","""","""",html-keyboard-response,278,1519261,0.0-18.0-1.0-1.49,main,29KKCMFL,1920,1080,exp_98,0.262294910469391,4.9,,"<p style=""font-size:40px;"">+</p>",,"""","""","""","""","[{""x"":1032,""y"":727,""t"":-108},{""x"":1027,""y"":710,""t"":0},{""x"":1006,""y"":730,""t"":109},{""x"":974,""y"":728,""t"":167},{""x"":948,""y"":726,""t"":183},{""x"":913,""y"":716,""t"":264},{""x"":885,""y"":707,""t"":280},{""x"":844,""y"":704,""t"":377},{""x"":848,""y"":717,""t"":452},{""x"":853,""y"":728,""t"":477}]",{},"""","""","""","""","""","""","""","""","""","""","""","""","""","""","""","""","""","""","""","""","""","""","""",2021-06-16 16:45:48,,"Mozilla/5.0 (Windows NT 10.0; Win64; x64) AppleWebKit/537.36 (KHTML, like Gecko) Chrome/91.0.4472.106 Safari/537.36",WebKit,Chrome,91.0.4472.106,Windows,10.0
279,248,1,"""","""","""","""","""",two-gamble-sequence,279,1525592,0.0-18.0-1.0-2.49,main,29KKCMFL,1920,1080,exp_98,0.262294910469391,4.9,565.3999999761581,"""","""","""","""","""","""","[{""x"":916,""y"":701,""t"":-18},{""x"":994,""y"":715,""t"":0},{""x"":1087,""y"":668,""t"":76},{""x"":1266,""y"":678,""t"":169},{""x"":1329,""y"":643,""t"":197},{""x"":1353,""y"":626,""t"":245},{""x"":1246,""y"":661,""t"":326},{""x"":1172,""y"":665,""t"":342},{""x"":1063,""y"":687,""t"":424},{""x"":978,""y"":663,""t"":443},{""x"":987,""y"":683,""t"":522},{""x"":1074,""y"":672,""t"":575},{""x"":1150,""y"":662,""t"":589},{""x"":976,""y"":591,""t"":672},{""x"":827,""y"":531,""t"":688},{""x"":693,""y"":445,""t"":766},{""x"":583,""y"":374,""t"":782},{""x"":449,""y"":269,""t"":866},{""x"":341,""y"":183,""t"":886},{""x"":261,""y"":137,""t"":964},{""x"":201,""y"":104,""t"":987},{""x"":141,""y"":87,""t"":1072},{""x"":98,""y"":78,""t"":1089},{""x"":341,""y"":201,""t"":1173},{""x"":556,""y"":311,""t"":1192},{""x"":796,""y"":408,""t"":1272},{""x"":1004,""y"":492,""t"":1324},{""x"":1176,""y"":562,""t"":1340},{""x"":1338,""y"":550,""t"":1425},{""x"":1553,""y"":606,""t"":1441},{""x"":1618,""y"":643,""t"":1521},{""x"":1660,""y"":670,""t"":1537},{""x"":1639,""y"":715,""t"":1617},{""x"":1609,""y"":749,""t"":1633},{""x"":1669,""y"":772,""t"":1716},{""x"":1712,""y"":788,""t"":1735},{""x"":1660,""y"":790,""t"":1814},{""x"":1596,""y"":764,""t"":1867},{""x"":1516,""y"":713,""t"":1882},{""x"":1287,""y"":741,""t"":1959},{""x"":1095,""y"":709,""t"":1974},{""x"":922,""y"":705,""t"":2057},{""x"":780,""y"":700,""t"":2075},{""x"":679,""y"":717,""t"":2161},{""x"":603,""y"":731,""t"":2176},{""x"":480,""y"":709,""t"":2256},{""x"":424,""y"":686,""t"":2309},{""x"":387,""y"":666,""t"":2325},{""x"":324,""y"":654,""t"":2405},{""x"":279,""y"":645,""t"":2421},{""x"":292,""y"":641,""t"":2502},{""x"":312,""y"":637,""t"":2518},{""x"":344,""y"":547,""t"":2598},{""x"":414,""y"":478,""t"":2619},{""x"":631,""y"":443,""t"":2700},{""x"":843,""y"":464,""t"":2751},{""x"":1012,""y"":460,""t"":2767},{""x"":1109,""y"":427,""t"":2845},{""x"":1185,""y"":400,""t"":2861},{""x"":1209,""y"":379,""t"":2943},{""x"":1222,""y"":363,""t"":2958},{""x"":1268,""y"":384,""t"":3043},{""x"":1302,""y"":404,""t"":3060},{""x"":1149,""y"":448,""t"":3142},{""x"":1001,""y"":507,""t"":3197},{""x"":874,""y"":561,""t"":3250},{""x"":767,""y"":605,""t"":3265},{""x"":668,""y"":573,""t"":3357},{""x"":560,""y"":579,""t"":3374},{""x"":585,""y"":660,""t"":3455},{""x"":730,""y"":680,""t"":3469},{""x"":845,""y"":738,""t"":3550},{""x"":1048,""y"":745,""t"":3602},{""x"":1034,""y"":755,""t"":3616},{""x"":1013,""y"":711,""t"":3671},{""x"":985,""y"":706,""t"":3720},{""x"":983,""y"":709,""t"":3803},{""x"":979,""y"":711,""t"":3819},{""x"":942,""y"":678,""t"":3902},{""x"":911,""y"":649,""t"":3918},{""x"":943,""y"":654,""t"":3999},{""x"":971,""y"":659,""t"":4015},{""x"":987,""y"":658,""t"":4094},{""x"":999,""y"":657,""t"":4116},{""x"":1075,""y"":652,""t"":4195},{""x"":1139,""y"":648,""t"":4217},{""x"":1318,""y"":604,""t"":4301},{""x"":1468,""y"":567,""t"":4319},{""x"":1575,""y"":502,""t"":4401},{""x"":1552,""y"":509,""t"":4453},{""x"":1429,""y"":501,""t"":4468},{""x"":1315,""y"":551,""t"":4550},{""x"":1231,""y"":616,""t"":4566},{""x"":1202,""y"":688,""t"":4645},{""x"":1177,""y"":749,""t"":4659},{""x"":1026,""y"":791,""t"":4741},{""x"":900,""y"":823,""t"":4761},{""x"":804,""y"":808,""t"":4844},{""x"":727,""y"":793,""t"":4862},{""x"":780,""y"":773,""t"":4944},{""x"":836,""y"":865,""t"":4997},{""x"":822,""y"":947,""t"":5012},{""x"":959,""y"":890,""t"":5095},{""x"":1078,""y"":838,""t"":5111},{""x"":1037,""y"":786,""t"":5196},{""x"":1122,""y"":794,""t"":5213},{""x"":1036,""y"":732,""t"":5293},{""x"":982,""y"":683,""t"":5309},{""x"":1054,""y"":650,""t"":5390},{""x"":1126,""y"":648,""t"":5406},{""x"":1234,""y"":654,""t"":5490},{""x"":1252,""y"":626,""t"":5509},{""x"":1164,""y"":567,""t"":5590},{""x"":1090,""y"":517,""t"":5610},{""x"":980,""y"":497,""t"":5691},{""x"":921,""y"":436,""t"":5712},{""x"":789,""y"":470,""t"":5795},{""x"":679,""y"":503,""t"":5814},{""x"":647,""y"":486,""t"":5896},{""x"":626,""y"":472,""t"":5916},{""x"":543,""y"":468,""t"":6001},{""x"":477,""y"":466,""t"":6018},{""x"":457,""y"":536,""t"":6099},{""x"":543,""y"":620,""t"":6157},{""x"":577,""y"":649,""t"":6214},{""x"":641,""y"":720,""t"":6229}]",{},j,0.29,0.5,0.7,0.18,0.7,0.29,0.18,0.5,experimental,exp_11,"{""durations"":[1000,1500,1000,1500],""alternatives"":[""all"",""all"",""all"",""all""],""attributes"":[""m"",""p"",""m"",""p""]}",0,0.7,0.18,1920,1080,"""","""","""","""","""","""",2021-06-16 16:45:48,,"Mozilla/5.0 (Windows NT 10.0; Win64; x64) AppleWebKit/537.36 (KHTML, like Gecko) Chrome/91.0.4472.106 Safari/537.36",WebKit,Chrome,91.0.4472.106,Windows,10.0
280,248,1,"""","""","""","""","""",html-keyboard-response,280,1526134,0.0-18.0-1.0-1.50,main,29KKCMFL,1920,1080,exp_98,0.262294910469391,4.9,,"<p style=""font-size:40px;"">+</p>",,"""","""","""","""","[{""x"":1036,""y"":700,""t"":-16},{""x"":1333,""y"":660,""t"":0},{""x"":1558,""y"":660,""t"":118},{""x"":1652,""y"":588,""t"":136},{""x"":1585,""y"":641,""t"":224},{""x"":1433,""y"":662,""t"":240},{""x"":1342,""y"":609,""t"":323},{""x"":1223,""y"":579,""t"":340},{""x"":1162,""y"":625,""t"":423},{""x"":1090,""y"":680,""t"":442}]",{},"""","""","""","""","""","""","""","""","""","""","""","""","""","""","""","""","""","""","""","""","""","""","""",2021-06-16 16:45:48,,"Mozilla/5.0 (Windows NT 10.0; Win64; x64) AppleWebKit/537.36 (KHTML, like Gecko) Chrome/91.0.4472.106 Safari/537.36",WebKit,Chrome,91.0.4472.106,Windows,10.0
281,248,1,"""","""","""","""","""",two-gamble-sequence,281,1532356,0.0-18.0-1.0-2.50,main,29KKCMFL,1920,1080,exp_98,0.262294910469391,4.9,596.3000000715256,"""","""","""","""","""","""","[{""x"":962,""y"":681,""t"":-16},{""x"":855,""y"":639,""t"":0},{""x"":835,""y"":641,""t"":104},{""x"":823,""y"":642,""t"":149},{""x"":789,""y"":600,""t"":232},{""x"":801,""y"":594,""t"":247},{""x"":797,""y"":688,""t"":331},{""x"":798,""y"":770,""t"":345},{""x"":758,""y"":832,""t"":424},{""x"":737,""y"":875,""t"":442},{""x"":709,""y"":924,""t"":520},{""x"":557,""y"":841,""t"":572},{""x"":377,""y"":739,""t"":589},{""x"":227,""y"":747,""t"":668},{""x"":107,""y"":754,""t"":683},{""x"":259,""y"":822,""t"":767},{""x"":398,""y"":880,""t"":783},{""x"":514,""y"":890,""t"":862},{""x"":611,""y"":905,""t"":915},{""x"":693,""y"":916,""t"":931},{""x"":746,""y"":913,""t"":1011},{""x"":787,""y"":909,""t"":1030},{""x"":830,""y"":926,""t"":1111},{""x"":862,""y"":939,""t"":1127},{""x"":854,""y"":927,""t"":1207},{""x"":844,""y"":916,""t"":1226},{""x"":772,""y"":858,""t"":1308},{""x"":709,""y"":787,""t"":1327},{""x"":661,""y"":689,""t"":1405},{""x"":866,""y"":656,""t"":1457},{""x"":1040,""y"":631,""t"":1473},{""x"":1209,""y"":597,""t"":1553},{""x"":1348,""y"":570,""t"":1567},{""x"":1520,""y"":556,""t"":1648},{""x"":1575,""y"":578,""t"":1667},{""x"":1452,""y"":552,""t"":1749},{""x"":1337,""y"":532,""t"":1769},{""x"":1238,""y"":494,""t"":1849},{""x"":1352,""y"":554,""t"":1900},{""x"":1448,""y"":609,""t"":1916},{""x"":1517,""y"":642,""t"":1996},{""x"":1572,""y"":671,""t"":2011},{""x"":1604,""y"":683,""t"":2090},{""x"":1626,""y"":692,""t"":2109},{""x"":1616,""y"":622,""t"":2188},{""x"":1596,""y"":572,""t"":2241},{""x"":1582,""y"":522,""t"":2257},{""x"":1555,""y"":478,""t"":2333},{""x"":1570,""y"":495,""t"":2349},{""x"":1465,""y"":526,""t"":2428},{""x"":1426,""y"":579,""t"":2449},{""x"":1307,""y"":703,""t"":2529},{""x"":1208,""y"":807,""t"":2551},{""x"":1040,""y"":874,""t"":2633},{""x"":900,""y"":904,""t"":2685},{""x"":822,""y"":927,""t"":2702},{""x"":723,""y"":937,""t"":2748},{""x"":646,""y"":942,""t"":2796},{""x"":542,""y"":928,""t"":2883},{""x"":462,""y"":912,""t"":2900},{""x"":423,""y"":818,""t"":2982},{""x"":303,""y"":734,""t"":2998},{""x"":263,""y"":644,""t"":3080},{""x"":238,""y"":568,""t"":3095},{""x"":355,""y"":576,""t"":3177},{""x"":409,""y"":559,""t"":3229},{""x"":648,""y"":623,""t"":3246},{""x"":726,""y"":734,""t"":3295},{""x"":929,""y"":745,""t"":3345},{""x"":1072,""y"":784,""t"":3431},{""x"":1230,""y"":793,""t"":3446},{""x"":1283,""y"":819,""t"":3527},{""x"":1287,""y"":843,""t"":3542},{""x"":1369,""y"":819,""t"":3625},{""x"":1408,""y"":819,""t"":3641},{""x"":1552,""y"":817,""t"":3727},{""x"":1638,""y"":850,""t"":3743},{""x"":1601,""y"":791,""t"":3827},{""x"":1607,""y"":690,""t"":3843},{""x"":1725,""y"":574,""t"":3927},{""x"":1688,""y"":599,""t"":3944},{""x"":1609,""y"":582,""t"":4026},{""x"":1595,""y"":544,""t"":4046},{""x"":1609,""y"":548,""t"":4128},{""x"":1574,""y"":557,""t"":4148},{""x"":1478,""y"":571,""t"":4231},{""x"":1394,""y"":583,""t"":4250},{""x"":1351,""y"":554,""t"":4332},{""x"":1317,""y"":529,""t"":4352},{""x"":1256,""y"":551,""t"":4433},{""x"":1207,""y"":571,""t"":4455},{""x"":1198,""y"":622,""t"":4537},{""x"":1222,""y"":633,""t"":4556},{""x"":1089,""y"":714,""t"":4658},{""x"":1133,""y"":720,""t"":4717},{""x"":1176,""y"":723,""t"":4733},{""x"":1180,""y"":742,""t"":4816},{""x"":1159,""y"":773,""t"":4832},{""x"":1041,""y"":711,""t"":4914},{""x"":915,""y"":627,""t"":4930},{""x"":803,""y"":516,""t"":5012},{""x"":745,""y"":497,""t"":5034},{""x"":575,""y"":376,""t"":5115},{""x"":436,""y"":275,""t"":5135},{""x"":458,""y"":275,""t"":5217},{""x"":485,""y"":281,""t"":5237},{""x"":459,""y"":258,""t"":5318},{""x"":446,""y"":307,""t"":5370},{""x"":501,""y"":325,""t"":5385},{""x"":508,""y"":385,""t"":5466},{""x"":517,""y"":438,""t"":5481},{""x"":550,""y"":475,""t"":5562},{""x"":579,""y"":506,""t"":5577},{""x"":642,""y"":593,""t"":5657},{""x"":616,""y"":613,""t"":5711},{""x"":586,""y"":669,""t"":5727},{""x"":585,""y"":682,""t"":5776},{""x"":548,""y"":709,""t"":5825},{""x"":535,""y"":725,""t"":5909},{""x"":526,""y"":737,""t"":5924},{""x"":497,""y"":730,""t"":6006},{""x"":474,""y"":721,""t"":6021},{""x"":471,""y"":709,""t"":6105},{""x"":470,""y"":697,""t"":6122}]",{},f,0.72,0.42000000000000004,0.51,0.52,0.72,0.51,0.42000000000000004,0.52,experimental,exp_70,"{""durations"":[1000,1500,1000,1500],""alternatives"":[0,1,0,1],""attributes"":[""all"",""all"",""all"",""all""]}",0,0.72,0.42000000000000004,1920,1080,"""","""","""","""","""","""",2021-06-16 16:45:48,,"Mozilla/5.0 (Windows NT 10.0; Win64; x64) AppleWebKit/537.36 (KHTML, like Gecko) Chrome/91.0.4472.106 Safari/537.36",WebKit,Chrome,91.0.4472.106,Windows,10.0
282,248,1,"""","""","""","""","""",html-keyboard-response,282,1532863,0.0-18.0-1.0-1.51,main,29KKCMFL,1920,1080,exp_98,0.262294910469391,4.9,,"<p style=""font-size:40px;"">+</p>",,"""","""","""","""","[{""x"":566,""y"":767,""t"":-17},{""x"":840,""y"":870,""t"":0},{""x"":1073,""y"":946,""t"":94},{""x"":1267,""y"":1023,""t"":109},{""x"":1361,""y"":1022,""t"":190},{""x"":1430,""y"":1017,""t"":205},{""x"":1392,""y"":975,""t"":287},{""x"":1350,""y"":936,""t"":306},{""x"":1155,""y"":883,""t"":389},{""x"":1221,""y"":792,""t"":408}]",{},"""","""","""","""","""","""","""","""","""","""","""","""","""","""","""","""","""","""","""","""","""","""","""",2021-06-16 16:45:48,,"Mozilla/5.0 (Windows NT 10.0; Win64; x64) AppleWebKit/537.36 (KHTML, like Gecko) Chrome/91.0.4472.106 Safari/537.36",WebKit,Chrome,91.0.4472.106,Windows,10.0
283,248,1,"""","""","""","""","""",two-gamble-sequence,283,1539137,0.0-18.0-1.0-2.51,main,29KKCMFL,1920,1080,exp_98,0.262294910469391,4.9,559.3000000715256,"""","""","""","""","""","""","[{""x"":1102,""y"":707,""t"":-17},{""x"":999,""y"":636,""t"":0},{""x"":885,""y"":573,""t"":103},{""x"":827,""y"":575,""t"":186},{""x"":781,""y"":580,""t"":204},{""x"":737,""y"":557,""t"":297},{""x"":673,""y"":572,""t"":312},{""x"":575,""y"":544,""t"":391},{""x"":474,""y"":590,""t"":409},{""x"":340,""y"":661,""t"":489},{""x"":352,""y"":675,""t"":544},{""x"":308,""y"":673,""t"":598},{""x"":277,""y"":670,""t"":613},{""x"":287,""y"":679,""t"":691},{""x"":313,""y"":734,""t"":743},{""x"":428,""y"":830,""t"":759},{""x"":569,""y"":908,""t"":838},{""x"":691,""y"":972,""t"":853},{""x"":781,""y"":1025,""t"":951},{""x"":863,""y"":1064,""t"":969},{""x"":928,""y"":1093,""t"":1022},{""x"":922,""y"":1057,""t"":1106},{""x"":911,""y"":1022,""t"":1123},{""x"":869,""y"":969,""t"":1202},{""x"":830,""y"":922,""t"":1224},{""x"":691,""y"":847,""t"":1303},{""x"":576,""y"":790,""t"":1354},{""x"":479,""y"":743,""t"":1369},{""x"":452,""y"":715,""t"":1451},{""x"":433,""y"":694,""t"":1466},{""x"":417,""y"":654,""t"":1550},{""x"":406,""y"":623,""t"":1567},{""x"":409,""y"":622,""t"":1647},{""x"":414,""y"":623,""t"":1667},{""x"":662,""y"":583,""t"":1746},{""x"":851,""y"":528,""t"":1797},{""x"":1009,""y"":484,""t"":1813},{""x"":1122,""y"":448,""t"":1892},{""x"":1252,""y"":447,""t"":1908},{""x"":1366,""y"":420,""t"":1987},{""x"":1407,""y"":378,""t"":2039},{""x"":1433,""y"":346,""t"":2055},{""x"":1491,""y"":354,""t"":2134},{""x"":1533,""y"":363,""t"":2150},{""x"":1568,""y"":383,""t"":2230},{""x"":1592,""y"":402,""t"":2244},{""x"":1653,""y"":407,""t"":2323},{""x"":1596,""y"":391,""t"":2374},{""x"":1540,""y"":378,""t"":2390},{""x"":1491,""y"":391,""t"":2469},{""x"":1446,""y"":402,""t"":2485},{""x"":1388,""y"":388,""t"":2566},{""x"":1338,""y"":376,""t"":2586},{""x"":1317,""y"":415,""t"":2664},{""x"":1301,""y"":449,""t"":2687},{""x"":1291,""y"":502,""t"":2767},{""x"":1284,""y"":633,""t"":2789},{""x"":1310,""y"":703,""t"":2867},{""x"":1308,""y"":752,""t"":2891},{""x"":1321,""y"":733,""t"":2970},{""x"":1332,""y"":712,""t"":2993},{""x"":1084,""y"":683,""t"":3074},{""x"":911,""y"":626,""t"":3096},{""x"":688,""y"":584,""t"":3175},{""x"":505,""y"":548,""t"":3197},{""x"":390,""y"":456,""t"":3279},{""x"":326,""y"":414,""t"":3330},{""x"":283,""y"":380,""t"":3345},{""x"":260,""y"":361,""t"":3424},{""x"":250,""y"":348,""t"":3439},{""x"":353,""y"":341,""t"":3524},{""x"":448,""y"":339,""t"":3539},{""x"":515,""y"":387,""t"":3621},{""x"":574,""y"":430,""t"":3638},{""x"":658,""y"":479,""t"":3720},{""x"":728,""y"":520,""t"":3740},{""x"":801,""y"":583,""t"":3822},{""x"":866,""y"":641,""t"":3873},{""x"":918,""y"":688,""t"":3887},{""x"":923,""y"":687,""t"":3964},{""x"":924,""y"":684,""t"":3980},{""x"":958,""y"":668,""t"":4059},{""x"":944,""y"":657,""t"":4114},{""x"":928,""y"":653,""t"":4170},{""x"":913,""y"":649,""t"":4185},{""x"":942,""y"":702,""t"":4268},{""x"":965,""y"":747,""t"":4285},{""x"":1006,""y"":779,""t"":4364},{""x"":931,""y"":749,""t"":4417},{""x"":866,""y"":721,""t"":4431},{""x"":866,""y"":719,""t"":4515},{""x"":868,""y"":677,""t"":4530},{""x"":1009,""y"":640,""t"":4611},{""x"":1130,""y"":609,""t"":4628},{""x"":1199,""y"":622,""t"":4709},{""x"":1255,""y"":634,""t"":4727},{""x"":1310,""y"":624,""t"":4810},{""x"":1352,""y"":616,""t"":4829},{""x"":1430,""y"":623,""t"":4909},{""x"":1491,""y"":630,""t"":4931},{""x"":1546,""y"":631,""t"":5011},{""x"":1528,""y"":585,""t"":5062},{""x"":1508,""y"":546,""t"":5078},{""x"":1515,""y"":509,""t"":5155},{""x"":1518,""y"":478,""t"":5171},{""x"":1478,""y"":447,""t"":5251},{""x"":1461,""y"":432,""t"":5271},{""x"":1441,""y"":430,""t"":5353},{""x"":1423,""y"":430,""t"":5373},{""x"":1383,""y"":429,""t"":5455},{""x"":1348,""y"":430,""t"":5475},{""x"":1213,""y"":505,""t"":5557},{""x"":1054,""y"":512,""t"":5577},{""x"":991,""y"":674,""t"":5660},{""x"":858,""y"":685,""t"":5680},{""x"":812,""y"":762,""t"":5763},{""x"":701,""y"":731,""t"":5782},{""x"":764,""y"":748,""t"":5862},{""x"":770,""y"":700,""t"":5916},{""x"":809,""y"":673,""t"":5932},{""x"":815,""y"":652,""t"":5980},{""x"":770,""y"":716,""t"":6028},{""x"":750,""y"":758,""t"":6110},{""x"":735,""y"":793,""t"":6125},{""x"":917,""y"":793,""t"":6207}]",{},f,0.41,0.18,0.21,0.62,0.41,0.21,0.18,0.62,experimental,exp_56,"{""durations"":[1500,1000,1500,1000],""alternatives"":[0,1,0,1],""attributes"":[""all"",""all"",""all"",""all""]}",0,0.41,0.18,1920,1080,"""","""","""","""","""","""",2021-06-16 16:45:48,,"Mozilla/5.0 (Windows NT 10.0; Win64; x64) AppleWebKit/537.36 (KHTML, like Gecko) Chrome/91.0.4472.106 Safari/537.36",WebKit,Chrome,91.0.4472.106,Windows,10.0
284,248,1,"""","""","""","""","""",html-keyboard-response,284,1539769,0.0-18.0-1.0-1.52,main,29KKCMFL,1920,1080,exp_98,0.262294910469391,4.9,,"<p style=""font-size:40px;"">+</p>",,"""","""","""","""","[{""x"":965,""y"":843,""t"":-143},{""x"":1033,""y"":954,""t"":0},{""x"":1023,""y"":941,""t"":104},{""x"":1073,""y"":871,""t"":167},{""x"":1113,""y"":808,""t"":182},{""x"":1212,""y"":763,""t"":269},{""x"":1293,""y"":726,""t"":285},{""x"":1302,""y"":663,""t"":371},{""x"":1305,""y"":612,""t"":386},{""x"":1223,""y"":611,""t"":469}]",{},"""","""","""","""","""","""","""","""","""","""","""","""","""","""","""","""","""","""","""","""","""","""","""",2021-06-16 16:45:48,,"Mozilla/5.0 (Windows NT 10.0; Win64; x64) AppleWebKit/537.36 (KHTML, like Gecko) Chrome/91.0.4472.106 Safari/537.36",WebKit,Chrome,91.0.4472.106,Windows,10.0
285,248,1,"""","""","""","""","""",two-gamble-sequence,285,1546060,0.0-18.0-1.0-2.52,main,29KKCMFL,1920,1080,exp_98,0.262294910469391,4.9,563.4000000953674,"""","""","""","""","""","""","[{""x"":1072,""y"":616,""t"":-52},{""x"":988,""y"":537,""t"":0},{""x"":860,""y"":447,""t"":92},{""x"":671,""y"":460,""t"":126},{""x"":681,""y"":516,""t"":187},{""x"":647,""y"":562,""t"":262},{""x"":671,""y"":609,""t"":313},{""x"":676,""y"":620,""t"":394},{""x"":615,""y"":649,""t"":410},{""x"":560,""y"":679,""t"":493},{""x"":493,""y"":681,""t"":511},{""x"":447,""y"":692,""t"":595},{""x"":452,""y"":702,""t"":614},{""x"":489,""y"":694,""t"":694},{""x"":528,""y"":685,""t"":714},{""x"":794,""y"":676,""t"":795},{""x"":1023,""y"":668,""t"":817},{""x"":1204,""y"":635,""t"":896},{""x"":1289,""y"":630,""t"":949},{""x"":1352,""y"":627,""t"":965},{""x"":1458,""y"":667,""t"":1046},{""x"":1539,""y"":702,""t"":1063},{""x"":1462,""y"":723,""t"":1145},{""x"":1441,""y"":755,""t"":1161},{""x"":1466,""y"":750,""t"":1241},{""x"":1519,""y"":768,""t"":1259},{""x"":1487,""y"":751,""t"":1340},{""x"":1492,""y"":738,""t"":1361},{""x"":1476,""y"":716,""t"":1443},{""x"":1459,""y"":696,""t"":1463},{""x"":1426,""y"":637,""t"":1541},{""x"":1385,""y"":555,""t"":1596},{""x"":1348,""y"":487,""t"":1612},{""x"":1131,""y"":486,""t"":1689},{""x"":947,""y"":489,""t"":1704},{""x"":759,""y"":463,""t"":1785},{""x"":652,""y"":486,""t"":1803},{""x"":571,""y"":465,""t"":1884},{""x"":489,""y"":453,""t"":1938},{""x"":429,""y"":446,""t"":1953},{""x"":368,""y"":453,""t"":2035},{""x"":324,""y"":460,""t"":2051},{""x"":441,""y"":465,""t"":2131},{""x"":549,""y"":470,""t"":2145},{""x"":672,""y"":482,""t"":2228},{""x"":778,""y"":492,""t"":2246},{""x"":865,""y"":509,""t"":2326},{""x"":937,""y"":523,""t"":2347},{""x"":1026,""y"":534,""t"":2427},{""x"":1098,""y"":544,""t"":2449},{""x"":1141,""y"":529,""t"":2535},{""x"":1172,""y"":517,""t"":2552},{""x"":1189,""y"":527,""t"":2637},{""x"":1198,""y"":536,""t"":2653},{""x"":959,""y"":555,""t"":2735},{""x"":752,""y"":571,""t"":2754},{""x"":559,""y"":628,""t"":2838},{""x"":400,""y"":675,""t"":2856},{""x"":396,""y"":711,""t"":2938},{""x"":402,""y"":739,""t"":2959},{""x"":421,""y"":696,""t"":3040},{""x"":360,""y"":679,""t"":3091},{""x"":313,""y"":664,""t"":3106},{""x"":605,""y"":693,""t"":3185},{""x"":879,""y"":702,""t"":3200},{""x"":1084,""y"":691,""t"":3282},{""x"":1215,""y"":680,""t"":3298},{""x"":1414,""y"":650,""t"":3379},{""x"":1492,""y"":668,""t"":3434},{""x"":1514,""y"":645,""t"":3448},{""x"":1653,""y"":634,""t"":3529},{""x"":1761,""y"":625,""t"":3544},{""x"":1543,""y"":588,""t"":3630},{""x"":1313,""y"":640,""t"":3646},{""x"":1191,""y"":644,""t"":3729},{""x"":1086,""y"":646,""t"":3744},{""x"":973,""y"":639,""t"":3827},{""x"":909,""y"":618,""t"":3843},{""x"":807,""y"":636,""t"":3927},{""x"":738,""y"":674,""t"":3945},{""x"":702,""y"":709,""t"":4024},{""x"":600,""y"":698,""t"":4082},{""x"":541,""y"":700,""t"":4136},{""x"":474,""y"":619,""t"":4151},{""x"":457,""y"":491,""t"":4233},{""x"":420,""y"":412,""t"":4250},{""x"":634,""y"":435,""t"":4331},{""x"":822,""y"":458,""t"":4353},{""x"":969,""y"":436,""t"":4436},{""x"":1091,""y"":420,""t"":4455},{""x"":1242,""y"":374,""t"":4538},{""x"":1365,""y"":338,""t"":4557},{""x"":1447,""y"":329,""t"":4638},{""x"":1509,""y"":325,""t"":4659},{""x"":1557,""y"":290,""t"":4740},{""x"":1612,""y"":256,""t"":4794},{""x"":1609,""y"":223,""t"":4809},{""x"":1326,""y"":263,""t"":4857},{""x"":1156,""y"":276,""t"":4905},{""x"":1000,""y"":333,""t"":4983},{""x"":871,""y"":383,""t"":4999},{""x"":711,""y"":406,""t"":5079},{""x"":578,""y"":430,""t"":5132},{""x"":474,""y"":449,""t"":5147},{""x"":496,""y"":526,""t"":5231},{""x"":524,""y"":590,""t"":5246},{""x"":481,""y"":570,""t"":5327},{""x"":404,""y"":513,""t"":5343},{""x"":467,""y"":509,""t"":5423},{""x"":483,""y"":535,""t"":5441},{""x"":530,""y"":641,""t"":5521},{""x"":562,""y"":638,""t"":5543},{""x"":757,""y"":686,""t"":5626},{""x"":950,""y"":659,""t"":5645},{""x"":1085,""y"":743,""t"":5726},{""x"":1256,""y"":774,""t"":5779},{""x"":1328,""y"":747,""t"":5794},{""x"":1290,""y"":728,""t"":5878},{""x"":1354,""y"":744,""t"":5894},{""x"":1254,""y"":735,""t"":5976},{""x"":1237,""y"":710,""t"":5992},{""x"":1151,""y"":736,""t"":6076},{""x"":1074,""y"":758,""t"":6093},{""x"":1027,""y"":758,""t"":6175},{""x"":988,""y"":757,""t"":6191}]",{},f,0.58,0.49000000000000005,0.38,0.6900000000000001,0.58,0.38,0.49000000000000005,0.6900000000000001,experimental,exp_103,"{""durations"":[1000,1500,1000,1500],""alternatives"":[""all"",""all"",""all"",""all""],""attributes"":[""p"",""m"",""p"",""m""]}",0,0.58,0.49000000000000005,1920,1080,"""","""","""","""","""","""",2021-06-16 16:45:48,,"Mozilla/5.0 (Windows NT 10.0; Win64; x64) AppleWebKit/537.36 (KHTML, like Gecko) Chrome/91.0.4472.106 Safari/537.36",WebKit,Chrome,91.0.4472.106,Windows,10.0
286,248,1,"""","""","""","""","""",html-keyboard-response,286,1546603,0.0-18.0-1.0-1.53,main,29KKCMFL,1920,1080,exp_98,0.262294910469391,4.9,,"<p style=""font-size:40px;"">+</p>",,"""","""","""","""","[{""x"":893,""y"":760,""t"":-16},{""x"":814,""y"":763,""t"":0},{""x"":921,""y"":780,""t"":117},{""x"":1062,""y"":770,""t"":137},{""x"":1098,""y"":751,""t"":219},{""x"":1148,""y"":678,""t"":239},{""x"":1167,""y"":712,""t"":329},{""x"":1182,""y"":741,""t"":344},{""x"":1113,""y"":707,""t"":427},{""x"":1062,""y"":680,""t"":443}]",{},"""","""","""","""","""","""","""","""","""","""","""","""","""","""","""","""","""","""","""","""","""","""","""",2021-06-16 16:45:48,,"Mozilla/5.0 (Windows NT 10.0; Win64; x64) AppleWebKit/537.36 (KHTML, like Gecko) Chrome/91.0.4472.106 Safari/537.36",WebKit,Chrome,91.0.4472.106,Windows,10.0
287,248,1,"""","""","""","""","""",two-gamble-sequence,287,1552762,0.0-18.0-1.0-2.53,main,29KKCMFL,1920,1080,exp_98,0.262294910469391,4.9,391.5,"""","""","""","""","""","""","[{""x"":1020,""y"":657,""t"":-17},{""x"":985,""y"":628,""t"":0},{""x"":936,""y"":615,""t"":115},{""x"":896,""y"":606,""t"":137},{""x"":1002,""y"":598,""t"":231},{""x"":984,""y"":608,""t"":268},{""x"":957,""y"":632,""t"":316},{""x"":894,""y"":646,""t"":398},{""x"":842,""y"":659,""t"":413},{""x"":763,""y"":645,""t"":495},{""x"":651,""y"":653,""t"":511},{""x"":626,""y"":722,""t"":592},{""x"":568,""y"":750,""t"":643},{""x"":523,""y"":772,""t"":658},{""x"":681,""y"":780,""t"":740},{""x"":820,""y"":786,""t"":756},{""x"":942,""y"":764,""t"":841},{""x"":1044,""y"":745,""t"":858},{""x"":1112,""y"":736,""t"":938},{""x"":1166,""y"":728,""t"":954},{""x"":1217,""y"":727,""t"":1035},{""x"":1256,""y"":726,""t"":1056},{""x"":1249,""y"":686,""t"":1137},{""x"":1238,""y"":651,""t"":1156},{""x"":1279,""y"":634,""t"":1237},{""x"":1286,""y"":648,""t"":1259},{""x"":1422,""y"":574,""t"":1341},{""x"":1492,""y"":528,""t"":1360},{""x"":1463,""y"":503,""t"":1438},{""x"":1432,""y"":484,""t"":1462},{""x"":1391,""y"":465,""t"":1541},{""x"":1326,""y"":425,""t"":1594},{""x"":1269,""y"":394,""t"":1609},{""x"":1103,""y"":375,""t"":1692},{""x"":933,""y"":331,""t"":1706},{""x"":772,""y"":340,""t"":1790},{""x"":640,""y"":351,""t"":1806},{""x"":555,""y"":362,""t"":1884},{""x"":442,""y"":383,""t"":1904},{""x"":567,""y"":398,""t"":1985},{""x"":683,""y"":411,""t"":2006},{""x"":752,""y"":466,""t"":2084},{""x"":833,""y"":507,""t"":2136},{""x"":834,""y"":512,""t"":2151},{""x"":767,""y"":526,""t"":2229},{""x"":709,""y"":537,""t"":2245},{""x"":655,""y"":566,""t"":2327},{""x"":626,""y"":590,""t"":2379},{""x"":601,""y"":615,""t"":2394},{""x"":548,""y"":645,""t"":2445},{""x"":505,""y"":668,""t"":2494},{""x"":731,""y"":703,""t"":2576},{""x"":927,""y"":731,""t"":2593},{""x"":1019,""y"":719,""t"":2673},{""x"":1098,""y"":717,""t"":2689},{""x"":1255,""y"":729,""t"":2773},{""x"":1382,""y"":737,""t"":2789},{""x"":1515,""y"":702,""t"":2869},{""x"":1605,""y"":671,""t"":2921},{""x"":1672,""y"":645,""t"":2936},{""x"":1641,""y"":663,""t"":3014},{""x"":1605,""y"":679,""t"":3029},{""x"":1365,""y"":722,""t"":3108},{""x"":1186,""y"":699,""t"":3161},{""x"":1034,""y"":678,""t"":3176},{""x"":909,""y"":640,""t"":3256},{""x"":808,""y"":608,""t"":3272},{""x"":698,""y"":592,""t"":3350},{""x"":611,""y"":579,""t"":3366},{""x"":566,""y"":676,""t"":3447},{""x"":675,""y"":737,""t"":3504},{""x"":959,""y"":704,""t"":3556},{""x"":1047,""y"":742,""t"":3573},{""x"":1099,""y"":711,""t"":3652},{""x"":1070,""y"":662,""t"":3705},{""x"":1095,""y"":682,""t"":3721},{""x"":985,""y"":622,""t"":3806},{""x"":996,""y"":586,""t"":3822},{""x"":985,""y"":603,""t"":3870},{""x"":975,""y"":619,""t"":3918},{""x"":1049,""y"":589,""t"":4000},{""x"":1112,""y"":563,""t"":4016},{""x"":1148,""y"":547,""t"":4099},{""x"":1176,""y"":534,""t"":4115},{""x"":1247,""y"":529,""t"":4197},{""x"":1288,""y"":505,""t"":4248},{""x"":1323,""y"":478,""t"":4263},{""x"":1129,""y"":498,""t"":4340},{""x"":924,""y"":528,""t"":4356},{""x"":770,""y"":539,""t"":4437},{""x"":643,""y"":549,""t"":4455},{""x"":506,""y"":559,""t"":4535},{""x"":423,""y"":532,""t"":4586},{""x"":360,""y"":510,""t"":4601},{""x"":335,""y"":520,""t"":4681},{""x"":321,""y"":528,""t"":4697},{""x"":365,""y"":494,""t"":4783},{""x"":295,""y"":457,""t"":4798},{""x"":431,""y"":492,""t"":4882},{""x"":584,""y"":504,""t"":4898},{""x"":733,""y"":596,""t"":4979},{""x"":858,""y"":674,""t"":4999},{""x"":1014,""y"":688,""t"":5082},{""x"":1141,""y"":697,""t"":5101},{""x"":1225,""y"":666,""t"":5183},{""x"":1288,""y"":637,""t"":5203},{""x"":1204,""y"":553,""t"":5285},{""x"":1125,""y"":480,""t"":5305},{""x"":1062,""y"":413,""t"":5384},{""x"":1007,""y"":353,""t"":5408},{""x"":942,""y"":350,""t"":5491},{""x"":886,""y"":351,""t"":5509},{""x"":992,""y"":371,""t"":5590},{""x"":1061,""y"":376,""t"":5643},{""x"":1139,""y"":429,""t"":5658},{""x"":1208,""y"":585,""t"":5738},{""x"":1189,""y"":671,""t"":5754},{""x"":1247,""y"":715,""t"":5838},{""x"":1294,""y"":749,""t"":5852},{""x"":1250,""y"":784,""t"":5937},{""x"":1321,""y"":760,""t"":5951},{""x"":1403,""y"":736,""t"":6032},{""x"":1471,""y"":712,""t"":6053}]",{},j,0.21,0.62,0.41,0.18,0.41,0.21,0.18,0.62,experimental,exp_63,"{""durations"":[1000,1500,1000,1500],""alternatives"":[""all"",""all"",""all"",""all""],""attributes"":[""p"",""m"",""p"",""m""]}",0,0.41,0.18,1920,1080,"""","""","""","""","""","""",2021-06-16 16:45:48,,"Mozilla/5.0 (Windows NT 10.0; Win64; x64) AppleWebKit/537.36 (KHTML, like Gecko) Chrome/91.0.4472.106 Safari/537.36",WebKit,Chrome,91.0.4472.106,Windows,10.0
288,248,1,"""","""","""","""","""",html-keyboard-response,288,1553434,0.0-18.0-1.0-1.54,main,29KKCMFL,1920,1080,exp_98,0.262294910469391,4.9,,"<p style=""font-size:40px;"">+</p>",,"""","""","""","""","[{""x"":1448,""y"":649,""t"":-111},{""x"":1477,""y"":734,""t"":0},{""x"":1392,""y"":837,""t"":109},{""x"":1519,""y"":795,""t"":169},{""x"":1433,""y"":759,""t"":198},{""x"":1169,""y"":740,""t"":259},{""x"":1013,""y"":725,""t"":332},{""x"":884,""y"":711,""t"":380},{""x"":767,""y"":660,""t"":460},{""x"":675,""y"":616,""t"":476}]",{},"""","""","""","""","""","""","""","""","""","""","""","""","""","""","""","""","""","""","""","""","""","""","""",2021-06-16 16:45:48,,"Mozilla/5.0 (Windows NT 10.0; Win64; x64) AppleWebKit/537.36 (KHTML, like Gecko) Chrome/91.0.4472.106 Safari/537.36",WebKit,Chrome,91.0.4472.106,Windows,10.0
289,248,1,"""","""","""","""","""",two-gamble-sequence,289,1559689,0.0-18.0-1.0-2.54,main,29KKCMFL,1920,1080,exp_98,0.262294910469391,4.9,637.8999999761581,"""","""","""","""","""","""","[{""x"":664,""y"":612,""t"":-18},{""x"":663,""y"":610,""t"":0},{""x"":684,""y"":591,""t"":113},{""x"":701,""y"":517,""t"":137},{""x"":734,""y"":530,""t"":226},{""x"":910,""y"":551,""t"":257},{""x"":957,""y"":548,""t"":307},{""x"":818,""y"":597,""t"":388},{""x"":1029,""y"":593,""t"":442},{""x"":1225,""y"":594,""t"":459},{""x"":1323,""y"":570,""t"":507},{""x"":1448,""y"":603,""t"":555},{""x"":1565,""y"":587,""t"":633},{""x"":1669,""y"":582,""t"":649},{""x"":1590,""y"":658,""t"":730},{""x"":1513,""y"":723,""t"":749},{""x"":1498,""y"":774,""t"":831},{""x"":1474,""y"":789,""t"":852},{""x"":1554,""y"":753,""t"":936},{""x"":1556,""y"":705,""t"":953},{""x"":1542,""y"":655,""t"":1036},{""x"":1522,""y"":581,""t"":1055},{""x"":1558,""y"":541,""t"":1138},{""x"":1587,""y"":509,""t"":1157},{""x"":1579,""y"":483,""t"":1236},{""x"":1548,""y"":456,""t"":1289},{""x"":1520,""y"":435,""t"":1304},{""x"":1508,""y"":418,""t"":1380},{""x"":1498,""y"":406,""t"":1396},{""x"":1509,""y"":385,""t"":1478},{""x"":1518,""y"":370,""t"":1497},{""x"":1529,""y"":366,""t"":1579},{""x"":1538,""y"":366,""t"":1599},{""x"":1301,""y"":406,""t"":1683},{""x"":1093,""y"":416,""t"":1701},{""x"":941,""y"":437,""t"":1783},{""x"":824,""y"":457,""t"":1834},{""x"":726,""y"":488,""t"":1850},{""x"":580,""y"":487,""t"":1901},{""x"":464,""y"":486,""t"":1952},{""x"":349,""y"":527,""t"":2034},{""x"":261,""y"":562,""t"":2050},{""x"":301,""y"":547,""t"":2134},{""x"":346,""y"":533,""t"":2150},{""x"":325,""y"":547,""t"":2232},{""x"":314,""y"":559,""t"":2246},{""x"":315,""y"":607,""t"":2326},{""x"":320,""y"":646,""t"":2347},{""x"":338,""y"":654,""t"":2426},{""x"":357,""y"":659,""t"":2450},{""x"":356,""y"":692,""t"":2530},{""x"":361,""y"":721,""t"":2582},{""x"":367,""y"":744,""t"":2598},{""x"":404,""y"":777,""t"":2679},{""x"":393,""y"":753,""t"":2696},{""x"":339,""y"":748,""t"":2782},{""x"":370,""y"":741,""t"":2797},{""x"":568,""y"":752,""t"":2882},{""x"":836,""y"":748,""t"":2898},{""x"":1047,""y"":732,""t"":2984},{""x"":1220,""y"":717,""t"":2999},{""x"":1347,""y"":692,""t"":3080},{""x"":1444,""y"":671,""t"":3095},{""x"":1430,""y"":674,""t"":3179},{""x"":1655,""y"":649,""t"":3197},{""x"":1739,""y"":603,""t"":3278},{""x"":1799,""y"":566,""t"":3298},{""x"":1832,""y"":594,""t"":3380},{""x"":1936,""y"":583,""t"":3401},{""x"":1922,""y"":573,""t"":3481},{""x"":1782,""y"":580,""t"":3536},{""x"":1780,""y"":579,""t"":3550},{""x"":1715,""y"":597,""t"":3629},{""x"":1656,""y"":612,""t"":3644},{""x"":1604,""y"":623,""t"":3725},{""x"":1558,""y"":632,""t"":3740},{""x"":1423,""y"":596,""t"":3822},{""x"":1188,""y"":566,""t"":3842},{""x"":987,""y"":547,""t"":3923},{""x"":823,""y"":531,""t"":3944},{""x"":748,""y"":522,""t"":4025},{""x"":721,""y"":517,""t"":4046},{""x"":700,""y"":494,""t"":4130},{""x"":811,""y"":487,""t"":4149},{""x"":851,""y"":510,""t"":4231},{""x"":801,""y"":503,""t"":4251},{""x"":871,""y"":478,""t"":4330},{""x"":945,""y"":431,""t"":4383},{""x"":1010,""y"":391,""t"":4399},{""x"":969,""y"":388,""t"":4483},{""x"":933,""y"":386,""t"":4499},{""x"":789,""y"":440,""t"":4584},{""x"":668,""y"":569,""t"":4599},{""x"":562,""y"":531,""t"":4681},{""x"":477,""y"":497,""t"":4697},{""x"":427,""y"":484,""t"":4779},{""x"":392,""y"":442,""t"":4795},{""x"":397,""y"":412,""t"":4879},{""x"":408,""y"":387,""t"":4896},{""x"":403,""y"":420,""t"":4981},{""x"":402,""y"":449,""t"":4999},{""x"":351,""y"":392,""t"":5079},{""x"":292,""y"":345,""t"":5134},{""x"":231,""y"":316,""t"":5150},{""x"":184,""y"":293,""t"":5199},{""x"":148,""y"":275,""t"":5245},{""x"":156,""y"":268,""t"":5325},{""x"":168,""y"":264,""t"":5341},{""x"":255,""y"":374,""t"":5428},{""x"":331,""y"":469,""t"":5444},{""x"":401,""y"":501,""t"":5524},{""x"":460,""y"":526,""t"":5543},{""x"":499,""y"":511,""t"":5632},{""x"":530,""y"":495,""t"":5648},{""x"":751,""y"":560,""t"":5733},{""x"":1006,""y"":627,""t"":5748},{""x"":1248,""y"":756,""t"":5829},{""x"":1405,""y"":770,""t"":5849},{""x"":1488,""y"":768,""t"":5931},{""x"":1546,""y"":762,""t"":5952},{""x"":1437,""y"":748,""t"":6034},{""x"":1352,""y"":756,""t"":6053},{""x"":1290,""y"":739,""t"":6136},{""x"":1232,""y"":722,""t"":6155}]",{},j,0.2,0.6799999999999999,0.8,0.4,0.8,0.2,0.4,0.6799999999999999,experimental,exp_72,"{""durations"":[1500,1000,1500,1000],""alternatives"":[0,1,0,1],""attributes"":[""all"",""all"",""all"",""all""]}",0,0.8,0.4,1920,1080,"""","""","""","""","""","""",2021-06-16 16:45:48,,"Mozilla/5.0 (Windows NT 10.0; Win64; x64) AppleWebKit/537.36 (KHTML, like Gecko) Chrome/91.0.4472.106 Safari/537.36",WebKit,Chrome,91.0.4472.106,Windows,10.0
290,248,1,"""","""","""","""","""",html-keyboard-response,290,1560264,0.0-18.0-1.0-1.55,main,29KKCMFL,1920,1080,exp_98,0.262294910469391,4.9,,"<p style=""font-size:40px;"">+</p>",,"""","""","""","""","[{""x"":1246,""y"":749,""t"":-17},{""x"":1347,""y"":714,""t"":0},{""x"":1359,""y"":653,""t"":107},{""x"":1355,""y"":647,""t"":166},{""x"":1247,""y"":656,""t"":182},{""x"":1061,""y"":618,""t"":264},{""x"":1049,""y"":566,""t"":278},{""x"":933,""y"":552,""t"":363},{""x"":925,""y"":569,""t"":378},{""x"":947,""y"":523,""t"":460},{""x"":927,""y"":525,""t"":476}]",{},"""","""","""","""","""","""","""","""","""","""","""","""","""","""","""","""","""","""","""","""","""","""","""",2021-06-16 16:45:48,,"Mozilla/5.0 (Windows NT 10.0; Win64; x64) AppleWebKit/537.36 (KHTML, like Gecko) Chrome/91.0.4472.106 Safari/537.36",WebKit,Chrome,91.0.4472.106,Windows,10.0
291,248,1,"""","""","""","""","""",two-gamble-sequence,291,1566479,0.0-18.0-1.0-2.55,main,29KKCMFL,1920,1080,exp_98,0.262294910469391,4.9,468.7000000476837,"""","""","""","""","""","""","[{""x"":968,""y"":585,""t"":-16},{""x"":1036,""y"":593,""t"":0},{""x"":1005,""y"":568,""t"":95},{""x"":1073,""y"":549,""t"":129},{""x"":1045,""y"":456,""t"":189},{""x"":977,""y"":462,""t"":266},{""x"":919,""y"":470,""t"":316},{""x"":835,""y"":480,""t"":396},{""x"":765,""y"":491,""t"":412},{""x"":677,""y"":500,""t"":489},{""x"":582,""y"":505,""t"":511},{""x"":658,""y"":536,""t"":591},{""x"":729,""y"":562,""t"":613},{""x"":862,""y"":590,""t"":690},{""x"":991,""y"":618,""t"":743},{""x"":1099,""y"":640,""t"":758},{""x"":1171,""y"":626,""t"":838},{""x"":1191,""y"":634,""t"":854},{""x"":1243,""y"":617,""t"":937},{""x"":1248,""y"":628,""t"":954},{""x"":1263,""y"":605,""t"":1034},{""x"":1290,""y"":623,""t"":1089},{""x"":1338,""y"":658,""t"":1146},{""x"":1330,""y"":691,""t"":1160},{""x"":1329,""y"":705,""t"":1240},{""x"":1328,""y"":700,""t"":1259},{""x"":1354,""y"":699,""t"":1338},{""x"":1357,""y"":695,""t"":1391},{""x"":1358,""y"":690,""t"":1407},{""x"":1440,""y"":636,""t"":1488},{""x"":1492,""y"":583,""t"":1504},{""x"":1495,""y"":536,""t"":1584},{""x"":1493,""y"":466,""t"":1600},{""x"":1215,""y"":354,""t"":1683},{""x"":949,""y"":256,""t"":1701},{""x"":732,""y"":190,""t"":1784},{""x"":554,""y"":139,""t"":1804},{""x"":374,""y"":95,""t"":1884},{""x"":237,""y"":66,""t"":1905},{""x"":120,""y"":80,""t"":1986},{""x"":34,""y"":97,""t"":2007},{""x"":59,""y"":92,""t"":2087},{""x"":-18,""y"":109,""t"":2109},{""x"":9,""y"":256,""t"":2189},{""x"":29,""y"":393,""t"":2240},{""x"":54,""y"":508,""t"":2255},{""x"":112,""y"":537,""t"":2332},{""x"":183,""y"":571,""t"":2347},{""x"":244,""y"":548,""t"":2426},{""x"":370,""y"":522,""t"":2479},{""x"":478,""y"":497,""t"":2494},{""x"":474,""y"":509,""t"":2572},{""x"":468,""y"":518,""t"":2588},{""x"":443,""y"":526,""t"":2668},{""x"":420,""y"":532,""t"":2686},{""x"":396,""y"":569,""t"":2769},{""x"":374,""y"":600,""t"":2788},{""x"":384,""y"":608,""t"":2868},{""x"":369,""y"":638,""t"":2919},{""x"":356,""y"":661,""t"":2934},{""x"":319,""y"":697,""t"":3016},{""x"":288,""y"":726,""t"":3032},{""x"":582,""y"":766,""t"":3112},{""x"":833,""y"":798,""t"":3128},{""x"":996,""y"":791,""t"":3208},{""x"":1269,""y"":739,""t"":3231},{""x"":1467,""y"":774,""t"":3314},{""x"":1588,""y"":792,""t"":3332},{""x"":1582,""y"":805,""t"":3412},{""x"":1582,""y"":805,""t"":3434},{""x"":1563,""y"":785,""t"":3518},{""x"":1577,""y"":792,""t"":3536},{""x"":1534,""y"":779,""t"":3618},{""x"":1570,""y"":803,""t"":3638},{""x"":1424,""y"":691,""t"":3719},{""x"":1327,""y"":626,""t"":3772},{""x"":1244,""y"":573,""t"":3788},{""x"":1179,""y"":479,""t"":3868},{""x"":1090,""y"":396,""t"":3884},{""x"":1139,""y"":379,""t"":3964},{""x"":1184,""y"":370,""t"":3979},{""x"":1165,""y"":407,""t"":4062},{""x"":1164,""y"":456,""t"":4081},{""x"":1256,""y"":429,""t"":4166},{""x"":1366,""y"":389,""t"":4182},{""x"":1252,""y"":444,""t"":4265},{""x"":1290,""y"":515,""t"":4285},{""x"":1202,""y"":682,""t"":4369},{""x"":1109,""y"":796,""t"":4387},{""x"":1073,""y"":846,""t"":4471},{""x"":1044,""y"":884,""t"":4489},{""x"":1186,""y"":882,""t"":4574},{""x"":1301,""y"":854,""t"":4591},{""x"":1389,""y"":776,""t"":4674},{""x"":1462,""y"":707,""t"":4693},{""x"":1407,""y"":682,""t"":4775},{""x"":1356,""y"":703,""t"":4796},{""x"":1345,""y"":705,""t"":4878},{""x"":1268,""y"":630,""t"":4897},{""x"":1210,""y"":570,""t"":4981},{""x"":1162,""y"":520,""t"":4999},{""x"":1055,""y"":441,""t"":5090},{""x"":967,""y"":376,""t"":5107},{""x"":859,""y"":331,""t"":5189},{""x"":773,""y"":296,""t"":5204},{""x"":668,""y"":238,""t"":5284},{""x"":585,""y"":193,""t"":5305},{""x"":480,""y"":212,""t"":5386},{""x"":399,""y"":233,""t"":5407},{""x"":360,""y"":282,""t"":5487},{""x"":336,""y"":325,""t"":5509},{""x"":351,""y"":382,""t"":5589},{""x"":411,""y"":447,""t"":5641},{""x"":489,""y"":499,""t"":5658},{""x"":460,""y"":463,""t"":5710},{""x"":594,""y"":390,""t"":5758},{""x"":758,""y"":555,""t"":5840},{""x"":993,""y"":658,""t"":5856},{""x"":1251,""y"":650,""t"":5935},{""x"":1464,""y"":640,""t"":5950},{""x"":1363,""y"":633,""t"":6032},{""x"":1217,""y"":655,""t"":6085},{""x"":1253,""y"":629,""t"":6100}]",{},j,0.29,0.8099999999999999,0.61,0.22000000000000003,0.61,0.29,0.22000000000000003,0.8099999999999999,experimental,exp_87,"{""durations"":[1000,1500,1000,1500],""alternatives"":[""all"",""all"",""all"",""all""],""attributes"":[""p"",""m"",""p"",""m""]}",0,0.61,0.22000000000000003,1920,1080,"""","""","""","""","""","""",2021-06-16 16:45:48,,"Mozilla/5.0 (Windows NT 10.0; Win64; x64) AppleWebKit/537.36 (KHTML, like Gecko) Chrome/91.0.4472.106 Safari/537.36",WebKit,Chrome,91.0.4472.106,Windows,10.0
292,248,1,"""","""","""","""","""",html-keyboard-response,292,1567110,0.0-18.0-1.0-1.56,main,29KKCMFL,1920,1080,exp_98,0.262294910469391,4.9,,"<p style=""font-size:40px;"">+</p>",,"""","""","""","""","[{""x"":1193,""y"":609,""t"":-159},{""x"":1138,""y"":591,""t"":-110},{""x"":1087,""y"":575,""t"":0},{""x"":981,""y"":568,""t"":149},{""x"":901,""y"":583,""t"":170},{""x"":835,""y"":595,""t"":240},{""x"":740,""y"":650,""t"":343},{""x"":719,""y"":661,""t"":409},{""x"":846,""y"":691,""t"":469}]",{},"""","""","""","""","""","""","""","""","""","""","""","""","""","""","""","""","""","""","""","""","""","""","""",2021-06-16 16:45:48,,"Mozilla/5.0 (Windows NT 10.0; Win64; x64) AppleWebKit/537.36 (KHTML, like Gecko) Chrome/91.0.4472.106 Safari/537.36",WebKit,Chrome,91.0.4472.106,Windows,10.0
293,248,1,"""","""","""","""","""",two-gamble-sequence,293,1573326,0.0-18.0-1.0-2.56,main,29KKCMFL,1920,1080,exp_98,0.262294910469391,4.9,500.10000002384186,"""","""","""","""","""","""","[{""x"":937,""y"":688,""t"":-51},{""x"":959,""y"":709,""t"":0},{""x"":1030,""y"":740,""t"":107},{""x"":1178,""y"":820,""t"":149},{""x"":1384,""y"":792,""t"":228},{""x"":1525,""y"":740,""t"":243},{""x"":1542,""y"":712,""t"":329},{""x"":1549,""y"":687,""t"":344},{""x"":1372,""y"":714,""t"":426},{""x"":1256,""y"":741,""t"":442},{""x"":1129,""y"":725,""t"":522},{""x"":1214,""y"":703,""t"":575},{""x"":1288,""y"":684,""t"":591},{""x"":1289,""y"":648,""t"":670},{""x"":1339,""y"":649,""t"":686},{""x"":1339,""y"":606,""t"":769},{""x"":1337,""y"":570,""t"":785},{""x"":1488,""y"":526,""t"":868},{""x"":1567,""y"":502,""t"":885},{""x"":1632,""y"":490,""t"":965},{""x"":1539,""y"":506,""t"":1018},{""x"":1504,""y"":536,""t"":1033},{""x"":1418,""y"":627,""t"":1115},{""x"":1405,""y"":604,""t"":1130},{""x"":1334,""y"":623,""t"":1208},{""x"":1267,""y"":657,""t"":1224},{""x"":1286,""y"":638,""t"":1309},{""x"":1304,""y"":622,""t"":1326},{""x"":1318,""y"":590,""t"":1408},{""x"":1332,""y"":562,""t"":1429},{""x"":1400,""y"":521,""t"":1508},{""x"":1447,""y"":486,""t"":1563},{""x"":1486,""y"":458,""t"":1577},{""x"":1307,""y"":485,""t"":1658},{""x"":1016,""y"":534,""t"":1673},{""x"":905,""y"":556,""t"":1753},{""x"":802,""y"":495,""t"":1769},{""x"":727,""y"":504,""t"":1847},{""x"":544,""y"":420,""t"":1871},{""x"":458,""y"":438,""t"":1951},{""x"":506,""y"":454,""t"":2002},{""x"":557,""y"":470,""t"":2018},{""x"":440,""y"":501,""t"":2101},{""x"":475,""y"":467,""t"":2117},{""x"":412,""y"":444,""t"":2198},{""x"":353,""y"":435,""t"":2213},{""x"":278,""y"":455,""t"":2297},{""x"":254,""y"":477,""t"":2312},{""x"":249,""y"":523,""t"":2394},{""x"":272,""y"":490,""t"":2415},{""x"":265,""y"":506,""t"":2498},{""x"":262,""y"":519,""t"":2517},{""x"":344,""y"":486,""t"":2600},{""x"":416,""y"":458,""t"":2619},{""x"":402,""y"":381,""t"":2699},{""x"":391,""y"":316,""t"":2722},{""x"":362,""y"":292,""t"":2806},{""x"":338,""y"":274,""t"":2823},{""x"":302,""y"":223,""t"":2907},{""x"":295,""y"":190,""t"":2924},{""x"":555,""y"":246,""t"":3003},{""x"":902,""y"":265,""t"":3056},{""x"":1195,""y"":283,""t"":3072},{""x"":1385,""y"":363,""t"":3151},{""x"":1598,""y"":415,""t"":3166},{""x"":1661,""y"":454,""t"":3246},{""x"":1757,""y"":503,""t"":3264},{""x"":1836,""y"":534,""t"":3346},{""x"":1890,""y"":557,""t"":3366},{""x"":1884,""y"":644,""t"":3447},{""x"":1863,""y"":675,""t"":3500},{""x"":1836,""y"":698,""t"":3515},{""x"":1764,""y"":714,""t"":3595},{""x"":1719,""y"":694,""t"":3613},{""x"":1651,""y"":715,""t"":3695},{""x"":1590,""y"":731,""t"":3710},{""x"":1559,""y"":717,""t"":3791},{""x"":1556,""y"":679,""t"":3808},{""x"":1588,""y"":689,""t"":3892},{""x"":1571,""y"":641,""t"":3910},{""x"":1329,""y"":539,""t"":3992},{""x"":1123,""y"":452,""t"":4012},{""x"":941,""y"":402,""t"":4096},{""x"":794,""y"":362,""t"":4115},{""x"":647,""y"":351,""t"":4197},{""x"":532,""y"":344,""t"":4216},{""x"":443,""y"":340,""t"":4301},{""x"":379,""y"":339,""t"":4320},{""x"":397,""y"":303,""t"":4400},{""x"":359,""y"":277,""t"":4421},{""x"":308,""y"":332,""t"":4501},{""x"":288,""y"":381,""t"":4523},{""x"":238,""y"":438,""t"":4604},{""x"":202,""y"":487,""t"":4625},{""x"":205,""y"":544,""t"":4706},{""x"":229,""y"":551,""t"":4728},{""x"":421,""y"":648,""t"":4808},{""x"":786,""y"":667,""t"":4829},{""x"":910,""y"":691,""t"":4910},{""x"":1132,""y"":709,""t"":4932},{""x"":1189,""y"":711,""t"":5013},{""x"":1272,""y"":741,""t"":5065},{""x"":1293,""y"":748,""t"":5079},{""x"":1316,""y"":752,""t"":5161},{""x"":1327,""y"":753,""t"":5178},{""x"":1392,""y"":720,""t"":5264},{""x"":1441,""y"":690,""t"":5279},{""x"":1472,""y"":656,""t"":5361},{""x"":1481,""y"":610,""t"":5377},{""x"":1479,""y"":595,""t"":5461},{""x"":1528,""y"":565,""t"":5477},{""x"":1393,""y"":565,""t"":5558},{""x"":1316,""y"":577,""t"":5577},{""x"":1197,""y"":587,""t"":5659},{""x"":1051,""y"":507,""t"":5710},{""x"":1109,""y"":445,""t"":5725},{""x"":1299,""y"":447,""t"":5805},{""x"":1369,""y"":452,""t"":5820},{""x"":1446,""y"":464,""t"":5903},{""x"":1514,""y"":495,""t"":5918},{""x"":1457,""y"":528,""t"":6001},{""x"":1486,""y"":543,""t"":6020},{""x"":1438,""y"":562,""t"":6102},{""x"":1396,""y"":578,""t"":6121}]",{},j,0.49,0.8300000000000001,0.79,0.53,0.79,0.49,0.53,0.8300000000000001,experimental,exp_6,"{""durations"":[1000,1500,1000,1500],""alternatives"":[0,1,0,1],""attributes"":[""all"",""all"",""all"",""all""]}",0,0.79,0.53,1920,1080,"""","""","""","""","""","""",2021-06-16 16:45:48,,"Mozilla/5.0 (Windows NT 10.0; Win64; x64) AppleWebKit/537.36 (KHTML, like Gecko) Chrome/91.0.4472.106 Safari/537.36",WebKit,Chrome,91.0.4472.106,Windows,10.0
294,248,1,"""","""","""","""","""",html-keyboard-response,294,1573832,0.0-18.0-1.0-1.57,main,29KKCMFL,1920,1080,exp_98,0.262294910469391,4.9,,"<p style=""font-size:40px;"">+</p>",,"""","""","""","""","[{""x"":1378,""y"":626,""t"":-16},{""x"":1365,""y"":649,""t"":0},{""x"":1276,""y"":604,""t"":99},{""x"":1361,""y"":559,""t"":114},{""x"":1359,""y"":618,""t"":197},{""x"":1315,""y"":621,""t"":212},{""x"":1312,""y"":679,""t"":293},{""x"":1322,""y"":688,""t"":309},{""x"":1308,""y"":690,""t"":390},{""x"":1312,""y"":701,""t"":408}]",{},"""","""","""","""","""","""","""","""","""","""","""","""","""","""","""","""","""","""","""","""","""","""","""",2021-06-16 16:45:48,,"Mozilla/5.0 (Windows NT 10.0; Win64; x64) AppleWebKit/537.36 (KHTML, like Gecko) Chrome/91.0.4472.106 Safari/537.36",WebKit,Chrome,91.0.4472.106,Windows,10.0
295,248,1,"""","""","""","""","""",two-gamble-sequence,295,1579920,0.0-18.0-1.0-2.57,main,29KKCMFL,1920,1080,exp_98,0.262294910469391,4.9,374.60000002384186,"""","""","""","""","""","""","[{""x"":1270,""y"":637,""t"":-18},{""x"":1244,""y"":646,""t"":0},{""x"":1179,""y"":690,""t"":88},{""x"":1125,""y"":727,""t"":103},{""x"":1072,""y"":773,""t"":206},{""x"":1001,""y"":753,""t"":284},{""x"":943,""y"":735,""t"":306},{""x"":971,""y"":688,""t"":388},{""x"":999,""y"":647,""t"":408},{""x"":1096,""y"":646,""t"":488},{""x"":1158,""y"":602,""t"":545},{""x"":1242,""y"":566,""t"":600},{""x"":1313,""y"":538,""t"":616},{""x"":1250,""y"":554,""t"":698},{""x"":1111,""y"":586,""t"":714},{""x"":933,""y"":517,""t"":792},{""x"":767,""y"":438,""t"":816},{""x"":757,""y"":418,""t"":894},{""x"":669,""y"":396,""t"":952},{""x"":625,""y"":549,""t"":968},{""x"":573,""y"":682,""t"":1016},{""x"":535,""y"":795,""t"":1065},{""x"":512,""y"":884,""t"":1146},{""x"":497,""y"":956,""t"":1161},{""x"":724,""y"":904,""t"":1245},{""x"":921,""y"":854,""t"":1262},{""x"":1106,""y"":791,""t"":1341},{""x"":1260,""y"":735,""t"":1361},{""x"":1447,""y"":616,""t"":1440},{""x"":1553,""y"":569,""t"":1492},{""x"":1638,""y"":506,""t"":1507},{""x"":1692,""y"":441,""t"":1590},{""x"":1748,""y"":417,""t"":1605},{""x"":1776,""y"":304,""t"":1684},{""x"":1722,""y"":211,""t"":1701},{""x"":1673,""y"":214,""t"":1779},{""x"":1545,""y"":245,""t"":1802},{""x"":1406,""y"":279,""t"":1880},{""x"":1176,""y"":334,""t"":1936},{""x"":993,""y"":448,""t"":1951},{""x"":901,""y"":547,""t"":2034},{""x"":832,""y"":630,""t"":2050},{""x"":912,""y"":543,""t"":2129},{""x"":1020,""y"":446,""t"":2145},{""x"":1165,""y"":423,""t"":2225},{""x"":1254,""y"":389,""t"":2246},{""x"":1319,""y"":330,""t"":2326},{""x"":1373,""y"":281,""t"":2347},{""x"":1428,""y"":210,""t"":2425},{""x"":1392,""y"":170,""t"":2449},{""x"":1394,""y"":172,""t"":2527},{""x"":1392,""y"":170,""t"":2582},{""x"":1412,""y"":203,""t"":2598},{""x"":1381,""y"":158,""t"":2677},{""x"":1352,""y"":121,""t"":2691},{""x"":1301,""y"":178,""t"":2773},{""x"":1258,""y"":228,""t"":2789},{""x"":1246,""y"":275,""t"":2870},{""x"":1189,""y"":318,""t"":2921},{""x"":1142,""y"":353,""t"":2937},{""x"":1190,""y"":427,""t"":3017},{""x"":1234,""y"":487,""t"":3033},{""x"":1192,""y"":549,""t"":3111},{""x"":1157,""y"":599,""t"":3129},{""x"":1105,""y"":708,""t"":3208},{""x"":1054,""y"":796,""t"":3264},{""x"":993,""y"":873,""t"":3320},{""x"":892,""y"":954,""t"":3336},{""x"":783,""y"":1009,""t"":3419},{""x"":695,""y"":1048,""t"":3435},{""x"":625,""y"":1003,""t"":3516},{""x"":598,""y"":856,""t"":3537},{""x"":474,""y"":715,""t"":3622},{""x"":375,""y"":593,""t"":3638},{""x"":332,""y"":513,""t"":3722},{""x"":303,""y"":448,""t"":3742},{""x"":224,""y"":380,""t"":3821},{""x"":258,""y"":297,""t"":3873},{""x"":294,""y"":232,""t"":3889},{""x"":238,""y"":122,""t"":3971},{""x"":238,""y"":51,""t"":3985},{""x"":371,""y"":159,""t"":4068},{""x"":489,""y"":258,""t"":4083},{""x"":670,""y"":330,""t"":4164},{""x"":923,""y"":397,""t"":4182},{""x"":1133,""y"":524,""t"":4264},{""x"":1383,""y"":586,""t"":4318},{""x"":1494,""y"":576,""t"":4334},{""x"":1635,""y"":568,""t"":4384},{""x"":1708,""y"":516,""t"":4434},{""x"":1722,""y"":516,""t"":4515},{""x"":1734,""y"":499,""t"":4529},{""x"":1741,""y"":526,""t"":4613},{""x"":1738,""y"":549,""t"":4630},{""x"":1759,""y"":515,""t"":4708},{""x"":1769,""y"":485,""t"":4726},{""x"":1781,""y"":459,""t"":4809},{""x"":1825,""y"":421,""t"":4862},{""x"":1853,""y"":455,""t"":4919},{""x"":1870,""y"":470,""t"":4934},{""x"":1504,""y"":504,""t"":5014},{""x"":1202,""y"":503,""t"":5033},{""x"":976,""y"":522,""t"":5113},{""x"":790,""y"":537,""t"":5134},{""x"":654,""y"":655,""t"":5219},{""x"":570,""y"":736,""t"":5237},{""x"":557,""y"":826,""t"":5319},{""x"":558,""y"":898,""t"":5338},{""x"":555,""y"":910,""t"":5424},{""x"":561,""y"":915,""t"":5442},{""x"":587,""y"":918,""t"":5522},{""x"":614,""y"":917,""t"":5543},{""x"":646,""y"":835,""t"":5624},{""x"":769,""y"":763,""t"":5677},{""x"":833,""y"":732,""t"":5694},{""x"":1013,""y"":716,""t"":5742},{""x"":1185,""y"":692,""t"":5792},{""x"":1275,""y"":736,""t"":5875},{""x"":1344,""y"":774,""t"":5890},{""x"":1461,""y"":745,""t"":5973},{""x"":1553,""y"":719,""t"":5988}]",{},f,0.49,0.6900000000000001,0.32,0.82,0.49,0.32,0.6900000000000001,0.82,experimental,exp_55,"{""durations"":[1000,1500,1000,1500],""alternatives"":[""all"",""all"",""all"",""all""],""attributes"":[""p"",""m"",""p"",""m""]}",0,0.49,0.6900000000000001,1920,1080,"""","""","""","""","""","""",2021-06-16 16:45:48,,"Mozilla/5.0 (Windows NT 10.0; Win64; x64) AppleWebKit/537.36 (KHTML, like Gecko) Chrome/91.0.4472.106 Safari/537.36",WebKit,Chrome,91.0.4472.106,Windows,10.0
296,248,1,"""","""","""","""","""",html-keyboard-response,296,1580526,0.0-18.0-1.0-1.58,main,29KKCMFL,1920,1080,exp_98,0.262294910469391,4.9,,"<p style=""font-size:40px;"">+</p>",,"""","""","""","""","[{""x"":1628,""y"":597,""t"":-113},{""x"":1684,""y"":494,""t"":0},{""x"":1485,""y"":397,""t"":101},{""x"":1308,""y"":318,""t"":117},{""x"":1212,""y"":305,""t"":202},{""x"":1027,""y"":236,""t"":218},{""x"":1015,""y"":250,""t"":310},{""x"":948,""y"":297,""t"":357},{""x"":894,""y"":341,""t"":410}]",{},"""","""","""","""","""","""","""","""","""","""","""","""","""","""","""","""","""","""","""","""","""","""","""",2021-06-16 16:45:48,,"Mozilla/5.0 (Windows NT 10.0; Win64; x64) AppleWebKit/537.36 (KHTML, like Gecko) Chrome/91.0.4472.106 Safari/537.36",WebKit,Chrome,91.0.4472.106,Windows,10.0
297,248,1,"""","""","""","""","""",two-gamble-sequence,297,1586626,0.0-18.0-1.0-2.58,main,29KKCMFL,1920,1080,exp_98,0.262294910469391,4.9,395.09999990463257,"""","""","""","""","""","""","[{""x"":756,""y"":329,""t"":-16},{""x"":642,""y"":320,""t"":0},{""x"":556,""y"":368,""t"":101},{""x"":554,""y"":393,""t"":125},{""x"":525,""y"":369,""t"":182},{""x"":506,""y"":425,""t"":245},{""x"":396,""y"":420,""t"":325},{""x"":309,""y"":414,""t"":342},{""x"":186,""y"":451,""t"":420},{""x"":192,""y"":452,""t"":474},{""x"":205,""y"":452,""t"":490},{""x"":417,""y"":520,""t"":570},{""x"":619,""y"":595,""t"":586},{""x"":827,""y"":591,""t"":670},{""x"":1001,""y"":586,""t"":685},{""x"":891,""y"":575,""t"":767},{""x"":788,""y"":563,""t"":782},{""x"":684,""y"":591,""t"":866},{""x"":619,""y"":599,""t"":884},{""x"":541,""y"":576,""t"":966},{""x"":523,""y"":569,""t"":986},{""x"":425,""y"":462,""t"":1069},{""x"":437,""y"":433,""t"":1088},{""x"":365,""y"":385,""t"":1170},{""x"":306,""y"":345,""t"":1190},{""x"":328,""y"":345,""t"":1269},{""x"":377,""y"":424,""t"":1323},{""x"":422,""y"":494,""t"":1340},{""x"":684,""y"":543,""t"":1420},{""x"":908,""y"":585,""t"":1436},{""x"":1056,""y"":614,""t"":1514},{""x"":1203,""y"":646,""t"":1532},{""x"":1306,""y"":682,""t"":1613},{""x"":1384,""y"":710,""t"":1632},{""x"":1458,""y"":743,""t"":1715},{""x"":1465,""y"":780,""t"":1767},{""x"":1461,""y"":809,""t"":1783},{""x"":1459,""y"":777,""t"":1864},{""x"":1428,""y"":763,""t"":1879},{""x"":1215,""y"":651,""t"":1962},{""x"":1049,""y"":593,""t"":1977},{""x"":847,""y"":497,""t"":2059},{""x"":678,""y"":417,""t"":2076},{""x"":524,""y"":381,""t"":2157},{""x"":370,""y"":304,""t"":2209},{""x"":406,""y"":282,""t"":2226},{""x"":581,""y"":264,""t"":2276},{""x"":732,""y"":241,""t"":2327},{""x"":880,""y"":228,""t"":2377},{""x"":960,""y"":199,""t"":2425},{""x"":1059,""y"":176,""t"":2506},{""x"":1140,""y"":160,""t"":2521},{""x"":1189,""y"":158,""t"":2606},{""x"":1249,""y"":146,""t"":2620},{""x"":1297,""y"":159,""t"":2703},{""x"":1447,""y"":191,""t"":2722},{""x"":1455,""y"":162,""t"":2801},{""x"":1514,""y"":170,""t"":2859},{""x"":1444,""y"":204,""t"":2916},{""x"":1378,""y"":234,""t"":2931},{""x"":1288,""y"":251,""t"":3011},{""x"":1209,""y"":265,""t"":3026},{""x"":1020,""y"":327,""t"":3105},{""x"":828,""y"":384,""t"":3155},{""x"":668,""y"":430,""t"":3171},{""x"":562,""y"":519,""t"":3252},{""x"":480,""y"":591,""t"":3266},{""x"":651,""y"":619,""t"":3348},{""x"":801,""y"":651,""t"":3366},{""x"":910,""y"":671,""t"":3448},{""x"":1003,""y"":684,""t"":3469},{""x"":1064,""y"":678,""t"":3547},{""x"":1136,""y"":648,""t"":3602},{""x"":1194,""y"":619,""t"":3618},{""x"":1136,""y"":531,""t"":3697},{""x"":1083,""y"":456,""t"":3711},{""x"":916,""y"":418,""t"":3794},{""x"":774,""y"":387,""t"":3809},{""x"":628,""y"":369,""t"":3893},{""x"":508,""y"":357,""t"":3911},{""x"":624,""y"":280,""t"":3991},{""x"":747,""y"":401,""t"":4047},{""x"":961,""y"":393,""t"":4103},{""x"":1206,""y"":426,""t"":4119},{""x"":1162,""y"":416,""t"":4204},{""x"":1119,""y"":407,""t"":4219},{""x"":1065,""y"":412,""t"":4301},{""x"":1017,""y"":417,""t"":4319},{""x"":1020,""y"":422,""t"":4399},{""x"":1022,""y"":426,""t"":4421},{""x"":885,""y"":355,""t"":4501},{""x"":759,""y"":323,""t"":4552},{""x"":630,""y"":308,""t"":4569},{""x"":590,""y"":243,""t"":4651},{""x"":562,""y"":189,""t"":4667},{""x"":780,""y"":265,""t"":4751},{""x"":915,""y"":337,""t"":4766},{""x"":1052,""y"":371,""t"":4849},{""x"":1166,""y"":399,""t"":4866},{""x"":1043,""y"":452,""t"":4949},{""x"":977,""y"":481,""t"":4964},{""x"":878,""y"":549,""t"":5049},{""x"":794,""y"":605,""t"":5067},{""x"":693,""y"":571,""t"":5148},{""x"":610,""y"":540,""t"":5169},{""x"":488,""y"":563,""t"":5252},{""x"":522,""y"":699,""t"":5303},{""x"":577,""y"":768,""t"":5318},{""x"":579,""y"":788,""t"":5399},{""x"":583,""y"":800,""t"":5414},{""x"":706,""y"":747,""t"":5495},{""x"":812,""y"":699,""t"":5511},{""x"":814,""y"":706,""t"":5592},{""x"":819,""y"":674,""t"":5611},{""x"":1062,""y"":665,""t"":5692},{""x"":1190,""y"":714,""t"":5745},{""x"":1294,""y"":756,""t"":5761},{""x"":1364,""y"":742,""t"":5842},{""x"":1416,""y"":729,""t"":5858},{""x"":1374,""y"":752,""t"":5940},{""x"":1308,""y"":784,""t"":5957},{""x"":1304,""y"":775,""t"":6038}]",{},f,0.58,0.49000000000000005,0.38,0.6900000000000001,0.58,0.38,0.49000000000000005,0.6900000000000001,experimental,exp_97,"{""durations"":[1500,1000,1500,1000],""alternatives"":[""all"",""all"",""all"",""all""],""attributes"":[""p"",""m"",""p"",""m""]}",0,0.58,0.49000000000000005,1920,1080,"""","""","""","""","""","""",2021-06-16 16:45:48,,"Mozilla/5.0 (Windows NT 10.0; Win64; x64) AppleWebKit/537.36 (KHTML, like Gecko) Chrome/91.0.4472.106 Safari/537.36",WebKit,Chrome,91.0.4472.106,Windows,10.0
298,248,1,"""","""","""","""","""",html-keyboard-response,298,1587202,0.0-18.0-1.0-1.59,main,29KKCMFL,1920,1080,exp_98,0.262294910469391,4.9,,"<p style=""font-size:40px;"">+</p>",,"""","""","""","""","[{""x"":1232,""y"":769,""t"":-48},{""x"":1207,""y"":760,""t"":0},{""x"":1266,""y"":764,""t"":110},{""x"":1253,""y"":827,""t"":165},{""x"":1241,""y"":881,""t"":181},{""x"":1282,""y"":869,""t"":261},{""x"":1327,""y"":829,""t"":276},{""x"":1174,""y"":821,""t"":360},{""x"":1085,""y"":820,""t"":376},{""x"":953,""y"":816,""t"":459},{""x"":843,""y"":813,""t"":477}]",{},"""","""","""","""","""","""","""","""","""","""","""","""","""","""","""","""","""","""","""","""","""","""","""",2021-06-16 16:45:48,,"Mozilla/5.0 (Windows NT 10.0; Win64; x64) AppleWebKit/537.36 (KHTML, like Gecko) Chrome/91.0.4472.106 Safari/537.36",WebKit,Chrome,91.0.4472.106,Windows,10.0
299,248,1,"""","""","""","""","""",two-gamble-sequence,299,1593222,0.0-18.0-1.0-2.59,main,29KKCMFL,1920,1080,exp_98,0.262294910469391,4.9,361.89999997615814,"""","""","""","""","""","""","[{""x"":752,""y"":722,""t"":-16},{""x"":680,""y"":645,""t"":0},{""x"":644,""y"":608,""t"":92},{""x"":551,""y"":684,""t"":110},{""x"":610,""y"":645,""t"":182},{""x"":668,""y"":613,""t"":239},{""x"":608,""y"":634,""t"":348},{""x"":601,""y"":649,""t"":404},{""x"":732,""y"":655,""t"":419},{""x"":919,""y"":641,""t"":499},{""x"":1079,""y"":630,""t"":515},{""x"":1144,""y"":660,""t"":594},{""x"":1194,""y"":687,""t"":613},{""x"":1180,""y"":688,""t"":693},{""x"":1023,""y"":700,""t"":745},{""x"":886,""y"":709,""t"":761},{""x"":747,""y"":686,""t"":844},{""x"":727,""y"":640,""t"":860},{""x"":910,""y"":594,""t"":939},{""x"":954,""y"":611,""t"":956},{""x"":1135,""y"":611,""t"":1038},{""x"":1242,""y"":655,""t"":1055},{""x"":1159,""y"":566,""t"":1134},{""x"":1084,""y"":490,""t"":1157},{""x"":963,""y"":474,""t"":1242},{""x"":860,""y"":463,""t"":1259},{""x"":677,""y"":397,""t"":1340},{""x"":513,""y"":409,""t"":1391},{""x"":363,""y"":414,""t"":1407},{""x"":264,""y"":374,""t"":1485},{""x"":183,""y"":356,""t"":1500},{""x"":213,""y"":336,""t"":1581},{""x"":317,""y"":302,""t"":1599},{""x"":382,""y"":285,""t"":1677},{""x"":426,""y"":249,""t"":1700},{""x"":492,""y"":229,""t"":1778},{""x"":684,""y"":246,""t"":1834},{""x"":886,""y"":246,""t"":1850},{""x"":1076,""y"":247,""t"":1929},{""x"":1231,""y"":248,""t"":1943},{""x"":1367,""y"":253,""t"":2023},{""x"":1473,""y"":258,""t"":2040},{""x"":1536,""y"":275,""t"":2118},{""x"":1566,""y"":271,""t"":2175},{""x"":1586,""y"":269,""t"":2193},{""x"":1543,""y"":264,""t"":2243},{""x"":1498,""y"":260,""t"":2289},{""x"":1499,""y"":270,""t"":2374},{""x"":1496,""y"":280,""t"":2389},{""x"":1528,""y"":306,""t"":2470},{""x"":1552,""y"":328,""t"":2486},{""x"":1472,""y"":324,""t"":2568},{""x"":1400,""y"":319,""t"":2585},{""x"":1403,""y"":374,""t"":2668},{""x"":1353,""y"":400,""t"":2687},{""x"":1312,""y"":433,""t"":2769},{""x"":1278,""y"":460,""t"":2790},{""x"":1296,""y"":504,""t"":2867},{""x"":1295,""y"":500,""t"":2919},{""x"":1322,""y"":523,""t"":2935},{""x"":1104,""y"":593,""t"":3018},{""x"":913,""y"":654,""t"":3033},{""x"":766,""y"":723,""t"":3113},{""x"":647,""y"":778,""t"":3129},{""x"":506,""y"":702,""t"":3213},{""x"":394,""y"":633,""t"":3232},{""x"":596,""y"":615,""t"":3311},{""x"":824,""y"":616,""t"":3362},{""x"":1023,""y"":616,""t"":3378},{""x"":1260,""y"":642,""t"":3455},{""x"":1447,""y"":639,""t"":3471},{""x"":1609,""y"":632,""t"":3549},{""x"":1693,""y"":644,""t"":3571},{""x"":1554,""y"":596,""t"":3651},{""x"":1403,""y"":563,""t"":3673},{""x"":1267,""y"":543,""t"":3751},{""x"":1178,""y"":571,""t"":3803},{""x"":1103,""y"":597,""t"":3817},{""x"":1074,""y"":567,""t"":3897},{""x"":1069,""y"":566,""t"":3912},{""x"":1105,""y"":625,""t"":3995},{""x"":1139,""y"":675,""t"":4013},{""x"":1180,""y"":697,""t"":4096},{""x"":1216,""y"":715,""t"":4115},{""x"":1150,""y"":693,""t"":4198},{""x"":1098,""y"":659,""t"":4217},{""x"":1093,""y"":592,""t"":4297},{""x"":1090,""y"":534,""t"":4319},{""x"":1136,""y"":494,""t"":4401},{""x"":1176,""y"":463,""t"":4420},{""x"":1010,""y"":467,""t"":4502},{""x"":823,""y"":417,""t"":4558},{""x"":694,""y"":419,""t"":4613},{""x"":590,""y"":424,""t"":4629},{""x"":673,""y"":390,""t"":4711},{""x"":751,""y"":363,""t"":4727},{""x"":843,""y"":387,""t"":4808},{""x"":924,""y"":410,""t"":4829},{""x"":863,""y"":409,""t"":4909},{""x"":810,""y"":409,""t"":4931},{""x"":756,""y"":410,""t"":5014},{""x"":712,""y"":412,""t"":5033},{""x"":676,""y"":546,""t"":5113},{""x"":697,""y"":611,""t"":5168},{""x"":718,""y"":665,""t"":5185},{""x"":703,""y"":694,""t"":5232},{""x"":740,""y"":708,""t"":5282},{""x"":764,""y"":714,""t"":5363},{""x"":785,""y"":716,""t"":5377},{""x"":821,""y"":696,""t"":5457},{""x"":806,""y"":684,""t"":5475},{""x"":949,""y"":629,""t"":5560},{""x"":1090,""y"":615,""t"":5576},{""x"":1187,""y"":622,""t"":5658},{""x"":1264,""y"":629,""t"":5678},{""x"":1327,""y"":637,""t"":5759},{""x"":1353,""y"":681,""t"":5811},{""x"":1425,""y"":714,""t"":5826},{""x"":1290,""y"":694,""t"":5907},{""x"":1223,""y"":674,""t"":5922}]",{},j,0.18,0.16999999999999998,0.58,0.5,0.18,0.58,0.16999999999999998,0.5,experimental,catch_11,"{""durations"":[1250,1250,1250,1250],""attributes"":[""p"",""m"",""p"",""m""],""alternatives"":[""all"",""all"",""all"",""all""]}",1,0.58,0.5,1920,1080,"""","""","""","""","""","""",2021-06-16 16:45:48,,"Mozilla/5.0 (Windows NT 10.0; Win64; x64) AppleWebKit/537.36 (KHTML, like Gecko) Chrome/91.0.4472.106 Safari/537.36",WebKit,Chrome,91.0.4472.106,Windows,10.0
300,248,1,"""","""","""","""","""",html-keyboard-response,300,1593798,0.0-18.0-1.0-1.60,main,29KKCMFL,1920,1080,exp_98,0.262294910469391,4.9,,"<p style=""font-size:40px;"">+</p>",,"""","""","""","""","[{""x"":1206,""y"":657,""t"":-17},{""x"":1189,""y"":643,""t"":0},{""x"":1172,""y"":639,""t"":106},{""x"":1174,""y"":595,""t"":167},{""x"":1111,""y"":612,""t"":183},{""x"":1073,""y"":578,""t"":265},{""x"":1041,""y"":549,""t"":280},{""x"":981,""y"":544,""t"":364},{""x"":954,""y"":534,""t"":379},{""x"":1074,""y"":494,""t"":462},{""x"":1179,""y"":461,""t"":478}]",{},"""","""","""","""","""","""","""","""","""","""","""","""","""","""","""","""","""","""","""","""","""","""","""",2021-06-16 16:45:48,,"Mozilla/5.0 (Windows NT 10.0; Win64; x64) AppleWebKit/537.36 (KHTML, like Gecko) Chrome/91.0.4472.106 Safari/537.36",WebKit,Chrome,91.0.4472.106,Windows,10.0
301,248,1,"""","""","""","""","""",two-gamble-sequence,301,1599891,0.0-18.0-1.0-2.60,main,29KKCMFL,1920,1080,exp_98,0.262294910469391,4.9,394.10000002384186,"""","""","""","""","""","""","[{""x"":1108,""y"":440,""t"":-17},{""x"":1124,""y"":466,""t"":0},{""x"":1022,""y"":470,""t"":79},{""x"":953,""y"":468,""t"":141},{""x"":908,""y"":467,""t"":251},{""x"":872,""y"":468,""t"":272},{""x"":989,""y"":457,""t"":351},{""x"":1091,""y"":448,""t"":375},{""x"":1193,""y"":518,""t"":455},{""x"":1278,""y"":577,""t"":476},{""x"":1317,""y"":576,""t"":555},{""x"":1395,""y"":570,""t"":610},{""x"":1475,""y"":584,""t"":626},{""x"":1210,""y"":640,""t"":706},{""x"":980,""y"":686,""t"":722},{""x"":755,""y"":562,""t"":807},{""x"":638,""y"":466,""t"":822},{""x"":483,""y"":395,""t"":902},{""x"":359,""y"":336,""t"":918},{""x"":413,""y"":301,""t"":1000},{""x"":469,""y"":275,""t"":1020},{""x"":575,""y"":272,""t"":1100},{""x"":735,""y"":276,""t"":1151},{""x"":875,""y"":282,""t"":1166},{""x"":983,""y"":344,""t"":1246},{""x"":982,""y"":393,""t"":1262},{""x"":1078,""y"":371,""t"":1339},{""x"":1162,""y"":386,""t"":1391},{""x"":1229,""y"":399,""t"":1405},{""x"":1282,""y"":390,""t"":1485},{""x"":1311,""y"":377,""t"":1500},{""x"":1344,""y"":395,""t"":1588},{""x"":1367,""y"":410,""t"":1605},{""x"":1393,""y"":433,""t"":1684},{""x"":1411,""y"":452,""t"":1701},{""x"":1399,""y"":425,""t"":1781},{""x"":1386,""y"":401,""t"":1803},{""x"":1327,""y"":414,""t"":1883},{""x"":1295,""y"":508,""t"":1905},{""x"":1287,""y"":546,""t"":1986},{""x"":1280,""y"":577,""t"":2007},{""x"":1253,""y"":615,""t"":2087},{""x"":1229,""y"":644,""t"":2110},{""x"":1066,""y"":587,""t"":2193},{""x"":927,""y"":536,""t"":2211},{""x"":753,""y"":528,""t"":2293},{""x"":609,""y"":520,""t"":2313},{""x"":611,""y"":647,""t"":2391},{""x"":581,""y"":616,""t"":2447},{""x"":526,""y"":708,""t"":2463},{""x"":527,""y"":756,""t"":2541},{""x"":534,""y"":794,""t"":2558},{""x"":510,""y"":848,""t"":2640},{""x"":375,""y"":887,""t"":2656},{""x"":419,""y"":796,""t"":2734},{""x"":462,""y"":791,""t"":2754},{""x"":522,""y"":771,""t"":2836},{""x"":575,""y"":752,""t"":2856},{""x"":444,""y"":636,""t"":2936},{""x"":332,""y"":524,""t"":2987},{""x"":239,""y"":430,""t"":3002},{""x"":198,""y"":393,""t"":3086},{""x"":168,""y"":367,""t"":3101},{""x"":469,""y"":342,""t"":3184},{""x"":883,""y"":363,""t"":3200},{""x"":1164,""y"":397,""t"":3279},{""x"":1368,""y"":437,""t"":3299},{""x"":1502,""y"":446,""t"":3379},{""x"":1658,""y"":462,""t"":3431},{""x"":1698,""y"":467,""t"":3446},{""x"":1685,""y"":538,""t"":3525},{""x"":1661,""y"":599,""t"":3541},{""x"":1696,""y"":658,""t"":3624},{""x"":1717,""y"":706,""t"":3640},{""x"":1694,""y"":696,""t"":3719},{""x"":1667,""y"":685,""t"":3741},{""x"":1620,""y"":681,""t"":3827},{""x"":1576,""y"":675,""t"":3844},{""x"":1552,""y"":664,""t"":3924},{""x"":1324,""y"":636,""t"":3978},{""x"":1181,""y"":648,""t"":4035},{""x"":990,""y"":660,""t"":4049},{""x"":814,""y"":639,""t"":4132},{""x"":751,""y"":647,""t"":4150},{""x"":568,""y"":639,""t"":4231},{""x"":421,""y"":633,""t"":4251},{""x"":316,""y"":633,""t"":4333},{""x"":238,""y"":633,""t"":4353},{""x"":201,""y"":620,""t"":4435},{""x"":180,""y"":608,""t"":4456},{""x"":331,""y"":520,""t"":4548},{""x"":468,""y"":446,""t"":4564},{""x"":649,""y"":550,""t"":4646},{""x"":811,""y"":609,""t"":4661},{""x"":991,""y"":615,""t"":4744},{""x"":1140,""y"":619,""t"":4761},{""x"":1107,""y"":584,""t"":4848},{""x"":1077,""y"":580,""t"":4864},{""x"":1041,""y"":623,""t"":4947},{""x"":887,""y"":631,""t"":4964},{""x"":764,""y"":646,""t"":5046},{""x"":703,""y"":604,""t"":5066},{""x"":611,""y"":576,""t"":5146},{""x"":532,""y"":547,""t"":5198},{""x"":468,""y"":522,""t"":5214},{""x"":418,""y"":495,""t"":5295},{""x"":429,""y"":439,""t"":5311},{""x"":437,""y"":379,""t"":5390},{""x"":394,""y"":392,""t"":5407},{""x"":371,""y"":360,""t"":5486},{""x"":335,""y"":387,""t"":5540},{""x"":420,""y"":398,""t"":5555},{""x"":514,""y"":390,""t"":5607},{""x"":595,""y"":384,""t"":5657},{""x"":700,""y"":366,""t"":5739},{""x"":788,""y"":352,""t"":5756},{""x"":859,""y"":342,""t"":5834},{""x"":927,""y"":362,""t"":5850},{""x"":975,""y"":348,""t"":5930},{""x"":1110,""y"":368,""t"":5981},{""x"":1160,""y"":395,""t"":5997}]",{},f,0.5,0.3,0.38,0.4,0.5,0.38,0.3,0.4,experimental,exp_93,"{""durations"":[1500,1000,1500,1000],""alternatives"":[""all"",""all"",""all"",""all""],""attributes"":[""m"",""p"",""m"",""p""]}",0,0.5,0.3,1920,1080,"""","""","""","""","""","""",2021-06-16 16:45:48,,"Mozilla/5.0 (Windows NT 10.0; Win64; x64) AppleWebKit/537.36 (KHTML, like Gecko) Chrome/91.0.4472.106 Safari/537.36",WebKit,Chrome,91.0.4472.106,Windows,10.0
302,248,1,"""","""","""","""","""",html-keyboard-response,302,1600423,0.0-18.0-1.0-1.61,main,29KKCMFL,1920,1080,exp_98,0.262294910469391,4.9,,"<p style=""font-size:40px;"">+</p>",,"""","""","""","""","[{""x"":1216,""y"":510,""t"":-17},{""x"":1329,""y"":605,""t"":0},{""x"":1403,""y"":694,""t"":106},{""x"":1447,""y"":713,""t"":166},{""x"":1476,""y"":724,""t"":180},{""x"":1435,""y"":690,""t"":262},{""x"":1412,""y"":688,""t"":278},{""x"":1246,""y"":711,""t"":365},{""x"":1152,""y"":720,""t"":379},{""x"":1137,""y"":717,""t"":462}]",{},"""","""","""","""","""","""","""","""","""","""","""","""","""","""","""","""","""","""","""","""","""","""","""",2021-06-16 16:45:48,,"Mozilla/5.0 (Windows NT 10.0; Win64; x64) AppleWebKit/537.36 (KHTML, like Gecko) Chrome/91.0.4472.106 Safari/537.36",WebKit,Chrome,91.0.4472.106,Windows,10.0
303,248,1,"""","""","""","""","""",two-gamble-sequence,303,1607050,0.0-18.0-1.0-2.61,main,29KKCMFL,1920,1080,exp_98,0.262294910469391,4.9,951,"""","""","""","""","""","""","[{""x"":1112,""y"":731,""t"":-51},{""x"":1067,""y"":756,""t"":0},{""x"":1023,""y"":677,""t"":104},{""x"":935,""y"":666,""t"":186},{""x"":863,""y"":656,""t"":205},{""x"":855,""y"":606,""t"":286},{""x"":901,""y"":592,""t"":308},{""x"":824,""y"":597,""t"":386},{""x"":761,""y"":602,""t"":409},{""x"":629,""y"":610,""t"":488},{""x"":529,""y"":580,""t"":512},{""x"":429,""y"":500,""t"":592},{""x"":320,""y"":451,""t"":646},{""x"":234,""y"":412,""t"":661},{""x"":294,""y"":487,""t"":741},{""x"":263,""y"":498,""t"":758},{""x"":292,""y"":533,""t"":839},{""x"":321,""y"":563,""t"":853},{""x"":284,""y"":624,""t"":933},{""x"":271,""y"":688,""t"":953},{""x"":345,""y"":674,""t"":1033},{""x"":321,""y"":641,""t"":1056},{""x"":488,""y"":616,""t"":1136},{""x"":542,""y"":674,""t"":1189},{""x"":586,""y"":724,""t"":1205},{""x"":664,""y"":800,""t"":1285},{""x"":631,""y"":730,""t"":1300},{""x"":557,""y"":725,""t"":1379},{""x"":492,""y"":719,""t"":1395},{""x"":537,""y"":679,""t"":1477},{""x"":753,""y"":692,""t"":1529},{""x"":985,""y"":669,""t"":1546},{""x"":1141,""y"":613,""t"":1593},{""x"":1223,""y"":618,""t"":1642},{""x"":1364,""y"":565,""t"":1722},{""x"":1476,""y"":520,""t"":1737},{""x"":1559,""y"":495,""t"":1816},{""x"":1575,""y"":499,""t"":1837},{""x"":1648,""y"":517,""t"":1917},{""x"":1667,""y"":579,""t"":1971},{""x"":1649,""y"":571,""t"":1988},{""x"":1634,""y"":610,""t"":2037},{""x"":1605,""y"":581,""t"":2084},{""x"":1513,""y"":573,""t"":2165},{""x"":1454,""y"":604,""t"":2180},{""x"":1465,""y"":613,""t"":2260},{""x"":1436,""y"":624,""t"":2278},{""x"":1453,""y"":636,""t"":2363},{""x"":1466,""y"":646,""t"":2380},{""x"":1381,""y"":656,""t"":2461},{""x"":1327,""y"":686,""t"":2482},{""x"":1310,""y"":672,""t"":2564},{""x"":1202,""y"":684,""t"":2616},{""x"":1112,""y"":694,""t"":2631},{""x"":970,""y"":721,""t"":2712},{""x"":853,""y"":744,""t"":2726},{""x"":768,""y"":769,""t"":2807},{""x"":703,""y"":789,""t"":2823},{""x"":696,""y"":821,""t"":2900},{""x"":598,""y"":842,""t"":2957},{""x"":522,""y"":858,""t"":2974},{""x"":474,""y"":872,""t"":3053},{""x"":454,""y"":879,""t"":3068},{""x"":431,""y"":862,""t"":3149},{""x"":444,""y"":848,""t"":3164},{""x"":449,""y"":852,""t"":3245},{""x"":459,""y"":854,""t"":3265},{""x"":482,""y"":815,""t"":3345},{""x"":505,""y"":781,""t"":3367},{""x"":508,""y"":764,""t"":3448},{""x"":486,""y"":779,""t"":3499},{""x"":468,""y"":792,""t"":3513},{""x"":457,""y"":846,""t"":3595},{""x"":450,""y"":892,""t"":3612},{""x"":493,""y"":876,""t"":3692},{""x"":512,""y"":868,""t"":3709},{""x"":492,""y"":865,""t"":3794},{""x"":475,""y"":861,""t"":3809},{""x"":455,""y"":862,""t"":3892},{""x"":440,""y"":863,""t"":3911},{""x"":740,""y"":851,""t"":3995},{""x"":1018,""y"":831,""t"":4013},{""x"":1181,""y"":803,""t"":4093},{""x"":1302,""y"":782,""t"":4147},{""x"":1416,""y"":764,""t"":4164},{""x"":1508,""y"":742,""t"":4212},{""x"":1575,""y"":724,""t"":4260},{""x"":1614,""y"":713,""t"":4343},{""x"":1636,""y"":705,""t"":4358},{""x"":1602,""y"":710,""t"":4442},{""x"":1565,""y"":716,""t"":4456},{""x"":1543,""y"":720,""t"":4536},{""x"":1525,""y"":643,""t"":4589},{""x"":1503,""y"":599,""t"":4604},{""x"":1482,""y"":555,""t"":4654},{""x"":1462,""y"":520,""t"":4701},{""x"":1455,""y"":498,""t"":4784},{""x"":1449,""y"":481,""t"":4799},{""x"":1433,""y"":468,""t"":4880},{""x"":1418,""y"":460,""t"":4897},{""x"":1386,""y"":435,""t"":4981},{""x"":1359,""y"":416,""t"":5000},{""x"":1324,""y"":456,""t"":5082},{""x"":1295,""y"":493,""t"":5101},{""x"":1301,""y"":515,""t"":5184},{""x"":1307,""y"":535,""t"":5203},{""x"":1326,""y"":579,""t"":5286},{""x"":1343,""y"":617,""t"":5305},{""x"":1347,""y"":681,""t"":5391},{""x"":1350,""y"":733,""t"":5407},{""x"":1302,""y"":745,""t"":5489},{""x"":1217,""y"":742,""t"":5542},{""x"":1157,""y"":747,""t"":5595},{""x"":1108,""y"":749,""t"":5611},{""x"":1109,""y"":769,""t"":5691},{""x"":1171,""y"":730,""t"":5745},{""x"":1232,""y"":768,""t"":5761},{""x"":1392,""y"":765,""t"":5840},{""x"":1466,""y"":734,""t"":5854},{""x"":1492,""y"":695,""t"":5937},{""x"":1510,""y"":662,""t"":5952},{""x"":1523,""y"":644,""t"":6035},{""x"":1537,""y"":643,""t"":6053},{""x"":1623,""y"":616,""t"":6135},{""x"":1670,""y"":588,""t"":6154},{""x"":1607,""y"":498,""t"":6238},{""x"":1554,""y"":454,""t"":6256},{""x"":1392,""y"":464,""t"":6335},{""x"":1264,""y"":488,""t"":6358},{""x"":1176,""y"":529,""t"":6443},{""x"":1105,""y"":565,""t"":6460},{""x"":1061,""y"":602,""t"":6542}]",{},j,0.79,0.2,0.7,0.32,0.79,0.7,0.2,0.32,experimental,exp_38,"{""durations"":[1000,1500,1000,1500],""alternatives"":[0,1,0,1],""attributes"":[""all"",""all"",""all"",""all""]}",1,0.7,0.32,1920,1080,"""","""","""","""","""","""",2021-06-16 16:45:48,,"Mozilla/5.0 (Windows NT 10.0; Win64; x64) AppleWebKit/537.36 (KHTML, like Gecko) Chrome/91.0.4472.106 Safari/537.36",WebKit,Chrome,91.0.4472.106,Windows,10.0
304,248,1,"""","""","""","""","""",html-keyboard-response,304,1607591,0.0-18.0-1.0-1.62,main,29KKCMFL,1920,1080,exp_98,0.262294910469391,4.9,,"<p style=""font-size:40px;"">+</p>",,"""","""","""","""","[{""x"":1049,""y"":620,""t"":-32},{""x"":1043,""y"":635,""t"":-16},{""x"":1042,""y"":646,""t"":0},{""x"":989,""y"":699,""t"":126},{""x"":1078,""y"":639,""t"":142},{""x"":1158,""y"":665,""t"":224},{""x"":1254,""y"":702,""t"":241},{""x"":1340,""y"":696,""t"":323},{""x"":1412,""y"":691,""t"":340},{""x"":1283,""y"":660,""t"":424},{""x"":1221,""y"":640,""t"":443}]",{},"""","""","""","""","""","""","""","""","""","""","""","""","""","""","""","""","""","""","""","""","""","""","""",2021-06-16 16:45:48,,"Mozilla/5.0 (Windows NT 10.0; Win64; x64) AppleWebKit/537.36 (KHTML, like Gecko) Chrome/91.0.4472.106 Safari/537.36",WebKit,Chrome,91.0.4472.106,Windows,10.0
305,248,1,"""","""","""","""","""",two-gamble-sequence,305,1613740,0.0-18.0-1.0-2.62,main,29KKCMFL,1920,1080,exp_98,0.262294910469391,4.9,463.7000000476837,"""","""","""","""","""","""","[{""x"":1168,""y"":648,""t"":-17},{""x"":1123,""y"":654,""t"":0},{""x"":1036,""y"":653,""t"":112},{""x"":983,""y"":619,""t"":136},{""x"":1009,""y"":612,""t"":245},{""x"":1088,""y"":599,""t"":297},{""x"":1119,""y"":558,""t"":313},{""x"":1053,""y"":525,""t"":391},{""x"":913,""y"":541,""t"":409},{""x"":711,""y"":590,""t"":492},{""x"":542,""y"":632,""t"":510},{""x"":375,""y"":675,""t"":589},{""x"":295,""y"":672,""t"":643},{""x"":248,""y"":672,""t"":671},{""x"":194,""y"":674,""t"":722},{""x"":523,""y"":647,""t"":810},{""x"":827,""y"":640,""t"":854},{""x"":1137,""y"":603,""t"":933},{""x"":1360,""y"":591,""t"":952},{""x"":1567,""y"":550,""t"":1031},{""x"":1699,""y"":521,""t"":1084},{""x"":1799,""y"":498,""t"":1099},{""x"":1815,""y"":473,""t"":1177},{""x"":1815,""y"":454,""t"":1192},{""x"":1741,""y"":500,""t"":1273},{""x"":1800,""y"":507,""t"":1324},{""x"":1781,""y"":558,""t"":1340},{""x"":1748,""y"":574,""t"":1421},{""x"":1715,""y"":588,""t"":1438},{""x"":1499,""y"":636,""t"":1520},{""x"":1312,""y"":675,""t"":1537},{""x"":1165,""y"":709,""t"":1619},{""x"":1044,""y"":737,""t"":1634},{""x"":972,""y"":763,""t"":1716},{""x"":919,""y"":782,""t"":1735},{""x"":730,""y"":719,""t"":1819},{""x"":577,""y"":663,""t"":1837},{""x"":625,""y"":585,""t"":1916},{""x"":777,""y"":562,""t"":1938},{""x"":962,""y"":614,""t"":2020},{""x"":991,""y"":703,""t"":2073},{""x"":1034,""y"":796,""t"":2088},{""x"":1264,""y"":751,""t"":2168},{""x"":1396,""y"":686,""t"":2182},{""x"":1449,""y"":729,""t"":2262},{""x"":1521,""y"":761,""t"":2280},{""x"":1556,""y"":771,""t"":2359},{""x"":1580,""y"":779,""t"":2381},{""x"":1557,""y"":764,""t"":2460},{""x"":1507,""y"":736,""t"":2511},{""x"":1461,""y"":712,""t"":2526},{""x"":1457,""y"":692,""t"":2608},{""x"":1357,""y"":695,""t"":2622},{""x"":1113,""y"":669,""t"":2702},{""x"":908,""y"":614,""t"":2721},{""x"":738,""y"":629,""t"":2804},{""x"":545,""y"":672,""t"":2856},{""x"":479,""y"":659,""t"":2871},{""x"":558,""y"":565,""t"":2919},{""x"":653,""y"":521,""t"":2965},{""x"":741,""y"":482,""t"":3047},{""x"":822,""y"":451,""t"":3062},{""x"":936,""y"":488,""t"":3142},{""x"":977,""y"":492,""t"":3163},{""x"":1101,""y"":509,""t"":3244},{""x"":1299,""y"":519,""t"":3265},{""x"":1110,""y"":520,""t"":3349},{""x"":976,""y"":540,""t"":3366},{""x"":853,""y"":576,""t"":3445},{""x"":776,""y"":631,""t"":3497},{""x"":713,""y"":678,""t"":3512},{""x"":913,""y"":574,""t"":3593},{""x"":1090,""y"":459,""t"":3608},{""x"":1260,""y"":530,""t"":3689},{""x"":1403,""y"":566,""t"":3706},{""x"":1380,""y"":550,""t"":3790},{""x"":1355,""y"":560,""t"":3808},{""x"":1269,""y"":520,""t"":3891},{""x"":1179,""y"":484,""t"":3912},{""x"":1007,""y"":516,""t"":3992},{""x"":860,""y"":545,""t"":4012},{""x"":709,""y"":572,""t"":4104},{""x"":592,""y"":555,""t"":4120},{""x"":486,""y"":567,""t"":4204},{""x"":405,""y"":577,""t"":4219},{""x"":371,""y"":604,""t"":4298},{""x"":351,""y"":626,""t"":4318},{""x"":339,""y"":660,""t"":4402},{""x"":242,""y"":710,""t"":4420},{""x"":270,""y"":720,""t"":4502},{""x"":300,""y"":726,""t"":4522},{""x"":475,""y"":706,""t"":4604},{""x"":628,""y"":687,""t"":4625},{""x"":866,""y"":673,""t"":4709},{""x"":1065,""y"":661,""t"":4727},{""x"":1254,""y"":659,""t"":4813},{""x"":1406,""y"":657,""t"":4829},{""x"":1482,""y"":642,""t"":4911},{""x"":1535,""y"":630,""t"":4931},{""x"":1684,""y"":614,""t"":5014},{""x"":1779,""y"":545,""t"":5033},{""x"":1791,""y"":481,""t"":5114},{""x"":1694,""y"":582,""t"":5169},{""x"":1809,""y"":616,""t"":5226},{""x"":1901,""y"":645,""t"":5242},{""x"":1718,""y"":677,""t"":5331},{""x"":1623,""y"":656,""t"":5347},{""x"":1530,""y"":630,""t"":5430},{""x"":1450,""y"":608,""t"":5444},{""x"":1248,""y"":646,""t"":5528},{""x"":1077,""y"":679,""t"":5542},{""x"":1121,""y"":699,""t"":5630},{""x"":1127,""y"":707,""t"":5645},{""x"":1211,""y"":647,""t"":5727},{""x"":1207,""y"":587,""t"":5747},{""x"":1115,""y"":526,""t"":5831},{""x"":1039,""y"":475,""t"":5849},{""x"":911,""y"":495,""t"":5929},{""x"":806,""y"":515,""t"":5951},{""x"":785,""y"":530,""t"":6032},{""x"":772,""y"":545,""t"":6052}]",{},j,0.29,0.8099999999999999,0.61,0.22000000000000003,0.61,0.29,0.22000000000000003,0.8099999999999999,experimental,exp_85,"{""durations"":[1500,1000,1500,1000],""alternatives"":[""all"",""all"",""all"",""all""],""attributes"":[""m"",""p"",""m"",""p""]}",0,0.61,0.22000000000000003,1920,1080,"""","""","""","""","""","""",2021-06-16 16:45:48,,"Mozilla/5.0 (Windows NT 10.0; Win64; x64) AppleWebKit/537.36 (KHTML, like Gecko) Chrome/91.0.4472.106 Safari/537.36",WebKit,Chrome,91.0.4472.106,Windows,10.0
306,248,1,"""","""","""","""","""",html-keyboard-response,306,1614251,0.0-18.0-1.0-1.63,main,29KKCMFL,1920,1080,exp_98,0.262294910469391,4.9,,"<p style=""font-size:40px;"">+</p>",,"""","""","""","""","[{""x"":831,""y"":554,""t"":-16},{""x"":996,""y"":597,""t"":0},{""x"":1055,""y"":702,""t"":95},{""x"":1158,""y"":765,""t"":110},{""x"":1227,""y"":829,""t"":194},{""x"":1282,""y"":881,""t"":208},{""x"":1245,""y"":836,""t"":292},{""x"":1349,""y"":813,""t"":308},{""x"":1234,""y"":814,""t"":392},{""x"":1053,""y"":813,""t"":410}]",{},"""","""","""","""","""","""","""","""","""","""","""","""","""","""","""","""","""","""","""","""","""","""","""",2021-06-16 16:45:48,,"Mozilla/5.0 (Windows NT 10.0; Win64; x64) AppleWebKit/537.36 (KHTML, like Gecko) Chrome/91.0.4472.106 Safari/537.36",WebKit,Chrome,91.0.4472.106,Windows,10.0
307,248,1,"""","""","""","""","""",two-gamble-sequence,307,1620404,0.0-18.0-1.0-2.63,main,29KKCMFL,1920,1080,exp_98,0.262294910469391,4.9,430.5,"""","""","""","""","""","""","[{""x"":895,""y"":819,""t"":-15},{""x"":762,""y"":823,""t"":0},{""x"":866,""y"":794,""t"":110},{""x"":973,""y"":768,""t"":136},{""x"":1062,""y"":690,""t"":241},{""x"":1220,""y"":600,""t"":297},{""x"":1293,""y"":557,""t"":314},{""x"":1200,""y"":584,""t"":392},{""x"":1116,""y"":610,""t"":409},{""x"":963,""y"":564,""t"":491},{""x"":832,""y"":527,""t"":511},{""x"":691,""y"":542,""t"":591},{""x"":593,""y"":556,""t"":613},{""x"":562,""y"":581,""t"":692},{""x"":765,""y"":613,""t"":742},{""x"":944,""y"":641,""t"":757},{""x"":1048,""y"":623,""t"":836},{""x"":1136,""y"":606,""t"":852},{""x"":1192,""y"":619,""t"":931},{""x"":1236,""y"":629,""t"":953},{""x"":1254,""y"":615,""t"":1030},{""x"":1265,""y"":603,""t"":1054},{""x"":1268,""y"":574,""t"":1138},{""x"":1266,""y"":549,""t"":1157},{""x"":1084,""y"":538,""t"":1235},{""x"":926,""y"":529,""t"":1258},{""x"":824,""y"":539,""t"":1336},{""x"":660,""y"":535,""t"":1388},{""x"":525,""y"":533,""t"":1404},{""x"":422,""y"":555,""t"":1481},{""x"":342,""y"":574,""t"":1496},{""x"":355,""y"":565,""t"":1575},{""x"":431,""y"":562,""t"":1626},{""x"":388,""y"":601,""t"":1641},{""x"":415,""y"":515,""t"":1719},{""x"":457,""y"":474,""t"":1734},{""x"":733,""y"":496,""t"":1815},{""x"":983,""y"":513,""t"":1867},{""x"":1133,""y"":517,""t"":1883},{""x"":1315,""y"":506,""t"":1963},{""x"":1454,""y"":486,""t"":1979},{""x"":1500,""y"":486,""t"":2060},{""x"":1528,""y"":486,""t"":2076},{""x"":1571,""y"":488,""t"":2159},{""x"":1599,""y"":490,""t"":2176},{""x"":1416,""y"":494,""t"":2257},{""x"":1254,""y"":517,""t"":2309},{""x"":1113,""y"":537,""t"":2325},{""x"":1017,""y"":577,""t"":2404},{""x"":881,""y"":564,""t"":2419},{""x"":725,""y"":587,""t"":2499},{""x"":683,""y"":616,""t"":2517},{""x"":566,""y"":619,""t"":2597},{""x"":507,""y"":623,""t"":2650},{""x"":465,""y"":625,""t"":2665},{""x"":421,""y"":639,""t"":2744},{""x"":428,""y"":657,""t"":2760},{""x"":414,""y"":712,""t"":2842},{""x"":449,""y"":771,""t"":2857},{""x"":431,""y"":817,""t"":2935},{""x"":584,""y"":730,""t"":2986},{""x"":661,""y"":788,""t"":3000},{""x"":776,""y"":788,""t"":3079},{""x"":860,""y"":767,""t"":3094},{""x"":953,""y"":789,""t"":3178},{""x"":1028,""y"":806,""t"":3197},{""x"":1102,""y"":819,""t"":3276},{""x"":1135,""y"":833,""t"":3299},{""x"":1141,""y"":835,""t"":3381},{""x"":1244,""y"":796,""t"":3437},{""x"":1319,""y"":773,""t"":3493},{""x"":1265,""y"":785,""t"":3508},{""x"":1215,""y"":762,""t"":3590},{""x"":1157,""y"":765,""t"":3604},{""x"":1058,""y"":738,""t"":3689},{""x"":903,""y"":722,""t"":3708},{""x"":870,""y"":786,""t"":3787},{""x"":845,""y"":840,""t"":3809},{""x"":783,""y"":913,""t"":3895},{""x"":733,""y"":973,""t"":3912},{""x"":675,""y"":1022,""t"":3994},{""x"":630,""y"":1061,""t"":4013},{""x"":638,""y"":994,""t"":4096},{""x"":549,""y"":971,""t"":4141},{""x"":511,""y"":942,""t"":4189},{""x"":724,""y"":850,""t"":4267},{""x"":852,""y"":767,""t"":4285},{""x"":1016,""y"":675,""t"":4365},{""x"":1217,""y"":603,""t"":4387},{""x"":1370,""y"":597,""t"":4468},{""x"":1493,""y"":595,""t"":4489},{""x"":1599,""y"":636,""t"":4569},{""x"":1630,""y"":612,""t"":4591},{""x"":1539,""y"":608,""t"":4674},{""x"":1559,""y"":609,""t"":4693},{""x"":1471,""y"":615,""t"":4779},{""x"":1391,""y"":622,""t"":4795},{""x"":1266,""y"":602,""t"":4880},{""x"":1159,""y"":586,""t"":4898},{""x"":966,""y"":493,""t"":4978},{""x"":777,""y"":462,""t"":5034},{""x"":641,""y"":434,""t"":5091},{""x"":534,""y"":414,""t"":5106},{""x"":490,""y"":553,""t"":5191},{""x"":461,""y"":653,""t"":5207},{""x"":476,""y"":635,""t"":5288},{""x"":496,""y"":617,""t"":5306},{""x"":497,""y"":601,""t"":5386},{""x"":502,""y"":587,""t"":5407},{""x"":636,""y"":622,""t"":5488},{""x"":723,""y"":627,""t"":5540},{""x"":797,""y"":631,""t"":5556},{""x"":826,""y"":649,""t"":5637},{""x"":743,""y"":613,""t"":5652},{""x"":643,""y"":634,""t"":5732},{""x"":573,""y"":700,""t"":5747},{""x"":528,""y"":741,""t"":5831},{""x"":491,""y"":775,""t"":5849},{""x"":538,""y"":772,""t"":5931},{""x"":581,""y"":768,""t"":5950},{""x"":662,""y"":780,""t"":6032},{""x"":760,""y"":808,""t"":6052}]",{},j,0.7,0.32,0.79,0.2,0.79,0.7,0.2,0.32,experimental,exp_39,"{""durations"":[1000,1500,1000,1500],""alternatives"":[""all"",""all"",""all"",""all""],""attributes"":[""p"",""m"",""p"",""m""]}",0,0.79,0.2,1920,1080,"""","""","""","""","""","""",2021-06-16 16:45:48,,"Mozilla/5.0 (Windows NT 10.0; Win64; x64) AppleWebKit/537.36 (KHTML, like Gecko) Chrome/91.0.4472.106 Safari/537.36",WebKit,Chrome,91.0.4472.106,Windows,10.0
308,248,1,"""","""","""","""","""",html-keyboard-response,308,1620914,0.0-18.0-1.0-1.64,main,29KKCMFL,1920,1080,exp_98,0.262294910469391,4.9,,"<p style=""font-size:40px;"">+</p>",,"""","""","""","""","[{""x"":930,""y"":748,""t"":-16},{""x"":1110,""y"":697,""t"":0},{""x"":1244,""y"":721,""t"":97},{""x"":1351,""y"":743,""t"":112},{""x"":1345,""y"":813,""t"":191},{""x"":1484,""y"":903,""t"":205},{""x"":1500,""y"":865,""t"":289},{""x"":1570,""y"":848,""t"":308},{""x"":1568,""y"":791,""t"":392},{""x"":1529,""y"":754,""t"":409}]",{},"""","""","""","""","""","""","""","""","""","""","""","""","""","""","""","""","""","""","""","""","""","""","""",2021-06-16 16:45:48,,"Mozilla/5.0 (Windows NT 10.0; Win64; x64) AppleWebKit/537.36 (KHTML, like Gecko) Chrome/91.0.4472.106 Safari/537.36",WebKit,Chrome,91.0.4472.106,Windows,10.0
309,248,1,"""","""","""","""","""",two-gamble-sequence,309,1626997,0.0-18.0-1.0-2.64,main,29KKCMFL,1920,1080,exp_98,0.262294910469391,4.9,441.90000009536743,"""","""","""","""","""","""","[{""x"":1396,""y"":750,""t"":-16},{""x"":1277,""y"":760,""t"":0},{""x"":1150,""y"":775,""t"":95},{""x"":1053,""y"":801,""t"":122},{""x"":1014,""y"":785,""t"":181},{""x"":984,""y"":772,""t"":259},{""x"":962,""y"":762,""t"":307},{""x"":951,""y"":772,""t"":386},{""x"":945,""y"":781,""t"":409},{""x"":775,""y"":688,""t"":491},{""x"":634,""y"":610,""t"":511},{""x"":449,""y"":538,""t"":591},{""x"":374,""y"":528,""t"":642},{""x"":319,""y"":523,""t"":658},{""x"":343,""y"":557,""t"":738},{""x"":372,""y"":589,""t"":752},{""x"":369,""y"":576,""t"":833},{""x"":371,""y"":565,""t"":851},{""x"":691,""y"":558,""t"":930},{""x"":934,""y"":553,""t"":953},{""x"":1155,""y"":520,""t"":1031},{""x"":1336,""y"":492,""t"":1055},{""x"":1485,""y"":446,""t"":1136},{""x"":1583,""y"":396,""t"":1189},{""x"":1655,""y"":356,""t"":1203},{""x"":1460,""y"":268,""t"":1286},{""x"":1283,""y"":197,""t"":1301},{""x"":1171,""y"":211,""t"":1381},{""x"":1000,""y"":211,""t"":1396},{""x"":874,""y"":237,""t"":1477},{""x"":769,""y"":262,""t"":1496},{""x"":705,""y"":297,""t"":1581},{""x"":639,""y"":308,""t"":1599},{""x"":584,""y"":354,""t"":1678},{""x"":488,""y"":380,""t"":1731},{""x"":417,""y"":427,""t"":1746},{""x"":434,""y"":513,""t"":1826},{""x"":380,""y"":563,""t"":1841},{""x"":372,""y"":648,""t"":1919},{""x"":380,""y"":756,""t"":1939},{""x"":397,""y"":780,""t"":2020},{""x"":498,""y"":832,""t"":2040},{""x"":509,""y"":922,""t"":2121},{""x"":706,""y"":904,""t"":2173},{""x"":896,""y"":879,""t"":2187},{""x"":1139,""y"":835,""t"":2267},{""x"":1177,""y"":877,""t"":2283},{""x"":1281,""y"":849,""t"":2363},{""x"":1400,""y"":827,""t"":2381},{""x"":1455,""y"":739,""t"":2464},{""x"":1531,""y"":651,""t"":2482},{""x"":1543,""y"":591,""t"":2562},{""x"":1586,""y"":561,""t"":2614},{""x"":1614,""y"":537,""t"":2629},{""x"":1622,""y"":501,""t"":2707},{""x"":1621,""y"":474,""t"":2722},{""x"":1622,""y"":461,""t"":2801},{""x"":1617,""y"":454,""t"":2823},{""x"":1554,""y"":467,""t"":2902},{""x"":1499,""y"":463,""t"":2925},{""x"":1376,""y"":425,""t"":3005},{""x"":1320,""y"":444,""t"":3056},{""x"":1297,""y"":456,""t"":3073},{""x"":1218,""y"":484,""t"":3151},{""x"":1174,""y"":505,""t"":3165},{""x"":1307,""y"":505,""t"":3243},{""x"":1423,""y"":505,""t"":3266},{""x"":1270,""y"":579,""t"":3345},{""x"":1138,""y"":641,""t"":3367},{""x"":1000,""y"":738,""t"":3448},{""x"":886,""y"":818,""t"":3469},{""x"":800,""y"":814,""t"":3549},{""x"":736,""y"":853,""t"":3599},{""x"":678,""y"":828,""t"":3613},{""x"":660,""y"":857,""t"":3693},{""x"":651,""y"":880,""t"":3708},{""x"":491,""y"":840,""t"":3789},{""x"":614,""y"":824,""t"":3838},{""x"":691,""y"":805,""t"":3853},{""x"":828,""y"":836,""t"":3934},{""x"":1009,""y"":840,""t"":3950},{""x"":1143,""y"":861,""t"":4030},{""x"":1254,""y"":877,""t"":4047},{""x"":1268,""y"":889,""t"":4130},{""x"":1273,""y"":898,""t"":4149},{""x"":1106,""y"":800,""t"":4229},{""x"":936,""y"":758,""t"":4281},{""x"":746,""y"":648,""t"":4296},{""x"":763,""y"":593,""t"":4380},{""x"":725,""y"":462,""t"":4395},{""x"":834,""y"":498,""t"":4476},{""x"":958,""y"":542,""t"":4492},{""x"":1085,""y"":568,""t"":4574},{""x"":1230,""y"":610,""t"":4591},{""x"":1320,""y"":626,""t"":4675},{""x"":1392,""y"":640,""t"":4692},{""x"":1343,""y"":701,""t"":4774},{""x"":1296,""y"":753,""t"":4826},{""x"":1251,""y"":796,""t"":4841},{""x"":1218,""y"":833,""t"":4923},{""x"":1189,""y"":862,""t"":4937},{""x"":1149,""y"":897,""t"":5019},{""x"":1115,""y"":925,""t"":5035},{""x"":1158,""y"":900,""t"":5113},{""x"":1092,""y"":889,""t"":5166},{""x"":1131,""y"":864,""t"":5181},{""x"":1120,""y"":905,""t"":5263},{""x"":1112,""y"":938,""t"":5280},{""x"":1037,""y"":893,""t"":5360},{""x"":957,""y"":880,""t"":5374},{""x"":814,""y"":801,""t"":5457},{""x"":826,""y"":747,""t"":5474},{""x"":790,""y"":692,""t"":5556},{""x"":764,""y"":647,""t"":5576},{""x"":848,""y"":652,""t"":5660},{""x"":924,""y"":659,""t"":5678},{""x"":1085,""y"":745,""t"":5760},{""x"":1129,""y"":731,""t"":5815},{""x"":1219,""y"":690,""t"":5872},{""x"":1279,""y"":663,""t"":5887},{""x"":1100,""y"":673,""t"":5967},{""x"":972,""y"":702,""t"":5984}]",{},j,0.17,0.8300000000000001,0.28,0.43,0.28,0.17,0.43,0.8300000000000001,experimental,exp_21,"{""durations"":[1500,1000,1500,1000],""alternatives"":[""all"",""all"",""all"",""all""],""attributes"":[""m"",""p"",""m"",""p""]}",0,0.28,0.43,1920,1080,"""","""","""","""","""","""",2021-06-16 16:45:48,,"Mozilla/5.0 (Windows NT 10.0; Win64; x64) AppleWebKit/537.36 (KHTML, like Gecko) Chrome/91.0.4472.106 Safari/537.36",WebKit,Chrome,91.0.4472.106,Windows,10.0
310,248,1,"""","""","""","""","""",html-keyboard-response,310,1627548,0.0-18.0-1.0-1.65,main,29KKCMFL,1920,1080,exp_98,0.262294910469391,4.9,,"<p style=""font-size:40px;"">+</p>",,"""","""","""","""","[{""x"":931,""y"":719,""t"":-17},{""x"":897,""y"":733,""t"":0},{""x"":908,""y"":724,""t"":113},{""x"":921,""y"":716,""t"":136},{""x"":934,""y"":667,""t"":219},{""x"":946,""y"":625,""t"":238},{""x"":990,""y"":592,""t"":324},{""x"":1015,""y"":555,""t"":340},{""x"":1057,""y"":516,""t"":433},{""x"":1086,""y"":508,""t"":449}]",{},"""","""","""","""","""","""","""","""","""","""","""","""","""","""","""","""","""","""","""","""","""","""","""",2021-06-16 16:45:48,,"Mozilla/5.0 (Windows NT 10.0; Win64; x64) AppleWebKit/537.36 (KHTML, like Gecko) Chrome/91.0.4472.106 Safari/537.36",WebKit,Chrome,91.0.4472.106,Windows,10.0
311,248,1,"""","""","""","""","""",two-gamble-sequence,311,1633897,0.0-18.0-1.0-2.65,main,29KKCMFL,1920,1080,exp_98,0.262294910469391,4.9,604.2000000476837,"""","""","""","""","""","""","[{""x"":1065,""y"":536,""t"":-17},{""x"":1125,""y"":561,""t"":0},{""x"":1052,""y"":568,""t"":91},{""x"":979,""y"":588,""t"":112},{""x"":872,""y"":624,""t"":180},{""x"":783,""y"":655,""t"":239},{""x"":762,""y"":691,""t"":347},{""x"":627,""y"":655,""t"":403},{""x"":596,""y"":619,""t"":418},{""x"":503,""y"":620,""t"":499},{""x"":508,""y"":574,""t"":514},{""x"":466,""y"":573,""t"":596},{""x"":436,""y"":573,""t"":613},{""x"":380,""y"":546,""t"":692},{""x"":337,""y"":523,""t"":714},{""x"":349,""y"":510,""t"":795},{""x"":347,""y"":499,""t"":851},{""x"":359,""y"":546,""t"":903},{""x"":374,""y"":587,""t"":920},{""x"":409,""y"":735,""t"":998},{""x"":442,""y"":860,""t"":1021},{""x"":435,""y"":810,""t"":1102},{""x"":423,""y"":872,""t"":1155},{""x"":427,""y"":806,""t"":1170},{""x"":443,""y"":763,""t"":1249},{""x"":457,""y"":724,""t"":1264},{""x"":439,""y"":729,""t"":1344},{""x"":424,""y"":732,""t"":1362},{""x"":424,""y"":730,""t"":1441},{""x"":425,""y"":728,""t"":1463},{""x"":401,""y"":732,""t"":1541},{""x"":593,""y"":672,""t"":1598},{""x"":730,""y"":640,""t"":1614},{""x"":921,""y"":594,""t"":1663},{""x"":1079,""y"":557,""t"":1710},{""x"":1179,""y"":526,""t"":1793},{""x"":1255,""y"":502,""t"":1809},{""x"":1371,""y"":542,""t"":1893},{""x"":1461,""y"":579,""t"":1908},{""x"":1441,""y"":634,""t"":1990},{""x"":1415,""y"":682,""t"":2007},{""x"":1382,""y"":704,""t"":2087},{""x"":1414,""y"":722,""t"":2140},{""x"":1437,""y"":735,""t"":2155},{""x"":1454,""y"":718,""t"":2236},{""x"":1510,""y"":707,""t"":2252},{""x"":1586,""y"":680,""t"":2333},{""x"":1549,""y"":722,""t"":2349},{""x"":1687,""y"":761,""t"":2430},{""x"":1737,""y"":685,""t"":2449},{""x"":1680,""y"":659,""t"":2527},{""x"":1660,""y"":614,""t"":2551},{""x"":1549,""y"":555,""t"":2632},{""x"":1470,""y"":536,""t"":2684},{""x"":1403,""y"":522,""t"":2700},{""x"":1389,""y"":494,""t"":2776},{""x"":1379,""y"":473,""t"":2792},{""x"":1375,""y"":448,""t"":2874},{""x"":1373,""y"":429,""t"":2892},{""x"":1326,""y"":429,""t"":2970},{""x"":1294,""y"":415,""t"":2992},{""x"":1293,""y"":413,""t"":3075},{""x"":1261,""y"":416,""t"":3128},{""x"":1303,""y"":397,""t"":3186},{""x"":1322,""y"":409,""t"":3203},{""x"":1352,""y"":451,""t"":3281},{""x"":1378,""y"":487,""t"":3298},{""x"":1266,""y"":578,""t"":3378},{""x"":1142,""y"":639,""t"":3401},{""x"":988,""y"":693,""t"":3480},{""x"":858,""y"":695,""t"":3532},{""x"":753,""y"":694,""t"":3548},{""x"":674,""y"":689,""t"":3627},{""x"":614,""y"":682,""t"":3643},{""x"":601,""y"":707,""t"":3724},{""x"":560,""y"":787,""t"":3741},{""x"":520,""y"":873,""t"":3822},{""x"":500,""y"":877,""t"":3843},{""x"":495,""y"":856,""t"":3927},{""x"":490,""y"":910,""t"":3945},{""x"":668,""y"":926,""t"":4029},{""x"":782,""y"":854,""t"":4047},{""x"":857,""y"":845,""t"":4128},{""x"":914,""y"":779,""t"":4149},{""x"":975,""y"":783,""t"":4233},{""x"":1024,""y"":788,""t"":4252},{""x"":1064,""y"":757,""t"":4338},{""x"":1094,""y"":731,""t"":4353},{""x"":1099,""y"":678,""t"":4435},{""x"":1099,""y"":634,""t"":4455},{""x"":1188,""y"":589,""t"":4536},{""x"":1261,""y"":554,""t"":4558},{""x"":1424,""y"":571,""t"":4643},{""x"":1515,""y"":588,""t"":4658},{""x"":1525,""y"":616,""t"":4739},{""x"":1527,""y"":640,""t"":4761},{""x"":1510,""y"":624,""t"":4844},{""x"":1512,""y"":605,""t"":4863},{""x"":1554,""y"":581,""t"":4946},{""x"":1587,""y"":562,""t"":4966},{""x"":1523,""y"":534,""t"":5047},{""x"":1493,""y"":522,""t"":5068},{""x"":1355,""y"":499,""t"":5151},{""x"":1236,""y"":481,""t"":5170},{""x"":1233,""y"":475,""t"":5254},{""x"":1276,""y"":446,""t"":5271},{""x"":1336,""y"":399,""t"":5351},{""x"":1307,""y"":367,""t"":5373},{""x"":1374,""y"":351,""t"":5453},{""x"":1432,""y"":340,""t"":5475},{""x"":1480,""y"":324,""t"":5556},{""x"":1375,""y"":349,""t"":5607},{""x"":1283,""y"":373,""t"":5622},{""x"":1204,""y"":393,""t"":5703},{""x"":1138,""y"":410,""t"":5719},{""x"":1093,""y"":399,""t"":5806},{""x"":1036,""y"":412,""t"":5823},{""x"":1027,""y"":402,""t"":5901},{""x"":789,""y"":422,""t"":5951},{""x"":841,""y"":436,""t"":6034},{""x"":770,""y"":441,""t"":6053},{""x"":797,""y"":348,""t"":6135},{""x"":900,""y"":335,""t"":6188},{""x"":976,""y"":331,""t"":6203},{""x"":1081,""y"":361,""t"":6251}]",{},j,0.49,0.8300000000000001,0.79,0.53,0.79,0.49,0.53,0.8300000000000001,experimental,exp_4,"{""durations"":[1500,1000,1500,1000],""alternatives"":[1,0,1,0],""attributes"":[""all"",""all"",""all"",""all""]}",0,0.79,0.53,1920,1080,"""","""","""","""","""","""",2021-06-16 16:45:48,,"Mozilla/5.0 (Windows NT 10.0; Win64; x64) AppleWebKit/537.36 (KHTML, like Gecko) Chrome/91.0.4472.106 Safari/537.36",WebKit,Chrome,91.0.4472.106,Windows,10.0
312,248,1,"""","""","""","""","""",html-keyboard-response,312,1634475,0.0-18.0-1.0-1.66,main,29KKCMFL,1920,1080,exp_98,0.262294910469391,4.9,,"<p style=""font-size:40px;"">+</p>",,"""","""","""","""","[{""x"":1227,""y"":376,""t"":-49},{""x"":1312,""y"":379,""t"":0},{""x"":1302,""y"":458,""t"":107},{""x"":1366,""y"":570,""t"":166},{""x"":1416,""y"":664,""t"":181},{""x"":1462,""y"":693,""t"":265},{""x"":1509,""y"":716,""t"":280},{""x"":1315,""y"":704,""t"":362},{""x"":1278,""y"":702,""t"":377},{""x"":1228,""y"":720,""t"":460},{""x"":1185,""y"":733,""t"":478}]",{},"""","""","""","""","""","""","""","""","""","""","""","""","""","""","""","""","""","""","""","""","""","""","""",2021-06-16 16:45:48,,"Mozilla/5.0 (Windows NT 10.0; Win64; x64) AppleWebKit/537.36 (KHTML, like Gecko) Chrome/91.0.4472.106 Safari/537.36",WebKit,Chrome,91.0.4472.106,Windows,10.0
313,248,1,"""","""","""","""","""",two-gamble-sequence,313,1640568,0.0-18.0-1.0-2.66,main,29KKCMFL,1920,1080,exp_98,0.262294910469391,4.9,429.8000000715256,"""","""","""","""","""","""","[{""x"":1136,""y"":734,""t"":-16},{""x"":1095,""y"":733,""t"":0},{""x"":1031,""y"":683,""t"":110},{""x"":969,""y"":655,""t"":152},{""x"":965,""y"":640,""t"":201},{""x"":966,""y"":627,""t"":250},{""x"":916,""y"":684,""t"":331},{""x"":876,""y"":733,""t"":346},{""x"":954,""y"":742,""t"":427},{""x"":985,""y"":698,""t"":442},{""x"":876,""y"":624,""t"":525},{""x"":788,""y"":619,""t"":576},{""x"":715,""y"":615,""t"":592},{""x"":714,""y"":667,""t"":672},{""x"":702,""y"":689,""t"":687},{""x"":711,""y"":656,""t"":767},{""x"":723,""y"":628,""t"":783},{""x"":837,""y"":652,""t"":863},{""x"":923,""y"":684,""t"":917},{""x"":996,""y"":711,""t"":933},{""x"":1105,""y"":740,""t"":1011},{""x"":1196,""y"":765,""t"":1026},{""x"":1284,""y"":749,""t"":1108},{""x"":1335,""y"":743,""t"":1123},{""x"":1330,""y"":739,""t"":1202},{""x"":1321,""y"":735,""t"":1225},{""x"":1308,""y"":731,""t"":1306},{""x"":1356,""y"":697,""t"":1327},{""x"":1398,""y"":646,""t"":1406},{""x"":1449,""y"":649,""t"":1429},{""x"":1532,""y"":655,""t"":1506},{""x"":1491,""y"":626,""t"":1560},{""x"":1482,""y"":622,""t"":1576},{""x"":1466,""y"":618,""t"":1656},{""x"":1450,""y"":615,""t"":1671},{""x"":1488,""y"":616,""t"":1749},{""x"":1560,""y"":592,""t"":1770},{""x"":1482,""y"":535,""t"":1849},{""x"":1273,""y"":546,""t"":1902},{""x"":1095,""y"":556,""t"":1917},{""x"":988,""y"":538,""t"":1997},{""x"":901,""y"":616,""t"":2012},{""x"":993,""y"":625,""t"":2090},{""x"":1037,""y"":641,""t"":2109},{""x"":1038,""y"":655,""t"":2189},{""x"":1110,""y"":661,""t"":2240},{""x"":1181,""y"":697,""t"":2256},{""x"":1263,""y"":701,""t"":2334},{""x"":1322,""y"":673,""t"":2349},{""x"":1415,""y"":641,""t"":2428},{""x"":1469,""y"":651,""t"":2449},{""x"":1378,""y"":771,""t"":2528},{""x"":1437,""y"":770,""t"":2550},{""x"":1392,""y"":801,""t"":2631},{""x"":1351,""y"":825,""t"":2654},{""x"":1476,""y"":778,""t"":2734},{""x"":1582,""y"":736,""t"":2755},{""x"":1337,""y"":682,""t"":2838},{""x"":1115,""y"":643,""t"":2857},{""x"":932,""y"":678,""t"":2942},{""x"":734,""y"":663,""t"":2960},{""x"":590,""y"":611,""t"":3043},{""x"":494,""y"":600,""t"":3062},{""x"":393,""y"":619,""t"":3145},{""x"":318,""y"":636,""t"":3164},{""x"":280,""y"":653,""t"":3245},{""x"":258,""y"":667,""t"":3265},{""x"":273,""y"":684,""t"":3350},{""x"":294,""y"":698,""t"":3367},{""x"":278,""y"":712,""t"":3449},{""x"":270,""y"":723,""t"":3468},{""x"":411,""y"":716,""t"":3560},{""x"":646,""y"":747,""t"":3575},{""x"":844,""y"":758,""t"":3657},{""x"":1009,""y"":766,""t"":3674},{""x"":1149,""y"":711,""t"":3757},{""x"":1259,""y"":663,""t"":3775},{""x"":1257,""y"":704,""t"":3860},{""x"":1346,""y"":662,""t"":3877},{""x"":1278,""y"":666,""t"":3963},{""x"":1212,""y"":671,""t"":3979},{""x"":1189,""y"":637,""t"":4063},{""x"":1166,""y"":609,""t"":4081},{""x"":1165,""y"":600,""t"":4171},{""x"":1187,""y"":559,""t"":4186},{""x"":1195,""y"":622,""t"":4268},{""x"":1132,""y"":593,""t"":4284},{""x"":1070,""y"":522,""t"":4367},{""x"":1184,""y"":514,""t"":4386},{""x"":1181,""y"":510,""t"":4469},{""x"":1177,""y"":509,""t"":4488},{""x"":1183,""y"":616,""t"":4576},{""x"":1163,""y"":706,""t"":4591},{""x"":1411,""y"":732,""t"":4676},{""x"":1589,""y"":717,""t"":4693},{""x"":1516,""y"":682,""t"":4779},{""x"":1448,""y"":650,""t"":4794},{""x"":1217,""y"":632,""t"":4877},{""x"":1054,""y"":661,""t"":4897},{""x"":887,""y"":691,""t"":4981},{""x"":749,""y"":716,""t"":4998},{""x"":684,""y"":674,""t"":5082},{""x"":636,""y"":637,""t"":5100},{""x"":690,""y"":709,""t"":5183},{""x"":734,""y"":695,""t"":5235},{""x"":777,""y"":682,""t"":5249},{""x"":854,""y"":647,""t"":5333},{""x"":961,""y"":642,""t"":5348},{""x"":1142,""y"":674,""t"":5429},{""x"":1294,""y"":701,""t"":5444},{""x"":1376,""y"":730,""t"":5527},{""x"":1316,""y"":719,""t"":5542},{""x"":1284,""y"":806,""t"":5626},{""x"":1384,""y"":794,""t"":5645},{""x"":1479,""y"":805,""t"":5725},{""x"":1395,""y"":913,""t"":5748},{""x"":1411,""y"":950,""t"":5830},{""x"":1396,""y"":936,""t"":5849},{""x"":1368,""y"":895,""t"":5930},{""x"":1325,""y"":881,""t"":5983},{""x"":1286,""y"":867,""t"":5997}]",{},j,0.48,0.79,0.81,0.16999999999999998,0.81,0.48,0.16999999999999998,0.79,experimental,exp_41,"{""durations"":[1500,1000,1500,1000],""alternatives"":[""all"",""all"",""all"",""all""],""attributes"":[""p"",""m"",""p"",""m""]}",0,0.81,0.16999999999999998,1920,1080,"""","""","""","""","""","""",2021-06-16 16:45:48,,"Mozilla/5.0 (Windows NT 10.0; Win64; x64) AppleWebKit/537.36 (KHTML, like Gecko) Chrome/91.0.4472.106 Safari/537.36",WebKit,Chrome,91.0.4472.106,Windows,10.0
314,248,1,"""","""","""","""","""",html-keyboard-response,314,1641146,0.0-18.0-1.0-1.67,main,29KKCMFL,1920,1080,exp_98,0.262294910469391,4.9,,"<p style=""font-size:40px;"">+</p>",,"""","""","""","""","[{""x"":1260,""y"":829,""t"":-17},{""x"":1215,""y"":785,""t"":0},{""x"":1043,""y"":743,""t"":107},{""x"":990,""y"":765,""t"":166},{""x"":950,""y"":785,""t"":181},{""x"":883,""y"":785,""t"":264},{""x"":831,""y"":786,""t"":280},{""x"":797,""y"":764,""t"":363},{""x"":772,""y"":745,""t"":378},{""x"":847,""y"":653,""t"":461},{""x"":915,""y"":575,""t"":478}]",{},"""","""","""","""","""","""","""","""","""","""","""","""","""","""","""","""","""","""","""","""","""","""","""",2021-06-16 16:45:48,,"Mozilla/5.0 (Windows NT 10.0; Win64; x64) AppleWebKit/537.36 (KHTML, like Gecko) Chrome/91.0.4472.106 Safari/537.36",WebKit,Chrome,91.0.4472.106,Windows,10.0
315,248,1,"""","""","""","""","""",two-gamble-sequence,315,1647228,0.0-18.0-1.0-2.67,main,29KKCMFL,1920,1080,exp_98,0.262294910469391,4.9,312.5,"""","""","""","""","""","""","[{""x"":935,""y"":521,""t"":-16},{""x"":952,""y"":479,""t"":0},{""x"":900,""y"":463,""t"":113},{""x"":856,""y"":453,""t"":137},{""x"":801,""y"":463,""t"":246},{""x"":789,""y"":519,""t"":299},{""x"":787,""y"":520,""t"":315},{""x"":746,""y"":607,""t"":394},{""x"":713,""y"":682,""t"":409},{""x"":748,""y"":759,""t"":489},{""x"":705,""y"":802,""t"":542},{""x"":669,""y"":837,""t"":557},{""x"":635,""y"":861,""t"":635},{""x"":609,""y"":878,""t"":651},{""x"":516,""y"":847,""t"":730},{""x"":485,""y"":872,""t"":748},{""x"":428,""y"":789,""t"":829},{""x"":467,""y"":804,""t"":850},{""x"":481,""y"":745,""t"":931},{""x"":519,""y"":693,""t"":983},{""x"":554,""y"":649,""t"":998},{""x"":563,""y"":592,""t"":1079},{""x"":571,""y"":545,""t"":1094},{""x"":493,""y"":507,""t"":1173},{""x"":427,""y"":477,""t"":1191},{""x"":388,""y"":465,""t"":1272},{""x"":319,""y"":414,""t"":1294},{""x"":270,""y"":426,""t"":1375},{""x"":248,""y"":433,""t"":1395},{""x"":329,""y"":512,""t"":1483},{""x"":337,""y"":547,""t"":1499},{""x"":448,""y"":629,""t"":1590},{""x"":544,""y"":699,""t"":1606},{""x"":781,""y"":698,""t"":1695},{""x"":981,""y"":694,""t"":1712},{""x"":1143,""y"":661,""t"":1807},{""x"":1331,""y"":653,""t"":1877},{""x"":1426,""y"":590,""t"":1947},{""x"":1462,""y"":564,""t"":2009},{""x"":1510,""y"":553,""t"":2065},{""x"":1541,""y"":545,""t"":2080},{""x"":1578,""y"":571,""t"":2170},{""x"":1584,""y"":590,""t"":2186},{""x"":1572,""y"":604,""t"":2264},{""x"":1555,""y"":616,""t"":2316},{""x"":1517,""y"":597,""t"":2403},{""x"":1520,""y"":572,""t"":2418},{""x"":1508,""y"":566,""t"":2498},{""x"":1480,""y"":527,""t"":2517},{""x"":1462,""y"":534,""t"":2599},{""x"":1433,""y"":553,""t"":2651},{""x"":1408,""y"":570,""t"":2666},{""x"":1397,""y"":573,""t"":2747},{""x"":1388,""y"":576,""t"":2762},{""x"":1355,""y"":610,""t"":2843},{""x"":1327,""y"":638,""t"":2858},{""x"":1291,""y"":669,""t"":2944},{""x"":1261,""y"":695,""t"":2960},{""x"":1017,""y"":709,""t"":3048},{""x"":812,""y"":719,""t"":3063},{""x"":650,""y"":721,""t"":3147},{""x"":521,""y"":721,""t"":3163},{""x"":529,""y"":777,""t"":3249},{""x"":546,""y"":824,""t"":3264},{""x"":523,""y"":890,""t"":3363},{""x"":510,""y"":945,""t"":3378},{""x"":485,""y"":959,""t"":3459},{""x"":427,""y"":988,""t"":3475},{""x"":448,""y"":967,""t"":3555},{""x"":471,""y"":946,""t"":3571},{""x"":507,""y"":920,""t"":3655},{""x"":483,""y"":893,""t"":3674},{""x"":720,""y"":807,""t"":3753},{""x"":913,""y"":733,""t"":3807},{""x"":1074,""y"":672,""t"":3821},{""x"":1211,""y"":676,""t"":3901},{""x"":1320,""y"":683,""t"":3918},{""x"":1392,""y"":673,""t"":4014},{""x"":1441,""y"":674,""t"":4071},{""x"":1453,""y"":663,""t"":4086},{""x"":1447,""y"":658,""t"":4169},{""x"":1434,""y"":655,""t"":4183},{""x"":1481,""y"":668,""t"":4266},{""x"":1517,""y"":680,""t"":4284},{""x"":1504,""y"":698,""t"":4365},{""x"":1602,""y"":644,""t"":4386},{""x"":1605,""y"":643,""t"":4467},{""x"":1568,""y"":601,""t"":4489},{""x"":1552,""y"":547,""t"":4567},{""x"":1497,""y"":529,""t"":4619},{""x"":1449,""y"":517,""t"":4635},{""x"":1188,""y"":548,""t"":4721},{""x"":1047,""y"":540,""t"":4738},{""x"":1061,""y"":513,""t"":4824},{""x"":969,""y"":542,""t"":4840},{""x"":919,""y"":574,""t"":4923},{""x"":883,""y"":601,""t"":4939},{""x"":824,""y"":658,""t"":5025},{""x"":779,""y"":707,""t"":5041},{""x"":713,""y"":726,""t"":5124},{""x"":662,""y"":740,""t"":5139},{""x"":617,""y"":716,""t"":5222},{""x"":584,""y"":693,""t"":5237},{""x"":644,""y"":638,""t"":5322},{""x"":700,""y"":591,""t"":5339},{""x"":884,""y"":556,""t"":5418},{""x"":1032,""y"":537,""t"":5469},{""x"":1155,""y"":521,""t"":5484},{""x"":1233,""y"":511,""t"":5567},{""x"":1293,""y"":504,""t"":5584},{""x"":1367,""y"":481,""t"":5671},{""x"":1423,""y"":464,""t"":5687},{""x"":1465,""y"":487,""t"":5769},{""x"":1494,""y"":509,""t"":5784},{""x"":1502,""y"":533,""t"":5864},{""x"":1503,""y"":554,""t"":5883},{""x"":1572,""y"":521,""t"":5966},{""x"":1613,""y"":513,""t"":5985}]",{},j,0.19,0.31,0.37,0.38,0.19,0.37,0.31,0.38,experimental,catch_18,"{""durations"":[1250,1250,1250,1250],""attributes"":[""all"",""all"",""all"",""all""],""alternatives"":[0,1,0,1]}",1,0.37,0.38,1920,1080,"""","""","""","""","""","""",2021-06-16 16:45:48,,"Mozilla/5.0 (Windows NT 10.0; Win64; x64) AppleWebKit/537.36 (KHTML, like Gecko) Chrome/91.0.4472.106 Safari/537.36",WebKit,Chrome,91.0.4472.106,Windows,10.0
316,248,1,"""","""","""","""","""",html-keyboard-response,316,1647773,0.0-18.0-1.0-1.68,main,29KKCMFL,1920,1080,exp_98,0.262294910469391,4.9,,"<p style=""font-size:40px;"">+</p>",,"""","""","""","""","[{""x"":1746,""y"":552,""t"":-16},{""x"":1772,""y"":565,""t"":0},{""x"":1737,""y"":565,""t"":109},{""x"":1610,""y"":651,""t"":173},{""x"":1572,""y"":589,""t"":228},{""x"":1502,""y"":591,""t"":243},{""x"":1302,""y"":640,""t"":324},{""x"":1133,""y"":681,""t"":340},{""x"":1019,""y"":673,""t"":423},{""x"":885,""y"":744,""t"":443}]",{},"""","""","""","""","""","""","""","""","""","""","""","""","""","""","""","""","""","""","""","""","""","""","""",2021-06-16 16:45:48,,"Mozilla/5.0 (Windows NT 10.0; Win64; x64) AppleWebKit/537.36 (KHTML, like Gecko) Chrome/91.0.4472.106 Safari/537.36",WebKit,Chrome,91.0.4472.106,Windows,10.0
317,248,1,"""","""","""","""","""",two-gamble-sequence,317,1654003,0.0-18.0-1.0-2.68,main,29KKCMFL,1920,1080,exp_98,0.262294910469391,4.9,450.10000002384186,"""","""","""","""","""","""","[{""x"":948,""y"":769,""t"":-16},{""x"":875,""y"":782,""t"":0},{""x"":825,""y"":802,""t"":119},{""x"":849,""y"":752,""t"":140},{""x"":911,""y"":707,""t"":257},{""x"":879,""y"":680,""t"":272},{""x"":973,""y"":659,""t"":352},{""x"":796,""y"":680,""t"":407},{""x"":678,""y"":657,""t"":422},{""x"":570,""y"":606,""t"":471},{""x"":453,""y"":498,""t"":517},{""x"":627,""y"":389,""t"":603},{""x"":806,""y"":352,""t"":618},{""x"":857,""y"":309,""t"":699},{""x"":916,""y"":321,""t"":715},{""x"":971,""y"":297,""t"":794},{""x"":1185,""y"":292,""t"":847},{""x"":1324,""y"":311,""t"":862},{""x"":1439,""y"":326,""t"":944},{""x"":1460,""y"":344,""t"":959},{""x"":1535,""y"":308,""t"":1040},{""x"":1592,""y"":278,""t"":1056},{""x"":1589,""y"":252,""t"":1137},{""x"":1345,""y"":248,""t"":1190},{""x"":1095,""y"":324,""t"":1205},{""x"":819,""y"":361,""t"":1263},{""x"":630,""y"":347,""t"":1342},{""x"":476,""y"":335,""t"":1360},{""x"":540,""y"":365,""t"":1440},{""x"":746,""y"":361,""t"":1463},{""x"":867,""y"":514,""t"":1542},{""x"":978,""y"":634,""t"":1564},{""x"":1111,""y"":713,""t"":1654},{""x"":1179,""y"":778,""t"":1668},{""x"":1338,""y"":786,""t"":1750},{""x"":1470,""y"":787,""t"":1768},{""x"":1522,""y"":763,""t"":1846},{""x"":1478,""y"":719,""t"":1898},{""x"":1434,""y"":679,""t"":1913},{""x"":1470,""y"":628,""t"":1992},{""x"":1382,""y"":608,""t"":2007},{""x"":1366,""y"":592,""t"":2093},{""x"":1351,""y"":579,""t"":2109},{""x"":1178,""y"":631,""t"":2190},{""x"":1039,""y"":692,""t"":2241},{""x"":922,""y"":744,""t"":2257},{""x"":780,""y"":765,""t"":2336},{""x"":664,""y"":780,""t"":2352},{""x"":534,""y"":775,""t"":2431},{""x"":432,""y"":769,""t"":2449},{""x"":337,""y"":784,""t"":2531},{""x"":240,""y"":775,""t"":2583},{""x"":277,""y"":781,""t"":2599},{""x"":316,""y"":756,""t"":2648},{""x"":257,""y"":663,""t"":2698},{""x"":296,""y"":657,""t"":2776},{""x"":335,""y"":653,""t"":2792},{""x"":347,""y"":616,""t"":2871},{""x"":279,""y"":637,""t"":2924},{""x"":223,""y"":657,""t"":2938},{""x"":200,""y"":663,""t"":3016},{""x"":342,""y"":652,""t"":3031},{""x"":409,""y"":578,""t"":3109},{""x"":361,""y"":511,""t"":3161},{""x"":320,""y"":455,""t"":3177},{""x"":327,""y"":384,""t"":3257},{""x"":334,""y"":327,""t"":3272},{""x"":418,""y"":281,""t"":3352},{""x"":490,""y"":247,""t"":3367},{""x"":556,""y"":317,""t"":3446},{""x"":610,""y"":382,""t"":3469},{""x"":662,""y"":424,""t"":3548},{""x"":669,""y"":480,""t"":3572},{""x"":605,""y"":549,""t"":3657},{""x"":540,""y"":578,""t"":3673},{""x"":469,""y"":556,""t"":3755},{""x"":428,""y"":521,""t"":3775},{""x"":421,""y"":555,""t"":3854},{""x"":358,""y"":573,""t"":3908},{""x"":383,""y"":666,""t"":3923},{""x"":357,""y"":577,""t"":4005},{""x"":301,""y"":523,""t"":4019},{""x"":477,""y"":579,""t"":4103},{""x"":651,""y"":630,""t"":4118},{""x"":833,""y"":647,""t"":4202},{""x"":919,""y"":683,""t"":4217},{""x"":1069,""y"":690,""t"":4296},{""x"":1191,""y"":693,""t"":4319},{""x"":1349,""y"":738,""t"":4400},{""x"":1386,""y"":738,""t"":4421},{""x"":1398,""y"":757,""t"":4502},{""x"":1180,""y"":773,""t"":4553},{""x"":986,""y"":786,""t"":4569},{""x"":872,""y"":795,""t"":4651},{""x"":776,""y"":801,""t"":4666},{""x"":706,""y"":806,""t"":4745},{""x"":650,""y"":810,""t"":4760},{""x"":710,""y"":821,""t"":4840},{""x"":777,""y"":857,""t"":4862},{""x"":896,""y"":802,""t"":4942},{""x"":1012,""y"":775,""t"":4996},{""x"":1077,""y"":734,""t"":5011},{""x"":992,""y"":725,""t"":5091},{""x"":948,""y"":681,""t"":5106},{""x"":890,""y"":644,""t"":5190},{""x"":839,""y"":614,""t"":5207},{""x"":737,""y"":657,""t"":5287},{""x"":652,""y"":696,""t"":5304},{""x"":646,""y"":649,""t"":5383},{""x"":647,""y"":609,""t"":5441},{""x"":697,""y"":555,""t"":5492},{""x"":675,""y"":536,""t"":5508},{""x"":725,""y"":603,""t"":5596},{""x"":807,""y"":679,""t"":5640},{""x"":1004,""y"":671,""t"":5691},{""x"":1183,""y"":750,""t"":5771},{""x"":1253,""y"":718,""t"":5787},{""x"":1177,""y"":754,""t"":5869},{""x"":1175,""y"":731,""t"":5884},{""x"":1166,""y"":799,""t"":5964},{""x"":1150,""y"":863,""t"":5984},{""x"":1106,""y"":895,""t"":6067},{""x"":1073,""y"":913,""t"":6118},{""x"":938,""y"":943,""t"":6133}]",{},f,0.49,0.6900000000000001,0.32,0.82,0.49,0.32,0.6900000000000001,0.82,experimental,exp_51,"{""durations"":[1000,1500,1000,1500],""alternatives"":[""all"",""all"",""all"",""all""],""attributes"":[""m"",""p"",""m"",""p""]}",0,0.49,0.6900000000000001,1920,1080,"""","""","""","""","""","""",2021-06-16 16:45:48,,"Mozilla/5.0 (Windows NT 10.0; Win64; x64) AppleWebKit/537.36 (KHTML, like Gecko) Chrome/91.0.4472.106 Safari/537.36",WebKit,Chrome,91.0.4472.106,Windows,10.0
318,248,1,"""","""","""","""","""",html-keyboard-response,318,1654510,0.0-18.0-1.0-1.69,main,29KKCMFL,1920,1080,exp_98,0.262294910469391,4.9,,"<p style=""font-size:40px;"">+</p>",,"""","""","""","""","[{""x"":1215,""y"":899,""t"":-16},{""x"":1363,""y"":908,""t"":0},{""x"":1591,""y"":914,""t"":96},{""x"":1731,""y"":905,""t"":111},{""x"":1715,""y"":956,""t"":188},{""x"":1693,""y"":999,""t"":205},{""x"":1684,""y"":974,""t"":288},{""x"":1538,""y"":891,""t"":307},{""x"":1390,""y"":816,""t"":390},{""x"":1244,""y"":764,""t"":408}]",{},"""","""","""","""","""","""","""","""","""","""","""","""","""","""","""","""","""","""","""","""","""","""","""",2021-06-16 16:45:48,,"Mozilla/5.0 (Windows NT 10.0; Win64; x64) AppleWebKit/537.36 (KHTML, like Gecko) Chrome/91.0.4472.106 Safari/537.36",WebKit,Chrome,91.0.4472.106,Windows,10.0
319,248,1,"""","""","""","""","""",two-gamble-sequence,319,1660558,0.0-18.0-1.0-2.69,main,29KKCMFL,1920,1080,exp_98,0.262294910469391,4.9,391.5,"""","""","""","""","""","""","[{""x"":1110,""y"":731,""t"":-16},{""x"":926,""y"":765,""t"":0},{""x"":795,""y"":682,""t"":95},{""x"":717,""y"":615,""t"":118},{""x"":626,""y"":613,""t"":175},{""x"":594,""y"":598,""t"":247},{""x"":612,""y"":652,""t"":325},{""x"":633,""y"":638,""t"":343},{""x"":522,""y"":597,""t"":422},{""x"":471,""y"":592,""t"":475},{""x"":434,""y"":589,""t"":490},{""x"":358,""y"":539,""t"":569},{""x"":299,""y"":499,""t"":585},{""x"":268,""y"":485,""t"":665},{""x"":248,""y"":476,""t"":681},{""x"":526,""y"":535,""t"":761},{""x"":800,""y"":531,""t"":782},{""x"":1023,""y"":553,""t"":862},{""x"":1208,""y"":572,""t"":884},{""x"":1382,""y"":547,""t"":964},{""x"":1393,""y"":502,""t"":1014},{""x"":1506,""y"":452,""t"":1030},{""x"":1457,""y"":441,""t"":1107},{""x"":1412,""y"":426,""t"":1122},{""x"":1368,""y"":405,""t"":1202},{""x"":1318,""y"":407,""t"":1254},{""x"":1270,""y"":400,""t"":1269},{""x"":1226,""y"":347,""t"":1346},{""x"":1145,""y"":303,""t"":1361},{""x"":1017,""y"":393,""t"":1439},{""x"":887,""y"":473,""t"":1491},{""x"":780,""y"":541,""t"":1506},{""x"":585,""y"":619,""t"":1588},{""x"":425,""y"":683,""t"":1603},{""x"":317,""y"":729,""t"":1680},{""x"":197,""y"":787,""t"":1732},{""x"":105,""y"":832,""t"":1746},{""x"":103,""y"":821,""t"":1825},{""x"":112,""y"":807,""t"":1841},{""x"":133,""y"":812,""t"":1924},{""x"":177,""y"":826,""t"":1940},{""x"":253,""y"":862,""t"":2017},{""x"":393,""y"":885,""t"":2072},{""x"":515,""y"":903,""t"":2087},{""x"":767,""y"":848,""t"":2165},{""x"":978,""y"":798,""t"":2180},{""x"":1173,""y"":771,""t"":2259},{""x"":1330,""y"":747,""t"":2278},{""x"":1410,""y"":759,""t"":2355},{""x"":1471,""y"":763,""t"":2410},{""x"":1510,""y"":767,""t"":2426},{""x"":1532,""y"":807,""t"":2503},{""x"":1540,""y"":842,""t"":2519},{""x"":1545,""y"":742,""t"":2602},{""x"":1619,""y"":751,""t"":2618},{""x"":1758,""y"":750,""t"":2695},{""x"":1767,""y"":711,""t"":2754},{""x"":1684,""y"":722,""t"":2808},{""x"":1674,""y"":668,""t"":2824},{""x"":1628,""y"":664,""t"":2906},{""x"":1563,""y"":672,""t"":2924},{""x"":1488,""y"":652,""t"":3005},{""x"":1423,""y"":636,""t"":3026},{""x"":1397,""y"":632,""t"":3105},{""x"":1137,""y"":545,""t"":3155},{""x"":911,""y"":578,""t"":3170},{""x"":675,""y"":480,""t"":3252},{""x"":483,""y"":399,""t"":3266},{""x"":296,""y"":348,""t"":3345},{""x"":150,""y"":309,""t"":3367},{""x"":84,""y"":396,""t"":3446},{""x"":42,""y"":474,""t"":3469},{""x"":34,""y"":521,""t"":3551},{""x"":39,""y"":561,""t"":3571},{""x"":20,""y"":588,""t"":3648},{""x"":163,""y"":642,""t"":3707},{""x"":417,""y"":659,""t"":3764},{""x"":637,""y"":672,""t"":3779},{""x"":795,""y"":654,""t"":3860},{""x"":925,""y"":637,""t"":3877},{""x"":1097,""y"":588,""t"":3956},{""x"":1236,""y"":546,""t"":3979},{""x"":1375,""y"":524,""t"":4059},{""x"":1482,""y"":506,""t"":4081},{""x"":1478,""y"":588,""t"":4160},{""x"":1430,""y"":699,""t"":4183},{""x"":1419,""y"":736,""t"":4263},{""x"":1340,""y"":807,""t"":4312},{""x"":1328,""y"":828,""t"":4327},{""x"":1340,""y"":839,""t"":4404},{""x"":1298,""y"":810,""t"":4420},{""x"":1281,""y"":835,""t"":4500},{""x"":1408,""y"":784,""t"":4550},{""x"":1515,""y"":739,""t"":4565},{""x"":1569,""y"":727,""t"":4647},{""x"":1610,""y"":716,""t"":4662},{""x"":1655,""y"":691,""t"":4746},{""x"":1689,""y"":670,""t"":4761},{""x"":1643,""y"":714,""t"":4846},{""x"":1601,""y"":725,""t"":4864},{""x"":1478,""y"":752,""t"":4947},{""x"":1371,""y"":774,""t"":4965},{""x"":1137,""y"":771,""t"":5045},{""x"":940,""y"":768,""t"":5067},{""x"":765,""y"":735,""t"":5150},{""x"":625,""y"":706,""t"":5169},{""x"":462,""y"":686,""t"":5250},{""x"":398,""y"":694,""t"":5300},{""x"":474,""y"":661,""t"":5316},{""x"":500,""y"":627,""t"":5397},{""x"":546,""y"":614,""t"":5413},{""x"":658,""y"":634,""t"":5491},{""x"":757,""y"":652,""t"":5509},{""x"":970,""y"":577,""t"":5590},{""x"":1082,""y"":591,""t"":5643},{""x"":1132,""y"":656,""t"":5659},{""x"":1153,""y"":798,""t"":5707},{""x"":1246,""y"":852,""t"":5756},{""x"":1396,""y"":872,""t"":5836},{""x"":1518,""y"":886,""t"":5851},{""x"":1565,""y"":818,""t"":5932},{""x"":1600,""y"":777,""t"":5950}]",{},j,0.21,0.62,0.41,0.18,0.41,0.21,0.18,0.62,experimental,exp_61,"{""durations"":[1500,1000,1500,1000],""alternatives"":[""all"",""all"",""all"",""all""],""attributes"":[""m"",""p"",""m"",""p""]}",0,0.41,0.18,1920,1080,"""","""","""","""","""","""",2021-06-16 16:45:48,,"Mozilla/5.0 (Windows NT 10.0; Win64; x64) AppleWebKit/537.36 (KHTML, like Gecko) Chrome/91.0.4472.106 Safari/537.36",WebKit,Chrome,91.0.4472.106,Windows,10.0
320,248,1,"""","""","""","""","""",call-function,320,1660665,0.0-19.0-0.0,main,29KKCMFL,1920,1080,exp_98,0.262294910469391,4.9,"""","""","""","""","""","""","""","""","""","""","""","""","""","""","""","""","""","""","""","""","""","""","""","""","""","""","""","""","""","""","""","""",2021-06-16 16:45:48,,"Mozilla/5.0 (Windows NT 10.0; Win64; x64) AppleWebKit/537.36 (KHTML, like Gecko) Chrome/91.0.4472.106 Safari/537.36",WebKit,Chrome,91.0.4472.106,Windows,10.0
321,248,1,"""","""","""","""","""",html-keyboard-response,321,1670679,0.0-19.0-1.0,main,29KKCMFL,1920,1080,exp_98,0.262294910469391,4.9,10013,"<div style=""max-width: 800px"">
        <h1><img src=""icons/wheel-of-fortune_inv.png"", width=""250""/><br><br>Bonus payment</h1>
                <p align=""justify"">The computer chose trial number 11 where you chose the lottery with a winning probability of 58% and possible winning amount of £4.90. The computer then played this lottery out and determined the result:</p><h2 style=""color:ForestGreen"">Congratulations! You won an additional £4.90!</h2><p>Press <strong><em>SPACE BAR</em></strong> to continue.</p>", ,"""","""","""","""","""","""","""","""","""","""","""","""","""","""","""","""","""","""","""","""","""","""","""","""","""","""","""","""","""",2021-06-16 16:45:48,,"Mozilla/5.0 (Windows NT 10.0; Win64; x64) AppleWebKit/537.36 (KHTML, like Gecko) Chrome/91.0.4472.106 Safari/537.36",WebKit,Chrome,91.0.4472.106,Windows,10.0
322,248,1,"""","""","""","""","""",survey-text,322,1725405,0.0-20.0,main,29KKCMFL,1920,1080,exp_98,0.262294910469391,4.9,54590.700000047684,"""","{""age"":""67"",""selfReport"":""I really tried to choose more on the odds of winning than on the potential amount.  Better to win something, even if a smaller amount."",""comments"":""}","""","""","""","""","""","""","""","""","""","""","""","""","""","""","""","""","""","""","""","""","""","""","""","""","""","""","""","""","""",2021-06-16 16:45:48,,"Mozilla/5.0 (Windows NT 10.0; Win64; x64) AppleWebKit/537.36 (KHTML, like Gecko) Chrome/91.0.4472.106 Safari/537.36",WebKit,Chrome,91.0.4472.106,Windows,10.0
323,248,1,"""","""","""","""","""",survey-multi-choice,323,1740935,0.0-21.0,main,29KKCMFL,1920,1080,exp_98,0.262294910469391,4.9,15527.800000071526,"""","{""gender"":""Female"",""redGreenColorBlind"":""no"",""redGreenDifficulties"":""no"",""seriousness"":""I have taken part seriously.""}","""","""","[0,1,2,3]","""","""","""","""","""","""","""","""","""","""","""","""","""","""","""","""","""","""","""","""","""","""","""","""","""","""",2021-06-16 16:45:48,,"Mozilla/5.0 (Windows NT 10.0; Win64; x64) AppleWebKit/537.36 (KHTML, like Gecko) Chrome/91.0.4472.106 Safari/537.36",WebKit,Chrome,91.0.4472.106,Windows,10.0
324,248,1,"""","""","""","""","""",html-button-response,324,1755950,0.0-22.0,main,29KKCMFL,1920,1080,exp_98,0.262294910469391,4.9,14887.399999976158,"
        <div style=""max-width: 800px"">
        <h1><img src=""icons/race_inv.png"", width=""50""/><br><br>Study completed!</h1>
        <p align=""justify"">Thank you for your participation! In this study, we were specifically interested in how the order and duration of information presentation influences choices.<br>
        If you'd like to download a copy of the data to explore, click the format you prefer below.<br>
        You will then be redirected back to Prolific, where this study will be marked as completed.</p>",2,"""","""","""","""","""","""","""","""","""","""","""","""","""","""","""","""","""","""","""","""","""","""","""","""","""","""","""","""","""",2021-06-16 16:45:48,,"Mozilla/5.0 (Windows NT 10.0; Win64; x64) AppleWebKit/537.36 (KHTML, like Gecko) Chrome/91.0.4472.106 Safari/537.36",WebKit,Chrome,91.0.4472.106,Windows,10.0
