subject_id,block,trial,condition,choice,rt,p0,p1,m0,m1,label0,label1,higher_p,higher_m,presentation,presentation01,by_attribute,ev0,ev1,delta_ev,delta_ev_z,g0,g1,gp,gm,duration_favours,last_stage_favours,duration_favours_str,last_stage_favours_str,choose_higher_p,sequence,webgazer_data,predicted_choice,predicted_choiceprob_0,predicted_choiceprob_1,model,rep
98-attributes,0,2,exp_69,0.0,274.2999999523163,0.72,0.51,4.2,5.2,higher_p,higher_m,0,1,attributes,1.0,True,3.024,2.652,0.3719999999999999,0.64020159214642,0.5,0.5,0.4,0.6,1.0,0.0,higher_m,higher_p,True,"{""durations"":[1500,1000,1500,1000],""alternatives"":[""all"",""all"",""all"",""all""],""attributes"":[""m"",""p"",""m"",""p""]}","[{""x"":1059,""y"":584,""t"":-12},{""x"":1056,""y"":534,""t"":0},{""x"":1011,""y"":524,""t"":74},{""x"":983,""y"":545,""t"":135},{""x"":959,""y"":564,""t"":147},{""x"":988,""y"":572,""t"":210},{""x"":999,""y"":560,""t"":259},{""x"":992,""y"":562,""t"":273},{""x"":971,""y"":545,""t"":336},{""x"":964,""y"":554,""t"":352},{""x"":951,""y"":578,""t"":413},{""x"":878,""y"":527,""t"":463},{""x"":817,""y"":484,""t"":478},{""x"":770,""y"":439,""t"":539},{""x"":727,""y"":409,""t"":549},{""x"":740,""y"":356,""t"":611},{""x"":713,""y"":308,""t"":623},{""x"":574,""y"":245,""t"":686},{""x"":519,""y"":219,""t"":735},{""x"":511,""y"":200,""t"":749},{""x"":722,""y"":173,""t"":810},{""x"":924,""y"":213,""t"":822},{""x"":1075,""y"":209,""t"":883},{""x"":1181,""y"":196,""t"":893},{""x"":1280,""y"":253,""t"":957},{""x"":1404,""y"":258,""t"":1005},{""x"":1503,""y"":277,""t"":1021},{""x"":1565,""y"":296,""t"":1082},{""x"":1576,""y"":270,""t"":1093},{""x"":1634,""y"":333,""t"":1157},{""x"":1644,""y"":370,""t"":1203},{""x"":1633,""y"":380,""t"":1226},{""x"":1657,""y"":405,""t"":1286},{""x"":1672,""y"":426,""t"":1297},{""x"":1585,""y"":402,""t"":1360},{""x"":1493,""y"":349,""t"":1371},{""x"":1542,""y"":325,""t"":1435},{""x"":1500,""y"":329,""t"":1483},{""x"":1520,""y"":319,""t"":1497},{""x"":1466,""y"":313,""t"":1563},{""x"":1436,""y"":294,""t"":1574},{""x"":1243,""y"":278,""t"":1636},{""x"":1047,""y"":269,""t"":1687},{""x"":884,""y"":261,""t"":1701},{""x"":753,""y"":255,""t"":1762},{""x"":679,""y"":261,""t"":1776},{""x"":613,""y"":310,""t"":1836},{""x"":548,""y"":383,""t"":1886},{""x"":484,""y"":447,""t"":1906},{""x"":508,""y"":540,""t"":1966},{""x"":505,""y"":610,""t"":1977},{""x"":471,""y"":638,""t"":2039},{""x"":574,""y"":632,""t"":2050},{""x"":576,""y"":677,""t"":2112},{""x"":686,""y"":693,""t"":2159},{""x"":778,""y"":719,""t"":2178},{""x"":937,""y"":715,""t"":2240},{""x"":1072,""y"":708,""t"":2250},{""x"":1219,""y"":729,""t"":2314},{""x"":1357,""y"":746,""t"":2365},{""x"":1432,""y"":762,""t"":2380},{""x"":1510,""y"":763,""t"":2442},{""x"":1606,""y"":754,""t"":2453},{""x"":1607,""y"":765,""t"":2514},{""x"":1599,""y"":774,""t"":2525},{""x"":1517,""y"":739,""t"":2588},{""x"":1356,""y"":691,""t"":2637},{""x"":1172,""y"":658,""t"":2653},{""x"":985,""y"":663,""t"":2715},{""x"":854,""y"":669,""t"":2727},{""x"":704,""y"":607,""t"":2789},{""x"":601,""y"":487,""t"":2838},{""x"":537,""y"":409,""t"":2858},{""x"":488,""y"":329,""t"":2919},{""x"":427,""y"":318,""t"":2930},{""x"":460,""y"":268,""t"":2992},{""x"":681,""y"":202,""t"":3043},{""x"":864,""y"":181,""t"":3062},{""x"":1086,""y"":203,""t"":3122},{""x"":1251,""y"":240,""t"":3133},{""x"":1396,""y"":251,""t"":3198},{""x"":1376,""y"":263,""t"":3242},{""x"":1382,""y"":220,""t"":3265},{""x"":1156,""y"":146,""t"":3327},{""x"":986,""y"":84,""t"":3338},{""x"":836,""y"":60,""t"":3401},{""x"":708,""y"":26,""t"":3451},{""x"":603,""y"":0,""t"":3468},{""x"":738,""y"":110,""t"":3528},{""x"":860,""y"":205,""t"":3541},{""x"":1033,""y"":437,""t"":3603},{""x"":1113,""y"":602,""t"":3615},{""x"":1275,""y"":758,""t"":3677},{""x"":1408,""y"":873,""t"":3725},{""x"":1490,""y"":963,""t"":3740},{""x"":1584,""y"":1044,""t"":3803},{""x"":1641,""y"":1110,""t"":3815},{""x"":1704,""y"":1095,""t"":3876},{""x"":1729,""y"":1069,""t"":3887},{""x"":1723,""y"":1027,""t"":3951},{""x"":1757,""y"":995,""t"":4023},{""x"":1780,""y"":965,""t"":4047},{""x"":1730,""y"":957,""t"":4109},{""x"":1682,""y"":948,""t"":4121},{""x"":1656,""y"":937,""t"":4182},{""x"":1661,""y"":937,""t"":4194},{""x"":1569,""y"":880,""t"":4260},{""x"":1569,""y"":880,""t"":4307},{""x"":1569,""y"":879,""t"":4318},{""x"":1443,""y"":863,""t"":4381},{""x"":1316,""y"":873,""t"":4392},{""x"":1091,""y"":831,""t"":4455},{""x"":899,""y"":787,""t"":4506},{""x"":703,""y"":756,""t"":4523},{""x"":602,""y"":720,""t"":4585},{""x"":493,""y"":707,""t"":4597},{""x"":450,""y"":697,""t"":4667},{""x"":544,""y"":713,""t"":4715},{""x"":634,""y"":728,""t"":4728},{""x"":815,""y"":711,""t"":4789},{""x"":985,""y"":732,""t"":4801},{""x"":1101,""y"":703,""t"":4862},{""x"":1215,""y"":687,""t"":4912},{""x"":1320,""y"":678,""t"":4930},{""x"":1410,""y"":680,""t"":4991},{""x"":1481,""y"":683,""t"":5003},{""x"":1561,""y"":682,""t"":5065},{""x"":1621,""y"":683,""t"":5076},{""x"":1579,""y"":668,""t"":5141},{""x"":1602,""y"":703,""t"":5189},{""x"":1587,""y"":733,""t"":5202},{""x"":1582,""y"":744,""t"":5265},{""x"":1584,""y"":761,""t"":5277},{""x"":1577,""y"":769,""t"":5339},{""x"":1461,""y"":711,""t"":5388},{""x"":1388,""y"":670,""t"":5407},{""x"":1343,""y"":653,""t"":5468},{""x"":1286,""y"":629,""t"":5479},{""x"":1226,""y"":637,""t"":5540},{""x"":1162,""y"":603,""t"":5553},{""x"":1079,""y"":589,""t"":5615},{""x"":1034,""y"":609,""t"":5661},{""x"":983,""y"":621,""t"":5679},{""x"":988,""y"":609,""t"":5742},{""x"":997,""y"":599,""t"":5754},{""x"":987,""y"":571,""t"":5818},{""x"":965,""y"":543,""t"":5868}]",0,0.8147011212020718,0.1852988787979282,wa_dn_b-last,0
98-attributes,0,3,exp_107,0.0,476.10000002384186,0.78,0.4,2.1,3.0,higher_p,higher_m,0,1,attributes,1.0,True,1.638,1.2000000000000002,0.4379999999999999,0.7081329507986126,0.5,0.5,0.6,0.4,0.0,0.0,higher_p,higher_p,True,"{""durations"":[1000,1500,1000,1500],""alternatives"":[""all"",""all"",""all"",""all""],""attributes"":[""m"",""p"",""m"",""p""]}","[{""x"":1028,""y"":454,""t"":-12},{""x"":1032,""y"":441,""t"":0},{""x"":1019,""y"":457,""t"":96},{""x"":1007,""y"":471,""t"":118},{""x"":1000,""y"":439,""t"":180},{""x"":995,""y"":441,""t"":230},{""x"":958,""y"":427,""t"":242},{""x"":941,""y"":430,""t"":307},{""x"":936,""y"":418,""t"":361},{""x"":933,""y"":409,""t"":376},{""x"":841,""y"":390,""t"":439},{""x"":747,""y"":352,""t"":451},{""x"":630,""y"":320,""t"":513},{""x"":561,""y"":292,""t"":563},{""x"":505,""y"":274,""t"":579},{""x"":509,""y"":308,""t"":640},{""x"":519,""y"":339,""t"":651},{""x"":547,""y"":326,""t"":715},{""x"":759,""y"":345,""t"":765},{""x"":985,""y"":362,""t"":783},{""x"":1135,""y"":356,""t"":844},{""x"":1280,""y"":330,""t"":858},{""x"":1376,""y"":340,""t"":920},{""x"":1455,""y"":320,""t"":971},{""x"":1546,""y"":310,""t"":987},{""x"":1563,""y"":357,""t"":1051},{""x"":1574,""y"":358,""t"":1062},{""x"":1364,""y"":312,""t"":1130},{""x"":1199,""y"":275,""t"":1179},{""x"":1057,""y"":244,""t"":1191},{""x"":867,""y"":213,""t"":1257},{""x"":709,""y"":188,""t"":1268},{""x"":659,""y"":257,""t"":1332},{""x"":660,""y"":358,""t"":1375},{""x"":592,""y"":414,""t"":1441},{""x"":574,""y"":482,""t"":1463},{""x"":550,""y"":540,""t"":1525},{""x"":539,""y"":598,""t"":1536},{""x"":571,""y"":603,""t"":1602},{""x"":846,""y"":679,""t"":1651},{""x"":1038,""y"":707,""t"":1666},{""x"":1201,""y"":723,""t"":1727},{""x"":1310,""y"":710,""t"":1740},{""x"":1428,""y"":737,""t"":1804},{""x"":1506,""y"":746,""t"":1854},{""x"":1564,""y"":746,""t"":1871},{""x"":1559,""y"":702,""t"":1934},{""x"":1577,""y"":655,""t"":1945},{""x"":1582,""y"":650,""t"":2007},{""x"":1548,""y"":646,""t"":2054},{""x"":1536,""y"":663,""t"":2100},{""x"":1544,""y"":659,""t"":2112},{""x"":1496,""y"":626,""t"":2175},{""x"":1453,""y"":598,""t"":2188},{""x"":1448,""y"":626,""t"":2250},{""x"":1503,""y"":652,""t"":2300},{""x"":1549,""y"":673,""t"":2314},{""x"":1558,""y"":672,""t"":2375},{""x"":1550,""y"":689,""t"":2388},{""x"":1551,""y"":659,""t"":2453},{""x"":1555,""y"":579,""t"":2502},{""x"":1542,""y"":536,""t"":2516},{""x"":1569,""y"":538,""t"":2579},{""x"":1573,""y"":533,""t"":2590},{""x"":1538,""y"":511,""t"":2652},{""x"":1507,""y"":494,""t"":2663},{""x"":1457,""y"":512,""t"":2724},{""x"":1396,""y"":491,""t"":2774},{""x"":1388,""y"":491,""t"":2789},{""x"":1192,""y"":418,""t"":2849},{""x"":985,""y"":347,""t"":2860},{""x"":845,""y"":318,""t"":2926},{""x"":666,""y"":237,""t"":2975},{""x"":507,""y"":194,""t"":2993},{""x"":450,""y"":223,""t"":3053},{""x"":372,""y"":265,""t"":3064},{""x"":402,""y"":293,""t"":3126},{""x"":437,""y"":305,""t"":3137},{""x"":403,""y"":315,""t"":3201},{""x"":526,""y"":383,""t"":3246},{""x"":624,""y"":450,""t"":3265},{""x"":679,""y"":509,""t"":3325},{""x"":727,""y"":557,""t"":3336},{""x"":702,""y"":562,""t"":3400},{""x"":711,""y"":597,""t"":3412},{""x"":651,""y"":599,""t"":3476},{""x"":695,""y"":600,""t"":3524},{""x"":732,""y"":600,""t"":3538},{""x"":916,""y"":690,""t"":3600},{""x"":1057,""y"":782,""t"":3613},{""x"":1193,""y"":820,""t"":3676},{""x"":1301,""y"":861,""t"":3724},{""x"":1396,""y"":903,""t"":3741},{""x"":1512,""y"":937,""t"":3805},{""x"":1566,""y"":935,""t"":3816},{""x"":1605,""y"":912,""t"":3879},{""x"":1584,""y"":928,""t"":3929},{""x"":1527,""y"":924,""t"":3944},{""x"":1346,""y"":885,""t"":4007},{""x"":1223,""y"":857,""t"":4019},{""x"":1057,""y"":868,""t"":4080},{""x"":920,""y"":834,""t"":4152},{""x"":786,""y"":796,""t"":4198},{""x"":661,""y"":751,""t"":4218},{""x"":614,""y"":670,""t"":4280},{""x"":557,""y"":610,""t"":4290},{""x"":741,""y"":683,""t"":4353},{""x"":920,""y"":701,""t"":4404},{""x"":1111,""y"":698,""t"":4421},{""x"":1195,""y"":703,""t"":4501},{""x"":1309,""y"":725,""t"":4522},{""x"":1399,""y"":705,""t"":4584},{""x"":1481,""y"":685,""t"":4594},{""x"":1575,""y"":729,""t"":4657},{""x"":1621,""y"":744,""t"":4668},{""x"":1657,""y"":728,""t"":4729},{""x"":1654,""y"":752,""t"":4780},{""x"":1645,""y"":773,""t"":4795},{""x"":1686,""y"":769,""t"":4856},{""x"":1716,""y"":765,""t"":4867},{""x"":1681,""y"":779,""t"":4930},{""x"":1658,""y"":779,""t"":4942},{""x"":1671,""y"":791,""t"":5003},{""x"":1657,""y"":789,""t"":5053},{""x"":1653,""y"":783,""t"":5067},{""x"":1586,""y"":752,""t"":5129},{""x"":1561,""y"":748,""t"":5141},{""x"":1504,""y"":684,""t"":5202},{""x"":1489,""y"":682,""t"":5251},{""x"":1471,""y"":685,""t"":5271},{""x"":1496,""y"":664,""t"":5332},{""x"":1497,""y"":681,""t"":5343},{""x"":1403,""y"":671,""t"":5405},{""x"":1312,""y"":663,""t"":5415},{""x"":1265,""y"":687,""t"":5479},{""x"":1152,""y"":685,""t"":5528},{""x"":1130,""y"":679,""t"":5542},{""x"":1141,""y"":630,""t"":5605},{""x"":1146,""y"":593,""t"":5617},{""x"":1139,""y"":562,""t"":5680},{""x"":1123,""y"":561,""t"":5729},{""x"":1115,""y"":555,""t"":5748},{""x"":1105,""y"":586,""t"":5810},{""x"":1099,""y"":615,""t"":5820},{""x"":1106,""y"":698,""t"":5887},{""x"":1048,""y"":689,""t"":5934},{""x"":1000,""y"":680,""t"":5950},{""x"":1047,""y"":715,""t"":6013},{""x"":1090,""y"":743,""t"":6024},{""x"":1081,""y"":745,""t"":6085}]",0,0.9398108698048734,0.060189130195126624,wa_dn_b-last,0
98-attributes,0,4,exp_3,0.0,273.80000001192093,0.79,0.49,5.300000000000001,8.3,higher_p,higher_m,0,1,attributes,1.0,True,4.187000000000001,4.067,0.120000000000001,0.3808273136562316,0.5,0.5,0.6,0.4,0.0,0.0,higher_p,higher_p,True,"{""durations"":[1000,1500,1000,1500],""alternatives"":[""all"",""all"",""all"",""all""],""attributes"":[""m"",""p"",""m"",""p""]}","[{""x"":1018,""y"":736,""t"":-12},{""x"":1027,""y"":721,""t"":0},{""x"":1030,""y"":707,""t"":97},{""x"":1033,""y"":694,""t"":109},{""x"":1025,""y"":702,""t"":171},{""x"":1008,""y"":686,""t"":222},{""x"":970,""y"":697,""t"":239},{""x"":968,""y"":713,""t"":305},{""x"":1003,""y"":721,""t"":316},{""x"":1013,""y"":723,""t"":380},{""x"":1018,""y"":736,""t"":426},{""x"":1023,""y"":722,""t"":443},{""x"":1022,""y"":707,""t"":506},{""x"":1022,""y"":695,""t"":518},{""x"":981,""y"":676,""t"":584},{""x"":927,""y"":649,""t"":631},{""x"":880,""y"":634,""t"":648},{""x"":801,""y"":576,""t"":709},{""x"":736,""y"":528,""t"":720},{""x"":646,""y"":469,""t"":781},{""x"":574,""y"":422,""t"":793},{""x"":711,""y"":390,""t"":856},{""x"":951,""y"":334,""t"":908},{""x"":1170,""y"":282,""t"":922},{""x"":1315,""y"":264,""t"":992},{""x"":1450,""y"":204,""t"":1044},{""x"":1557,""y"":157,""t"":1058},{""x"":1555,""y"":112,""t"":1135},{""x"":1498,""y"":100,""t"":1158},{""x"":1249,""y"":132,""t"":1224},{""x"":1032,""y"":163,""t"":1234},{""x"":883,""y"":245,""t"":1311},{""x"":793,""y"":272,""t"":1327},{""x"":940,""y"":409,""t"":1404},{""x"":1062,""y"":472,""t"":1429},{""x"":1200,""y"":548,""t"":1518},{""x"":1326,""y"":635,""t"":1556},{""x"":1407,""y"":699,""t"":1594},{""x"":1438,""y"":713,""t"":1631},{""x"":1541,""y"":754,""t"":1669},{""x"":1566,""y"":784,""t"":1731},{""x"":1577,""y"":804,""t"":1746},{""x"":1350,""y"":800,""t"":1807},{""x"":1152,""y"":767,""t"":1857},{""x"":968,""y"":760,""t"":1870},{""x"":837,""y"":716,""t"":1932},{""x"":728,""y"":693,""t"":1943},{""x"":667,""y"":678,""t"":2005},{""x"":624,""y"":666,""t"":2016},{""x"":591,""y"":614,""t"":2083},{""x"":481,""y"":458,""t"":2133},{""x"":414,""y"":323,""t"":2144},{""x"":427,""y"":214,""t"":2207},{""x"":379,""y"":102,""t"":2218},{""x"":378,""y"":47,""t"":2280},{""x"":411,""y"":-11,""t"":2328},{""x"":376,""y"":-63,""t"":2346},{""x"":403,""y"":-47,""t"":2408},{""x"":430,""y"":-27,""t"":2421},{""x"":453,""y"":16,""t"":2482},{""x"":441,""y"":33,""t"":2532},{""x"":430,""y"":-6,""t"":2551},{""x"":410,""y"":-28,""t"":2612},{""x"":395,""y"":-45,""t"":2625},{""x"":420,""y"":-12,""t"":2689},{""x"":413,""y"":27,""t"":2739},{""x"":481,""y"":54,""t"":2754},{""x"":515,""y"":81,""t"":2817},{""x"":538,""y"":137,""t"":2829},{""x"":576,""y"":181,""t"":2893},{""x"":590,""y"":189,""t"":2943},{""x"":633,""y"":216,""t"":2960},{""x"":574,""y"":176,""t"":3020},{""x"":522,""y"":140,""t"":3031},{""x"":538,""y"":108,""t"":3095},{""x"":754,""y"":77,""t"":3143},{""x"":970,""y"":84,""t"":3164},{""x"":1196,""y"":130,""t"":3224},{""x"":1362,""y"":147,""t"":3237},{""x"":1476,""y"":171,""t"":3298},{""x"":1576,""y"":207,""t"":3309},{""x"":1571,""y"":255,""t"":3373},{""x"":1333,""y"":239,""t"":3420},{""x"":1132,""y"":241,""t"":3435},{""x"":914,""y"":170,""t"":3497},{""x"":755,""y"":158,""t"":3508},{""x"":653,""y"":157,""t"":3573},{""x"":607,""y"":136,""t"":3622},{""x"":502,""y"":122,""t"":3640},{""x"":429,""y"":208,""t"":3701},{""x"":374,""y"":283,""t"":3714},{""x"":462,""y"":391,""t"":3776},{""x"":503,""y"":508,""t"":3825},{""x"":535,""y"":609,""t"":3844},{""x"":543,""y"":671,""t"":3906},{""x"":553,""y"":717,""t"":3917},{""x"":549,""y"":729,""t"":3979},{""x"":587,""y"":744,""t"":4024},{""x"":625,""y"":778,""t"":4071},{""x"":642,""y"":819,""t"":4085},{""x"":635,""y"":833,""t"":4149},{""x"":627,""y"":852,""t"":4196},{""x"":619,""y"":865,""t"":4217},{""x"":648,""y"":849,""t"":4277},{""x"":657,""y"":830,""t"":4289},{""x"":589,""y"":820,""t"":4351},{""x"":540,""y"":801,""t"":4362},{""x"":625,""y"":790,""t"":4426},{""x"":674,""y"":742,""t"":4472},{""x"":716,""y"":700,""t"":4489},{""x"":750,""y"":698,""t"":4550},{""x"":783,""y"":676,""t"":4563},{""x"":787,""y"":645,""t"":4626},{""x"":814,""y"":633,""t"":4677},{""x"":846,""y"":593,""t"":4713},{""x"":827,""y"":580,""t"":4751},{""x"":881,""y"":569,""t"":4789},{""x"":904,""y"":538,""t"":4825},{""x"":879,""y"":550,""t"":4862},{""x"":856,""y"":528,""t"":4924},{""x"":869,""y"":535,""t"":4935},{""x"":883,""y"":552,""t"":4997},{""x"":903,""y"":564,""t"":5008},{""x"":925,""y"":561,""t"":5076},{""x"":972,""y"":526,""t"":5122},{""x"":1024,""y"":493,""t"":5136},{""x"":971,""y"":472,""t"":5199},{""x"":942,""y"":446,""t"":5210},{""x"":893,""y"":432,""t"":5271},{""x"":941,""y"":439,""t"":5321},{""x"":987,""y"":421,""t"":5339},{""x"":1051,""y"":396,""t"":5401},{""x"":1112,""y"":381,""t"":5412},{""x"":1099,""y"":353,""t"":5474},{""x"":1118,""y"":349,""t"":5486},{""x"":1067,""y"":369,""t"":5549},{""x"":1033,""y"":392,""t"":5599},{""x"":1026,""y"":415,""t"":5611},{""x"":1022,""y"":465,""t"":5672},{""x"":1018,""y"":508,""t"":5683},{""x"":1028,""y"":661,""t"":5746},{""x"":1022,""y"":715,""t"":5757}]",0,0.752588417709236,0.247411582290764,wa_dn_b-last,0
98-attributes,0,5,exp_53,0.0,585.8000000119209,0.49,0.32,6.9,8.2,higher_p,higher_m,0,1,attributes,1.0,True,3.381,2.624,0.7570000000000006,1.0364678509508771,0.5,0.5,0.4,0.6,1.0,0.0,higher_m,higher_p,True,"{""durations"":[1500,1000,1500,1000],""alternatives"":[""all"",""all"",""all"",""all""],""attributes"":[""m"",""p"",""m"",""p""]}","[{""x"":959,""y"":944,""t"":-12},{""x"":886,""y"":868,""t"":0},{""x"":905,""y"":777,""t"":70},{""x"":1052,""y"":733,""t"":130},{""x"":1177,""y"":712,""t"":143},{""x"":1181,""y"":664,""t"":209},{""x"":1218,""y"":617,""t"":260},{""x"":1179,""y"":607,""t"":274},{""x"":1177,""y"":588,""t"":336},{""x"":1183,""y"":589,""t"":347},{""x"":1138,""y"":560,""t"":408},{""x"":1040,""y"":541,""t"":459},{""x"":950,""y"":544,""t"":477},{""x"":918,""y"":506,""t"":538},{""x"":894,""y"":477,""t"":549},{""x"":747,""y"":362,""t"":611},{""x"":624,""y"":266,""t"":622},{""x"":578,""y"":181,""t"":685},{""x"":728,""y"":151,""t"":732},{""x"":856,""y"":123,""t"":749},{""x"":1039,""y"":97,""t"":812},{""x"":1182,""y"":59,""t"":823},{""x"":1278,""y"":96,""t"":885},{""x"":1374,""y"":99,""t"":934},{""x"":1420,""y"":76,""t"":953},{""x"":1494,""y"":95,""t"":1014},{""x"":1539,""y"":97,""t"":1026},{""x"":1379,""y"":98,""t"":1088},{""x"":1192,""y"":90,""t"":1134},{""x"":1030,""y"":85,""t"":1157},{""x"":850,""y"":64,""t"":1220},{""x"":712,""y"":58,""t"":1231},{""x"":592,""y"":31,""t"":1293},{""x"":497,""y"":8,""t"":1339},{""x"":405,""y"":-11,""t"":1360},{""x"":426,""y"":91,""t"":1422},{""x"":393,""y"":146,""t"":1434},{""x"":462,""y"":221,""t"":1496},{""x"":500,""y"":317,""t"":1507},{""x"":563,""y"":428,""t"":1572},{""x"":638,""y"":519,""t"":1619},{""x"":710,""y"":539,""t"":1633},{""x"":758,""y"":592,""t"":1694},{""x"":781,""y"":606,""t"":1705},{""x"":773,""y"":666,""t"":1767},{""x"":808,""y"":689,""t"":1779},{""x"":827,""y"":735,""t"":1842},{""x"":905,""y"":752,""t"":1892},{""x"":969,""y"":762,""t"":1905},{""x"":1147,""y"":760,""t"":1968},{""x"":1296,""y"":788,""t"":1979},{""x"":1445,""y"":847,""t"":2041},{""x"":1547,""y"":861,""t"":2089},{""x"":1617,""y"":879,""t"":2111},{""x"":1690,""y"":911,""t"":2173},{""x"":1711,""y"":925,""t"":2185},{""x"":1727,""y"":908,""t"":2249},{""x"":1736,""y"":899,""t"":2297},{""x"":1737,""y"":890,""t"":2314},{""x"":1748,""y"":884,""t"":2374},{""x"":1749,""y"":849,""t"":2387},{""x"":1715,""y"":826,""t"":2449},{""x"":1648,""y"":775,""t"":2498},{""x"":1615,""y"":759,""t"":2517},{""x"":1465,""y"":719,""t"":2579},{""x"":1322,""y"":679,""t"":2595},{""x"":1187,""y"":671,""t"":2656},{""x"":1026,""y"":645,""t"":2707},{""x"":895,""y"":626,""t"":2721},{""x"":755,""y"":485,""t"":2782},{""x"":708,""y"":362,""t"":2793},{""x"":604,""y"":259,""t"":2854},{""x"":530,""y"":185,""t"":2866},{""x"":486,""y"":107,""t"":2928},{""x"":672,""y"":105,""t"":2978},{""x"":836,""y"":122,""t"":2992},{""x"":1045,""y"":144,""t"":3054},{""x"":1233,""y"":178,""t"":3067},{""x"":1355,""y"":167,""t"":3129},{""x"":1490,""y"":205,""t"":3179},{""x"":1603,""y"":246,""t"":3198},{""x"":1649,""y"":253,""t"":3260},{""x"":1690,""y"":269,""t"":3271},{""x"":1727,""y"":285,""t"":3335},{""x"":1757,""y"":336,""t"":3407},{""x"":1648,""y"":341,""t"":3457},{""x"":1549,""y"":345,""t"":3469},{""x"":1338,""y"":359,""t"":3531},{""x"":1157,""y"":369,""t"":3541},{""x"":950,""y"":377,""t"":3612},{""x"":783,""y"":431,""t"":3659},{""x"":603,""y"":481,""t"":3672},{""x"":431,""y"":499,""t"":3734},{""x"":303,""y"":514,""t"":3745},{""x"":280,""y"":583,""t"":3808},{""x"":332,""y"":646,""t"":3819},{""x"":308,""y"":738,""t"":3882},{""x"":365,""y"":748,""t"":3933},{""x"":379,""y"":769,""t"":3945},{""x"":415,""y"":723,""t"":4007},{""x"":450,""y"":692,""t"":4018},{""x"":433,""y"":678,""t"":4080},{""x"":421,""y"":679,""t"":4094},{""x"":400,""y"":730,""t"":4160},{""x"":454,""y"":754,""t"":4183},{""x"":488,""y"":769,""t"":4244},{""x"":525,""y"":748,""t"":4256},{""x"":472,""y"":728,""t"":4320},{""x"":445,""y"":752,""t"":4365},{""x"":422,""y"":772,""t"":4388},{""x"":753,""y"":778,""t"":4448},{""x"":962,""y"":789,""t"":4459},{""x"":1194,""y"":835,""t"":4525},{""x"":1377,""y"":853,""t"":4575},{""x"":1534,""y"":862,""t"":4591},{""x"":1640,""y"":881,""t"":4653},{""x"":1718,""y"":895,""t"":4665},{""x"":1773,""y"":897,""t"":4727},{""x"":1804,""y"":889,""t"":4777},{""x"":1787,""y"":878,""t"":4795},{""x"":1819,""y"":850,""t"":4858},{""x"":1839,""y"":825,""t"":4869},{""x"":1838,""y"":790,""t"":4932},{""x"":1809,""y"":764,""t"":4982},{""x"":1796,""y"":763,""t"":4998},{""x"":1752,""y"":763,""t"":5065},{""x"":1711,""y"":765,""t"":5076},{""x"":1687,""y"":766,""t"":5139},{""x"":1675,""y"":768,""t"":5192},{""x"":1679,""y"":764,""t"":5202},{""x"":1684,""y"":747,""t"":5263},{""x"":1688,""y"":732,""t"":5274},{""x"":1635,""y"":711,""t"":5339},{""x"":1490,""y"":672,""t"":5389},{""x"":1376,""y"":631,""t"":5407},{""x"":1270,""y"":608,""t"":5468},{""x"":1176,""y"":593,""t"":5481},{""x"":1094,""y"":592,""t"":5542},{""x"":1052,""y"":567,""t"":5592},{""x"":1023,""y"":547,""t"":5611},{""x"":992,""y"":526,""t"":5673},{""x"":972,""y"":511,""t"":5684},{""x"":964,""y"":539,""t"":5752},{""x"":982,""y"":543,""t"":5802},{""x"":984,""y"":551,""t"":5816},{""x"":1004,""y"":572,""t"":5877},{""x"":998,""y"":557,""t"":5889},{""x"":1007,""y"":569,""t"":5951},{""x"":1016,""y"":581,""t"":6014},{""x"":1012,""y"":611,""t"":6025},{""x"":936,""y"":649,""t"":6087},{""x"":891,""y"":698,""t"":6137},{""x"":863,""y"":708,""t"":6155}]",0,0.9018158427513239,0.09818415724867617,wa_dn_b-last,0
98-attributes,0,7,exp_73,0.0,217.30000001192093,0.8,0.2,4.0,6.799999999999999,higher_p,higher_m,0,1,attributes,1.0,True,3.2,1.36,1.8400000000000003,2.151159690652763,0.5,0.5,0.6,0.4,0.0,1.0,higher_p,higher_m,True,"{""durations"":[1500,1000,1500,1000],""alternatives"":[""all"",""all"",""all"",""all""],""attributes"":[""p"",""m"",""p"",""m""]}","[{""x"":1116,""y"":725,""t"":-37},{""x"":1138,""y"":726,""t"":0},{""x"":1100,""y"":693,""t"":67},{""x"":1048,""y"":666,""t"":86},{""x"":1057,""y"":672,""t"":168},{""x"":1091,""y"":701,""t"":180},{""x"":1113,""y"":705,""t"":243},{""x"":1102,""y"":705,""t"":292},{""x"":1111,""y"":677,""t"":306},{""x"":1074,""y"":599,""t"":369},{""x"":1041,""y"":533,""t"":380},{""x"":956,""y"":547,""t"":443},{""x"":894,""y"":554,""t"":492},{""x"":840,""y"":555,""t"":511},{""x"":785,""y"":588,""t"":573},{""x"":788,""y"":623,""t"":584},{""x"":956,""y"":711,""t"":647},{""x"":1134,""y"":731,""t"":692},{""x"":1286,""y"":746,""t"":715},{""x"":1379,""y"":757,""t"":775},{""x"":1465,""y"":815,""t"":786},{""x"":1517,""y"":792,""t"":849},{""x"":1547,""y"":813,""t"":860},{""x"":1619,""y"":817,""t"":923},{""x"":1643,""y"":794,""t"":973},{""x"":1656,""y"":773,""t"":988},{""x"":1673,""y"":736,""t"":1050},{""x"":1679,""y"":729,""t"":1062},{""x"":1690,""y"":734,""t"":1123},{""x"":1451,""y"":716,""t"":1170},{""x"":1251,""y"":720,""t"":1190},{""x"":1026,""y"":706,""t"":1251},{""x"":839,""y"":693,""t"":1262},{""x"":718,""y"":697,""t"":1325},{""x"":624,""y"":702,""t"":1335},{""x"":654,""y"":727,""t"":1400},{""x"":818,""y"":746,""t"":1448},{""x"":979,""y"":767,""t"":1462},{""x"":1152,""y"":815,""t"":1523},{""x"":1264,""y"":830,""t"":1537},{""x"":1395,""y"":820,""t"":1604},{""x"":1490,""y"":819,""t"":1653},{""x"":1583,""y"":832,""t"":1667},{""x"":1571,""y"":798,""t"":1728},{""x"":1567,""y"":790,""t"":1739},{""x"":1389,""y"":637,""t"":1801},{""x"":1221,""y"":562,""t"":1813},{""x"":1057,""y"":489,""t"":1875},{""x"":876,""y"":380,""t"":1926},{""x"":747,""y"":285,""t"":1940},{""x"":641,""y"":250,""t"":2001},{""x"":560,""y"":226,""t"":2012},{""x"":453,""y"":199,""t"":2074},{""x"":370,""y"":182,""t"":2086},{""x"":395,""y"":196,""t"":2148},{""x"":437,""y"":183,""t"":2197},{""x"":480,""y"":175,""t"":2211},{""x"":683,""y"":217,""t"":2272},{""x"":859,""y"":255,""t"":2283},{""x"":1047,""y"":272,""t"":2346},{""x"":1185,""y"":283,""t"":2359},{""x"":1349,""y"":287,""t"":2421},{""x"":1434,""y"":277,""t"":2468},{""x"":1510,""y"":232,""t"":2484},{""x"":1439,""y"":210,""t"":2547},{""x"":1382,""y"":204,""t"":2559},{""x"":1197,""y"":187,""t"":2625},{""x"":996,""y"":209,""t"":2671},{""x"":908,""y"":247,""t"":2688},{""x"":820,""y"":273,""t"":2749},{""x"":701,""y"":297,""t"":2760},{""x"":653,""y"":397,""t"":2822},{""x"":618,""y"":481,""t"":2833},{""x"":573,""y"":525,""t"":2895},{""x"":511,""y"":606,""t"":2946},{""x"":517,""y"":600,""t"":2958},{""x"":464,""y"":625,""t"":3021},{""x"":467,""y"":620,""t"":3032},{""x"":766,""y"":687,""t"":3108},{""x"":955,""y"":744,""t"":3129},{""x"":1134,""y"":770,""t"":3191},{""x"":1249,""y"":817,""t"":3202},{""x"":1375,""y"":831,""t"":3264},{""x"":1475,""y"":839,""t"":3275},{""x"":1579,""y"":865,""t"":3344},{""x"":1637,""y"":855,""t"":3367},{""x"":1684,""y"":823,""t"":3429},{""x"":1723,""y"":792,""t"":3441},{""x"":1746,""y"":762,""t"":3507},{""x"":1722,""y"":721,""t"":3554},{""x"":1688,""y"":699,""t"":3571},{""x"":1668,""y"":688,""t"":3636},{""x"":1646,""y"":679,""t"":3648},{""x"":1532,""y"":668,""t"":3710},{""x"":1292,""y"":624,""t"":3760},{""x"":1088,""y"":587,""t"":3774},{""x"":926,""y"":552,""t"":3837},{""x"":777,""y"":517,""t"":3850},{""x"":675,""y"":535,""t"":3911},{""x"":631,""y"":545,""t"":3961},{""x"":535,""y"":573,""t"":3980},{""x"":461,""y"":575,""t"":4043},{""x"":430,""y"":588,""t"":4054},{""x"":521,""y"":607,""t"":4120},{""x"":592,""y"":590,""t"":4172},{""x"":644,""y"":583,""t"":4183},{""x"":651,""y"":546,""t"":4245},{""x"":657,""y"":516,""t"":4256},{""x"":706,""y"":508,""t"":4319},{""x"":723,""y"":438,""t"":4371},{""x"":673,""y"":374,""t"":4386},{""x"":627,""y"":340,""t"":4447},{""x"":634,""y"":291,""t"":4459},{""x"":609,""y"":295,""t"":4521},{""x"":613,""y"":282,""t"":4533},{""x"":818,""y"":271,""t"":4596},{""x"":987,""y"":241,""t"":4642},{""x"":1185,""y"":260,""t"":4660},{""x"":1341,""y"":300,""t"":4722},{""x"":1463,""y"":322,""t"":4732},{""x"":1562,""y"":300,""t"":4797},{""x"":1586,""y"":304,""t"":4849},{""x"":1592,""y"":334,""t"":4862},{""x"":1457,""y"":417,""t"":4923},{""x"":1314,""y"":541,""t"":4935},{""x"":1216,""y"":623,""t"":4998},{""x"":1131,""y"":678,""t"":5060},{""x"":1047,""y"":750,""t"":5072},{""x"":996,""y"":726,""t"":5136},{""x"":974,""y"":713,""t"":5186},{""x"":960,""y"":698,""t"":5203},{""x"":922,""y"":690,""t"":5263},{""x"":825,""y"":667,""t"":5276},{""x"":721,""y"":654,""t"":5338},{""x"":711,""y"":662,""t"":5388},{""x"":747,""y"":668,""t"":5407},{""x"":837,""y"":660,""t"":5468},{""x"":966,""y"":602,""t"":5480},{""x"":1000,""y"":616,""t"":5541},{""x"":1019,""y"":638,""t"":5552},{""x"":1050,""y"":642,""t"":5614},{""x"":1059,""y"":664,""t"":5664},{""x"":1018,""y"":667,""t"":5679},{""x"":1013,""y"":632,""t"":5740},{""x"":1018,""y"":602,""t"":5752},{""x"":1018,""y"":586,""t"":5814},{""x"":1019,""y"":574,""t"":5825}]",0,0.9924846162748195,0.0075153837251804995,wa_dn_b-last,0
98-attributes,0,12,exp_91,0.0,337.39999997615814,0.5,0.38,3.0,4.0,higher_p,higher_m,0,1,attributes,1.0,True,1.5,1.52,-0.02,0.2367304922727919,0.5,0.5,0.6,0.4,0.0,0.0,higher_p,higher_p,True,"{""durations"":[1000,1500,1000,1500],""alternatives"":[""all"",""all"",""all"",""all""],""attributes"":[""m"",""p"",""m"",""p""]}","[{""x"":1007,""y"":616,""t"":-17},{""x"":953,""y"":596,""t"":0},{""x"":956,""y"":607,""t"":68},{""x"":1011,""y"":617,""t"":96},{""x"":1058,""y"":650,""t"":136},{""x"":1064,""y"":633,""t"":198},{""x"":1068,""y"":617,""t"":210},{""x"":1012,""y"":593,""t"":276},{""x"":1088,""y"":579,""t"":327},{""x"":1152,""y"":568,""t"":341},{""x"":1275,""y"":543,""t"":401},{""x"":1377,""y"":523,""t"":413},{""x"":1390,""y"":489,""t"":475},{""x"":1409,""y"":450,""t"":487},{""x"":1473,""y"":482,""t"":548},{""x"":1286,""y"":401,""t"":598},{""x"":1122,""y"":333,""t"":612},{""x"":960,""y"":300,""t"":673},{""x"":824,""y"":275,""t"":684},{""x"":676,""y"":306,""t"":747},{""x"":549,""y"":319,""t"":759},{""x"":484,""y"":350,""t"":819},{""x"":438,""y"":325,""t"":869},{""x"":407,""y"":305,""t"":885},{""x"":613,""y"":282,""t"":945},{""x"":796,""y"":263,""t"":957},{""x"":984,""y"":308,""t"":1021},{""x"":1184,""y"":321,""t"":1069},{""x"":1350,""y"":333,""t"":1089},{""x"":1429,""y"":335,""t"":1150},{""x"":1367,""y"":340,""t"":1186},{""x"":1223,""y"":334,""t"":1224},{""x"":1113,""y"":356,""t"":1260},{""x"":1027,""y"":436,""t"":1326},{""x"":966,""y"":488,""t"":1338},{""x"":844,""y"":534,""t"":1400},{""x"":776,""y"":571,""t"":1452},{""x"":753,""y"":611,""t"":1463},{""x"":746,""y"":613,""t"":1525},{""x"":760,""y"":647,""t"":1537},{""x"":749,""y"":671,""t"":1599},{""x"":979,""y"":727,""t"":1650},{""x"":1185,""y"":754,""t"":1667},{""x"":1298,""y"":784,""t"":1728},{""x"":1397,""y"":796,""t"":1742},{""x"":1438,""y"":757,""t"":1804},{""x"":1510,""y"":792,""t"":1853},{""x"":1564,""y"":820,""t"":1871},{""x"":1571,""y"":830,""t"":1932},{""x"":1548,""y"":833,""t"":1944},{""x"":1580,""y"":802,""t"":2006},{""x"":1607,""y"":778,""t"":2017},{""x"":1656,""y"":769,""t"":2079},{""x"":1643,""y"":665,""t"":2125},{""x"":1627,""y"":575,""t"":2143},{""x"":1622,""y"":504,""t"":2203},{""x"":1606,""y"":432,""t"":2215},{""x"":1588,""y"":445,""t"":2277},{""x"":1570,""y"":460,""t"":2288},{""x"":1269,""y"":402,""t"":2351},{""x"":1081,""y"":396,""t"":2396},{""x"":927,""y"":394,""t"":2414},{""x"":823,""y"":347,""t"":2475},{""x"":744,""y"":309,""t"":2487},{""x"":593,""y"":305,""t"":2549},{""x"":486,""y"":308,""t"":2561},{""x"":448,""y"":288,""t"":2626},{""x"":443,""y"":351,""t"":2675},{""x"":446,""y"":363,""t"":2686},{""x"":487,""y"":378,""t"":2748},{""x"":521,""y"":388,""t"":2760},{""x"":499,""y"":379,""t"":2823},{""x"":483,""y"":367,""t"":2870},{""x"":437,""y"":345,""t"":2890},{""x"":412,""y"":310,""t"":2951},{""x"":395,""y"":280,""t"":2962},{""x"":320,""y"":251,""t"":3024},{""x"":364,""y"":295,""t"":3035},{""x"":352,""y"":276,""t"":3097},{""x"":352,""y"":270,""t"":3145},{""x"":356,""y"":265,""t"":3164},{""x"":497,""y"":233,""t"":3225},{""x"":589,""y"":232,""t"":3236},{""x"":815,""y"":261,""t"":3298},{""x"":1004,""y"":286,""t"":3309},{""x"":1168,""y"":360,""t"":3372},{""x"":1325,""y"":380,""t"":3426},{""x"":1408,""y"":414,""t"":3438},{""x"":1500,""y"":395,""t"":3500},{""x"":1567,""y"":378,""t"":3512},{""x"":1577,""y"":356,""t"":3573},{""x"":1584,""y"":387,""t"":3625},{""x"":1581,""y"":413,""t"":3640},{""x"":1578,""y"":501,""t"":3701},{""x"":1568,""y"":575,""t"":3712},{""x"":1539,""y"":606,""t"":3773},{""x"":1538,""y"":647,""t"":3785},{""x"":1555,""y"":689,""t"":3850},{""x"":1539,""y"":748,""t"":3898},{""x"":1534,""y"":751,""t"":3911},{""x"":1311,""y"":722,""t"":3971},{""x"":1135,""y"":680,""t"":3983},{""x"":1011,""y"":661,""t"":4045},{""x"":908,""y"":654,""t"":4056},{""x"":816,""y"":634,""t"":4119},{""x"":713,""y"":672,""t"":4168},{""x"":674,""y"":645,""t"":4182},{""x"":687,""y"":666,""t"":4243},{""x"":706,""y"":683,""t"":4254},{""x"":608,""y"":620,""t"":4318},{""x"":551,""y"":588,""t"":4329},{""x"":516,""y"":571,""t"":4394},{""x"":508,""y"":580,""t"":4444},{""x"":500,""y"":540,""t"":4456},{""x"":532,""y"":534,""t"":4517},{""x"":563,""y"":531,""t"":4528},{""x"":523,""y"":504,""t"":4590},{""x"":475,""y"":458,""t"":4638},{""x"":447,""y"":426,""t"":4684},{""x"":431,""y"":438,""t"":4697},{""x"":492,""y"":426,""t"":4759},{""x"":541,""y"":449,""t"":4772},{""x"":569,""y"":464,""t"":4839},{""x"":573,""y"":454,""t"":4863},{""x"":586,""y"":482,""t"":4924},{""x"":551,""y"":457,""t"":4935},{""x"":561,""y"":481,""t"":4998},{""x"":571,""y"":467,""t"":5066},{""x"":616,""y"":485,""t"":5138},{""x"":643,""y"":526,""t"":5190},{""x"":606,""y"":491,""t"":5202},{""x"":584,""y"":459,""t"":5263},{""x"":595,""y"":412,""t"":5274},{""x"":636,""y"":407,""t"":5336},{""x"":702,""y"":419,""t"":5347},{""x"":813,""y"":468,""t"":5410},{""x"":852,""y"":475,""t"":5470},{""x"":924,""y"":484,""t"":5482},{""x"":970,""y"":506,""t"":5543},{""x"":1037,""y"":475,""t"":5594},{""x"":1065,""y"":464,""t"":5611},{""x"":1062,""y"":501,""t"":5675},{""x"":1042,""y"":486,""t"":5686},{""x"":1060,""y"":438,""t"":5749},{""x"":1040,""y"":438,""t"":5798},{""x"":999,""y"":451,""t"":5814},{""x"":990,""y"":485,""t"":5874},{""x"":956,""y"":476,""t"":5886}]",0,0.6537338957116783,0.3462661042883218,wa_dn_b-last,0
98-attributes,0,16,exp_25,0.0,476.3000000119209,0.3,0.17,2.0,3.0,higher_p,higher_m,0,1,attributes,1.0,True,0.6,0.51,0.0899999999999999,0.3499494233597794,0.5,0.5,0.6,0.4,0.0,1.0,higher_p,higher_m,True,"{""durations"":[1500,1000,1500,1000],""alternatives"":[""all"",""all"",""all"",""all""],""attributes"":[""p"",""m"",""p"",""m""]}","[{""x"":1004,""y"":540,""t"":-16},{""x"":986,""y"":516,""t"":0},{""x"":1017,""y"":493,""t"":98},{""x"":1068,""y"":504,""t"":112},{""x"":1065,""y"":522,""t"":179},{""x"":1092,""y"":568,""t"":225},{""x"":1114,""y"":608,""t"":239},{""x"":1084,""y"":628,""t"":301},{""x"":1075,""y"":640,""t"":312},{""x"":1100,""y"":645,""t"":374},{""x"":1114,""y"":633,""t"":386},{""x"":1118,""y"":634,""t"":448},{""x"":1057,""y"":639,""t"":499},{""x"":961,""y"":642,""t"":511},{""x"":813,""y"":661,""t"":573},{""x"":739,""y"":651,""t"":584},{""x"":860,""y"":705,""t"":646},{""x"":977,""y"":755,""t"":657},{""x"":1102,""y"":750,""t"":718},{""x"":1244,""y"":763,""t"":768},{""x"":1339,""y"":756,""t"":783},{""x"":1408,""y"":738,""t"":844},{""x"":1464,""y"":730,""t"":855},{""x"":1538,""y"":739,""t"":917},{""x"":1542,""y"":709,""t"":928},{""x"":1563,""y"":704,""t"":990},{""x"":1441,""y"":712,""t"":1036},{""x"":1341,""y"":714,""t"":1055},{""x"":1216,""y"":686,""t"":1120},{""x"":1097,""y"":695,""t"":1131},{""x"":967,""y"":685,""t"":1194},{""x"":885,""y"":613,""t"":1244},{""x"":713,""y"":597,""t"":1259},{""x"":654,""y"":592,""t"":1322},{""x"":612,""y"":589,""t"":1333},{""x"":851,""y"":651,""t"":1397},{""x"":1004,""y"":635,""t"":1447},{""x"":1136,""y"":621,""t"":1464},{""x"":1289,""y"":654,""t"":1525},{""x"":1406,""y"":679,""t"":1538},{""x"":1489,""y"":695,""t"":1603},{""x"":1504,""y"":711,""t"":1652},{""x"":1518,""y"":726,""t"":1668},{""x"":1586,""y"":741,""t"":1729},{""x"":1623,""y"":736,""t"":1740},{""x"":1634,""y"":738,""t"":1804},{""x"":1479,""y"":644,""t"":1854},{""x"":1323,""y"":559,""t"":1871},{""x"":1029,""y"":457,""t"":1931},{""x"":848,""y"":384,""t"":1943},{""x"":712,""y"":329,""t"":2005},{""x"":611,""y"":308,""t"":2016},{""x"":494,""y"":268,""t"":2079},{""x"":422,""y"":224,""t"":2124},{""x"":458,""y"":242,""t"":2143},{""x"":691,""y"":254,""t"":2203},{""x"":904,""y"":278,""t"":2214},{""x"":1090,""y"":322,""t"":2278},{""x"":1203,""y"":356,""t"":2289},{""x"":1261,""y"":378,""t"":2352},{""x"":1329,""y"":362,""t"":2401},{""x"":1390,""y"":388,""t"":2415},{""x"":1411,""y"":440,""t"":2489},{""x"":1270,""y"":382,""t"":2536},{""x"":1140,""y"":333,""t"":2552},{""x"":1029,""y"":309,""t"":2614},{""x"":938,""y"":289,""t"":2626},{""x"":814,""y"":296,""t"":2690},{""x"":763,""y"":288,""t"":2735},{""x"":723,""y"":289,""t"":2755},{""x"":661,""y"":314,""t"":2818},{""x"":562,""y"":347,""t"":2829},{""x"":527,""y"":347,""t"":2893},{""x"":465,""y"":412,""t"":2944},{""x"":416,""y"":475,""t"":2960},{""x"":476,""y"":523,""t"":3020},{""x"":532,""y"":561,""t"":3031},{""x"":666,""y"":587,""t"":3096},{""x"":911,""y"":628,""t"":3145},{""x"":1099,""y"":630,""t"":3164},{""x"":1245,""y"":659,""t"":3225},{""x"":1348,""y"":674,""t"":3237},{""x"":1452,""y"":691,""t"":3298},{""x"":1531,""y"":704,""t"":3309},{""x"":1560,""y"":675,""t"":3372},{""x"":1620,""y"":709,""t"":3423},{""x"":1687,""y"":703,""t"":3435},{""x"":1558,""y"":667,""t"":3497},{""x"":1404,""y"":642,""t"":3510},{""x"":1183,""y"":567,""t"":3571},{""x"":1022,""y"":534,""t"":3630},{""x"":901,""y"":524,""t"":3642},{""x"":803,""y"":498,""t"":3704},{""x"":727,""y"":478,""t"":3715},{""x"":690,""y"":462,""t"":3779},{""x"":606,""y"":386,""t"":3827},{""x"":537,""y"":326,""t"":3843},{""x"":463,""y"":273,""t"":3905},{""x"":409,""y"":231,""t"":3917},{""x"":319,""y"":235,""t"":3978},{""x"":250,""y"":243,""t"":3990},{""x"":283,""y"":250,""t"":4052},{""x"":311,""y"":267,""t"":4103},{""x"":340,""y"":283,""t"":4114},{""x"":377,""y"":271,""t"":4175},{""x"":412,""y"":261,""t"":4187},{""x"":421,""y"":253,""t"":4248},{""x"":415,""y"":245,""t"":4260},{""x"":475,""y"":252,""t"":4321},{""x"":517,""y"":257,""t"":4367},{""x"":552,""y"":263,""t"":4387},{""x"":793,""y"":315,""t"":4449},{""x"":997,""y"":361,""t"":4460},{""x"":1171,""y"":399,""t"":4530},{""x"":1315,""y"":403,""t"":4579},{""x"":1426,""y"":367,""t"":4590},{""x"":1445,""y"":367,""t"":4652},{""x"":1498,""y"":375,""t"":4665},{""x"":1517,""y"":411,""t"":4729},{""x"":1350,""y"":330,""t"":4778},{""x"":1150,""y"":303,""t"":4818},{""x"":968,""y"":318,""t"":4856},{""x"":856,""y"":307,""t"":4893},{""x"":762,""y"":285,""t"":4930},{""x"":686,""y"":254,""t"":4966},{""x"":648,""y"":268,""t"":5027},{""x"":629,""y"":312,""t"":5038},{""x"":587,""y"":339,""t"":5102},{""x"":483,""y"":366,""t"":5151},{""x"":399,""y"":389,""t"":5169},{""x"":371,""y"":407,""t"":5230},{""x"":374,""y"":440,""t"":5241},{""x"":340,""y"":440,""t"":5304},{""x"":316,""y"":438,""t"":5315},{""x"":431,""y"":453,""t"":5378},{""x"":576,""y"":536,""t"":5424},{""x"":667,""y"":598,""t"":5441},{""x"":718,""y"":630,""t"":5503},{""x"":731,""y"":645,""t"":5514},{""x"":862,""y"":717,""t"":5578},{""x"":922,""y"":713,""t"":5628},{""x"":966,""y"":744,""t"":5645},{""x"":1039,""y"":758,""t"":5711},{""x"":1096,""y"":767,""t"":5722},{""x"":1091,""y"":766,""t"":5784},{""x"":1120,""y"":771,""t"":5833},{""x"":1155,""y"":746,""t"":5849},{""x"":1109,""y"":694,""t"":5914},{""x"":1132,""y"":731,""t"":5925},{""x"":1171,""y"":719,""t"":5986},{""x"":1135,""y"":717,""t"":6034},{""x"":1107,""y"":713,""t"":6054}]",0,0.7704559303082104,0.22954406969178956,wa_dn_b-last,0
98-attributes,0,17,exp_115,1.0,691.0,0.49,0.22,4.2,7.9,higher_p,higher_m,0,1,attributes,1.0,True,2.058,1.738,0.3199999999999998,0.5866799156325714,0.5,0.5,0.6,0.4,0.0,0.0,higher_p,higher_p,False,"{""durations"":[1000,1500,1000,1500],""alternatives"":[""all"",""all"",""all"",""all""],""attributes"":[""m"",""p"",""m"",""p""]}","[{""x"":1107,""y"":598,""t"":-43},{""x"":1092,""y"":623,""t"":0},{""x"":1069,""y"":614,""t"":96},{""x"":1049,""y"":605,""t"":108},{""x"":1073,""y"":596,""t"":172},{""x"":1046,""y"":609,""t"":223},{""x"":1022,""y"":620,""t"":239},{""x"":1020,""y"":647,""t"":300},{""x"":1019,""y"":671,""t"":311},{""x"":977,""y"":612,""t"":376},{""x"":895,""y"":569,""t"":425},{""x"":791,""y"":527,""t"":444},{""x"":721,""y"":486,""t"":504},{""x"":665,""y"":452,""t"":515},{""x"":557,""y"":378,""t"":579},{""x"":565,""y"":305,""t"":626},{""x"":577,""y"":247,""t"":646},{""x"":662,""y"":220,""t"":707},{""x"":697,""y"":198,""t"":718},{""x"":924,""y"":243,""t"":781},{""x"":1122,""y"":259,""t"":792},{""x"":1244,""y"":291,""t"":856},{""x"":1345,""y"":300,""t"":907},{""x"":1428,""y"":307,""t"":919},{""x"":1471,""y"":322,""t"":979},{""x"":1554,""y"":362,""t"":991},{""x"":1566,""y"":325,""t"":1056},{""x"":1621,""y"":346,""t"":1107},{""x"":1662,""y"":363,""t"":1124},{""x"":1691,""y"":415,""t"":1185},{""x"":1709,""y"":460,""t"":1197},{""x"":1649,""y"":436,""t"":1260},{""x"":1641,""y"":470,""t"":1311},{""x"":1630,""y"":497,""t"":1327},{""x"":1641,""y"":556,""t"":1389},{""x"":1603,""y"":589,""t"":1401},{""x"":1573,""y"":648,""t"":1464},{""x"":1353,""y"":683,""t"":1513},{""x"":1162,""y"":698,""t"":1531},{""x"":1023,""y"":655,""t"":1591},{""x"":910,""y"":622,""t"":1603},{""x"":779,""y"":609,""t"":1664},{""x"":701,""y"":577,""t"":1675},{""x"":725,""y"":604,""t"":1737},{""x"":840,""y"":601,""t"":1787},{""x"":1030,""y"":627,""t"":1804},{""x"":1137,""y"":610,""t"":1867},{""x"":1285,""y"":633,""t"":1878},{""x"":1374,""y"":654,""t"":1946},{""x"":1462,""y"":681,""t"":1996},{""x"":1520,""y"":703,""t"":2007},{""x"":1567,""y"":736,""t"":2067},{""x"":1601,""y"":762,""t"":2078},{""x"":1587,""y"":716,""t"":2141},{""x"":1635,""y"":687,""t"":2151},{""x"":1644,""y"":634,""t"":2214},{""x"":1611,""y"":590,""t"":2261},{""x"":1573,""y"":544,""t"":2280},{""x"":1581,""y"":527,""t"":2341},{""x"":1586,""y"":515,""t"":2352},{""x"":1520,""y"":489,""t"":2414},{""x"":1500,""y"":476,""t"":2461},{""x"":1506,""y"":494,""t"":2483},{""x"":1497,""y"":486,""t"":2566},{""x"":1459,""y"":444,""t"":2585},{""x"":1461,""y"":429,""t"":2647},{""x"":1481,""y"":406,""t"":2658},{""x"":1454,""y"":434,""t"":2720},{""x"":1414,""y"":454,""t"":2731},{""x"":1455,""y"":461,""t"":2792},{""x"":1447,""y"":433,""t"":2843},{""x"":1463,""y"":428,""t"":2857},{""x"":1418,""y"":416,""t"":2917},{""x"":1423,""y"":362,""t"":2931},{""x"":1407,""y"":361,""t"":2998},{""x"":1134,""y"":283,""t"":3049},{""x"":992,""y"":203,""t"":3061},{""x"":844,""y"":137,""t"":3123},{""x"":725,""y"":84,""t"":3133},{""x"":629,""y"":59,""t"":3196},{""x"":556,""y"":42,""t"":3207},{""x"":475,""y"":44,""t"":3269},{""x"":399,""y"":2,""t"":3318},{""x"":390,""y"":-9,""t"":3332},{""x"":620,""y"":67,""t"":3394},{""x"":881,""y"":141,""t"":3405},{""x"":1047,""y"":256,""t"":3467},{""x"":1200,""y"":351,""t"":3478},{""x"":1288,""y"":406,""t"":3540},{""x"":1360,""y"":410,""t"":3594},{""x"":1415,""y"":410,""t"":3608},{""x"":1504,""y"":422,""t"":3672},{""x"":1573,""y"":430,""t"":3683},{""x"":1581,""y"":528,""t"":3746},{""x"":1590,""y"":654,""t"":3796},{""x"":1610,""y"":760,""t"":3810},{""x"":1644,""y"":794,""t"":3871},{""x"":1666,""y"":819,""t"":3882},{""x"":1631,""y"":849,""t"":3944},{""x"":1597,""y"":870,""t"":3956},{""x"":1463,""y"":887,""t"":4018},{""x"":1258,""y"":839,""t"":4069},{""x"":1084,""y"":794,""t"":4082},{""x"":959,""y"":779,""t"":4143},{""x"":884,""y"":783,""t"":4154},{""x"":747,""y"":740,""t"":4216},{""x"":623,""y"":710,""t"":4227},{""x"":534,""y"":653,""t"":4289},{""x"":497,""y"":643,""t"":4336},{""x"":464,""y"":613,""t"":4352},{""x"":458,""y"":543,""t"":4417},{""x"":446,""y"":519,""t"":4428},{""x"":409,""y"":546,""t"":4490},{""x"":402,""y"":531,""t"":4541},{""x"":403,""y"":519,""t"":4556},{""x"":447,""y"":536,""t"":4618},{""x"":498,""y"":575,""t"":4628},{""x"":569,""y"":589,""t"":4690},{""x"":631,""y"":600,""t"":4702},{""x"":636,""y"":609,""t"":4764},{""x"":666,""y"":565,""t"":4808},{""x"":695,""y"":553,""t"":4829},{""x"":759,""y"":480,""t"":4889},{""x"":811,""y"":419,""t"":4900},{""x"":854,""y"":470,""t"":4964},{""x"":865,""y"":437,""t"":4984},{""x"":920,""y"":448,""t"":5022},{""x"":873,""y"":440,""t"":5059},{""x"":804,""y"":348,""t"":5094},{""x"":722,""y"":286,""t"":5131},{""x"":594,""y"":202,""t"":5169},{""x"":552,""y"":217,""t"":5231},{""x"":520,""y"":234,""t"":5242},{""x"":551,""y"":256,""t"":5305},{""x"":560,""y"":287,""t"":5354},{""x"":571,""y"":315,""t"":5373},{""x"":614,""y"":357,""t"":5438},{""x"":645,""y"":381,""t"":5449},{""x"":683,""y"":380,""t"":5512},{""x"":732,""y"":391,""t"":5562},{""x"":785,""y"":392,""t"":5577},{""x"":780,""y"":345,""t"":5637},{""x"":851,""y"":391,""t"":5648},{""x"":871,""y"":409,""t"":5710},{""x"":879,""y"":408,""t"":5721},{""x"":950,""y"":445,""t"":5784},{""x"":928,""y"":413,""t"":5833},{""x"":935,""y"":368,""t"":5849},{""x"":1013,""y"":412,""t"":5910},{""x"":1054,""y"":432,""t"":5921},{""x"":1035,""y"":456,""t"":5982},{""x"":1019,""y"":459,""t"":5995},{""x"":1042,""y"":468,""t"":6058},{""x"":1043,""y"":508,""t"":6105},{""x"":1025,""y"":516,""t"":6120},{""x"":1008,""y"":563,""t"":6182},{""x"":992,""y"":601,""t"":6193},{""x"":905,""y"":630,""t"":6256},{""x"":831,""y"":653,""t"":6267}]",0,0.8954113889198192,0.10458861108018079,wa_dn_b-last,0
98-attributes,0,18,catch_3,1.0,295.5,0.19,0.38,5.8,6.799999999999999,dominated,dominant,1,1,attributes,1.0,True,1.102,2.584,-1.4819999999999998,-1.2680520281742598,0.5,0.5,0.5,0.5,,1.0,,dominant,True,"{""durations"":[1250,1250,1250,1250],""attributes"":[""p"",""m"",""p"",""m""],""alternatives"":[""all"",""all"",""all"",""all""]}","[{""x"":1103,""y"":603,""t"":-19},{""x"":1138,""y"":616,""t"":0},{""x"":1122,""y"":636,""t"":102},{""x"":1120,""y"":667,""t"":117},{""x"":1093,""y"":656,""t"":183},{""x"":1110,""y"":646,""t"":206},{""x"":1132,""y"":624,""t"":268},{""x"":1147,""y"":608,""t"":280},{""x"":1076,""y"":565,""t"":344},{""x"":943,""y"":611,""t"":392},{""x"":852,""y"":631,""t"":409},{""x"":724,""y"":641,""t"":473},{""x"":634,""y"":658,""t"":485},{""x"":559,""y"":634,""t"":549},{""x"":708,""y"":642,""t"":596},{""x"":826,""y"":694,""t"":612},{""x"":996,""y"":724,""t"":687},{""x"":1174,""y"":791,""t"":735},{""x"":1311,""y"":791,""t"":749},{""x"":1404,""y"":787,""t"":812},{""x"":1526,""y"":853,""t"":823},{""x"":1606,""y"":857,""t"":885},{""x"":1669,""y"":867,""t"":931},{""x"":1740,""y"":896,""t"":978},{""x"":1786,""y"":908,""t"":990},{""x"":1794,""y"":901,""t"":1052},{""x"":1797,""y"":911,""t"":1065},{""x"":1805,""y"":887,""t"":1131},{""x"":1768,""y"":862,""t"":1158},{""x"":1727,""y"":810,""t"":1220},{""x"":1719,""y"":801,""t"":1255},{""x"":1509,""y"":806,""t"":1292},{""x"":1361,""y"":817,""t"":1331},{""x"":1110,""y"":761,""t"":1393},{""x"":971,""y"":719,""t"":1404},{""x"":843,""y"":720,""t"":1467},{""x"":688,""y"":681,""t"":1518},{""x"":570,""y"":665,""t"":1532},{""x"":494,""y"":588,""t"":1595},{""x"":441,""y"":523,""t"":1606},{""x"":365,""y"":422,""t"":1669},{""x"":335,""y"":345,""t"":1718},{""x"":320,""y"":285,""t"":1736},{""x"":246,""y"":195,""t"":1796},{""x"":305,""y"":193,""t"":1809},{""x"":319,""y"":144,""t"":1871},{""x"":318,""y"":137,""t"":1922},{""x"":341,""y"":131,""t"":1938},{""x"":591,""y"":131,""t"":1999},{""x"":883,""y"":196,""t"":2011},{""x"":1129,""y"":200,""t"":2073},{""x"":1343,""y"":208,""t"":2083},{""x"":1451,""y"":186,""t"":2147},{""x"":1557,""y"":190,""t"":2192},{""x"":1660,""y"":210,""t"":2211},{""x"":1485,""y"":163,""t"":2273},{""x"":1383,""y"":154,""t"":2284},{""x"":1201,""y"":115,""t"":2347},{""x"":1017,""y"":100,""t"":2398},{""x"":861,""y"":89,""t"":2415},{""x"":780,""y"":68,""t"":2477},{""x"":652,""y"":69,""t"":2490},{""x"":643,""y"":136,""t"":2552},{""x"":793,""y"":265,""t"":2598},{""x"":923,""y"":389,""t"":2645},{""x"":1067,""y"":509,""t"":2656},{""x"":1178,""y"":580,""t"":2716},{""x"":1270,""y"":636,""t"":2728},{""x"":1350,""y"":686,""t"":2789},{""x"":1385,""y"":739,""t"":2839},{""x"":1409,""y"":778,""t"":2856},{""x"":1479,""y"":797,""t"":2917},{""x"":1533,""y"":808,""t"":2931},{""x"":1456,""y"":803,""t"":2992},{""x"":1340,""y"":801,""t"":3044},{""x"":1197,""y"":754,""t"":3061},{""x"":1087,""y"":721,""t"":3121},{""x"":978,""y"":660,""t"":3135},{""x"":923,""y"":644,""t"":3196},{""x"":882,""y"":630,""t"":3207},{""x"":843,""y"":609,""t"":3269},{""x"":794,""y"":617,""t"":3320},{""x"":751,""y"":617,""t"":3333},{""x"":701,""y"":631,""t"":3394},{""x"":653,""y"":644,""t"":3405},{""x"":683,""y"":682,""t"":3467},{""x"":724,""y"":740,""t"":3479},{""x"":716,""y"":779,""t"":3544},{""x"":773,""y"":802,""t"":3594},{""x"":825,""y"":819,""t"":3604},{""x"":1042,""y"":811,""t"":3666},{""x"":1216,""y"":804,""t"":3678},{""x"":1319,""y"":838,""t"":3739},{""x"":1405,""y"":837,""t"":3750},{""x"":1518,""y"":805,""t"":3812},{""x"":1584,""y"":810,""t"":3860},{""x"":1445,""y"":708,""t"":3878},{""x"":1183,""y"":561,""t"":3936},{""x"":1009,""y"":451,""t"":3972},{""x"":872,""y"":366,""t"":4008},{""x"":715,""y"":279,""t"":4044},{""x"":552,""y"":224,""t"":4081},{""x"":468,""y"":170,""t"":4142},{""x"":406,""y"":130,""t"":4154},{""x"":587,""y"":167,""t"":4218},{""x"":764,""y"":157,""t"":4263},{""x"":931,""y"":210,""t"":4286},{""x"":1074,""y"":238,""t"":4350},{""x"":1210,""y"":235,""t"":4362},{""x"":1327,""y"":237,""t"":4423},{""x"":1151,""y"":185,""t"":4474},{""x"":970,""y"":156,""t"":4490},{""x"":833,""y"":87,""t"":4552},{""x"":733,""y"":54,""t"":4563},{""x"":619,""y"":40,""t"":4624},{""x"":578,""y"":45,""t"":4673},{""x"":536,""y"":58,""t"":4692},{""x"":467,""y"":39,""t"":4753},{""x"":355,""y"":37,""t"":4764},{""x"":479,""y"":193,""t"":4826},{""x"":537,""y"":316,""t"":4838},{""x"":595,""y"":441,""t"":4899},{""x"":665,""y"":590,""t"":4949},{""x"":636,""y"":702,""t"":4966},{""x"":700,""y"":760,""t"":5035},{""x"":760,""y"":782,""t"":5083},{""x"":783,""y"":809,""t"":5102},{""x"":753,""y"":838,""t"":5164},{""x"":689,""y"":865,""t"":5175},{""x"":768,""y"":876,""t"":5237},{""x"":738,""y"":874,""t"":5284},{""x"":752,""y"":879,""t"":5305},{""x"":708,""y"":868,""t"":5366},{""x"":723,""y"":840,""t"":5377},{""x"":735,""y"":835,""t"":5440},{""x"":804,""y"":815,""t"":5491},{""x"":843,""y"":780,""t"":5508},{""x"":908,""y"":759,""t"":5586},{""x"":947,""y"":762,""t"":5610},{""x"":925,""y"":786,""t"":5671},{""x"":917,""y"":809,""t"":5684},{""x"":935,""y"":797,""t"":5748},{""x"":990,""y"":782,""t"":5797},{""x"":1013,""y"":762,""t"":5815}]",1,0.0036091898294503665,0.9963908101705495,wa_dn_b-last,0
98-attributes,0,20,exp_57,1.0,537.6999999880791,0.41,0.21,1.7999999999999998,6.2,higher_p,higher_m,0,1,attributes,1.0,True,0.7379999999999999,1.302,-0.5640000000000002,-0.3231885851028555,0.5,0.5,0.6,0.4,0.0,1.0,higher_p,higher_m,False,"{""durations"":[1500,1000,1500,1000],""alternatives"":[""all"",""all"",""all"",""all""],""attributes"":[""p"",""m"",""p"",""m""]}","[{""x"":951,""y"":722,""t"":-18},{""x"":977,""y"":714,""t"":0},{""x"":1001,""y"":710,""t"":110},{""x"":1019,""y"":712,""t"":160},{""x"":1051,""y"":725,""t"":173},{""x"":1018,""y"":723,""t"":237},{""x"":990,""y"":696,""t"":248},{""x"":997,""y"":677,""t"":314},{""x"":836,""y"":652,""t"":361},{""x"":739,""y"":648,""t"":374},{""x"":662,""y"":638,""t"":439},{""x"":600,""y"":630,""t"":450},{""x"":656,""y"":651,""t"":513},{""x"":626,""y"":642,""t"":564},{""x"":605,""y"":635,""t"":579},{""x"":858,""y"":680,""t"":642},{""x"":1086,""y"":714,""t"":655},{""x"":1289,""y"":748,""t"":717},{""x"":1434,""y"":759,""t"":766},{""x"":1551,""y"":771,""t"":783},{""x"":1676,""y"":759,""t"":845},{""x"":1696,""y"":769,""t"":856},{""x"":1730,""y"":778,""t"":919},{""x"":1707,""y"":771,""t"":970},{""x"":1697,""y"":763,""t"":987},{""x"":1719,""y"":786,""t"":1050},{""x"":1718,""y"":803,""t"":1061},{""x"":1707,""y"":778,""t"":1122},{""x"":1694,""y"":756,""t"":1134},{""x"":1489,""y"":738,""t"":1197},{""x"":1311,""y"":726,""t"":1248},{""x"":1162,""y"":716,""t"":1258},{""x"":1004,""y"":721,""t"":1321},{""x"":885,""y"":713,""t"":1336},{""x"":835,""y"":710,""t"":1401},{""x"":723,""y"":690,""t"":1452},{""x"":651,""y"":689,""t"":1464},{""x"":581,""y"":650,""t"":1526},{""x"":526,""y"":616,""t"":1541},{""x"":462,""y"":634,""t"":1605},{""x"":473,""y"":633,""t"":1652},{""x"":490,""y"":632,""t"":1667},{""x"":526,""y"":634,""t"":1727},{""x"":536,""y"":632,""t"":1739},{""x"":541,""y"":533,""t"":1801},{""x"":522,""y"":471,""t"":1812},{""x"":525,""y"":426,""t"":1874},{""x"":500,""y"":417,""t"":1924},{""x"":508,""y"":354,""t"":1939},{""x"":742,""y"":358,""t"":2000},{""x"":903,""y"":377,""t"":2012},{""x"":1052,""y"":387,""t"":2077},{""x"":1211,""y"":380,""t"":2127},{""x"":1356,""y"":366,""t"":2144},{""x"":1417,""y"":335,""t"":2205},{""x"":1460,""y"":309,""t"":2216},{""x"":1514,""y"":321,""t"":2278},{""x"":1510,""y"":331,""t"":2289},{""x"":1524,""y"":328,""t"":2352},{""x"":1632,""y"":377,""t"":2402},{""x"":1717,""y"":420,""t"":2415},{""x"":1699,""y"":444,""t"":2476},{""x"":1686,""y"":461,""t"":2488},{""x"":1695,""y"":422,""t"":2550},{""x"":1740,""y"":389,""t"":2597},{""x"":1731,""y"":365,""t"":2619},{""x"":1704,""y"":329,""t"":2681},{""x"":1702,""y"":331,""t"":2694},{""x"":1621,""y"":412,""t"":2756},{""x"":1577,""y"":483,""t"":2802},{""x"":1542,""y"":548,""t"":2822},{""x"":1560,""y"":584,""t"":2883},{""x"":1567,""y"":645,""t"":2894},{""x"":1513,""y"":681,""t"":2958},{""x"":1488,""y"":704,""t"":3005},{""x"":1402,""y"":762,""t"":3063},{""x"":1241,""y"":757,""t"":3114},{""x"":1080,""y"":762,""t"":3130},{""x"":903,""y"":738,""t"":3191},{""x"":746,""y"":719,""t"":3202},{""x"":628,""y"":696,""t"":3264},{""x"":539,""y"":676,""t"":3275},{""x"":545,""y"":656,""t"":3337},{""x"":575,""y"":689,""t"":3388},{""x"":514,""y"":707,""t"":3401},{""x"":470,""y"":632,""t"":3462},{""x"":414,""y"":550,""t"":3474},{""x"":373,""y"":428,""t"":3538},{""x"":418,""y"":354,""t"":3586},{""x"":449,""y"":266,""t"":3606},{""x"":412,""y"":203,""t"":3666},{""x"":431,""y"":164,""t"":3678},{""x"":402,""y"":105,""t"":3740},{""x"":343,""y"":34,""t"":3789},{""x"":281,""y"":-23,""t"":3810},{""x"":381,""y"":3,""t"":3871},{""x"":469,""y"":31,""t"":3882},{""x"":501,""y"":42,""t"":3944},{""x"":527,""y"":54,""t"":3955},{""x"":543,""y"":28,""t"":4020},{""x"":619,""y"":97,""t"":4070},{""x"":684,""y"":157,""t"":4082},{""x"":928,""y"":252,""t"":4147},{""x"":1121,""y"":364,""t"":4158},{""x"":1248,""y"":445,""t"":4222},{""x"":1362,""y"":490,""t"":4271},{""x"":1433,""y"":533,""t"":4285},{""x"":1465,""y"":527,""t"":4346},{""x"":1453,""y"":528,""t"":4358},{""x"":1476,""y"":510,""t"":4420},{""x"":1470,""y"":466,""t"":4431},{""x"":1306,""y"":444,""t"":4493},{""x"":1131,""y"":375,""t"":4544},{""x"":1033,""y"":355,""t"":4557},{""x"":878,""y"":293,""t"":4618},{""x"":748,""y"":240,""t"":4630},{""x"":609,""y"":223,""t"":4691},{""x"":495,""y"":185,""t"":4703},{""x"":463,""y"":165,""t"":4765},{""x"":662,""y"":164,""t"":4815},{""x"":840,""y"":203,""t"":4829},{""x"":1043,""y"":211,""t"":4890},{""x"":1173,""y"":289,""t"":4901},{""x"":1280,""y"":294,""t"":4962},{""x"":1365,""y"":298,""t"":4973},{""x"":1417,""y"":298,""t"":5036},{""x"":1512,""y"":375,""t"":5081},{""x"":1590,""y"":418,""t"":5102},{""x"":1629,""y"":492,""t"":5169},{""x"":1685,""y"":537,""t"":5219},{""x"":1696,""y"":570,""t"":5237},{""x"":1687,""y"":618,""t"":5299},{""x"":1673,""y"":655,""t"":5310},{""x"":1668,""y"":670,""t"":5376},{""x"":1560,""y"":638,""t"":5427},{""x"":1437,""y"":605,""t"":5441},{""x"":1328,""y"":553,""t"":5504},{""x"":1236,""y"":507,""t"":5517},{""x"":1201,""y"":482,""t"":5582},{""x"":1130,""y"":451,""t"":5633},{""x"":1072,""y"":425,""t"":5646},{""x"":1000,""y"":418,""t"":5707},{""x"":949,""y"":427,""t"":5719},{""x"":934,""y"":437,""t"":5781},{""x"":859,""y"":433,""t"":5827},{""x"":869,""y"":432,""t"":5874},{""x"":860,""y"":436,""t"":5887},{""x"":872,""y"":456,""t"":5950},{""x"":924,""y"":489,""t"":5963},{""x"":964,""y"":486,""t"":6026},{""x"":982,""y"":479,""t"":6072},{""x"":989,""y"":478,""t"":6087}]",1,0.12995739182866897,0.8700426081713312,wa_dn_b-last,0
98-attributes,0,22,exp_35,0.0,1025.5999999642372,0.79,0.7,2.0,3.2,higher_p,higher_m,0,1,attributes,1.0,True,1.58,2.24,-0.6599999999999997,-0.4219978340514987,0.5,0.5,0.6,0.4,0.0,0.0,higher_p,higher_p,True,"{""durations"":[1000,1500,1000,1500],""alternatives"":[""all"",""all"",""all"",""all""],""attributes"":[""m"",""p"",""m"",""p""]}","[{""x"":1077,""y"":479,""t"":-12},{""x"":1068,""y"":474,""t"":0},{""x"":1042,""y"":462,""t"":68},{""x"":1004,""y"":452,""t"":138},{""x"":967,""y"":490,""t"":193},{""x"":946,""y"":526,""t"":205},{""x"":956,""y"":515,""t"":267},{""x"":966,""y"":505,""t"":278},{""x"":969,""y"":474,""t"":343},{""x"":965,""y"":439,""t"":390},{""x"":962,""y"":409,""t"":409},{""x"":917,""y"":338,""t"":473},{""x"":902,""y"":320,""t"":485},{""x"":786,""y"":255,""t"":548},{""x"":688,""y"":210,""t"":598},{""x"":608,""y"":175,""t"":613},{""x"":547,""y"":184,""t"":675},{""x"":542,""y"":208,""t"":704},{""x"":524,""y"":222,""t"":759},{""x"":519,""y"":249,""t"":832},{""x"":490,""y"":270,""t"":852},{""x"":430,""y"":233,""t"":915},{""x"":399,""y"":219,""t"":928},{""x"":308,""y"":188,""t"":992},{""x"":240,""y"":156,""t"":1054},{""x"":291,""y"":156,""t"":1102},{""x"":340,""y"":157,""t"":1122},{""x"":297,""y"":148,""t"":1185},{""x"":264,""y"":142,""t"":1198},{""x"":312,""y"":165,""t"":1261},{""x"":343,""y"":240,""t"":1308},{""x"":322,""y"":296,""t"":1327},{""x"":375,""y"":406,""t"":1391},{""x"":425,""y"":478,""t"":1435},{""x"":442,""y"":535,""t"":1514},{""x"":428,""y"":601,""t"":1531},{""x"":509,""y"":698,""t"":1592},{""x"":578,""y"":776,""t"":1603},{""x"":850,""y"":821,""t"":1664},{""x"":1079,""y"":853,""t"":1676},{""x"":1214,""y"":840,""t"":1738},{""x"":1359,""y"":888,""t"":1783},{""x"":1461,""y"":891,""t"":1802},{""x"":1609,""y"":874,""t"":1863},{""x"":1722,""y"":865,""t"":1876},{""x"":1766,""y"":864,""t"":1938},{""x"":1782,""y"":830,""t"":1989},{""x"":1784,""y"":799,""t"":2006},{""x"":1525,""y"":764,""t"":2069},{""x"":1296,""y"":734,""t"":2081},{""x"":1119,""y"":690,""t"":2143},{""x"":959,""y"":666,""t"":2194},{""x"":828,""y"":647,""t"":2211},{""x"":689,""y"":600,""t"":2273},{""x"":603,""y"":538,""t"":2284},{""x"":561,""y"":531,""t"":2347},{""x"":514,""y"":516,""t"":2397},{""x"":482,""y"":505,""t"":2415},{""x"":668,""y"":506,""t"":2488},{""x"":895,""y"":565,""t"":2556},{""x"":1082,""y"":618,""t"":2586},{""x"":1153,""y"":657,""t"":2680},{""x"":1210,""y"":689,""t"":2694},{""x"":1307,""y"":716,""t"":2761},{""x"":1371,""y"":696,""t"":2806},{""x"":1419,""y"":678,""t"":2822},{""x"":1456,""y"":624,""t"":2907},{""x"":1481,""y"":577,""t"":2924},{""x"":1464,""y"":503,""t"":2987},{""x"":1461,""y"":443,""t"":2998},{""x"":1521,""y"":434,""t"":3060},{""x"":1523,""y"":405,""t"":3120},{""x"":1536,""y"":381,""t"":3132},{""x"":1553,""y"":407,""t"":3195},{""x"":1586,""y"":457,""t"":3206},{""x"":1581,""y"":473,""t"":3269},{""x"":1534,""y"":456,""t"":3314},{""x"":1541,""y"":462,""t"":3332},{""x"":1478,""y"":434,""t"":3396},{""x"":1405,""y"":429,""t"":3407},{""x"":1214,""y"":351,""t"":3469},{""x"":1002,""y"":331,""t"":3534},{""x"":845,""y"":304,""t"":3554},{""x"":710,""y"":271,""t"":3610},{""x"":614,""y"":263,""t"":3696},{""x"":543,""y"":258,""t"":3709},{""x"":461,""y"":271,""t"":3777},{""x"":444,""y"":263,""t"":3830},{""x"":439,""y"":258,""t"":3843},{""x"":437,""y"":283,""t"":3905},{""x"":462,""y"":306,""t"":3916},{""x"":435,""y"":356,""t"":3978},{""x"":433,""y"":371,""t"":4028},{""x"":420,""y"":416,""t"":4046},{""x"":439,""y"":448,""t"":4113},{""x"":481,""y"":495,""t"":4123},{""x"":550,""y"":494,""t"":4185},{""x"":582,""y"":501,""t"":4232},{""x"":575,""y"":502,""t"":4251},{""x"":565,""y"":479,""t"":4312},{""x"":578,""y"":458,""t"":4324},{""x"":672,""y"":460,""t"":4387},{""x"":860,""y"":529,""t"":4438},{""x"":1017,""y"":588,""t"":4456},{""x"":1202,""y"":641,""t"":4517},{""x"":1337,""y"":668,""t"":4528},{""x"":1404,""y"":676,""t"":4592},{""x"":1518,""y"":666,""t"":4640},{""x"":1594,""y"":676,""t"":4660},{""x"":1624,""y"":636,""t"":4721},{""x"":1600,""y"":599,""t"":4733},{""x"":1638,""y"":596,""t"":4795},{""x"":1636,""y"":581,""t"":4831},{""x"":1619,""y"":558,""t"":4894},{""x"":1587,""y"":527,""t"":4905},{""x"":1624,""y"":530,""t"":4967},{""x"":1574,""y"":477,""t"":5014},{""x"":1561,""y"":476,""t"":5034},{""x"":1582,""y"":486,""t"":5100},{""x"":1563,""y"":464,""t"":5163},{""x"":1545,""y"":446,""t"":5175},{""x"":1479,""y"":417,""t"":5237},{""x"":1489,""y"":443,""t"":5285},{""x"":1469,""y"":434,""t"":5305},{""x"":1393,""y"":447,""t"":5369},{""x"":1329,""y"":458,""t"":5381},{""x"":1239,""y"":422,""t"":5444},{""x"":1159,""y"":413,""t"":5490},{""x"":1094,""y"":407,""t"":5509},{""x"":1051,""y"":413,""t"":5570},{""x"":1020,""y"":419,""t"":5582},{""x"":998,""y"":411,""t"":5644},{""x"":979,""y"":412,""t"":5690},{""x"":975,""y"":422,""t"":5713},{""x"":989,""y"":443,""t"":5774},{""x"":1006,""y"":461,""t"":5785},{""x"":983,""y"":450,""t"":5847},{""x"":969,""y"":456,""t"":5859},{""x"":993,""y"":479,""t"":5921},{""x"":971,""y"":465,""t"":5970},{""x"":950,""y"":455,""t"":5985},{""x"":966,""y"":452,""t"":6045},{""x"":994,""y"":443,""t"":6062},{""x"":966,""y"":422,""t"":6126},{""x"":957,""y"":445,""t"":6175},{""x"":949,""y"":465,""t"":6190},{""x"":891,""y"":467,""t"":6253},{""x"":851,""y"":482,""t"":6264},{""x"":873,""y"":482,""t"":6326},{""x"":902,""y"":552,""t"":6374},{""x"":906,""y"":589,""t"":6392},{""x"":963,""y"":615,""t"":6455},{""x"":1014,""y"":633,""t"":6466},{""x"":1040,""y"":683,""t"":6528},{""x"":1053,""y"":718,""t"":6577},{""x"":1028,""y"":739,""t"":6597}]",1,0.2123919917064141,0.7876080082935859,wa_dn_b-last,0
98-attributes,0,27,exp_47,1.0,250.9000000357628,0.81,0.48,1.6999999999999995,7.9,higher_p,higher_m,0,1,attributes,1.0,True,1.3769999999999998,3.792,-2.415,-2.2283544163938904,0.5,0.5,0.4,0.6,1.0,1.0,higher_m,higher_m,False,"{""durations"":[1000,1500,1000,1500],""alternatives"":[""all"",""all"",""all"",""all""],""attributes"":[""p"",""m"",""p"",""m""]}","[{""x"":1007,""y"":576,""t"":-12},{""x"":1012,""y"":554,""t"":0},{""x"":1055,""y"":574,""t"":78},{""x"":1071,""y"":554,""t"":137},{""x"":1021,""y"":522,""t"":185},{""x"":977,""y"":559,""t"":231},{""x"":960,""y"":537,""t"":243},{""x"":883,""y"":564,""t"":306},{""x"":815,""y"":589,""t"":318},{""x"":740,""y"":575,""t"":379},{""x"":695,""y"":577,""t"":428},{""x"":646,""y"":588,""t"":442},{""x"":838,""y"":593,""t"":506},{""x"":983,""y"":597,""t"":518},{""x"":1144,""y"":622,""t"":591},{""x"":1287,""y"":612,""t"":639},{""x"":1431,""y"":629,""t"":650},{""x"":1504,""y"":651,""t"":714},{""x"":1573,""y"":646,""t"":759},{""x"":1599,""y"":670,""t"":812},{""x"":1635,""y"":675,""t"":844},{""x"":1650,""y"":701,""t"":881},{""x"":1708,""y"":701,""t"":917},{""x"":1685,""y"":677,""t"":961},{""x"":1684,""y"":683,""t"":1022},{""x"":1682,""y"":658,""t"":1076},{""x"":1672,""y"":624,""t"":1089},{""x"":1654,""y"":616,""t"":1150},{""x"":1635,""y"":612,""t"":1161},{""x"":1588,""y"":608,""t"":1222},{""x"":1546,""y"":605,""t"":1234},{""x"":1573,""y"":551,""t"":1296},{""x"":1567,""y"":492,""t"":1346},{""x"":1564,""y"":454,""t"":1361},{""x"":1511,""y"":395,""t"":1422},{""x"":1467,""y"":348,""t"":1433},{""x"":1396,""y"":290,""t"":1495},{""x"":1330,""y"":250,""t"":1508},{""x"":1140,""y"":173,""t"":1570},{""x"":1050,""y"":134,""t"":1621},{""x"":980,""y"":105,""t"":1634},{""x"":795,""y"":85,""t"":1697},{""x"":646,""y"":73,""t"":1709},{""x"":544,""y"":69,""t"":1770},{""x"":461,""y"":73,""t"":1816},{""x"":400,""y"":79,""t"":1837},{""x"":367,""y"":5,""t"":1898},{""x"":383,""y"":9,""t"":1909},{""x"":374,""y"":24,""t"":1971},{""x"":384,""y"":46,""t"":1982},{""x"":405,""y"":196,""t"":2044},{""x"":525,""y"":342,""t"":2093},{""x"":632,""y"":465,""t"":2109},{""x"":654,""y"":560,""t"":2171},{""x"":615,""y"":613,""t"":2182},{""x"":653,""y"":633,""t"":2244},{""x"":761,""y"":681,""t"":2255},{""x"":734,""y"":663,""t"":2319},{""x"":727,""y"":652,""t"":2367},{""x"":738,""y"":640,""t"":2381},{""x"":767,""y"":635,""t"":2442},{""x"":806,""y"":624,""t"":2453},{""x"":790,""y"":601,""t"":2517},{""x"":778,""y"":557,""t"":2567},{""x"":786,""y"":541,""t"":2585},{""x"":775,""y"":527,""t"":2646},{""x"":764,""y"":515,""t"":2657},{""x"":720,""y"":532,""t"":2718},{""x"":681,""y"":547,""t"":2729},{""x"":623,""y"":544,""t"":2791},{""x"":654,""y"":558,""t"":2839},{""x"":681,""y"":570,""t"":2857},{""x"":695,""y"":543,""t"":2917},{""x"":708,""y"":521,""t"":2929},{""x"":671,""y"":517,""t"":2993},{""x"":644,""y"":544,""t"":3043},{""x"":662,""y"":586,""t"":3062},{""x"":680,""y"":611,""t"":3125},{""x"":638,""y"":615,""t"":3138},{""x"":713,""y"":640,""t"":3202},{""x"":768,""y"":646,""t"":3252},{""x"":814,""y"":651,""t"":3265},{""x"":1034,""y"":718,""t"":3326},{""x"":1221,""y"":800,""t"":3337},{""x"":1364,""y"":761,""t"":3400},{""x"":1477,""y"":754,""t"":3451},{""x"":1564,""y"":746,""t"":3469},{""x"":1637,""y"":771,""t"":3530},{""x"":1677,""y"":793,""t"":3543},{""x"":1681,""y"":771,""t"":3608},{""x"":1706,""y"":736,""t"":3659},{""x"":1745,""y"":762,""t"":3674},{""x"":1648,""y"":635,""t"":3735},{""x"":1581,""y"":507,""t"":3746},{""x"":1566,""y"":410,""t"":3809},{""x"":1509,""y"":336,""t"":3859},{""x"":1502,""y"":308,""t"":3877},{""x"":1331,""y"":228,""t"":3938},{""x"":1186,""y"":166,""t"":3949},{""x"":1014,""y"":106,""t"":4012},{""x"":872,""y"":61,""t"":4025},{""x"":747,""y"":73,""t"":4090},{""x"":721,""y"":59,""t"":4140},{""x"":708,""y"":52,""t"":4151},{""x"":859,""y"":73,""t"":4213},{""x"":994,""y"":95,""t"":4224},{""x"":1153,""y"":169,""t"":4287},{""x"":1273,""y"":191,""t"":4338},{""x"":1406,""y"":223,""t"":4352},{""x"":1467,""y"":219,""t"":4413},{""x"":1487,""y"":230,""t"":4424},{""x"":1613,""y"":273,""t"":4488},{""x"":1600,""y"":294,""t"":4547},{""x"":1636,""y"":344,""t"":4560},{""x"":1685,""y"":370,""t"":4621},{""x"":1730,""y"":396,""t"":4632},{""x"":1720,""y"":415,""t"":4694},{""x"":1564,""y"":407,""t"":4746},{""x"":1410,""y"":394,""t"":4761},{""x"":1259,""y"":349,""t"":4822},{""x"":1109,""y"":319,""t"":4834},{""x"":1000,""y"":328,""t"":4897},{""x"":845,""y"":347,""t"":4947},{""x"":773,""y"":370,""t"":4965},{""x"":754,""y"":374,""t"":5025},{""x"":735,""y"":363,""t"":5037},{""x"":699,""y"":412,""t"":5105},{""x"":636,""y"":397,""t"":5154},{""x"":594,""y"":392,""t"":5170},{""x"":537,""y"":371,""t"":5232},{""x"":494,""y"":353,""t"":5242},{""x"":522,""y"":371,""t"":5303},{""x"":549,""y"":396,""t"":5316},{""x"":620,""y"":391,""t"":5379},{""x"":689,""y"":443,""t"":5428},{""x"":750,""y"":487,""t"":5441},{""x"":798,""y"":499,""t"":5503},{""x"":839,""y"":508,""t"":5514},{""x"":908,""y"":491,""t"":5576},{""x"":939,""y"":482,""t"":5586},{""x"":996,""y"":497,""t"":5649},{""x"":1035,""y"":564,""t"":5698},{""x"":1070,""y"":618,""t"":5713},{""x"":996,""y"":654,""t"":5775},{""x"":889,""y"":662,""t"":5785}]",1,0.021682076544417832,0.9783179234555821,wa_dn_b-last,0
98-attributes,0,29,exp_27,1.0,631.0,0.3,0.17,2.0,3.0,higher_p,higher_m,0,1,attributes,1.0,True,0.6,0.51,0.0899999999999999,0.3499494233597794,0.5,0.5,0.6,0.4,0.0,0.0,higher_p,higher_p,False,"{""durations"":[1000,1500,1000,1500],""alternatives"":[""all"",""all"",""all"",""all""],""attributes"":[""m"",""p"",""m"",""p""]}","[{""x"":1078,""y"":794,""t"":-11},{""x"":1046,""y"":832,""t"":0},{""x"":978,""y"":822,""t"":67},{""x"":873,""y"":808,""t"":86},{""x"":979,""y"":835,""t"":178},{""x"":1060,""y"":862,""t"":229},{""x"":1106,""y"":884,""t"":241},{""x"":1100,""y"":888,""t"":304},{""x"":1094,""y"":889,""t"":315},{""x"":1037,""y"":838,""t"":396},{""x"":987,""y"":793,""t"":415},{""x"":845,""y"":717,""t"":518},{""x"":725,""y"":654,""t"":546},{""x"":664,""y"":577,""t"":634},{""x"":633,""y"":507,""t"":648},{""x"":598,""y"":422,""t"":729},{""x"":573,""y"":349,""t"":749},{""x"":532,""y"":296,""t"":812},{""x"":534,""y"":320,""t"":825},{""x"":566,""y"":311,""t"":888},{""x"":804,""y"":343,""t"":1003},{""x"":1013,""y"":336,""t"":1021},{""x"":1194,""y"":379,""t"":1099},{""x"":1344,""y"":400,""t"":1124},{""x"":1457,""y"":387,""t"":1188},{""x"":1546,""y"":379,""t"":1199},{""x"":1595,""y"":366,""t"":1262},{""x"":1667,""y"":435,""t"":1313},{""x"":1668,""y"":502,""t"":1326},{""x"":1764,""y"":564,""t"":1387},{""x"":1811,""y"":599,""t"":1400},{""x"":1865,""y"":621,""t"":1461},{""x"":1903,""y"":638,""t"":1472},{""x"":1869,""y"":675,""t"":1538},{""x"":1662,""y"":715,""t"":1583},{""x"":1500,""y"":738,""t"":1599},{""x"":1326,""y"":746,""t"":1660},{""x"":1180,""y"":749,""t"":1673},{""x"":1002,""y"":712,""t"":1737},{""x"":853,""y"":680,""t"":1788},{""x"":734,""y"":652,""t"":1803},{""x"":705,""y"":685,""t"":1864},{""x"":690,""y"":714,""t"":1876},{""x"":618,""y"":706,""t"":1940},{""x"":610,""y"":635,""t"":1990},{""x"":599,""y"":573,""t"":2006},{""x"":636,""y"":552,""t"":2068},{""x"":673,""y"":535,""t"":2078},{""x"":658,""y"":548,""t"":2141},{""x"":668,""y"":579,""t"":2152},{""x"":686,""y"":549,""t"":2214},{""x"":739,""y"":509,""t"":2262},{""x"":799,""y"":413,""t"":2279},{""x"":829,""y"":317,""t"":2340},{""x"":862,""y"":252,""t"":2351},{""x"":876,""y"":219,""t"":2413},{""x"":871,""y"":185,""t"":2424},{""x"":868,""y"":201,""t"":2486},{""x"":840,""y"":187,""t"":2537},{""x"":847,""y"":154,""t"":2551},{""x"":905,""y"":167,""t"":2614},{""x"":940,""y"":175,""t"":2625},{""x"":964,""y"":223,""t"":2687},{""x"":1008,""y"":212,""t"":2738},{""x"":1042,""y"":204,""t"":2755},{""x"":1106,""y"":184,""t"":2816},{""x"":1166,""y"":214,""t"":2828},{""x"":1264,""y"":281,""t"":2890},{""x"":1374,""y"":313,""t"":2942},{""x"":1462,""y"":339,""t"":2958},{""x"":1517,""y"":351,""t"":3021},{""x"":1584,""y"":354,""t"":3033},{""x"":1631,""y"":386,""t"":3096},{""x"":1421,""y"":342,""t"":3141},{""x"":1216,""y"":303,""t"":3163},{""x"":1053,""y"":310,""t"":3225},{""x"":915,""y"":315,""t"":3236},{""x"":822,""y"":309,""t"":3299},{""x"":704,""y"":329,""t"":3347},{""x"":607,""y"":333,""t"":3368},{""x"":560,""y"":302,""t"":3430},{""x"":507,""y"":295,""t"":3442},{""x"":471,""y"":288,""t"":3504},{""x"":475,""y"":320,""t"":3553},{""x"":492,""y"":353,""t"":3570},{""x"":523,""y"":380,""t"":3633},{""x"":555,""y"":403,""t"":3645},{""x"":602,""y"":429,""t"":3707},{""x"":693,""y"":468,""t"":3757},{""x"":771,""y"":498,""t"":3774},{""x"":959,""y"":559,""t"":3835},{""x"":1159,""y"":638,""t"":3847},{""x"":1302,""y"":696,""t"":3910},{""x"":1406,""y"":748,""t"":3921},{""x"":1476,""y"":760,""t"":3982},{""x"":1534,""y"":746,""t"":4046},{""x"":1614,""y"":742,""t"":4096},{""x"":1682,""y"":729,""t"":4116},{""x"":1475,""y"":678,""t"":4176},{""x"":1290,""y"":633,""t"":4187},{""x"":1132,""y"":569,""t"":4251},{""x"":964,""y"":568,""t"":4301},{""x"":832,""y"":557,""t"":4319},{""x"":669,""y"":538,""t"":4380},{""x"":588,""y"":522,""t"":4391},{""x"":501,""y"":499,""t"":4453},{""x"":436,""y"":480,""t"":4465},{""x"":389,""y"":463,""t"":4527},{""x"":396,""y"":422,""t"":4579},{""x"":419,""y"":402,""t"":4592},{""x"":454,""y"":430,""t"":4654},{""x"":458,""y"":432,""t"":4666},{""x"":483,""y"":453,""t"":4728},{""x"":550,""y"":454,""t"":4779},{""x"":609,""y"":454,""t"":4796},{""x"":661,""y"":431,""t"":4856},{""x"":705,""y"":412,""t"":4868},{""x"":711,""y"":391,""t"":4930},{""x"":674,""y"":353,""t"":4979},{""x"":634,""y"":346,""t"":4999},{""x"":663,""y"":288,""t"":5060},{""x"":689,""y"":240,""t"":5071},{""x"":766,""y"":260,""t"":5136},{""x"":744,""y"":284,""t"":5182},{""x"":681,""y"":287,""t"":5204},{""x"":694,""y"":275,""t"":5266},{""x"":714,""y"":261,""t"":5278},{""x"":757,""y"":226,""t"":5340},{""x"":863,""y"":273,""t"":5390},{""x"":939,""y"":309,""t"":5408},{""x"":970,""y"":347,""t"":5469},{""x"":998,""y"":378,""t"":5481},{""x"":983,""y"":391,""t"":5542},{""x"":1012,""y"":409,""t"":5554},{""x"":1013,""y"":454,""t"":5618},{""x"":947,""y"":540,""t"":5667},{""x"":873,""y"":612,""t"":5678},{""x"":803,""y"":643,""t"":5741},{""x"":743,""y"":666,""t"":5753},{""x"":880,""y"":711,""t"":5817},{""x"":920,""y"":734,""t"":5863},{""x"":883,""y"":737,""t"":5883},{""x"":891,""y"":749,""t"":5945},{""x"":898,""y"":756,""t"":5956},{""x"":877,""y"":722,""t"":6018},{""x"":830,""y"":718,""t"":6065},{""x"":814,""y"":734,""t"":6086},{""x"":848,""y"":735,""t"":6147},{""x"":865,""y"":707,""t"":6158}]",0,0.869128484401089,0.13087151559891103,wa_dn_b-last,0
98-attributes,0,31,catch_5,1.0,313.80000001192093,0.4,0.49,3.2,4.3,dominated,dominant,1,1,attributes,1.0,True,1.2800000000000002,2.107,-0.8269999999999995,-0.5938847567017431,0.5,0.5,0.5,0.5,,1.0,,dominant,True,"{""durations"":[1250,1250,1250,1250],""attributes"":[""p"",""m"",""p"",""m""],""alternatives"":[""all"",""all"",""all"",""all""]}","[{""x"":1275,""y"":-98,""t"":-14},{""x"":1284,""y"":-109,""t"":0},{""x"":1234,""y"":25,""t"":98},{""x"":1177,""y"":129,""t"":109},{""x"":1171,""y"":251,""t"":172},{""x"":1115,""y"":329,""t"":219},{""x"":1068,""y"":394,""t"":238},{""x"":1076,""y"":521,""t"":301},{""x"":1078,""y"":621,""t"":311},{""x"":945,""y"":680,""t"":374},{""x"":872,""y"":683,""t"":425},{""x"":841,""y"":725,""t"":443},{""x"":812,""y"":739,""t"":504},{""x"":759,""y"":735,""t"":515},{""x"":924,""y"":759,""t"":578},{""x"":1068,""y"":776,""t"":589},{""x"":1257,""y"":800,""t"":652},{""x"":1359,""y"":813,""t"":702},{""x"":1441,""y"":821,""t"":715},{""x"":1543,""y"":821,""t"":777},{""x"":1601,""y"":820,""t"":788},{""x"":1644,""y"":822,""t"":851},{""x"":1731,""y"":803,""t"":916},{""x"":1724,""y"":782,""t"":928},{""x"":1750,""y"":792,""t"":990},{""x"":1693,""y"":729,""t"":1042},{""x"":1696,""y"":679,""t"":1055},{""x"":1633,""y"":615,""t"":1117},{""x"":1604,""y"":575,""t"":1128},{""x"":1492,""y"":471,""t"":1189},{""x"":1438,""y"":432,""t"":1202},{""x"":1474,""y"":454,""t"":1264},{""x"":1503,""y"":453,""t"":1314},{""x"":1562,""y"":460,""t"":1326},{""x"":1603,""y"":442,""t"":1387},{""x"":1639,""y"":418,""t"":1398},{""x"":1654,""y"":397,""t"":1459},{""x"":1663,""y"":386,""t"":1470},{""x"":1641,""y"":391,""t"":1532},{""x"":1614,""y"":317,""t"":1583},{""x"":1565,""y"":261,""t"":1598},{""x"":1368,""y"":237,""t"":1659},{""x"":1246,""y"":207,""t"":1674},{""x"":1008,""y"":190,""t"":1737},{""x"":864,""y"":193,""t"":1782},{""x"":762,""y"":206,""t"":1803},{""x"":707,""y"":204,""t"":1863},{""x"":671,""y"":204,""t"":1874},{""x"":631,""y"":226,""t"":1937},{""x"":605,""y"":247,""t"":1948},{""x"":540,""y"":279,""t"":2013},{""x"":526,""y"":267,""t"":2059},{""x"":507,""y"":276,""t"":2074},{""x"":665,""y"":336,""t"":2135},{""x"":841,""y"":363,""t"":2147},{""x"":1025,""y"":360,""t"":2209},{""x"":1175,""y"":343,""t"":2220},{""x"":1258,""y"":348,""t"":2283},{""x"":1418,""y"":337,""t"":2338},{""x"":1521,""y"":327,""t"":2350},{""x"":1462,""y"":409,""t"":2410},{""x"":1419,""y"":456,""t"":2421},{""x"":1339,""y"":498,""t"":2482},{""x"":1303,""y"":553,""t"":2493},{""x"":1197,""y"":544,""t"":2555},{""x"":1090,""y"":553,""t"":2607},{""x"":981,""y"":565,""t"":2618},{""x"":900,""y"":530,""t"":2679},{""x"":779,""y"":589,""t"":2690},{""x"":744,""y"":624,""t"":2753},{""x"":721,""y"":651,""t"":2763},{""x"":709,""y"":638,""t"":2828},{""x"":657,""y"":586,""t"":2874},{""x"":617,""y"":541,""t"":2891},{""x"":837,""y"":538,""t"":2952},{""x"":1028,""y"":537,""t"":2964},{""x"":1172,""y"":587,""t"":3028},{""x"":1339,""y"":627,""t"":3078},{""x"":1476,""y"":660,""t"":3096},{""x"":1495,""y"":653,""t"":3156},{""x"":1503,""y"":645,""t"":3167},{""x"":1581,""y"":673,""t"":3231},{""x"":1563,""y"":646,""t"":3279},{""x"":1541,""y"":622,""t"":3299},{""x"":1561,""y"":640,""t"":3359},{""x"":1561,""y"":644,""t"":3372},{""x"":1520,""y"":630,""t"":3436},{""x"":1551,""y"":625,""t"":3487},{""x"":1560,""y"":638,""t"":3503},{""x"":1641,""y"":604,""t"":3564},{""x"":1698,""y"":579,""t"":3575},{""x"":1694,""y"":559,""t"":3637},{""x"":1645,""y"":539,""t"":3649},{""x"":1591,""y"":527,""t"":3710},{""x"":1618,""y"":521,""t"":3758},{""x"":1640,""y"":517,""t"":3776},{""x"":1603,""y"":492,""t"":3837},{""x"":1617,""y"":463,""t"":3850},{""x"":1570,""y"":412,""t"":3912},{""x"":1553,""y"":413,""t"":3965},{""x"":1539,""y"":417,""t"":3980},{""x"":1540,""y"":354,""t"":4042},{""x"":1544,""y"":326,""t"":4053},{""x"":1539,""y"":254,""t"":4114},{""x"":1571,""y"":222,""t"":4125},{""x"":1457,""y"":219,""t"":4187},{""x"":1235,""y"":193,""t"":4236},{""x"":1049,""y"":175,""t"":4251},{""x"":910,""y"":166,""t"":4311},{""x"":800,""y"":163,""t"":4323},{""x"":733,""y"":157,""t"":4386},{""x"":603,""y"":149,""t"":4398},{""x"":726,""y"":192,""t"":4461},{""x"":864,""y"":280,""t"":4512},{""x"":989,""y"":350,""t"":4523},{""x"":1140,""y"":389,""t"":4583},{""x"":1269,""y"":421,""t"":4595},{""x"":1404,""y"":411,""t"":4659},{""x"":1438,""y"":420,""t"":4709},{""x"":1442,""y"":402,""t"":4727},{""x"":1509,""y"":471,""t"":4794},{""x"":1585,""y"":523,""t"":4861},{""x"":1644,""y"":571,""t"":4898},{""x"":1653,""y"":644,""t"":4962},{""x"":1655,""y"":702,""t"":4974},{""x"":1699,""y"":743,""t"":5040},{""x"":1691,""y"":752,""t"":5090},{""x"":1679,""y"":737,""t"":5103},{""x"":1693,""y"":747,""t"":5167},{""x"":1706,""y"":742,""t"":5178},{""x"":1699,""y"":753,""t"":5240},{""x"":1679,""y"":745,""t"":5287},{""x"":1630,""y"":722,""t"":5306},{""x"":1547,""y"":686,""t"":5367},{""x"":1471,""y"":638,""t"":5379},{""x"":1356,""y"":585,""t"":5442},{""x"":1236,""y"":539,""t"":5497},{""x"":1109,""y"":482,""t"":5510},{""x"":1080,""y"":481,""t"":5577},{""x"":1078,""y"":424,""t"":5627},{""x"":1070,""y"":396,""t"":5646},{""x"":1026,""y"":458,""t"":5706},{""x"":1001,""y"":475,""t"":5717},{""x"":897,""y"":543,""t"":5778},{""x"":786,""y"":575,""t"":5790},{""x"":782,""y"":639,""t"":5853}]",1,0.03742761296090646,0.9625723870390936,wa_dn_b-last,0
98-attributes,0,32,exp_43,1.0,5.5,0.81,0.48,1.6999999999999995,7.9,higher_p,higher_m,0,1,attributes,1.0,True,1.3769999999999998,3.792,-2.415,-2.2283544163938904,0.5,0.5,0.6,0.4,0.0,0.0,higher_p,higher_p,False,"{""durations"":[1000,1500,1000,1500],""alternatives"":[""all"",""all"",""all"",""all""],""attributes"":[""m"",""p"",""m"",""p""]}","[{""x"":1139,""y"":698,""t"":-32},{""x"":1155,""y"":707,""t"":0},{""x"":1107,""y"":692,""t"":69},{""x"":1106,""y"":685,""t"":133},{""x"":1063,""y"":660,""t"":155},{""x"":1009,""y"":642,""t"":194},{""x"":1006,""y"":678,""t"":233},{""x"":1057,""y"":651,""t"":271},{""x"":1052,""y"":655,""t"":309},{""x"":958,""y"":589,""t"":374},{""x"":880,""y"":579,""t"":424},{""x"":807,""y"":529,""t"":443},{""x"":773,""y"":424,""t"":506},{""x"":731,""y"":335,""t"":517},{""x"":712,""y"":302,""t"":584},{""x"":635,""y"":200,""t"":630},{""x"":622,""y"":119,""t"":647},{""x"":602,""y"":58,""t"":709},{""x"":617,""y"":35,""t"":722},{""x"":903,""y"":96,""t"":784},{""x"":1090,""y"":127,""t"":830},{""x"":1247,""y"":158,""t"":850},{""x"":1419,""y"":219,""t"":912},{""x"":1559,""y"":273,""t"":925},{""x"":1625,""y"":286,""t"":987},{""x"":1734,""y"":313,""t"":1036},{""x"":1779,""y"":325,""t"":1056},{""x"":1793,""y"":365,""t"":1121},{""x"":1796,""y"":398,""t"":1132},{""x"":1795,""y"":387,""t"":1195},{""x"":1758,""y"":369,""t"":1244},{""x"":1722,""y"":353,""t"":1260},{""x"":1602,""y"":438,""t"":1322},{""x"":1475,""y"":500,""t"":1332},{""x"":1215,""y"":542,""t"":1396},{""x"":1010,""y"":543,""t"":1443},{""x"":879,""y"":610,""t"":1463},{""x"":768,""y"":655,""t"":1525},{""x"":676,""y"":680,""t"":1540},{""x"":653,""y"":678,""t"":1603},{""x"":620,""y"":698,""t"":1651},{""x"":619,""y"":675,""t"":1667},{""x"":851,""y"":714,""t"":1729},{""x"":1033,""y"":712,""t"":1740},{""x"":1223,""y"":733,""t"":1803},{""x"":1407,""y"":747,""t"":1854},{""x"":1524,""y"":758,""t"":1870},{""x"":1658,""y"":789,""t"":1932},{""x"":1764,""y"":814,""t"":1947},{""x"":1800,""y"":805,""t"":2011},{""x"":1817,""y"":771,""t"":2059},{""x"":1837,""y"":725,""t"":2075},{""x"":1843,""y"":713,""t"":2136},{""x"":1838,""y"":726,""t"":2149},{""x"":1804,""y"":723,""t"":2212},{""x"":1761,""y"":696,""t"":2261},{""x"":1721,""y"":673,""t"":2278},{""x"":1747,""y"":661,""t"":2340},{""x"":1768,""y"":651,""t"":2351},{""x"":1709,""y"":617,""t"":2412},{""x"":1691,""y"":596,""t"":2424},{""x"":1638,""y"":588,""t"":2487},{""x"":1606,""y"":551,""t"":2539},{""x"":1579,""y"":520,""t"":2552},{""x"":1614,""y"":480,""t"":2612},{""x"":1645,""y"":449,""t"":2623},{""x"":1645,""y"":422,""t"":2685},{""x"":1652,""y"":398,""t"":2697},{""x"":1602,""y"":416,""t"":2759},{""x"":1599,""y"":395,""t"":2809},{""x"":1598,""y"":379,""t"":2823},{""x"":1583,""y"":361,""t"":2885},{""x"":1571,""y"":347,""t"":2897},{""x"":1433,""y"":322,""t"":2960},{""x"":1231,""y"":255,""t"":3006},{""x"":1064,""y"":199,""t"":3027},{""x"":919,""y"":149,""t"":3087},{""x"":803,""y"":109,""t"":3099},{""x"":682,""y"":92,""t"":3163},{""x"":590,""y"":46,""t"":3208},{""x"":569,""y"":50,""t"":3230},{""x"":467,""y"":43,""t"":3291},{""x"":450,""y"":111,""t"":3305},{""x"":393,""y"":114,""t"":3366},{""x"":391,""y"":166,""t"":3417},{""x"":411,""y"":198,""t"":3435},{""x"":464,""y"":294,""t"":3500},{""x"":515,""y"":375,""t"":3511},{""x"":541,""y"":452,""t"":3577},{""x"":555,""y"":511,""t"":3624},{""x"":569,""y"":557,""t"":3638},{""x"":591,""y"":574,""t"":3699},{""x"":648,""y"":595,""t"":3710},{""x"":641,""y"":600,""t"":3772},{""x"":638,""y"":598,""t"":3783},{""x"":850,""y"":656,""t"":3845},{""x"":1074,""y"":712,""t"":3891},{""x"":1279,""y"":759,""t"":3910},{""x"":1395,""y"":760,""t"":3977},{""x"":1494,""y"":745,""t"":3990},{""x"":1562,""y"":735,""t"":4052},{""x"":1589,""y"":703,""t"":4104},{""x"":1607,""y"":704,""t"":4115},{""x"":1605,""y"":662,""t"":4176},{""x"":1596,""y"":626,""t"":4188},{""x"":1469,""y"":629,""t"":4251},{""x"":1257,""y"":621,""t"":4296},{""x"":1083,""y"":625,""t"":4319},{""x"":953,""y"":610,""t"":4380},{""x"":836,""y"":629,""t"":4392},{""x"":739,""y"":636,""t"":4453},{""x"":698,""y"":582,""t"":4465},{""x"":644,""y"":554,""t"":4529},{""x"":654,""y"":486,""t"":4576},{""x"":669,""y"":429,""t"":4592},{""x"":623,""y"":373,""t"":4653},{""x"":598,""y"":326,""t"":4666},{""x"":639,""y"":328,""t"":4727},{""x"":611,""y"":315,""t"":4774},{""x"":596,""y"":318,""t"":4794},{""x"":569,""y"":300,""t"":4855},{""x"":549,""y"":287,""t"":4867},{""x"":552,""y"":277,""t"":4927},{""x"":556,""y"":255,""t"":4938},{""x"":576,""y"":265,""t"":5003},{""x"":576,""y"":245,""t"":5056},{""x"":623,""y"":237,""t"":5067},{""x"":590,""y"":223,""t"":5130},{""x"":561,""y"":212,""t"":5141},{""x"":570,""y"":234,""t"":5202},{""x"":582,""y"":222,""t"":5252},{""x"":575,""y"":200,""t"":5270},{""x"":612,""y"":179,""t"":5331},{""x"":644,""y"":163,""t"":5343},{""x"":678,""y"":228,""t"":5405},{""x"":667,""y"":250,""t"":5417},{""x"":703,""y"":378,""t"":5480}]",1,0.0420087289586455,0.9579912710413545,wa_dn_b-last,0
98-attributes,0,33,catch_1,1.0,328.0,0.29,0.41,4.2,5.9,dominated,dominant,1,1,attributes,1.0,True,1.218,2.419,-1.201,-0.9788291223975012,0.5,0.5,0.5,0.5,,1.0,,dominant,True,"{""durations"":[1250,1250,1250,1250],""attributes"":[""p"",""m"",""p"",""m""],""alternatives"":[""all"",""all"",""all"",""all""]}","[{""x"":1160,""y"":713,""t"":-22},{""x"":1120,""y"":749,""t"":0},{""x"":1126,""y"":738,""t"":77},{""x"":1127,""y"":768,""t"":139},{""x"":1155,""y"":735,""t"":189},{""x"":1180,""y"":707,""t"":205},{""x"":1069,""y"":692,""t"":267},{""x"":975,""y"":680,""t"":279},{""x"":951,""y"":707,""t"":343},{""x"":903,""y"":697,""t"":399},{""x"":859,""y"":683,""t"":415},{""x"":840,""y"":705,""t"":486},{""x"":914,""y"":726,""t"":534},{""x"":925,""y"":741,""t"":546},{""x"":1141,""y"":756,""t"":607},{""x"":1326,""y"":768,""t"":619},{""x"":1442,""y"":764,""t"":680},{""x"":1532,""y"":781,""t"":692},{""x"":1586,""y"":777,""t"":754},{""x"":1681,""y"":763,""t"":804},{""x"":1726,""y"":787,""t"":817},{""x"":1738,""y"":803,""t"":878},{""x"":1741,""y"":816,""t"":892},{""x"":1760,""y"":798,""t"":958},{""x"":1569,""y"":797,""t"":1008},{""x"":1402,""y"":796,""t"":1022},{""x"":1208,""y"":744,""t"":1082},{""x"":1048,""y"":717,""t"":1094},{""x"":960,""y"":693,""t"":1156},{""x"":894,""y"":683,""t"":1205},{""x"":831,""y"":657,""t"":1225},{""x"":803,""y"":623,""t"":1288},{""x"":731,""y"":649,""t"":1299},{""x"":679,""y"":641,""t"":1365},{""x"":669,""y"":632,""t"":1412},{""x"":643,""y"":608,""t"":1429},{""x"":653,""y"":577,""t"":1493},{""x"":667,""y"":552,""t"":1505},{""x"":724,""y"":522,""t"":1569},{""x"":719,""y"":521,""t"":1632},{""x"":805,""y"":556,""t"":1642},{""x"":764,""y"":515,""t"":1706},{""x"":740,""y"":459,""t"":1757},{""x"":720,""y"":414,""t"":1768},{""x"":797,""y"":386,""t"":1829},{""x"":868,""y"":402,""t"":1842},{""x"":1066,""y"":376,""t"":1906},{""x"":1235,""y"":369,""t"":1952},{""x"":1374,""y"":364,""t"":1972},{""x"":1494,""y"":351,""t"":2036},{""x"":1537,""y"":343,""t"":2048},{""x"":1559,""y"":338,""t"":2110},{""x"":1528,""y"":293,""t"":2155},{""x"":1553,""y"":300,""t"":2178},{""x"":1588,""y"":274,""t"":2245},{""x"":1390,""y"":238,""t"":2293},{""x"":1205,""y"":204,""t"":2330},{""x"":1035,""y"":210,""t"":2391},{""x"":910,""y"":190,""t"":2438},{""x"":809,""y"":174,""t"":2450},{""x"":693,""y"":148,""t"":2515},{""x"":601,""y"":127,""t"":2526},{""x"":548,""y"":145,""t"":2587},{""x"":488,""y"":164,""t"":2635},{""x"":513,""y"":184,""t"":2652},{""x"":615,""y"":232,""t"":2719},{""x"":708,""y"":285,""t"":2729},{""x"":782,""y"":358,""t"":2791},{""x"":795,""y"":438,""t"":2841},{""x"":827,""y"":506,""t"":2858},{""x"":870,""y"":552,""t"":2920},{""x"":868,""y"":591,""t"":2931},{""x"":888,""y"":636,""t"":2995},{""x"":1063,""y"":678,""t"":3040},{""x"":1245,""y"":727,""t"":3061},{""x"":1427,""y"":744,""t"":3122},{""x"":1561,""y"":765,""t"":3133},{""x"":1588,""y"":772,""t"":3196},{""x"":1635,""y"":775,""t"":3207},{""x"":1632,""y"":763,""t"":3268},{""x"":1689,""y"":769,""t"":3317},{""x"":1726,""y"":744,""t"":3333},{""x"":1498,""y"":701,""t"":3394},{""x"":1339,""y"":648,""t"":3407},{""x"":1190,""y"":606,""t"":3469},{""x"":1015,""y"":617,""t"":3516},{""x"":895,""y"":609,""t"":3536},{""x"":800,""y"":587,""t"":3597},{""x"":728,""y"":570,""t"":3608},{""x"":680,""y"":551,""t"":3671},{""x"":662,""y"":536,""t"":3682},{""x"":673,""y"":526,""t"":3744},{""x"":656,""y"":533,""t"":3796},{""x"":647,""y"":540,""t"":3809},{""x"":637,""y"":462,""t"":3872},{""x"":633,""y"":397,""t"":3883},{""x"":650,""y"":382,""t"":3948},{""x"":626,""y"":329,""t"":3999},{""x"":622,""y"":300,""t"":4013},{""x"":601,""y"":281,""t"":4074},{""x"":585,""y"":268,""t"":4086},{""x"":616,""y"":227,""t"":4147},{""x"":624,""y"":219,""t"":4158},{""x"":678,""y"":207,""t"":4220},{""x"":962,""y"":242,""t"":4269},{""x"":1194,""y"":249,""t"":4285},{""x"":1347,""y"":215,""t"":4346},{""x"":1443,""y"":194,""t"":4359},{""x"":1512,""y"":221,""t"":4425},{""x"":1581,""y"":220,""t"":4472},{""x"":1649,""y"":240,""t"":4489},{""x"":1621,""y"":249,""t"":4550},{""x"":1589,""y"":257,""t"":4562},{""x"":1644,""y"":288,""t"":4626},{""x"":1672,""y"":415,""t"":4673},{""x"":1691,""y"":522,""t"":4692},{""x"":1717,""y"":581,""t"":4754},{""x"":1734,""y"":628,""t"":4766},{""x"":1741,""y"":673,""t"":4827},{""x"":1709,""y"":716,""t"":4838},{""x"":1664,""y"":735,""t"":4902},{""x"":1665,""y"":767,""t"":4952},{""x"":1654,""y"":798,""t"":4965},{""x"":1663,""y"":765,""t"":5026},{""x"":1680,""y"":748,""t"":5038},{""x"":1701,""y"":783,""t"":5099},{""x"":1709,""y"":791,""t"":5111},{""x"":1692,""y"":767,""t"":5174},{""x"":1710,""y"":765,""t"":5225},{""x"":1724,""y"":761,""t"":5236},{""x"":1676,""y"":718,""t"":5298},{""x"":1635,""y"":679,""t"":5309},{""x"":1618,""y"":693,""t"":5377},{""x"":1622,""y"":688,""t"":5424},{""x"":1596,""y"":688,""t"":5440},{""x"":1590,""y"":685,""t"":5502},{""x"":1585,""y"":686,""t"":5514},{""x"":1458,""y"":639,""t"":5576},{""x"":1328,""y"":598,""t"":5589},{""x"":1284,""y"":593,""t"":5656},{""x"":1235,""y"":587,""t"":5679},{""x"":1177,""y"":556,""t"":5739},{""x"":1179,""y"":581,""t"":5751},{""x"":1171,""y"":541,""t"":5816},{""x"":1160,""y"":510,""t"":5865},{""x"":1136,""y"":480,""t"":5882},{""x"":1131,""y"":509,""t"":5945},{""x"":1130,""y"":535,""t"":5955}]",1,0.011974010038508474,0.9880259899614916,wa_dn_b-last,0
98-attributes,0,34,exp_45,1.0,324.7000000476837,0.81,0.48,1.6999999999999995,7.9,higher_p,higher_m,0,1,attributes,1.0,True,1.3769999999999998,3.792,-2.415,-2.2283544163938904,0.5,0.5,0.4,0.6,1.0,0.0,higher_m,higher_p,False,"{""durations"":[1500,1000,1500,1000],""alternatives"":[""all"",""all"",""all"",""all""],""attributes"":[""m"",""p"",""m"",""p""]}","[{""x"":982,""y"":694,""t"":-23},{""x"":1039,""y"":697,""t"":0},{""x"":1074,""y"":689,""t"":69},{""x"":1055,""y"":664,""t"":137},{""x"":1046,""y"":672,""t"":186},{""x"":1062,""y"":667,""t"":204},{""x"":1093,""y"":641,""t"":268},{""x"":1097,""y"":612,""t"":279},{""x"":1006,""y"":563,""t"":343},{""x"":961,""y"":517,""t"":393},{""x"":923,""y"":480,""t"":409},{""x"":819,""y"":440,""t"":471},{""x"":738,""y"":412,""t"":484},{""x"":696,""y"":345,""t"":545},{""x"":655,""y"":258,""t"":592},{""x"":643,""y"":190,""t"":612},{""x"":856,""y"":195,""t"":674},{""x"":1041,""y"":203,""t"":686},{""x"":1204,""y"":228,""t"":750},{""x"":1274,""y"":241,""t"":801},{""x"":1327,""y"":253,""t"":818},{""x"":1427,""y"":276,""t"":879},{""x"":1450,""y"":299,""t"":890},{""x"":1487,""y"":333,""t"":951},{""x"":1556,""y"":363,""t"":962},{""x"":1614,""y"":404,""t"":1024},{""x"":1633,""y"":470,""t"":1072},{""x"":1647,""y"":527,""t"":1089},{""x"":1642,""y"":544,""t"":1152},{""x"":1630,""y"":562,""t"":1164},{""x"":1544,""y"":600,""t"":1225},{""x"":1325,""y"":623,""t"":1275},{""x"":1133,""y"":647,""t"":1294},{""x"":1008,""y"":624,""t"":1354},{""x"":907,""y"":602,""t"":1365},{""x"":850,""y"":604,""t"":1428},{""x"":723,""y"":557,""t"":1477},{""x"":669,""y"":557,""t"":1497},{""x"":659,""y"":572,""t"":1561},{""x"":659,""y"":592,""t"":1572},{""x"":618,""y"":538,""t"":1633},{""x"":658,""y"":514,""t"":1680},{""x"":611,""y"":507,""t"":1702},{""x"":579,""y"":467,""t"":1763},{""x"":580,""y"":461,""t"":1774},{""x"":757,""y"":487,""t"":1838},{""x"":960,""y"":540,""t"":1896},{""x"":1132,""y"":586,""t"":1908},{""x"":1277,""y"":623,""t"":1968},{""x"":1392,""y"":624,""t"":1980},{""x"":1496,""y"":598,""t"":2045},{""x"":1563,""y"":644,""t"":2093},{""x"":1610,""y"":682,""t"":2109},{""x"":1663,""y"":689,""t"":2177},{""x"":1668,""y"":653,""t"":2224},{""x"":1681,""y"":619,""t"":2245},{""x"":1709,""y"":635,""t"":2307},{""x"":1728,""y"":648,""t"":2318},{""x"":1520,""y"":626,""t"":2389},{""x"":1266,""y"":588,""t"":2442},{""x"":1087,""y"":573,""t"":2457},{""x"":966,""y"":566,""t"":2524},{""x"":824,""y"":555,""t"":2571},{""x"":706,""y"":556,""t"":2584},{""x"":682,""y"":563,""t"":2646},{""x"":670,""y"":570,""t"":2659},{""x"":526,""y"":542,""t"":2726},{""x"":472,""y"":415,""t"":2779},{""x"":434,""y"":307,""t"":2791},{""x"":416,""y"":195,""t"":2859},{""x"":481,""y"":189,""t"":2905},{""x"":600,""y"":182,""t"":2926},{""x"":873,""y"":230,""t"":2987},{""x"":1095,""y"":279,""t"":2998},{""x"":1334,""y"":313,""t"":3061},{""x"":1417,""y"":337,""t"":3111},{""x"":1542,""y"":340,""t"":3130},{""x"":1594,""y"":345,""t"":3192},{""x"":1628,""y"":349,""t"":3203},{""x"":1655,""y"":356,""t"":3268},{""x"":1576,""y"":473,""t"":3317},{""x"":1501,""y"":572,""t"":3333},{""x"":1314,""y"":600,""t"":3393},{""x"":1152,""y"":620,""t"":3404},{""x"":1162,""y"":671,""t"":3467},{""x"":1133,""y"":721,""t"":3478},{""x"":1226,""y"":770,""t"":3540},{""x"":1300,""y"":769,""t"":3611},{""x"":1342,""y"":823,""t"":3661},{""x"":1376,""y"":865,""t"":3673},{""x"":1444,""y"":891,""t"":3735},{""x"":1500,""y"":910,""t"":3748},{""x"":1539,""y"":889,""t"":3810},{""x"":1557,""y"":895,""t"":3859},{""x"":1543,""y"":851,""t"":3876},{""x"":1551,""y"":859,""t"":3955},{""x"":1570,""y"":861,""t"":3979},{""x"":1554,""y"":851,""t"":4058},{""x"":1575,""y"":849,""t"":4104},{""x"":1591,""y"":848,""t"":4116},{""x"":1620,""y"":845,""t"":4177},{""x"":1602,""y"":828,""t"":4189},{""x"":1636,""y"":808,""t"":4252},{""x"":1646,""y"":809,""t"":4300},{""x"":1683,""y"":806,""t"":4319},{""x"":1633,""y"":776,""t"":4382},{""x"":1588,""y"":750,""t"":4393},{""x"":1326,""y"":724,""t"":4456},{""x"":1172,""y"":717,""t"":4502},{""x"":1035,""y"":692,""t"":4523},{""x"":849,""y"":677,""t"":4583},{""x"":724,""y"":668,""t"":4595},{""x"":705,""y"":664,""t"":4659},{""x"":635,""y"":654,""t"":4705},{""x"":613,""y"":635,""t"":4727},{""x"":621,""y"":631,""t"":4787},{""x"":636,""y"":630,""t"":4800},{""x"":586,""y"":629,""t"":4863},{""x"":747,""y"":663,""t"":4911},{""x"":956,""y"":692,""t"":4932},{""x"":1131,""y"":722,""t"":4993},{""x"":1278,""y"":748,""t"":5004},{""x"":1349,""y"":750,""t"":5067},{""x"":1425,""y"":748,""t"":5115},{""x"":1482,""y"":746,""t"":5134},{""x"":1571,""y"":750,""t"":5196},{""x"":1644,""y"":737,""t"":5208},{""x"":1562,""y"":716,""t"":5274},{""x"":1387,""y"":652,""t"":5323},{""x"":1232,""y"":597,""t"":5340},{""x"":1116,""y"":558,""t"":5404},{""x"":1039,""y"":528,""t"":5417},{""x"":960,""y"":535,""t"":5482},{""x"":924,""y"":529,""t"":5528},{""x"":867,""y"":538,""t"":5543},{""x"":847,""y"":552,""t"":5605},{""x"":815,""y"":566,""t"":5619},{""x"":777,""y"":599,""t"":5687},{""x"":805,""y"":653,""t"":5734},{""x"":870,""y"":702,""t"":5771},{""x"":958,""y"":729,""t"":5811},{""x"":1043,""y"":768,""t"":5850}]",1,0.0420087289586455,0.9579912710413545,wa_dn_b-last,0
98-attributes,0,35,exp_67,0.0,489.5,0.72,0.51,4.2,5.2,higher_p,higher_m,0,1,attributes,1.0,True,3.024,2.652,0.3719999999999999,0.64020159214642,0.5,0.5,0.6,0.4,0.0,0.0,higher_p,higher_p,True,"{""durations"":[1000,1500,1000,1500],""alternatives"":[""all"",""all"",""all"",""all""],""attributes"":[""m"",""p"",""m"",""p""]}","[{""x"":1002,""y"":657,""t"":-24},{""x"":991,""y"":678,""t"":0},{""x"":924,""y"":674,""t"":78},{""x"":902,""y"":672,""t"":106},{""x"":946,""y"":677,""t"":174},{""x"":969,""y"":673,""t"":224},{""x"":953,""y"":700,""t"":240},{""x"":983,""y"":685,""t"":307},{""x"":930,""y"":668,""t"":356},{""x"":866,""y"":639,""t"":375},{""x"":818,""y"":602,""t"":441},{""x"":811,""y"":560,""t"":455},{""x"":753,""y"":565,""t"":521},{""x"":932,""y"":540,""t"":569},{""x"":1101,""y"":514,""t"":582},{""x"":1229,""y"":495,""t"":652},{""x"":1275,""y"":501,""t"":701},{""x"":1344,""y"":481,""t"":715},{""x"":1434,""y"":480,""t"":790},{""x"":1444,""y"":450,""t"":839},{""x"":1461,""y"":474,""t"":851},{""x"":1401,""y"":524,""t"":923},{""x"":1233,""y"":563,""t"":970},{""x"":1066,""y"":563,""t"":987},{""x"":960,""y"":590,""t"":1053},{""x"":873,""y"":612,""t"":1065},{""x"":766,""y"":644,""t"":1130},{""x"":651,""y"":683,""t"":1185},{""x"":559,""y"":671,""t"":1204},{""x"":530,""y"":688,""t"":1253},{""x"":448,""y"":702,""t"":1294},{""x"":430,""y"":734,""t"":1360},{""x"":393,""y"":750,""t"":1429},{""x"":534,""y"":786,""t"":1479},{""x"":661,""y"":815,""t"":1497},{""x"":859,""y"":843,""t"":1563},{""x"":1042,""y"":850,""t"":1577},{""x"":1159,""y"":885,""t"":1643},{""x"":1283,""y"":917,""t"":1690},{""x"":1403,""y"":903,""t"":1704},{""x"":1434,""y"":877,""t"":1770},{""x"":1467,""y"":867,""t"":1819},{""x"":1491,""y"":814,""t"":1836},{""x"":1538,""y"":817,""t"":1903},{""x"":1572,""y"":819,""t"":1918},{""x"":1583,""y"":745,""t"":1987},{""x"":1605,""y"":707,""t"":2008},{""x"":1572,""y"":661,""t"":2074},{""x"":1574,""y"":618,""t"":2122},{""x"":1597,""y"":619,""t"":2144},{""x"":1576,""y"":571,""t"":2218},{""x"":1585,""y"":552,""t"":2265},{""x"":1574,""y"":505,""t"":2279},{""x"":1554,""y"":460,""t"":2344},{""x"":1536,""y"":424,""t"":2356},{""x"":1478,""y"":390,""t"":2422},{""x"":1449,""y"":398,""t"":2470},{""x"":1425,""y"":408,""t"":2483},{""x"":1380,""y"":403,""t"":2548},{""x"":1403,""y"":400,""t"":2560},{""x"":1405,""y"":410,""t"":2627},{""x"":1399,""y"":415,""t"":2676},{""x"":1395,""y"":419,""t"":2687},{""x"":1392,""y"":436,""t"":2752},{""x"":1402,""y"":444,""t"":2763},{""x"":1393,""y"":472,""t"":2830},{""x"":1352,""y"":489,""t"":2879},{""x"":1302,""y"":533,""t"":2891},{""x"":1080,""y"":476,""t"":2957},{""x"":920,""y"":465,""t"":2969},{""x"":831,""y"":532,""t"":3035},{""x"":736,""y"":547,""t"":3061},{""x"":687,""y"":531,""t"":3126},{""x"":615,""y"":498,""t"":3138},{""x"":778,""y"":472,""t"":3209},{""x"":889,""y"":465,""t"":3231},{""x"":1036,""y"":476,""t"":3297},{""x"":1199,""y"":473,""t"":3309},{""x"":1336,""y"":478,""t"":3374},{""x"":1441,""y"":487,""t"":3427},{""x"":1525,""y"":495,""t"":3439},{""x"":1546,""y"":466,""t"":3506},{""x"":1516,""y"":556,""t"":3575},{""x"":1538,""y"":627,""t"":3624},{""x"":1565,""y"":681,""t"":3641},{""x"":1518,""y"":696,""t"":3708},{""x"":1491,""y"":709,""t"":3757},{""x"":1465,""y"":718,""t"":3775},{""x"":1325,""y"":751,""t"":3859},{""x"":1204,""y"":776,""t"":3877},{""x"":1066,""y"":785,""t"":3942},{""x"":956,""y"":790,""t"":3953},{""x"":832,""y"":790,""t"":4040},{""x"":733,""y"":789,""t"":4052},{""x"":633,""y"":796,""t"":4118},{""x"":557,""y"":786,""t"":4149},{""x"":541,""y"":822,""t"":4226},{""x"":718,""y"":834,""t"":4294},{""x"":877,""y"":842,""t"":4319},{""x"":1033,""y"":869,""t"":4386},{""x"":1157,""y"":898,""t"":4397},{""x"":1265,""y"":894,""t"":4463},{""x"":1349,""y"":884,""t"":4512},{""x"":1375,""y"":881,""t"":4524},{""x"":1464,""y"":871,""t"":4590},{""x"":1489,""y"":852,""t"":4602},{""x"":1463,""y"":834,""t"":4675},{""x"":1404,""y"":840,""t"":4700},{""x"":1411,""y"":781,""t"":4767},{""x"":1459,""y"":738,""t"":4819},{""x"":1482,""y"":698,""t"":4832},{""x"":1510,""y"":714,""t"":4898},{""x"":1534,""y"":698,""t"":4948},{""x"":1510,""y"":679,""t"":4966},{""x"":1485,""y"":670,""t"":5032},{""x"":1483,""y"":692,""t"":5082},{""x"":1493,""y"":677,""t"":5101},{""x"":1483,""y"":682,""t"":5171},{""x"":1514,""y"":702,""t"":5220},{""x"":1445,""y"":701,""t"":5236},{""x"":1303,""y"":848,""t"":5301},{""x"":1175,""y"":961,""t"":5314},{""x"":1150,""y"":1041,""t"":5380},{""x"":1132,""y"":1080,""t"":5428},{""x"":1084,""y"":1106,""t"":5442},{""x"":1027,""y"":1125,""t"":5506},{""x"":993,""y"":1149,""t"":5518},{""x"":1002,""y"":1032,""t"":5584},{""x"":989,""y"":904,""t"":5637},{""x"":999,""y"":793,""t"":5648},{""x"":988,""y"":752,""t"":5717},{""x"":963,""y"":695,""t"":5765},{""x"":945,""y"":650,""t"":5781},{""x"":989,""y"":644,""t"":5847},{""x"":995,""y"":630,""t"":5859},{""x"":984,""y"":634,""t"":5924},{""x"":865,""y"":624,""t"":5972},{""x"":780,""y"":622,""t"":5985},{""x"":908,""y"":661,""t"":6051},{""x"":985,""y"":674,""t"":6062}]",0,0.8147011212020718,0.1852988787979282,wa_dn_b-last,0
98-attributes,0,39,exp_15,0.0,1224.899999976158,0.7,0.29,1.7999999999999998,5.0,higher_p,higher_m,0,1,attributes,1.0,True,1.2599999999999998,1.45,-0.1900000000000001,0.0617557805929019,0.5,0.5,0.4,0.6,1.0,1.0,higher_m,higher_m,True,"{""durations"":[1000,1500,1000,1500],""alternatives"":[""all"",""all"",""all"",""all""],""attributes"":[""p"",""m"",""p"",""m""]}","[{""x"":949,""y"":663,""t"":-22},{""x"":929,""y"":645,""t"":0},{""x"":938,""y"":598,""t"":104},{""x"":959,""y"":596,""t"":157},{""x"":944,""y"":584,""t"":171},{""x"":947,""y"":586,""t"":239},{""x"":1017,""y"":563,""t"":290},{""x"":1077,""y"":543,""t"":307},{""x"":937,""y"":567,""t"":372},{""x"":817,""y"":588,""t"":383},{""x"":685,""y"":645,""t"":449},{""x"":546,""y"":679,""t"":501},{""x"":507,""y"":688,""t"":512},{""x"":680,""y"":739,""t"":577},{""x"":834,""y"":782,""t"":590},{""x"":976,""y"":786,""t"":656},{""x"":1124,""y"":811,""t"":707},{""x"":1229,""y"":805,""t"":717},{""x"":1291,""y"":821,""t"":788},{""x"":1373,""y"":814,""t"":839},{""x"":1437,""y"":806,""t"":851},{""x"":1517,""y"":830,""t"":918},{""x"":1508,""y"":813,""t"":972},{""x"":1494,""y"":779,""t"":987},{""x"":1498,""y"":721,""t"":1055},{""x"":1509,""y"":691,""t"":1106},{""x"":1516,""y"":666,""t"":1123},{""x"":1555,""y"":633,""t"":1188},{""x"":1585,""y"":606,""t"":1199},{""x"":1572,""y"":612,""t"":1266},{""x"":1612,""y"":600,""t"":1314},{""x"":1621,""y"":595,""t"":1327},{""x"":1479,""y"":566,""t"":1393},{""x"":1372,""y"":551,""t"":1404},{""x"":1277,""y"":523,""t"":1470},{""x"":1185,""y"":498,""t"":1521},{""x"":1105,""y"":491,""t"":1532},{""x"":905,""y"":440,""t"":1597},{""x"":772,""y"":402,""t"":1608},{""x"":705,""y"":371,""t"":1673},{""x"":599,""y"":404,""t"":1725},{""x"":594,""y"":371,""t"":1736},{""x"":517,""y"":343,""t"":1808},{""x"":443,""y"":405,""t"":1857},{""x"":431,""y"":445,""t"":1872},{""x"":481,""y"":499,""t"":1937},{""x"":466,""y"":555,""t"":1948},{""x"":571,""y"":612,""t"":2014},{""x"":647,""y"":693,""t"":2064},{""x"":786,""y"":776,""t"":2076},{""x"":803,""y"":804,""t"":2143},{""x"":824,""y"":803,""t"":2193},{""x"":842,""y"":793,""t"":2212},{""x"":845,""y"":819,""t"":2276},{""x"":882,""y"":838,""t"":2287},{""x"":843,""y"":818,""t"":2354},{""x"":827,""y"":814,""t"":2425},{""x"":812,""y"":810,""t"":2448},{""x"":759,""y"":815,""t"":2512},{""x"":712,""y"":818,""t"":2523},{""x"":729,""y"":828,""t"":2591},{""x"":730,""y"":790,""t"":2650},{""x"":712,""y"":771,""t"":2662},{""x"":705,""y"":748,""t"":2727},{""x"":710,""y"":766,""t"":2785},{""x"":717,""y"":773,""t"":2796},{""x"":799,""y"":799,""t"":2863},{""x"":944,""y"":786,""t"":2910},{""x"":1064,""y"":787,""t"":2925},{""x"":1194,""y"":795,""t"":2990},{""x"":1309,""y"":840,""t"":3002},{""x"":1414,""y"":870,""t"":3068},{""x"":1474,""y"":895,""t"":3119},{""x"":1469,""y"":902,""t"":3131},{""x"":1560,""y"":901,""t"":3196},{""x"":1515,""y"":899,""t"":3207},{""x"":1525,""y"":880,""t"":3273},{""x"":1571,""y"":861,""t"":3325},{""x"":1582,""y"":833,""t"":3338},{""x"":1576,""y"":759,""t"":3402},{""x"":1474,""y"":724,""t"":3453},{""x"":1401,""y"":695,""t"":3468},{""x"":1222,""y"":721,""t"":3532},{""x"":1178,""y"":716,""t"":3544},{""x"":1279,""y"":751,""t"":3611},{""x"":1365,""y"":741,""t"":3662},{""x"":1374,""y"":729,""t"":3673},{""x"":1427,""y"":745,""t"":3739},{""x"":1472,""y"":758,""t"":3751},{""x"":1520,""y"":731,""t"":3823},{""x"":1559,""y"":713,""t"":3843},{""x"":1573,""y"":620,""t"":3909},{""x"":1581,""y"":541,""t"":3921},{""x"":1529,""y"":537,""t"":3992},{""x"":1519,""y"":518,""t"":4013},{""x"":1519,""y"":515,""t"":4079},{""x"":1519,""y"":515,""t"":4091},{""x"":1486,""y"":482,""t"":4156},{""x"":1409,""y"":476,""t"":4210},{""x"":1308,""y"":469,""t"":4221},{""x"":1123,""y"":411,""t"":4286},{""x"":967,""y"":394,""t"":4334},{""x"":841,""y"":383,""t"":4352},{""x"":804,""y"":376,""t"":4417},{""x"":695,""y"":382,""t"":4428},{""x"":641,""y"":360,""t"":4494},{""x"":635,""y"":358,""t"":4548},{""x"":594,""y"":395,""t"":4559},{""x"":564,""y"":371,""t"":4624},{""x"":561,""y"":396,""t"":4676},{""x"":564,""y"":419,""t"":4693},{""x"":592,""y"":405,""t"":4759},{""x"":576,""y"":413,""t"":4770},{""x"":708,""y"":421,""t"":4836},{""x"":912,""y"":461,""t"":4886},{""x"":1079,""y"":471,""t"":4898},{""x"":1194,""y"":483,""t"":4964},{""x"":1132,""y"":464,""t"":5016},{""x"":1072,""y"":465,""t"":5033},{""x"":1008,""y"":497,""t"":5098},{""x"":951,""y"":523,""t"":5109},{""x"":878,""y"":513,""t"":5175},{""x"":783,""y"":547,""t"":5222},{""x"":674,""y"":513,""t"":5237},{""x"":653,""y"":534,""t"":5301},{""x"":632,""y"":502,""t"":5313},{""x"":644,""y"":552,""t"":5378},{""x"":677,""y"":557,""t"":5427},{""x"":675,""y"":570,""t"":5441},{""x"":629,""y"":570,""t"":5506},{""x"":652,""y"":546,""t"":5518},{""x"":646,""y"":535,""t"":5593},{""x"":642,""y"":526,""t"":5611},{""x"":739,""y"":558,""t"":5676},{""x"":822,""y"":586,""t"":5688},{""x"":855,""y"":634,""t"":5759},{""x"":910,""y"":642,""t"":5781},{""x"":1009,""y"":660,""t"":5847},{""x"":1090,""y"":674,""t"":5858},{""x"":1089,""y"":668,""t"":5924},{""x"":1063,""y"":634,""t"":5976},{""x"":1038,""y"":604,""t"":5987},{""x"":1048,""y"":617,""t"":6062},{""x"":932,""y"":640,""t"":6112},{""x"":861,""y"":639,""t"":6125},{""x"":873,""y"":629,""t"":6192},{""x"":940,""y"":579,""t"":6245},{""x"":1034,""y"":572,""t"":6256},{""x"":1147,""y"":621,""t"":6323},{""x"":1208,""y"":639,""t"":6335},{""x"":1305,""y"":633,""t"":6403},{""x"":1344,""y"":635,""t"":6451},{""x"":1403,""y"":620,""t"":6463},{""x"":1414,""y"":622,""t"":6538},{""x"":1406,""y"":660,""t"":6586},{""x"":1389,""y"":682,""t"":6597},{""x"":1347,""y"":731,""t"":6662},{""x"":1296,""y"":782,""t"":6673},{""x"":1254,""y"":802,""t"":6739}]",0,0.5403707588202314,0.4596292411797686,wa_dn_b-last,0
98-attributes,0,40,exp_99,0.0,313.19999998807907,0.58,0.38,4.9,6.9,higher_p,higher_m,0,1,attributes,1.0,True,2.842,2.6220000000000003,0.2199999999999997,0.4837536146444008,0.5,0.5,0.6,0.4,0.0,0.0,higher_p,higher_p,True,"{""durations"":[1000,1500,1000,1500],""alternatives"":[""all"",""all"",""all"",""all""],""attributes"":[""m"",""p"",""m"",""p""]}","[{""x"":969,""y"":673,""t"":-23},{""x"":975,""y"":671,""t"":0},{""x"":963,""y"":669,""t"":86},{""x"":958,""y"":660,""t"":153},{""x"":956,""y"":640,""t"":171},{""x"":964,""y"":637,""t"":241},{""x"":912,""y"":626,""t"":290},{""x"":868,""y"":618,""t"":307},{""x"":788,""y"":585,""t"":375},{""x"":681,""y"":571,""t"":412},{""x"":530,""y"":597,""t"":480},{""x"":518,""y"":535,""t"":529},{""x"":502,""y"":483,""t"":545},{""x"":516,""y"":458,""t"":611},{""x"":533,""y"":440,""t"":621},{""x"":735,""y"":435,""t"":687},{""x"":944,""y"":461,""t"":740},{""x"":1123,""y"":505,""t"":751},{""x"":1261,""y"":516,""t"":817},{""x"":1344,""y"":525,""t"":867},{""x"":1388,""y"":530,""t"":885},{""x"":1434,""y"":494,""t"":950},{""x"":1479,""y"":512,""t"":961},{""x"":1522,""y"":526,""t"":1027},{""x"":1440,""y"":522,""t"":1076},{""x"":1322,""y"":514,""t"":1088},{""x"":1144,""y"":541,""t"":1154},{""x"":984,""y"":556,""t"":1166},{""x"":777,""y"":555,""t"":1232},{""x"":709,""y"":565,""t"":1279},{""x"":621,""y"":551,""t"":1293},{""x"":496,""y"":606,""t"":1358},{""x"":397,""y"":653,""t"":1370},{""x"":416,""y"":655,""t"":1435},{""x"":414,""y"":667,""t"":1486},{""x"":420,""y"":675,""t"":1497},{""x"":641,""y"":734,""t"":1561},{""x"":870,""y"":792,""t"":1574},{""x"":1134,""y"":845,""t"":1639},{""x"":1269,""y"":863,""t"":1691},{""x"":1377,""y"":875,""t"":1701},{""x"":1480,""y"":925,""t"":1767},{""x"":1549,""y"":934,""t"":1779},{""x"":1546,""y"":918,""t"":1846},{""x"":1535,""y"":902,""t"":1871},{""x"":1565,""y"":872,""t"":1935},{""x"":1616,""y"":843,""t"":1946},{""x"":1650,""y"":816,""t"":2012},{""x"":1626,""y"":788,""t"":2059},{""x"":1599,""y"":764,""t"":2075},{""x"":1601,""y"":699,""t"":2141},{""x"":1583,""y"":656,""t"":2154},{""x"":1543,""y"":660,""t"":2220},{""x"":1536,""y"":642,""t"":2245},{""x"":1514,""y"":613,""t"":2309},{""x"":1525,""y"":597,""t"":2320},{""x"":1475,""y"":562,""t"":2387},{""x"":1425,""y"":564,""t"":2439},{""x"":1369,""y"":568,""t"":2451},{""x"":1371,""y"":548,""t"":2515},{""x"":1394,""y"":521,""t"":2527},{""x"":1401,""y"":519,""t"":2593},{""x"":1401,""y"":536,""t"":2644},{""x"":1423,""y"":558,""t"":2656},{""x"":1421,""y"":551,""t"":2719},{""x"":1417,""y"":552,""t"":2731},{""x"":1424,""y"":547,""t"":2798},{""x"":1431,""y"":533,""t"":2823},{""x"":1433,""y"":517,""t"":2889},{""x"":1473,""y"":501,""t"":2901},{""x"":1476,""y"":462,""t"":2969},{""x"":1501,""y"":416,""t"":3017},{""x"":1499,""y"":365,""t"":3027},{""x"":1317,""y"":321,""t"":3092},{""x"":1162,""y"":285,""t"":3104},{""x"":994,""y"":227,""t"":3170},{""x"":811,""y"":216,""t"":3218},{""x"":674,""y"":209,""t"":3230},{""x"":558,""y"":205,""t"":3296},{""x"":465,""y"":213,""t"":3307},{""x"":435,""y"":197,""t"":3372},{""x"":434,""y"":185,""t"":3423},{""x"":415,""y"":180,""t"":3434},{""x"":409,""y"":225,""t"":3498},{""x"":446,""y"":254,""t"":3510},{""x"":571,""y"":333,""t"":3575},{""x"":532,""y"":410,""t"":3625},{""x"":423,""y"":502,""t"":3638},{""x"":424,""y"":605,""t"":3706},{""x"":397,""y"":710,""t"":3717},{""x"":417,""y"":767,""t"":3784},{""x"":459,""y"":822,""t"":3831},{""x"":387,""y"":839,""t"":3842},{""x"":350,""y"":858,""t"":3908},{""x"":375,""y"":845,""t"":3919},{""x"":388,""y"":829,""t"":3984},{""x"":668,""y"":869,""t"":4036},{""x"":890,""y"":934,""t"":4046},{""x"":1100,""y"":955,""t"":4111},{""x"":1293,""y"":965,""t"":4123},{""x"":1422,""y"":956,""t"":4188},{""x"":1587,""y"":992,""t"":4240},{""x"":1715,""y"":1000,""t"":4251},{""x"":1765,""y"":977,""t"":4315},{""x"":1795,""y"":955,""t"":4328},{""x"":1777,""y"":922,""t"":4393},{""x"":1759,""y"":901,""t"":4446},{""x"":1756,""y"":883,""t"":4458},{""x"":1695,""y"":858,""t"":4523},{""x"":1691,""y"":880,""t"":4574},{""x"":1673,""y"":863,""t"":4591},{""x"":1677,""y"":847,""t"":4657},{""x"":1644,""y"":825,""t"":4668},{""x"":1607,""y"":791,""t"":4735},{""x"":1514,""y"":727,""t"":4788},{""x"":1471,""y"":679,""t"":4800},{""x"":1445,""y"":637,""t"":4866},{""x"":1457,""y"":596,""t"":4919},{""x"":1470,""y"":563,""t"":4931},{""x"":1454,""y"":496,""t"":4995},{""x"":1465,""y"":490,""t"":5007},{""x"":1463,""y"":500,""t"":5088},{""x"":1478,""y"":515,""t"":5100},{""x"":1464,""y"":481,""t"":5167},{""x"":1458,""y"":448,""t"":5179},{""x"":1458,""y"":469,""t"":5247},{""x"":1481,""y"":486,""t"":5270},{""x"":1325,""y"":519,""t"":5336},{""x"":1212,""y"":531,""t"":5347},{""x"":1129,""y"":585,""t"":5413},{""x"":912,""y"":593,""t"":5462},{""x"":754,""y"":602,""t"":5475},{""x"":841,""y"":643,""t"":5538},{""x"":967,""y"":672,""t"":5549},{""x"":1010,""y"":762,""t"":5614},{""x"":1008,""y"":797,""t"":5675},{""x"":1007,""y"":825,""t"":5687},{""x"":1054,""y"":815,""t"":5754},{""x"":1086,""y"":838,""t"":5805},{""x"":1109,""y"":855,""t"":5816},{""x"":997,""y"":832,""t"":5880},{""x"":919,""y"":809,""t"":5892}]",0,0.787455767620846,0.21254423237915387,wa_dn_b-last,0
98-attributes,0,42,exp_37,0.0,380.6999999880791,0.79,0.7,2.0,3.2,higher_p,higher_m,0,1,attributes,1.0,True,1.58,2.24,-0.6599999999999997,-0.4219978340514987,0.5,0.5,0.4,0.6,1.0,0.0,higher_m,higher_p,True,"{""durations"":[1500,1000,1500,1000],""alternatives"":[""all"",""all"",""all"",""all""],""attributes"":[""m"",""p"",""m"",""p""]}","[{""x"":936,""y"":711,""t"":-51},{""x"":917,""y"":666,""t"":0},{""x"":906,""y"":682,""t"":102},{""x"":901,""y"":681,""t"":153},{""x"":899,""y"":682,""t"":172},{""x"":908,""y"":698,""t"":237},{""x"":898,""y"":714,""t"":249},{""x"":842,""y"":675,""t"":316},{""x"":741,""y"":667,""t"":365},{""x"":669,""y"":649,""t"":376},{""x"":628,""y"":582,""t"":440},{""x"":598,""y"":527,""t"":451},{""x"":794,""y"":528,""t"":519},{""x"":913,""y"":546,""t"":568},{""x"":1079,""y"":564,""t"":580},{""x"":1143,""y"":564,""t"":645},{""x"":1209,""y"":575,""t"":656},{""x"":1290,""y"":567,""t"":723},{""x"":1374,""y"":590,""t"":775},{""x"":1407,""y"":594,""t"":786},{""x"":1455,""y"":586,""t"":854},{""x"":1343,""y"":542,""t"":902},{""x"":1243,""y"":526,""t"":919},{""x"":1159,""y"":497,""t"":988},{""x"":1036,""y"":520,""t"":1039},{""x"":931,""y"":541,""t"":1055},{""x"":1081,""y"":576,""t"":1120},{""x"":1188,""y"":581,""t"":1131},{""x"":1278,""y"":565,""t"":1196},{""x"":1295,""y"":523,""t"":1248},{""x"":1369,""y"":503,""t"":1259},{""x"":1424,""y"":522,""t"":1324},{""x"":1425,""y"":546,""t"":1335},{""x"":1471,""y"":561,""t"":1401},{""x"":1487,""y"":536,""t"":1452},{""x"":1486,""y"":502,""t"":1463},{""x"":1426,""y"":536,""t"":1527},{""x"":1406,""y"":576,""t"":1539},{""x"":1360,""y"":610,""t"":1606},{""x"":1361,""y"":598,""t"":1653},{""x"":1362,""y"":629,""t"":1666},{""x"":1304,""y"":678,""t"":1731},{""x"":1261,""y"":707,""t"":1742},{""x"":1286,""y"":741,""t"":1808},{""x"":1320,""y"":736,""t"":1862},{""x"":1348,""y"":731,""t"":1874},{""x"":1293,""y"":706,""t"":1943},{""x"":1185,""y"":685,""t"":1992},{""x"":997,""y"":682,""t"":2008},{""x"":802,""y"":675,""t"":2073},{""x"":658,""y"":676,""t"":2084},{""x"":570,""y"":663,""t"":2149},{""x"":488,""y"":680,""t"":2201},{""x"":439,""y"":695,""t"":2213},{""x"":385,""y"":703,""t"":2277},{""x"":378,""y"":743,""t"":2288},{""x"":576,""y"":754,""t"":2355},{""x"":842,""y"":767,""t"":2404},{""x"":1035,""y"":759,""t"":2416},{""x"":1230,""y"":756,""t"":2482},{""x"":1329,""y"":745,""t"":2534},{""x"":1399,""y"":756,""t"":2550},{""x"":1499,""y"":758,""t"":2616},{""x"":1544,""y"":765,""t"":2630},{""x"":1561,""y"":768,""t"":2695},{""x"":1606,""y"":758,""t"":2744},{""x"":1603,""y"":757,""t"":2755},{""x"":1428,""y"":736,""t"":2820},{""x"":1304,""y"":697,""t"":2833},{""x"":1165,""y"":651,""t"":2901},{""x"":989,""y"":642,""t"":2948},{""x"":861,""y"":611,""t"":2960},{""x"":847,""y"":594,""t"":3026},{""x"":765,""y"":569,""t"":3037},{""x"":737,""y"":585,""t"":3102},{""x"":684,""y"":562,""t"":3154},{""x"":623,""y"":511,""t"":3166},{""x"":790,""y"":535,""t"":3232},{""x"":949,""y"":479,""t"":3280},{""x"":1060,""y"":479,""t"":3298},{""x"":1198,""y"":456,""t"":3369},{""x"":1243,""y"":497,""t"":3436},{""x"":1341,""y"":506,""t"":3486},{""x"":1394,""y"":516,""t"":3503},{""x"":1365,""y"":557,""t"":3569},{""x"":1351,""y"":585,""t"":3580},{""x"":1303,""y"":619,""t"":3645},{""x"":1426,""y"":736,""t"":3696},{""x"":1528,""y"":834,""t"":3707},{""x"":1556,""y"":873,""t"":3772},{""x"":1575,""y"":901,""t"":3783},{""x"":1587,""y"":902,""t"":3848},{""x"":1585,""y"":948,""t"":3897},{""x"":1586,""y"":960,""t"":3911},{""x"":1524,""y"":964,""t"":3977},{""x"":1469,""y"":963,""t"":3988},{""x"":1450,""y"":965,""t"":4055},{""x"":1469,""y"":930,""t"":4108},{""x"":1486,""y"":899,""t"":4119},{""x"":1413,""y"":871,""t"":4184},{""x"":1371,""y"":865,""t"":4238},{""x"":1343,""y"":834,""t"":4251},{""x"":1338,""y"":834,""t"":4316},{""x"":1340,""y"":840,""t"":4327},{""x"":1302,""y"":864,""t"":4393},{""x"":1071,""y"":809,""t"":4447},{""x"":828,""y"":798,""t"":4460},{""x"":642,""y"":766,""t"":4525},{""x"":494,""y"":766,""t"":4574},{""x"":470,""y"":737,""t"":4592},{""x"":398,""y"":693,""t"":4657},{""x"":349,""y"":651,""t"":4668},{""x"":329,""y"":652,""t"":4732},{""x"":304,""y"":664,""t"":4785},{""x"":297,""y"":668,""t"":4798},{""x"":281,""y"":664,""t"":4876},{""x"":277,""y"":636,""t"":4898},{""x"":357,""y"":648,""t"":4963},{""x"":430,""y"":660,""t"":4974},{""x"":418,""y"":694,""t"":5039},{""x"":441,""y"":661,""t"":5107},{""x"":640,""y"":670,""t"":5161},{""x"":812,""y"":682,""t"":5172},{""x"":1011,""y"":702,""t"":5243},{""x"":1176,""y"":742,""t"":5273},{""x"":1253,""y"":776,""t"":5346},{""x"":1285,""y"":767,""t"":5398},{""x"":1306,""y"":757,""t"":5420},{""x"":1276,""y"":754,""t"":5488},{""x"":1211,""y"":730,""t"":5510},{""x"":1158,""y"":721,""t"":5575},{""x"":1145,""y"":755,""t"":5586},{""x"":1069,""y"":737,""t"":5652},{""x"":1092,""y"":746,""t"":5701},{""x"":1075,""y"":721,""t"":5712},{""x"":1058,""y"":734,""t"":5777},{""x"":1030,""y"":736,""t"":5789},{""x"":1014,""y"":752,""t"":5853},{""x"":1003,""y"":751,""t"":5904},{""x"":1010,""y"":763,""t"":5918}]",1,0.2123919917064141,0.7876080082935859,wa_dn_b-last,0
98-attributes,0,43,exp_1,1.0,360.19999998807907,0.79,0.49,5.300000000000001,8.3,higher_p,higher_m,0,1,attributes,1.0,True,4.187000000000001,4.067,0.120000000000001,0.3808273136562316,0.5,0.5,0.6,0.4,0.0,1.0,higher_p,higher_m,False,"{""durations"":[1500,1000,1500,1000],""alternatives"":[""all"",""all"",""all"",""all""],""attributes"":[""p"",""m"",""p"",""m""]}","[{""x"":871,""y"":661,""t"":-18},{""x"":887,""y"":649,""t"":0},{""x"":946,""y"":675,""t"":75},{""x"":956,""y"":698,""t"":138},{""x"":933,""y"":725,""t"":192},{""x"":942,""y"":755,""t"":206},{""x"":990,""y"":747,""t"":271},{""x"":1042,""y"":764,""t"":283},{""x"":950,""y"":749,""t"":348},{""x"":849,""y"":757,""t"":398},{""x"":753,""y"":753,""t"":410},{""x"":728,""y"":747,""t"":479},{""x"":664,""y"":747,""t"":531},{""x"":609,""y"":727,""t"":545},{""x"":748,""y"":764,""t"":609},{""x"":893,""y"":805,""t"":621},{""x"":1060,""y"":794,""t"":686},{""x"":1204,""y"":806,""t"":739},{""x"":1322,""y"":816,""t"":750},{""x"":1396,""y"":838,""t"":818},{""x"":1437,""y"":816,""t"":866},{""x"":1465,""y"":781,""t"":885},{""x"":1526,""y"":797,""t"":950},{""x"":1581,""y"":813,""t"":961},{""x"":1622,""y"":796,""t"":1025},{""x"":1639,""y"":735,""t"":1076},{""x"":1625,""y"":741,""t"":1088},{""x"":1641,""y"":738,""t"":1155},{""x"":1639,""y"":737,""t"":1166},{""x"":1645,""y"":736,""t"":1233},{""x"":1648,""y"":730,""t"":1282},{""x"":1655,""y"":738,""t"":1293},{""x"":1647,""y"":731,""t"":1359},{""x"":1642,""y"":725,""t"":1370},{""x"":1571,""y"":704,""t"":1436},{""x"":1541,""y"":695,""t"":1488},{""x"":1520,""y"":681,""t"":1500},{""x"":1480,""y"":577,""t"":1568},{""x"":1462,""y"":551,""t"":1619},{""x"":1452,""y"":497,""t"":1633},{""x"":1436,""y"":485,""t"":1697},{""x"":1414,""y"":498,""t"":1708},{""x"":1460,""y"":485,""t"":1773},{""x"":1482,""y"":472,""t"":1823},{""x"":1459,""y"":458,""t"":1838},{""x"":1236,""y"":434,""t"":1902},{""x"":1103,""y"":419,""t"":1915},{""x"":913,""y"":379,""t"":1983},{""x"":825,""y"":314,""t"":2047},{""x"":767,""y"":264,""t"":2100},{""x"":698,""y"":213,""t"":2111},{""x"":669,""y"":165,""t"":2178},{""x"":606,""y"":122,""t"":2232},{""x"":550,""y"":121,""t"":2245},{""x"":519,""y"":243,""t"":2308},{""x"":490,""y"":356,""t"":2321},{""x"":554,""y"":463,""t"":2385},{""x"":543,""y"":536,""t"":2445},{""x"":537,""y"":595,""t"":2456},{""x"":551,""y"":640,""t"":2521},{""x"":530,""y"":651,""t"":2573},{""x"":542,""y"":696,""t"":2586},{""x"":592,""y"":671,""t"":2651},{""x"":592,""y"":665,""t"":2662},{""x"":524,""y"":695,""t"":2727},{""x"":533,""y"":672,""t"":2778},{""x"":522,""y"":676,""t"":2789},{""x"":485,""y"":666,""t"":2856},{""x"":493,""y"":647,""t"":2867},{""x"":477,""y"":676,""t"":2933},{""x"":547,""y"":679,""t"":2980},{""x"":580,""y"":693,""t"":2993},{""x"":525,""y"":685,""t"":3058},{""x"":487,""y"":687,""t"":3071},{""x"":479,""y"":680,""t"":3137},{""x"":494,""y"":734,""t"":3187},{""x"":519,""y"":764,""t"":3198},{""x"":652,""y"":872,""t"":3265},{""x"":742,""y"":938,""t"":3314},{""x"":817,""y"":990,""t"":3334},{""x"":896,""y"":1035,""t"":3398},{""x"":990,""y"":1082,""t"":3409},{""x"":1035,""y"":1104,""t"":3474},{""x"":1050,""y"":1149,""t"":3525},{""x"":1080,""y"":1157,""t"":3536},{""x"":1021,""y"":1055,""t"":3602},{""x"":1003,""y"":973,""t"":3613},{""x"":986,""y"":923,""t"":3678},{""x"":910,""y"":851,""t"":3730},{""x"":845,""y"":760,""t"":3741},{""x"":788,""y"":709,""t"":3807},{""x"":720,""y"":682,""t"":3819},{""x"":686,""y"":663,""t"":3884},{""x"":775,""y"":702,""t"":3935},{""x"":861,""y"":710,""t"":3948},{""x"":842,""y"":664,""t"":4012},{""x"":876,""y"":690,""t"":4060},{""x"":868,""y"":700,""t"":4081},{""x"":978,""y"":729,""t"":4145},{""x"":1052,""y"":745,""t"":4155},{""x"":1159,""y"":794,""t"":4223},{""x"":1213,""y"":820,""t"":4273},{""x"":1254,""y"":840,""t"":4286},{""x"":1245,""y"":823,""t"":4352},{""x"":1220,""y"":837,""t"":4362},{""x"":1216,""y"":794,""t"":4428},{""x"":1176,""y"":749,""t"":4485},{""x"":1140,""y"":710,""t"":4496},{""x"":1128,""y"":707,""t"":4562},{""x"":1087,""y"":664,""t"":4610},{""x"":1052,""y"":628,""t"":4624},{""x"":1067,""y"":615,""t"":4692},{""x"":1075,""y"":654,""t"":4703},{""x"":1055,""y"":660,""t"":4769},{""x"":1055,""y"":696,""t"":4822},{""x"":1055,""y"":727,""t"":4833},{""x"":1045,""y"":729,""t"":4899},{""x"":1052,""y"":698,""t"":4952},{""x"":1029,""y"":686,""t"":4966},{""x"":1040,""y"":680,""t"":5032},{""x"":1050,""y"":676,""t"":5043},{""x"":1012,""y"":669,""t"":5110},{""x"":976,""y"":682,""t"":5162},{""x"":946,""y"":693,""t"":5173},{""x"":982,""y"":724,""t"":5245},{""x"":991,""y"":714,""t"":5302},{""x"":1004,""y"":720,""t"":5318},{""x"":996,""y"":733,""t"":5401},{""x"":989,""y"":743,""t"":5416},{""x"":962,""y"":718,""t"":5504},{""x"":920,""y"":653,""t"":5518},{""x"":846,""y"":667,""t"":5602},{""x"":790,""y"":640,""t"":5616},{""x"":789,""y"":653,""t"":5700},{""x"":790,""y"":665,""t"":5715},{""x"":847,""y"":672,""t"":5792},{""x"":827,""y"":686,""t"":5842},{""x"":847,""y"":716,""t"":5855}]",0,0.6058922251644316,0.3941077748355683,wa_dn_b-last,0
98-attributes,0,45,exp_89,0.0,401.6999999880791,0.5,0.38,3.0,4.0,higher_p,higher_m,0,1,attributes,1.0,True,1.5,1.52,-0.02,0.2367304922727919,0.5,0.5,0.6,0.4,0.0,1.0,higher_p,higher_m,True,"{""durations"":[1500,1000,1500,1000],""alternatives"":[""all"",""all"",""all"",""all""],""attributes"":[""p"",""m"",""p"",""m""]}","[{""x"":1014,""y"":740,""t"":-12},{""x"":1059,""y"":743,""t"":0},{""x"":1063,""y"":738,""t"":75},{""x"":1020,""y"":736,""t"":142},{""x"":1034,""y"":726,""t"":195},{""x"":1046,""y"":717,""t"":205},{""x"":1039,""y"":692,""t"":272},{""x"":1033,""y"":671,""t"":282},{""x"":979,""y"":696,""t"":350},{""x"":864,""y"":719,""t"":402},{""x"":775,""y"":726,""t"":413},{""x"":677,""y"":737,""t"":478},{""x"":625,""y"":709,""t"":527},{""x"":581,""y"":689,""t"":546},{""x"":803,""y"":676,""t"":611},{""x"":973,""y"":656,""t"":622},{""x"":1084,""y"":644,""t"":687},{""x"":1229,""y"":664,""t"":744},{""x"":1328,""y"":672,""t"":754},{""x"":1393,""y"":705,""t"":819},{""x"":1417,""y"":744,""t"":869},{""x"":1510,""y"":781,""t"":885},{""x"":1592,""y"":816,""t"":949},{""x"":1655,""y"":844,""t"":959},{""x"":1671,""y"":849,""t"":1025},{""x"":1620,""y"":850,""t"":1073},{""x"":1571,""y"":849,""t"":1088},{""x"":1558,""y"":815,""t"":1154},{""x"":1546,""y"":791,""t"":1166},{""x"":1545,""y"":809,""t"":1231},{""x"":1517,""y"":755,""t"":1282},{""x"":1492,""y"":710,""t"":1293},{""x"":1472,""y"":632,""t"":1359},{""x"":1442,""y"":594,""t"":1370},{""x"":1507,""y"":560,""t"":1436},{""x"":1477,""y"":568,""t"":1487},{""x"":1445,""y"":545,""t"":1499},{""x"":1441,""y"":556,""t"":1567},{""x"":1418,""y"":528,""t"":1641},{""x"":1438,""y"":490,""t"":1689},{""x"":1480,""y"":481,""t"":1702},{""x"":1480,""y"":502,""t"":1768},{""x"":1437,""y"":512,""t"":1779},{""x"":1374,""y"":530,""t"":1844},{""x"":1132,""y"":445,""t"":1895},{""x"":943,""y"":389,""t"":1907},{""x"":788,""y"":376,""t"":1973},{""x"":654,""y"":337,""t"":2025},{""x"":582,""y"":306,""t"":2042},{""x"":514,""y"":312,""t"":2108},{""x"":466,""y"":321,""t"":2119},{""x"":457,""y"":310,""t"":2186},{""x"":458,""y"":303,""t"":2211},{""x"":669,""y"":313,""t"":2300},{""x"":837,""y"":320,""t"":2313},{""x"":1027,""y"":355,""t"":2379},{""x"":1196,""y"":392,""t"":2390},{""x"":1282,""y"":394,""t"":2458},{""x"":1382,""y"":400,""t"":2508},{""x"":1460,""y"":404,""t"":2520},{""x"":1316,""y"":392,""t"":2587},{""x"":1151,""y"":366,""t"":2640},{""x"":1006,""y"":344,""t"":2653},{""x"":877,""y"":297,""t"":2720},{""x"":789,""y"":379,""t"":2772},{""x"":783,""y"":443,""t"":2789},{""x"":732,""y"":537,""t"":2854},{""x"":674,""y"":599,""t"":2865},{""x"":585,""y"":638,""t"":2929},{""x"":526,""y"":673,""t"":2981},{""x"":482,""y"":700,""t"":2994},{""x"":652,""y"":736,""t"":3058},{""x"":803,""y"":763,""t"":3072},{""x"":1013,""y"":774,""t"":3140},{""x"":1196,""y"":814,""t"":3163},{""x"":1314,""y"":817,""t"":3227},{""x"":1349,""y"":832,""t"":3239},{""x"":1402,""y"":834,""t"":3304},{""x"":1317,""y"":843,""t"":3355},{""x"":1231,""y"":871,""t"":3368},{""x"":1175,""y"":904,""t"":3433},{""x"":1147,""y"":944,""t"":3444},{""x"":1028,""y"":943,""t"":3512},{""x"":1012,""y"":935,""t"":3564},{""x"":1001,""y"":926,""t"":3575},{""x"":988,""y"":964,""t"":3643},{""x"":1028,""y"":985,""t"":3695},{""x"":1056,""y"":1000,""t"":3707},{""x"":1081,""y"":983,""t"":3773},{""x"":1007,""y"":984,""t"":3786},{""x"":961,""y"":966,""t"":3851},{""x"":998,""y"":980,""t"":3901},{""x"":1024,""y"":998,""t"":3913},{""x"":1094,""y"":1018,""t"":3980},{""x"":1172,""y"":1020,""t"":4028},{""x"":1244,""y"":1036,""t"":4048},{""x"":1297,""y"":970,""t"":4113},{""x"":1327,""y"":927,""t"":4124},{""x"":1411,""y"":875,""t"":4189},{""x"":1410,""y"":829,""t"":4239},{""x"":1428,""y"":798,""t"":4252},{""x"":1452,""y"":753,""t"":4317},{""x"":1425,""y"":665,""t"":4329},{""x"":1509,""y"":640,""t"":4395},{""x"":1553,""y"":634,""t"":4443},{""x"":1583,""y"":612,""t"":4456},{""x"":1572,""y"":558,""t"":4520},{""x"":1595,""y"":520,""t"":4532},{""x"":1503,""y"":516,""t"":4598},{""x"":1333,""y"":505,""t"":4650},{""x"":1223,""y"":501,""t"":4662},{""x"":1039,""y"":483,""t"":4727},{""x"":936,""y"":474,""t"":4774},{""x"":795,""y"":458,""t"":4821},{""x"":682,""y"":447,""t"":4832},{""x"":622,""y"":427,""t"":4902},{""x"":535,""y"":413,""t"":4952},{""x"":471,""y"":370,""t"":4965},{""x"":451,""y"":372,""t"":5031},{""x"":464,""y"":372,""t"":5044},{""x"":448,""y"":356,""t"":5110},{""x"":440,""y"":345,""t"":5135},{""x"":635,""y"":432,""t"":5200},{""x"":805,""y"":507,""t"":5212},{""x"":1026,""y"":558,""t"":5278},{""x"":1197,""y"":564,""t"":5330},{""x"":1313,""y"":556,""t"":5345},{""x"":1316,""y"":575,""t"":5409},{""x"":1344,""y"":598,""t"":5458},{""x"":1362,""y"":616,""t"":5475},{""x"":1329,""y"":628,""t"":5541},{""x"":1256,""y"":644,""t"":5553},{""x"":1279,""y"":667,""t"":5618},{""x"":1312,""y"":697,""t"":5644},{""x"":1254,""y"":743,""t"":5711},{""x"":1203,""y"":779,""t"":5722},{""x"":1136,""y"":729,""t"":5788},{""x"":1113,""y"":736,""t"":5837},{""x"":1095,""y"":740,""t"":5849},{""x"":1090,""y"":750,""t"":5914},{""x"":1088,""y"":758,""t"":5927}]",0,0.48827847621089265,0.5117215237891074,wa_dn_b-last,0
98-attributes,0,47,exp_59,1.0,877.8000000119209,0.41,0.21,1.7999999999999998,6.2,higher_p,higher_m,0,1,attributes,1.0,True,0.7379999999999999,1.302,-0.5640000000000002,-0.3231885851028555,0.5,0.5,0.6,0.4,0.0,0.0,higher_p,higher_p,False,"{""durations"":[1000,1500,1000,1500],""alternatives"":[""all"",""all"",""all"",""all""],""attributes"":[""m"",""p"",""m"",""p""]}","[{""x"":984,""y"":758,""t"":-12},{""x"":970,""y"":758,""t"":0},{""x"":983,""y"":740,""t"":76},{""x"":1052,""y"":730,""t"":140},{""x"":1018,""y"":723,""t"":188},{""x"":992,""y"":737,""t"":205},{""x"":975,""y"":730,""t"":269},{""x"":989,""y"":738,""t"":280},{""x"":982,""y"":775,""t"":347},{""x"":870,""y"":723,""t"":394},{""x"":774,""y"":679,""t"":409},{""x"":678,""y"":656,""t"":474},{""x"":599,""y"":637,""t"":485},{""x"":835,""y"":599,""t"":553},{""x"":999,""y"":563,""t"":604},{""x"":1143,""y"":513,""t"":617},{""x"":1222,""y"":520,""t"":685},{""x"":1302,""y"":546,""t"":739},{""x"":1371,""y"":539,""t"":750},{""x"":1397,""y"":540,""t"":815},{""x"":1413,""y"":543,""t"":827},{""x"":1235,""y"":570,""t"":893},{""x"":983,""y"":546,""t"":945},{""x"":767,""y"":526,""t"":956},{""x"":650,""y"":529,""t"":1023},{""x"":580,""y"":494,""t"":1078},{""x"":489,""y"":476,""t"":1090},{""x"":481,""y"":517,""t"":1155},{""x"":482,""y"":543,""t"":1168},{""x"":692,""y"":586,""t"":1233},{""x"":948,""y"":657,""t"":1284},{""x"":1167,""y"":717,""t"":1296},{""x"":1276,""y"":736,""t"":1360},{""x"":1424,""y"":792,""t"":1411},{""x"":1545,""y"":827,""t"":1430},{""x"":1589,""y"":820,""t"":1495},{""x"":1595,""y"":810,""t"":1507},{""x"":1594,""y"":828,""t"":1573},{""x"":1525,""y"":848,""t"":1641},{""x"":1284,""y"":800,""t"":1693},{""x"":1081,""y"":754,""t"":1704},{""x"":881,""y"":757,""t"":1772},{""x"":681,""y"":727,""t"":1822},{""x"":559,""y"":722,""t"":1838},{""x"":486,""y"":706,""t"":1904},{""x"":433,""y"":693,""t"":1915},{""x"":380,""y"":683,""t"":1991},{""x"":344,""y"":675,""t"":2007},{""x"":314,""y"":693,""t"":2072},{""x"":297,""y"":709,""t"":2085},{""x"":384,""y"":724,""t"":2153},{""x"":475,""y"":728,""t"":2200},{""x"":556,""y"":740,""t"":2211},{""x"":737,""y"":693,""t"":2277},{""x"":840,""y"":659,""t"":2289},{""x"":958,""y"":626,""t"":2354},{""x"":1064,""y"":600,""t"":2405},{""x"":1112,""y"":578,""t"":2419},{""x"":1046,""y"":530,""t"":2483},{""x"":972,""y"":459,""t"":2533},{""x"":901,""y"":398,""t"":2550},{""x"":819,""y"":363,""t"":2617},{""x"":736,""y"":309,""t"":2628},{""x"":686,""y"":294,""t"":2693},{""x"":645,""y"":298,""t"":2744},{""x"":591,""y"":281,""t"":2758},{""x"":584,""y"":267,""t"":2823},{""x"":525,""y"":266,""t"":2877},{""x"":448,""y"":305,""t"":2891},{""x"":502,""y"":297,""t"":2956},{""x"":552,""y"":291,""t"":2967},{""x"":745,""y"":325,""t"":3034},{""x"":990,""y"":358,""t"":3085},{""x"":1169,""y"":341,""t"":3096},{""x"":1266,""y"":331,""t"":3162},{""x"":1341,""y"":323,""t"":3173},{""x"":1438,""y"":321,""t"":3240},{""x"":1517,""y"":310,""t"":3266},{""x"":1528,""y"":301,""t"":3329},{""x"":1529,""y"":294,""t"":3341},{""x"":1543,""y"":310,""t"":3407},{""x"":1534,""y"":333,""t"":3455},{""x"":1503,""y"":356,""t"":3469},{""x"":1419,""y"":326,""t"":3534},{""x"":1344,""y"":301,""t"":3545},{""x"":1135,""y"":374,""t"":3612},{""x"":958,""y"":400,""t"":3665},{""x"":811,""y"":421,""t"":3677},{""x"":680,""y"":472,""t"":3744},{""x"":564,""y"":488,""t"":3796},{""x"":490,""y"":464,""t"":3809},{""x"":459,""y"":481,""t"":3874},{""x"":420,""y"":500,""t"":3885},{""x"":392,""y"":539,""t"":3951},{""x"":358,""y"":566,""t"":4001},{""x"":374,""y"":614,""t"":4012},{""x"":344,""y"":639,""t"":4077},{""x"":376,""y"":632,""t"":4090},{""x"":368,""y"":686,""t"":4154},{""x"":540,""y"":689,""t"":4202},{""x"":698,""y"":691,""t"":4216},{""x"":988,""y"":731,""t"":4281},{""x"":1247,""y"":766,""t"":4292},{""x"":1410,""y"":772,""t"":4359},{""x"":1518,""y"":760,""t"":4408},{""x"":1579,""y"":742,""t"":4421},{""x"":1634,""y"":738,""t"":4485},{""x"":1670,""y"":734,""t"":4497},{""x"":1713,""y"":772,""t"":4563},{""x"":1745,""y"":756,""t"":4613},{""x"":1763,""y"":741,""t"":4624},{""x"":1708,""y"":743,""t"":4689},{""x"":1666,""y"":751,""t"":4703},{""x"":1644,""y"":751,""t"":4769},{""x"":1594,""y"":732,""t"":4823},{""x"":1526,""y"":689,""t"":4833},{""x"":1542,""y"":688,""t"":4899},{""x"":1503,""y"":688,""t"":4947},{""x"":1470,""y"":690,""t"":4966},{""x"":1451,""y"":695,""t"":5031},{""x"":1444,""y"":717,""t"":5042},{""x"":1465,""y"":709,""t"":5110},{""x"":1455,""y"":692,""t"":5134},{""x"":1435,""y"":700,""t"":5200},{""x"":1419,""y"":707,""t"":5211},{""x"":1425,""y"":697,""t"":5275},{""x"":1447,""y"":680,""t"":5328},{""x"":1467,""y"":665,""t"":5339},{""x"":1369,""y"":652,""t"":5404},{""x"":1285,""y"":642,""t"":5415},{""x"":1227,""y"":654,""t"":5482},{""x"":1153,""y"":657,""t"":5532},{""x"":1087,""y"":654,""t"":5545},{""x"":1029,""y"":636,""t"":5613},{""x"":972,""y"":667,""t"":5663},{""x"":929,""y"":695,""t"":5679},{""x"":898,""y"":702,""t"":5747},{""x"":822,""y"":699,""t"":5800},{""x"":762,""y"":696,""t"":5816},{""x"":739,""y"":680,""t"":5881},{""x"":729,""y"":666,""t"":5893},{""x"":778,""y"":649,""t"":5959},{""x"":793,""y"":617,""t"":6009},{""x"":809,""y"":590,""t"":6021},{""x"":883,""y"":564,""t"":6098},{""x"":908,""y"":596,""t"":6121},{""x"":981,""y"":634,""t"":6185},{""x"":1017,""y"":649,""t"":6197},{""x"":1046,""y"":651,""t"":6262},{""x"":1037,""y"":629,""t"":6311},{""x"":1041,""y"":574,""t"":6326},{""x"":1094,""y"":594,""t"":6395}]",0,0.22812162857423404,0.771878371425766,wa_dn_b-last,0
98-attributes,0,49,catch_9,1.0,421.3999999761581,0.48,0.72,1.7999999999999998,4.0,dominated,dominant,1,1,attributes,1.0,True,0.8639999999999999,2.88,-2.016,-1.8176784754510904,0.5,0.5,0.5,0.5,,1.0,,dominant,True,"{""durations"":[1250,1250,1250,1250],""attributes"":[""p"",""m"",""p"",""m""],""alternatives"":[""all"",""all"",""all"",""all""]}","[{""x"":970,""y"":753,""t"":-20},{""x"":950,""y"":765,""t"":0},{""x"":968,""y"":734,""t"":76},{""x"":945,""y"":739,""t"":145},{""x"":916,""y"":730,""t"":192},{""x"":893,""y"":722,""t"":206},{""x"":895,""y"":727,""t"":272},{""x"":908,""y"":718,""t"":283},{""x"":736,""y"":717,""t"":351},{""x"":600,""y"":723,""t"":374},{""x"":512,""y"":712,""t"":439},{""x"":419,""y"":705,""t"":451},{""x"":425,""y"":724,""t"":517},{""x"":466,""y"":757,""t"":587},{""x"":758,""y"":791,""t"":638},{""x"":964,""y"":806,""t"":650},{""x"":1145,""y"":812,""t"":718},{""x"":1263,""y"":831,""t"":767},{""x"":1374,""y"":841,""t"":783},{""x"":1461,""y"":874,""t"":847},{""x"":1523,""y"":866,""t"":859},{""x"":1547,""y"":853,""t"":925},{""x"":1548,""y"":849,""t"":976},{""x"":1552,""y"":824,""t"":989},{""x"":1322,""y"":797,""t"":1054},{""x"":1121,""y"":773,""t"":1066},{""x"":975,""y"":779,""t"":1136},{""x"":858,""y"":777,""t"":1157},{""x"":757,""y"":759,""t"":1235},{""x"":631,""y"":728,""t"":1284},{""x"":530,""y"":703,""t"":1296},{""x"":624,""y"":676,""t"":1361},{""x"":678,""y"":639,""t"":1411},{""x"":729,""y"":601,""t"":1429},{""x"":806,""y"":615,""t"":1493},{""x"":875,""y"":629,""t"":1505},{""x"":1021,""y"":607,""t"":1570},{""x"":1142,""y"":596,""t"":1617},{""x"":1243,""y"":563,""t"":1633},{""x"":1332,""y"":572,""t"":1699},{""x"":1397,""y"":571,""t"":1710},{""x"":1217,""y"":523,""t"":1776},{""x"":1045,""y"":427,""t"":1826},{""x"":944,""y"":371,""t"":1837},{""x"":804,""y"":360,""t"":1902},{""x"":686,""y"":353,""t"":1914},{""x"":644,""y"":361,""t"":1981},{""x"":566,""y"":371,""t"":2030},{""x"":505,""y"":382,""t"":2042},{""x"":413,""y"":391,""t"":2107},{""x"":376,""y"":373,""t"":2119},{""x"":348,""y"":429,""t"":2189},{""x"":366,""y"":468,""t"":2211},{""x"":389,""y"":533,""t"":2276},{""x"":367,""y"":587,""t"":2288},{""x"":417,""y"":620,""t"":2353},{""x"":438,""y"":631,""t"":2407},{""x"":405,""y"":628,""t"":2417},{""x"":369,""y"":642,""t"":2482},{""x"":357,""y"":655,""t"":2493},{""x"":378,""y"":661,""t"":2561},{""x"":413,""y"":666,""t"":2585},{""x"":437,""y"":653,""t"":2651},{""x"":464,""y"":645,""t"":2661},{""x"":509,""y"":608,""t"":2727},{""x"":568,""y"":613,""t"":2780},{""x"":623,""y"":615,""t"":2792},{""x"":665,""y"":645,""t"":2857},{""x"":911,""y"":690,""t"":2904},{""x"":1142,""y"":740,""t"":2926},{""x"":1331,""y"":800,""t"":2990},{""x"":1483,""y"":849,""t"":3001},{""x"":1564,""y"":858,""t"":3067},{""x"":1644,""y"":879,""t"":3121},{""x"":1711,""y"":880,""t"":3132},{""x"":1776,""y"":891,""t"":3197},{""x"":1767,""y"":867,""t"":3250},{""x"":1699,""y"":831,""t"":3265},{""x"":1518,""y"":782,""t"":3330},{""x"":1350,""y"":746,""t"":3342},{""x"":1233,""y"":712,""t"":3410},{""x"":1199,""y"":671,""t"":3461},{""x"":1182,""y"":643,""t"":3473},{""x"":1170,""y"":629,""t"":3539},{""x"":1187,""y"":666,""t"":3590},{""x"":1203,""y"":700,""t"":3605},{""x"":1221,""y"":656,""t"":3670},{""x"":1212,""y"":638,""t"":3680},{""x"":1049,""y"":657,""t"":3746},{""x"":957,""y"":674,""t"":3797},{""x"":846,""y"":698,""t"":3810},{""x"":746,""y"":733,""t"":3877},{""x"":646,""y"":706,""t"":3928},{""x"":567,""y"":683,""t"":3944},{""x"":560,""y"":690,""t"":4009},{""x"":553,""y"":697,""t"":4020},{""x"":549,""y"":723,""t"":4085},{""x"":524,""y"":692,""t"":4138},{""x"":538,""y"":687,""t"":4150},{""x"":467,""y"":645,""t"":4214},{""x"":419,""y"":586,""t"":4225},{""x"":383,""y"":577,""t"":4291},{""x"":425,""y"":543,""t"":4342},{""x"":477,""y"":518,""t"":4353},{""x"":527,""y"":537,""t"":4417},{""x"":567,""y"":535,""t"":4429},{""x"":673,""y"":540,""t"":4496},{""x"":788,""y"":592,""t"":4547},{""x"":890,""y"":632,""t"":4559},{""x"":952,""y"":681,""t"":4624},{""x"":992,""y"":719,""t"":4635},{""x"":1014,""y"":702,""t"":4701},{""x"":1059,""y"":699,""t"":4751},{""x"":1079,""y"":687,""t"":4762},{""x"":1081,""y"":651,""t"":4829},{""x"":1067,""y"":661,""t"":4882},{""x"":1051,""y"":669,""t"":4897},{""x"":1097,""y"":661,""t"":4960},{""x"":1135,""y"":654,""t"":4971},{""x"":1081,""y"":647,""t"":5038},{""x"":1047,""y"":661,""t"":5092},{""x"":1016,""y"":672,""t"":5104},{""x"":1029,""y"":718,""t"":5170},{""x"":1007,""y"":718,""t"":5221},{""x"":969,""y"":730,""t"":5237},{""x"":957,""y"":732,""t"":5301},{""x"":884,""y"":717,""t"":5313},{""x"":863,""y"":756,""t"":5378},{""x"":879,""y"":745,""t"":5428},{""x"":895,""y"":733,""t"":5440},{""x"":905,""y"":704,""t"":5509},{""x"":912,""y"":697,""t"":5561},{""x"":936,""y"":704,""t"":5577},{""x"":966,""y"":701,""t"":5642},{""x"":984,""y"":699,""t"":5653},{""x"":981,""y"":692,""t"":5718},{""x"":981,""y"":679,""t"":5773},{""x"":995,""y"":668,""t"":5785},{""x"":1008,""y"":660,""t"":5855},{""x"":974,""y"":660,""t"":5902},{""x"":1003,""y"":690,""t"":5917}]",1,0.0008770082394887462,0.9991229917605112,wa_dn_b-last,0
98-attributes,0,50,exp_113,0.0,514.0,0.49,0.22,4.2,7.9,higher_p,higher_m,0,1,attributes,1.0,True,2.058,1.738,0.3199999999999998,0.5866799156325714,0.5,0.5,0.6,0.4,0.0,1.0,higher_p,higher_m,True,"{""durations"":[1500,1000,1500,1000],""alternatives"":[""all"",""all"",""all"",""all""],""attributes"":[""p"",""m"",""p"",""m""]}","[{""x"":1193,""y"":810,""t"":-20},{""x"":1139,""y"":809,""t"":0},{""x"":1101,""y"":791,""t"":77},{""x"":1053,""y"":785,""t"":148},{""x"":1008,""y"":765,""t"":213},{""x"":1005,""y"":792,""t"":261},{""x"":1040,""y"":785,""t"":274},{""x"":1008,""y"":800,""t"":343},{""x"":889,""y"":800,""t"":409},{""x"":755,""y"":783,""t"":457},{""x"":654,""y"":791,""t"":477},{""x"":612,""y"":765,""t"":542},{""x"":581,""y"":742,""t"":553},{""x"":783,""y"":789,""t"":622},{""x"":950,""y"":801,""t"":673},{""x"":1122,""y"":862,""t"":684},{""x"":1249,""y"":908,""t"":750},{""x"":1364,""y"":918,""t"":802},{""x"":1505,""y"":923,""t"":816},{""x"":1572,""y"":916,""t"":883},{""x"":1620,""y"":908,""t"":895},{""x"":1680,""y"":895,""t"":960},{""x"":1682,""y"":861,""t"":1031},{""x"":1686,""y"":819,""t"":1056},{""x"":1727,""y"":794,""t"":1122},{""x"":1733,""y"":784,""t"":1134},{""x"":1672,""y"":747,""t"":1199},{""x"":1610,""y"":693,""t"":1250},{""x"":1594,""y"":682,""t"":1261},{""x"":1569,""y"":666,""t"":1329},{""x"":1543,""y"":637,""t"":1376},{""x"":1520,""y"":614,""t"":1396},{""x"":1533,""y"":593,""t"":1460},{""x"":1545,""y"":577,""t"":1472},{""x"":1570,""y"":608,""t"":1537},{""x"":1537,""y"":589,""t"":1586},{""x"":1509,""y"":574,""t"":1600},{""x"":1486,""y"":577,""t"":1665},{""x"":1455,""y"":603,""t"":1676},{""x"":1453,""y"":619,""t"":1741},{""x"":1469,""y"":612,""t"":1790},{""x"":1524,""y"":607,""t"":1803},{""x"":1500,""y"":585,""t"":1868},{""x"":1479,""y"":567,""t"":1881},{""x"":1425,""y"":524,""t"":1948},{""x"":1249,""y"":513,""t"":1995},{""x"":1105,""y"":518,""t"":2007},{""x"":1002,""y"":512,""t"":2073},{""x"":887,""y"":468,""t"":2084},{""x"":797,""y"":475,""t"":2151},{""x"":722,""y"":460,""t"":2217},{""x"":749,""y"":473,""t"":2264},{""x"":782,""y"":491,""t"":2278},{""x"":741,""y"":513,""t"":2344},{""x"":711,""y"":532,""t"":2355},{""x"":689,""y"":525,""t"":2422},{""x"":674,""y"":489,""t"":2468},{""x"":638,""y"":487,""t"":2483},{""x"":568,""y"":548,""t"":2548},{""x"":561,""y"":562,""t"":2560},{""x"":594,""y"":543,""t"":2628},{""x"":598,""y"":525,""t"":2653},{""x"":637,""y"":552,""t"":2719},{""x"":650,""y"":576,""t"":2730},{""x"":664,""y"":566,""t"":2796},{""x"":672,""y"":612,""t"":2849},{""x"":675,""y"":638,""t"":2861},{""x"":639,""y"":666,""t"":2926},{""x"":621,""y"":695,""t"":2978},{""x"":602,""y"":713,""t"":2993},{""x"":775,""y"":746,""t"":3075},{""x"":925,""y"":777,""t"":3095},{""x"":1111,""y"":807,""t"":3160},{""x"":1264,""y"":830,""t"":3170},{""x"":1387,""y"":867,""t"":3237},{""x"":1459,""y"":852,""t"":3287},{""x"":1510,""y"":836,""t"":3299},{""x"":1600,""y"":836,""t"":3364},{""x"":1697,""y"":828,""t"":3376},{""x"":1686,""y"":865,""t"":3440},{""x"":1526,""y"":840,""t"":3487},{""x"":1364,""y"":839,""t"":3503},{""x"":1300,""y"":827,""t"":3567},{""x"":1172,""y"":810,""t"":3578},{""x"":1121,""y"":785,""t"":3644},{""x"":973,""y"":773,""t"":3695},{""x"":858,""y"":768,""t"":3706},{""x"":802,""y"":777,""t"":3773},{""x"":761,""y"":784,""t"":3785},{""x"":676,""y"":747,""t"":3851},{""x"":549,""y"":718,""t"":3900},{""x"":451,""y"":734,""t"":3910},{""x"":422,""y"":741,""t"":3975},{""x"":385,""y"":750,""t"":3986},{""x"":391,""y"":737,""t"":4053},{""x"":468,""y"":718,""t"":4104},{""x"":538,""y"":710,""t"":4115},{""x"":806,""y"":709,""t"":4181},{""x"":1036,""y"":708,""t"":4192},{""x"":1197,""y"":666,""t"":4257},{""x"":1299,""y"":596,""t"":4307},{""x"":1380,""y"":536,""t"":4318},{""x"":1404,""y"":526,""t"":4382},{""x"":1421,""y"":552,""t"":4394},{""x"":1186,""y"":482,""t"":4459},{""x"":1066,""y"":434,""t"":4507},{""x"":963,""y"":395,""t"":4524},{""x"":886,""y"":320,""t"":4589},{""x"":822,""y"":261,""t"":4602},{""x"":712,""y"":267,""t"":4667},{""x"":658,""y"":249,""t"":4718},{""x"":616,""y"":237,""t"":4730},{""x"":573,""y"":305,""t"":4796},{""x"":582,""y"":388,""t"":4850},{""x"":586,""y"":478,""t"":4862},{""x"":558,""y"":565,""t"":4929},{""x"":537,""y"":637,""t"":4939},{""x"":559,""y"":686,""t"":5007},{""x"":556,""y"":737,""t"":5057},{""x"":586,""y"":787,""t"":5069},{""x"":613,""y"":797,""t"":5137},{""x"":610,""y"":800,""t"":5192},{""x"":608,""y"":799,""t"":5203},{""x"":596,""y"":813,""t"":5268},{""x"":587,""y"":823,""t"":5282},{""x"":723,""y"":845,""t"":5352},{""x"":838,""y"":861,""t"":5372},{""x"":916,""y"":840,""t"":5437},{""x"":990,""y"":830,""t"":5450},{""x"":1051,""y"":813,""t"":5528},{""x"":1098,""y"":797,""t"":5544},{""x"":1126,""y"":766,""t"":5614},{""x"":1112,""y"":752,""t"":5661},{""x"":1074,""y"":698,""t"":5680},{""x"":1048,""y"":688,""t"":5744},{""x"":1032,""y"":688,""t"":5755},{""x"":1058,""y"":722,""t"":5820},{""x"":1058,""y"":750,""t"":5869},{""x"":1057,""y"":774,""t"":5883},{""x"":1015,""y"":743,""t"":5948},{""x"":975,""y"":706,""t"":5960},{""x"":1052,""y"":746,""t"":6028}]",0,0.8122750414398116,0.18772495856018842,wa_dn_b-last,0
98-attributes,0,51,exp_9,0.0,483.5999999642372,0.7,0.29,1.7999999999999998,5.0,higher_p,higher_m,0,1,attributes,1.0,True,1.2599999999999998,1.45,-0.1900000000000001,0.0617557805929019,0.5,0.5,0.6,0.4,0.0,1.0,higher_p,higher_m,True,"{""durations"":[1500,1000,1500,1000],""alternatives"":[""all"",""all"",""all"",""all""],""attributes"":[""p"",""m"",""p"",""m""]}","[{""x"":941,""y"":782,""t"":-12},{""x"":880,""y"":752,""t"":0},{""x"":878,""y"":759,""t"":81},{""x"":863,""y"":737,""t"":144},{""x"":854,""y"":714,""t"":196},{""x"":860,""y"":684,""t"":206},{""x"":856,""y"":689,""t"":272},{""x"":838,""y"":692,""t"":327},{""x"":769,""y"":708,""t"":340},{""x"":686,""y"":702,""t"":407},{""x"":665,""y"":693,""t"":417},{""x"":630,""y"":704,""t"":484},{""x"":627,""y"":738,""t"":536},{""x"":628,""y"":767,""t"":547},{""x"":869,""y"":768,""t"":611},{""x"":1060,""y"":790,""t"":623},{""x"":1238,""y"":788,""t"":692},{""x"":1308,""y"":781,""t"":740},{""x"":1361,""y"":775,""t"":752},{""x"":1492,""y"":792,""t"":817},{""x"":1585,""y"":789,""t"":865},{""x"":1620,""y"":777,""t"":885},{""x"":1628,""y"":806,""t"":949},{""x"":1657,""y"":800,""t"":961},{""x"":1694,""y"":804,""t"":1031},{""x"":1641,""y"":821,""t"":1055},{""x"":1587,""y"":797,""t"":1119},{""x"":1523,""y"":789,""t"":1131},{""x"":1293,""y"":776,""t"":1197},{""x"":1106,""y"":767,""t"":1249},{""x"":949,""y"":760,""t"":1260},{""x"":869,""y"":785,""t"":1331},{""x"":975,""y"":807,""t"":1382},{""x"":1074,""y"":825,""t"":1396},{""x"":1180,""y"":876,""t"":1461},{""x"":1273,""y"":919,""t"":1472},{""x"":1338,""y"":901,""t"":1538},{""x"":1395,""y"":894,""t"":1591},{""x"":1440,""y"":882,""t"":1602},{""x"":1516,""y"":882,""t"":1668},{""x"":1485,""y"":828,""t"":1719},{""x"":1467,""y"":784,""t"":1735},{""x"":1313,""y"":730,""t"":1800},{""x"":1134,""y"":730,""t"":1812},{""x"":1017,""y"":652,""t"":1877},{""x"":891,""y"":656,""t"":1930},{""x"":810,""y"":616,""t"":1940},{""x"":710,""y"":575,""t"":2005},{""x"":631,""y"":549,""t"":2017},{""x"":549,""y"":475,""t"":2087},{""x"":494,""y"":467,""t"":2109},{""x"":482,""y"":412,""t"":2175},{""x"":480,""y"":369,""t"":2187},{""x"":664,""y"":371,""t"":2252},{""x"":911,""y"":364,""t"":2300},{""x"":1123,""y"":361,""t"":2313},{""x"":1235,""y"":392,""t"":2378},{""x"":1314,""y"":406,""t"":2389},{""x"":1422,""y"":429,""t"":2454},{""x"":1500,""y"":448,""t"":2507},{""x"":1557,""y"":476,""t"":2518},{""x"":1600,""y"":477,""t"":2582},{""x"":1629,""y"":478,""t"":2594},{""x"":1601,""y"":509,""t"":2663},{""x"":1599,""y"":553,""t"":2687},{""x"":1640,""y"":622,""t"":2757},{""x"":1651,""y"":688,""t"":2845},{""x"":1655,""y"":742,""t"":2856},{""x"":1660,""y"":751,""t"":2920},{""x"":1661,""y"":755,""t"":2932},{""x"":1440,""y"":792,""t"":2998},{""x"":1208,""y"":803,""t"":3049},{""x"":1034,""y"":797,""t"":3060},{""x"":896,""y"":826,""t"":3125},{""x"":685,""y"":808,""t"":3137},{""x"":515,""y"":801,""t"":3203},{""x"":492,""y"":825,""t"":3254},{""x"":446,""y"":799,""t"":3266},{""x"":405,""y"":773,""t"":3335},{""x"":408,""y"":686,""t"":3386},{""x"":432,""y"":606,""t"":3400},{""x"":385,""y"":559,""t"":3467},{""x"":347,""y"":510,""t"":3478},{""x"":349,""y"":453,""t"":3542},{""x"":385,""y"":463,""t"":3594},{""x"":421,""y"":442,""t"":3605},{""x"":446,""y"":390,""t"":3670},{""x"":470,""y"":349,""t"":3681},{""x"":500,""y"":313,""t"":3750},{""x"":527,""y"":287,""t"":3775},{""x"":543,""y"":283,""t"":3840},{""x"":557,""y"":283,""t"":3852},{""x"":540,""y"":273,""t"":3919},{""x"":531,""y"":279,""t"":3967},{""x"":524,""y"":286,""t"":3980},{""x"":537,""y"":299,""t"":4053},{""x"":555,""y"":315,""t"":4105},{""x"":570,""y"":331,""t"":4117},{""x"":545,""y"":314,""t"":4185},{""x"":579,""y"":338,""t"":4237},{""x"":579,""y"":355,""t"":4250},{""x"":611,""y"":400,""t"":4315},{""x"":637,""y"":439,""t"":4326},{""x"":600,""y"":433,""t"":4393},{""x"":777,""y"":489,""t"":4443},{""x"":927,""y"":536,""t"":4455},{""x"":1133,""y"":586,""t"":4519},{""x"":1302,""y"":626,""t"":4531},{""x"":1416,""y"":622,""t"":4597},{""x"":1489,""y"":611,""t"":4646},{""x"":1560,""y"":591,""t"":4658},{""x"":1561,""y"":615,""t"":4723},{""x"":1553,""y"":623,""t"":4735},{""x"":1347,""y"":611,""t"":4800},{""x"":1193,""y"":585,""t"":4853},{""x"":1060,""y"":562,""t"":4864},{""x"":940,""y"":540,""t"":4928},{""x"":847,""y"":518,""t"":4940},{""x"":709,""y"":505,""t"":5007},{""x"":635,""y"":480,""t"":5055},{""x"":557,""y"":453,""t"":5067},{""x"":529,""y"":478,""t"":5136},{""x"":565,""y"":527,""t"":5197},{""x"":596,""y"":546,""t"":5208},{""x"":573,""y"":507,""t"":5272},{""x"":559,""y"":523,""t"":5323},{""x"":552,""y"":540,""t"":5338},{""x"":633,""y"":540,""t"":5405},{""x"":712,""y"":536,""t"":5417},{""x"":791,""y"":562,""t"":5482},{""x"":837,""y"":592,""t"":5529},{""x"":874,""y"":617,""t"":5542},{""x"":861,""y"":666,""t"":5607},{""x"":848,""y"":707,""t"":5618},{""x"":870,""y"":710,""t"":5687},{""x"":920,""y"":750,""t"":5713},{""x"":917,""y"":800,""t"":5778},{""x"":911,""y"":840,""t"":5791},{""x"":848,""y"":802,""t"":5862},{""x"":792,""y"":768,""t"":5884},{""x"":808,""y"":746,""t"":5966},{""x"":822,""y"":728,""t"":5984},{""x"":886,""y"":757,""t"":6050},{""x"":942,""y"":756,""t"":6062}]",0,0.5403707588202314,0.4596292411797686,wa_dn_b-last,0
98-attributes,0,53,exp_117,0.0,316.5,0.49,0.22,4.2,7.9,higher_p,higher_m,0,1,attributes,1.0,True,2.058,1.738,0.3199999999999998,0.5866799156325714,0.5,0.5,0.4,0.6,1.0,0.0,higher_m,higher_p,True,"{""durations"":[1500,1000,1500,1000],""alternatives"":[""all"",""all"",""all"",""all""],""attributes"":[""m"",""p"",""m"",""p""]}","[{""x"":957,""y"":821,""t"":-14},{""x"":977,""y"":825,""t"":0},{""x"":978,""y"":802,""t"":85},{""x"":985,""y"":780,""t"":145},{""x"":978,""y"":770,""t"":194},{""x"":980,""y"":769,""t"":206},{""x"":1013,""y"":762,""t"":272},{""x"":1040,""y"":756,""t"":284},{""x"":998,""y"":719,""t"":351},{""x"":889,""y"":687,""t"":375},{""x"":822,""y"":689,""t"":441},{""x"":767,""y"":692,""t"":452},{""x"":719,""y"":628,""t"":518},{""x"":659,""y"":584,""t"":567},{""x"":611,""y"":548,""t"":579},{""x"":556,""y"":484,""t"":644},{""x"":514,""y"":432,""t"":655},{""x"":552,""y"":417,""t"":723},{""x"":807,""y"":470,""t"":772},{""x"":1017,""y"":479,""t"":785},{""x"":1181,""y"":493,""t"":853},{""x"":1287,""y"":474,""t"":903},{""x"":1369,""y"":459,""t"":919},{""x"":1468,""y"":465,""t"":985},{""x"":1540,""y"":481,""t"":996},{""x"":1592,""y"":446,""t"":1062},{""x"":1610,""y"":429,""t"":1111},{""x"":1658,""y"":439,""t"":1124},{""x"":1643,""y"":437,""t"":1189},{""x"":1638,""y"":430,""t"":1201},{""x"":1610,""y"":449,""t"":1267},{""x"":1597,""y"":487,""t"":1318},{""x"":1553,""y"":524,""t"":1331},{""x"":1515,""y"":566,""t"":1397},{""x"":1487,""y"":588,""t"":1451},{""x"":1462,""y"":606,""t"":1462},{""x"":1448,""y"":636,""t"":1526},{""x"":1450,""y"":660,""t"":1539},{""x"":1463,""y"":725,""t"":1605},{""x"":1467,""y"":717,""t"":1657},{""x"":1504,""y"":769,""t"":1668},{""x"":1496,""y"":761,""t"":1734},{""x"":1420,""y"":817,""t"":1786},{""x"":1369,""y"":831,""t"":1802},{""x"":1105,""y"":829,""t"":1867},{""x"":882,""y"":825,""t"":1878},{""x"":693,""y"":794,""t"":1945},{""x"":624,""y"":777,""t"":1992},{""x"":521,""y"":798,""t"":2007},{""x"":460,""y"":814,""t"":2072},{""x"":473,""y"":826,""t"":2082},{""x"":393,""y"":792,""t"":2150},{""x"":372,""y"":783,""t"":2201},{""x"":362,""y"":774,""t"":2212},{""x"":572,""y"":758,""t"":2278},{""x"":799,""y"":737,""t"":2291},{""x"":998,""y"":801,""t"":2357},{""x"":1168,""y"":799,""t"":2405},{""x"":1306,""y"":796,""t"":2417},{""x"":1371,""y"":749,""t"":2482},{""x"":1468,""y"":744,""t"":2530},{""x"":1542,""y"":740,""t"":2550},{""x"":1411,""y"":764,""t"":2617},{""x"":1284,""y"":775,""t"":2629},{""x"":1349,""y"":808,""t"":2694},{""x"":1399,""y"":785,""t"":2742},{""x"":1422,""y"":760,""t"":2756},{""x"":1454,""y"":766,""t"":2821},{""x"":1498,""y"":776,""t"":2833},{""x"":1491,""y"":742,""t"":2898},{""x"":1535,""y"":692,""t"":2947},{""x"":1592,""y"":651,""t"":2958},{""x"":1615,""y"":620,""t"":3024},{""x"":1647,""y"":586,""t"":3035},{""x"":1356,""y"":482,""t"":3101},{""x"":1122,""y"":457,""t"":3150},{""x"":972,""y"":402,""t"":3163},{""x"":777,""y"":346,""t"":3229},{""x"":662,""y"":293,""t"":3241},{""x"":593,""y"":286,""t"":3306},{""x"":485,""y"":227,""t"":3378},{""x"":404,""y"":186,""t"":3427},{""x"":372,""y"":157,""t"":3439},{""x"":351,""y"":176,""t"":3505},{""x"":359,""y"":257,""t"":3556},{""x"":360,""y"":337,""t"":3572},{""x"":376,""y"":418,""t"":3637},{""x"":396,""y"":488,""t"":3649},{""x"":495,""y"":586,""t"":3714},{""x"":520,""y"":640,""t"":3793},{""x"":524,""y"":668,""t"":3809},{""x"":582,""y"":727,""t"":3873},{""x"":636,""y"":774,""t"":3885},{""x"":655,""y"":793,""t"":3952},{""x"":636,""y"":776,""t"":4002},{""x"":668,""y"":811,""t"":4013},{""x"":661,""y"":799,""t"":4080},{""x"":709,""y"":805,""t"":4092},{""x"":637,""y"":772,""t"":4157},{""x"":617,""y"":766,""t"":4206},{""x"":600,""y"":759,""t"":4218},{""x"":591,""y"":743,""t"":4285},{""x"":552,""y"":744,""t"":4337},{""x"":506,""y"":749,""t"":4353},{""x"":546,""y"":740,""t"":4419},{""x"":565,""y"":715,""t"":4430},{""x"":837,""y"":725,""t"":4495},{""x"":1068,""y"":742,""t"":4548},{""x"":1241,""y"":741,""t"":4559},{""x"":1328,""y"":738,""t"":4625},{""x"":1436,""y"":751,""t"":4678},{""x"":1471,""y"":782,""t"":4694},{""x"":1585,""y"":805,""t"":4760},{""x"":1667,""y"":799,""t"":4772},{""x"":1703,""y"":747,""t"":4838},{""x"":1747,""y"":705,""t"":4887},{""x"":1761,""y"":673,""t"":4898},{""x"":1697,""y"":636,""t"":4963},{""x"":1636,""y"":606,""t"":4974},{""x"":1604,""y"":573,""t"":5039},{""x"":1591,""y"":601,""t"":5086},{""x"":1591,""y"":644,""t"":5101},{""x"":1516,""y"":673,""t"":5168},{""x"":1477,""y"":697,""t"":5181},{""x"":1449,""y"":754,""t"":5247},{""x"":1427,""y"":801,""t"":5271},{""x"":1354,""y"":849,""t"":5336},{""x"":1305,""y"":847,""t"":5348},{""x"":1223,""y"":829,""t"":5414},{""x"":1151,""y"":852,""t"":5467},{""x"":1094,""y"":870,""t"":5478},{""x"":1067,""y"":850,""t"":5544},{""x"":1012,""y"":853,""t"":5597},{""x"":970,""y"":855,""t"":5610},{""x"":993,""y"":845,""t"":5674},{""x"":1020,""y"":817,""t"":5686},{""x"":995,""y"":824,""t"":5751},{""x"":1008,""y"":804,""t"":5802},{""x"":1022,""y"":787,""t"":5816}]",0,0.8954113889198192,0.10458861108018079,wa_dn_b-last,0
98-attributes,0,58,exp_101,1.0,413.5,0.58,0.38,4.9,6.9,higher_p,higher_m,0,1,attributes,1.0,True,2.842,2.6220000000000003,0.2199999999999997,0.4837536146444008,0.5,0.5,0.4,0.6,1.0,0.0,higher_m,higher_p,False,"{""durations"":[1500,1000,1500,1000],""alternatives"":[""all"",""all"",""all"",""all""],""attributes"":[""m"",""p"",""m"",""p""]}","[{""x"":1018,""y"":789,""t"":-11},{""x"":961,""y"":770,""t"":0},{""x"":984,""y"":797,""t"":88},{""x"":956,""y"":805,""t"":106},{""x"":952,""y"":793,""t"":196},{""x"":973,""y"":789,""t"":208},{""x"":992,""y"":766,""t"":273},{""x"":859,""y"":659,""t"":321},{""x"":747,""y"":575,""t"":341},{""x"":691,""y"":562,""t"":407},{""x"":647,""y"":553,""t"":418},{""x"":569,""y"":509,""t"":483},{""x"":734,""y"":508,""t"":530},{""x"":886,""y"":502,""t"":545},{""x"":1083,""y"":503,""t"":609},{""x"":1248,""y"":516,""t"":620},{""x"":1340,""y"":452,""t"":685},{""x"":1412,""y"":480,""t"":736},{""x"":1511,""y"":474,""t"":749},{""x"":1516,""y"":430,""t"":813},{""x"":1512,""y"":394,""t"":824},{""x"":1281,""y"":353,""t"":891},{""x"":997,""y"":279,""t"":949},{""x"":755,""y"":218,""t"":959},{""x"":603,""y"":198,""t"":1025},{""x"":550,""y"":238,""t"":1077},{""x"":428,""y"":231,""t"":1089},{""x"":358,""y"":252,""t"":1154},{""x"":307,""y"":273,""t"":1166},{""x"":284,""y"":302,""t"":1230},{""x"":325,""y"":337,""t"":1281},{""x"":416,""y"":364,""t"":1293},{""x"":419,""y"":423,""t"":1357},{""x"":461,""y"":456,""t"":1370},{""x"":513,""y"":486,""t"":1436},{""x"":561,""y"":537,""t"":1487},{""x"":612,""y"":562,""t"":1498},{""x"":652,""y"":597,""t"":1572},{""x"":624,""y"":623,""t"":1620},{""x"":659,""y"":631,""t"":1633},{""x"":661,""y"":647,""t"":1698},{""x"":691,""y"":656,""t"":1709},{""x"":702,""y"":653,""t"":1773},{""x"":678,""y"":642,""t"":1825},{""x"":622,""y"":603,""t"":1837},{""x"":603,""y"":607,""t"":1901},{""x"":553,""y"":604,""t"":1913},{""x"":813,""y"":622,""t"":1985},{""x"":1040,""y"":683,""t"":2007},{""x"":1190,""y"":693,""t"":2071},{""x"":1311,""y"":713,""t"":2082},{""x"":1438,""y"":766,""t"":2148},{""x"":1462,""y"":758,""t"":2198},{""x"":1528,""y"":757,""t"":2211},{""x"":1638,""y"":733,""t"":2278},{""x"":1745,""y"":710,""t"":2289},{""x"":1745,""y"":772,""t"":2355},{""x"":1651,""y"":807,""t"":2406},{""x"":1570,""y"":832,""t"":2417},{""x"":1399,""y"":781,""t"":2485},{""x"":1246,""y"":754,""t"":2533},{""x"":1159,""y"":739,""t"":2551},{""x"":1060,""y"":708,""t"":2616},{""x"":980,""y"":681,""t"":2629},{""x"":796,""y"":638,""t"":2694},{""x"":773,""y"":614,""t"":2744},{""x"":760,""y"":596,""t"":2755},{""x"":671,""y"":532,""t"":2819},{""x"":620,""y"":488,""t"":2831},{""x"":528,""y"":423,""t"":2895},{""x"":542,""y"":371,""t"":2948},{""x"":581,""y"":327,""t"":2959},{""x"":616,""y"":264,""t"":3024},{""x"":601,""y"":239,""t"":3035},{""x"":681,""y"":246,""t"":3103},{""x"":687,""y"":241,""t"":3152},{""x"":654,""y"":225,""t"":3163},{""x"":650,""y"":202,""t"":3229},{""x"":613,""y"":192,""t"":3240},{""x"":709,""y"":247,""t"":3305},{""x"":928,""y"":266,""t"":3354},{""x"":1123,""y"":290,""t"":3366},{""x"":1263,""y"":323,""t"":3433},{""x"":1377,""y"":351,""t"":3445},{""x"":1441,""y"":371,""t"":3511},{""x"":1377,""y"":388,""t"":3559},{""x"":1313,""y"":395,""t"":3572},{""x"":1147,""y"":353,""t"":3638},{""x"":1023,""y"":322,""t"":3649},{""x"":847,""y"":276,""t"":3714},{""x"":754,""y"":236,""t"":3763},{""x"":732,""y"":218,""t"":3776},{""x"":695,""y"":211,""t"":3841},{""x"":654,""y"":205,""t"":3852},{""x"":644,""y"":183,""t"":3918},{""x"":628,""y"":156,""t"":3984},{""x"":641,""y"":347,""t"":4036},{""x"":656,""y"":512,""t"":4048},{""x"":655,""y"":624,""t"":4117},{""x"":659,""y"":685,""t"":4164},{""x"":679,""y"":706,""t"":4201},{""x"":672,""y"":719,""t"":4239},{""x"":599,""y"":760,""t"":4278},{""x"":531,""y"":803,""t"":4317},{""x"":512,""y"":790,""t"":4357},{""x"":514,""y"":808,""t"":4421},{""x"":514,""y"":772,""t"":4496},{""x"":568,""y"":768,""t"":4544},{""x"":590,""y"":755,""t"":4557},{""x"":544,""y"":766,""t"":4625},{""x"":496,""y"":762,""t"":4677},{""x"":473,""y"":739,""t"":4694},{""x"":440,""y"":727,""t"":4757},{""x"":452,""y"":702,""t"":4768},{""x"":468,""y"":661,""t"":4834},{""x"":635,""y"":670,""t"":4880},{""x"":820,""y"":680,""t"":4897},{""x"":1097,""y"":723,""t"":4961},{""x"":1328,""y"":752,""t"":4974},{""x"":1478,""y"":782,""t"":5039},{""x"":1586,""y"":804,""t"":5089},{""x"":1671,""y"":843,""t"":5100},{""x"":1794,""y"":845,""t"":5165},{""x"":1849,""y"":819,""t"":5177},{""x"":1788,""y"":825,""t"":5242},{""x"":1766,""y"":787,""t"":5295},{""x"":1729,""y"":769,""t"":5306},{""x"":1624,""y"":709,""t"":5370},{""x"":1508,""y"":703,""t"":5382},{""x"":1393,""y"":677,""t"":5446},{""x"":1260,""y"":648,""t"":5495},{""x"":1185,""y"":636,""t"":5508},{""x"":1150,""y"":624,""t"":5573},{""x"":1117,""y"":624,""t"":5584},{""x"":1129,""y"":667,""t"":5650},{""x"":1127,""y"":668,""t"":5701},{""x"":1078,""y"":659,""t"":5712},{""x"":1069,""y"":689,""t"":5777},{""x"":1039,""y"":703,""t"":5788},{""x"":1010,""y"":715,""t"":5854},{""x"":1018,""y"":717,""t"":5907},{""x"":1028,""y"":718,""t"":5917}]",0,0.787455767620846,0.21254423237915387,wa_dn_b-last,0
98-attributes,0,59,exp_19,1.0,588.4000000357628,0.28,0.17,4.3,8.3,higher_p,higher_m,0,1,attributes,1.0,True,1.204,1.4110000000000005,-0.2070000000000003,0.0442583094249128,0.5,0.5,0.6,0.4,0.0,0.0,higher_p,higher_p,False,"{""durations"":[1000,1500,1000,1500],""alternatives"":[""all"",""all"",""all"",""all""],""attributes"":[""m"",""p"",""m"",""p""]}","[{""x"":1029,""y"":832,""t"":-12},{""x"":1007,""y"":823,""t"":0},{""x"":1013,""y"":813,""t"":84},{""x"":1031,""y"":769,""t"":145},{""x"":1041,""y"":772,""t"":193},{""x"":1049,""y"":776,""t"":204},{""x"":950,""y"":680,""t"":270},{""x"":856,""y"":641,""t"":281},{""x"":786,""y"":579,""t"":347},{""x"":693,""y"":507,""t"":398},{""x"":702,""y"":471,""t"":411},{""x"":672,""y"":419,""t"":488},{""x"":643,""y"":357,""t"":511},{""x"":576,""y"":234,""t"":577},{""x"":523,""y"":134,""t"":589},{""x"":705,""y"":149,""t"":654},{""x"":927,""y"":249,""t"":715},{""x"":1104,""y"":310,""t"":767},{""x"":1242,""y"":350,""t"":782},{""x"":1334,""y"":374,""t"":848},{""x"":1406,""y"":395,""t"":859},{""x"":1446,""y"":404,""t"":924},{""x"":1406,""y"":467,""t"":973},{""x"":1388,""y"":505,""t"":987},{""x"":1306,""y"":544,""t"":1053},{""x"":1234,""y"":576,""t"":1064},{""x"":1143,""y"":586,""t"":1130},{""x"":995,""y"":609,""t"":1181},{""x"":870,""y"":626,""t"":1191},{""x"":707,""y"":627,""t"":1256},{""x"":615,""y"":629,""t"":1268},{""x"":478,""y"":646,""t"":1336},{""x"":354,""y"":627,""t"":1361},{""x"":368,""y"":618,""t"":1425},{""x"":398,""y"":624,""t"":1436},{""x"":699,""y"":665,""t"":1501},{""x"":888,""y"":682,""t"":1550},{""x"":1090,""y"":713,""t"":1565},{""x"":1235,""y"":715,""t"":1631},{""x"":1313,""y"":718,""t"":1643},{""x"":1419,""y"":745,""t"":1706},{""x"":1528,""y"":748,""t"":1757},{""x"":1571,""y"":749,""t"":1769},{""x"":1432,""y"":741,""t"":1834},{""x"":1304,""y"":734,""t"":1845},{""x"":1092,""y"":710,""t"":1911},{""x"":935,""y"":679,""t"":1959},{""x"":805,""y"":652,""t"":1973},{""x"":711,""y"":669,""t"":2037},{""x"":600,""y"":623,""t"":2049},{""x"":515,""y"":587,""t"":2116},{""x"":531,""y"":570,""t"":2167},{""x"":553,""y"":558,""t"":2177},{""x"":750,""y"":605,""t"":2241},{""x"":902,""y"":653,""t"":2252},{""x"":1096,""y"":671,""t"":2317},{""x"":1245,""y"":693,""t"":2369},{""x"":1365,""y"":710,""t"":2381},{""x"":1470,""y"":718,""t"":2446},{""x"":1554,""y"":697,""t"":2457},{""x"":1606,""y"":735,""t"":2522},{""x"":1661,""y"":689,""t"":2573},{""x"":1717,""y"":630,""t"":2585},{""x"":1691,""y"":578,""t"":2654},{""x"":1703,""y"":545,""t"":2706},{""x"":1706,""y"":519,""t"":2721},{""x"":1693,""y"":507,""t"":2785},{""x"":1682,""y"":467,""t"":2795},{""x"":1647,""y"":423,""t"":2861},{""x"":1650,""y"":435,""t"":2910},{""x"":1611,""y"":464,""t"":2925},{""x"":1264,""y"":361,""t"":2988},{""x"":1082,""y"":321,""t"":2999},{""x"":885,""y"":286,""t"":3064},{""x"":693,""y"":262,""t"":3116},{""x"":539,""y"":246,""t"":3128},{""x"":460,""y"":309,""t"":3195},{""x"":486,""y"":375,""t"":3206},{""x"":565,""y"":438,""t"":3272},{""x"":568,""y"":430,""t"":3320},{""x"":624,""y"":475,""t"":3332},{""x"":624,""y"":515,""t"":3397},{""x"":611,""y"":542,""t"":3409},{""x"":653,""y"":629,""t"":3475},{""x"":681,""y"":725,""t"":3526},{""x"":711,""y"":798,""t"":3538},{""x"":735,""y"":837,""t"":3606},{""x"":822,""y"":889,""t"":3658},{""x"":878,""y"":925,""t"":3674},{""x"":951,""y"":952,""t"":3739},{""x"":1010,""y"":971,""t"":3750},{""x"":1019,""y"":987,""t"":3815},{""x"":985,""y"":911,""t"":3867},{""x"":987,""y"":873,""t"":3878},{""x"":927,""y"":804,""t"":3943},{""x"":862,""y"":734,""t"":3957},{""x"":826,""y"":674,""t"":4022},{""x"":803,""y"":622,""t"":4071},{""x"":736,""y"":562,""t"":4082},{""x"":721,""y"":557,""t"":4152},{""x"":709,""y"":572,""t"":4204},{""x"":701,""y"":587,""t"":4218},{""x"":779,""y"":658,""t"":4283},{""x"":822,""y"":718,""t"":4294},{""x"":803,""y"":728,""t"":4360},{""x"":806,""y"":755,""t"":4411},{""x"":798,""y"":771,""t"":4423},{""x"":764,""y"":767,""t"":4489},{""x"":724,""y"":767,""t"":4537},{""x"":690,""y"":766,""t"":4556},{""x"":680,""y"":765,""t"":4621},{""x"":660,""y"":751,""t"":4633},{""x"":643,""y"":756,""t"":4697},{""x"":873,""y"":776,""t"":4748},{""x"":1037,""y"":770,""t"":4761},{""x"":1225,""y"":779,""t"":4826},{""x"":1356,""y"":807,""t"":4837},{""x"":1430,""y"":817,""t"":4903},{""x"":1530,""y"":851,""t"":4951},{""x"":1590,""y"":854,""t"":4965},{""x"":1619,""y"":875,""t"":5031},{""x"":1614,""y"":891,""t"":5041},{""x"":1618,""y"":900,""t"":5109},{""x"":1623,""y"":922,""t"":5134},{""x"":1649,""y"":929,""t"":5212},{""x"":1522,""y"":880,""t"":5270},{""x"":1427,""y"":811,""t"":5282},{""x"":1344,""y"":763,""t"":5347},{""x"":1216,""y"":732,""t"":5398},{""x"":1177,""y"":698,""t"":5409},{""x"":1170,""y"":710,""t"":5474},{""x"":1167,""y"":723,""t"":5484},{""x"":1051,""y"":710,""t"":5552},{""x"":922,""y"":670,""t"":5577},{""x"":803,""y"":657,""t"":5642},{""x"":706,""y"":635,""t"":5655},{""x"":639,""y"":605,""t"":5729},{""x"":591,""y"":581,""t"":5747},{""x"":538,""y"":566,""t"":5811},{""x"":501,""y"":555,""t"":5823},{""x"":439,""y"":529,""t"":5888},{""x"":510,""y"":526,""t"":5936},{""x"":577,""y"":525,""t"":5952},{""x"":594,""y"":528,""t"":6017},{""x"":616,""y"":537,""t"":6028},{""x"":772,""y"":598,""t"":6092},{""x"":905,""y"":651,""t"":6121}]",1,0.5537183128487327,0.4462816871512672,wa_dn_b-last,0
98-attributes,0,60,catch_7,1.0,328.0,0.28,0.48,2.1,5.2,dominated,dominant,1,1,attributes,1.0,True,0.5880000000000001,2.496,-1.908,-1.706518070383866,0.5,0.5,0.5,0.5,,1.0,,dominant,True,"{""durations"":[1250,1250,1250,1250],""attributes"":[""p"",""m"",""p"",""m""],""alternatives"":[""all"",""all"",""all"",""all""]}","[{""x"":907,""y"":747,""t"":-12},{""x"":869,""y"":750,""t"":0},{""x"":870,""y"":703,""t"":74},{""x"":916,""y"":692,""t"":140},{""x"":934,""y"":699,""t"":189},{""x"":969,""y"":700,""t"":204},{""x"":967,""y"":696,""t"":269},{""x"":961,""y"":699,""t"":280},{""x"":962,""y"":740,""t"":346},{""x"":857,""y"":714,""t"":400},{""x"":768,""y"":690,""t"":412},{""x"":699,""y"":698,""t"":478},{""x"":652,""y"":689,""t"":529},{""x"":615,""y"":682,""t"":545},{""x"":839,""y"":691,""t"":610},{""x"":1005,""y"":719,""t"":622},{""x"":1184,""y"":752,""t"":689},{""x"":1300,""y"":775,""t"":742},{""x"":1401,""y"":810,""t"":753},{""x"":1505,""y"":837,""t"":822},{""x"":1602,""y"":861,""t"":872},{""x"":1677,""y"":880,""t"":886},{""x"":1488,""y"":837,""t"":951},{""x"":1366,""y"":805,""t"":987},{""x"":1181,""y"":815,""t"":1052},{""x"":989,""y"":769,""t"":1064},{""x"":835,""y"":747,""t"":1129},{""x"":764,""y"":753,""t"":1181},{""x"":711,""y"":758,""t"":1192},{""x"":882,""y"":759,""t"":1257},{""x"":1047,""y"":766,""t"":1268},{""x"":1242,""y"":770,""t"":1335},{""x"":1330,""y"":790,""t"":1388},{""x"":1444,""y"":820,""t"":1398},{""x"":1519,""y"":740,""t"":1464},{""x"":1550,""y"":664,""t"":1512},{""x"":1594,""y"":607,""t"":1530},{""x"":1627,""y"":550,""t"":1594},{""x"":1633,""y"":482,""t"":1605},{""x"":1598,""y"":444,""t"":1672},{""x"":1417,""y"":444,""t"":1724},{""x"":1301,""y"":450,""t"":1737},{""x"":1068,""y"":422,""t"":1805},{""x"":840,""y"":366,""t"":1854},{""x"":653,""y"":322,""t"":1870},{""x"":507,""y"":265,""t"":1935},{""x"":414,""y"":260,""t"":1949},{""x"":325,""y"":194,""t"":2014},{""x"":301,""y"":255,""t"":2065},{""x"":291,""y"":311,""t"":2076},{""x"":263,""y"":281,""t"":2141},{""x"":271,""y"":311,""t"":2152},{""x"":401,""y"":394,""t"":2219},{""x"":503,""y"":443,""t"":2268},{""x"":594,""y"":484,""t"":2279},{""x"":680,""y"":528,""t"":2344},{""x"":761,""y"":567,""t"":2356},{""x"":788,""y"":636,""t"":2421},{""x"":786,""y"":675,""t"":2472},{""x"":781,""y"":704,""t"":2483},{""x"":771,""y"":782,""t"":2549},{""x"":794,""y"":783,""t"":2562},{""x"":781,""y"":778,""t"":2628},{""x"":768,""y"":769,""t"":2653},{""x"":798,""y"":785,""t"":2717},{""x"":783,""y"":796,""t"":2727},{""x"":744,""y"":803,""t"":2795},{""x"":996,""y"":841,""t"":2845},{""x"":1188,""y"":779,""t"":2856},{""x"":1322,""y"":824,""t"":2921},{""x"":1448,""y"":852,""t"":2932},{""x"":1605,""y"":863,""t"":2999},{""x"":1601,""y"":849,""t"":3050},{""x"":1579,""y"":823,""t"":3062},{""x"":1450,""y"":794,""t"":3126},{""x"":1314,""y"":785,""t"":3137},{""x"":1256,""y"":805,""t"":3203},{""x"":1142,""y"":807,""t"":3253},{""x"":1055,""y"":819,""t"":3266},{""x"":952,""y"":802,""t"":3330},{""x"":873,""y"":796,""t"":3342},{""x"":868,""y"":820,""t"":3407},{""x"":872,""y"":851,""t"":3455},{""x"":880,""y"":878,""t"":3468},{""x"":879,""y"":858,""t"":3536},{""x"":894,""y"":847,""t"":3547},{""x"":858,""y"":832,""t"":3613},{""x"":863,""y"":844,""t"":3662},{""x"":870,""y"":854,""t"":3672},{""x"":866,""y"":830,""t"":3737},{""x"":884,""y"":855,""t"":3751},{""x"":889,""y"":853,""t"":3817},{""x"":1003,""y"":815,""t"":3869},{""x"":1100,""y"":773,""t"":3880},{""x"":1232,""y"":796,""t"":3945},{""x"":1247,""y"":757,""t"":3992},{""x"":1256,""y"":724,""t"":4013},{""x"":1290,""y"":683,""t"":4079},{""x"":1331,""y"":703,""t"":4090},{""x"":1338,""y"":705,""t"":4155},{""x"":1444,""y"":679,""t"":4202},{""x"":1530,""y"":657,""t"":4217},{""x"":1542,""y"":684,""t"":4281},{""x"":1597,""y"":690,""t"":4293},{""x"":1393,""y"":619,""t"":4359},{""x"":1214,""y"":561,""t"":4409},{""x"":1062,""y"":512,""t"":4420},{""x"":868,""y"":463,""t"":4486},{""x"":734,""y"":417,""t"":4496},{""x"":660,""y"":391,""t"":4567},{""x"":570,""y"":412,""t"":4616},{""x"":501,""y"":433,""t"":4626},{""x"":523,""y"":438,""t"":4690},{""x"":549,""y"":444,""t"":4702},{""x"":548,""y"":460,""t"":4768},{""x"":557,""y"":458,""t"":4818},{""x"":569,""y"":456,""t"":4830},{""x"":613,""y"":446,""t"":4894},{""x"":634,""y"":440,""t"":4904},{""x"":581,""y"":430,""t"":4970},{""x"":584,""y"":437,""t"":5023},{""x"":581,""y"":440,""t"":5036},{""x"":656,""y"":477,""t"":5100},{""x"":722,""y"":508,""t"":5111},{""x"":743,""y"":531,""t"":5181},{""x"":777,""y"":552,""t"":5231},{""x"":784,""y"":563,""t"":5242},{""x"":783,""y"":538,""t"":5305},{""x"":834,""y"":531,""t"":5357},{""x"":877,""y"":525,""t"":5373},{""x"":939,""y"":538,""t"":5439},{""x"":963,""y"":583,""t"":5450},{""x"":1010,""y"":607,""t"":5515},{""x"":990,""y"":638,""t"":5566},{""x"":969,""y"":663,""t"":5577},{""x"":982,""y"":701,""t"":5643},{""x"":983,""y"":737,""t"":5654},{""x"":1049,""y"":732,""t"":5720},{""x"":1111,""y"":719,""t"":5768},{""x"":1177,""y"":714,""t"":5781},{""x"":1241,""y"":717,""t"":5846},{""x"":1292,""y"":719,""t"":5858}]",1,0.00023377102196598293,0.9997662289780341,wa_dn_b-last,0
98-attributes,0,61,exp_23,1.0,611.0999999642372,0.28,0.17,4.3,8.3,higher_p,higher_m,0,1,attributes,1.0,True,1.204,1.4110000000000005,-0.2070000000000003,0.0442583094249128,0.5,0.5,0.4,0.6,1.0,1.0,higher_m,higher_m,False,"{""durations"":[1000,1500,1000,1500],""alternatives"":[""all"",""all"",""all"",""all""],""attributes"":[""p"",""m"",""p"",""m""]}","[{""x"":947,""y"":701,""t"":-20},{""x"":942,""y"":686,""t"":0},{""x"":997,""y"":700,""t"":103},{""x"":972,""y"":691,""t"":162},{""x"":951,""y"":683,""t"":173},{""x"":949,""y"":675,""t"":239},{""x"":959,""y"":677,""t"":291},{""x"":960,""y"":682,""t"":306},{""x"":826,""y"":651,""t"":372},{""x"":707,""y"":633,""t"":382},{""x"":673,""y"":653,""t"":448},{""x"":596,""y"":649,""t"":496},{""x"":555,""y"":648,""t"":511},{""x"":486,""y"":672,""t"":576},{""x"":514,""y"":683,""t"":586},{""x"":554,""y"":695,""t"":653},{""x"":797,""y"":734,""t"":704},{""x"":1006,""y"":767,""t"":716},{""x"":1201,""y"":826,""t"":782},{""x"":1349,""y"":862,""t"":792},{""x"":1422,""y"":864,""t"":858},{""x"":1498,""y"":883,""t"":907},{""x"":1551,""y"":887,""t"":920},{""x"":1609,""y"":854,""t"":984},{""x"":1672,""y"":848,""t"":996},{""x"":1730,""y"":850,""t"":1063},{""x"":1783,""y"":855,""t"":1115},{""x"":1826,""y"":868,""t"":1126},{""x"":1785,""y"":801,""t"":1191},{""x"":1806,""y"":821,""t"":1243},{""x"":1820,""y"":838,""t"":1260},{""x"":1829,""y"":843,""t"":1326},{""x"":1826,""y"":840,""t"":1339},{""x"":1833,""y"":775,""t"":1404},{""x"":1837,""y"":720,""t"":1428},{""x"":1808,""y"":700,""t"":1493},{""x"":1781,""y"":684,""t"":1504},{""x"":1529,""y"":657,""t"":1569},{""x"":1324,""y"":612,""t"":1620},{""x"":1154,""y"":575,""t"":1634},{""x"":987,""y"":520,""t"":1698},{""x"":781,""y"":456,""t"":1717},{""x"":652,""y"":380,""t"":1761},{""x"":508,""y"":416,""t"":1807},{""x"":387,""y"":355,""t"":1874},{""x"":538,""y"":424,""t"":1938},{""x"":723,""y"":522,""t"":2011},{""x"":879,""y"":632,""t"":2060},{""x"":1016,""y"":725,""t"":2075},{""x"":1201,""y"":757,""t"":2138},{""x"":1344,""y"":777,""t"":2150},{""x"":1450,""y"":747,""t"":2218},{""x"":1555,""y"":750,""t"":2271},{""x"":1609,""y"":728,""t"":2282},{""x"":1670,""y"":730,""t"":2348},{""x"":1683,""y"":695,""t"":2400},{""x"":1738,""y"":657,""t"":2415},{""x"":1751,""y"":679,""t"":2479},{""x"":1696,""y"":683,""t"":2490},{""x"":1694,""y"":686,""t"":2556},{""x"":1692,""y"":688,""t"":2605},{""x"":1710,""y"":682,""t"":2619},{""x"":1682,""y"":681,""t"":2684},{""x"":1612,""y"":682,""t"":2696},{""x"":1602,""y"":713,""t"":2763},{""x"":1591,""y"":693,""t"":2788},{""x"":1547,""y"":716,""t"":2853},{""x"":1469,""y"":721,""t"":2864},{""x"":1489,""y"":704,""t"":2930},{""x"":1505,""y"":707,""t"":2978},{""x"":1521,""y"":710,""t"":2994},{""x"":1384,""y"":718,""t"":3059},{""x"":1248,""y"":728,""t"":3071},{""x"":1054,""y"":716,""t"":3136},{""x"":879,""y"":714,""t"":3185},{""x"":777,""y"":676,""t"":3197},{""x"":694,""y"":672,""t"":3262},{""x"":632,""y"":669,""t"":3274},{""x"":566,""y"":670,""t"":3345},{""x"":519,""y"":686,""t"":3367},{""x"":578,""y"":669,""t"":3451},{""x"":637,""y"":655,""t"":3470},{""x"":733,""y"":676,""t"":3535},{""x"":742,""y"":657,""t"":3545},{""x"":721,""y"":636,""t"":3613},{""x"":728,""y"":620,""t"":3663},{""x"":735,""y"":608,""t"":3675},{""x"":732,""y"":581,""t"":3741},{""x"":620,""y"":556,""t"":3794},{""x"":526,""y"":536,""t"":3809},{""x"":494,""y"":512,""t"":3873},{""x"":455,""y"":502,""t"":3884},{""x"":454,""y"":447,""t"":3951},{""x"":631,""y"":423,""t"":4001},{""x"":799,""y"":401,""t"":4013},{""x"":1009,""y"":385,""t"":4078},{""x"":1163,""y"":378,""t"":4089},{""x"":1307,""y"":404,""t"":4155},{""x"":1420,""y"":389,""t"":4209},{""x"":1518,""y"":393,""t"":4219},{""x"":1532,""y"":389,""t"":4285},{""x"":1511,""y"":389,""t"":4339},{""x"":1484,""y"":390,""t"":4353},{""x"":1504,""y"":377,""t"":4419},{""x"":1522,""y"":360,""t"":4456},{""x"":1490,""y"":414,""t"":4522},{""x"":1459,""y"":461,""t"":4532},{""x"":1486,""y"":517,""t"":4598},{""x"":1472,""y"":558,""t"":4650},{""x"":1458,""y"":591,""t"":4660},{""x"":1455,""y"":624,""t"":4725},{""x"":1477,""y"":646,""t"":4736},{""x"":1480,""y"":660,""t"":4802},{""x"":1515,""y"":701,""t"":4851},{""x"":1544,""y"":734,""t"":4862},{""x"":1518,""y"":715,""t"":4927},{""x"":1547,""y"":728,""t"":4937},{""x"":1510,""y"":743,""t"":5004},{""x"":1256,""y"":746,""t"":5053},{""x"":1148,""y"":761,""t"":5067},{""x"":951,""y"":742,""t"":5131},{""x"":797,""y"":727,""t"":5143},{""x"":745,""y"":715,""t"":5210},{""x"":572,""y"":719,""t"":5263},{""x"":433,""y"":721,""t"":5274},{""x"":438,""y"":717,""t"":5341},{""x"":429,""y"":724,""t"":5390},{""x"":458,""y"":717,""t"":5408},{""x"":582,""y"":670,""t"":5473},{""x"":681,""y"":617,""t"":5485},{""x"":738,""y"":591,""t"":5549},{""x"":811,""y"":564,""t"":5597},{""x"":874,""y"":542,""t"":5611},{""x"":937,""y"":515,""t"":5677},{""x"":991,""y"":478,""t"":5688},{""x"":1000,""y"":478,""t"":5753},{""x"":1041,""y"":452,""t"":5805},{""x"":1105,""y"":445,""t"":5819},{""x"":1099,""y"":454,""t"":5883},{""x"":1115,""y"":452,""t"":5937},{""x"":1146,""y"":478,""t"":5950},{""x"":1134,""y"":490,""t"":6014},{""x"":1137,""y"":498,""t"":6026},{""x"":1079,""y"":507,""t"":6090},{""x"":1008,""y"":584,""t"":6139},{""x"":931,""y"":598,""t"":6155},{""x"":956,""y"":623,""t"":6219},{""x"":1025,""y"":660,""t"":6231}]",0,0.38540193067424977,0.6145980693257501,wa_dn_b-last,0
98-attributes,0,65,exp_29,0.0,550.7000000476837,0.3,0.17,2.0,3.0,higher_p,higher_m,0,1,attributes,1.0,True,0.6,0.51,0.0899999999999999,0.3499494233597794,0.5,0.5,0.4,0.6,1.0,0.0,higher_m,higher_p,True,"{""durations"":[1500,1000,1500,1000],""alternatives"":[""all"",""all"",""all"",""all""],""attributes"":[""m"",""p"",""m"",""p""]}","[{""x"":1050,""y"":784,""t"":-12},{""x"":1004,""y"":765,""t"":0},{""x"":1032,""y"":782,""t"":70},{""x"":1078,""y"":795,""t"":139},{""x"":1129,""y"":809,""t"":172},{""x"":1113,""y"":808,""t"":238},{""x"":1063,""y"":812,""t"":290},{""x"":1043,""y"":788,""t"":308},{""x"":878,""y"":690,""t"":374},{""x"":775,""y"":664,""t"":422},{""x"":671,""y"":588,""t"":470},{""x"":586,""y"":526,""t"":481},{""x"":563,""y"":475,""t"":551},{""x"":594,""y"":491,""t"":602},{""x"":600,""y"":508,""t"":614},{""x"":758,""y"":491,""t"":679},{""x"":897,""y"":478,""t"":692},{""x"":1039,""y"":440,""t"":759},{""x"":1167,""y"":429,""t"":807},{""x"":1256,""y"":426,""t"":819},{""x"":1366,""y"":449,""t"":884},{""x"":1471,""y"":473,""t"":895},{""x"":1465,""y"":462,""t"":961},{""x"":1512,""y"":473,""t"":1009},{""x"":1606,""y"":452,""t"":1020},{""x"":1644,""y"":550,""t"":1087},{""x"":1641,""y"":631,""t"":1098},{""x"":1622,""y"":660,""t"":1166},{""x"":1646,""y"":688,""t"":1216},{""x"":1661,""y"":710,""t"":1227},{""x"":1690,""y"":752,""t"":1292},{""x"":1711,""y"":785,""t"":1304},{""x"":1633,""y"":765,""t"":1371},{""x"":1630,""y"":740,""t"":1419},{""x"":1602,""y"":715,""t"":1430},{""x"":1561,""y"":696,""t"":1495},{""x"":1526,""y"":679,""t"":1506},{""x"":1516,""y"":648,""t"":1575},{""x"":1519,""y"":601,""t"":1599},{""x"":1463,""y"":578,""t"":1662},{""x"":1416,""y"":560,""t"":1674},{""x"":1399,""y"":568,""t"":1742},{""x"":1388,""y"":554,""t"":1794},{""x"":1398,""y"":569,""t"":1805},{""x"":1114,""y"":575,""t"":1870},{""x"":873,""y"":571,""t"":1882},{""x"":706,""y"":570,""t"":1949},{""x"":650,""y"":559,""t"":1998},{""x"":590,""y"":575,""t"":2008},{""x"":496,""y"":600,""t"":2074},{""x"":435,""y"":634,""t"":2087},{""x"":424,""y"":673,""t"":2162},{""x"":424,""y"":706,""t"":2176},{""x"":431,""y"":696,""t"":2241},{""x"":443,""y"":687,""t"":2254},{""x"":655,""y"":679,""t"":2324},{""x"":840,""y"":671,""t"":2346},{""x"":999,""y"":640,""t"":2412},{""x"":1206,""y"":667,""t"":2426},{""x"":1350,""y"":691,""t"":2493},{""x"":1437,""y"":689,""t"":2541},{""x"":1501,""y"":686,""t"":2553},{""x"":1562,""y"":707,""t"":2621},{""x"":1590,""y"":695,""t"":2691},{""x"":1568,""y"":665,""t"":2741},{""x"":1572,""y"":640,""t"":2755},{""x"":1595,""y"":677,""t"":2820},{""x"":1611,""y"":669,""t"":2831},{""x"":1378,""y"":607,""t"":2897},{""x"":1163,""y"":539,""t"":2947},{""x"":981,""y"":483,""t"":2959},{""x"":807,""y"":420,""t"":3023},{""x"":689,""y"":354,""t"":3035},{""x"":560,""y"":393,""t"":3105},{""x"":459,""y"":429,""t"":3129},{""x"":431,""y"":456,""t"":3196},{""x"":417,""y"":480,""t"":3207},{""x"":526,""y"":507,""t"":3272},{""x"":651,""y"":555,""t"":3320},{""x"":684,""y"":561,""t"":3333},{""x"":914,""y"":612,""t"":3398},{""x"":1112,""y"":651,""t"":3409},{""x"":1220,""y"":658,""t"":3476},{""x"":1300,""y"":659,""t"":3527},{""x"":1422,""y"":650,""t"":3539},{""x"":1453,""y"":689,""t"":3603},{""x"":1555,""y"":698,""t"":3615},{""x"":1556,""y"":759,""t"":3695},{""x"":1622,""y"":782,""t"":3712},{""x"":1563,""y"":794,""t"":3781},{""x"":1598,""y"":819,""t"":3831},{""x"":1677,""y"":834,""t"":3846},{""x"":1694,""y"":872,""t"":3936},{""x"":1668,""y"":844,""t"":3955},{""x"":1641,""y"":818,""t"":4015},{""x"":1567,""y"":805,""t"":4111},{""x"":1618,""y"":783,""t"":4129},{""x"":1634,""y"":793,""t"":4182},{""x"":1629,""y"":805,""t"":4224},{""x"":1595,""y"":814,""t"":4314},{""x"":1594,""y"":823,""t"":4328},{""x"":1581,""y"":829,""t"":4395},{""x"":1357,""y"":800,""t"":4448},{""x"":1188,""y"":787,""t"":4459},{""x"":1004,""y"":776,""t"":4526},{""x"":874,""y"":765,""t"":4577},{""x"":768,""y"":772,""t"":4592},{""x"":693,""y"":791,""t"":4658},{""x"":591,""y"":778,""t"":4709},{""x"":513,""y"":780,""t"":4728},{""x"":448,""y"":785,""t"":4792},{""x"":402,""y"":789,""t"":4803},{""x"":372,""y"":789,""t"":4867},{""x"":320,""y"":787,""t"":4919},{""x"":337,""y"":772,""t"":4930},{""x"":424,""y"":758,""t"":4995},{""x"":528,""y"":763,""t"":5006},{""x"":522,""y"":777,""t"":5074},{""x"":525,""y"":751,""t"":5125},{""x"":488,""y"":722,""t"":5137},{""x"":522,""y"":715,""t"":5207},{""x"":681,""y"":743,""t"":5258},{""x"":845,""y"":758,""t"":5272},{""x"":1041,""y"":749,""t"":5337},{""x"":1202,""y"":741,""t"":5348},{""x"":1340,""y"":752,""t"":5416},{""x"":1407,""y"":725,""t"":5478},{""x"":1417,""y"":717,""t"":5533},{""x"":1385,""y"":699,""t"":5544},{""x"":1256,""y"":667,""t"":5609},{""x"":1141,""y"":641,""t"":5621},{""x"":1182,""y"":646,""t"":5687},{""x"":1062,""y"":634,""t"":5737},{""x"":993,""y"":613,""t"":5748},{""x"":923,""y"":642,""t"":5814},{""x"":851,""y"":674,""t"":5862},{""x"":830,""y"":700,""t"":5883},{""x"":810,""y"":721,""t"":5947},{""x"":815,""y"":745,""t"":5958},{""x"":856,""y"":753,""t"":6023},{""x"":833,""y"":726,""t"":6075},{""x"":814,""y"":702,""t"":6087},{""x"":836,""y"":705,""t"":6153},{""x"":836,""y"":699,""t"":6164}]",0,0.869128484401089,0.13087151559891103,wa_dn_b-last,0
98-attributes,1,70,exp_63,1.0,258.5999999642372,0.41,0.21,1.7999999999999998,6.2,higher_p,higher_m,0,1,attributes,1.0,True,0.7379999999999999,1.302,-0.5640000000000002,-0.3231885851028555,0.5,0.5,0.4,0.6,1.0,1.0,higher_m,higher_m,False,"{""durations"":[1000,1500,1000,1500],""alternatives"":[""all"",""all"",""all"",""all""],""attributes"":[""p"",""m"",""p"",""m""]}","[{""x"":955,""y"":629,""t"":-12},{""x"":942,""y"":679,""t"":0},{""x"":959,""y"":664,""t"":75},{""x"":984,""y"":645,""t"":129},{""x"":992,""y"":609,""t"":143},{""x"":987,""y"":616,""t"":209},{""x"":978,""y"":601,""t"":258},{""x"":972,""y"":605,""t"":272},{""x"":870,""y"":664,""t"":338},{""x"":782,""y"":714,""t"":349},{""x"":775,""y"":694,""t"":415},{""x"":617,""y"":734,""t"":466},{""x"":559,""y"":717,""t"":478},{""x"":623,""y"":722,""t"":545},{""x"":788,""y"":695,""t"":596},{""x"":967,""y"":666,""t"":612},{""x"":1125,""y"":683,""t"":676},{""x"":1255,""y"":697,""t"":689},{""x"":1391,""y"":702,""t"":755},{""x"":1468,""y"":748,""t"":806},{""x"":1542,""y"":767,""t"":818},{""x"":1597,""y"":744,""t"":885},{""x"":1599,""y"":730,""t"":936},{""x"":1602,""y"":714,""t"":953},{""x"":1461,""y"":666,""t"":1030},{""x"":1241,""y"":668,""t"":1078},{""x"":1075,""y"":652,""t"":1090},{""x"":938,""y"":614,""t"":1156},{""x"":826,""y"":583,""t"":1167},{""x"":864,""y"":575,""t"":1232},{""x"":987,""y"":576,""t"":1281},{""x"":1096,""y"":579,""t"":1292},{""x"":1226,""y"":593,""t"":1357},{""x"":1311,""y"":579,""t"":1368},{""x"":1366,""y"":510,""t"":1434},{""x"":1478,""y"":515,""t"":1486},{""x"":1569,""y"":522,""t"":1497},{""x"":1586,""y"":510,""t"":1561},{""x"":1607,""y"":487,""t"":1573},{""x"":1608,""y"":484,""t"":1639},{""x"":1305,""y"":415,""t"":1690},{""x"":1066,""y"":346,""t"":1702},{""x"":819,""y"":297,""t"":1765},{""x"":635,""y"":259,""t"":1778},{""x"":434,""y"":264,""t"":1844},{""x"":346,""y"":240,""t"":1898},{""x"":284,""y"":224,""t"":1909},{""x"":192,""y"":239,""t"":1975},{""x"":208,""y"":263,""t"":2024},{""x"":242,""y"":279,""t"":2041},{""x"":452,""y"":362,""t"":2105},{""x"":614,""y"":432,""t"":2119},{""x"":833,""y"":543,""t"":2185},{""x"":997,""y"":633,""t"":2232},{""x"":1167,""y"":700,""t"":2245},{""x"":1327,""y"":729,""t"":2309},{""x"":1452,""y"":753,""t"":2322},{""x"":1565,""y"":760,""t"":2388},{""x"":1668,""y"":763,""t"":2439},{""x"":1740,""y"":768,""t"":2452},{""x"":1763,""y"":780,""t"":2517},{""x"":1748,""y"":826,""t"":2564},{""x"":1750,""y"":801,""t"":2585},{""x"":1737,""y"":791,""t"":2650},{""x"":1720,""y"":780,""t"":2662},{""x"":1713,""y"":786,""t"":2728},{""x"":1680,""y"":791,""t"":2780},{""x"":1671,""y"":750,""t"":2790},{""x"":1616,""y"":682,""t"":2856},{""x"":1582,""y"":634,""t"":2891},{""x"":1549,""y"":626,""t"":2957},{""x"":1566,""y"":623,""t"":2967},{""x"":1309,""y"":626,""t"":3039},{""x"":1054,""y"":628,""t"":3060},{""x"":855,""y"":685,""t"":3124},{""x"":694,""y"":719,""t"":3136},{""x"":593,""y"":697,""t"":3205},{""x"":496,""y"":709,""t"":3253},{""x"":446,""y"":678,""t"":3265},{""x"":421,""y"":679,""t"":3330},{""x"":392,""y"":692,""t"":3342},{""x"":358,""y"":728,""t"":3406},{""x"":333,""y"":710,""t"":3454},{""x"":319,""y"":693,""t"":3469},{""x"":289,""y"":687,""t"":3534},{""x"":253,""y"":682,""t"":3545},{""x"":246,""y"":678,""t"":3610},{""x"":270,""y"":670,""t"":3661},{""x"":294,""y"":663,""t"":3672},{""x"":282,""y"":634,""t"":3737},{""x"":309,""y"":598,""t"":3749},{""x"":423,""y"":557,""t"":3814},{""x"":452,""y"":526,""t"":3863},{""x"":504,""y"":471,""t"":3877},{""x"":533,""y"":434,""t"":3943},{""x"":556,""y"":405,""t"":3954},{""x"":602,""y"":340,""t"":4020},{""x"":616,""y"":308,""t"":4071},{""x"":589,""y"":296,""t"":4082},{""x"":623,""y"":275,""t"":4149},{""x"":813,""y"":268,""t"":4197},{""x"":993,""y"":304,""t"":4218},{""x"":1101,""y"":308,""t"":4298},{""x"":1235,""y"":309,""t"":4319},{""x"":1324,""y"":309,""t"":4384},{""x"":1387,""y"":343,""t"":4398},{""x"":1463,""y"":377,""t"":4464},{""x"":1498,""y"":423,""t"":4489},{""x"":1497,""y"":493,""t"":4554},{""x"":1535,""y"":542,""t"":4564},{""x"":1563,""y"":598,""t"":4630},{""x"":1593,""y"":633,""t"":4681},{""x"":1612,""y"":659,""t"":4692},{""x"":1555,""y"":713,""t"":4757},{""x"":1506,""y"":769,""t"":4769},{""x"":1504,""y"":760,""t"":4834},{""x"":1493,""y"":755,""t"":4886},{""x"":1487,""y"":745,""t"":4897},{""x"":1447,""y"":746,""t"":4963},{""x"":1436,""y"":716,""t"":4973},{""x"":1342,""y"":649,""t"":5040},{""x"":1196,""y"":613,""t"":5088},{""x"":1074,""y"":590,""t"":5100},{""x"":980,""y"":536,""t"":5167},{""x"":910,""y"":500,""t"":5179},{""x"":852,""y"":470,""t"":5245},{""x"":803,""y"":422,""t"":5296},{""x"":766,""y"":378,""t"":5307},{""x"":767,""y"":371,""t"":5371},{""x"":774,""y"":367,""t"":5382},{""x"":783,""y"":378,""t"":5454},{""x"":802,""y"":400,""t"":5476},{""x"":812,""y"":420,""t"":5541},{""x"":823,""y"":439,""t"":5551},{""x"":852,""y"":423,""t"":5619},{""x"":882,""y"":408,""t"":5644},{""x"":915,""y"":393,""t"":5719},{""x"":928,""y"":357,""t"":5771},{""x"":893,""y"":328,""t"":5781},{""x"":859,""y"":401,""t"":5846},{""x"":830,""y"":466,""t"":5856}]",1,0.12995739182866897,0.8700426081713312,wa_dn_b-last,0
98-attributes,1,71,exp_11,0.0,226.0,0.7,0.29,1.7999999999999998,5.0,higher_p,higher_m,0,1,attributes,1.0,True,1.2599999999999998,1.45,-0.1900000000000001,0.0617557805929019,0.5,0.5,0.6,0.4,0.0,0.0,higher_p,higher_p,True,"{""durations"":[1000,1500,1000,1500],""alternatives"":[""all"",""all"",""all"",""all""],""attributes"":[""m"",""p"",""m"",""p""]}","[{""x"":845,""y"":805,""t"":-16},{""x"":816,""y"":893,""t"":0},{""x"":763,""y"":1007,""t"":79},{""x"":800,""y"":1081,""t"":141},{""x"":792,""y"":1134,""t"":189},{""x"":786,""y"":1173,""t"":206},{""x"":867,""y"":1065,""t"":272},{""x"":933,""y"":973,""t"":284},{""x"":977,""y"":927,""t"":350},{""x"":1007,""y"":824,""t"":375},{""x"":917,""y"":774,""t"":439},{""x"":861,""y"":724,""t"":450},{""x"":739,""y"":608,""t"":515},{""x"":675,""y"":500,""t"":563},{""x"":624,""y"":412,""t"":579},{""x"":570,""y"":368,""t"":643},{""x"":495,""y"":323,""t"":655},{""x"":538,""y"":328,""t"":721},{""x"":725,""y"":328,""t"":770},{""x"":888,""y"":332,""t"":782},{""x"":1042,""y"":280,""t"":849},{""x"":1178,""y"":230,""t"":860},{""x"":1281,""y"":241,""t"":925},{""x"":1375,""y"":284,""t"":976},{""x"":1455,""y"":265,""t"":991},{""x"":1465,""y"":332,""t"":1064},{""x"":1443,""y"":396,""t"":1112},{""x"":1428,""y"":444,""t"":1124},{""x"":1397,""y"":534,""t"":1187},{""x"":1359,""y"":609,""t"":1198},{""x"":1318,""y"":642,""t"":1263},{""x"":1371,""y"":679,""t"":1317},{""x"":1414,""y"":706,""t"":1328},{""x"":1434,""y"":767,""t"":1394},{""x"":1417,""y"":793,""t"":1406},{""x"":1443,""y"":793,""t"":1471},{""x"":1398,""y"":759,""t"":1520},{""x"":1374,""y"":738,""t"":1531},{""x"":1107,""y"":682,""t"":1597},{""x"":909,""y"":689,""t"":1609},{""x"":732,""y"":680,""t"":1673},{""x"":555,""y"":679,""t"":1722},{""x"":421,""y"":711,""t"":1735},{""x"":318,""y"":695,""t"":1799},{""x"":252,""y"":698,""t"":1811},{""x"":100,""y"":722,""t"":1878},{""x"":54,""y"":693,""t"":1931},{""x"":29,""y"":664,""t"":1942},{""x"":78,""y"":684,""t"":2009},{""x"":118,""y"":658,""t"":2060},{""x"":151,""y"":650,""t"":2075},{""x"":197,""y"":614,""t"":2140},{""x"":240,""y"":584,""t"":2151},{""x"":255,""y"":583,""t"":2216},{""x"":323,""y"":572,""t"":2267},{""x"":382,""y"":563,""t"":2279},{""x"":378,""y"":619,""t"":2344},{""x"":373,""y"":668,""t"":2355},{""x"":662,""y"":688,""t"":2422},{""x"":940,""y"":734,""t"":2471},{""x"":1170,""y"":772,""t"":2483},{""x"":1352,""y"":745,""t"":2548},{""x"":1484,""y"":745,""t"":2560},{""x"":1568,""y"":766,""t"":2628},{""x"":1594,""y"":723,""t"":2682},{""x"":1603,""y"":685,""t"":2698},{""x"":1666,""y"":658,""t"":2788},{""x"":1721,""y"":650,""t"":2803},{""x"":1724,""y"":590,""t"":2881},{""x"":1710,""y"":566,""t"":2892},{""x"":1733,""y"":562,""t"":2958},{""x"":1658,""y"":522,""t"":3008},{""x"":1524,""y"":487,""t"":3028},{""x"":1207,""y"":436,""t"":3093},{""x"":937,""y"":395,""t"":3105},{""x"":699,""y"":379,""t"":3170},{""x"":509,""y"":373,""t"":3196},{""x"":315,""y"":327,""t"":3264},{""x"":178,""y"":350,""t"":3276},{""x"":112,""y"":386,""t"":3342},{""x"":67,""y"":395,""t"":3394},{""x"":42,""y"":403,""t"":3405},{""x"":66,""y"":486,""t"":3470},{""x"":95,""y"":567,""t"":3522},{""x"":128,""y"":635,""t"":3537},{""x"":251,""y"":739,""t"":3603},{""x"":372,""y"":799,""t"":3615},{""x"":454,""y"":825,""t"":3681},{""x"":526,""y"":863,""t"":3728},{""x"":539,""y"":909,""t"":3741},{""x"":614,""y"":879,""t"":3806},{""x"":675,""y"":849,""t"":3818},{""x"":672,""y"":875,""t"":3885},{""x"":643,""y"":849,""t"":3932},{""x"":611,""y"":825,""t"":3945},{""x"":594,""y"":849,""t"":4011},{""x"":578,""y"":868,""t"":4023},{""x"":562,""y"":818,""t"":4088},{""x"":568,""y"":789,""t"":4136},{""x"":574,""y"":764,""t"":4150},{""x"":553,""y"":770,""t"":4215},{""x"":527,""y"":806,""t"":4226},{""x"":501,""y"":749,""t"":4292},{""x"":602,""y"":730,""t"":4340},{""x"":707,""y"":697,""t"":4353},{""x"":712,""y"":654,""t"":4418},{""x"":697,""y"":621,""t"":4428},{""x"":734,""y"":547,""t"":4495},{""x"":755,""y"":521,""t"":4548},{""x"":772,""y"":502,""t"":4560},{""x"":843,""y"":483,""t"":4626},{""x"":915,""y"":473,""t"":4675},{""x"":973,""y"":467,""t"":4694},{""x"":970,""y"":475,""t"":4759},{""x"":963,""y"":484,""t"":4770},{""x"":954,""y"":531,""t"":4835},{""x"":950,""y"":543,""t"":4886},{""x"":945,""y"":554,""t"":4898},{""x"":918,""y"":545,""t"":4964},{""x"":889,""y"":542,""t"":4976},{""x"":891,""y"":519,""t"":5046},{""x"":893,""y"":500,""t"":5068},{""x"":879,""y"":511,""t"":5132},{""x"":867,""y"":520,""t"":5145},{""x"":878,""y"":543,""t"":5212},{""x"":887,""y"":562,""t"":5237},{""x"":877,""y"":579,""t"":5305},{""x"":879,""y"":518,""t"":5352},{""x"":876,""y"":537,""t"":5372},{""x"":880,""y"":540,""t"":5439},{""x"":883,""y"":542,""t"":5450},{""x"":866,""y"":532,""t"":5516},{""x"":855,""y"":514,""t"":5569},{""x"":844,""y"":506,""t"":5583},{""x"":843,""y"":521,""t"":5647},{""x"":838,""y"":574,""t"":5700},{""x"":851,""y"":607,""t"":5714},{""x"":849,""y"":593,""t"":5779},{""x"":847,""y"":580,""t"":5791}]",0,0.6993538464943925,0.3006461535056075,wa_dn_b-last,0
98-attributes,1,73,exp_71,0.0,329.10000002384186,0.72,0.51,4.2,5.2,higher_p,higher_m,0,1,attributes,1.0,True,3.024,2.652,0.3719999999999999,0.64020159214642,0.5,0.5,0.4,0.6,1.0,1.0,higher_m,higher_m,True,"{""durations"":[1000,1500,1000,1500],""alternatives"":[""all"",""all"",""all"",""all""],""attributes"":[""p"",""m"",""p"",""m""]}","[{""x"":1027,""y"":670,""t"":-11},{""x"":1024,""y"":671,""t"":0},{""x"":992,""y"":692,""t"":81},{""x"":1014,""y"":650,""t"":148},{""x"":1022,""y"":611,""t"":172},{""x"":1035,""y"":611,""t"":245},{""x"":1023,""y"":597,""t"":317},{""x"":906,""y"":662,""t"":386},{""x"":820,""y"":692,""t"":409},{""x"":744,""y"":742,""t"":475},{""x"":669,""y"":738,""t"":485},{""x"":631,""y"":744,""t"":550},{""x"":544,""y"":775,""t"":615},{""x"":493,""y"":779,""t"":667},{""x"":475,""y"":769,""t"":680},{""x"":440,""y"":779,""t"":746},{""x"":447,""y"":813,""t"":759},{""x"":430,""y"":766,""t"":827},{""x"":379,""y"":724,""t"":851},{""x"":497,""y"":700,""t"":915},{""x"":618,""y"":712,""t"":927},{""x"":869,""y"":714,""t"":992},{""x"":1058,""y"":704,""t"":1044},{""x"":1235,""y"":708,""t"":1054},{""x"":1408,""y"":708,""t"":1121},{""x"":1489,""y"":717,""t"":1133},{""x"":1550,""y"":740,""t"":1199},{""x"":1646,""y"":681,""t"":1249},{""x"":1704,""y"":643,""t"":1260},{""x"":1691,""y"":571,""t"":1326},{""x"":1676,""y"":530,""t"":1338},{""x"":1627,""y"":482,""t"":1403},{""x"":1552,""y"":456,""t"":1452},{""x"":1500,""y"":445,""t"":1463},{""x"":1207,""y"":439,""t"":1528},{""x"":957,""y"":436,""t"":1539},{""x"":748,""y"":423,""t"":1605},{""x"":578,""y"":368,""t"":1657},{""x"":456,""y"":330,""t"":1667},{""x"":349,""y"":331,""t"":1733},{""x"":227,""y"":338,""t"":1744},{""x"":221,""y"":329,""t"":1810},{""x"":185,""y"":317,""t"":1859},{""x"":165,""y"":310,""t"":1870},{""x"":166,""y"":409,""t"":1937},{""x"":162,""y"":482,""t"":1948},{""x"":206,""y"":536,""t"":2014},{""x"":236,""y"":563,""t"":2066},{""x"":267,""y"":584,""t"":2077},{""x"":296,""y"":619,""t"":2143},{""x"":337,""y"":637,""t"":2194},{""x"":365,""y"":633,""t"":2211},{""x"":422,""y"":629,""t"":2276},{""x"":471,""y"":658,""t"":2287},{""x"":513,""y"":683,""t"":2353},{""x"":526,""y"":663,""t"":2404},{""x"":516,""y"":683,""t"":2417},{""x"":491,""y"":705,""t"":2482},{""x"":461,""y"":714,""t"":2493},{""x"":433,""y"":709,""t"":2563},{""x"":458,""y"":728,""t"":2584},{""x"":424,""y"":726,""t"":2649},{""x"":395,""y"":723,""t"":2661},{""x"":380,""y"":667,""t"":2729},{""x"":397,""y"":622,""t"":2779},{""x"":413,""y"":584,""t"":2790},{""x"":428,""y"":582,""t"":2854},{""x"":440,""y"":581,""t"":2865},{""x"":407,""y"":596,""t"":2932},{""x"":425,""y"":643,""t"":2984},{""x"":441,""y"":684,""t"":2995},{""x"":441,""y"":688,""t"":3059},{""x"":440,""y"":691,""t"":3071},{""x"":688,""y"":689,""t"":3138},{""x"":911,""y"":685,""t"":3163},{""x"":1069,""y"":735,""t"":3229},{""x"":1196,""y"":777,""t"":3241},{""x"":1313,""y"":776,""t"":3307},{""x"":1403,""y"":774,""t"":3332},{""x"":1486,""y"":739,""t"":3397},{""x"":1557,""y"":685,""t"":3410},{""x"":1529,""y"":676,""t"":3478},{""x"":1575,""y"":679,""t"":3503},{""x"":1565,""y"":647,""t"":3571},{""x"":1531,""y"":639,""t"":3610},{""x"":1527,""y"":590,""t"":3675},{""x"":1527,""y"":601,""t"":3726},{""x"":1535,""y"":592,""t"":3741},{""x"":1513,""y"":574,""t"":3805},{""x"":1526,""y"":563,""t"":3816},{""x"":1507,""y"":554,""t"":3880},{""x"":1523,""y"":495,""t"":3929},{""x"":1535,""y"":446,""t"":3944},{""x"":1367,""y"":437,""t"":4008},{""x"":1254,""y"":423,""t"":4019},{""x"":976,""y"":410,""t"":4085},{""x"":732,""y"":361,""t"":4138},{""x"":531,""y"":322,""t"":4148},{""x"":384,""y"":313,""t"":4212},{""x"":251,""y"":303,""t"":4224},{""x"":252,""y"":369,""t"":4290},{""x"":465,""y"":394,""t"":4341},{""x"":652,""y"":437,""t"":4353},{""x"":781,""y"":441,""t"":4419},{""x"":873,""y"":476,""t"":4430},{""x"":994,""y"":502,""t"":4496},{""x"":1078,""y"":539,""t"":4546},{""x"":1146,""y"":569,""t"":4559},{""x"":1177,""y"":562,""t"":4624},{""x"":1197,""y"":555,""t"":4636},{""x"":1214,""y"":584,""t"":4701},{""x"":1295,""y"":599,""t"":4752},{""x"":1361,""y"":610,""t"":4763},{""x"":1389,""y"":590,""t"":4828},{""x"":1388,""y"":582,""t"":4839},{""x"":1373,""y"":550,""t"":4905},{""x"":1402,""y"":494,""t"":4958},{""x"":1392,""y"":435,""t"":4970},{""x"":1375,""y"":484,""t"":5041},{""x"":1413,""y"":573,""t"":5089},{""x"":1424,""y"":639,""t"":5102},{""x"":1387,""y"":636,""t"":5171},{""x"":1347,""y"":641,""t"":5222},{""x"":1311,""y"":644,""t"":5236},{""x"":1302,""y"":617,""t"":5301},{""x"":1298,""y"":588,""t"":5313},{""x"":1258,""y"":555,""t"":5378},{""x"":1226,""y"":538,""t"":5430},{""x"":1198,""y"":565,""t"":5443},{""x"":1107,""y"":589,""t"":5508},{""x"":1021,""y"":578,""t"":5557},{""x"":964,""y"":564,""t"":5577},{""x"":958,""y"":509,""t"":5656},{""x"":953,""y"":479,""t"":5680},{""x"":905,""y"":488,""t"":5745},{""x"":867,""y"":497,""t"":5757},{""x"":863,""y"":459,""t"":5823},{""x"":816,""y"":462,""t"":5870},{""x"":789,""y"":473,""t"":5883}]",0,0.6896457642339001,0.31035423576609983,wa_dn_b-last,0
98-attributes,1,74,exp_49,0.0,376.0,0.49,0.32,6.9,8.2,higher_p,higher_m,0,1,attributes,1.0,True,3.381,2.624,0.7570000000000006,1.0364678509508771,0.5,0.5,0.6,0.4,0.0,1.0,higher_p,higher_m,True,"{""durations"":[1500,1000,1500,1000],""alternatives"":[""all"",""all"",""all"",""all""],""attributes"":[""p"",""m"",""p"",""m""]}","[{""x"":855,""y"":518,""t"":-24},{""x"":864,""y"":509,""t"":0},{""x"":887,""y"":483,""t"":86},{""x"":855,""y"":511,""t"":149},{""x"":839,""y"":589,""t"":196},{""x"":823,""y"":635,""t"":207},{""x"":796,""y"":677,""t"":274},{""x"":722,""y"":720,""t"":321},{""x"":659,""y"":763,""t"":342},{""x"":670,""y"":756,""t"":406},{""x"":682,""y"":747,""t"":416},{""x"":603,""y"":838,""t"":482},{""x"":673,""y"":862,""t"":535},{""x"":652,""y"":878,""t"":546},{""x"":895,""y"":856,""t"":611},{""x"":1107,""y"":821,""t"":622},{""x"":1246,""y"":821,""t"":690},{""x"":1356,""y"":787,""t"":740},{""x"":1416,""y"":766,""t"":751},{""x"":1474,""y"":697,""t"":816},{""x"":1551,""y"":693,""t"":827},{""x"":1595,""y"":665,""t"":893},{""x"":1609,""y"":660,""t"":944},{""x"":1588,""y"":620,""t"":954},{""x"":1379,""y"":639,""t"":1019},{""x"":1169,""y"":646,""t"":1030},{""x"":989,""y"":627,""t"":1095},{""x"":868,""y"":617,""t"":1145},{""x"":770,""y"":610,""t"":1157},{""x"":689,""y"":581,""t"":1222},{""x"":602,""y"":614,""t"":1233},{""x"":565,""y"":609,""t"":1300},{""x"":471,""y"":562,""t"":1351},{""x"":398,""y"":522,""t"":1362},{""x"":345,""y"":489,""t"":1426},{""x"":339,""y"":429,""t"":1438},{""x"":354,""y"":354,""t"":1503},{""x"":301,""y"":285,""t"":1555},{""x"":326,""y"":314,""t"":1568},{""x"":337,""y"":291,""t"":1632},{""x"":351,""y"":274,""t"":1643},{""x"":346,""y"":290,""t"":1710},{""x"":348,""y"":306,""t"":1735},{""x"":375,""y"":295,""t"":1801},{""x"":355,""y"":286,""t"":1812},{""x"":597,""y"":275,""t"":1878},{""x"":835,""y"":314,""t"":1930},{""x"":1019,""y"":386,""t"":1942},{""x"":1191,""y"":397,""t"":2008},{""x"":1359,""y"":423,""t"":2055},{""x"":1455,""y"":446,""t"":2076},{""x"":1420,""y"":469,""t"":2142},{""x"":1395,""y"":480,""t"":2191},{""x"":1381,""y"":503,""t"":2211},{""x"":1162,""y"":477,""t"":2276},{""x"":942,""y"":419,""t"":2287},{""x"":781,""y"":362,""t"":2352},{""x"":580,""y"":323,""t"":2420},{""x"":404,""y"":271,""t"":2471},{""x"":293,""y"":259,""t"":2483},{""x"":236,""y"":261,""t"":2548},{""x"":167,""y"":265,""t"":2560},{""x"":205,""y"":308,""t"":2632},{""x"":246,""y"":322,""t"":2654},{""x"":524,""y"":333,""t"":2732},{""x"":739,""y"":319,""t"":2798},{""x"":905,""y"":291,""t"":2868},{""x"":1017,""y"":343,""t"":2916},{""x"":1161,""y"":397,""t"":2929},{""x"":1304,""y"":464,""t"":2993},{""x"":1403,""y"":540,""t"":3045},{""x"":1478,""y"":603,""t"":3061},{""x"":1553,""y"":613,""t"":3124},{""x"":1611,""y"":631,""t"":3136},{""x"":1664,""y"":615,""t"":3202},{""x"":1673,""y"":636,""t"":3254},{""x"":1661,""y"":649,""t"":3265},{""x"":1662,""y"":670,""t"":3329},{""x"":1658,""y"":684,""t"":3341},{""x"":1635,""y"":715,""t"":3406},{""x"":1617,""y"":748,""t"":3456},{""x"":1600,""y"":777,""t"":3469},{""x"":1551,""y"":747,""t"":3532},{""x"":1524,""y"":738,""t"":3543},{""x"":1529,""y"":762,""t"":3610},{""x"":1436,""y"":823,""t"":3659},{""x"":1369,""y"":871,""t"":3673},{""x"":1359,""y"":873,""t"":3738},{""x"":1353,""y"":871,""t"":3750},{""x"":1384,""y"":869,""t"":3816},{""x"":1382,""y"":825,""t"":3865},{""x"":1382,""y"":786,""t"":3877},{""x"":1299,""y"":669,""t"":3942},{""x"":1230,""y"":570,""t"":3954},{""x"":1205,""y"":458,""t"":4020},{""x"":1174,""y"":409,""t"":4072},{""x"":1148,""y"":355,""t"":4084},{""x"":1150,""y"":306,""t"":4151},{""x"":1181,""y"":274,""t"":4202},{""x"":1211,""y"":251,""t"":4217},{""x"":1209,""y"":261,""t"":4282},{""x"":1217,""y"":250,""t"":4293},{""x"":1154,""y"":238,""t"":4358},{""x"":1185,""y"":264,""t"":4411},{""x"":1222,""y"":257,""t"":4422},{""x"":1223,""y"":279,""t"":4487},{""x"":1219,""y"":342,""t"":4498},{""x"":1225,""y"":310,""t"":4564},{""x"":1186,""y"":310,""t"":4612},{""x"":1206,""y"":326,""t"":4626},{""x"":1014,""y"":325,""t"":4693},{""x"":851,""y"":307,""t"":4746},{""x"":664,""y"":320,""t"":4762},{""x"":547,""y"":289,""t"":4826},{""x"":455,""y"":263,""t"":4837},{""x"":332,""y"":217,""t"":4901},{""x"":239,""y"":197,""t"":4952},{""x"":229,""y"":253,""t"":4964},{""x"":249,""y"":373,""t"":5029},{""x"":278,""y"":486,""t"":5041},{""x"":289,""y"":588,""t"":5109},{""x"":329,""y"":698,""t"":5160},{""x"":367,""y"":788,""t"":5171},{""x"":389,""y"":802,""t"":5243},{""x"":437,""y"":789,""t"":5291},{""x"":508,""y"":806,""t"":5305},{""x"":577,""y"":812,""t"":5370},{""x"":622,""y"":838,""t"":5381},{""x"":741,""y"":812,""t"":5448},{""x"":784,""y"":718,""t"":5497},{""x"":817,""y"":635,""t"":5508},{""x"":866,""y"":609,""t"":5574},{""x"":904,""y"":588,""t"":5586},{""x"":878,""y"":561,""t"":5653},{""x"":938,""y"":518,""t"":5704},{""x"":986,""y"":484,""t"":5716},{""x"":1015,""y"":510,""t"":5782},{""x"":902,""y"":592,""t"":5830},{""x"":811,""y"":659,""t"":5850},{""x"":808,""y"":728,""t"":5913},{""x"":804,""y"":879,""t"":5926}]",0,0.8227626489994757,0.17723735100052426,wa_dn_b-last,0
98-attributes,1,76,catch_15,1.0,257.30000001192093,0.22,0.49,3.0,4.9,dominated,dominant,1,1,attributes,1.0,True,0.66,2.401,-1.741,-1.5346311477336216,0.5,0.5,0.5,0.5,,1.0,,dominant,True,"{""durations"":[1250,1250,1250,1250],""attributes"":[""p"",""m"",""p"",""m""],""alternatives"":[""all"",""all"",""all"",""all""]}","[{""x"":888,""y"":538,""t"":-41},{""x"":927,""y"":530,""t"":0},{""x"":944,""y"":537,""t"":73},{""x"":954,""y"":516,""t"":126},{""x"":973,""y"":525,""t"":148},{""x"":971,""y"":520,""t"":207},{""x"":967,""y"":564,""t"":275},{""x"":917,""y"":624,""t"":325},{""x"":874,""y"":676,""t"":341},{""x"":761,""y"":699,""t"":404},{""x"":664,""y"":706,""t"":416},{""x"":618,""y"":736,""t"":482},{""x"":795,""y"":763,""t"":555},{""x"":950,""y"":782,""t"":579},{""x"":1125,""y"":799,""t"":643},{""x"":1258,""y"":789,""t"":655},{""x"":1319,""y"":712,""t"":720},{""x"":1384,""y"":708,""t"":772},{""x"":1437,""y"":645,""t"":783},{""x"":1507,""y"":626,""t"":859},{""x"":1521,""y"":634,""t"":885},{""x"":1556,""y"":659,""t"":951},{""x"":1589,""y"":626,""t"":964},{""x"":1612,""y"":624,""t"":1030},{""x"":1621,""y"":659,""t"":1055},{""x"":1657,""y"":684,""t"":1123},{""x"":1634,""y"":683,""t"":1172},{""x"":1616,""y"":682,""t"":1190},{""x"":1600,""y"":662,""t"":1256},{""x"":1583,""y"":645,""t"":1268},{""x"":1589,""y"":613,""t"":1338},{""x"":1589,""y"":613,""t"":1386},{""x"":1587,""y"":614,""t"":1398},{""x"":1559,""y"":615,""t"":1463},{""x"":1550,""y"":643,""t"":1512},{""x"":1521,""y"":658,""t"":1532},{""x"":1528,""y"":533,""t"":1596},{""x"":1507,""y"":485,""t"":1608},{""x"":1487,""y"":440,""t"":1672},{""x"":1437,""y"":399,""t"":1755},{""x"":1439,""y"":335,""t"":1769},{""x"":1123,""y"":292,""t"":1833},{""x"":840,""y"":265,""t"":1844},{""x"":658,""y"":290,""t"":1913},{""x"":522,""y"":262,""t"":1963},{""x"":434,""y"":248,""t"":1974},{""x"":287,""y"":263,""t"":2041},{""x"":227,""y"":269,""t"":2091},{""x"":188,""y"":276,""t"":2109},{""x"":193,""y"":308,""t"":2174},{""x"":254,""y"":347,""t"":2185},{""x"":294,""y"":402,""t"":2251},{""x"":307,""y"":414,""t"":2303},{""x"":296,""y"":467,""t"":2315},{""x"":328,""y"":457,""t"":2380},{""x"":361,""y"":443,""t"":2431},{""x"":386,""y"":405,""t"":2448},{""x"":435,""y"":469,""t"":2513},{""x"":469,""y"":522,""t"":2524},{""x"":518,""y"":586,""t"":2592},{""x"":563,""y"":604,""t"":2644},{""x"":600,""y"":616,""t"":2654},{""x"":661,""y"":622,""t"":2719},{""x"":694,""y"":631,""t"":2731},{""x"":735,""y"":635,""t"":2797},{""x"":791,""y"":659,""t"":2846},{""x"":849,""y"":664,""t"":2857},{""x"":1055,""y"":664,""t"":2922},{""x"":1226,""y"":662,""t"":2933},{""x"":1361,""y"":661,""t"":2998},{""x"":1457,""y"":690,""t"":3045},{""x"":1546,""y"":705,""t"":3062},{""x"":1578,""y"":739,""t"":3128},{""x"":1595,""y"":766,""t"":3139},{""x"":1624,""y"":718,""t"":3206},{""x"":1634,""y"":729,""t"":3231},{""x"":1401,""y"":769,""t"":3295},{""x"":1162,""y"":820,""t"":3307},{""x"":1022,""y"":892,""t"":3373},{""x"":891,""y"":949,""t"":3425},{""x"":771,""y"":1004,""t"":3435},{""x"":741,""y"":1074,""t"":3503},{""x"":719,""y"":1169,""t"":3556},{""x"":732,""y"":1181,""t"":3572},{""x"":717,""y"":1189,""t"":3637},{""x"":708,""y"":1227,""t"":3649},{""x"":830,""y"":1106,""t"":3716},{""x"":954,""y"":1024,""t"":3741},{""x"":1113,""y"":903,""t"":3807},{""x"":1228,""y"":818,""t"":3819},{""x"":1289,""y"":788,""t"":3886},{""x"":1342,""y"":764,""t"":3911},{""x"":1445,""y"":766,""t"":3977},{""x"":1528,""y"":771,""t"":4013},{""x"":1521,""y"":768,""t"":4083},{""x"":1533,""y"":763,""t"":4133},{""x"":1563,""y"":721,""t"":4149},{""x"":1586,""y"":666,""t"":4214},{""x"":1593,""y"":615,""t"":4225},{""x"":1547,""y"":564,""t"":4291},{""x"":1541,""y"":569,""t"":4343},{""x"":1541,""y"":564,""t"":4354},{""x"":1516,""y"":534,""t"":4419},{""x"":1482,""y"":499,""t"":4430},{""x"":1492,""y"":469,""t"":4495},{""x"":1543,""y"":443,""t"":4542},{""x"":1545,""y"":412,""t"":4558},{""x"":1523,""y"":361,""t"":4624},{""x"":1516,""y"":332,""t"":4635},{""x"":1470,""y"":301,""t"":4701},{""x"":1455,""y"":237,""t"":4748},{""x"":1442,""y"":210,""t"":4762},{""x"":1439,""y"":218,""t"":4826},{""x"":1434,""y"":231,""t"":4838},{""x"":1419,""y"":325,""t"":4902},{""x"":1355,""y"":295,""t"":4951},{""x"":1302,""y"":269,""t"":4965},{""x"":1063,""y"":285,""t"":5028},{""x"":827,""y"":338,""t"":5040},{""x"":624,""y"":390,""t"":5104},{""x"":490,""y"":421,""t"":5165},{""x"":376,""y"":445,""t"":5177},{""x"":343,""y"":438,""t"":5243},{""x"":421,""y"":448,""t"":5295},{""x"":511,""y"":467,""t"":5306},{""x"":563,""y"":534,""t"":5373},{""x"":612,""y"":585,""t"":5425},{""x"":669,""y"":613,""t"":5441},{""x"":729,""y"":613,""t"":5505},{""x"":781,""y"":610,""t"":5516},{""x"":843,""y"":634,""t"":5590},{""x"":894,""y"":651,""t"":5610},{""x"":942,""y"":659,""t"":5676},{""x"":977,""y"":662,""t"":5686},{""x"":988,""y"":736,""t"":5751},{""x"":909,""y"":756,""t"":5806},{""x"":838,""y"":769,""t"":5817}]",1,0.000349075835573311,0.9996509241644268,wa_dn_b-last,0
98-attributes,1,78,exp_79,0.0,454.9000000357628,0.8,0.2,4.0,6.799999999999999,higher_p,higher_m,0,1,attributes,1.0,True,3.2,1.36,1.8400000000000003,2.151159690652763,0.5,0.5,0.4,0.6,1.0,1.0,higher_m,higher_m,True,"{""durations"":[1000,1500,1000,1500],""alternatives"":[""all"",""all"",""all"",""all""],""attributes"":[""p"",""m"",""p"",""m""]}","[{""x"":845,""y"":533,""t"":-14},{""x"":879,""y"":519,""t"":0},{""x"":869,""y"":516,""t"":74},{""x"":862,""y"":489,""t"":141},{""x"":889,""y"":548,""t"":172},{""x"":924,""y"":548,""t"":240},{""x"":934,""y"":577,""t"":289},{""x"":956,""y"":597,""t"":307},{""x"":868,""y"":594,""t"":373},{""x"":792,""y"":618,""t"":386},{""x"":707,""y"":622,""t"":453},{""x"":638,""y"":625,""t"":477},{""x"":815,""y"":663,""t"":543},{""x"":978,""y"":707,""t"":554},{""x"":1111,""y"":693,""t"":619},{""x"":1243,""y"":682,""t"":668},{""x"":1320,""y"":662,""t"":681},{""x"":1391,""y"":654,""t"":746},{""x"":1364,""y"":657,""t"":758},{""x"":1363,""y"":680,""t"":830},{""x"":1165,""y"":679,""t"":851},{""x"":1017,""y"":666,""t"":914},{""x"":841,""y"":672,""t"":952},{""x"":683,""y"":676,""t"":992},{""x"":573,""y"":671,""t"":1060},{""x"":475,""y"":691,""t"":1113},{""x"":399,""y"":708,""t"":1123},{""x"":468,""y"":677,""t"":1189},{""x"":534,""y"":651,""t"":1202},{""x"":726,""y"":607,""t"":1269},{""x"":892,""y"":562,""t"":1318},{""x"":1026,""y"":518,""t"":1329},{""x"":1159,""y"":498,""t"":1395},{""x"":1263,""y"":512,""t"":1447},{""x"":1346,""y"":525,""t"":1463},{""x"":1231,""y"":489,""t"":1527},{""x"":1138,""y"":463,""t"":1540},{""x"":976,""y"":426,""t"":1606},{""x"":802,""y"":401,""t"":1658},{""x"":644,""y"":391,""t"":1669},{""x"":556,""y"":371,""t"":1734},{""x"":471,""y"":336,""t"":1747},{""x"":354,""y"":360,""t"":1812},{""x"":301,""y"":351,""t"":1837},{""x"":269,""y"":317,""t"":1901},{""x"":260,""y"":299,""t"":1913},{""x"":317,""y"":391,""t"":1978},{""x"":364,""y"":471,""t"":2026},{""x"":407,""y"":549,""t"":2041},{""x"":404,""y"":669,""t"":2106},{""x"":412,""y"":744,""t"":2118},{""x"":388,""y"":803,""t"":2184},{""x"":432,""y"":808,""t"":2237},{""x"":475,""y"":811,""t"":2248},{""x"":474,""y"":791,""t"":2316},{""x"":454,""y"":748,""t"":2367},{""x"":437,""y"":709,""t"":2380},{""x"":413,""y"":709,""t"":2444},{""x"":412,""y"":719,""t"":2455},{""x"":441,""y"":712,""t"":2520},{""x"":520,""y"":701,""t"":2570},{""x"":557,""y"":716,""t"":2584},{""x"":755,""y"":674,""t"":2650},{""x"":967,""y"":620,""t"":2661},{""x"":1132,""y"":594,""t"":2727},{""x"":1277,""y"":543,""t"":2779},{""x"":1391,""y"":501,""t"":2790},{""x"":1487,""y"":543,""t"":2856},{""x"":1545,""y"":593,""t"":2866},{""x"":1597,""y"":586,""t"":2933},{""x"":1588,""y"":582,""t"":2981},{""x"":1571,""y"":579,""t"":2993},{""x"":1546,""y"":636,""t"":3057},{""x"":1496,""y"":667,""t"":3068},{""x"":1421,""y"":727,""t"":3133},{""x"":1194,""y"":817,""t"":3186},{""x"":1056,""y"":842,""t"":3200},{""x"":875,""y"":870,""t"":3267},{""x"":728,""y"":909,""t"":3316},{""x"":583,""y"":917,""t"":3332},{""x"":490,""y"":905,""t"":3396},{""x"":396,""y"":904,""t"":3409},{""x"":321,""y"":921,""t"":3475},{""x"":273,""y"":874,""t"":3525},{""x"":249,""y"":845,""t"":3537},{""x"":263,""y"":726,""t"":3604},{""x"":294,""y"":649,""t"":3615},{""x"":333,""y"":575,""t"":3680},{""x"":340,""y"":497,""t"":3730},{""x"":349,""y"":475,""t"":3740},{""x"":329,""y"":431,""t"":3806},{""x"":320,""y"":396,""t"":3817},{""x"":289,""y"":402,""t"":3883},{""x"":291,""y"":351,""t"":3945},{""x"":326,""y"":345,""t"":3997},{""x"":344,""y"":324,""t"":4014},{""x"":582,""y"":331,""t"":4079},{""x"":793,""y"":321,""t"":4092},{""x"":1006,""y"":293,""t"":4158},{""x"":1158,""y"":272,""t"":4183},{""x"":1304,""y"":242,""t"":4249},{""x"":1419,""y"":214,""t"":4260},{""x"":1498,""y"":277,""t"":4326},{""x"":1493,""y"":349,""t"":4375},{""x"":1478,""y"":411,""t"":4388},{""x"":1542,""y"":518,""t"":4453},{""x"":1588,""y"":597,""t"":4464},{""x"":1609,""y"":668,""t"":4531},{""x"":1660,""y"":693,""t"":4579},{""x"":1697,""y"":709,""t"":4591},{""x"":1672,""y"":701,""t"":4655},{""x"":1645,""y"":690,""t"":4666},{""x"":1574,""y"":720,""t"":4731},{""x"":1504,""y"":723,""t"":4782},{""x"":1443,""y"":723,""t"":4794},{""x"":1439,""y"":744,""t"":4858},{""x"":1414,""y"":729,""t"":4870},{""x"":1381,""y"":712,""t"":4935},{""x"":1395,""y"":724,""t"":4983},{""x"":1418,""y"":705,""t"":4999},{""x"":1392,""y"":710,""t"":5063},{""x"":1396,""y"":734,""t"":5075},{""x"":1425,""y"":721,""t"":5142},{""x"":1424,""y"":773,""t"":5191},{""x"":1419,""y"":790,""t"":5204},{""x"":1443,""y"":786,""t"":5272},{""x"":1452,""y"":815,""t"":5322},{""x"":1453,""y"":832,""t"":5339},{""x"":1444,""y"":783,""t"":5403},{""x"":1433,""y"":745,""t"":5414},{""x"":1453,""y"":711,""t"":5481},{""x"":1466,""y"":735,""t"":5529},{""x"":1476,""y"":757,""t"":5544},{""x"":1491,""y"":749,""t"":5608},{""x"":1490,""y"":737,""t"":5620},{""x"":1475,""y"":717,""t"":5686},{""x"":1460,""y"":703,""t"":5736},{""x"":1446,""y"":691,""t"":5747},{""x"":1465,""y"":689,""t"":5813},{""x"":1481,""y"":689,""t"":5824},{""x"":1369,""y"":645,""t"":5889},{""x"":1312,""y"":627,""t"":5942},{""x"":1246,""y"":606,""t"":5953}]",0,0.9924846162748195,0.0075153837251804995,wa_dn_b-last,0
98-attributes,1,79,exp_61,1.0,268.60000002384186,0.41,0.21,1.7999999999999998,6.2,higher_p,higher_m,0,1,attributes,1.0,True,0.7379999999999999,1.302,-0.5640000000000002,-0.3231885851028555,0.5,0.5,0.4,0.6,1.0,0.0,higher_m,higher_p,False,"{""durations"":[1500,1000,1500,1000],""alternatives"":[""all"",""all"",""all"",""all""],""attributes"":[""m"",""p"",""m"",""p""]}","[{""x"":773,""y"":825,""t"":-31},{""x"":754,""y"":803,""t"":0},{""x"":804,""y"":740,""t"":85},{""x"":833,""y"":697,""t"":149},{""x"":864,""y"":687,""t"":171},{""x"":895,""y"":638,""t"":239},{""x"":879,""y"":662,""t"":286},{""x"":879,""y"":650,""t"":307},{""x"":784,""y"":572,""t"":373},{""x"":702,""y"":507,""t"":383},{""x"":644,""y"":458,""t"":451},{""x"":556,""y"":455,""t"":502},{""x"":467,""y"":471,""t"":512},{""x"":392,""y"":424,""t"":582},{""x"":365,""y"":408,""t"":630},{""x"":324,""y"":424,""t"":646},{""x"":521,""y"":403,""t"":719},{""x"":724,""y"":442,""t"":770},{""x"":942,""y"":448,""t"":783},{""x"":1070,""y"":473,""t"":848},{""x"":1173,""y"":496,""t"":863},{""x"":1272,""y"":498,""t"":928},{""x"":1403,""y"":449,""t"":978},{""x"":1476,""y"":467,""t"":989},{""x"":1468,""y"":462,""t"":1054},{""x"":1427,""y"":476,""t"":1104},{""x"":1396,""y"":490,""t"":1122},{""x"":1421,""y"":519,""t"":1188},{""x"":1433,""y"":539,""t"":1200},{""x"":1425,""y"":542,""t"":1265},{""x"":1433,""y"":561,""t"":1319},{""x"":1438,""y"":577,""t"":1330},{""x"":1476,""y"":616,""t"":1395},{""x"":1533,""y"":662,""t"":1447},{""x"":1542,""y"":682,""t"":1464},{""x"":1579,""y"":721,""t"":1529},{""x"":1607,""y"":753,""t"":1541},{""x"":1620,""y"":782,""t"":1608},{""x"":1545,""y"":791,""t"":1668},{""x"":1503,""y"":729,""t"":1717},{""x"":1482,""y"":723,""t"":1735},{""x"":1493,""y"":688,""t"":1800},{""x"":1503,""y"":658,""t"":1811},{""x"":1499,""y"":711,""t"":1879},{""x"":1530,""y"":759,""t"":1927},{""x"":1505,""y"":786,""t"":1938},{""x"":1490,""y"":828,""t"":2004},{""x"":1477,""y"":862,""t"":2015},{""x"":1383,""y"":830,""t"":2080},{""x"":1134,""y"":826,""t"":2129},{""x"":924,""y"":815,""t"":2143},{""x"":772,""y"":798,""t"":2222},{""x"":649,""y"":776,""t"":2270},{""x"":545,""y"":774,""t"":2280},{""x"":416,""y"":778,""t"":2349},{""x"":370,""y"":783,""t"":2398},{""x"":335,""y"":777,""t"":2415},{""x"":277,""y"":765,""t"":2479},{""x"":232,""y"":742,""t"":2491},{""x"":231,""y"":742,""t"":2556},{""x"":260,""y"":719,""t"":2605},{""x"":291,""y"":700,""t"":2618},{""x"":323,""y"":692,""t"":2682},{""x"":367,""y"":692,""t"":2693},{""x"":336,""y"":714,""t"":2759},{""x"":341,""y"":673,""t"":2807},{""x"":346,""y"":624,""t"":2823},{""x"":391,""y"":567,""t"":2888},{""x"":434,""y"":502,""t"":2902},{""x"":443,""y"":490,""t"":2967},{""x"":432,""y"":471,""t"":3017},{""x"":408,""y"":439,""t"":3028},{""x"":368,""y"":429,""t"":3093},{""x"":373,""y"":417,""t"":3104},{""x"":303,""y"":382,""t"":3171},{""x"":297,""y"":373,""t"":3224},{""x"":334,""y"":389,""t"":3236},{""x"":286,""y"":380,""t"":3304},{""x"":469,""y"":333,""t"":3352},{""x"":643,""y"":347,""t"":3368},{""x"":839,""y"":411,""t"":3434},{""x"":1014,""y"":485,""t"":3446},{""x"":1194,""y"":483,""t"":3511},{""x"":1354,""y"":505,""t"":3536},{""x"":1444,""y"":551,""t"":3602},{""x"":1507,""y"":540,""t"":3613},{""x"":1571,""y"":616,""t"":3679},{""x"":1649,""y"":634,""t"":3728},{""x"":1707,""y"":632,""t"":3740},{""x"":1711,""y"":662,""t"":3805},{""x"":1705,""y"":686,""t"":3817},{""x"":1661,""y"":729,""t"":3884},{""x"":1585,""y"":786,""t"":3954},{""x"":1568,""y"":803,""t"":4004},{""x"":1552,""y"":813,""t"":4015},{""x"":1522,""y"":751,""t"":4079},{""x"":1477,""y"":722,""t"":4093},{""x"":1432,""y"":722,""t"":4158},{""x"":1432,""y"":704,""t"":4182},{""x"":1386,""y"":709,""t"":4249},{""x"":1343,""y"":716,""t"":4260},{""x"":1308,""y"":722,""t"":4325},{""x"":1299,""y"":738,""t"":4388},{""x"":1337,""y"":755,""t"":4436},{""x"":1372,""y"":769,""t"":4455},{""x"":1093,""y"":766,""t"":4521},{""x"":881,""y"":805,""t"":4532},{""x"":706,""y"":793,""t"":4596},{""x"":569,""y"":794,""t"":4648},{""x"":433,""y"":767,""t"":4659},{""x"":381,""y"":769,""t"":4725},{""x"":329,""y"":799,""t"":4736},{""x"":306,""y"":799,""t"":4802},{""x"":283,""y"":705,""t"":4853},{""x"":236,""y"":686,""t"":4868},{""x"":197,""y"":628,""t"":4935},{""x"":193,""y"":590,""t"":4986},{""x"":210,""y"":515,""t"":4998},{""x"":170,""y"":495,""t"":5064},{""x"":154,""y"":472,""t"":5075},{""x"":220,""y"":460,""t"":5143},{""x"":206,""y"":449,""t"":5195},{""x"":202,""y"":453,""t"":5205},{""x"":220,""y"":460,""t"":5270},{""x"":236,""y"":467,""t"":5281},{""x"":404,""y"":482,""t"":5349},{""x"":495,""y"":442,""t"":5373},{""x"":572,""y"":430,""t"":5439},{""x"":635,""y"":420,""t"":5450},{""x"":730,""y"":446,""t"":5516},{""x"":781,""y"":492,""t"":5569},{""x"":842,""y"":537,""t"":5581},{""x"":861,""y"":572,""t"":5651},{""x"":939,""y"":618,""t"":5703},{""x"":971,""y"":651,""t"":5714},{""x"":920,""y"":636,""t"":5778},{""x"":871,""y"":658,""t"":5791}]",1,0.22812162857423404,0.771878371425766,wa_dn_b-last,0
98-attributes,1,81,catch_19,1.0,274.69999998807907,0.48,0.59,3.1,4.8,dominated,dominant,1,1,attributes,1.0,True,1.488,2.832,-1.344,-1.1260137328105846,0.5,0.5,0.5,0.5,,1.0,,dominant,True,"{""durations"":[1250,1250,1250,1250],""attributes"":[""p"",""m"",""p"",""m""],""alternatives"":[""all"",""all"",""all"",""all""]}","[{""x"":1005,""y"":577,""t"":-18},{""x"":1033,""y"":540,""t"":0},{""x"":1039,""y"":542,""t"":73},{""x"":1013,""y"":551,""t"":123},{""x"":979,""y"":556,""t"":141},{""x"":961,""y"":571,""t"":239},{""x"":970,""y"":587,""t"":287},{""x"":979,""y"":599,""t"":307},{""x"":859,""y"":646,""t"":386},{""x"":753,""y"":705,""t"":409},{""x"":719,""y"":692,""t"":474},{""x"":693,""y"":680,""t"":485},{""x"":627,""y"":693,""t"":551},{""x"":618,""y"":656,""t"":600},{""x"":614,""y"":623,""t"":613},{""x"":826,""y"":698,""t"":677},{""x"":1010,""y"":761,""t"":688},{""x"":1169,""y"":732,""t"":754},{""x"":1281,""y"":743,""t"":807},{""x"":1404,""y"":749,""t"":818},{""x"":1517,""y"":775,""t"":883},{""x"":1560,""y"":767,""t"":894},{""x"":1620,""y"":769,""t"":961},{""x"":1480,""y"":766,""t"":1012},{""x"":1353,""y"":763,""t"":1024},{""x"":1137,""y"":743,""t"":1091},{""x"":990,""y"":715,""t"":1139},{""x"":832,""y"":783,""t"":1157},{""x"":690,""y"":772,""t"":1223},{""x"":591,""y"":759,""t"":1235},{""x"":528,""y"":734,""t"":1304},{""x"":474,""y"":696,""t"":1340},{""x"":394,""y"":660,""t"":1406},{""x"":294,""y"":624,""t"":1428},{""x"":286,""y"":567,""t"":1493},{""x"":288,""y"":520,""t"":1504},{""x"":322,""y"":496,""t"":1571},{""x"":318,""y"":446,""t"":1620},{""x"":319,""y"":406,""t"":1633},{""x"":577,""y"":395,""t"":1697},{""x"":800,""y"":389,""t"":1708},{""x"":960,""y"":365,""t"":1773},{""x"":1090,""y"":360,""t"":1820},{""x"":1171,""y"":361,""t"":1837},{""x"":1255,""y"":343,""t"":1902},{""x"":1345,""y"":304,""t"":1913},{""x"":1386,""y"":337,""t"":1979},{""x"":1421,""y"":393,""t"":2031},{""x"":1442,""y"":442,""t"":2042},{""x"":1460,""y"":435,""t"":2106},{""x"":1473,""y"":444,""t"":2118},{""x"":1276,""y"":520,""t"":2188},{""x"":1144,""y"":563,""t"":2212},{""x"":1134,""y"":658,""t"":2278},{""x"":1123,""y"":764,""t"":2290},{""x"":1183,""y"":792,""t"":2355},{""x"":1242,""y"":800,""t"":2421},{""x"":1278,""y"":844,""t"":2473},{""x"":1321,""y"":895,""t"":2484},{""x"":1376,""y"":890,""t"":2551},{""x"":1437,""y"":857,""t"":2603},{""x"":1486,""y"":825,""t"":2618},{""x"":1522,""y"":808,""t"":2684},{""x"":1537,""y"":818,""t"":2697},{""x"":1577,""y"":794,""t"":2762},{""x"":1625,""y"":787,""t"":2814},{""x"":1632,""y"":793,""t"":2825},{""x"":1677,""y"":803,""t"":2891},{""x"":1578,""y"":773,""t"":2939},{""x"":1536,""y"":749,""t"":2959},{""x"":1268,""y"":776,""t"":3023},{""x"":1043,""y"":774,""t"":3034},{""x"":806,""y"":777,""t"":3099},{""x"":675,""y"":778,""t"":3151},{""x"":566,""y"":758,""t"":3163},{""x"":493,""y"":794,""t"":3228},{""x"":400,""y"":815,""t"":3239},{""x"":328,""y"":799,""t"":3304},{""x"":256,""y"":789,""t"":3356},{""x"":235,""y"":767,""t"":3367},{""x"":233,""y"":751,""t"":3432},{""x"":240,""y"":738,""t"":3443},{""x"":222,""y"":708,""t"":3508},{""x"":243,""y"":651,""t"":3555},{""x"":301,""y"":591,""t"":3572},{""x"":341,""y"":507,""t"":3636},{""x"":372,""y"":468,""t"":3648},{""x"":465,""y"":495,""t"":3714},{""x"":471,""y"":468,""t"":3764},{""x"":480,""y"":405,""t"":3775},{""x"":501,""y"":413,""t"":3844},{""x"":452,""y"":365,""t"":3896},{""x"":440,""y"":332,""t"":3911},{""x"":464,""y"":325,""t"":3977},{""x"":484,""y"":322,""t"":3988},{""x"":485,""y"":288,""t"":4053},{""x"":519,""y"":310,""t"":4104},{""x"":527,""y"":333,""t"":4116},{""x"":796,""y"":379,""t"":4182},{""x"":1041,""y"":383,""t"":4194},{""x"":1199,""y"":430,""t"":4260},{""x"":1326,""y"":471,""t"":4285},{""x"":1467,""y"":461,""t"":4351},{""x"":1559,""y"":413,""t"":4362},{""x"":1597,""y"":429,""t"":4428},{""x"":1572,""y"":550,""t"":4479},{""x"":1514,""y"":634,""t"":4491},{""x"":1282,""y"":731,""t"":4555},{""x"":1100,""y"":827,""t"":4566},{""x"":1038,""y"":900,""t"":4632},{""x"":1092,""y"":967,""t"":4683},{""x"":1141,""y"":1019,""t"":4694},{""x"":1183,""y"":984,""t"":4760},{""x"":1225,""y"":955,""t"":4770},{""x"":1315,""y"":922,""t"":4840},{""x"":1409,""y"":919,""t"":4864},{""x"":1458,""y"":914,""t"":4929},{""x"":1496,""y"":909,""t"":4941},{""x"":1524,""y"":859,""t"":5007},{""x"":1530,""y"":806,""t"":5058},{""x"":1532,""y"":760,""t"":5069},{""x"":1573,""y"":728,""t"":5133},{""x"":1606,""y"":701,""t"":5145},{""x"":1604,""y"":662,""t"":5214},{""x"":1536,""y"":615,""t"":5263},{""x"":1475,""y"":576,""t"":5274},{""x"":1481,""y"":576,""t"":5339},{""x"":1439,""y"":589,""t"":5393},{""x"":1390,""y"":599,""t"":5408},{""x"":1340,""y"":600,""t"":5473},{""x"":1300,""y"":603,""t"":5485},{""x"":1215,""y"":595,""t"":5550},{""x"":1104,""y"":600,""t"":5603},{""x"":1022,""y"":592,""t"":5614},{""x"":998,""y"":597,""t"":5678},{""x"":957,""y"":570,""t"":5691},{""x"":966,""y"":601,""t"":5758},{""x"":972,""y"":582,""t"":5782},{""x"":931,""y"":572,""t"":5848}]",1,0.01801003244331381,0.9819899675566862,wa_dn_b-last,0
98-attributes,1,83,exp_41,1.0,294.0,0.81,0.48,1.6999999999999995,7.9,higher_p,higher_m,0,1,attributes,1.0,True,1.3769999999999998,3.792,-2.415,-2.2283544163938904,0.5,0.5,0.6,0.4,0.0,1.0,higher_p,higher_m,False,"{""durations"":[1500,1000,1500,1000],""alternatives"":[""all"",""all"",""all"",""all""],""attributes"":[""p"",""m"",""p"",""m""]}","[{""x"":867,""y"":646,""t"":-12},{""x"":845,""y"":685,""t"":0},{""x"":896,""y"":659,""t"":78},{""x"":932,""y"":620,""t"":114},{""x"":953,""y"":631,""t"":185},{""x"":959,""y"":663,""t"":205},{""x"":942,""y"":665,""t"":270},{""x"":917,""y"":663,""t"":281},{""x"":855,""y"":698,""t"":347},{""x"":718,""y"":715,""t"":400},{""x"":652,""y"":696,""t"":411},{""x"":642,""y"":705,""t"":476},{""x"":638,""y"":712,""t"":488},{""x"":583,""y"":707,""t"":553},{""x"":571,""y"":698,""t"":604},{""x"":565,""y"":690,""t"":616},{""x"":775,""y"":721,""t"":680},{""x"":981,""y"":732,""t"":733},{""x"":1155,""y"":742,""t"":749},{""x"":1248,""y"":753,""t"":812},{""x"":1323,""y"":755,""t"":824},{""x"":1419,""y"":776,""t"":889},{""x"":1505,""y"":790,""t"":938},{""x"":1569,""y"":802,""t"":953},{""x"":1622,""y"":797,""t"":1016},{""x"":1644,""y"":800,""t"":1028},{""x"":1362,""y"":779,""t"":1093},{""x"":1154,""y"":737,""t"":1140},{""x"":962,""y"":728,""t"":1157},{""x"":831,""y"":690,""t"":1222},{""x"":725,""y"":659,""t"":1233},{""x"":590,""y"":679,""t"":1298},{""x"":520,""y"":681,""t"":1346},{""x"":454,""y"":672,""t"":1362},{""x"":626,""y"":671,""t"":1428},{""x"":798,""y"":668,""t"":1439},{""x"":910,""y"":671,""t"":1507},{""x"":1038,""y"":649,""t"":1557},{""x"":1145,""y"":631,""t"":1567},{""x"":1193,""y"":643,""t"":1634},{""x"":1296,""y"":652,""t"":1682},{""x"":1382,""y"":592,""t"":1702},{""x"":1444,""y"":529,""t"":1766},{""x"":1490,""y"":476,""t"":1777},{""x"":1522,""y"":448,""t"":1842},{""x"":1501,""y"":435,""t"":1893},{""x"":1466,""y"":446,""t"":1905},{""x"":1304,""y"":405,""t"":1970},{""x"":1178,""y"":346,""t"":1982},{""x"":947,""y"":352,""t"":2047},{""x"":692,""y"":338,""t"":2100},{""x"":505,""y"":351,""t"":2112},{""x"":397,""y"":322,""t"":2177},{""x"":294,""y"":304,""t"":2228},{""x"":208,""y"":291,""t"":2245},{""x"":209,""y"":293,""t"":2309},{""x"":173,""y"":286,""t"":2321},{""x"":217,""y"":308,""t"":2385},{""x"":201,""y"":309,""t"":2439},{""x"":193,""y"":299,""t"":2450},{""x"":222,""y"":363,""t"":2514},{""x"":251,""y"":419,""t"":2526},{""x"":214,""y"":513,""t"":2596},{""x"":223,""y"":595,""t"":2620},{""x"":270,""y"":657,""t"":2683},{""x"":355,""y"":660,""t"":2695},{""x"":374,""y"":714,""t"":2760},{""x"":429,""y"":723,""t"":2811},{""x"":404,""y"":733,""t"":2822},{""x"":532,""y"":729,""t"":2889},{""x"":640,""y"":723,""t"":2900},{""x"":893,""y"":756,""t"":2966},{""x"":1110,""y"":752,""t"":3018},{""x"":1284,""y"":746,""t"":3028},{""x"":1430,""y"":715,""t"":3092},{""x"":1542,""y"":687,""t"":3103},{""x"":1624,""y"":715,""t"":3169},{""x"":1613,""y"":738,""t"":3220},{""x"":1615,""y"":699,""t"":3231},{""x"":1591,""y"":669,""t"":3296},{""x"":1596,""y"":641,""t"":3308},{""x"":1583,""y"":634,""t"":3373},{""x"":1610,""y"":643,""t"":3425},{""x"":1628,""y"":651,""t"":3436},{""x"":1608,""y"":615,""t"":3500},{""x"":1608,""y"":629,""t"":3511},{""x"":1580,""y"":564,""t"":3577},{""x"":1535,""y"":517,""t"":3628},{""x"":1496,""y"":479,""t"":3639},{""x"":1479,""y"":448,""t"":3704},{""x"":1464,""y"":424,""t"":3716},{""x"":1445,""y"":403,""t"":3781},{""x"":1388,""y"":397,""t"":3832},{""x"":1333,""y"":426,""t"":3844},{""x"":1359,""y"":363,""t"":3910},{""x"":1267,""y"":349,""t"":3923},{""x"":1299,""y"":399,""t"":3988},{""x"":1285,""y"":454,""t"":4038},{""x"":1297,""y"":476,""t"":4051},{""x"":1293,""y"":447,""t"":4117},{""x"":1309,""y"":445,""t"":4169},{""x"":1323,""y"":468,""t"":4182},{""x"":1301,""y"":507,""t"":4247},{""x"":1283,""y"":539,""t"":4259},{""x"":1137,""y"":523,""t"":4327},{""x"":915,""y"":526,""t"":4376},{""x"":761,""y"":513,""t"":4388},{""x"":635,""y"":448,""t"":4452},{""x"":536,""y"":392,""t"":4462},{""x"":390,""y"":362,""t"":4528},{""x"":301,""y"":354,""t"":4575},{""x"":237,""y"":348,""t"":4591},{""x"":196,""y"":318,""t"":4656},{""x"":155,""y"":294,""t"":4667},{""x"":126,""y"":283,""t"":4734},{""x"":103,""y"":233,""t"":4785},{""x"":47,""y"":218,""t"":4798},{""x"":120,""y"":336,""t"":4862},{""x"":275,""y"":404,""t"":4914},{""x"":412,""y"":462,""t"":4931},{""x"":455,""y"":528,""t"":4996},{""x"":499,""y"":555,""t"":5008},{""x"":546,""y"":582,""t"":5073},{""x"":548,""y"":602,""t"":5121},{""x"":542,""y"":610,""t"":5135},{""x"":582,""y"":643,""t"":5200},{""x"":643,""y"":647,""t"":5211},{""x"":650,""y"":650,""t"":5275},{""x"":681,""y"":664,""t"":5327},{""x"":706,""y"":673,""t"":5340},{""x"":785,""y"":662,""t"":5406},{""x"":849,""y"":698,""t"":5457},{""x"":907,""y"":689,""t"":5475},{""x"":912,""y"":704,""t"":5540},{""x"":911,""y"":715,""t"":5552},{""x"":886,""y"":672,""t"":5626},{""x"":891,""y"":654,""t"":5645},{""x"":913,""y"":620,""t"":5710},{""x"":912,""y"":588,""t"":5721},{""x"":940,""y"":576,""t"":5787},{""x"":921,""y"":590,""t"":5838},{""x"":933,""y"":573,""t"":5851}]",1,0.021682076544417832,0.9783179234555821,wa_dn_b-last,0
98-attributes,1,85,exp_77,0.0,253.69999998807907,0.8,0.2,4.0,6.799999999999999,higher_p,higher_m,0,1,attributes,1.0,True,3.2,1.36,1.8400000000000003,2.151159690652763,0.5,0.5,0.4,0.6,1.0,0.0,higher_m,higher_p,True,"{""durations"":[1500,1000,1500,1000],""alternatives"":[""all"",""all"",""all"",""all""],""attributes"":[""m"",""p"",""m"",""p""]}","[{""x"":934,""y"":533,""t"":-20},{""x"":925,""y"":540,""t"":0},{""x"":914,""y"":551,""t"":86},{""x"":939,""y"":557,""t"":148},{""x"":932,""y"":551,""t"":197},{""x"":928,""y"":546,""t"":207},{""x"":942,""y"":560,""t"":272},{""x"":832,""y"":535,""t"":322},{""x"":739,""y"":582,""t"":341},{""x"":619,""y"":581,""t"":416},{""x"":600,""y"":527,""t"":469},{""x"":540,""y"":513,""t"":480},{""x"":618,""y"":448,""t"":545},{""x"":798,""y"":428,""t"":598},{""x"":954,""y"":413,""t"":613},{""x"":1075,""y"":433,""t"":678},{""x"":1137,""y"":520,""t"":689},{""x"":1205,""y"":551,""t"":754},{""x"":1253,""y"":605,""t"":805},{""x"":1287,""y"":649,""t"":817},{""x"":1371,""y"":658,""t"":883},{""x"":1436,""y"":664,""t"":893},{""x"":1429,""y"":641,""t"":958},{""x"":1467,""y"":605,""t"":1006},{""x"":1495,""y"":554,""t"":1021},{""x"":1527,""y"":619,""t"":1086},{""x"":1550,""y"":675,""t"":1097},{""x"":1562,""y"":692,""t"":1162},{""x"":1550,""y"":722,""t"":1209},{""x"":1536,""y"":745,""t"":1225},{""x"":1575,""y"":762,""t"":1288},{""x"":1605,""y"":774,""t"":1299},{""x"":1597,""y"":774,""t"":1365},{""x"":1579,""y"":763,""t"":1417},{""x"":1579,""y"":725,""t"":1428},{""x"":1501,""y"":725,""t"":1495},{""x"":1445,""y"":733,""t"":1505},{""x"":1435,""y"":671,""t"":1573},{""x"":1444,""y"":670,""t"":1621},{""x"":1470,""y"":643,""t"":1633},{""x"":1462,""y"":588,""t"":1697},{""x"":1443,""y"":557,""t"":1708},{""x"":1438,""y"":542,""t"":1773},{""x"":1451,""y"":559,""t"":1824},{""x"":1464,""y"":576,""t"":1837},{""x"":1511,""y"":556,""t"":1901},{""x"":1558,""y"":512,""t"":1912},{""x"":1491,""y"":510,""t"":1975},{""x"":1207,""y"":586,""t"":2031},{""x"":1003,""y"":594,""t"":2041},{""x"":778,""y"":594,""t"":2107},{""x"":597,""y"":615,""t"":2118},{""x"":460,""y"":630,""t"":2182},{""x"":350,""y"":649,""t"":2247},{""x"":269,""y"":650,""t"":2294},{""x"":218,""y"":643,""t"":2313},{""x"":181,""y"":668,""t"":2378},{""x"":176,""y"":663,""t"":2388},{""x"":153,""y"":655,""t"":2456},{""x"":161,""y"":637,""t"":2508},{""x"":162,""y"":618,""t"":2520},{""x"":131,""y"":607,""t"":2590},{""x"":247,""y"":512,""t"":2637},{""x"":269,""y"":456,""t"":2654},{""x"":314,""y"":449,""t"":2719},{""x"":380,""y"":410,""t"":2730},{""x"":334,""y"":361,""t"":2795},{""x"":387,""y"":356,""t"":2844},{""x"":441,""y"":320,""t"":2858},{""x"":671,""y"":299,""t"":2923},{""x"":836,""y"":295,""t"":2934},{""x"":1044,""y"":303,""t"":2999},{""x"":1217,""y"":268,""t"":3050},{""x"":1355,""y"":239,""t"":3061},{""x"":1419,""y"":257,""t"":3127},{""x"":1461,""y"":275,""t"":3138},{""x"":1475,""y"":247,""t"":3203},{""x"":1202,""y"":288,""t"":3256},{""x"":962,""y"":324,""t"":3267},{""x"":757,""y"":322,""t"":3332},{""x"":658,""y"":303,""t"":3383},{""x"":579,""y"":286,""t"":3401},{""x"":563,""y"":378,""t"":3464},{""x"":546,""y"":487,""t"":3476},{""x"":584,""y"":604,""t"":3544},{""x"":571,""y"":732,""t"":3595},{""x"":567,""y"":851,""t"":3606},{""x"":597,""y"":894,""t"":3671},{""x"":618,""y"":981,""t"":3683},{""x"":582,""y"":956,""t"":3748},{""x"":496,""y"":956,""t"":3799},{""x"":441,""y"":967,""t"":3811},{""x"":447,""y"":956,""t"":3876},{""x"":456,""y"":942,""t"":3887},{""x"":462,""y"":908,""t"":3952},{""x"":502,""y"":839,""t"":4001},{""x"":494,""y"":790,""t"":4012},{""x"":518,""y"":767,""t"":4078},{""x"":465,""y"":759,""t"":4091},{""x"":458,""y"":769,""t"":4159},{""x"":482,""y"":741,""t"":4183},{""x"":517,""y"":731,""t"":4247},{""x"":548,""y"":724,""t"":4259},{""x"":535,""y"":721,""t"":4329},{""x"":719,""y"":768,""t"":4378},{""x"":876,""y"":809,""t"":4389},{""x"":1063,""y"":823,""t"":4454},{""x"":1238,""y"":797,""t"":4505},{""x"":1377,""y"":786,""t"":4524},{""x"":1486,""y"":759,""t"":4588},{""x"":1557,""y"":736,""t"":4598},{""x"":1622,""y"":748,""t"":4666},{""x"":1657,""y"":780,""t"":4717},{""x"":1677,""y"":808,""t"":4728},{""x"":1653,""y"":798,""t"":4792},{""x"":1624,""y"":790,""t"":4803},{""x"":1564,""y"":742,""t"":4868},{""x"":1279,""y"":750,""t"":4917},{""x"":1063,""y"":741,""t"":4930},{""x"":825,""y"":773,""t"":4996},{""x"":643,""y"":794,""t"":5009},{""x"":509,""y"":773,""t"":5074},{""x"":367,""y"":813,""t"":5123},{""x"":273,""y"":804,""t"":5137},{""x"":252,""y"":813,""t"":5202},{""x"":259,""y"":804,""t"":5213},{""x"":240,""y"":786,""t"":5278},{""x"":214,""y"":792,""t"":5326},{""x"":235,""y"":779,""t"":5338},{""x"":382,""y"":755,""t"":5403},{""x"":543,""y"":701,""t"":5416},{""x"":657,""y"":633,""t"":5483},{""x"":732,""y"":605,""t"":5545},{""x"":791,""y"":619,""t"":5583},{""x"":859,""y"":627,""t"":5651},{""x"":868,""y"":644,""t"":5703},{""x"":868,""y"":674,""t"":5715},{""x"":930,""y"":625,""t"":5781}]",0,0.9961874870105741,0.003812512989425807,wa_dn_b-last,0
98-attributes,1,86,exp_105,0.0,464.8000000119209,0.78,0.4,2.1,3.0,higher_p,higher_m,0,1,attributes,1.0,True,1.638,1.2000000000000002,0.4379999999999999,0.7081329507986126,0.5,0.5,0.6,0.4,0.0,1.0,higher_p,higher_m,True,"{""durations"":[1500,1000,1500,1000],""alternatives"":[""all"",""all"",""all"",""all""],""attributes"":[""p"",""m"",""p"",""m""]}","[{""x"":938,""y"":571,""t"":-44},{""x"":895,""y"":574,""t"":0},{""x"":842,""y"":596,""t"":79},{""x"":834,""y"":616,""t"":145},{""x"":830,""y"":649,""t"":170},{""x"":846,""y"":660,""t"":237},{""x"":870,""y"":647,""t"":248},{""x"":895,""y"":668,""t"":312},{""x"":751,""y"":695,""t"":360},{""x"":629,""y"":716,""t"":375},{""x"":551,""y"":732,""t"":446},{""x"":527,""y"":742,""t"":493},{""x"":460,""y"":735,""t"":512},{""x"":660,""y"":757,""t"":578},{""x"":906,""y"":754,""t"":638},{""x"":1104,""y"":761,""t"":651},{""x"":1287,""y"":713,""t"":719},{""x"":1376,""y"":753,""t"":780},{""x"":1444,""y"":787,""t"":791},{""x"":1498,""y"":789,""t"":859},{""x"":1576,""y"":762,""t"":910},{""x"":1634,""y"":738,""t"":921},{""x"":1652,""y"":718,""t"":987},{""x"":1613,""y"":635,""t"":1038},{""x"":1572,""y"":564,""t"":1055},{""x"":1593,""y"":546,""t"":1120},{""x"":1607,""y"":534,""t"":1131},{""x"":1579,""y"":528,""t"":1197},{""x"":1563,""y"":536,""t"":1258},{""x"":1595,""y"":467,""t"":1306},{""x"":1619,""y"":410,""t"":1326},{""x"":1589,""y"":419,""t"":1390},{""x"":1593,""y"":457,""t"":1402},{""x"":1560,""y"":502,""t"":1471},{""x"":1545,""y"":477,""t"":1523},{""x"":1506,""y"":495,""t"":1535},{""x"":1513,""y"":478,""t"":1601},{""x"":1469,""y"":446,""t"":1654},{""x"":1433,""y"":419,""t"":1667},{""x"":1450,""y"":346,""t"":1731},{""x"":1454,""y"":344,""t"":1742},{""x"":1432,""y"":354,""t"":1808},{""x"":1139,""y"":384,""t"":1859},{""x"":885,""y"":351,""t"":1871},{""x"":659,""y"":365,""t"":1936},{""x"":464,""y"":343,""t"":1947},{""x"":344,""y"":342,""t"":2013},{""x"":290,""y"":354,""t"":2063},{""x"":174,""y"":332,""t"":2076},{""x"":410,""y"":333,""t"":2141},{""x"":621,""y"":312,""t"":2153},{""x"":792,""y"":349,""t"":2220},{""x"":934,""y"":359,""t"":2270},{""x"":1057,""y"":423,""t"":2281},{""x"":1163,""y"":449,""t"":2346},{""x"":1281,""y"":440,""t"":2394},{""x"":1375,""y"":431,""t"":2414},{""x"":1464,""y"":410,""t"":2477},{""x"":1532,""y"":392,""t"":2488},{""x"":1558,""y"":376,""t"":2555},{""x"":1435,""y"":443,""t"":2605},{""x"":1279,""y"":549,""t"":2618},{""x"":1125,""y"":664,""t"":2683},{""x"":984,""y"":747,""t"":2694},{""x"":818,""y"":806,""t"":2758},{""x"":744,""y"":846,""t"":2808},{""x"":657,""y"":902,""t"":2822},{""x"":585,""y"":937,""t"":2890},{""x"":689,""y"":935,""t"":2940},{""x"":785,""y"":928,""t"":2959},{""x"":904,""y"":899,""t"":3022},{""x"":910,""y"":915,""t"":3033},{""x"":928,""y"":847,""t"":3106},{""x"":797,""y"":915,""t"":3153},{""x"":733,""y"":897,""t"":3164},{""x"":627,""y"":893,""t"":3230},{""x"":588,""y"":889,""t"":3283},{""x"":539,""y"":904,""t"":3299},{""x"":444,""y"":930,""t"":3364},{""x"":433,""y"":922,""t"":3375},{""x"":423,""y"":948,""t"":3440},{""x"":394,""y"":922,""t"":3491},{""x"":372,""y"":899,""t"":3504},{""x"":392,""y"":900,""t"":3568},{""x"":412,""y"":902,""t"":3579},{""x"":426,""y"":888,""t"":3647},{""x"":412,""y"":906,""t"":3694},{""x"":384,""y"":911,""t"":3708},{""x"":405,""y"":923,""t"":3772},{""x"":424,""y"":932,""t"":3783},{""x"":408,""y"":923,""t"":3849},{""x"":378,""y"":911,""t"":3901},{""x"":390,""y"":894,""t"":3914},{""x"":377,""y"":855,""t"":3979},{""x"":394,""y"":767,""t"":4031},{""x"":409,""y"":694,""t"":4048},{""x"":414,""y"":658,""t"":4115},{""x"":327,""y"":663,""t"":4167},{""x"":252,""y"":669,""t"":4183},{""x"":293,""y"":705,""t"":4249},{""x"":330,""y"":737,""t"":4261},{""x"":340,""y"":767,""t"":4327},{""x"":377,""y"":708,""t"":4377},{""x"":409,""y"":658,""t"":4389},{""x"":451,""y"":601,""t"":4453},{""x"":459,""y"":546,""t"":4464},{""x"":469,""y"":489,""t"":4529},{""x"":448,""y"":511,""t"":4577},{""x"":431,""y"":533,""t"":4591},{""x"":416,""y"":516,""t"":4656},{""x"":402,""y"":503,""t"":4667},{""x"":439,""y"":486,""t"":4733},{""x"":725,""y"":492,""t"":4782},{""x"":954,""y"":511,""t"":4796},{""x"":1181,""y"":511,""t"":4860},{""x"":1360,""y"":520,""t"":4871},{""x"":1449,""y"":542,""t"":4937},{""x"":1550,""y"":478,""t"":4990},{""x"":1625,""y"":425,""t"":5000},{""x"":1645,""y"":447,""t"":5067},{""x"":1642,""y"":485,""t"":5118},{""x"":1619,""y"":521,""t"":5136},{""x"":1475,""y"":541,""t"":5202},{""x"":1333,""y"":504,""t"":5256},{""x"":1209,""y"":472,""t"":5272},{""x"":1133,""y"":457,""t"":5337},{""x"":1075,""y"":470,""t"":5348},{""x"":991,""y"":490,""t"":5414},{""x"":982,""y"":445,""t"":5464},{""x"":962,""y"":400,""t"":5475},{""x"":913,""y"":424,""t"":5540},{""x"":874,""y"":447,""t"":5550},{""x"":887,""y"":474,""t"":5621},{""x"":901,""y"":498,""t"":5644},{""x"":907,""y"":524,""t"":5710},{""x"":882,""y"":532,""t"":5722},{""x"":875,""y"":562,""t"":5787},{""x"":880,""y"":571,""t"":5838},{""x"":886,""y"":577,""t"":5849},{""x"":878,""y"":602,""t"":5915},{""x"":840,""y"":622,""t"":5926},{""x"":881,""y"":627,""t"":5996},{""x"":910,""y"":601,""t"":6045},{""x"":873,""y"":589,""t"":6057}]",0,0.8875343493569385,0.11246565064306148,wa_dn_b-last,0
98-attributes,1,87,exp_31,0.0,443.8000000119209,0.3,0.17,2.0,3.0,higher_p,higher_m,0,1,attributes,1.0,True,0.6,0.51,0.0899999999999999,0.3499494233597794,0.5,0.5,0.4,0.6,1.0,1.0,higher_m,higher_m,True,"{""durations"":[1000,1500,1000,1500],""alternatives"":[""all"",""all"",""all"",""all""],""attributes"":[""p"",""m"",""p"",""m""]}","[{""x"":917,""y"":615,""t"":-12},{""x"":906,""y"":667,""t"":0},{""x"":904,""y"":632,""t"":71},{""x"":922,""y"":637,""t"":143},{""x"":908,""y"":628,""t"":171},{""x"":908,""y"":617,""t"":236},{""x"":886,""y"":605,""t"":247},{""x"":866,""y"":612,""t"":313},{""x"":733,""y"":610,""t"":364},{""x"":622,""y"":608,""t"":377},{""x"":524,""y"":620,""t"":441},{""x"":446,""y"":630,""t"":453},{""x"":407,""y"":637,""t"":519},{""x"":422,""y"":649,""t"":567},{""x"":440,""y"":659,""t"":580},{""x"":668,""y"":725,""t"":644},{""x"":865,""y"":780,""t"":656},{""x"":1058,""y"":793,""t"":722},{""x"":1235,""y"":742,""t"":770},{""x"":1368,""y"":689,""t"":784},{""x"":1499,""y"":689,""t"":848},{""x"":1597,""y"":687,""t"":861},{""x"":1663,""y"":710,""t"":928},{""x"":1725,""y"":758,""t"":978},{""x"":1748,""y"":802,""t"":989},{""x"":1760,""y"":814,""t"":1058},{""x"":1747,""y"":744,""t"":1128},{""x"":1743,""y"":718,""t"":1179},{""x"":1728,""y"":720,""t"":1192},{""x"":1654,""y"":673,""t"":1262},{""x"":1564,""y"":622,""t"":1311},{""x"":1539,""y"":593,""t"":1326},{""x"":1539,""y"":526,""t"":1392},{""x"":1538,""y"":530,""t"":1402},{""x"":1257,""y"":446,""t"":1468},{""x"":979,""y"":383,""t"":1530},{""x"":788,""y"":352,""t"":1582},{""x"":582,""y"":313,""t"":1600},{""x"":450,""y"":310,""t"":1666},{""x"":350,""y"":311,""t"":1679},{""x"":248,""y"":297,""t"":1755},{""x"":197,""y"":315,""t"":1769},{""x"":150,""y"":316,""t"":1837},{""x"":146,""y"":299,""t"":1887},{""x"":154,""y"":284,""t"":1906},{""x"":126,""y"":289,""t"":1971},{""x"":110,""y"":295,""t"":1982},{""x"":131,""y"":344,""t"":2048},{""x"":170,""y"":398,""t"":2096},{""x"":209,""y"":443,""t"":2109},{""x"":345,""y"":524,""t"":2175},{""x"":390,""y"":550,""t"":2188},{""x"":418,""y"":606,""t"":2254},{""x"":432,""y"":656,""t"":2280},{""x"":598,""y"":649,""t"":2354},{""x"":881,""y"":593,""t"":2406},{""x"":1077,""y"":585,""t"":2442},{""x"":1227,""y"":610,""t"":2481},{""x"":1386,""y"":604,""t"":2520},{""x"":1463,""y"":632,""t"":2587},{""x"":1507,""y"":613,""t"":2664},{""x"":1543,""y"":602,""t"":2687},{""x"":1601,""y"":556,""t"":2755},{""x"":1628,""y"":595,""t"":2806},{""x"":1658,""y"":589,""t"":2823},{""x"":1616,""y"":624,""t"":2889},{""x"":1584,""y"":658,""t"":2900},{""x"":1609,""y"":671,""t"":2967},{""x"":1595,""y"":677,""t"":3020},{""x"":1592,""y"":694,""t"":3032},{""x"":1340,""y"":702,""t"":3096},{""x"":1052,""y"":736,""t"":3147},{""x"":820,""y"":767,""t"":3163},{""x"":623,""y"":751,""t"":3228},{""x"":466,""y"":735,""t"":3240},{""x"":363,""y"":739,""t"":3307},{""x"":267,""y"":775,""t"":3355},{""x"":197,""y"":805,""t"":3368},{""x"":273,""y"":814,""t"":3433},{""x"":348,""y"":819,""t"":3444},{""x"":402,""y"":795,""t"":3509},{""x"":459,""y"":788,""t"":3561},{""x"":512,""y"":782,""t"":3573},{""x"":535,""y"":757,""t"":3640},{""x"":554,""y"":754,""t"":3690},{""x"":578,""y"":738,""t"":3706},{""x"":576,""y"":701,""t"":3771},{""x"":594,""y"":671,""t"":3783},{""x"":608,""y"":654,""t"":3862},{""x"":619,""y"":647,""t"":3877},{""x"":673,""y"":642,""t"":3943},{""x"":718,""y"":639,""t"":3953},{""x"":691,""y"":602,""t"":4019},{""x"":673,""y"":602,""t"":4069},{""x"":657,""y"":603,""t"":4082},{""x"":618,""y"":537,""t"":4146},{""x"":596,""y"":498,""t"":4157},{""x"":593,""y"":482,""t"":4223},{""x"":571,""y"":419,""t"":4275},{""x"":511,""y"":379,""t"":4286},{""x"":561,""y"":353,""t"":4351},{""x"":605,""y"":335,""t"":4362},{""x"":547,""y"":327,""t"":4428},{""x"":781,""y"":413,""t"":4476},{""x"":1007,""y"":457,""t"":4489},{""x"":1163,""y"":476,""t"":4554},{""x"":1314,""y"":492,""t"":4565},{""x"":1381,""y"":414,""t"":4650},{""x"":1453,""y"":361,""t"":4660},{""x"":1532,""y"":370,""t"":4729},{""x"":1559,""y"":447,""t"":4781},{""x"":1573,""y"":513,""t"":4795},{""x"":1603,""y"":592,""t"":4859},{""x"":1622,""y"":658,""t"":4870},{""x"":1635,""y"":720,""t"":4936},{""x"":1699,""y"":784,""t"":4983},{""x"":1724,""y"":843,""t"":4998},{""x"":1721,""y"":861,""t"":5062},{""x"":1722,""y"":814,""t"":5073},{""x"":1769,""y"":811,""t"":5139},{""x"":1761,""y"":837,""t"":5192},{""x"":1750,""y"":858,""t"":5203},{""x"":1746,""y"":843,""t"":5267},{""x"":1722,""y"":820,""t"":5277},{""x"":1696,""y"":830,""t"":5342},{""x"":1686,""y"":792,""t"":5400},{""x"":1677,""y"":758,""t"":5411},{""x"":1526,""y"":722,""t"":5476},{""x"":1384,""y"":673,""t"":5529},{""x"":1267,""y"":618,""t"":5544},{""x"":1162,""y"":622,""t"":5613},{""x"":1105,""y"":638,""t"":5664},{""x"":1048,""y"":629,""t"":5678},{""x"":1012,""y"":630,""t"":5743},{""x"":947,""y"":600,""t"":5754},{""x"":903,""y"":619,""t"":5820},{""x"":902,""y"":637,""t"":5870},{""x"":888,""y"":629,""t"":5882},{""x"":872,""y"":622,""t"":5947},{""x"":864,""y"":609,""t"":5958}]",1,0.7704559303082104,0.22954406969178956,wa_dn_b-last,0
98-attributes,1,88,exp_21,1.0,276.4000000357628,0.28,0.17,4.3,8.3,higher_p,higher_m,0,1,attributes,1.0,True,1.204,1.4110000000000005,-0.2070000000000003,0.0442583094249128,0.5,0.5,0.4,0.6,1.0,0.0,higher_m,higher_p,False,"{""durations"":[1500,1000,1500,1000],""alternatives"":[""all"",""all"",""all"",""all""],""attributes"":[""m"",""p"",""m"",""p""]}","[{""x"":975,""y"":634,""t"":-12},{""x"":983,""y"":606,""t"":0},{""x"":1033,""y"":598,""t"":83},{""x"":1018,""y"":590,""t"":147},{""x"":998,""y"":616,""t"":196},{""x"":980,""y"":638,""t"":207},{""x"":996,""y"":644,""t"":278},{""x"":974,""y"":607,""t"":326},{""x"":976,""y"":584,""t"":341},{""x"":809,""y"":533,""t"":406},{""x"":709,""y"":517,""t"":417},{""x"":621,""y"":465,""t"":484},{""x"":612,""y"":434,""t"":533},{""x"":617,""y"":407,""t"":546},{""x"":832,""y"":369,""t"":612},{""x"":1017,""y"":318,""t"":626},{""x"":1115,""y"":302,""t"":693},{""x"":1243,""y"":270,""t"":751},{""x"":1303,""y"":295,""t"":813},{""x"":1347,""y"":319,""t"":825},{""x"":1475,""y"":310,""t"":891},{""x"":1523,""y"":305,""t"":943},{""x"":1560,""y"":341,""t"":956},{""x"":1561,""y"":364,""t"":1023},{""x"":1572,""y"":422,""t"":1075},{""x"":1582,""y"":488,""t"":1088},{""x"":1524,""y"":518,""t"":1154},{""x"":1470,""y"":541,""t"":1165},{""x"":1476,""y"":558,""t"":1231},{""x"":1445,""y"":568,""t"":1280},{""x"":1419,""y"":574,""t"":1292},{""x"":1426,""y"":596,""t"":1359},{""x"":1440,""y"":622,""t"":1369},{""x"":1463,""y"":583,""t"":1435},{""x"":1473,""y"":565,""t"":1486},{""x"":1444,""y"":565,""t"":1497},{""x"":1403,""y"":518,""t"":1565},{""x"":1312,""y"":539,""t"":1616},{""x"":1221,""y"":571,""t"":1633},{""x"":1076,""y"":572,""t"":1696},{""x"":955,""y"":573,""t"":1708},{""x"":826,""y"":629,""t"":1772},{""x"":769,""y"":598,""t"":1820},{""x"":728,""y"":572,""t"":1836},{""x"":843,""y"":570,""t"":1901},{""x"":944,""y"":603,""t"":1914},{""x"":1063,""y"":587,""t"":1978},{""x"":1170,""y"":634,""t"":2026},{""x"":1291,""y"":670,""t"":2041},{""x"":1391,""y"":684,""t"":2106},{""x"":1460,""y"":664,""t"":2118},{""x"":1503,""y"":693,""t"":2182},{""x"":1317,""y"":671,""t"":2230},{""x"":1176,""y"":658,""t"":2245},{""x"":973,""y"":653,""t"":2309},{""x"":817,""y"":677,""t"":2320},{""x"":695,""y"":646,""t"":2387},{""x"":582,""y"":648,""t"":2434},{""x"":467,""y"":624,""t"":2449},{""x"":434,""y"":630,""t"":2515},{""x"":432,""y"":621,""t"":2526},{""x"":653,""y"":647,""t"":2593},{""x"":835,""y"":700,""t"":2619},{""x"":1008,""y"":692,""t"":2684},{""x"":1161,""y"":672,""t"":2694},{""x"":1347,""y"":641,""t"":2759},{""x"":1437,""y"":630,""t"":2807},{""x"":1494,""y"":603,""t"":2822},{""x"":1541,""y"":609,""t"":2888},{""x"":1576,""y"":602,""t"":2899},{""x"":1635,""y"":526,""t"":2965},{""x"":1662,""y"":468,""t"":3013},{""x"":1678,""y"":420,""t"":3027},{""x"":1486,""y"":441,""t"":3092},{""x"":1309,""y"":425,""t"":3102},{""x"":1017,""y"":376,""t"":3170},{""x"":782,""y"":324,""t"":3221},{""x"":616,""y"":293,""t"":3232},{""x"":452,""y"":230,""t"":3297},{""x"":334,""y"":173,""t"":3308},{""x"":235,""y"":176,""t"":3375},{""x"":227,""y"":166,""t"":3425},{""x"":172,""y"":166,""t"":3438},{""x"":405,""y"":221,""t"":3502},{""x"":637,""y"":276,""t"":3514},{""x"":771,""y"":314,""t"":3579},{""x"":918,""y"":373,""t"":3644},{""x"":1092,""y"":413,""t"":3696},{""x"":1238,""y"":445,""t"":3707},{""x"":1338,""y"":404,""t"":3773},{""x"":1399,""y"":375,""t"":3784},{""x"":1430,""y"":368,""t"":3849},{""x"":1419,""y"":321,""t"":3896},{""x"":1401,""y"":280,""t"":3910},{""x"":1439,""y"":281,""t"":3975},{""x"":1472,""y"":312,""t"":3986},{""x"":1515,""y"":411,""t"":4051},{""x"":1534,""y"":515,""t"":4101},{""x"":1571,""y"":567,""t"":4115},{""x"":1569,""y"":588,""t"":4180},{""x"":1591,""y"":604,""t"":4191},{""x"":1596,""y"":677,""t"":4256},{""x"":1488,""y"":686,""t"":4306},{""x"":1373,""y"":706,""t"":4320},{""x"":1164,""y"":716,""t"":4386},{""x"":972,""y"":723,""t"":4434},{""x"":803,""y"":730,""t"":4454},{""x"":685,""y"":753,""t"":4520},{""x"":594,""y"":771,""t"":4531},{""x"":503,""y"":766,""t"":4597},{""x"":390,""y"":789,""t"":4648},{""x"":303,""y"":807,""t"":4659},{""x"":288,""y"":815,""t"":4724},{""x"":285,""y"":819,""t"":4735},{""x"":221,""y"":809,""t"":4802},{""x"":240,""y"":787,""t"":4851},{""x"":263,""y"":767,""t"":4863},{""x"":238,""y"":724,""t"":4927},{""x"":217,""y"":683,""t"":4940},{""x"":277,""y"":683,""t"":5007},{""x"":335,""y"":694,""t"":5056},{""x"":392,""y"":662,""t"":5068},{""x"":423,""y"":675,""t"":5138},{""x"":501,""y"":645,""t"":5190},{""x"":500,""y"":622,""t"":5203},{""x"":510,""y"":634,""t"":5267},{""x"":573,""y"":643,""t"":5280},{""x"":686,""y"":634,""t"":5344},{""x"":763,""y"":610,""t"":5406},{""x"":831,""y"":573,""t"":5417},{""x"":835,""y"":604,""t"":5488},{""x"":848,""y"":614,""t"":5508},{""x"":907,""y"":617,""t"":5574},{""x"":959,""y"":622,""t"":5585},{""x"":1016,""y"":598,""t"":5651},{""x"":1035,""y"":608,""t"":5703},{""x"":1057,""y"":649,""t"":5715},{""x"":1029,""y"":635,""t"":5784}]",0,0.5537183128487327,0.4462816871512672,wa_dn_b-last,0
98-attributes,1,90,exp_33,1.0,404.6999999880791,0.79,0.7,2.0,3.2,higher_p,higher_m,0,1,attributes,1.0,True,1.58,2.24,-0.6599999999999997,-0.4219978340514987,0.5,0.5,0.6,0.4,0.0,1.0,higher_p,higher_m,False,"{""durations"":[1500,1000,1500,1000],""alternatives"":[""all"",""all"",""all"",""all""],""attributes"":[""p"",""m"",""p"",""m""]}","[{""x"":958,""y"":575,""t"":-12},{""x"":924,""y"":581,""t"":0},{""x"":907,""y"":591,""t"":79},{""x"":894,""y"":600,""t"":115},{""x"":913,""y"":635,""t"":181},{""x"":918,""y"":599,""t"":231},{""x"":928,""y"":620,""t"":242},{""x"":977,""y"":570,""t"":308},{""x"":964,""y"":551,""t"":361},{""x"":979,""y"":554,""t"":375},{""x"":887,""y"":567,""t"":443},{""x"":776,""y"":624,""t"":494},{""x"":656,""y"":638,""t"":512},{""x"":619,""y"":658,""t"":578},{""x"":612,""y"":675,""t"":589},{""x"":828,""y"":714,""t"":654},{""x"":1013,""y"":730,""t"":706},{""x"":1170,""y"":742,""t"":717},{""x"":1316,""y"":742,""t"":781},{""x"":1434,""y"":740,""t"":792},{""x"":1524,""y"":763,""t"":858},{""x"":1551,""y"":750,""t"":908},{""x"":1566,""y"":737,""t"":920},{""x"":1414,""y"":738,""t"":984},{""x"":1278,""y"":738,""t"":995},{""x"":1025,""y"":731,""t"":1061},{""x"":851,""y"":721,""t"":1110},{""x"":707,""y"":712,""t"":1124},{""x"":559,""y"":711,""t"":1188},{""x"":440,""y"":710,""t"":1199},{""x"":403,""y"":700,""t"":1266},{""x"":617,""y"":698,""t"":1315},{""x"":809,""y"":696,""t"":1328},{""x"":977,""y"":693,""t"":1396},{""x"":1082,""y"":682,""t"":1445},{""x"":1169,""y"":673,""t"":1463},{""x"":1268,""y"":724,""t"":1527},{""x"":1355,""y"":742,""t"":1541},{""x"":1384,""y"":723,""t"":1608},{""x"":1475,""y"":689,""t"":1656},{""x"":1524,""y"":656,""t"":1667},{""x"":1328,""y"":633,""t"":1733},{""x"":1203,""y"":619,""t"":1745},{""x"":1015,""y"":611,""t"":1810},{""x"":985,""y"":646,""t"":1862},{""x"":942,""y"":665,""t"":1875},{""x"":846,""y"":712,""t"":1940},{""x"":862,""y"":813,""t"":1992},{""x"":750,""y"":902,""t"":2008},{""x"":766,""y"":953,""t"":2081},{""x"":941,""y"":931,""t"":2133},{""x"":1114,""y"":894,""t"":2145},{""x"":1232,""y"":841,""t"":2210},{""x"":1308,""y"":794,""t"":2221},{""x"":1391,""y"":702,""t"":2288},{""x"":1484,""y"":630,""t"":2338},{""x"":1482,""y"":575,""t"":2349},{""x"":1520,""y"":489,""t"":2415},{""x"":1502,""y"":429,""t"":2467},{""x"":1518,""y"":365,""t"":2483},{""x"":1445,""y"":353,""t"":2547},{""x"":1392,""y"":344,""t"":2558},{""x"":1351,""y"":332,""t"":2626},{""x"":1348,""y"":354,""t"":2678},{""x"":1346,""y"":375,""t"":2689},{""x"":1281,""y"":443,""t"":2753},{""x"":1286,""y"":459,""t"":2765},{""x"":1303,""y"":554,""t"":2831},{""x"":1352,""y"":571,""t"":2882},{""x"":1118,""y"":645,""t"":2918},{""x"":933,""y"":778,""t"":2957},{""x"":831,""y"":839,""t"":2994},{""x"":712,""y"":906,""t"":3060},{""x"":648,""y"":926,""t"":3072},{""x"":506,""y"":983,""t"":3139},{""x"":478,""y"":964,""t"":3186},{""x"":463,""y"":942,""t"":3198},{""x"":484,""y"":945,""t"":3264},{""x"":504,""y"":886,""t"":3275},{""x"":670,""y"":817,""t"":3340},{""x"":860,""y"":807,""t"":3392},{""x"":1029,""y"":811,""t"":3405},{""x"":1187,""y"":810,""t"":3473},{""x"":1362,""y"":796,""t"":3525},{""x"":1482,""y"":770,""t"":3538},{""x"":1559,""y"":756,""t"":3602},{""x"":1624,""y"":730,""t"":3613},{""x"":1676,""y"":676,""t"":3678},{""x"":1378,""y"":666,""t"":3732},{""x"":1140,""y"":670,""t"":3743},{""x"":926,""y"":656,""t"":3809},{""x"":743,""y"":665,""t"":3858},{""x"":607,""y"":680,""t"":3877},{""x"":561,""y"":711,""t"":3942},{""x"":531,""y"":738,""t"":3953},{""x"":441,""y"":707,""t"":4018},{""x"":384,""y"":709,""t"":4066},{""x"":320,""y"":718,""t"":4080},{""x"":284,""y"":689,""t"":4147},{""x"":259,""y"":679,""t"":4158},{""x"":257,""y"":696,""t"":4223},{""x"":335,""y"":700,""t"":4274},{""x"":420,""y"":707,""t"":4286},{""x"":463,""y"":742,""t"":4351},{""x"":530,""y"":729,""t"":4361},{""x"":507,""y"":655,""t"":4428},{""x"":475,""y"":612,""t"":4480},{""x"":446,""y"":576,""t"":4492},{""x"":451,""y"":577,""t"":4557},{""x"":594,""y"":521,""t"":4604},{""x"":702,""y"":487,""t"":4625},{""x"":924,""y"":469,""t"":4689},{""x"":1101,""y"":454,""t"":4700},{""x"":1244,""y"":443,""t"":4765},{""x"":1375,""y"":490,""t"":4817},{""x"":1481,""y"":485,""t"":4828},{""x"":1551,""y"":489,""t"":4895},{""x"":1595,""y"":494,""t"":4906},{""x"":1618,""y"":464,""t"":4970},{""x"":1615,""y"":462,""t"":5032},{""x"":1614,""y"":486,""t"":5083},{""x"":1601,""y"":495,""t"":5101},{""x"":1451,""y"":545,""t"":5167},{""x"":1309,""y"":601,""t"":5177},{""x"":1164,""y"":630,""t"":5242},{""x"":1036,""y"":670,""t"":5294},{""x"":930,""y"":702,""t"":5305},{""x"":863,""y"":715,""t"":5370},{""x"":762,""y"":724,""t"":5381},{""x"":689,""y"":690,""t"":5446},{""x"":691,""y"":686,""t"":5501},{""x"":671,""y"":695,""t"":5513},{""x"":641,""y"":701,""t"":5579},{""x"":654,""y"":671,""t"":5631},{""x"":680,""y"":652,""t"":5646},{""x"":702,""y"":674,""t"":5710},{""x"":726,""y"":683,""t"":5721},{""x"":767,""y"":640,""t"":5786},{""x"":760,""y"":643,""t"":5837},{""x"":766,""y"":651,""t"":5850},{""x"":813,""y"":634,""t"":5915},{""x"":879,""y"":624,""t"":5926}]",1,0.11994464846632467,0.8800553515336753,wa_dn_b-last,0
98-attributes,1,91,exp_51,0.0,349.0,0.49,0.32,6.9,8.2,higher_p,higher_m,0,1,attributes,1.0,True,3.381,2.624,0.7570000000000006,1.0364678509508771,0.5,0.5,0.6,0.4,0.0,0.0,higher_p,higher_p,True,"{""durations"":[1000,1500,1000,1500],""alternatives"":[""all"",""all"",""all"",""all""],""attributes"":[""m"",""p"",""m"",""p""]}","[{""x"":890,""y"":601,""t"":-19},{""x"":893,""y"":599,""t"":0},{""x"":925,""y"":565,""t"":106},{""x"":893,""y"":548,""t"":157},{""x"":885,""y"":511,""t"":171},{""x"":895,""y"":522,""t"":236},{""x"":886,""y"":561,""t"":247},{""x"":894,""y"":562,""t"":314},{""x"":842,""y"":587,""t"":366},{""x"":790,""y"":596,""t"":377},{""x"":801,""y"":609,""t"":444},{""x"":793,""y"":619,""t"":495},{""x"":788,""y"":627,""t"":511},{""x"":963,""y"":577,""t"":575},{""x"":1096,""y"":568,""t"":586},{""x"":1185,""y"":490,""t"":650},{""x"":1258,""y"":462,""t"":700},{""x"":1315,""y"":439,""t"":714},{""x"":1210,""y"":373,""t"":779},{""x"":1128,""y"":350,""t"":791},{""x"":943,""y"":286,""t"":858},{""x"":741,""y"":236,""t"":905},{""x"":560,""y"":193,""t"":919},{""x"":444,""y"":180,""t"":984},{""x"":353,""y"":173,""t"":994},{""x"":289,""y"":211,""t"":1063},{""x"":418,""y"":231,""t"":1124},{""x"":629,""y"":296,""t"":1171},{""x"":803,""y"":265,""t"":1191},{""x"":991,""y"":259,""t"":1256},{""x"":1144,""y"":264,""t"":1268},{""x"":1243,""y"":310,""t"":1334},{""x"":1355,""y"":362,""t"":1382},{""x"":1422,""y"":462,""t"":1395},{""x"":1502,""y"":526,""t"":1460},{""x"":1561,""y"":552,""t"":1471},{""x"":1573,""y"":601,""t"":1536},{""x"":1603,""y"":600,""t"":1588},{""x"":1613,""y"":613,""t"":1599},{""x"":1340,""y"":659,""t"":1664},{""x"":1168,""y"":698,""t"":1675},{""x"":984,""y"":733,""t"":1742},{""x"":825,""y"":748,""t"":1795},{""x"":678,""y"":719,""t"":1806},{""x"":633,""y"":700,""t"":1870},{""x"":513,""y"":693,""t"":1881},{""x"":424,""y"":742,""t"":1951},{""x"":426,""y"":703,""t"":1999},{""x"":389,""y"":706,""t"":2010},{""x"":387,""y"":681,""t"":2075},{""x"":372,""y"":697,""t"":2124},{""x"":369,""y"":758,""t"":2142},{""x"":375,""y"":717,""t"":2204},{""x"":356,""y"":680,""t"":2242},{""x"":343,""y"":648,""t"":2282},{""x"":339,""y"":580,""t"":2351},{""x"":343,""y"":500,""t"":2398},{""x"":381,""y"":415,""t"":2416},{""x"":388,""y"":379,""t"":2480},{""x"":395,""y"":352,""t"":2491},{""x"":369,""y"":278,""t"":2555},{""x"":337,""y"":218,""t"":2615},{""x"":311,""y"":171,""t"":2627},{""x"":310,""y"":137,""t"":2691},{""x"":289,""y"":124,""t"":2744},{""x"":272,""y"":118,""t"":2755},{""x"":447,""y"":157,""t"":2820},{""x"":596,""y"":194,""t"":2831},{""x"":822,""y"":198,""t"":2899},{""x"":960,""y"":225,""t"":2967},{""x"":1119,""y"":208,""t"":2992},{""x"":1175,""y"":231,""t"":3058},{""x"":1264,""y"":231,""t"":3069},{""x"":1046,""y"":256,""t"":3135},{""x"":859,""y"":223,""t"":3184},{""x"":681,""y"":192,""t"":3197},{""x"":538,""y"":222,""t"":3260},{""x"":441,""y"":223,""t"":3271},{""x"":447,""y"":232,""t"":3337},{""x"":391,""y"":269,""t"":3388},{""x"":364,""y"":292,""t"":3401},{""x"":258,""y"":176,""t"":3465},{""x"":216,""y"":152,""t"":3476},{""x"":175,""y"":164,""t"":3544},{""x"":73,""y"":134,""t"":3596},{""x"":117,""y"":183,""t"":3608},{""x"":204,""y"":327,""t"":3674},{""x"":313,""y"":407,""t"":3726},{""x"":412,""y"":481,""t"":3740},{""x"":467,""y"":564,""t"":3804},{""x"":539,""y"":612,""t"":3817},{""x"":627,""y"":641,""t"":3882},{""x"":599,""y"":642,""t"":3934},{""x"":582,""y"":656,""t"":3946},{""x"":534,""y"":673,""t"":4011},{""x"":516,""y"":650,""t"":4023},{""x"":476,""y"":659,""t"":4090},{""x"":466,""y"":651,""t"":4114},{""x"":705,""y"":669,""t"":4180},{""x"":908,""y"":682,""t"":4192},{""x"":1142,""y"":683,""t"":4257},{""x"":1309,""y"":687,""t"":4310},{""x"":1438,""y"":693,""t"":4321},{""x"":1524,""y"":711,""t"":4385},{""x"":1578,""y"":713,""t"":4396},{""x"":1633,""y"":730,""t"":4462},{""x"":1683,""y"":692,""t"":4511},{""x"":1739,""y"":673,""t"":4523},{""x"":1737,""y"":638,""t"":4590},{""x"":1574,""y"":656,""t"":4640},{""x"":1429,""y"":672,""t"":4659},{""x"":1213,""y"":670,""t"":4723},{""x"":1029,""y"":668,""t"":4734},{""x"":875,""y"":674,""t"":4801},{""x"":743,""y"":659,""t"":4851},{""x"":612,""y"":675,""t"":4865},{""x"":501,""y"":601,""t"":4930},{""x"":398,""y"":521,""t"":4979},{""x"":352,""y"":420,""t"":4999},{""x"":310,""y"":361,""t"":5062},{""x"":257,""y"":316,""t"":5073},{""x"":188,""y"":290,""t"":5140},{""x"":174,""y"":253,""t"":5193},{""x"":161,""y"":232,""t"":5205},{""x"":174,""y"":276,""t"":5270},{""x"":191,""y"":318,""t"":5281},{""x"":209,""y"":363,""t"":5347},{""x"":408,""y"":405,""t"":5416},{""x"":558,""y"":469,""t"":5440},{""x"":687,""y"":496,""t"":5505},{""x"":795,""y"":518,""t"":5515},{""x"":886,""y"":555,""t"":5582},{""x"":909,""y"":548,""t"":5629},{""x"":960,""y"":576,""t"":5645},{""x"":953,""y"":544,""t"":5716},{""x"":945,""y"":535,""t"":5765},{""x"":956,""y"":518,""t"":5781},{""x"":988,""y"":501,""t"":5847},{""x"":987,""y"":503,""t"":5862}]",0,0.9018158427513239,0.09818415724867617,wa_dn_b-last,0
98-attributes,1,92,catch_13,1.0,388.5999999642372,0.21,0.52,1.7999999999999998,2.8,dominated,dominant,1,1,attributes,1.0,True,0.3779999999999999,1.456,-1.078,-0.8522297721820516,0.5,0.5,0.5,0.5,,1.0,,dominant,True,"{""durations"":[1250,1250,1250,1250],""attributes"":[""p"",""m"",""p"",""m""],""alternatives"":[""all"",""all"",""all"",""all""]}","[{""x"":888,""y"":667,""t"":-56},{""x"":879,""y"":657,""t"":0},{""x"":904,""y"":632,""t"":85},{""x"":902,""y"":601,""t"":107},{""x"":896,""y"":589,""t"":203},{""x"":892,""y"":580,""t"":214},{""x"":896,""y"":567,""t"":282},{""x"":880,""y"":592,""t"":307},{""x"":788,""y"":574,""t"":377},{""x"":678,""y"":592,""t"":425},{""x"":602,""y"":632,""t"":444},{""x"":495,""y"":667,""t"":508},{""x"":418,""y"":707,""t"":518},{""x"":361,""y"":720,""t"":584},{""x"":661,""y"":682,""t"":649},{""x"":866,""y"":662,""t"":702},{""x"":1039,""y"":644,""t"":716},{""x"":1208,""y"":643,""t"":781},{""x"":1346,""y"":642,""t"":792},{""x"":1433,""y"":592,""t"":858},{""x"":1493,""y"":638,""t"":909},{""x"":1552,""y"":640,""t"":920},{""x"":1576,""y"":562,""t"":985},{""x"":1570,""y"":509,""t"":998},{""x"":1520,""y"":546,""t"":1063},{""x"":1380,""y"":533,""t"":1113},{""x"":1239,""y"":516,""t"":1124},{""x"":1008,""y"":472,""t"":1192},{""x"":829,""y"":446,""t"":1244},{""x"":669,""y"":439,""t"":1259},{""x"":481,""y"":440,""t"":1327},{""x"":324,""y"":402,""t"":1380},{""x"":201,""y"":372,""t"":1396},{""x"":140,""y"":303,""t"":1461},{""x"":100,""y"":247,""t"":1472},{""x"":33,""y"":232,""t"":1538},{""x"":94,""y"":278,""t"":1589},{""x"":113,""y"":294,""t"":1601},{""x"":420,""y"":281,""t"":1667},{""x"":637,""y"":260,""t"":1718},{""x"":862,""y"":229,""t"":1736},{""x"":1075,""y"":228,""t"":1801},{""x"":1250,""y"":229,""t"":1812},{""x"":1364,""y"":242,""t"":1879},{""x"":1154,""y"":302,""t"":1928},{""x"":965,""y"":354,""t"":1939},{""x"":778,""y"":389,""t"":2004},{""x"":641,""y"":394,""t"":2016},{""x"":483,""y"":399,""t"":2080},{""x"":450,""y"":505,""t"":2128},{""x"":427,""y"":599,""t"":2142},{""x"":463,""y"":675,""t"":2207},{""x"":451,""y"":687,""t"":2218},{""x"":515,""y"":750,""t"":2282},{""x"":633,""y"":797,""t"":2360},{""x"":701,""y"":839,""t"":2381},{""x"":756,""y"":836,""t"":2445},{""x"":801,""y"":829,""t"":2456},{""x"":870,""y"":789,""t"":2522},{""x"":939,""y"":812,""t"":2575},{""x"":994,""y"":829,""t"":2586},{""x"":1137,""y"":798,""t"":2650},{""x"":1251,""y"":780,""t"":2663},{""x"":1405,""y"":776,""t"":2728},{""x"":1501,""y"":735,""t"":2780},{""x"":1571,""y"":671,""t"":2792},{""x"":1594,""y"":637,""t"":2858},{""x"":1674,""y"":620,""t"":2908},{""x"":1728,""y"":623,""t"":2925},{""x"":1641,""y"":743,""t"":2988},{""x"":1609,""y"":757,""t"":2999},{""x"":1438,""y"":751,""t"":3065},{""x"":1359,""y"":768,""t"":3131},{""x"":1364,""y"":775,""t"":3178},{""x"":1392,""y"":763,""t"":3197},{""x"":1364,""y"":782,""t"":3261},{""x"":1340,""y"":797,""t"":3271},{""x"":1230,""y"":795,""t"":3337},{""x"":1056,""y"":826,""t"":3387},{""x"":954,""y"":853,""t"":3401},{""x"":837,""y"":821,""t"":3466},{""x"":743,""y"":792,""t"":3477},{""x"":680,""y"":818,""t"":3544},{""x"":816,""y"":778,""t"":3595},{""x"":939,""y"":744,""t"":3606},{""x"":1024,""y"":680,""t"":3670},{""x"":1098,""y"":627,""t"":3681},{""x"":1223,""y"":552,""t"":3747},{""x"":1331,""y"":448,""t"":3797},{""x"":1394,""y"":404,""t"":3809},{""x"":1415,""y"":349,""t"":3878},{""x"":1471,""y"":299,""t"":3931},{""x"":1549,""y"":271,""t"":3944},{""x"":1612,""y"":225,""t"":4010},{""x"":1587,""y"":242,""t"":4021},{""x"":1586,""y"":237,""t"":4086},{""x"":1590,""y"":255,""t"":4134},{""x"":1572,""y"":282,""t"":4149},{""x"":1404,""y"":441,""t"":4215},{""x"":1249,""y"":596,""t"":4226},{""x"":1055,""y"":670,""t"":4291},{""x"":861,""y"":782,""t"":4343},{""x"":757,""y"":811,""t"":4355},{""x"":581,""y"":792,""t"":4422},{""x"":460,""y"":786,""t"":4470},{""x"":391,""y"":794,""t"":4492},{""x"":325,""y"":747,""t"":4559},{""x"":328,""y"":770,""t"":4609},{""x"":341,""y"":747,""t"":4624},{""x"":329,""y"":703,""t"":4688},{""x"":315,""y"":680,""t"":4698},{""x"":357,""y"":738,""t"":4764},{""x"":438,""y"":733,""t"":4816},{""x"":438,""y"":819,""t"":4830},{""x"":506,""y"":846,""t"":4895},{""x"":583,""y"":862,""t"":4906},{""x"":603,""y"":880,""t"":4971},{""x"":555,""y"":938,""t"":5023},{""x"":512,""y"":986,""t"":5035},{""x"":498,""y"":963,""t"":5099},{""x"":454,""y"":960,""t"":5111},{""x"":488,""y"":950,""t"":5176},{""x"":469,""y"":940,""t"":5251},{""x"":467,""y"":912,""t"":5271},{""x"":502,""y"":896,""t"":5349},{""x"":489,""y"":958,""t"":5372},{""x"":576,""y"":921,""t"":5437},{""x"":650,""y"":889,""t"":5449},{""x"":742,""y"":834,""t"":5516},{""x"":807,""y"":808,""t"":5563},{""x"":885,""y"":771,""t"":5577},{""x"":926,""y"":743,""t"":5641},{""x"":971,""y"":738,""t"":5653},{""x"":1012,""y"":725,""t"":5719},{""x"":1014,""y"":719,""t"":5766},{""x"":1032,""y"":710,""t"":5782},{""x"":1050,""y"":653,""t"":5847},{""x"":1062,""y"":606,""t"":5858},{""x"":1059,""y"":607,""t"":5924},{""x"":1069,""y"":616,""t"":5972}]",1,0.0002473778357526712,0.9997526221642474,wa_dn_b-last,0
98-attributes,1,95,catch_17,1.0,469.0999999642372,0.4,0.68,2.2,3.0,dominated,dominant,1,1,attributes,1.0,True,0.8800000000000001,2.04,-1.16,-0.9366293389923512,0.5,0.5,0.5,0.5,,1.0,,dominant,True,"{""durations"":[1250,1250,1250,1250],""attributes"":[""p"",""m"",""p"",""m""],""alternatives"":[""all"",""all"",""all"",""all""]}","[{""x"":918,""y"":537,""t"":-11},{""x"":932,""y"":524,""t"":0},{""x"":922,""y"":521,""t"":96},{""x"":927,""y"":494,""t"":139},{""x"":900,""y"":511,""t"":232},{""x"":892,""y"":513,""t"":243},{""x"":883,""y"":534,""t"":311},{""x"":779,""y"":605,""t"":359},{""x"":692,""y"":665,""t"":375},{""x"":655,""y"":632,""t"":440},{""x"":590,""y"":636,""t"":451},{""x"":521,""y"":726,""t"":516},{""x"":621,""y"":754,""t"":567},{""x"":733,""y"":787,""t"":581},{""x"":960,""y"":795,""t"":647},{""x"":1170,""y"":809,""t"":698},{""x"":1310,""y"":826,""t"":716},{""x"":1434,""y"":782,""t"":781},{""x"":1518,""y"":764,""t"":793},{""x"":1572,""y"":721,""t"":858},{""x"":1613,""y"":697,""t"":911},{""x"":1638,""y"":678,""t"":922},{""x"":1633,""y"":680,""t"":986},{""x"":1354,""y"":713,""t"":1035},{""x"":1158,""y"":725,""t"":1082},{""x"":1020,""y"":707,""t"":1094},{""x"":810,""y"":715,""t"":1160},{""x"":662,""y"":709,""t"":1212},{""x"":558,""y"":668,""t"":1224},{""x"":486,""y"":634,""t"":1289},{""x"":420,""y"":599,""t"":1301},{""x"":351,""y"":569,""t"":1369},{""x"":336,""y"":604,""t"":1422},{""x"":343,""y"":620,""t"":1433},{""x"":355,""y"":599,""t"":1497},{""x"":337,""y"":515,""t"":1546},{""x"":316,""y"":477,""t"":1565},{""x"":315,""y"":474,""t"":1631},{""x"":323,""y"":492,""t"":1643},{""x"":325,""y"":484,""t"":1708},{""x"":567,""y"":436,""t"":1760},{""x"":781,""y"":422,""t"":1771},{""x"":944,""y"":453,""t"":1835},{""x"":1076,""y"":467,""t"":1846},{""x"":1272,""y"":452,""t"":1912},{""x"":1356,""y"":424,""t"":1963},{""x"":1388,""y"":449,""t"":1974},{""x"":1427,""y"":470,""t"":2039},{""x"":1478,""y"":482,""t"":2052},{""x"":1221,""y"":530,""t"":2120},{""x"":958,""y"":525,""t"":2167},{""x"":741,""y"":506,""t"":2178},{""x"":576,""y"":481,""t"":2243},{""x"":437,""y"":484,""t"":2254},{""x"":312,""y"":505,""t"":2319},{""x"":236,""y"":558,""t"":2370},{""x"":168,""y"":594,""t"":2381},{""x"":134,""y"":561,""t"":2446},{""x"":149,""y"":510,""t"":2456},{""x"":362,""y"":508,""t"":2522},{""x"":610,""y"":508,""t"":2569},{""x"":875,""y"":455,""t"":2585},{""x"":1055,""y"":447,""t"":2657},{""x"":1194,""y"":380,""t"":2706},{""x"":1301,""y"":385,""t"":2722},{""x"":1392,""y"":407,""t"":2798},{""x"":1517,""y"":458,""t"":2849},{""x"":1583,""y"":506,""t"":2860},{""x"":1628,""y"":542,""t"":2928},{""x"":1627,""y"":624,""t"":2981},{""x"":1617,""y"":692,""t"":2994},{""x"":1613,""y"":696,""t"":3060},{""x"":1664,""y"":759,""t"":3127},{""x"":1702,""y"":809,""t"":3138},{""x"":1676,""y"":763,""t"":3203},{""x"":1503,""y"":763,""t"":3269},{""x"":1242,""y"":778,""t"":3325},{""x"":1019,""y"":786,""t"":3336},{""x"":793,""y"":785,""t"":3404},{""x"":651,""y"":804,""t"":3456},{""x"":569,""y"":789,""t"":3470},{""x"":485,""y"":802,""t"":3536},{""x"":425,""y"":811,""t"":3547},{""x"":383,""y"":794,""t"":3612},{""x"":453,""y"":877,""t"":3662},{""x"":486,""y"":929,""t"":3673},{""x"":670,""y"":907,""t"":3738},{""x"":831,""y"":887,""t"":3750},{""x"":1009,""y"":916,""t"":3815},{""x"":1210,""y"":843,""t"":3864},{""x"":1359,""y"":812,""t"":3877},{""x"":1478,""y"":809,""t"":3942},{""x"":1571,""y"":808,""t"":3953},{""x"":1626,""y"":785,""t"":4017},{""x"":1686,""y"":759,""t"":4070},{""x"":1714,""y"":705,""t"":4092},{""x"":1676,""y"":636,""t"":4139},{""x"":1655,""y"":615,""t"":4178},{""x"":1623,""y"":560,""t"":4215},{""x"":1603,""y"":552,""t"":4253},{""x"":1599,""y"":551,""t"":4317},{""x"":1568,""y"":573,""t"":4328},{""x"":1543,""y"":515,""t"":4393},{""x"":1433,""y"":457,""t"":4445},{""x"":1338,""y"":409,""t"":4456},{""x"":1085,""y"":429,""t"":4521},{""x"":858,""y"":501,""t"":4532},{""x"":734,""y"":483,""t"":4598},{""x"":556,""y"":523,""t"":4678},{""x"":416,""y"":571,""t"":4692},{""x"":360,""y"":632,""t"":4758},{""x"":327,""y"":690,""t"":4770},{""x"":331,""y"":754,""t"":4834},{""x"":312,""y"":762,""t"":4911},{""x"":303,""y"":758,""t"":4931},{""x"":334,""y"":788,""t"":4995},{""x"":291,""y"":779,""t"":5008},{""x"":336,""y"":791,""t"":5074},{""x"":335,""y"":785,""t"":5126},{""x"":351,""y"":792,""t"":5139},{""x"":352,""y"":767,""t"":5204},{""x"":394,""y"":779,""t"":5262},{""x"":459,""y"":769,""t"":5272},{""x"":459,""y"":809,""t"":5337},{""x"":428,""y"":789,""t"":5348},{""x"":551,""y"":763,""t"":5413},{""x"":671,""y"":731,""t"":5466},{""x"":740,""y"":691,""t"":5478},{""x"":793,""y"":656,""t"":5543},{""x"":847,""y"":582,""t"":5594},{""x"":866,""y"":591,""t"":5612},{""x"":937,""y"":568,""t"":5685},{""x"":953,""y"":577,""t"":5733},{""x"":966,""y"":603,""t"":5747},{""x"":985,""y"":584,""t"":5812},{""x"":1003,""y"":575,""t"":5823},{""x"":1020,""y"":547,""t"":5888},{""x"":1023,""y"":564,""t"":5936},{""x"":1017,""y"":572,""t"":5952},{""x"":961,""y"":549,""t"":6016},{""x"":819,""y"":572,""t"":6028}]",1,0.004374455260437737,0.9956255447395622,wa_dn_b-last,0
98-attributes,1,97,exp_55,0.0,352.9000000357628,0.49,0.32,6.9,8.2,higher_p,higher_m,0,1,attributes,1.0,True,3.381,2.624,0.7570000000000006,1.0364678509508771,0.5,0.5,0.4,0.6,1.0,1.0,higher_m,higher_m,True,"{""durations"":[1000,1500,1000,1500],""alternatives"":[""all"",""all"",""all"",""all""],""attributes"":[""p"",""m"",""p"",""m""]}","[{""x"":884,""y"":641,""t"":-17},{""x"":885,""y"":679,""t"":0},{""x"":889,""y"":708,""t"":78},{""x"":887,""y"":695,""t"":143},{""x"":954,""y"":676,""t"":193},{""x"":1012,""y"":659,""t"":205},{""x"":1014,""y"":643,""t"":271},{""x"":1015,""y"":630,""t"":283},{""x"":885,""y"":680,""t"":350},{""x"":737,""y"":685,""t"":399},{""x"":737,""y"":656,""t"":411},{""x"":637,""y"":690,""t"":476},{""x"":554,""y"":720,""t"":487},{""x"":580,""y"":760,""t"":553},{""x"":776,""y"":773,""t"":601},{""x"":946,""y"":782,""t"":612},{""x"":1133,""y"":780,""t"":678},{""x"":1284,""y"":755,""t"":688},{""x"":1399,""y"":774,""t"":754},{""x"":1442,""y"":726,""t"":803},{""x"":1512,""y"":739,""t"":817},{""x"":1556,""y"":734,""t"":881},{""x"":1600,""y"":709,""t"":893},{""x"":1621,""y"":677,""t"":959},{""x"":1421,""y"":717,""t"":1011},{""x"":1257,""y"":737,""t"":1022},{""x"":1093,""y"":776,""t"":1090},{""x"":951,""y"":750,""t"":1142},{""x"":824,""y"":726,""t"":1158},{""x"":666,""y"":734,""t"":1224},{""x"":561,""y"":721,""t"":1234},{""x"":466,""y"":629,""t"":1300},{""x"":363,""y"":556,""t"":1354},{""x"":276,""y"":487,""t"":1364},{""x"":232,""y"":420,""t"":1430},{""x"":462,""y"":363,""t"":1477},{""x"":686,""y"":308,""t"":1497},{""x"":861,""y"":289,""t"":1562},{""x"":1002,""y"":288,""t"":1572},{""x"":1171,""y"":271,""t"":1641},{""x"":1258,""y"":210,""t"":1692},{""x"":1330,""y"":247,""t"":1706},{""x"":1341,""y"":246,""t"":1770},{""x"":1144,""y"":243,""t"":1822},{""x"":970,""y"":243,""t"":1836},{""x"":796,""y"":233,""t"":1900},{""x"":624,""y"":232,""t"":1912},{""x"":445,""y"":233,""t"":1977},{""x"":396,""y"":230,""t"":2027},{""x"":283,""y"":208,""t"":2041},{""x"":187,""y"":198,""t"":2105},{""x"":138,""y"":234,""t"":2117},{""x"":130,""y"":397,""t"":2182},{""x"":182,""y"":523,""t"":2233},{""x"":234,""y"":628,""t"":2245},{""x"":276,""y"":640,""t"":2309},{""x"":265,""y"":685,""t"":2320},{""x"":247,""y"":747,""t"":2384},{""x"":258,""y"":770,""t"":2433},{""x"":306,""y"":798,""t"":2449},{""x"":394,""y"":819,""t"":2513},{""x"":470,""y"":832,""t"":2524},{""x"":503,""y"":868,""t"":2592},{""x"":476,""y"":864,""t"":2640},{""x"":465,""y"":843,""t"":2653},{""x"":495,""y"":820,""t"":2718},{""x"":525,""y"":817,""t"":2729},{""x"":593,""y"":786,""t"":2794},{""x"":598,""y"":776,""t"":2845},{""x"":600,""y"":768,""t"":2857},{""x"":636,""y"":794,""t"":2922},{""x"":715,""y"":784,""t"":2933},{""x"":746,""y"":742,""t"":2999},{""x"":726,""y"":762,""t"":3050},{""x"":710,""y"":780,""t"":3061},{""x"":815,""y"":858,""t"":3126},{""x"":895,""y"":901,""t"":3137},{""x"":1154,""y"":832,""t"":3202},{""x"":1278,""y"":838,""t"":3251},{""x"":1361,""y"":831,""t"":3265},{""x"":1463,""y"":868,""t"":3331},{""x"":1549,""y"":864,""t"":3342},{""x"":1613,""y"":850,""t"":3409},{""x"":1643,""y"":767,""t"":3462},{""x"":1661,""y"":749,""t"":3473},{""x"":1658,""y"":669,""t"":3538},{""x"":1649,""y"":573,""t"":3593},{""x"":1634,""y"":494,""t"":3605},{""x"":1594,""y"":464,""t"":3670},{""x"":1598,""y"":416,""t"":3682},{""x"":1651,""y"":394,""t"":3747},{""x"":1664,""y"":392,""t"":3799},{""x"":1656,""y"":377,""t"":3810},{""x"":1599,""y"":376,""t"":3874},{""x"":1574,""y"":378,""t"":3886},{""x"":1536,""y"":353,""t"":3952},{""x"":1490,""y"":270,""t"":4022},{""x"":1468,""y"":264,""t"":4070},{""x"":1448,""y"":288,""t"":4081},{""x"":1201,""y"":232,""t"":4146},{""x"":980,""y"":188,""t"":4159},{""x"":720,""y"":224,""t"":4225},{""x"":522,""y"":180,""t"":4273},{""x"":365,""y"":145,""t"":4284},{""x"":284,""y"":101,""t"":4349},{""x"":228,""y"":141,""t"":4360},{""x"":184,""y"":230,""t"":4425},{""x"":348,""y"":339,""t"":4473},{""x"":446,""y"":454,""t"":4489},{""x"":497,""y"":540,""t"":4553},{""x"":555,""y"":602,""t"":4564},{""x"":800,""y"":716,""t"":4631},{""x"":1023,""y"":760,""t"":4679},{""x"":1209,""y"":791,""t"":4692},{""x"":1351,""y"":856,""t"":4756},{""x"":1453,""y"":874,""t"":4768},{""x"":1555,""y"":893,""t"":4834},{""x"":1475,""y"":865,""t"":4884},{""x"":1397,""y"":836,""t"":4897},{""x"":1416,""y"":805,""t"":4961},{""x"":1401,""y"":795,""t"":4972},{""x"":1344,""y"":778,""t"":5038},{""x"":1405,""y"":811,""t"":5090},{""x"":1462,""y"":769,""t"":5103},{""x"":1516,""y"":778,""t"":5167},{""x"":1551,""y"":803,""t"":5179},{""x"":1594,""y"":759,""t"":5244},{""x"":1647,""y"":734,""t"":5297},{""x"":1663,""y"":721,""t"":5310},{""x"":1683,""y"":720,""t"":5379},{""x"":1537,""y"":708,""t"":5431},{""x"":1401,""y"":698,""t"":5443},{""x"":1251,""y"":693,""t"":5510},{""x"":1186,""y"":650,""t"":5562},{""x"":1126,""y"":606,""t"":5578},{""x"":1035,""y"":621,""t"":5646},{""x"":988,""y"":647,""t"":5699},{""x"":953,""y"":670,""t"":5713},{""x"":942,""y"":659,""t"":5778},{""x"":938,""y"":649,""t"":5789},{""x"":899,""y"":648,""t"":5855}]",0,0.8227626489994757,0.17723735100052426,wa_dn_b-last,0
98-attributes,1,98,exp_7,1.0,378.0,0.79,0.49,5.300000000000001,8.3,higher_p,higher_m,0,1,attributes,1.0,True,4.187000000000001,4.067,0.120000000000001,0.3808273136562316,0.5,0.5,0.4,0.6,1.0,1.0,higher_m,higher_m,False,"{""durations"":[1000,1500,1000,1500],""alternatives"":[""all"",""all"",""all"",""all""],""attributes"":[""p"",""m"",""p"",""m""]}","[{""x"":1091,""y"":708,""t"":-14},{""x"":1124,""y"":741,""t"":0},{""x"":1088,""y"":757,""t"":84},{""x"":1078,""y"":743,""t"":157},{""x"":1120,""y"":724,""t"":170},{""x"":1078,""y"":716,""t"":240},{""x"":1129,""y"":694,""t"":292},{""x"":1182,""y"":664,""t"":307},{""x"":1091,""y"":682,""t"":371},{""x"":982,""y"":724,""t"":382},{""x"":838,""y"":739,""t"":447},{""x"":794,""y"":709,""t"":496},{""x"":693,""y"":702,""t"":511},{""x"":884,""y"":742,""t"":576},{""x"":1041,""y"":762,""t"":588},{""x"":1183,""y"":763,""t"":655},{""x"":1324,""y"":769,""t"":703},{""x"":1395,""y"":745,""t"":741},{""x"":1461,""y"":729,""t"":779},{""x"":1527,""y"":684,""t"":818},{""x"":1564,""y"":671,""t"":883},{""x"":1585,""y"":663,""t"":894},{""x"":1593,""y"":636,""t"":960},{""x"":1397,""y"":647,""t"":1012},{""x"":1226,""y"":657,""t"":1025},{""x"":952,""y"":738,""t"":1091},{""x"":770,""y"":723,""t"":1141},{""x"":633,""y"":705,""t"":1158},{""x"":535,""y"":722,""t"":1228},{""x"":466,""y"":739,""t"":1276},{""x"":416,""y"":747,""t"":1292},{""x"":480,""y"":787,""t"":1357},{""x"":543,""y"":820,""t"":1368},{""x"":646,""y"":782,""t"":1433},{""x"":767,""y"":732,""t"":1481},{""x"":871,""y"":689,""t"":1498},{""x"":953,""y"":630,""t"":1563},{""x"":1031,""y"":596,""t"":1575},{""x"":1048,""y"":531,""t"":1641},{""x"":1056,""y"":513,""t"":1693},{""x"":1086,""y"":520,""t"":1704},{""x"":1069,""y"":493,""t"":1771},{""x"":1103,""y"":480,""t"":1822},{""x"":1102,""y"":440,""t"":1837},{""x"":990,""y"":498,""t"":1901},{""x"":882,""y"":532,""t"":1912},{""x"":767,""y"":555,""t"":1977},{""x"":664,""y"":588,""t"":2031},{""x"":595,""y"":617,""t"":2042},{""x"":573,""y"":605,""t"":2107},{""x"":565,""y"":577,""t"":2118},{""x"":589,""y"":551,""t"":2186},{""x"":604,""y"":546,""t"":2211},{""x"":605,""y"":594,""t"":2276},{""x"":629,""y"":613,""t"":2288},{""x"":580,""y"":638,""t"":2353},{""x"":555,""y"":642,""t"":2399},{""x"":515,""y"":683,""t"":2415},{""x"":605,""y"":671,""t"":2480},{""x"":693,""y"":659,""t"":2490},{""x"":881,""y"":576,""t"":2557},{""x"":1063,""y"":523,""t"":2606},{""x"":1213,""y"":480,""t"":2620},{""x"":1303,""y"":425,""t"":2684},{""x"":1401,""y"":390,""t"":2696},{""x"":1439,""y"":340,""t"":2763},{""x"":1511,""y"":376,""t"":2814},{""x"":1546,""y"":417,""t"":2825},{""x"":1603,""y"":500,""t"":2890},{""x"":1649,""y"":563,""t"":2901},{""x"":1683,""y"":606,""t"":2967},{""x"":1710,""y"":635,""t"":3015},{""x"":1742,""y"":638,""t"":3027},{""x"":1672,""y"":605,""t"":3092},{""x"":1606,""y"":575,""t"":3103},{""x"":1361,""y"":597,""t"":3170},{""x"":1193,""y"":625,""t"":3221},{""x"":1052,""y"":648,""t"":3234},{""x"":872,""y"":696,""t"":3299},{""x"":703,""y"":743,""t"":3348},{""x"":545,""y"":814,""t"":3366},{""x"":466,""y"":853,""t"":3430},{""x"":402,""y"":884,""t"":3441},{""x"":431,""y"":845,""t"":3507},{""x"":377,""y"":764,""t"":3570},{""x"":311,""y"":709,""t"":3622},{""x"":265,""y"":654,""t"":3639},{""x"":236,""y"":645,""t"":3704},{""x"":237,""y"":640,""t"":3715},{""x"":194,""y"":552,""t"":3781},{""x"":182,""y"":518,""t"":3828},{""x"":188,""y"":470,""t"":3843},{""x"":171,""y"":436,""t"":3908},{""x"":161,""y"":410,""t"":3918},{""x"":167,""y"":320,""t"":3985},{""x"":222,""y"":236,""t"":4033},{""x"":272,""y"":169,""t"":4047},{""x"":293,""y"":136,""t"":4113},{""x"":298,""y"":88,""t"":4124},{""x"":319,""y"":84,""t"":4190},{""x"":299,""y"":97,""t"":4242},{""x"":291,""y"":75,""t"":4253},{""x"":276,""y"":83,""t"":4318},{""x"":264,""y"":93,""t"":4329},{""x"":280,""y"":33,""t"":4395},{""x"":306,""y"":20,""t"":4421},{""x"":318,""y"":27,""t"":4484},{""x"":344,""y"":52,""t"":4495},{""x"":353,""y"":90,""t"":4561},{""x"":403,""y"":111,""t"":4611},{""x"":445,""y"":130,""t"":4625},{""x"":698,""y"":202,""t"":4689},{""x"":920,""y"":247,""t"":4699},{""x"":1146,""y"":291,""t"":4766},{""x"":1265,""y"":341,""t"":4817},{""x"":1450,""y"":306,""t"":4831},{""x"":1534,""y"":335,""t"":4897},{""x"":1601,""y"":344,""t"":4948},{""x"":1617,""y"":373,""t"":4966},{""x"":1649,""y"":354,""t"":5029},{""x"":1657,""y"":363,""t"":5041},{""x"":1629,""y"":394,""t"":5107},{""x"":1373,""y"":420,""t"":5161},{""x"":1148,""y"":441,""t"":5174},{""x"":947,""y"":388,""t"":5238},{""x"":804,""y"":324,""t"":5290},{""x"":667,""y"":291,""t"":5304},{""x"":574,""y"":265,""t"":5369},{""x"":482,""y"":242,""t"":5380},{""x"":465,""y"":402,""t"":5445},{""x"":498,""y"":488,""t"":5496},{""x"":534,""y"":560,""t"":5510},{""x"":583,""y"":625,""t"":5576},{""x"":633,""y"":689,""t"":5588},{""x"":678,""y"":706,""t"":5655},{""x"":695,""y"":731,""t"":5680},{""x"":615,""y"":731,""t"":5745},{""x"":548,""y"":726,""t"":5755},{""x"":491,""y"":707,""t"":5825},{""x"":444,""y"":736,""t"":5849},{""x"":451,""y"":734,""t"":5914},{""x"":390,""y"":695,""t"":5925}]",0,0.6058922251644316,0.3941077748355683,wa_dn_b-last,0
98-attributes,1,99,exp_111,1.0,400.5,0.78,0.4,2.1,3.0,higher_p,higher_m,0,1,attributes,1.0,True,1.638,1.2000000000000002,0.4379999999999999,0.7081329507986126,0.5,0.5,0.4,0.6,1.0,1.0,higher_m,higher_m,False,"{""durations"":[1000,1500,1000,1500],""alternatives"":[""all"",""all"",""all"",""all""],""attributes"":[""p"",""m"",""p"",""m""]}","[{""x"":1058,""y"":585,""t"":-18},{""x"":1015,""y"":571,""t"":0},{""x"":1011,""y"":610,""t"":80},{""x"":1011,""y"":635,""t"":113},{""x"":1018,""y"":653,""t"":183},{""x"":1056,""y"":648,""t"":204},{""x"":1040,""y"":637,""t"":270},{""x"":1025,""y"":628,""t"":281},{""x"":996,""y"":666,""t"":347},{""x"":874,""y"":708,""t"":395},{""x"":832,""y"":727,""t"":409},{""x"":802,""y"":785,""t"":475},{""x"":696,""y"":856,""t"":486},{""x"":584,""y"":870,""t"":551},{""x"":795,""y"":893,""t"":603},{""x"":979,""y"":909,""t"":614},{""x"":1130,""y"":898,""t"":680},{""x"":1264,""y"":880,""t"":732},{""x"":1369,""y"":875,""t"":748},{""x"":1461,""y"":855,""t"":813},{""x"":1507,""y"":824,""t"":824},{""x"":1538,""y"":811,""t"":889},{""x"":1595,""y"":703,""t"":944},{""x"":1584,""y"":614,""t"":954},{""x"":1628,""y"":554,""t"":1018},{""x"":1624,""y"":523,""t"":1030},{""x"":1667,""y"":481,""t"":1097},{""x"":1646,""y"":431,""t"":1146},{""x"":1624,""y"":392,""t"":1156},{""x"":1591,""y"":362,""t"":1221},{""x"":1606,""y"":321,""t"":1233},{""x"":1576,""y"":324,""t"":1299},{""x"":1269,""y"":332,""t"":1350},{""x"":1007,""y"":343,""t"":1361},{""x"":773,""y"":355,""t"":1425},{""x"":620,""y"":328,""t"":1437},{""x"":491,""y"":338,""t"":1502},{""x"":396,""y"":377,""t"":1551},{""x"":299,""y"":427,""t"":1564},{""x"":520,""y"":418,""t"":1629},{""x"":758,""y"":480,""t"":1640},{""x"":909,""y"":501,""t"":1706},{""x"":1075,""y"":480,""t"":1756},{""x"":1222,""y"":472,""t"":1770},{""x"":1315,""y"":443,""t"":1833},{""x"":1404,""y"":421,""t"":1844},{""x"":1468,""y"":427,""t"":1913},{""x"":1528,""y"":414,""t"":1939},{""x"":1601,""y"":395,""t"":2004},{""x"":1645,""y"":386,""t"":2016},{""x"":1658,""y"":382,""t"":2081},{""x"":1598,""y"":421,""t"":2133},{""x"":1585,""y"":431,""t"":2144},{""x"":1601,""y"":549,""t"":2208},{""x"":1609,""y"":605,""t"":2220},{""x"":1569,""y"":680,""t"":2285},{""x"":1576,""y"":708,""t"":2357},{""x"":1582,""y"":741,""t"":2380},{""x"":1570,""y"":683,""t"":2451},{""x"":1575,""y"":631,""t"":2498},{""x"":1548,""y"":617,""t"":2517},{""x"":1546,""y"":583,""t"":2585},{""x"":1600,""y"":542,""t"":2633},{""x"":1576,""y"":527,""t"":2653},{""x"":1549,""y"":476,""t"":2720},{""x"":1491,""y"":496,""t"":2768},{""x"":1471,""y"":475,""t"":2790},{""x"":1210,""y"":523,""t"":2854},{""x"":961,""y"":583,""t"":2865},{""x"":794,""y"":643,""t"":2931},{""x"":631,""y"":709,""t"":2982},{""x"":503,""y"":763,""t"":2993},{""x"":441,""y"":775,""t"":3059},{""x"":384,""y"":758,""t"":3070},{""x"":323,""y"":772,""t"":3137},{""x"":332,""y"":781,""t"":3186},{""x"":350,""y"":787,""t"":3197},{""x"":319,""y"":770,""t"":3262},{""x"":298,""y"":753,""t"":3272},{""x"":468,""y"":808,""t"":3339},{""x"":702,""y"":816,""t"":3390},{""x"":904,""y"":822,""t"":3401},{""x"":1135,""y"":777,""t"":3467},{""x"":1349,""y"":770,""t"":3479},{""x"":1505,""y"":786,""t"":3545},{""x"":1551,""y"":788,""t"":3609},{""x"":1328,""y"":696,""t"":3661},{""x"":1137,""y"":619,""t"":3673},{""x"":986,""y"":556,""t"":3747},{""x"":797,""y"":543,""t"":3795},{""x"":648,""y"":544,""t"":3808},{""x"":588,""y"":529,""t"":3874},{""x"":610,""y"":506,""t"":3885},{""x"":807,""y"":404,""t"":3951},{""x"":953,""y"":384,""t"":3999},{""x"":1079,""y"":389,""t"":4013},{""x"":1189,""y"":371,""t"":4078},{""x"":1281,""y"":375,""t"":4089},{""x"":1328,""y"":422,""t"":4156},{""x"":1216,""y"":427,""t"":4217},{""x"":991,""y"":418,""t"":4264},{""x"":851,""y"":414,""t"":4285},{""x"":728,""y"":479,""t"":4373},{""x"":617,""y"":463,""t"":4410},{""x"":527,""y"":482,""t"":4448},{""x"":631,""y"":507,""t"":4488},{""x"":725,""y"":545,""t"":4530},{""x"":937,""y"":613,""t"":4596},{""x"":1135,""y"":659,""t"":4663},{""x"":1280,""y"":634,""t"":4732},{""x"":1411,""y"":640,""t"":4804},{""x"":1464,""y"":661,""t"":4854},{""x"":1561,""y"":690,""t"":4865},{""x"":1637,""y"":657,""t"":4931},{""x"":1668,""y"":679,""t"":4984},{""x"":1686,""y"":696,""t"":4999},{""x"":1685,""y"":707,""t"":5070},{""x"":1690,""y"":714,""t"":5135},{""x"":1695,""y"":751,""t"":5184},{""x"":1686,""y"":717,""t"":5203},{""x"":1694,""y"":746,""t"":5267},{""x"":1664,""y"":763,""t"":5278},{""x"":1685,""y"":736,""t"":5343},{""x"":1632,""y"":780,""t"":5393},{""x"":1585,""y"":766,""t"":5407},{""x"":1391,""y"":746,""t"":5471},{""x"":1226,""y"":727,""t"":5482},{""x"":1113,""y"":720,""t"":5550},{""x"":1032,""y"":692,""t"":5610},{""x"":997,""y"":662,""t"":5621},{""x"":910,""y"":638,""t"":5686},{""x"":876,""y"":656,""t"":5737},{""x"":850,""y"":656,""t"":5749},{""x"":809,""y"":636,""t"":5814},{""x"":781,""y"":620,""t"":5825},{""x"":819,""y"":569,""t"":5890},{""x"":810,""y"":592,""t"":5942},{""x"":804,""y"":604,""t"":5953}]",0,0.8875343493569385,0.11246565064306148,wa_dn_b-last,0
98-attributes,1,102,exp_97,0.0,287.89999997615814,0.58,0.38,4.9,6.9,higher_p,higher_m,0,1,attributes,1.0,True,2.842,2.6220000000000003,0.2199999999999997,0.4837536146444008,0.5,0.5,0.6,0.4,0.0,1.0,higher_p,higher_m,True,"{""durations"":[1500,1000,1500,1000],""alternatives"":[""all"",""all"",""all"",""all""],""attributes"":[""p"",""m"",""p"",""m""]}","[{""x"":1053,""y"":628,""t"":-12},{""x"":1042,""y"":605,""t"":0},{""x"":1034,""y"":594,""t"":85},{""x"":1005,""y"":600,""t"":148},{""x"":1012,""y"":592,""t"":197},{""x"":1019,""y"":585,""t"":208},{""x"":964,""y"":583,""t"":277},{""x"":924,""y"":597,""t"":349},{""x"":834,""y"":599,""t"":409},{""x"":690,""y"":651,""t"":455},{""x"":596,""y"":678,""t"":477},{""x"":615,""y"":709,""t"":542},{""x"":650,""y"":676,""t"":553},{""x"":859,""y"":672,""t"":619},{""x"":1051,""y"":682,""t"":666},{""x"":1213,""y"":690,""t"":680},{""x"":1355,""y"":685,""t"":744},{""x"":1491,""y"":685,""t"":755},{""x"":1581,""y"":707,""t"":824},{""x"":1655,""y"":660,""t"":873},{""x"":1693,""y"":664,""t"":885},{""x"":1511,""y"":718,""t"":952},{""x"":1291,""y"":717,""t"":1004},{""x"":1115,""y"":738,""t"":1022},{""x"":929,""y"":762,""t"":1086},{""x"":774,""y"":781,""t"":1100},{""x"":616,""y"":747,""t"":1165},{""x"":518,""y"":668,""t"":1212},{""x"":444,""y"":656,""t"":1226},{""x"":421,""y"":613,""t"":1293},{""x"":333,""y"":574,""t"":1357},{""x"":266,""y"":542,""t"":1367},{""x"":291,""y"":502,""t"":1432},{""x"":282,""y"":523,""t"":1482},{""x"":308,""y"":560,""t"":1497},{""x"":314,""y"":524,""t"":1583},{""x"":349,""y"":491,""t"":1599},{""x"":345,""y"":514,""t"":1663},{""x"":344,""y"":536,""t"":1674},{""x"":304,""y"":513,""t"":1741},{""x"":337,""y"":488,""t"":1788},{""x"":368,""y"":467,""t"":1803},{""x"":348,""y"":430,""t"":1866},{""x"":332,""y"":400,""t"":1877},{""x"":343,""y"":322,""t"":1945},{""x"":372,""y"":332,""t"":1995},{""x"":435,""y"":343,""t"":2006},{""x"":723,""y"":306,""t"":2070},{""x"":967,""y"":276,""t"":2081},{""x"":1127,""y"":289,""t"":2148},{""x"":1236,""y"":349,""t"":2199},{""x"":1318,""y"":403,""t"":2210},{""x"":1471,""y"":377,""t"":2275},{""x"":1595,""y"":372,""t"":2287},{""x"":1686,""y"":350,""t"":2355},{""x"":1730,""y"":357,""t"":2404},{""x"":1756,""y"":364,""t"":2416},{""x"":1748,""y"":325,""t"":2481},{""x"":1727,""y"":322,""t"":2493},{""x"":1663,""y"":325,""t"":2558},{""x"":1628,""y"":271,""t"":2611},{""x"":1590,""y"":311,""t"":2621},{""x"":1558,""y"":291,""t"":2689},{""x"":1513,""y"":269,""t"":2741},{""x"":1473,""y"":250,""t"":2754},{""x"":1473,""y"":348,""t"":2820},{""x"":1507,""y"":441,""t"":2831},{""x"":1530,""y"":450,""t"":2898},{""x"":1522,""y"":515,""t"":2948},{""x"":1488,""y"":556,""t"":2960},{""x"":1287,""y"":612,""t"":3025},{""x"":1117,""y"":656,""t"":3036},{""x"":891,""y"":709,""t"":3101},{""x"":679,""y"":741,""t"":3149},{""x"":486,""y"":724,""t"":3164},{""x"":375,""y"":738,""t"":3229},{""x"":293,""y"":746,""t"":3240},{""x"":265,""y"":744,""t"":3306},{""x"":247,""y"":706,""t"":3355},{""x"":189,""y"":667,""t"":3367},{""x"":151,""y"":699,""t"":3432},{""x"":128,""y"":726,""t"":3442},{""x"":229,""y"":766,""t"":3508},{""x"":331,""y"":751,""t"":3571},{""x"":423,""y"":652,""t"":3633},{""x"":481,""y"":545,""t"":3644},{""x"":582,""y"":522,""t"":3709},{""x"":559,""y"":475,""t"":3760},{""x"":536,""y"":438,""t"":3775},{""x"":569,""y"":406,""t"":3840},{""x"":604,""y"":400,""t"":3852},{""x"":610,""y"":369,""t"":3918},{""x"":575,""y"":320,""t"":3945},{""x"":574,""y"":306,""t"":4010},{""x"":558,""y"":347,""t"":4021},{""x"":500,""y"":362,""t"":4086},{""x"":516,""y"":366,""t"":4159},{""x"":502,""y"":365,""t"":4207},{""x"":514,""y"":366,""t"":4219},{""x"":482,""y"":341,""t"":4284},{""x"":474,""y"":352,""t"":4294},{""x"":468,""y"":317,""t"":4362},{""x"":449,""y"":303,""t"":4387},{""x"":380,""y"":279,""t"":4456},{""x"":322,""y"":224,""t"":4489},{""x"":416,""y"":283,""t"":4572},{""x"":563,""y"":340,""t"":4590},{""x"":786,""y"":339,""t"":4668},{""x"":1008,""y"":319,""t"":4716},{""x"":1188,""y"":312,""t"":4727},{""x"":1340,""y"":272,""t"":4792},{""x"":1462,""y"":258,""t"":4804},{""x"":1579,""y"":206,""t"":4870},{""x"":1674,""y"":222,""t"":4919},{""x"":1760,""y"":251,""t"":4932},{""x"":1786,""y"":254,""t"":5001},{""x"":1783,""y"":284,""t"":5052},{""x"":1770,""y"":309,""t"":5066},{""x"":1688,""y"":471,""t"":5131},{""x"":1603,""y"":626,""t"":5146},{""x"":1568,""y"":719,""t"":5210},{""x"":1666,""y"":765,""t"":5262},{""x"":1709,""y"":792,""t"":5273},{""x"":1683,""y"":824,""t"":5338},{""x"":1580,""y"":874,""t"":5391},{""x"":1521,""y"":907,""t"":5407},{""x"":1421,""y"":881,""t"":5473},{""x"":1355,""y"":838,""t"":5484},{""x"":1273,""y"":836,""t"":5550},{""x"":1250,""y"":790,""t"":5601},{""x"":1240,""y"":731,""t"":5612},{""x"":1220,""y"":720,""t"":5677},{""x"":1223,""y"":706,""t"":5688},{""x"":1178,""y"":701,""t"":5755},{""x"":1093,""y"":669,""t"":5806},{""x"":1035,""y"":636,""t"":5816},{""x"":996,""y"":619,""t"":5881},{""x"":967,""y"":606,""t"":5895}]",0,0.6518700903470145,0.3481299096529854,wa_dn_b-last,0
98-attributes,1,105,exp_109,0.0,242.69999998807907,0.78,0.4,2.1,3.0,higher_p,higher_m,0,1,attributes,1.0,True,1.638,1.2000000000000002,0.4379999999999999,0.7081329507986126,0.5,0.5,0.4,0.6,1.0,0.0,higher_m,higher_p,True,"{""durations"":[1500,1000,1500,1000],""alternatives"":[""all"",""all"",""all"",""all""],""attributes"":[""m"",""p"",""m"",""p""]}","[{""x"":900,""y"":540,""t"":-19},{""x"":942,""y"":497,""t"":0},{""x"":901,""y"":512,""t"":100},{""x"":865,""y"":526,""t"":111},{""x"":855,""y"":504,""t"":178},{""x"":904,""y"":525,""t"":230},{""x"":965,""y"":514,""t"":241},{""x"":954,""y"":532,""t"":308},{""x"":1069,""y"":520,""t"":356},{""x"":1165,""y"":509,""t"":376},{""x"":1282,""y"":466,""t"":440},{""x"":1329,""y"":469,""t"":451},{""x"":1384,""y"":469,""t"":516},{""x"":1434,""y"":477,""t"":568},{""x"":1480,""y"":506,""t"":579},{""x"":1218,""y"":534,""t"":644},{""x"":990,""y"":558,""t"":658},{""x"":767,""y"":499,""t"":722},{""x"":568,""y"":463,""t"":773},{""x"":414,""y"":436,""t"":785},{""x"":326,""y"":444,""t"":849},{""x"":246,""y"":479,""t"":861},{""x"":269,""y"":474,""t"":926},{""x"":478,""y"":504,""t"":977},{""x"":665,""y"":529,""t"":990},{""x"":849,""y"":511,""t"":1055},{""x"":1017,""y"":505,""t"":1104},{""x"":1162,""y"":486,""t"":1123},{""x"":1217,""y"":488,""t"":1190},{""x"":1308,""y"":479,""t"":1241},{""x"":1379,""y"":471,""t"":1259},{""x"":1419,""y"":502,""t"":1325},{""x"":1471,""y"":536,""t"":1336},{""x"":1500,""y"":550,""t"":1403},{""x"":1508,""y"":617,""t"":1453},{""x"":1508,""y"":674,""t"":1464},{""x"":1513,""y"":694,""t"":1530},{""x"":1524,""y"":711,""t"":1542},{""x"":1519,""y"":621,""t"":1611},{""x"":1499,""y"":596,""t"":1634},{""x"":1494,""y"":571,""t"":1702},{""x"":1194,""y"":591,""t"":1755},{""x"":938,""y"":608,""t"":1768},{""x"":738,""y"":624,""t"":1832},{""x"":574,""y"":638,""t"":1844},{""x"":495,""y"":646,""t"":1910},{""x"":418,""y"":650,""t"":1958},{""x"":346,""y"":671,""t"":1973},{""x"":421,""y"":660,""t"":2039},{""x"":492,""y"":666,""t"":2050},{""x"":718,""y"":661,""t"":2116},{""x"":898,""y"":632,""t"":2168},{""x"":1066,""y"":621,""t"":2179},{""x"":1187,""y"":605,""t"":2243},{""x"":1265,""y"":631,""t"":2255},{""x"":1373,""y"":602,""t"":2320},{""x"":1445,""y"":647,""t"":2369},{""x"":1499,""y"":686,""t"":2381},{""x"":1546,""y"":701,""t"":2447},{""x"":1591,""y"":707,""t"":2459},{""x"":1407,""y"":708,""t"":2526},{""x"":1240,""y"":703,""t"":2550},{""x"":1252,""y"":721,""t"":2617},{""x"":1267,""y"":722,""t"":2628},{""x"":1312,""y"":741,""t"":2696},{""x"":1376,""y"":687,""t"":2743},{""x"":1418,""y"":644,""t"":2755},{""x"":1490,""y"":593,""t"":2819},{""x"":1547,""y"":543,""t"":2831},{""x"":1508,""y"":537,""t"":2899},{""x"":1279,""y"":518,""t"":2952},{""x"":1060,""y"":503,""t"":2963},{""x"":910,""y"":557,""t"":3030},{""x"":757,""y"":582,""t"":3082},{""x"":610,""y"":594,""t"":3095},{""x"":523,""y"":599,""t"":3159},{""x"":474,""y"":603,""t"":3171},{""x"":409,""y"":591,""t"":3236},{""x"":381,""y"":567,""t"":3288},{""x"":359,""y"":561,""t"":3299},{""x"":384,""y"":754,""t"":3365},{""x"":488,""y"":863,""t"":3377},{""x"":562,""y"":972,""t"":3443},{""x"":674,""y"":1037,""t"":3493},{""x"":810,""y"":1061,""t"":3504},{""x"":916,""y"":1068,""t"":3569},{""x"":971,""y"":1086,""t"":3582},{""x"":1064,""y"":982,""t"":3648},{""x"":1178,""y"":872,""t"":3699},{""x"":1257,""y"":790,""t"":3710},{""x"":1394,""y"":703,""t"":3776},{""x"":1424,""y"":707,""t"":3825},{""x"":1450,""y"":685,""t"":3843},{""x"":1435,""y"":658,""t"":3907},{""x"":1416,""y"":637,""t"":3918},{""x"":1381,""y"":618,""t"":3985},{""x"":1323,""y"":535,""t"":4033},{""x"":1248,""y"":505,""t"":4047},{""x"":1230,""y"":435,""t"":4114},{""x"":1230,""y"":438,""t"":4167},{""x"":1224,""y"":463,""t"":4182},{""x"":1194,""y"":431,""t"":4248},{""x"":1204,""y"":417,""t"":4259},{""x"":1232,""y"":441,""t"":4326},{""x"":1201,""y"":453,""t"":4374},{""x"":1189,""y"":450,""t"":4388},{""x"":1254,""y"":521,""t"":4452},{""x"":1302,""y"":566,""t"":4463},{""x"":1385,""y"":572,""t"":4529},{""x"":1424,""y"":612,""t"":4581},{""x"":1455,""y"":644,""t"":4591},{""x"":1512,""y"":665,""t"":4657},{""x"":1533,""y"":684,""t"":4670},{""x"":1544,""y"":721,""t"":4719},{""x"":1559,""y"":734,""t"":4775},{""x"":1391,""y"":738,""t"":4842},{""x"":1229,""y"":782,""t"":4890},{""x"":1108,""y"":783,""t"":4901},{""x"":1093,""y"":794,""t"":4967},{""x"":1136,""y"":802,""t"":5019},{""x"":1199,""y"":800,""t"":5033},{""x"":1258,""y"":894,""t"":5099},{""x"":1310,""y"":972,""t"":5111},{""x"":1381,""y"":918,""t"":5176},{""x"":1434,""y"":895,""t"":5225},{""x"":1478,""y"":874,""t"":5237},{""x"":1374,""y"":826,""t"":5301},{""x"":1337,""y"":750,""t"":5314},{""x"":1317,""y"":696,""t"":5382},{""x"":1261,""y"":724,""t"":5407},{""x"":1177,""y"":699,""t"":5472},{""x"":1134,""y"":673,""t"":5484},{""x"":1102,""y"":687,""t"":5549},{""x"":1069,""y"":671,""t"":5602},{""x"":1082,""y"":651,""t"":5613},{""x"":1042,""y"":651,""t"":5679},{""x"":992,""y"":649,""t"":5728},{""x"":950,""y"":684,""t"":5748}]",0,0.9398108698048734,0.060189130195126624,wa_dn_b-last,0
98-attributes,1,113,exp_17,1.0,631.1999999880791,0.28,0.17,4.3,8.3,higher_p,higher_m,0,1,attributes,1.0,True,1.204,1.4110000000000005,-0.2070000000000003,0.0442583094249128,0.5,0.5,0.6,0.4,0.0,1.0,higher_p,higher_m,False,"{""durations"":[1500,1000,1500,1000],""alternatives"":[""all"",""all"",""all"",""all""],""attributes"":[""p"",""m"",""p"",""m""]}","[{""x"":1098,""y"":737,""t"":-17},{""x"":1098,""y"":722,""t"":0},{""x"":1102,""y"":713,""t"":81},{""x"":1111,""y"":664,""t"":115},{""x"":1068,""y"":669,""t"":190},{""x"":1010,""y"":680,""t"":204},{""x"":989,""y"":670,""t"":270},{""x"":971,""y"":661,""t"":281},{""x"":845,""y"":727,""t"":348},{""x"":758,""y"":759,""t"":414},{""x"":676,""y"":818,""t"":465},{""x"":599,""y"":880,""t"":477},{""x"":679,""y"":872,""t"":546},{""x"":861,""y"":877,""t"":598},{""x"":1013,""y"":899,""t"":614},{""x"":1157,""y"":905,""t"":678},{""x"":1305,""y"":887,""t"":689},{""x"":1341,""y"":853,""t"":756},{""x"":1448,""y"":840,""t"":807},{""x"":1532,""y"":829,""t"":819},{""x"":1600,""y"":756,""t"":884},{""x"":1650,""y"":694,""t"":895},{""x"":1696,""y"":627,""t"":960},{""x"":1702,""y"":613,""t"":1010},{""x"":1700,""y"":604,""t"":1021},{""x"":1440,""y"":621,""t"":1086},{""x"":1183,""y"":625,""t"":1099},{""x"":960,""y"":682,""t"":1164},{""x"":760,""y"":703,""t"":1215},{""x"":577,""y"":707,""t"":1227},{""x"":534,""y"":728,""t"":1292},{""x"":626,""y"":749,""t"":1345},{""x"":714,""y"":766,""t"":1360},{""x"":910,""y"":716,""t"":1426},{""x"":1095,""y"":693,""t"":1439},{""x"":1202,""y"":694,""t"":1504},{""x"":1316,""y"":682,""t"":1554},{""x"":1425,""y"":706,""t"":1565},{""x"":1490,""y"":719,""t"":1630},{""x"":1535,""y"":749,""t"":1641},{""x"":1505,""y"":754,""t"":1707},{""x"":1385,""y"":718,""t"":1757},{""x"":1278,""y"":687,""t"":1770},{""x"":1044,""y"":652,""t"":1835},{""x"":848,""y"":639,""t"":1848},{""x"":695,""y"":626,""t"":1914},{""x"":509,""y"":613,""t"":1939},{""x"":358,""y"":570,""t"":2003},{""x"":279,""y"":536,""t"":2014},{""x"":504,""y"":499,""t"":2080},{""x"":751,""y"":441,""t"":2127},{""x"":975,""y"":400,""t"":2143},{""x"":1113,""y"":337,""t"":2210},{""x"":1226,""y"":287,""t"":2221},{""x"":1272,""y"":260,""t"":2286},{""x"":1345,""y"":233,""t"":2336},{""x"":1422,""y"":212,""t"":2347},{""x"":1463,""y"":207,""t"":2412},{""x"":1518,""y"":192,""t"":2424},{""x"":1470,""y"":185,""t"":2492},{""x"":1403,""y"":187,""t"":2517},{""x"":1394,""y"":192,""t"":2586},{""x"":1441,""y"":235,""t"":2638},{""x"":1466,""y"":244,""t"":2652},{""x"":1225,""y"":294,""t"":2717},{""x"":1042,""y"":354,""t"":2729},{""x"":890,""y"":405,""t"":2799},{""x"":795,""y"":488,""t"":2823},{""x"":628,""y"":547,""t"":2887},{""x"":486,""y"":576,""t"":2897},{""x"":450,""y"":577,""t"":2963},{""x"":372,""y"":657,""t"":3011},{""x"":318,""y"":693,""t"":3026},{""x"":299,""y"":705,""t"":3091},{""x"":335,""y"":725,""t"":3102},{""x"":339,""y"":714,""t"":3168},{""x"":399,""y"":751,""t"":3218},{""x"":448,""y"":799,""t"":3230},{""x"":509,""y"":835,""t"":3296},{""x"":634,""y"":863,""t"":3307},{""x"":711,""y"":968,""t"":3373},{""x"":775,""y"":968,""t"":3426},{""x"":764,""y"":982,""t"":3437},{""x"":724,""y"":963,""t"":3502},{""x"":750,""y"":998,""t"":3563},{""x"":763,""y"":1009,""t"":3574},{""x"":760,""y"":961,""t"":3643},{""x"":943,""y"":922,""t"":3691},{""x"":1098,""y"":887,""t"":3707},{""x"":1273,""y"":803,""t"":3773},{""x"":1393,""y"":802,""t"":3785},{""x"":1514,""y"":759,""t"":3854},{""x"":1571,""y"":734,""t"":3877},{""x"":1666,""y"":725,""t"":3937},{""x"":1689,""y"":648,""t"":3975},{""x"":1693,""y"":597,""t"":4013},{""x"":1529,""y"":604,""t"":4077},{""x"":1352,""y"":663,""t"":4091},{""x"":1210,""y"":661,""t"":4159},{""x"":1024,""y"":650,""t"":4207},{""x"":845,""y"":623,""t"":4219},{""x"":722,""y"":641,""t"":4285},{""x"":642,""y"":607,""t"":4337},{""x"":582,""y"":579,""t"":4354},{""x"":487,""y"":570,""t"":4418},{""x"":359,""y"":571,""t"":4431},{""x"":300,""y"":483,""t"":4496},{""x"":237,""y"":481,""t"":4548},{""x"":199,""y"":488,""t"":4560},{""x"":482,""y"":464,""t"":4624},{""x"":764,""y"":420,""t"":4677},{""x"":1006,""y"":384,""t"":4694},{""x"":1175,""y"":379,""t"":4759},{""x"":1335,""y"":371,""t"":4769},{""x"":1415,""y"":373,""t"":4834},{""x"":1467,""y"":381,""t"":4887},{""x"":1526,""y"":419,""t"":4898},{""x"":1555,""y"":435,""t"":4964},{""x"":1546,""y"":415,""t"":4974},{""x"":1580,""y"":523,""t"":5042},{""x"":1547,""y"":613,""t"":5067},{""x"":1536,""y"":686,""t"":5133},{""x"":1586,""y"":719,""t"":5148},{""x"":1634,""y"":777,""t"":5214},{""x"":1636,""y"":780,""t"":5263},{""x"":1632,""y"":779,""t"":5274},{""x"":1591,""y"":747,""t"":5343},{""x"":1508,""y"":747,""t"":5393},{""x"":1428,""y"":759,""t"":5407},{""x"":1340,""y"":731,""t"":5474},{""x"":1291,""y"":684,""t"":5485},{""x"":1206,""y"":649,""t"":5551},{""x"":1182,""y"":629,""t"":5615},{""x"":1091,""y"":619,""t"":5665},{""x"":1007,""y"":622,""t"":5679},{""x"":968,""y"":608,""t"":5748},{""x"":891,""y"":633,""t"":5822},{""x"":872,""y"":595,""t"":5870},{""x"":881,""y"":588,""t"":5883},{""x"":906,""y"":588,""t"":5947},{""x"":901,""y"":610,""t"":5959},{""x"":889,""y"":584,""t"":6025},{""x"":933,""y"":570,""t"":6077},{""x"":920,""y"":573,""t"":6114},{""x"":925,""y"":587,""t"":6153},{""x"":934,""y"":575,""t"":6192}]",1,0.38540193067424977,0.6145980693257501,wa_dn_b-last,0
98-attributes,1,116,exp_75,0.0,432.1999999880791,0.8,0.2,4.0,6.799999999999999,higher_p,higher_m,0,1,attributes,1.0,True,3.2,1.36,1.8400000000000003,2.151159690652763,0.5,0.5,0.6,0.4,0.0,0.0,higher_p,higher_p,True,"{""durations"":[1000,1500,1000,1500],""alternatives"":[""all"",""all"",""all"",""all""],""attributes"":[""m"",""p"",""m"",""p""]}","[{""x"":1129,""y"":657,""t"":-14},{""x"":1134,""y"":632,""t"":0},{""x"":1123,""y"":642,""t"":84},{""x"":1139,""y"":632,""t"":150},{""x"":1151,""y"":625,""t"":171},{""x"":1105,""y"":638,""t"":236},{""x"":1069,""y"":644,""t"":249},{""x"":1087,""y"":627,""t"":316},{""x"":1013,""y"":613,""t"":365},{""x"":893,""y"":658,""t"":376},{""x"":740,""y"":636,""t"":441},{""x"":613,""y"":618,""t"":453},{""x"":528,""y"":599,""t"":518},{""x"":491,""y"":578,""t"":567},{""x"":435,""y"":557,""t"":580},{""x"":637,""y"":493,""t"":644},{""x"":825,""y"":399,""t"":655},{""x"":1015,""y"":387,""t"":721},{""x"":1145,""y"":402,""t"":770},{""x"":1251,""y"":417,""t"":783},{""x"":1326,""y"":381,""t"":848},{""x"":1382,""y"":353,""t"":860},{""x"":1250,""y"":327,""t"":925},{""x"":1007,""y"":290,""t"":973},{""x"":825,""y"":288,""t"":987},{""x"":672,""y"":217,""t"":1059},{""x"":588,""y"":260,""t"":1110},{""x"":513,""y"":317,""t"":1124},{""x"":465,""y"":348,""t"":1188},{""x"":411,""y"":362,""t"":1199},{""x"":327,""y"":362,""t"":1266},{""x"":296,""y"":356,""t"":1319},{""x"":254,""y"":323,""t"":1331},{""x"":222,""y"":439,""t"":1396},{""x"":233,""y"":532,""t"":1449},{""x"":247,""y"":608,""t"":1464},{""x"":267,""y"":659,""t"":1533},{""x"":320,""y"":673,""t"":1585},{""x"":366,""y"":683,""t"":1598},{""x"":607,""y"":713,""t"":1663},{""x"":813,""y"":736,""t"":1674},{""x"":1045,""y"":741,""t"":1738},{""x"":1249,""y"":706,""t"":1787},{""x"":1393,""y"":691,""t"":1803},{""x"":1521,""y"":670,""t"":1868},{""x"":1597,""y"":696,""t"":1879},{""x"":1606,""y"":695,""t"":1944},{""x"":1639,""y"":634,""t"":1997},{""x"":1685,""y"":540,""t"":2008},{""x"":1686,""y"":490,""t"":2075},{""x"":1692,""y"":367,""t"":2125},{""x"":1657,""y"":334,""t"":2142},{""x"":1624,""y"":311,""t"":2208},{""x"":1614,""y"":281,""t"":2219},{""x"":1583,""y"":289,""t"":2283},{""x"":1534,""y"":295,""t"":2331},{""x"":1490,""y"":304,""t"":2348},{""x"":1478,""y"":307,""t"":2411},{""x"":1489,""y"":301,""t"":2423},{""x"":1459,""y"":330,""t"":2488},{""x"":1433,""y"":360,""t"":2536},{""x"":1413,""y"":407,""t"":2550},{""x"":1429,""y"":407,""t"":2617},{""x"":1451,""y"":416,""t"":2628},{""x"":1438,""y"":448,""t"":2694},{""x"":1433,""y"":478,""t"":2749},{""x"":1439,""y"":508,""t"":2760},{""x"":1426,""y"":497,""t"":2827},{""x"":1423,""y"":515,""t"":2880},{""x"":1427,""y"":535,""t"":2890},{""x"":1415,""y"":499,""t"":2955},{""x"":1405,""y"":466,""t"":2966},{""x"":1441,""y"":395,""t"":3031},{""x"":1418,""y"":387,""t"":3081},{""x"":1399,""y"":382,""t"":3095},{""x"":1402,""y"":340,""t"":3159},{""x"":1406,""y"":337,""t"":3170},{""x"":1392,""y"":342,""t"":3235},{""x"":1195,""y"":407,""t"":3287},{""x"":1063,""y"":437,""t"":3298},{""x"":959,""y"":545,""t"":3364},{""x"":801,""y"":515,""t"":3375},{""x"":697,""y"":563,""t"":3441},{""x"":582,""y"":589,""t"":3491},{""x"":477,""y"":613,""t"":3502},{""x"":419,""y"":576,""t"":3569},{""x"":367,""y"":542,""t"":3581},{""x"":317,""y"":518,""t"":3650},{""x"":287,""y"":510,""t"":3674},{""x"":263,""y"":500,""t"":3739},{""x"":245,""y"":556,""t"":3750},{""x"":278,""y"":512,""t"":3817},{""x"":292,""y"":491,""t"":3865},{""x"":310,""y"":525,""t"":3877},{""x"":406,""y"":604,""t"":3942},{""x"":485,""y"":693,""t"":3953},{""x"":486,""y"":774,""t"":4020},{""x"":513,""y"":824,""t"":4070},{""x"":535,""y"":863,""t"":4083},{""x"":627,""y"":847,""t"":4149},{""x"":657,""y"":834,""t"":4199},{""x"":656,""y"":852,""t"":4217},{""x"":663,""y"":873,""t"":4284},{""x"":681,""y"":876,""t"":4295},{""x"":676,""y"":842,""t"":4363},{""x"":701,""y"":852,""t"":4413},{""x"":723,""y"":878,""t"":4428},{""x"":823,""y"":860,""t"":4498},{""x"":1028,""y"":818,""t"":4546},{""x"":1180,""y"":788,""t"":4557},{""x"":1312,""y"":744,""t"":4624},{""x"":1452,""y"":726,""t"":4636},{""x"":1561,""y"":697,""t"":4702},{""x"":1642,""y"":695,""t"":4753},{""x"":1655,""y"":698,""t"":4766},{""x"":1632,""y"":697,""t"":4832},{""x"":1647,""y"":667,""t"":4884},{""x"":1611,""y"":622,""t"":4896},{""x"":1549,""y"":620,""t"":4963},{""x"":1590,""y"":629,""t"":4975},{""x"":1632,""y"":615,""t"":5041},{""x"":1653,""y"":606,""t"":5093},{""x"":1649,""y"":606,""t"":5105},{""x"":1611,""y"":540,""t"":5173},{""x"":1592,""y"":499,""t"":5224},{""x"":1573,""y"":487,""t"":5237},{""x"":1561,""y"":491,""t"":5304},{""x"":1546,""y"":504,""t"":5314},{""x"":1463,""y"":474,""t"":5385},{""x"":1432,""y"":431,""t"":5407},{""x"":1330,""y"":447,""t"":5476},{""x"":1240,""y"":546,""t"":5524},{""x"":1135,""y"":577,""t"":5544},{""x"":1061,""y"":578,""t"":5609},{""x"":1005,""y"":591,""t"":5621},{""x"":975,""y"":603,""t"":5687},{""x"":1011,""y"":599,""t"":5735},{""x"":1044,""y"":561,""t"":5746},{""x"":1020,""y"":585,""t"":5811},{""x"":1003,""y"":605,""t"":5824},{""x"":1036,""y"":601,""t"":5891},{""x"":1032,""y"":622,""t"":5939},{""x"":1031,""y"":640,""t"":5951}]",0,0.9961874870105741,0.003812512989425807,wa_dn_b-last,0
98-attributes,1,117,exp_13,0.0,375.3000000119209,0.7,0.29,1.7999999999999998,5.0,higher_p,higher_m,0,1,attributes,1.0,True,1.2599999999999998,1.45,-0.1900000000000001,0.0617557805929019,0.5,0.5,0.4,0.6,1.0,0.0,higher_m,higher_p,True,"{""durations"":[1500,1000,1500,1000],""alternatives"":[""all"",""all"",""all"",""all""],""attributes"":[""m"",""p"",""m"",""p""]}","[{""x"":1020,""y"":663,""t"":-13},{""x"":1026,""y"":656,""t"":0},{""x"":1001,""y"":684,""t"":89},{""x"":1012,""y"":695,""t"":121},{""x"":1055,""y"":679,""t"":164},{""x"":1075,""y"":675,""t"":207},{""x"":1086,""y"":640,""t"":277},{""x"":1080,""y"":636,""t"":332},{""x"":1089,""y"":638,""t"":345},{""x"":990,""y"":621,""t"":411},{""x"":842,""y"":623,""t"":465},{""x"":704,""y"":643,""t"":476},{""x"":606,""y"":647,""t"":541},{""x"":552,""y"":663,""t"":552},{""x"":761,""y"":633,""t"":617},{""x"":921,""y"":646,""t"":668},{""x"":1091,""y"":642,""t"":681},{""x"":1189,""y"":637,""t"":747},{""x"":1290,""y"":615,""t"":758},{""x"":1397,""y"":571,""t"":826},{""x"":1465,""y"":573,""t"":883},{""x"":1516,""y"":575,""t"":894},{""x"":1337,""y"":592,""t"":959},{""x"":1165,""y"":654,""t"":1007},{""x"":1016,""y"":708,""t"":1021},{""x"":866,""y"":716,""t"":1089},{""x"":758,""y"":716,""t"":1138},{""x"":640,""y"":728,""t"":1157},{""x"":598,""y"":722,""t"":1230},{""x"":486,""y"":700,""t"":1281},{""x"":442,""y"":688,""t"":1295},{""x"":375,""y"":714,""t"":1375},{""x"":315,""y"":745,""t"":1395},{""x"":339,""y"":691,""t"":1475},{""x"":332,""y"":659,""t"":1497},{""x"":308,""y"":650,""t"":1579},{""x"":276,""y"":651,""t"":1599},{""x"":353,""y"":622,""t"":1671},{""x"":453,""y"":600,""t"":1723},{""x"":468,""y"":594,""t"":1735},{""x"":447,""y"":627,""t"":1803},{""x"":405,""y"":644,""t"":1854},{""x"":430,""y"":633,""t"":1870},{""x"":457,""y"":646,""t"":1936},{""x"":457,""y"":671,""t"":1949},{""x"":456,""y"":670,""t"":2014},{""x"":419,""y"":689,""t"":2063},{""x"":383,""y"":679,""t"":2075},{""x"":614,""y"":675,""t"":2139},{""x"":813,""y"":675,""t"":2152},{""x"":1058,""y"":690,""t"":2219},{""x"":1241,""y"":676,""t"":2269},{""x"":1424,""y"":698,""t"":2280},{""x"":1510,""y"":686,""t"":2347},{""x"":1595,""y"":682,""t"":2394},{""x"":1723,""y"":681,""t"":2414},{""x"":1697,""y"":675,""t"":2482},{""x"":1713,""y"":674,""t"":2531},{""x"":1717,""y"":697,""t"":2551},{""x"":1731,""y"":687,""t"":2621},{""x"":1714,""y"":681,""t"":2673},{""x"":1694,""y"":677,""t"":2686},{""x"":1670,""y"":648,""t"":2751},{""x"":1646,""y"":624,""t"":2763},{""x"":1628,""y"":576,""t"":2828},{""x"":1548,""y"":522,""t"":2881},{""x"":1513,""y"":469,""t"":2892},{""x"":1523,""y"":453,""t"":2957},{""x"":1546,""y"":423,""t"":2968},{""x"":1540,""y"":426,""t"":3036},{""x"":1555,""y"":384,""t"":3087},{""x"":1568,""y"":351,""t"":3097},{""x"":1550,""y"":327,""t"":3165},{""x"":1309,""y"":313,""t"":3213},{""x"":1029,""y"":343,""t"":3231},{""x"":795,""y"":396,""t"":3296},{""x"":594,""y"":436,""t"":3307},{""x"":430,""y"":480,""t"":3375},{""x"":321,""y"":512,""t"":3426},{""x"":281,""y"":541,""t"":3438},{""x"":342,""y"":630,""t"":3502},{""x"":385,""y"":749,""t"":3513},{""x"":413,""y"":787,""t"":3578},{""x"":368,""y"":800,""t"":3630},{""x"":395,""y"":845,""t"":3641},{""x"":462,""y"":879,""t"":3706},{""x"":392,""y"":898,""t"":3773},{""x"":391,""y"":941,""t"":3784},{""x"":361,""y"":940,""t"":3848},{""x"":390,""y"":978,""t"":3906},{""x"":393,""y"":1026,""t"":3917},{""x"":445,""y"":1031,""t"":3983},{""x"":426,""y"":1037,""t"":4034},{""x"":438,""y"":1035,""t"":4048},{""x"":455,""y"":1000,""t"":4115},{""x"":461,""y"":1023,""t"":4164},{""x"":440,""y"":1028,""t"":4182},{""x"":448,""y"":981,""t"":4246},{""x"":468,""y"":970,""t"":4258},{""x"":471,""y"":953,""t"":4324},{""x"":453,""y"":915,""t"":4374},{""x"":437,""y"":883,""t"":4387},{""x"":787,""y"":832,""t"":4452},{""x"":1062,""y"":775,""t"":4463},{""x"":1257,""y"":726,""t"":4529},{""x"":1391,""y"":749,""t"":4580},{""x"":1495,""y"":771,""t"":4592},{""x"":1632,""y"":757,""t"":4656},{""x"":1749,""y"":757,""t"":4667},{""x"":1824,""y"":719,""t"":4737},{""x"":1907,""y"":687,""t"":4761},{""x"":1901,""y"":623,""t"":4825},{""x"":1909,""y"":557,""t"":4836},{""x"":1848,""y"":511,""t"":4902},{""x"":1789,""y"":473,""t"":4955},{""x"":1746,""y"":439,""t"":4966},{""x"":1647,""y"":509,""t"":5032},{""x"":1505,""y"":593,""t"":5084},{""x"":1452,""y"":621,""t"":5100},{""x"":1384,""y"":643,""t"":5166},{""x"":1329,""y"":661,""t"":5177},{""x"":1286,""y"":690,""t"":5242},{""x"":1201,""y"":744,""t"":5290},{""x"":1173,""y"":750,""t"":5305},{""x"":1111,""y"":733,""t"":5369},{""x"":1063,""y"":717,""t"":5381},{""x"":1015,""y"":719,""t"":5453},{""x"":1001,""y"":706,""t"":5475},{""x"":1048,""y"":683,""t"":5555},{""x"":1023,""y"":709,""t"":5602},{""x"":999,""y"":735,""t"":5614},{""x"":997,""y"":733,""t"":5678},{""x"":998,""y"":731,""t"":5688},{""x"":988,""y"":742,""t"":5757},{""x"":1015,""y"":750,""t"":5780},{""x"":979,""y"":755,""t"":5846},{""x"":935,""y"":786,""t"":5857}]",1,0.6993538464943925,0.3006461535056075,wa_dn_b-last,0
98-attributes,1,118,catch_11,1.0,277.10000002384186,0.18,0.58,1.6999999999999995,5.0,dominated,dominant,1,1,attributes,1.0,True,0.3059999999999999,2.9,-2.594,-2.412592495162716,0.5,0.5,0.5,0.5,,1.0,,dominant,True,"{""durations"":[1250,1250,1250,1250],""attributes"":[""p"",""m"",""p"",""m""],""alternatives"":[""all"",""all"",""all"",""all""]}","[{""x"":984,""y"":679,""t"":-20},{""x"":951,""y"":670,""t"":0},{""x"":999,""y"":691,""t"":90},{""x"":1040,""y"":710,""t"":117},{""x"":1049,""y"":729,""t"":184},{""x"":1038,""y"":734,""t"":206},{""x"":1028,""y"":696,""t"":271},{""x"":1001,""y"":673,""t"":283},{""x"":876,""y"":736,""t"":350},{""x"":701,""y"":785,""t"":417},{""x"":625,""y"":816,""t"":443},{""x"":696,""y"":806,""t"":508},{""x"":745,""y"":799,""t"":519},{""x"":899,""y"":812,""t"":585},{""x"":1096,""y"":752,""t"":638},{""x"":1243,""y"":727,""t"":650},{""x"":1385,""y"":690,""t"":715},{""x"":1453,""y"":684,""t"":767},{""x"":1530,""y"":717,""t"":784},{""x"":1395,""y"":717,""t"":849},{""x"":1312,""y"":699,""t"":861},{""x"":1113,""y"":723,""t"":927},{""x"":946,""y"":716,""t"":976},{""x"":806,""y"":709,""t"":988},{""x"":675,""y"":727,""t"":1053},{""x"":553,""y"":735,""t"":1066},{""x"":427,""y"":772,""t"":1131},{""x"":422,""y"":789,""t"":1182},{""x"":428,""y"":803,""t"":1193},{""x"":345,""y"":812,""t"":1257},{""x"":281,""y"":819,""t"":1272},{""x"":293,""y"":820,""t"":1345},{""x"":303,""y"":765,""t"":1361},{""x"":294,""y"":693,""t"":1427},{""x"":291,""y"":632,""t"":1438},{""x"":261,""y"":651,""t"":1505},{""x"":249,""y"":635,""t"":1553},{""x"":229,""y"":593,""t"":1565},{""x"":219,""y"":551,""t"":1630},{""x"":245,""y"":582,""t"":1641},{""x"":307,""y"":560,""t"":1707},{""x"":446,""y"":553,""t"":1759},{""x"":560,""y"":552,""t"":1769},{""x"":814,""y"":434,""t"":1834},{""x"":1029,""y"":351,""t"":1846},{""x"":1224,""y"":346,""t"":1912},{""x"":1377,""y"":310,""t"":1964},{""x"":1452,""y"":292,""t"":1975},{""x"":1562,""y"":277,""t"":2042},{""x"":1592,""y"":314,""t"":2095},{""x"":1611,""y"":305,""t"":2109},{""x"":1640,""y"":329,""t"":2175},{""x"":1670,""y"":339,""t"":2185},{""x"":1663,""y"":328,""t"":2251},{""x"":1650,""y"":389,""t"":2310},{""x"":1581,""y"":484,""t"":2322},{""x"":1614,""y"":572,""t"":2388},{""x"":1603,""y"":625,""t"":2436},{""x"":1575,""y"":668,""t"":2448},{""x"":1595,""y"":708,""t"":2515},{""x"":1587,""y"":750,""t"":2526},{""x"":1584,""y"":777,""t"":2594},{""x"":1539,""y"":783,""t"":2618},{""x"":1525,""y"":724,""t"":2685},{""x"":1522,""y"":657,""t"":2696},{""x"":1495,""y"":609,""t"":2763},{""x"":1458,""y"":585,""t"":2811},{""x"":1445,""y"":577,""t"":2822},{""x"":1436,""y"":594,""t"":2889},{""x"":1430,""y"":610,""t"":2900},{""x"":1438,""y"":621,""t"":2968},{""x"":1404,""y"":576,""t"":2996},{""x"":1415,""y"":608,""t"":3066},{""x"":1395,""y"":581,""t"":3115},{""x"":1369,""y"":581,""t"":3138},{""x"":1345,""y"":629,""t"":3204},{""x"":1134,""y"":662,""t"":3256},{""x"":905,""y"":729,""t"":3268},{""x"":684,""y"":771,""t"":3337},{""x"":588,""y"":825,""t"":3390},{""x"":518,""y"":867,""t"":3402},{""x"":474,""y"":891,""t"":3467},{""x"":434,""y"":939,""t"":3478},{""x"":367,""y"":965,""t"":3542},{""x"":333,""y"":917,""t"":3592},{""x"":297,""y"":889,""t"":3606},{""x"":280,""y"":871,""t"":3670},{""x"":282,""y"":883,""t"":3681},{""x"":309,""y"":880,""t"":3747},{""x"":478,""y"":844,""t"":3794},{""x"":604,""y"":822,""t"":3810},{""x"":899,""y"":834,""t"":3876},{""x"":1129,""y"":850,""t"":3887},{""x"":1288,""y"":819,""t"":3953},{""x"":1453,""y"":779,""t"":4004},{""x"":1555,""y"":750,""t"":4015},{""x"":1598,""y"":725,""t"":4081},{""x"":1647,""y"":630,""t"":4129},{""x"":1684,""y"":559,""t"":4150},{""x"":1676,""y"":502,""t"":4215},{""x"":1659,""y"":458,""t"":4226},{""x"":1658,""y"":435,""t"":4293},{""x"":1638,""y"":373,""t"":4341},{""x"":1588,""y"":279,""t"":4353},{""x"":1317,""y"":254,""t"":4418},{""x"":1065,""y"":249,""t"":4429},{""x"":864,""y"":279,""t"":4496},{""x"":720,""y"":262,""t"":4546},{""x"":607,""y"":251,""t"":4557},{""x"":527,""y"":334,""t"":4621},{""x"":444,""y"":432,""t"":4633},{""x"":487,""y"":505,""t"":4700},{""x"":581,""y"":614,""t"":4750},{""x"":619,""y"":684,""t"":4762},{""x"":737,""y"":728,""t"":4828},{""x"":854,""y"":759,""t"":4876},{""x"":965,""y"":751,""t"":4896},{""x"":1041,""y"":721,""t"":4962},{""x"":1094,""y"":715,""t"":4974},{""x"":1114,""y"":726,""t"":5039},{""x"":1146,""y"":695,""t"":5090},{""x"":1109,""y"":726,""t"":5103},{""x"":1093,""y"":742,""t"":5169},{""x"":1109,""y"":695,""t"":5217},{""x"":1147,""y"":682,""t"":5237},{""x"":1169,""y"":679,""t"":5323},{""x"":1183,""y"":672,""t"":5338},{""x"":1116,""y"":694,""t"":5406},{""x"":1074,""y"":699,""t"":5416},{""x"":1081,""y"":696,""t"":5482},{""x"":1031,""y"":651,""t"":5533},{""x"":988,""y"":613,""t"":5545},{""x"":980,""y"":616,""t"":5609},{""x"":975,""y"":620,""t"":5620},{""x"":983,""y"":615,""t"":5687},{""x"":1003,""y"":579,""t"":5738},{""x"":1030,""y"":569,""t"":5752}]",1,3.424655210843973e-06,0.9999965753447891,wa_dn_b-last,0
98-attributes,1,121,exp_103,0.0,292.5,0.58,0.38,4.9,6.9,higher_p,higher_m,0,1,attributes,1.0,True,2.842,2.6220000000000003,0.2199999999999997,0.4837536146444008,0.5,0.5,0.4,0.6,1.0,1.0,higher_m,higher_m,True,"{""durations"":[1000,1500,1000,1500],""alternatives"":[""all"",""all"",""all"",""all""],""attributes"":[""p"",""m"",""p"",""m""]}","[{""x"":1093,""y"":622,""t"":-12},{""x"":1109,""y"":642,""t"":0},{""x"":1046,""y"":648,""t"":64},{""x"":1013,""y"":703,""t"":129},{""x"":1006,""y"":721,""t"":171},{""x"":1056,""y"":702,""t"":239},{""x"":1038,""y"":709,""t"":295},{""x"":986,""y"":735,""t"":308},{""x"":992,""y"":725,""t"":376},{""x"":888,""y"":817,""t"":424},{""x"":800,""y"":895,""t"":442},{""x"":713,""y"":917,""t"":508},{""x"":640,""y"":926,""t"":520},{""x"":594,""y"":923,""t"":587},{""x"":586,""y"":927,""t"":639},{""x"":612,""y"":906,""t"":650},{""x"":810,""y"":875,""t"":719},{""x"":1065,""y"":857,""t"":771},{""x"":1282,""y"":832,""t"":782},{""x"":1366,""y"":819,""t"":846},{""x"":1472,""y"":829,""t"":859},{""x"":1556,""y"":839,""t"":923},{""x"":1637,""y"":835,""t"":971},{""x"":1677,""y"":797,""t"":986},{""x"":1712,""y"":769,""t"":1055},{""x"":1760,""y"":769,""t"":1109},{""x"":1794,""y"":770,""t"":1124},{""x"":1819,""y"":736,""t"":1189},{""x"":1825,""y"":726,""t"":1200},{""x"":1811,""y"":722,""t"":1266},{""x"":1808,""y"":700,""t"":1317},{""x"":1783,""y"":673,""t"":1328},{""x"":1744,""y"":622,""t"":1393},{""x"":1708,""y"":580,""t"":1404},{""x"":1643,""y"":556,""t"":1470},{""x"":1606,""y"":507,""t"":1518},{""x"":1576,""y"":468,""t"":1530},{""x"":1530,""y"":377,""t"":1596},{""x"":1476,""y"":342,""t"":1607},{""x"":1521,""y"":258,""t"":1672},{""x"":1477,""y"":248,""t"":1725},{""x"":1440,""y"":244,""t"":1736},{""x"":1242,""y"":255,""t"":1802},{""x"":1039,""y"":312,""t"":1813},{""x"":805,""y"":333,""t"":1879},{""x"":642,""y"":337,""t"":1956},{""x"":485,""y"":366,""t"":1974},{""x"":371,""y"":350,""t"":2039},{""x"":287,""y"":336,""t"":2050},{""x"":228,""y"":375,""t"":2116},{""x"":224,""y"":401,""t"":2166},{""x"":151,""y"":431,""t"":2178},{""x"":163,""y"":461,""t"":2243},{""x"":251,""y"":493,""t"":2254},{""x"":249,""y"":517,""t"":2321},{""x"":230,""y"":540,""t"":2369},{""x"":219,""y"":558,""t"":2381},{""x"":290,""y"":632,""t"":2447},{""x"":346,""y"":690,""t"":2459},{""x"":377,""y"":770,""t"":2525},{""x"":413,""y"":798,""t"":2578},{""x"":452,""y"":808,""t"":2589},{""x"":715,""y"":669,""t"":2655},{""x"":943,""y"":585,""t"":2708},{""x"":1131,""y"":514,""t"":2721},{""x"":1258,""y"":422,""t"":2786},{""x"":1366,""y"":343,""t"":2797},{""x"":1539,""y"":349,""t"":2863},{""x"":1609,""y"":378,""t"":2915},{""x"":1635,""y"":406,""t"":2926},{""x"":1717,""y"":472,""t"":2991},{""x"":1748,""y"":505,""t"":3002},{""x"":1766,""y"":520,""t"":3069},{""x"":1623,""y"":573,""t"":3118},{""x"":1501,""y"":616,""t"":3129},{""x"":1267,""y"":691,""t"":3194},{""x"":1046,""y"":774,""t"":3205},{""x"":881,""y"":817,""t"":3272},{""x"":723,""y"":833,""t"":3321},{""x"":594,""y"":834,""t"":3336},{""x"":512,""y"":843,""t"":3400},{""x"":444,""y"":866,""t"":3452},{""x"":400,""y"":845,""t"":3470},{""x"":403,""y"":847,""t"":3534},{""x"":407,""y"":896,""t"":3547},{""x"":543,""y"":881,""t"":3615},{""x"":663,""y"":848,""t"":3639},{""x"":772,""y"":776,""t"":3706},{""x"":846,""y"":749,""t"":3759},{""x"":922,""y"":677,""t"":3775},{""x"":936,""y"":654,""t"":3839},{""x"":992,""y"":596,""t"":3878},{""x"":923,""y"":559,""t"":3943},{""x"":877,""y"":509,""t"":3954},{""x"":756,""y"":507,""t"":4019},{""x"":609,""y"":512,""t"":4072},{""x"":486,""y"":520,""t"":4084},{""x"":382,""y"":479,""t"":4149},{""x"":364,""y"":452,""t"":4197},{""x"":336,""y"":447,""t"":4218},{""x"":594,""y"":457,""t"":4284},{""x"":819,""y"":468,""t"":4295},{""x"":1016,""y"":346,""t"":4362},{""x"":1164,""y"":312,""t"":4387},{""x"":1246,""y"":271,""t"":4450},{""x"":1309,""y"":240,""t"":4461},{""x"":1266,""y"":362,""t"":4530},{""x"":1169,""y"":381,""t"":4581},{""x"":1048,""y"":424,""t"":4595},{""x"":1047,""y"":518,""t"":4660},{""x"":1050,""y"":606,""t"":4709},{""x"":1046,""y"":592,""t"":4727},{""x"":1053,""y"":649,""t"":4792},{""x"":980,""y"":729,""t"":4806},{""x"":971,""y"":806,""t"":4871},{""x"":986,""y"":795,""t"":4919},{""x"":1005,""y"":779,""t"":4931},{""x"":939,""y"":787,""t"":4996},{""x"":955,""y"":787,""t"":5008},{""x"":963,""y"":835,""t"":5076},{""x"":972,""y"":867,""t"":5101},{""x"":976,""y"":856,""t"":5169},{""x"":956,""y"":806,""t"":5220},{""x"":966,""y"":820,""t"":5238},{""x"":1028,""y"":812,""t"":5303},{""x"":1082,""y"":804,""t"":5314},{""x"":1136,""y"":731,""t"":5380},{""x"":1139,""y"":725,""t"":5430},{""x"":1139,""y"":720,""t"":5441},{""x"":1105,""y"":673,""t"":5508},{""x"":1104,""y"":647,""t"":5519},{""x"":1067,""y"":614,""t"":5585},{""x"":1029,""y"":641,""t"":5635},{""x"":996,""y"":665,""t"":5646},{""x"":1008,""y"":682,""t"":5711},{""x"":1029,""y"":707,""t"":5724},{""x"":1101,""y"":679,""t"":5790},{""x"":1107,""y"":684,""t"":5842},{""x"":1066,""y"":694,""t"":5855}]",1,0.6518700903470145,0.3481299096529854,wa_dn_b-last,0
98-attributes,1,123,exp_119,0.0,905.1999999880792,0.49,0.22,4.2,7.9,higher_p,higher_m,0,1,attributes,1.0,True,2.058,1.738,0.3199999999999998,0.5866799156325714,0.5,0.5,0.4,0.6,1.0,1.0,higher_m,higher_m,True,"{""durations"":[1000,1500,1000,1500],""alternatives"":[""all"",""all"",""all"",""all""],""attributes"":[""p"",""m"",""p"",""m""]}","[{""x"":1129,""y"":584,""t"":-13},{""x"":1126,""y"":613,""t"":0},{""x"":1127,""y"":590,""t"":89},{""x"":1133,""y"":620,""t"":119},{""x"":1091,""y"":622,""t"":187},{""x"":1015,""y"":636,""t"":206},{""x"":981,""y"":619,""t"":271},{""x"":955,""y"":597,""t"":282},{""x"":920,""y"":636,""t"":349},{""x"":840,""y"":677,""t"":401},{""x"":806,""y"":692,""t"":412},{""x"":743,""y"":736,""t"":478},{""x"":737,""y"":736,""t"":527},{""x"":717,""y"":725,""t"":545},{""x"":931,""y"":696,""t"":610},{""x"":1105,""y"":649,""t"":621},{""x"":1196,""y"":629,""t"":687},{""x"":1251,""y"":568,""t"":744},{""x"":1330,""y"":548,""t"":770},{""x"":1408,""y"":562,""t"":809},{""x"":1454,""y"":525,""t"":848},{""x"":1510,""y"":504,""t"":887},{""x"":1606,""y"":429,""t"":945},{""x"":1627,""y"":453,""t"":984},{""x"":1619,""y"":513,""t"":1027},{""x"":1657,""y"":474,""t"":1101},{""x"":1634,""y"":474,""t"":1122},{""x"":1634,""y"":362,""t"":1189},{""x"":1594,""y"":357,""t"":1202},{""x"":1630,""y"":293,""t"":1269},{""x"":1595,""y"":276,""t"":1319},{""x"":1562,""y"":265,""t"":1330},{""x"":1557,""y"":218,""t"":1398},{""x"":1544,""y"":181,""t"":1448},{""x"":1525,""y"":163,""t"":1464},{""x"":1529,""y"":158,""t"":1529},{""x"":1507,""y"":164,""t"":1542},{""x"":1464,""y"":191,""t"":1614},{""x"":1400,""y"":227,""t"":1634},{""x"":1425,""y"":190,""t"":1699},{""x"":1448,""y"":159,""t"":1711},{""x"":1413,""y"":180,""t"":1779},{""x"":1440,""y"":153,""t"":1828},{""x"":1464,""y"":130,""t"":1838},{""x"":1489,""y"":138,""t"":1904},{""x"":1493,""y"":159,""t"":1915},{""x"":1479,""y"":94,""t"":1981},{""x"":1459,""y"":104,""t"":2030},{""x"":1409,""y"":105,""t"":2041},{""x"":1414,""y"":109,""t"":2106},{""x"":1407,""y"":143,""t"":2119},{""x"":1419,""y"":174,""t"":2184},{""x"":1389,""y"":165,""t"":2238},{""x"":1364,""y"":136,""t"":2249},{""x"":1363,""y"":165,""t"":2315},{""x"":1403,""y"":151,""t"":2363},{""x"":1443,""y"":125,""t"":2381},{""x"":1212,""y"":211,""t"":2447},{""x"":995,""y"":257,""t"":2457},{""x"":731,""y"":341,""t"":2526},{""x"":591,""y"":410,""t"":2576},{""x"":483,""y"":466,""t"":2587},{""x"":372,""y"":498,""t"":2653},{""x"":308,""y"":528,""t"":2705},{""x"":259,""y"":571,""t"":2721},{""x"":262,""y"":542,""t"":2793},{""x"":272,""y"":594,""t"":2845},{""x"":295,""y"":649,""t"":2857},{""x"":280,""y"":702,""t"":2922},{""x"":272,""y"":730,""t"":2935},{""x"":292,""y"":718,""t"":3000},{""x"":353,""y"":756,""t"":3048},{""x"":415,""y"":782,""t"":3062},{""x"":699,""y"":788,""t"":3127},{""x"":955,""y"":778,""t"":3139},{""x"":1208,""y"":734,""t"":3204},{""x"":1323,""y"":696,""t"":3256},{""x"":1400,""y"":681,""t"":3268},{""x"":1469,""y"":670,""t"":3334},{""x"":1556,""y"":643,""t"":3386},{""x"":1599,""y"":593,""t"":3401},{""x"":1646,""y"":622,""t"":3468},{""x"":1660,""y"":627,""t"":3479},{""x"":1626,""y"":611,""t"":3545},{""x"":1580,""y"":557,""t"":3594},{""x"":1560,""y"":541,""t"":3608},{""x"":1526,""y"":569,""t"":3672},{""x"":1504,""y"":568,""t"":3720},{""x"":1499,""y"":516,""t"":3740},{""x"":1456,""y"":447,""t"":3805},{""x"":1418,""y"":389,""t"":3818},{""x"":1398,""y"":370,""t"":3884},{""x"":1384,""y"":356,""t"":3931},{""x"":1390,""y"":338,""t"":3945},{""x"":1376,""y"":345,""t"":4011},{""x"":1365,""y"":353,""t"":4023},{""x"":1380,""y"":286,""t"":4091},{""x"":1402,""y"":250,""t"":4141},{""x"":1421,""y"":221,""t"":4153},{""x"":1431,""y"":174,""t"":4220},{""x"":1165,""y"":193,""t"":4272},{""x"":906,""y"":245,""t"":4286},{""x"":741,""y"":227,""t"":4350},{""x"":619,""y"":254,""t"":4361},{""x"":484,""y"":277,""t"":4426},{""x"":335,""y"":321,""t"":4476},{""x"":231,""y"":326,""t"":4489},{""x"":178,""y"":364,""t"":4554},{""x"":196,""y"":384,""t"":4566},{""x"":172,""y"":410,""t"":4632},{""x"":194,""y"":432,""t"":4683},{""x"":198,""y"":470,""t"":4695},{""x"":186,""y"":491,""t"":4760},{""x"":210,""y"":447,""t"":4809},{""x"":234,""y"":407,""t"":4830},{""x"":239,""y"":476,""t"":4894},{""x"":269,""y"":538,""t"":4905},{""x"":377,""y"":545,""t"":4971},{""x"":372,""y"":565,""t"":5019},{""x"":376,""y"":574,""t"":5033},{""x"":388,""y"":589,""t"":5099},{""x"":398,""y"":600,""t"":5112},{""x"":418,""y"":611,""t"":5177},{""x"":517,""y"":660,""t"":5224},{""x"":601,""y"":669,""t"":5237},{""x"":798,""y"":611,""t"":5301},{""x"":924,""y"":570,""t"":5313},{""x"":1008,""y"":541,""t"":5378},{""x"":1103,""y"":562,""t"":5428},{""x"":1192,""y"":557,""t"":5442},{""x"":1277,""y"":617,""t"":5506},{""x"":1341,""y"":667,""t"":5518},{""x"":1343,""y"":687,""t"":5583},{""x"":1273,""y"":761,""t"":5630},{""x"":1254,""y"":802,""t"":5645},{""x"":1189,""y"":819,""t"":5710},{""x"":1126,""y"":827,""t"":5721},{""x"":1124,""y"":850,""t"":5786},{""x"":1096,""y"":797,""t"":5838},{""x"":1077,""y"":757,""t"":5849},{""x"":1032,""y"":699,""t"":5913},{""x"":1084,""y"":686,""t"":5925},{""x"":1130,""y"":676,""t"":5990},{""x"":1095,""y"":651,""t"":6039},{""x"":1070,""y"":628,""t"":6052},{""x"":1057,""y"":667,""t"":6117},{""x"":1066,""y"":643,""t"":6129},{""x"":1058,""y"":665,""t"":6195},{""x"":1056,""y"":692,""t"":6248},{""x"":1055,""y"":697,""t"":6262},{""x"":1143,""y"":649,""t"":6327},{""x"":1141,""y"":646,""t"":6380},{""x"":1127,""y"":653,""t"":6394},{""x"":1072,""y"":688,""t"":6459},{""x"":1036,""y"":726,""t"":6470}]",0,0.8122750414398116,0.18772495856018842,wa_dn_b-last,0
98-attributes,1,124,exp_65,0.0,590.3999999761581,0.72,0.51,4.2,5.2,higher_p,higher_m,0,1,attributes,1.0,True,3.024,2.652,0.3719999999999999,0.64020159214642,0.5,0.5,0.6,0.4,0.0,1.0,higher_p,higher_m,True,"{""durations"":[1500,1000,1500,1000],""alternatives"":[""all"",""all"",""all"",""all""],""attributes"":[""p"",""m"",""p"",""m""]}","[{""x"":1011,""y"":612,""t"":-17},{""x"":1011,""y"":654,""t"":0},{""x"":1001,""y"":682,""t"":82},{""x"":992,""y"":706,""t"":115},{""x"":1005,""y"":688,""t"":182},{""x"":1013,""y"":683,""t"":230},{""x"":1016,""y"":668,""t"":240},{""x"":1001,""y"":663,""t"":305},{""x"":979,""y"":674,""t"":317},{""x"":871,""y"":688,""t"":382},{""x"":774,""y"":712,""t"":430},{""x"":703,""y"":717,""t"":443},{""x"":606,""y"":725,""t"":507},{""x"":586,""y"":766,""t"":518},{""x"":543,""y"":810,""t"":585},{""x"":812,""y"":807,""t"":636},{""x"":1024,""y"":802,""t"":647},{""x"":1205,""y"":747,""t"":712},{""x"":1363,""y"":695,""t"":724},{""x"":1489,""y"":696,""t"":790},{""x"":1570,""y"":716,""t"":838},{""x"":1629,""y"":734,""t"":852},{""x"":1703,""y"":671,""t"":917},{""x"":1705,""y"":617,""t"":928},{""x"":1690,""y"":594,""t"":995},{""x"":1460,""y"":652,""t"":1046},{""x"":1261,""y"":688,""t"":1057},{""x"":998,""y"":715,""t"":1122},{""x"":825,""y"":732,""t"":1133},{""x"":698,""y"":745,""t"":1198},{""x"":593,""y"":705,""t"":1247},{""x"":468,""y"":685,""t"":1260},{""x"":367,""y"":638,""t"":1325},{""x"":306,""y"":670,""t"":1336},{""x"":278,""y"":646,""t"":1405},{""x"":337,""y"":587,""t"":1453},{""x"":371,""y"":560,""t"":1465},{""x"":360,""y"":542,""t"":1533},{""x"":346,""y"":522,""t"":1584},{""x"":339,""y"":507,""t"":1599},{""x"":313,""y"":478,""t"":1665},{""x"":337,""y"":474,""t"":1676},{""x"":307,""y"":458,""t"":1743},{""x"":346,""y"":463,""t"":1790},{""x"":367,""y"":471,""t"":1803},{""x"":647,""y"":422,""t"":1868},{""x"":888,""y"":381,""t"":1880},{""x"":1064,""y"":343,""t"":1948},{""x"":1237,""y"":306,""t"":1972},{""x"":1323,""y"":301,""t"":2039},{""x"":1370,""y"":309,""t"":2050},{""x"":1486,""y"":286,""t"":2116},{""x"":1524,""y"":301,""t"":2163},{""x"":1582,""y"":264,""t"":2177},{""x"":1641,""y"":232,""t"":2242},{""x"":1678,""y"":247,""t"":2254},{""x"":1710,""y"":208,""t"":2322},{""x"":1712,""y"":141,""t"":2347},{""x"":1720,""y"":180,""t"":2417},{""x"":1666,""y"":239,""t"":2473},{""x"":1614,""y"":290,""t"":2484},{""x"":1383,""y"":390,""t"":2551},{""x"":1212,""y"":492,""t"":2601},{""x"":1068,""y"":578,""t"":2619},{""x"":1127,""y"":633,""t"":2683},{""x"":1155,""y"":676,""t"":2695},{""x"":1252,""y"":745,""t"":2762},{""x"":1341,""y"":794,""t"":2812},{""x"":1423,""y"":833,""t"":2823},{""x"":1485,""y"":845,""t"":2889},{""x"":1547,""y"":839,""t"":2901},{""x"":1555,""y"":841,""t"":2967},{""x"":1606,""y"":839,""t"":3015},{""x"":1577,""y"":858,""t"":3028},{""x"":1394,""y"":878,""t"":3093},{""x"":1237,""y"":892,""t"":3105},{""x"":1033,""y"":906,""t"":3170},{""x"":861,""y"":883,""t"":3218},{""x"":700,""y"":878,""t"":3231},{""x"":629,""y"":893,""t"":3298},{""x"":591,""y"":868,""t"":3310},{""x"":508,""y"":842,""t"":3377},{""x"":438,""y"":806,""t"":3426},{""x"":352,""y"":803,""t"":3439},{""x"":308,""y"":804,""t"":3503},{""x"":225,""y"":705,""t"":3552},{""x"":247,""y"":602,""t"":3572},{""x"":214,""y"":551,""t"":3636},{""x"":192,""y"":511,""t"":3647},{""x"":198,""y"":490,""t"":3714},{""x"":247,""y"":451,""t"":3762},{""x"":230,""y"":455,""t"":3775},{""x"":214,""y"":408,""t"":3839},{""x"":264,""y"":414,""t"":3877},{""x"":272,""y"":396,""t"":3942},{""x"":284,""y"":349,""t"":3958},{""x"":276,""y"":328,""t"":4005},{""x"":284,""y"":337,""t"":4044},{""x"":334,""y"":335,""t"":4083},{""x"":332,""y"":351,""t"":4149},{""x"":385,""y"":398,""t"":4201},{""x"":400,""y"":381,""t"":4217},{""x"":411,""y"":418,""t"":4285},{""x"":391,""y"":455,""t"":4337},{""x"":397,""y"":463,""t"":4353},{""x"":426,""y"":463,""t"":4418},{""x"":511,""y"":431,""t"":4430},{""x"":773,""y"":397,""t"":4497},{""x"":1011,""y"":354,""t"":4545},{""x"":1264,""y"":333,""t"":4557},{""x"":1433,""y"":358,""t"":4623},{""x"":1555,""y"":374,""t"":4636},{""x"":1453,""y"":369,""t"":4703},{""x"":1398,""y"":348,""t"":4727},{""x"":1218,""y"":343,""t"":4792},{""x"":1099,""y"":325,""t"":4803},{""x"":973,""y"":337,""t"":4868},{""x"":848,""y"":326,""t"":4919},{""x"":744,""y"":330,""t"":4931},{""x"":684,""y"":301,""t"":4998},{""x"":627,""y"":277,""t"":5009},{""x"":605,""y"":264,""t"":5075},{""x"":677,""y"":280,""t"":5126},{""x"":742,""y"":294,""t"":5137},{""x"":805,""y"":399,""t"":5204},{""x"":877,""y"":494,""t"":5251},{""x"":956,""y"":580,""t"":5271},{""x"":972,""y"":684,""t"":5336},{""x"":983,""y"":768,""t"":5349},{""x"":1035,""y"":793,""t"":5417},{""x"":1063,""y"":786,""t"":5441},{""x"":1061,""y"":777,""t"":5506},{""x"":1057,""y"":766,""t"":5517},{""x"":1040,""y"":766,""t"":5584},{""x"":1001,""y"":788,""t"":5637},{""x"":1022,""y"":781,""t"":5648},{""x"":1060,""y"":765,""t"":5715},{""x"":1079,""y"":757,""t"":5764},{""x"":1095,""y"":748,""t"":5780},{""x"":1080,""y"":761,""t"":5844},{""x"":1058,""y"":779,""t"":5856},{""x"":1030,""y"":780,""t"":5921},{""x"":1020,""y"":743,""t"":5975},{""x"":1015,""y"":692,""t"":5986},{""x"":1041,""y"":676,""t"":6050},{""x"":1064,""y"":664,""t"":6063},{""x"":1068,""y"":672,""t"":6129},{""x"":1077,""y"":609,""t"":6176},{""x"":1128,""y"":566,""t"":6188}]",1,0.6896457642339001,0.31035423576609983,wa_dn_b-last,0
98-attributes,1,125,exp_85,1.0,588.0,0.61,0.29,2.2,8.1,higher_p,higher_m,0,1,attributes,1.0,True,1.342,2.349,-1.0069999999999997,-0.7791520984804502,0.5,0.5,0.4,0.6,1.0,0.0,higher_m,higher_p,False,"{""durations"":[1500,1000,1500,1000],""alternatives"":[""all"",""all"",""all"",""all""],""attributes"":[""m"",""p"",""m"",""p""]}","[{""x"":928,""y"":687,""t"":-11},{""x"":922,""y"":728,""t"":0},{""x"":893,""y"":756,""t"":88},{""x"":918,""y"":740,""t"":120},{""x"":893,""y"":764,""t"":188},{""x"":943,""y"":753,""t"":204},{""x"":954,""y"":729,""t"":272},{""x"":829,""y"":713,""t"":327},{""x"":724,""y"":698,""t"":340},{""x"":646,""y"":687,""t"":410},{""x"":568,""y"":663,""t"":463},{""x"":521,""y"":701,""t"":477},{""x"":512,""y"":704,""t"":544},{""x"":464,""y"":731,""t"":556},{""x"":697,""y"":621,""t"":629},{""x"":911,""y"":569,""t"":648},{""x"":1084,""y"":518,""t"":715},{""x"":1215,""y"":379,""t"":771},{""x"":1323,""y"":260,""t"":783},{""x"":1432,""y"":194,""t"":851},{""x"":1519,""y"":145,""t"":903},{""x"":1603,""y"":105,""t"":918},{""x"":1633,""y"":107,""t"":985},{""x"":1649,""y"":114,""t"":997},{""x"":1666,""y"":99,""t"":1064},{""x"":1637,""y"":127,""t"":1112},{""x"":1606,""y"":155,""t"":1123},{""x"":1570,""y"":202,""t"":1191},{""x"":1549,""y"":255,""t"":1244},{""x"":1524,""y"":238,""t"":1258},{""x"":1513,""y"":220,""t"":1326},{""x"":1477,""y"":215,""t"":1338},{""x"":1391,""y"":231,""t"":1403},{""x"":1355,""y"":285,""t"":1451},{""x"":1345,""y"":308,""t"":1463},{""x"":1358,""y"":331,""t"":1530},{""x"":1387,""y"":347,""t"":1541},{""x"":1323,""y"":357,""t"":1609},{""x"":1321,""y"":308,""t"":1660},{""x"":1341,""y"":309,""t"":1672},{""x"":1317,""y"":343,""t"":1740},{""x"":1332,""y"":368,""t"":1795},{""x"":1360,""y"":418,""t"":1805},{""x"":1403,""y"":427,""t"":1870},{""x"":1441,""y"":413,""t"":1881},{""x"":1388,""y"":496,""t"":1947},{""x"":1301,""y"":543,""t"":1972},{""x"":1278,""y"":626,""t"":2038},{""x"":1260,""y"":695,""t"":2049},{""x"":1380,""y"":752,""t"":2115},{""x"":1417,""y"":795,""t"":2168},{""x"":1521,""y"":828,""t"":2180},{""x"":1453,""y"":852,""t"":2245},{""x"":1229,""y"":883,""t"":2293},{""x"":1041,""y"":917,""t"":2312},{""x"":892,""y"":937,""t"":2377},{""x"":747,""y"":961,""t"":2390},{""x"":646,""y"":972,""t"":2457},{""x"":604,""y"":944,""t"":2506},{""x"":589,""y"":907,""t"":2517},{""x"":552,""y"":831,""t"":2583},{""x"":529,""y"":766,""t"":2596},{""x"":490,""y"":737,""t"":2663},{""x"":488,""y"":670,""t"":2687},{""x"":502,""y"":625,""t"":2753},{""x"":507,""y"":577,""t"":2765},{""x"":491,""y"":545,""t"":2831},{""x"":464,""y"":529,""t"":2884},{""x"":407,""y"":504,""t"":2896},{""x"":427,""y"":459,""t"":2961},{""x"":484,""y"":459,""t"":3013},{""x"":535,""y"":462,""t"":3027},{""x"":803,""y"":411,""t"":3092},{""x"":1030,""y"":364,""t"":3104},{""x"":1139,""y"":319,""t"":3170},{""x"":1253,""y"":220,""t"":3223},{""x"":1337,""y"":165,""t"":3234},{""x"":1369,""y"":174,""t"":3301},{""x"":1433,""y"":178,""t"":3350},{""x"":1487,""y"":139,""t"":3367},{""x"":1510,""y"":117,""t"":3432},{""x"":1531,""y"":116,""t"":3445},{""x"":1357,""y"":227,""t"":3510},{""x"":1109,""y"":278,""t"":3563},{""x"":909,""y"":350,""t"":3575},{""x"":690,""y"":398,""t"":3643},{""x"":554,""y"":418,""t"":3696},{""x"":465,""y"":451,""t"":3710},{""x"":351,""y"":482,""t"":3775},{""x"":256,""y"":465,""t"":3828},{""x"":209,""y"":456,""t"":3843},{""x"":134,""y"":409,""t"":3906},{""x"":151,""y"":405,""t"":3917},{""x"":164,""y"":462,""t"":3984},{""x"":206,""y"":435,""t"":4036},{""x"":261,""y"":404,""t"":4047},{""x"":299,""y"":385,""t"":4112},{""x"":311,""y"":413,""t"":4126},{""x"":636,""y"":455,""t"":4197},{""x"":876,""y"":450,""t"":4217},{""x"":1090,""y"":435,""t"":4281},{""x"":1276,""y"":405,""t"":4292},{""x"":1401,""y"":410,""t"":4360},{""x"":1468,""y"":423,""t"":4407},{""x"":1552,""y"":434,""t"":4421},{""x"":1637,""y"":466,""t"":4486},{""x"":1697,""y"":493,""t"":4497},{""x"":1720,""y"":536,""t"":4561},{""x"":1705,""y"":578,""t"":4613},{""x"":1722,""y"":648,""t"":4624},{""x"":1623,""y"":697,""t"":4689},{""x"":1513,""y"":761,""t"":4699},{""x"":1206,""y"":845,""t"":4767},{""x"":1028,""y"":827,""t"":4842},{""x"":877,""y"":828,""t"":4863},{""x"":785,""y"":768,""t"":4927},{""x"":701,""y"":729,""t"":4938},{""x"":565,""y"":723,""t"":5004},{""x"":461,""y"":741,""t"":5064},{""x"":387,""y"":779,""t"":5075},{""x"":358,""y"":779,""t"":5145},{""x"":315,""y"":779,""t"":5170},{""x"":341,""y"":736,""t"":5235},{""x"":371,""y"":699,""t"":5247},{""x"":397,""y"":605,""t"":5313},{""x"":405,""y"":524,""t"":5339},{""x"":409,""y"":466,""t"":5406},{""x"":411,""y"":425,""t"":5419},{""x"":439,""y"":390,""t"":5484},{""x"":425,""y"":359,""t"":5534},{""x"":413,""y"":335,""t"":5547},{""x"":530,""y"":353,""t"":5613},{""x"":694,""y"":367,""t"":5662},{""x"":814,""y"":359,""t"":5680},{""x"":995,""y"":338,""t"":5746},{""x"":1149,""y"":370,""t"":5759},{""x"":1225,""y"":403,""t"":5829},{""x"":1298,""y"":381,""t"":5850},{""x"":1360,""y"":385,""t"":5919},{""x"":1363,""y"":441,""t"":5968},{""x"":1360,""y"":465,""t"":5985},{""x"":1268,""y"":536,""t"":6061},{""x"":1240,""y"":563,""t"":6113},{""x"":1212,""y"":585,""t"":6125},{""x"":1141,""y"":622,""t"":6199},{""x"":1070,""y"":646,""t"":6223}]",1,0.2644479244994144,0.7355520755005857,wa_dn_b-last,0
98-attributes,1,126,exp_87,1.0,341.5999999642372,0.61,0.29,2.2,8.1,higher_p,higher_m,0,1,attributes,1.0,True,1.342,2.349,-1.0069999999999997,-0.7791520984804502,0.5,0.5,0.4,0.6,1.0,1.0,higher_m,higher_m,False,"{""durations"":[1000,1500,1000,1500],""alternatives"":[""all"",""all"",""all"",""all""],""attributes"":[""p"",""m"",""p"",""m""]}","[{""x"":1187,""y"":669,""t"":-11},{""x"":1167,""y"":678,""t"":0},{""x"":1147,""y"":676,""t"":71},{""x"":1114,""y"":654,""t"":102},{""x"":1127,""y"":667,""t"":199},{""x"":1063,""y"":651,""t"":211},{""x"":1025,""y"":634,""t"":276},{""x"":1021,""y"":645,""t"":342},{""x"":1051,""y"":612,""t"":391},{""x"":1061,""y"":626,""t"":410},{""x"":935,""y"":647,""t"":476},{""x"":816,""y"":685,""t"":486},{""x"":737,""y"":737,""t"":553},{""x"":652,""y"":748,""t"":602},{""x"":610,""y"":741,""t"":616},{""x"":560,""y"":803,""t"":684},{""x"":498,""y"":797,""t"":736},{""x"":450,""y"":790,""t"":749},{""x"":439,""y"":838,""t"":815},{""x"":445,""y"":893,""t"":827},{""x"":480,""y"":874,""t"":892},{""x"":493,""y"":854,""t"":943},{""x"":531,""y"":856,""t"":954},{""x"":750,""y"":811,""t"":1023},{""x"":945,""y"":756,""t"":1076},{""x"":1114,""y"":726,""t"":1090},{""x"":1274,""y"":732,""t"":1158},{""x"":1440,""y"":713,""t"":1205},{""x"":1573,""y"":698,""t"":1225},{""x"":1643,""y"":626,""t"":1289},{""x"":1692,""y"":566,""t"":1300},{""x"":1708,""y"":493,""t"":1367},{""x"":1751,""y"":384,""t"":1415},{""x"":1779,""y"":295,""t"":1428},{""x"":1720,""y"":232,""t"":1492},{""x"":1724,""y"":156,""t"":1504},{""x"":1408,""y"":148,""t"":1569},{""x"":1186,""y"":179,""t"":1620},{""x"":980,""y"":208,""t"":1633},{""x"":767,""y"":229,""t"":1699},{""x"":594,""y"":249,""t"":1711},{""x"":459,""y"":278,""t"":1776},{""x"":413,""y"":301,""t"":1828},{""x"":310,""y"":357,""t"":1839},{""x"":307,""y"":336,""t"":1905},{""x"":338,""y"":361,""t"":1957},{""x"":322,""y"":443,""t"":1974},{""x"":579,""y"":453,""t"":2040},{""x"":856,""y"":425,""t"":2088},{""x"":1056,""y"":493,""t"":2141},{""x"":1200,""y"":570,""t"":2152},{""x"":1305,""y"":546,""t"":2217},{""x"":1389,""y"":569,""t"":2265},{""x"":1461,""y"":578,""t"":2279},{""x"":1458,""y"":586,""t"":2344},{""x"":1470,""y"":579,""t"":2355},{""x"":1490,""y"":575,""t"":2421},{""x"":1542,""y"":539,""t"":2471},{""x"":1521,""y"":522,""t"":2482},{""x"":1562,""y"":458,""t"":2547},{""x"":1592,""y"":403,""t"":2559},{""x"":1571,""y"":424,""t"":2626},{""x"":1572,""y"":433,""t"":2679},{""x"":1552,""y"":445,""t"":2689},{""x"":1539,""y"":435,""t"":2754},{""x"":1533,""y"":411,""t"":2766},{""x"":1498,""y"":443,""t"":2833},{""x"":1494,""y"":469,""t"":2858},{""x"":1226,""y"":548,""t"":2921},{""x"":1029,""y"":617,""t"":2932},{""x"":843,""y"":646,""t"":2997},{""x"":708,""y"":668,""t"":3049},{""x"":603,""y"":683,""t"":3060},{""x"":496,""y"":661,""t"":3126},{""x"":383,""y"":700,""t"":3139},{""x"":321,""y"":705,""t"":3204},{""x"":315,""y"":686,""t"":3252},{""x"":345,""y"":668,""t"":3265},{""x"":341,""y"":652,""t"":3332},{""x"":324,""y"":639,""t"":3380},{""x"":422,""y"":640,""t"":3427},{""x"":488,""y"":633,""t"":3438},{""x"":743,""y"":563,""t"":3505},{""x"":983,""y"":465,""t"":3557},{""x"":1125,""y"":432,""t"":3571},{""x"":1240,""y"":438,""t"":3638},{""x"":1424,""y"":336,""t"":3685},{""x"":1492,""y"":325,""t"":3732},{""x"":1538,""y"":320,""t"":3743},{""x"":1593,""y"":280,""t"":3808},{""x"":1673,""y"":226,""t"":3820},{""x"":1706,""y"":144,""t"":3886},{""x"":1707,""y"":163,""t"":3911},{""x"":1672,""y"":173,""t"":3975},{""x"":1643,""y"":180,""t"":3986},{""x"":1702,""y"":155,""t"":4051},{""x"":1676,""y"":168,""t"":4100},{""x"":1642,""y"":200,""t"":4114},{""x"":1334,""y"":245,""t"":4181},{""x"":1120,""y"":242,""t"":4193},{""x"":838,""y"":325,""t"":4259},{""x"":604,""y"":360,""t"":4307},{""x"":416,""y"":390,""t"":4319},{""x"":281,""y"":394,""t"":4387},{""x"":217,""y"":419,""t"":4436},{""x"":199,""y"":420,""t"":4455},{""x"":183,""y"":459,""t"":4520},{""x"":164,""y"":485,""t"":4532},{""x"":317,""y"":612,""t"":4599},{""x"":397,""y"":724,""t"":4648},{""x"":422,""y"":748,""t"":4659},{""x"":454,""y"":781,""t"":4725},{""x"":457,""y"":794,""t"":4737},{""x"":514,""y"":789,""t"":4803},{""x"":548,""y"":756,""t"":4851},{""x"":538,""y"":756,""t"":4863},{""x"":658,""y"":769,""t"":4929},{""x"":807,""y"":771,""t"":4940},{""x"":1006,""y"":765,""t"":5005},{""x"":1115,""y"":795,""t"":5055},{""x"":1209,""y"":772,""t"":5066},{""x"":1309,""y"":697,""t"":5134},{""x"":1349,""y"":646,""t"":5187},{""x"":1421,""y"":598,""t"":5203},{""x"":1405,""y"":624,""t"":5268},{""x"":1398,""y"":604,""t"":5279},{""x"":1400,""y"":606,""t"":5345},{""x"":1316,""y"":581,""t"":5393},{""x"":1240,""y"":562,""t"":5408},{""x"":1181,""y"":563,""t"":5477},{""x"":1116,""y"":598,""t"":5530},{""x"":1070,""y"":625,""t"":5543},{""x"":1006,""y"":629,""t"":5612},{""x"":983,""y"":657,""t"":5663},{""x"":965,""y"":680,""t"":5679},{""x"":954,""y"":680,""t"":5743},{""x"":1064,""y"":672,""t"":5756},{""x"":1046,""y"":666,""t"":5822},{""x"":1025,""y"":668,""t"":5869},{""x"":1040,""y"":638,""t"":5883}]",1,0.15376592947334186,0.8462340705266582,wa_dn_b-last,0
98-attributes,1,129,exp_81,1.0,371.9000000357628,0.61,0.29,2.2,8.1,higher_p,higher_m,0,1,attributes,1.0,True,1.342,2.349,-1.0069999999999997,-0.7791520984804502,0.5,0.5,0.6,0.4,0.0,1.0,higher_p,higher_m,False,"{""durations"":[1500,1000,1500,1000],""alternatives"":[""all"",""all"",""all"",""all""],""attributes"":[""p"",""m"",""p"",""m""]}","[{""x"":980,""y"":622,""t"":-12},{""x"":920,""y"":663,""t"":0},{""x"":957,""y"":643,""t"":82},{""x"":962,""y"":639,""t"":104},{""x"":965,""y"":644,""t"":179},{""x"":961,""y"":679,""t"":247},{""x"":959,""y"":665,""t"":300},{""x"":957,""y"":652,""t"":312},{""x"":871,""y"":643,""t"":380},{""x"":831,""y"":647,""t"":432},{""x"":755,""y"":745,""t"":445},{""x"":678,""y"":739,""t"":511},{""x"":855,""y"":748,""t"":580},{""x"":1034,""y"":728,""t"":618},{""x"":1183,""y"":687,""t"":688},{""x"":1296,""y"":679,""t"":736},{""x"":1388,""y"":672,""t"":749},{""x"":1436,""y"":671,""t"":816},{""x"":1513,""y"":655,""t"":827},{""x"":1595,""y"":626,""t"":895},{""x"":1599,""y"":601,""t"":944},{""x"":1618,""y"":607,""t"":955},{""x"":1635,""y"":601,""t"":1021},{""x"":1636,""y"":538,""t"":1069},{""x"":1632,""y"":484,""t"":1089},{""x"":1626,""y"":436,""t"":1154},{""x"":1628,""y"":377,""t"":1165},{""x"":1616,""y"":355,""t"":1232},{""x"":1608,""y"":354,""t"":1291},{""x"":1568,""y"":356,""t"":1303},{""x"":1448,""y"":398,""t"":1369},{""x"":1342,""y"":429,""t"":1420},{""x"":1224,""y"":421,""t"":1431},{""x"":1120,""y"":483,""t"":1496},{""x"":1052,""y"":510,""t"":1508},{""x"":1017,""y"":517,""t"":1576},{""x"":988,""y"":532,""t"":1599},{""x"":954,""y"":587,""t"":1663},{""x"":877,""y"":570,""t"":1674},{""x"":833,""y"":561,""t"":1741},{""x"":834,""y"":555,""t"":1794},{""x"":841,""y"":548,""t"":1805},{""x"":796,""y"":590,""t"":1872},{""x"":738,""y"":644,""t"":1944},{""x"":985,""y"":649,""t"":1996},{""x"":1195,""y"":676,""t"":2006},{""x"":1319,""y"":653,""t"":2072},{""x"":1430,""y"":651,""t"":2083},{""x"":1560,""y"":616,""t"":2152},{""x"":1648,""y"":553,""t"":2177},{""x"":1669,""y"":505,""t"":2248},{""x"":1525,""y"":492,""t"":2298},{""x"":1379,""y"":506,""t"":2313},{""x"":1125,""y"":481,""t"":2378},{""x"":947,""y"":491,""t"":2389},{""x"":754,""y"":480,""t"":2455},{""x"":603,""y"":451,""t"":2504},{""x"":468,""y"":465,""t"":2517},{""x"":404,""y"":395,""t"":2585},{""x"":283,""y"":384,""t"":2638},{""x"":190,""y"":378,""t"":2653},{""x"":178,""y"":417,""t"":2717},{""x"":189,""y"":427,""t"":2729},{""x"":184,""y"":414,""t"":2799},{""x"":231,""y"":482,""t"":2846},{""x"":278,""y"":550,""t"":2859},{""x"":318,""y"":628,""t"":2927},{""x"":309,""y"":690,""t"":2980},{""x"":332,""y"":772,""t"":2993},{""x"":329,""y"":830,""t"":3058},{""x"":347,""y"":905,""t"":3069},{""x"":558,""y"":926,""t"":3135},{""x"":807,""y"":853,""t"":3182},{""x"":1002,""y"":841,""t"":3198},{""x"":1253,""y"":863,""t"":3266},{""x"":1365,""y"":827,""t"":3316},{""x"":1449,""y"":795,""t"":3333},{""x"":1582,""y"":746,""t"":3400},{""x"":1693,""y"":725,""t"":3411},{""x"":1743,""y"":710,""t"":3476},{""x"":1793,""y"":681,""t"":3529},{""x"":1821,""y"":658,""t"":3540},{""x"":1847,""y"":678,""t"":3605},{""x"":1855,""y"":688,""t"":3657},{""x"":1853,""y"":698,""t"":3672},{""x"":1849,""y"":696,""t"":3737},{""x"":1808,""y"":733,""t"":3750},{""x"":1657,""y"":735,""t"":3815},{""x"":1409,""y"":757,""t"":3864},{""x"":1201,""y"":763,""t"":3877},{""x"":982,""y"":778,""t"":3942},{""x"":802,""y"":791,""t"":3953},{""x"":742,""y"":780,""t"":4021},{""x"":885,""y"":748,""t"":4071},{""x"":1012,""y"":755,""t"":4084},{""x"":1108,""y"":727,""t"":4152},{""x"":1202,""y"":691,""t"":4205},{""x"":1280,""y"":695,""t"":4216},{""x"":1357,""y"":661,""t"":4282},{""x"":1432,""y"":663,""t"":4294},{""x"":1494,""y"":561,""t"":4366},{""x"":1500,""y"":509,""t"":4386},{""x"":1539,""y"":378,""t"":4451},{""x"":1542,""y"":325,""t"":4463},{""x"":1275,""y"":372,""t"":4529},{""x"":1010,""y"":253,""t"":4577},{""x"":797,""y"":235,""t"":4590},{""x"":644,""y"":242,""t"":4656},{""x"":522,""y"":252,""t"":4667},{""x"":459,""y"":253,""t"":4732},{""x"":357,""y"":294,""t"":4782},{""x"":313,""y"":242,""t"":4795},{""x"":250,""y"":279,""t"":4860},{""x"":195,""y"":330,""t"":4874},{""x"":187,""y"":363,""t"":4939},{""x"":179,""y"":432,""t"":4992},{""x"":177,""y"":492,""t"":5004},{""x"":176,""y"":529,""t"":5070},{""x"":213,""y"":558,""t"":5122},{""x"":250,""y"":580,""t"":5134},{""x"":400,""y"":612,""t"":5199},{""x"":566,""y"":607,""t"":5210},{""x"":735,""y"":668,""t"":5275},{""x"":880,""y"":606,""t"":5323},{""x"":998,""y"":550,""t"":5338},{""x"":1021,""y"":593,""t"":5404},{""x"":1033,""y"":630,""t"":5415},{""x"":1120,""y"":639,""t"":5482},{""x"":1201,""y"":635,""t"":5534},{""x"":1231,""y"":659,""t"":5546},{""x"":1195,""y"":632,""t"":5612},{""x"":1144,""y"":645,""t"":5660},{""x"":1096,""y"":655,""t"":5679},{""x"":1068,""y"":619,""t"":5745},{""x"":1084,""y"":582,""t"":5756},{""x"":1019,""y"":594,""t"":5821},{""x"":997,""y"":586,""t"":5872},{""x"":957,""y"":602,""t"":5883}]",1,0.15376592947334186,0.8462340705266582,wa_dn_b-last,0
98-attributes,1,132,exp_93,0.0,326.39999997615814,0.5,0.38,3.0,4.0,higher_p,higher_m,0,1,attributes,1.0,True,1.5,1.52,-0.02,0.2367304922727919,0.5,0.5,0.4,0.6,1.0,0.0,higher_m,higher_p,True,"{""durations"":[1500,1000,1500,1000],""alternatives"":[""all"",""all"",""all"",""all""],""attributes"":[""m"",""p"",""m"",""p""]}","[{""x"":1101,""y"":627,""t"":-13},{""x"":1054,""y"":628,""t"":0},{""x"":1065,""y"":628,""t"":79},{""x"":1022,""y"":650,""t"":149},{""x"":998,""y"":644,""t"":170},{""x"":982,""y"":622,""t"":236},{""x"":951,""y"":622,""t"":249},{""x"":931,""y"":631,""t"":317},{""x"":833,""y"":646,""t"":375},{""x"":723,""y"":600,""t"":423},{""x"":598,""y"":569,""t"":443},{""x"":552,""y"":543,""t"":508},{""x"":519,""y"":523,""t"":519},{""x"":725,""y"":553,""t"":586},{""x"":889,""y"":472,""t"":637},{""x"":1041,""y"":415,""t"":649},{""x"":1190,""y"":371,""t"":715},{""x"":1304,""y"":343,""t"":765},{""x"":1384,""y"":278,""t"":784},{""x"":1420,""y"":295,""t"":848},{""x"":1438,""y"":298,""t"":860},{""x"":1224,""y"":375,""t"":926},{""x"":1031,""y"":447,""t"":977},{""x"":884,""y"":485,""t"":989},{""x"":763,""y"":511,""t"":1061},{""x"":694,""y"":460,""t"":1113},{""x"":650,""y"":490,""t"":1125},{""x"":657,""y"":509,""t"":1190},{""x"":632,""y"":481,""t"":1228},{""x"":612,""y"":497,""t"":1299},{""x"":580,""y"":551,""t"":1350},{""x"":564,""y"":597,""t"":1364},{""x"":573,""y"":577,""t"":1430},{""x"":610,""y"":543,""t"":1480},{""x"":592,""y"":525,""t"":1496},{""x"":576,""y"":582,""t"":1565},{""x"":533,""y"":596,""t"":1614},{""x"":570,""y"":554,""t"":1633},{""x"":504,""y"":621,""t"":1697},{""x"":449,""y"":678,""t"":1709},{""x"":463,""y"":696,""t"":1775},{""x"":640,""y"":704,""t"":1823},{""x"":822,""y"":715,""t"":1837},{""x"":1004,""y"":696,""t"":1902},{""x"":1194,""y"":690,""t"":1913},{""x"":1385,""y"":716,""t"":1980},{""x"":1465,""y"":641,""t"":2028},{""x"":1538,""y"":575,""t"":2042},{""x"":1580,""y"":600,""t"":2105},{""x"":1606,""y"":622,""t"":2118},{""x"":1608,""y"":638,""t"":2185},{""x"":1629,""y"":649,""t"":2233},{""x"":1641,""y"":659,""t"":2245},{""x"":1414,""y"":690,""t"":2311},{""x"":1208,""y"":731,""t"":2323},{""x"":996,""y"":749,""t"":2387},{""x"":816,""y"":699,""t"":2440},{""x"":655,""y"":727,""t"":2452},{""x"":543,""y"":757,""t"":2518},{""x"":445,""y"":764,""t"":2570},{""x"":367,""y"":722,""t"":2585},{""x"":379,""y"":726,""t"":2651},{""x"":411,""y"":698,""t"":2662},{""x"":462,""y"":649,""t"":2728},{""x"":533,""y"":619,""t"":2778},{""x"":551,""y"":620,""t"":2790},{""x"":556,""y"":601,""t"":2856},{""x"":573,""y"":577,""t"":2910},{""x"":588,""y"":544,""t"":2924},{""x"":882,""y"":558,""t"":2990},{""x"":1115,""y"":574,""t"":3002},{""x"":1254,""y"":584,""t"":3067},{""x"":1397,""y"":565,""t"":3118},{""x"":1520,""y"":563,""t"":3130},{""x"":1559,""y"":491,""t"":3195},{""x"":1581,""y"":430,""t"":3207},{""x"":1647,""y"":409,""t"":3274},{""x"":1467,""y"":420,""t"":3322},{""x"":1300,""y"":430,""t"":3333},{""x"":1086,""y"":420,""t"":3398},{""x"":898,""y"":387,""t"":3410},{""x"":708,""y"":378,""t"":3476},{""x"":584,""y"":394,""t"":3547},{""x"":526,""y"":424,""t"":3571},{""x"":528,""y"":482,""t"":3656},{""x"":609,""y"":545,""t"":3673},{""x"":825,""y"":577,""t"":3737},{""x"":994,""y"":613,""t"":3750},{""x"":1153,""y"":588,""t"":3817},{""x"":1272,""y"":606,""t"":3869},{""x"":1369,""y"":621,""t"":3880},{""x"":1453,""y"":662,""t"":3945},{""x"":1317,""y"":735,""t"":4016},{""x"":1138,""y"":818,""t"":4099},{""x"":1021,""y"":827,""t"":4115},{""x"":938,""y"":853,""t"":4180},{""x"":864,""y"":857,""t"":4191},{""x"":791,""y"":845,""t"":4259},{""x"":673,""y"":870,""t"":4284},{""x"":620,""y"":873,""t"":4351},{""x"":607,""y"":888,""t"":4362},{""x"":599,""y"":898,""t"":4427},{""x"":867,""y"":877,""t"":4475},{""x"":1088,""y"":873,""t"":4489},{""x"":1198,""y"":872,""t"":4553},{""x"":1287,""y"":870,""t"":4564},{""x"":1429,""y"":866,""t"":4632},{""x"":1522,""y"":836,""t"":4684},{""x"":1592,""y"":790,""t"":4698},{""x"":1654,""y"":809,""t"":4767},{""x"":1700,""y"":817,""t"":4815},{""x"":1717,""y"":791,""t"":4829},{""x"":1517,""y"":777,""t"":4894},{""x"":1340,""y"":766,""t"":4906},{""x"":1189,""y"":748,""t"":4972},{""x"":1029,""y"":779,""t"":5024},{""x"":906,""y"":776,""t"":5035},{""x"":741,""y"":782,""t"":5102},{""x"":761,""y"":839,""t"":5154},{""x"":843,""y"":840,""t"":5168},{""x"":1013,""y"":893,""t"":5233},{""x"":1123,""y"":929,""t"":5246},{""x"":1217,""y"":862,""t"":5314},{""x"":1197,""y"":825,""t"":5362},{""x"":1177,""y"":790,""t"":5373},{""x"":1171,""y"":777,""t"":5438},{""x"":1152,""y"":754,""t"":5449},{""x"":1173,""y"":693,""t"":5514},{""x"":1172,""y"":662,""t"":5562},{""x"":1171,""y"":638,""t"":5576},{""x"":1123,""y"":603,""t"":5642},{""x"":1107,""y"":595,""t"":5653},{""x"":1051,""y"":607,""t"":5719},{""x"":1066,""y"":593,""t"":5767},{""x"":1080,""y"":576,""t"":5782},{""x"":1028,""y"":563,""t"":5847}]",0,0.6537338957116783,0.3462661042883218,wa_dn_b-last,0
98-attributes,1,134,exp_5,0.0,794.5,0.79,0.49,5.300000000000001,8.3,higher_p,higher_m,0,1,attributes,1.0,True,4.187000000000001,4.067,0.120000000000001,0.3808273136562316,0.5,0.5,0.4,0.6,1.0,0.0,higher_m,higher_p,True,"{""durations"":[1500,1000,1500,1000],""alternatives"":[""all"",""all"",""all"",""all""],""attributes"":[""m"",""p"",""m"",""p""]}","[{""x"":1178,""y"":531,""t"":-20},{""x"":1205,""y"":541,""t"":0},{""x"":1131,""y"":567,""t"":82},{""x"":1070,""y"":569,""t"":103},{""x"":1064,""y"":573,""t"":199},{""x"":1020,""y"":604,""t"":211},{""x"":1027,""y"":611,""t"":279},{""x"":916,""y"":598,""t"":331},{""x"":810,""y"":621,""t"":341},{""x"":790,""y"":596,""t"":409},{""x"":702,""y"":585,""t"":458},{""x"":632,""y"":577,""t"":477},{""x"":564,""y"":592,""t"":555},{""x"":583,""y"":586,""t"":603},{""x"":605,""y"":581,""t"":614},{""x"":794,""y"":548,""t"":680},{""x"":957,""y"":463,""t"":730},{""x"":1092,""y"":410,""t"":749},{""x"":1151,""y"":362,""t"":814},{""x"":1246,""y"":295,""t"":827},{""x"":1359,""y"":276,""t"":892},{""x"":1395,""y"":221,""t"":941},{""x"":1419,""y"":177,""t"":954},{""x"":1446,""y"":187,""t"":1019},{""x"":1467,""y"":229,""t"":1032},{""x"":1362,""y"":290,""t"":1099},{""x"":1190,""y"":396,""t"":1147},{""x"":1037,""y"":489,""t"":1158},{""x"":930,""y"":548,""t"":1225},{""x"":910,""y"":586,""t"":1275},{""x"":899,""y"":615,""t"":1293},{""x"":837,""y"":633,""t"":1357},{""x"":792,""y"":650,""t"":1372},{""x"":843,""y"":656,""t"":1440},{""x"":876,""y"":584,""t"":1463},{""x"":1031,""y"":529,""t"":1529},{""x"":1139,""y"":538,""t"":1540},{""x"":1270,""y"":476,""t"":1608},{""x"":1330,""y"":448,""t"":1633},{""x"":1395,""y"":415,""t"":1694},{""x"":1450,""y"":402,""t"":1732},{""x"":1479,""y"":386,""t"":1770},{""x"":1496,""y"":430,""t"":1838},{""x"":1516,""y"":453,""t"":1889},{""x"":1572,""y"":492,""t"":1905},{""x"":1577,""y"":553,""t"":1973},{""x"":1592,""y"":562,""t"":2024},{""x"":1604,""y"":619,""t"":2041},{""x"":1362,""y"":663,""t"":2108},{""x"":1168,""y"":671,""t"":2120},{""x"":958,""y"":743,""t"":2186},{""x"":784,""y"":801,""t"":2210},{""x"":639,""y"":843,""t"":2275},{""x"":526,""y"":874,""t"":2286},{""x"":461,""y"":894,""t"":2352},{""x"":420,""y"":886,""t"":2405},{""x"":394,""y"":876,""t"":2416},{""x"":377,""y"":861,""t"":2482},{""x"":371,""y"":845,""t"":2493},{""x"":618,""y"":811,""t"":2559},{""x"":835,""y"":850,""t"":2608},{""x"":983,""y"":842,""t"":2620},{""x"":1188,""y"":782,""t"":2685},{""x"":1350,""y"":757,""t"":2697},{""x"":1454,""y"":633,""t"":2766},{""x"":1522,""y"":595,""t"":2788},{""x"":1542,""y"":613,""t"":2855},{""x"":1596,""y"":593,""t"":2867},{""x"":1638,""y"":523,""t"":2932},{""x"":1466,""y"":513,""t"":2983},{""x"":1263,""y"":514,""t"":2994},{""x"":1216,""y"":486,""t"":3059},{""x"":1176,""y"":464,""t"":3071},{""x"":1299,""y"":529,""t"":3137},{""x"":1340,""y"":481,""t"":3187},{""x"":1385,""y"":451,""t"":3199},{""x"":1460,""y"":463,""t"":3264},{""x"":1523,""y"":475,""t"":3276},{""x"":1291,""y"":439,""t"":3360},{""x"":1035,""y"":387,""t"":3378},{""x"":822,""y"":366,""t"":3423},{""x"":683,""y"":342,""t"":3463},{""x"":572,""y"":324,""t"":3506},{""x"":442,""y"":307,""t"":3580},{""x"":461,""y"":318,""t"":3629},{""x"":488,""y"":330,""t"":3639},{""x"":681,""y"":273,""t"":3705},{""x"":855,""y"":220,""t"":3717},{""x"":1012,""y"":216,""t"":3786},{""x"":1130,""y"":242,""t"":3833},{""x"":1211,""y"":264,""t"":3844},{""x"":1344,""y"":250,""t"":3908},{""x"":1465,""y"":243,""t"":3920},{""x"":1514,""y"":264,""t"":3985},{""x"":1560,""y"":229,""t"":4034},{""x"":1565,""y"":184,""t"":4046},{""x"":1601,""y"":172,""t"":4112},{""x"":1627,""y"":176,""t"":4124},{""x"":1634,""y"":187,""t"":4191},{""x"":1624,""y"":174,""t"":4239},{""x"":1620,""y"":143,""t"":4250},{""x"":1586,""y"":158,""t"":4315},{""x"":1549,""y"":158,""t"":4326},{""x"":1397,""y"":326,""t"":4394},{""x"":1272,""y"":424,""t"":4446},{""x"":1167,""y"":504,""t"":4457},{""x"":1079,""y"":563,""t"":4525},{""x"":1014,""y"":659,""t"":4574},{""x"":952,""y"":719,""t"":4591},{""x"":890,""y"":771,""t"":4655},{""x"":853,""y"":773,""t"":4666},{""x"":885,""y"":738,""t"":4734},{""x"":904,""y"":714,""t"":4788},{""x"":921,""y"":687,""t"":4799},{""x"":955,""y"":693,""t"":4863},{""x"":843,""y"":752,""t"":4914},{""x"":787,""y"":757,""t"":4930},{""x"":787,""y"":852,""t"":4996},{""x"":820,""y"":914,""t"":5008},{""x"":916,""y"":869,""t"":5074},{""x"":887,""y"":843,""t"":5126},{""x"":863,""y"":819,""t"":5137},{""x"":877,""y"":791,""t"":5204},{""x"":898,""y"":754,""t"":5255},{""x"":903,""y"":706,""t"":5272},{""x"":977,""y"":643,""t"":5337},{""x"":1056,""y"":587,""t"":5348},{""x"":1087,""y"":571,""t"":5415},{""x"":1104,""y"":584,""t"":5441},{""x"":1111,""y"":547,""t"":5505},{""x"":1114,""y"":517,""t"":5517},{""x"":1085,""y"":548,""t"":5583},{""x"":1021,""y"":640,""t"":5635},{""x"":986,""y"":711,""t"":5646},{""x"":966,""y"":699,""t"":5712},{""x"":925,""y"":708,""t"":5725},{""x"":902,""y"":685,""t"":5791},{""x"":907,""y"":704,""t"":5842},{""x"":879,""y"":738,""t"":5854},{""x"":893,""y"":768,""t"":5919},{""x"":864,""y"":724,""t"":5972},{""x"":884,""y"":734,""t"":5985},{""x"":852,""y"":717,""t"":6051},{""x"":826,""y"":701,""t"":6063},{""x"":839,""y"":708,""t"":6129},{""x"":882,""y"":666,""t"":6175},{""x"":848,""y"":652,""t"":6189},{""x"":869,""y"":640,""t"":6257},{""x"":833,""y"":675,""t"":6306},{""x"":840,""y"":651,""t"":6326},{""x"":858,""y"":638,""t"":6393}]",1,0.752588417709236,0.247411582290764,wa_dn_b-last,0
98-attributes,1,135,exp_83,0.0,790.3999999761581,0.61,0.29,2.2,8.1,higher_p,higher_m,0,1,attributes,1.0,True,1.342,2.349,-1.0069999999999997,-0.7791520984804502,0.5,0.5,0.6,0.4,0.0,0.0,higher_p,higher_p,True,"{""durations"":[1000,1500,1000,1500],""alternatives"":[""all"",""all"",""all"",""all""],""attributes"":[""m"",""p"",""m"",""p""]}","[{""x"":952,""y"":743,""t"":-12},{""x"":939,""y"":724,""t"":0},{""x"":924,""y"":696,""t"":80},{""x"":911,""y"":683,""t"":115},{""x"":866,""y"":679,""t"":184},{""x"":865,""y"":694,""t"":204},{""x"":855,""y"":708,""t"":270},{""x"":848,""y"":719,""t"":281},{""x"":853,""y"":716,""t"":347},{""x"":766,""y"":753,""t"":400},{""x"":731,""y"":720,""t"":412},{""x"":644,""y"":681,""t"":477},{""x"":815,""y"":646,""t"":530},{""x"":905,""y"":628,""t"":545},{""x"":999,""y"":565,""t"":610},{""x"":1078,""y"":512,""t"":623},{""x"":1215,""y"":436,""t"":689},{""x"":1293,""y"":376,""t"":737},{""x"":1354,""y"":327,""t"":749},{""x"":1160,""y"":348,""t"":813},{""x"":1029,""y"":319,""t"":825},{""x"":861,""y"":323,""t"":892},{""x"":686,""y"":396,""t"":940},{""x"":541,""y"":461,""t"":954},{""x"":631,""y"":493,""t"":1019},{""x"":695,""y"":638,""t"":1031},{""x"":618,""y"":740,""t"":1100},{""x"":694,""y"":848,""t"":1148},{""x"":782,""y"":887,""t"":1161},{""x"":882,""y"":898,""t"":1226},{""x"":975,""y"":906,""t"":1264},{""x"":1078,""y"":891,""t"":1329},{""x"":1168,""y"":909,""t"":1378},{""x"":1298,""y"":893,""t"":1395},{""x"":1376,""y"":861,""t"":1460},{""x"":1435,""y"":832,""t"":1472},{""x"":1473,""y"":829,""t"":1538},{""x"":1312,""y"":834,""t"":1586},{""x"":1186,""y"":778,""t"":1599},{""x"":1005,""y"":816,""t"":1666},{""x"":827,""y"":828,""t"":1678},{""x"":750,""y"":792,""t"":1746},{""x"":653,""y"":789,""t"":1768},{""x"":578,""y"":749,""t"":1833},{""x"":502,""y"":730,""t"":1844},{""x"":468,""y"":738,""t"":1911},{""x"":423,""y"":696,""t"":1958},{""x"":384,""y"":682,""t"":1973},{""x"":357,""y"":621,""t"":2040},{""x"":341,""y"":570,""t"":2051},{""x"":299,""y"":514,""t"":2117},{""x"":243,""y"":435,""t"":2170},{""x"":193,""y"":404,""t"":2181},{""x"":213,""y"":334,""t"":2248},{""x"":181,""y"":352,""t"":2301},{""x"":162,""y"":394,""t"":2313},{""x"":175,""y"":386,""t"":2382},{""x"":191,""y"":396,""t"":2433},{""x"":208,""y"":407,""t"":2449},{""x"":332,""y"":428,""t"":2513},{""x"":438,""y"":450,""t"":2524},{""x"":558,""y"":531,""t"":2591},{""x"":669,""y"":544,""t"":2642},{""x"":759,""y"":553,""t"":2653},{""x"":820,""y"":567,""t"":2720},{""x"":904,""y"":543,""t"":2733},{""x"":997,""y"":562,""t"":2800},{""x"":1060,""y"":598,""t"":2823},{""x"":1013,""y"":708,""t"":2889},{""x"":919,""y"":821,""t"":2903},{""x"":905,""y"":834,""t"":2972},{""x"":877,""y"":861,""t"":2994},{""x"":789,""y"":847,""t"":3060},{""x"":712,""y"":831,""t"":3071},{""x"":635,""y"":804,""t"":3136},{""x"":548,""y"":730,""t"":3184},{""x"":477,""y"":665,""t"":3197},{""x"":456,""y"":627,""t"":3262},{""x"":439,""y"":585,""t"":3275},{""x"":484,""y"":517,""t"":3340},{""x"":706,""y"":420,""t"":3392},{""x"":897,""y"":341,""t"":3402},{""x"":1085,""y"":295,""t"":3470},{""x"":1231,""y"":221,""t"":3518},{""x"":1359,""y"":183,""t"":3538},{""x"":1453,""y"":154,""t"":3602},{""x"":1540,""y"":111,""t"":3614},{""x"":1592,""y"":95,""t"":3683},{""x"":1629,""y"":114,""t"":3707},{""x"":1636,""y"":127,""t"":3773},{""x"":1633,""y"":141,""t"":3783},{""x"":1595,""y"":171,""t"":3849},{""x"":1577,""y"":196,""t"":3899},{""x"":1564,""y"":198,""t"":3911},{""x"":1309,""y"":357,""t"":3977},{""x"":1089,""y"":493,""t"":3988},{""x"":902,""y"":604,""t"":4054},{""x"":699,""y"":663,""t"":4102},{""x"":535,""y"":706,""t"":4115},{""x"":440,""y"":766,""t"":4180},{""x"":370,""y"":812,""t"":4191},{""x"":290,""y"":823,""t"":4257},{""x"":272,""y"":803,""t"":4306},{""x"":244,""y"":794,""t"":4319},{""x"":327,""y"":811,""t"":4385},{""x"":405,""y"":823,""t"":4397},{""x"":679,""y"":744,""t"":4463},{""x"":881,""y"":722,""t"":4510},{""x"":1051,""y"":703,""t"":4522},{""x"":1173,""y"":685,""t"":4588},{""x"":1247,""y"":670,""t"":4600},{""x"":1353,""y"":632,""t"":4665},{""x"":1421,""y"":573,""t"":4715},{""x"":1468,""y"":558,""t"":4727},{""x"":1503,""y"":552,""t"":4792},{""x"":1525,""y"":548,""t"":4803},{""x"":1530,""y"":533,""t"":4868},{""x"":1551,""y"":571,""t"":4920},{""x"":1572,""y"":608,""t"":4932},{""x"":1628,""y"":640,""t"":4998},{""x"":1583,""y"":679,""t"":5047},{""x"":1544,""y"":678,""t"":5067},{""x"":1521,""y"":668,""t"":5136},{""x"":1503,""y"":673,""t"":5187},{""x"":1487,""y"":677,""t"":5202},{""x"":1486,""y"":658,""t"":5267},{""x"":1488,""y"":680,""t"":5278},{""x"":1467,""y"":686,""t"":5346},{""x"":1355,""y"":607,""t"":5398},{""x"":1238,""y"":600,""t"":5410},{""x"":1133,""y"":631,""t"":5475},{""x"":1064,""y"":651,""t"":5523},{""x"":1015,""y"":662,""t"":5543},{""x"":972,""y"":628,""t"":5607},{""x"":943,""y"":603,""t"":5619},{""x"":929,""y"":600,""t"":5684},{""x"":944,""y"":581,""t"":5734},{""x"":887,""y"":605,""t"":5747},{""x"":875,""y"":603,""t"":5812},{""x"":855,""y"":585,""t"":5823},{""x"":880,""y"":580,""t"":5889},{""x"":883,""y"":589,""t"":5938},{""x"":870,""y"":586,""t"":5951},{""x"":900,""y"":567,""t"":6018},{""x"":932,""y"":599,""t"":6030},{""x"":956,""y"":610,""t"":6094},{""x"":930,""y"":603,""t"":6146},{""x"":921,""y"":608,""t"":6156},{""x"":903,""y"":611,""t"":6222},{""x"":888,""y"":613,""t"":6233},{""x"":909,""y"":608,""t"":6298},{""x"":953,""y"":595,""t"":6346},{""x"":990,""y"":584,""t"":6360}]",0,0.2644479244994144,0.7355520755005857,wa_dn_b-last,0
98-attributes,1,136,exp_39,1.0,453.3000000119209,0.79,0.7,2.0,3.2,higher_p,higher_m,0,1,attributes,1.0,True,1.58,2.24,-0.6599999999999997,-0.4219978340514987,0.5,0.5,0.4,0.6,1.0,1.0,higher_m,higher_m,False,"{""durations"":[1000,1500,1000,1500],""alternatives"":[""all"",""all"",""all"",""all""],""attributes"":[""p"",""m"",""p"",""m""]}","[{""x"":951,""y"":573,""t"":-12},{""x"":902,""y"":606,""t"":0},{""x"":906,""y"":568,""t"":74},{""x"":886,""y"":573,""t"":142},{""x"":885,""y"":620,""t"":197},{""x"":909,""y"":631,""t"":208},{""x"":887,""y"":643,""t"":275},{""x"":838,""y"":650,""t"":326},{""x"":823,""y"":651,""t"":341},{""x"":720,""y"":674,""t"":407},{""x"":633,""y"":692,""t"":419},{""x"":567,""y"":726,""t"":485},{""x"":536,""y"":727,""t"":536},{""x"":504,""y"":748,""t"":548},{""x"":457,""y"":746,""t"":613},{""x"":647,""y"":729,""t"":662},{""x"":866,""y"":728,""t"":681},{""x"":1067,""y"":763,""t"":745},{""x"":1234,""y"":792,""t"":757},{""x"":1369,""y"":804,""t"":822},{""x"":1480,""y"":814,""t"":874},{""x"":1561,""y"":821,""t"":886},{""x"":1616,""y"":783,""t"":950},{""x"":1654,""y"":750,""t"":962},{""x"":1387,""y"":750,""t"":1028},{""x"":1148,""y"":757,""t"":1078},{""x"":934,""y"":793,""t"":1089},{""x"":770,""y"":796,""t"":1157},{""x"":656,""y"":789,""t"":1209},{""x"":598,""y"":798,""t"":1224},{""x"":507,""y"":743,""t"":1290},{""x"":457,""y"":676,""t"":1302},{""x"":412,""y"":606,""t"":1368},{""x"":365,""y"":501,""t"":1416},{""x"":296,""y"":430,""t"":1430},{""x"":296,""y"":404,""t"":1495},{""x"":319,""y"":388,""t"":1506},{""x"":606,""y"":289,""t"":1572},{""x"":805,""y"":299,""t"":1623},{""x"":960,""y"":304,""t"":1635},{""x"":1067,""y"":302,""t"":1700},{""x"":1255,""y"":298,""t"":1747},{""x"":1388,""y"":298,""t"":1769},{""x"":1407,""y"":316,""t"":1844},{""x"":1165,""y"":371,""t"":1896},{""x"":911,""y"":435,""t"":1907},{""x"":787,""y"":419,""t"":1972},{""x"":661,""y"":396,""t"":1983},{""x"":537,""y"":353,""t"":2049},{""x"":452,""y"":344,""t"":2100},{""x"":386,""y"":337,""t"":2110},{""x"":330,""y"":318,""t"":2177},{""x"":297,""y"":326,""t"":2234},{""x"":267,""y"":347,""t"":2245},{""x"":274,""y"":350,""t"":2310},{""x"":235,""y"":361,""t"":2321},{""x"":247,""y"":357,""t"":2387},{""x"":341,""y"":429,""t"":2439},{""x"":425,""y"":491,""t"":2452},{""x"":529,""y"":511,""t"":2518},{""x"":536,""y"":575,""t"":2573},{""x"":588,""y"":587,""t"":2586},{""x"":812,""y"":566,""t"":2651},{""x"":994,""y"":551,""t"":2663},{""x"":1134,""y"":671,""t"":2729},{""x"":1236,""y"":706,""t"":2781},{""x"":1295,""y"":728,""t"":2793},{""x"":1323,""y"":764,""t"":2858},{""x"":1361,""y"":804,""t"":2909},{""x"":1395,""y"":813,""t"":2925},{""x"":1374,""y"":809,""t"":2990},{""x"":1350,""y"":807,""t"":3002},{""x"":1392,""y"":812,""t"":3069},{""x"":1465,""y"":836,""t"":3095},{""x"":1483,""y"":835,""t"":3162},{""x"":1513,""y"":829,""t"":3174},{""x"":1538,""y"":777,""t"":3238},{""x"":1336,""y"":750,""t"":3285},{""x"":1151,""y"":755,""t"":3299},{""x"":1008,""y"":749,""t"":3364},{""x"":889,""y"":744,""t"":3375},{""x"":744,""y"":764,""t"":3446},{""x"":626,""y"":777,""t"":3496},{""x"":534,""y"":788,""t"":3507},{""x"":420,""y"":722,""t"":3574},{""x"":346,""y"":706,""t"":3626},{""x"":279,""y"":704,""t"":3639},{""x"":265,""y"":688,""t"":3705},{""x"":266,""y"":680,""t"":3718},{""x"":286,""y"":661,""t"":3783},{""x"":326,""y"":637,""t"":3834},{""x"":351,""y"":631,""t"":3847},{""x"":484,""y"":687,""t"":3914},{""x"":551,""y"":761,""t"":3966},{""x"":567,""y"":798,""t"":3979},{""x"":592,""y"":776,""t"":4045},{""x"":611,""y"":756,""t"":4056},{""x"":627,""y"":713,""t"":4122},{""x"":630,""y"":639,""t"":4174},{""x"":580,""y"":606,""t"":4188},{""x"":797,""y"":566,""t"":4256},{""x"":1003,""y"":502,""t"":4285},{""x"":1146,""y"":459,""t"":4348},{""x"":1325,""y"":425,""t"":4360},{""x"":1433,""y"":398,""t"":4416},{""x"":1484,""y"":388,""t"":4453},{""x"":1515,""y"":393,""t"":4492},{""x"":1553,""y"":357,""t"":4557},{""x"":1489,""y"":373,""t"":4607},{""x"":1427,""y"":389,""t"":4626},{""x"":1281,""y"":480,""t"":4691},{""x"":1190,""y"":558,""t"":4703},{""x"":1124,""y"":560,""t"":4768},{""x"":1076,""y"":574,""t"":4817},{""x"":1038,""y"":586,""t"":4828},{""x"":1001,""y"":586,""t"":4893},{""x"":978,""y"":590,""t"":4905},{""x"":963,""y"":575,""t"":4970},{""x"":920,""y"":595,""t"":5037},{""x"":910,""y"":605,""t"":5105},{""x"":975,""y"":557,""t"":5157},{""x"":924,""y"":579,""t"":5169},{""x"":925,""y"":575,""t"":5236},{""x"":887,""y"":576,""t"":5249},{""x"":890,""y"":580,""t"":5315},{""x"":934,""y"":568,""t"":5362},{""x"":920,""y"":564,""t"":5374},{""x"":916,""y"":582,""t"":5440},{""x"":880,""y"":554,""t"":5490},{""x"":863,""y"":562,""t"":5510},{""x"":893,""y"":573,""t"":5574},{""x"":909,""y"":552,""t"":5585},{""x"":890,""y"":556,""t"":5653},{""x"":911,""y"":558,""t"":5703},{""x"":922,""y"":557,""t"":5715},{""x"":965,""y"":588,""t"":5779},{""x"":989,""y"":621,""t"":5790},{""x"":989,""y"":648,""t"":5861},{""x"":991,""y"":660,""t"":5883},{""x"":1003,""y"":639,""t"":5948},{""x"":1025,""y"":654,""t"":5959},{""x"":982,""y"":699,""t"":6025}]",1,0.11994464846632467,0.8800553515336753,wa_dn_b-last,0
98-attributes,1,139,exp_95,0.0,442.60000002384186,0.5,0.38,3.0,4.0,higher_p,higher_m,0,1,attributes,1.0,True,1.5,1.52,-0.02,0.2367304922727919,0.5,0.5,0.4,0.6,1.0,1.0,higher_m,higher_m,True,"{""durations"":[1000,1500,1000,1500],""alternatives"":[""all"",""all"",""all"",""all""],""attributes"":[""p"",""m"",""p"",""m""]}","[{""x"":1037,""y"":638,""t"":-17},{""x"":1029,""y"":630,""t"":0},{""x"":1020,""y"":662,""t"":71},{""x"":1014,""y"":658,""t"":129},{""x"":1028,""y"":659,""t"":151},{""x"":1006,""y"":695,""t"":212},{""x"":1013,""y"":654,""t"":278},{""x"":982,""y"":635,""t"":330},{""x"":945,""y"":627,""t"":341},{""x"":953,""y"":639,""t"":406},{""x"":972,""y"":663,""t"":419},{""x"":854,""y"":694,""t"":485},{""x"":695,""y"":720,""t"":537},{""x"":596,""y"":722,""t"":548},{""x"":520,""y"":746,""t"":613},{""x"":461,""y"":778,""t"":662},{""x"":385,""y"":806,""t"":682},{""x"":635,""y"":835,""t"":747},{""x"":854,""y"":801,""t"":758},{""x"":1094,""y"":769,""t"":828},{""x"":1236,""y"":713,""t"":851},{""x"":1367,""y"":740,""t"":920},{""x"":1521,""y"":752,""t"":968},{""x"":1622,""y"":761,""t"":987},{""x"":1541,""y"":740,""t"":1056},{""x"":1299,""y"":760,""t"":1109},{""x"":1102,""y"":770,""t"":1124},{""x"":964,""y"":757,""t"":1191},{""x"":803,""y"":810,""t"":1239},{""x"":683,""y"":742,""t"":1260},{""x"":555,""y"":677,""t"":1325},{""x"":452,""y"":648,""t"":1336},{""x"":411,""y"":585,""t"":1402},{""x"":366,""y"":533,""t"":1450},{""x"":303,""y"":471,""t"":1463},{""x"":273,""y"":447,""t"":1530},{""x"":539,""y"":379,""t"":1577},{""x"":732,""y"":346,""t"":1599},{""x"":961,""y"":345,""t"":1664},{""x"":1154,""y"":348,""t"":1676},{""x"":1256,""y"":366,""t"":1740},{""x"":1305,""y"":406,""t"":1792},{""x"":1337,""y"":443,""t"":1804},{""x"":1309,""y"":401,""t"":1871},{""x"":1103,""y"":390,""t"":1918},{""x"":932,""y"":390,""t"":1939},{""x"":753,""y"":404,""t"":2004},{""x"":579,""y"":381,""t"":2016},{""x"":475,""y"":335,""t"":2084},{""x"":394,""y"":296,""t"":2110},{""x"":327,""y"":270,""t"":2174},{""x"":271,""y"":228,""t"":2186},{""x"":267,""y"":238,""t"":2251},{""x"":226,""y"":254,""t"":2302},{""x"":213,""y"":256,""t"":2314},{""x"":225,""y"":253,""t"":2380},{""x"":228,""y"":278,""t"":2390},{""x"":272,""y"":289,""t"":2455},{""x"":273,""y"":354,""t"":2506},{""x"":286,""y"":428,""t"":2519},{""x"":265,""y"":573,""t"":2587},{""x"":233,""y"":665,""t"":2641},{""x"":276,""y"":763,""t"":2652},{""x"":373,""y"":863,""t"":2717},{""x"":457,""y"":942,""t"":2728},{""x"":522,""y"":964,""t"":2796},{""x"":511,""y"":976,""t"":2849},{""x"":499,""y"":976,""t"":2860},{""x"":569,""y"":1000,""t"":2926},{""x"":838,""y"":973,""t"":2978},{""x"":1007,""y"":989,""t"":2992},{""x"":1188,""y"":941,""t"":3059},{""x"":1381,""y"":906,""t"":3072},{""x"":1521,""y"":883,""t"":3138},{""x"":1606,""y"":875,""t"":3162},{""x"":1694,""y"":881,""t"":3228},{""x"":1757,""y"":885,""t"":3240},{""x"":1577,""y"":862,""t"":3309},{""x"":1410,""y"":828,""t"":3333},{""x"":1237,""y"":777,""t"":3398},{""x"":965,""y"":775,""t"":3410},{""x"":826,""y"":762,""t"":3476},{""x"":691,""y"":739,""t"":3522},{""x"":598,""y"":715,""t"":3537},{""x"":507,""y"":736,""t"":3602},{""x"":466,""y"":739,""t"":3613},{""x"":400,""y"":731,""t"":3688},{""x"":399,""y"":737,""t"":3707},{""x"":311,""y"":750,""t"":3778},{""x"":281,""y"":752,""t"":3838},{""x"":239,""y"":765,""t"":3850},{""x"":245,""y"":764,""t"":3917},{""x"":276,""y"":699,""t"":3965},{""x"":290,""y"":660,""t"":3978},{""x"":336,""y"":605,""t"":4043},{""x"":379,""y"":560,""t"":4054},{""x"":390,""y"":562,""t"":4121},{""x"":607,""y"":565,""t"":4173},{""x"":707,""y"":605,""t"":4184},{""x"":827,""y"":593,""t"":4250},{""x"":925,""y"":584,""t"":4261},{""x"":1072,""y"":639,""t"":4326},{""x"":1147,""y"":651,""t"":4376},{""x"":1232,""y"":652,""t"":4387},{""x"":1354,""y"":592,""t"":4451},{""x"":1306,""y"":609,""t"":4465},{""x"":1256,""y"":579,""t"":4538},{""x"":1181,""y"":653,""t"":4603},{""x"":1167,""y"":673,""t"":4651},{""x"":1153,""y"":689,""t"":4662},{""x"":1134,""y"":671,""t"":4727},{""x"":1079,""y"":645,""t"":4778},{""x"":1031,""y"":623,""t"":4795},{""x"":1006,""y"":623,""t"":4860},{""x"":977,""y"":642,""t"":4872},{""x"":972,""y"":647,""t"":4939},{""x"":947,""y"":621,""t"":4990},{""x"":925,""y"":604,""t"":5002},{""x"":913,""y"":598,""t"":5067},{""x"":953,""y"":592,""t"":5115},{""x"":979,""y"":601,""t"":5136},{""x"":981,""y"":611,""t"":5205},{""x"":1026,""y"":622,""t"":5256},{""x"":1005,""y"":630,""t"":5271},{""x"":1002,""y"":607,""t"":5336},{""x"":1000,""y"":587,""t"":5347},{""x"":948,""y"":589,""t"":5413},{""x"":953,""y"":601,""t"":5474},{""x"":941,""y"":559,""t"":5522},{""x"":897,""y"":533,""t"":5571},{""x"":856,""y"":516,""t"":5582},{""x"":897,""y"":518,""t"":5651},{""x"":913,""y"":516,""t"":5699},{""x"":928,""y"":515,""t"":5713},{""x"":964,""y"":542,""t"":5778},{""x"":995,""y"":565,""t"":5791},{""x"":989,""y"":548,""t"":5857},{""x"":968,""y"":518,""t"":5907},{""x"":962,""y"":514,""t"":5919},{""x"":955,""y"":539,""t"":5987},{""x"":936,""y"":592,""t"":6038},{""x"":944,""y"":607,""t"":6053}]",0,0.48827847621089265,0.5117215237891074,wa_dn_b-last,0
