subject_id,block,trial,condition,choice,rt,p0,p1,m0,m1,label0,label1,higher_p,higher_m,presentation,presentation01,by_attribute,ev0,ev1,delta_ev,delta_ev_z,g0,g1,gp,gm,duration_favours,last_stage_favours,duration_favours_str,last_stage_favours_str,choose_higher_p,sequence,webgazer_data,predicted_choice,predicted_choiceprob_0,predicted_choiceprob_1,model,rep
62-alternatives,0,4,exp_30,0.0,132.29999999701977,0.3,0.17,2.0,3.0,higher_p,higher_m,0,1,alternatives,0.0,False,0.6,0.51,0.0899999999999999,0.3499494233597793,0.4,0.6,0.5,0.5,1.0,1.0,higher_m,higher_m,True,"{""durations"":[1000,1500,1000,1500],""alternatives"":[0,1,0,1],""attributes"":[""all"",""all"",""all"",""all""]}","[{""x"":788,""y"":273,""t"":-17},{""x"":764,""y"":259,""t"":0},{""x"":743,""y"":237,""t"":76},{""x"":678,""y"":274,""t"":153},{""x"":614,""y"":278,""t"":174},{""x"":575,""y"":306,""t"":238},{""x"":524,""y"":331,""t"":291},{""x"":492,""y"":349,""t"":308},{""x"":429,""y"":339,""t"":372},{""x"":385,""y"":325,""t"":387},{""x"":370,""y"":325,""t"":448},{""x"":375,""y"":321,""t"":477},{""x"":310,""y"":324,""t"":537},{""x"":257,""y"":327,""t"":553},{""x"":310,""y"":340,""t"":618},{""x"":339,""y"":405,""t"":664},{""x"":362,""y"":443,""t"":680},{""x"":350,""y"":467,""t"":741},{""x"":348,""y"":484,""t"":758},{""x"":376,""y"":511,""t"":819},{""x"":384,""y"":475,""t"":866},{""x"":332,""y"":436,""t"":884},{""x"":320,""y"":395,""t"":948},{""x"":311,""y"":359,""t"":962},{""x"":347,""y"":320,""t"":1027},{""x"":375,""y"":300,""t"":1076},{""x"":364,""y"":285,""t"":1092},{""x"":357,""y"":281,""t"":1157},{""x"":345,""y"":261,""t"":1207},{""x"":353,""y"":229,""t"":1226},{""x"":381,""y"":232,""t"":1289},{""x"":432,""y"":217,""t"":1304},{""x"":541,""y"":236,""t"":1369},{""x"":577,""y"":250,""t"":1395},{""x"":686,""y"":302,""t"":1457},{""x"":776,""y"":346,""t"":1472},{""x"":857,""y"":347,""t"":1533},{""x"":978,""y"":394,""t"":1582},{""x"":1070,""y"":426,""t"":1599},{""x"":1100,""y"":413,""t"":1660},{""x"":1127,""y"":439,""t"":1677},{""x"":1148,""y"":422,""t"":1739},{""x"":1151,""y"":396,""t"":1791},{""x"":1118,""y"":390,""t"":1808},{""x"":1084,""y"":370,""t"":1868},{""x"":1040,""y"":348,""t"":1882},{""x"":1060,""y"":332,""t"":1942},{""x"":1015,""y"":320,""t"":1995},{""x"":977,""y"":300,""t"":2011},{""x"":975,""y"":277,""t"":2072},{""x"":1016,""y"":277,""t"":2089},{""x"":1048,""y"":303,""t"":2150},{""x"":1044,""y"":310,""t"":2177},{""x"":904,""y"":307,""t"":2240},{""x"":785,""y"":306,""t"":2255},{""x"":676,""y"":294,""t"":2319},{""x"":556,""y"":292,""t"":2366},{""x"":456,""y"":293,""t"":2384},{""x"":404,""y"":287,""t"":2445},{""x"":346,""y"":275,""t"":2461},{""x"":305,""y"":272,""t"":2501},{""x"":285,""y"":269,""t"":2539},{""x"":265,""y"":297,""t"":2580},{""x"":254,""y"":298,""t"":2620},{""x"":288,""y"":291,""t"":2682},{""x"":303,""y"":275,""t"":2698},{""x"":315,""y"":289,""t"":2761},{""x"":334,""y"":278,""t"":2789},{""x"":342,""y"":285,""t"":2848},{""x"":351,""y"":290,""t"":2864},{""x"":368,""y"":312,""t"":2927},{""x"":360,""y"":319,""t"":2976},{""x"":376,""y"":294,""t"":2993},{""x"":346,""y"":330,""t"":3055},{""x"":326,""y"":359,""t"":3072},{""x"":367,""y"":436,""t"":3135},{""x"":411,""y"":403,""t"":3184},{""x"":400,""y"":394,""t"":3199},{""x"":461,""y"":414,""t"":3260},{""x"":558,""y"":409,""t"":3277},{""x"":543,""y"":400,""t"":3338},{""x"":590,""y"":484,""t"":3388},{""x"":622,""y"":565,""t"":3405},{""x"":592,""y"":604,""t"":3467},{""x"":568,""y"":623,""t"":3483},{""x"":551,""y"":652,""t"":3525},{""x"":545,""y"":643,""t"":3563},{""x"":529,""y"":656,""t"":3599},{""x"":572,""y"":700,""t"":3641},{""x"":524,""y"":721,""t"":3702},{""x"":523,""y"":712,""t"":3718},{""x"":556,""y"":637,""t"":3781},{""x"":537,""y"":580,""t"":3826},{""x"":522,""y"":539,""t"":3843},{""x"":518,""y"":498,""t"":3906},{""x"":509,""y"":444,""t"":3922},{""x"":496,""y"":391,""t"":3984},{""x"":504,""y"":373,""t"":4032},{""x"":522,""y"":323,""t"":4047},{""x"":479,""y"":295,""t"":4109},{""x"":462,""y"":273,""t"":4125},{""x"":477,""y"":305,""t"":4187},{""x"":445,""y"":313,""t"":4234},{""x"":443,""y"":324,""t"":4251},{""x"":424,""y"":306,""t"":4314},{""x"":411,""y"":313,""t"":4329},{""x"":418,""y"":314,""t"":4392},{""x"":407,""y"":320,""t"":4420},{""x"":407,""y"":325,""t"":4483},{""x"":408,""y"":331,""t"":4499},{""x"":426,""y"":337,""t"":4560},{""x"":417,""y"":359,""t"":4607},{""x"":410,""y"":378,""t"":4624},{""x"":406,""y"":383,""t"":4688},{""x"":459,""y"":380,""t"":4706},{""x"":506,""y"":383,""t"":4767},{""x"":506,""y"":382,""t"":4817},{""x"":520,""y"":371,""t"":4832},{""x"":536,""y"":337,""t"":4894},{""x"":505,""y"":372,""t"":4910},{""x"":496,""y"":321,""t"":4950},{""x"":510,""y"":293,""t"":4988},{""x"":476,""y"":326,""t"":5028},{""x"":452,""y"":339,""t"":5066},{""x"":430,""y"":358,""t"":5128},{""x"":384,""y"":370,""t"":5145},{""x"":387,""y"":356,""t"":5208},{""x"":408,""y"":334,""t"":5237},{""x"":413,""y"":311,""t"":5301},{""x"":419,""y"":291,""t"":5318},{""x"":419,""y"":294,""t"":5381},{""x"":420,""y"":291,""t"":5407},{""x"":443,""y"":289,""t"":5468},{""x"":490,""y"":278,""t"":5483},{""x"":482,""y"":273,""t"":5546},{""x"":488,""y"":247,""t"":5598},{""x"":495,""y"":233,""t"":5614},{""x"":502,""y"":280,""t"":5677},{""x"":495,""y"":316,""t"":5693},{""x"":493,""y"":326,""t"":5733}]",1,0.728930254864983,0.27106974513501697,pt_b-last_b-longer,0
62-alternatives,0,5,exp_108,0.0,207.0,0.78,0.4,2.1,3.0,higher_p,higher_m,0,1,alternatives,0.0,False,1.638,1.2000000000000002,0.4379999999999999,0.7081329507986125,0.4,0.6,0.5,0.5,1.0,0.0,higher_m,higher_p,True,"{""durations"":[1500,1000,1500,1000],""alternatives"":[1,0,1,0],""attributes"":[""all"",""all"",""all"",""all""]}","[{""x"":624,""y"":299,""t"":-17},{""x"":672,""y"":293,""t"":0},{""x"":697,""y"":297,""t"":96},{""x"":702,""y"":304,""t"":114},{""x"":828,""y"":335,""t"":158},{""x"":951,""y"":335,""t"":197},{""x"":947,""y"":307,""t"":235},{""x"":884,""y"":276,""t"":275},{""x"":761,""y"":277,""t"":336},{""x"":673,""y"":263,""t"":351},{""x"":658,""y"":240,""t"":416},{""x"":625,""y"":238,""t"":442},{""x"":526,""y"":269,""t"":510},{""x"":458,""y"":322,""t"":525},{""x"":389,""y"":385,""t"":567},{""x"":357,""y"":431,""t"":605},{""x"":347,""y"":466,""t"":646},{""x"":303,""y"":510,""t"":708},{""x"":277,""y"":542,""t"":722},{""x"":309,""y"":475,""t"":787},{""x"":381,""y"":418,""t"":838},{""x"":426,""y"":367,""t"":852},{""x"":452,""y"":375,""t"":914},{""x"":473,""y"":359,""t"":932},{""x"":479,""y"":381,""t"":993},{""x"":467,""y"":348,""t"":1021},{""x"":462,""y"":344,""t"":1084},{""x"":469,""y"":342,""t"":1099},{""x"":422,""y"":318,""t"":1166},{""x"":425,""y"":279,""t"":1191},{""x"":537,""y"":295,""t"":1252},{""x"":631,""y"":323,""t"":1268},{""x"":703,""y"":320,""t"":1331},{""x"":779,""y"":329,""t"":1377},{""x"":782,""y"":341,""t"":1395},{""x"":861,""y"":434,""t"":1454},{""x"":882,""y"":433,""t"":1471},{""x"":923,""y"":426,""t"":1534},{""x"":901,""y"":421,""t"":1586},{""x"":897,""y"":421,""t"":1602},{""x"":862,""y"":404,""t"":1663},{""x"":896,""y"":423,""t"":1678},{""x"":872,""y"":432,""t"":1743},{""x"":895,""y"":430,""t"":1769},{""x"":900,""y"":423,""t"":1833},{""x"":872,""y"":398,""t"":1848},{""x"":952,""y"":433,""t"":1911},{""x"":1043,""y"":460,""t"":1960},{""x"":1118,""y"":482,""t"":1976},{""x"":1177,""y"":488,""t"":2038},{""x"":1157,""y"":503,""t"":2055},{""x"":1144,""y"":470,""t"":2095},{""x"":1144,""y"":444,""t"":2135},{""x"":1160,""y"":420,""t"":2174},{""x"":1181,""y"":384,""t"":2213},{""x"":1151,""y"":350,""t"":2276},{""x"":1123,""y"":322,""t"":2290},{""x"":1056,""y"":299,""t"":2353},{""x"":1107,""y"":310,""t"":2401},{""x"":1151,""y"":322,""t"":2417},{""x"":1116,""y"":307,""t"":2477},{""x"":1085,""y"":296,""t"":2491},{""x"":1105,""y"":321,""t"":2554},{""x"":1079,""y"":359,""t"":2604},{""x"":1057,""y"":391,""t"":2619},{""x"":1022,""y"":339,""t"":2679},{""x"":993,""y"":296,""t"":2696},{""x"":969,""y"":393,""t"":2758},{""x"":986,""y"":464,""t"":2807},{""x"":1001,""y"":548,""t"":2825},{""x"":1019,""y"":610,""t"":2886},{""x"":1065,""y"":630,""t"":2901},{""x"":882,""y"":567,""t"":2965},{""x"":775,""y"":513,""t"":3013},{""x"":703,""y"":461,""t"":3031},{""x"":649,""y"":416,""t"":3096},{""x"":595,""y"":375,""t"":3143},{""x"":572,""y"":361,""t"":3163},{""x"":518,""y"":336,""t"":3225},{""x"":476,""y"":316,""t"":3240},{""x"":602,""y"":330,""t"":3302},{""x"":761,""y"":371,""t"":3358},{""x"":878,""y"":407,""t"":3373},{""x"":1000,""y"":450,""t"":3434},{""x"":1092,""y"":505,""t"":3450},{""x"":1171,""y"":516,""t"":3490},{""x"":1213,""y"":519,""t"":3529},{""x"":1167,""y"":503,""t"":3568},{""x"":1142,""y"":472,""t"":3607},{""x"":1125,""y"":428,""t"":3668},{""x"":1113,""y"":378,""t"":3684},{""x"":1099,""y"":376,""t"":3748},{""x"":1068,""y"":348,""t"":3776},{""x"":1112,""y"":360,""t"":3838},{""x"":1148,""y"":371,""t"":3852},{""x"":1144,""y"":366,""t"":3915},{""x"":1137,""y"":385,""t"":3972},{""x"":1129,""y"":398,""t"":3987},{""x"":1104,""y"":387,""t"":4048},{""x"":1100,""y"":431,""t"":4101},{""x"":1096,""y"":468,""t"":4117},{""x"":1107,""y"":484,""t"":4178},{""x"":1116,""y"":496,""t"":4192},{""x"":1100,""y"":500,""t"":4255},{""x"":1044,""y"":487,""t"":4304},{""x"":997,""y"":475,""t"":4320},{""x"":1008,""y"":473,""t"":4384},{""x"":960,""y"":466,""t"":4399},{""x"":932,""y"":468,""t"":4461},{""x"":962,""y"":483,""t"":4509},{""x"":987,""y"":468,""t"":4523},{""x"":971,""y"":404,""t"":4584},{""x"":979,""y"":350,""t"":4601},{""x"":972,""y"":348,""t"":4664},{""x"":976,""y"":325,""t"":4713},{""x"":1024,""y"":340,""t"":4728},{""x"":989,""y"":312,""t"":4791},{""x"":954,""y"":292,""t"":4806},{""x"":964,""y"":295,""t"":4848},{""x"":966,""y"":352,""t"":4884},{""x"":947,""y"":379,""t"":4921},{""x"":976,""y"":401,""t"":4962},{""x"":968,""y"":414,""t"":5000},{""x"":967,""y"":471,""t"":5063},{""x"":989,""y"":523,""t"":5079},{""x"":991,""y"":582,""t"":5122},{""x"":1024,""y"":587,""t"":5163},{""x"":975,""y"":576,""t"":5202},{""x"":940,""y"":553,""t"":5240},{""x"":926,""y"":485,""t"":5304},{""x"":894,""y"":479,""t"":5323},{""x"":875,""y"":475,""t"":5363},{""x"":872,""y"":482,""t"":5402},{""x"":850,""y"":460,""t"":5441},{""x"":902,""y"":468,""t"":5504},{""x"":948,""y"":474,""t"":5519},{""x"":948,""y"":491,""t"":5583},{""x"":919,""y"":484,""t"":5611},{""x"":897,""y"":496,""t"":5672},{""x"":878,""y"":506,""t"":5689},{""x"":836,""y"":430,""t"":5751}]",0,0.9850522214099211,0.014947778590078927,pt_b-last_b-longer,0
62-alternatives,0,7,catch_0,1.0,232.29999999701977,0.19,0.72,2.0,3.0,dominated,dominant,1,1,alternatives,0.0,False,0.38,2.16,-1.7800000000000002,-1.5747724051190082,0.5,0.5,0.5,0.5,,1.0,,dominant,True,"{""durations"":[1250,1250,1250,1250],""attributes"":[""all"",""all"",""all"",""all""],""alternatives"":[0,1,0,1]}","[{""x"":667,""y"":330,""t"":-18},{""x"":708,""y"":319,""t"":0},{""x"":703,""y"":328,""t"":69},{""x"":719,""y"":309,""t"":139},{""x"":721,""y"":334,""t"":189},{""x"":714,""y"":358,""t"":208},{""x"":700,""y"":380,""t"":271},{""x"":695,""y"":437,""t"":286},{""x"":776,""y"":439,""t"":327},{""x"":857,""y"":455,""t"":367},{""x"":967,""y"":474,""t"":405},{""x"":1064,""y"":481,""t"":445},{""x"":1088,""y"":474,""t"":508},{""x"":1076,""y"":459,""t"":524},{""x"":1099,""y"":450,""t"":584},{""x"":1117,""y"":424,""t"":613},{""x"":1120,""y"":430,""t"":675},{""x"":1130,""y"":432,""t"":690},{""x"":1110,""y"":360,""t"":750},{""x"":1148,""y"":336,""t"":797},{""x"":1126,""y"":321,""t"":818},{""x"":1099,""y"":337,""t"":879},{""x"":1073,""y"":345,""t"":894},{""x"":1098,""y"":347,""t"":957},{""x"":1080,""y"":370,""t"":1004},{""x"":1068,""y"":407,""t"":1021},{""x"":1097,""y"":429,""t"":1082},{""x"":1078,""y"":454,""t"":1099},{""x"":1090,""y"":448,""t"":1162},{""x"":1092,""y"":405,""t"":1212},{""x"":1067,""y"":366,""t"":1227},{""x"":1036,""y"":347,""t"":1288},{""x"":989,""y"":332,""t"":1304},{""x"":958,""y"":302,""t"":1346},{""x"":944,""y"":277,""t"":1386},{""x"":939,""y"":309,""t"":1424},{""x"":986,""y"":330,""t"":1463},{""x"":895,""y"":306,""t"":1525},{""x"":801,""y"":279,""t"":1541},{""x"":663,""y"":291,""t"":1603},{""x"":524,""y"":302,""t"":1651},{""x"":411,""y"":311,""t"":1666},{""x"":316,""y"":325,""t"":1731},{""x"":298,""y"":320,""t"":1745},{""x"":269,""y"":335,""t"":1808},{""x"":222,""y"":342,""t"":1854},{""x"":200,""y"":335,""t"":1871},{""x"":180,""y"":318,""t"":1934},{""x"":169,""y"":304,""t"":1949},{""x"":202,""y"":285,""t"":2013},{""x"":225,""y"":271,""t"":2041},{""x"":253,""y"":271,""t"":2097},{""x"":252,""y"":265,""t"":2135},{""x"":248,""y"":249,""t"":2175},{""x"":267,""y"":241,""t"":2214},{""x"":277,""y"":259,""t"":2273},{""x"":286,""y"":274,""t"":2291},{""x"":315,""y"":254,""t"":2352},{""x"":303,""y"":228,""t"":2415},{""x"":295,""y"":220,""t"":2463},{""x"":317,""y"":214,""t"":2483},{""x"":282,""y"":217,""t"":2542},{""x"":251,""y"":219,""t"":2558},{""x"":240,""y"":250,""t"":2622},{""x"":283,""y"":265,""t"":2672},{""x"":309,""y"":278,""t"":2686},{""x"":242,""y"":277,""t"":2749},{""x"":254,""y"":301,""t"":2767},{""x"":235,""y"":333,""t"":2828},{""x"":351,""y"":315,""t"":2878},{""x"":451,""y"":298,""t"":2894},{""x"":569,""y"":301,""t"":2956},{""x"":667,""y"":303,""t"":2973},{""x"":818,""y"":328,""t"":3034},{""x"":902,""y"":332,""t"":3083},{""x"":967,""y"":335,""t"":3097},{""x"":1048,""y"":319,""t"":3158},{""x"":1088,""y"":293,""t"":3174},{""x"":1104,""y"":305,""t"":3235},{""x"":1076,""y"":286,""t"":3282},{""x"":1059,""y"":289,""t"":3300},{""x"":1079,""y"":277,""t"":3360},{""x"":1105,""y"":286,""t"":3378},{""x"":1013,""y"":301,""t"":3439},{""x"":810,""y"":288,""t"":3491},{""x"":637,""y"":276,""t"":3506},{""x"":525,""y"":297,""t"":3568},{""x"":411,""y"":281,""t"":3582},{""x"":316,""y"":318,""t"":3623},{""x"":259,""y"":340,""t"":3663},{""x"":142,""y"":363,""t"":3700},{""x"":60,""y"":368,""t"":3741},{""x"":37,""y"":364,""t"":3801},{""x"":17,""y"":378,""t"":3817},{""x"":21,""y"":370,""t"":3884},{""x"":59,""y"":378,""t"":3910},{""x"":106,""y"":372,""t"":3973},{""x"":149,""y"":366,""t"":3990},{""x"":165,""y"":356,""t"":4053},{""x"":162,""y"":374,""t"":4101},{""x"":160,""y"":390,""t"":4118},{""x"":164,""y"":414,""t"":4179},{""x"":210,""y"":399,""t"":4194},{""x"":266,""y"":401,""t"":4235},{""x"":292,""y"":398,""t"":4276},{""x"":249,""y"":435,""t"":4314},{""x"":223,""y"":425,""t"":4352},{""x"":243,""y"":366,""t"":4416},{""x"":264,""y"":355,""t"":4431},{""x"":299,""y"":337,""t"":4492},{""x"":327,""y"":334,""t"":4542},{""x"":363,""y"":338,""t"":4556},{""x"":395,""y"":326,""t"":4619},{""x"":397,""y"":318,""t"":4634},{""x"":411,""y"":301,""t"":4696},{""x"":414,""y"":298,""t"":4747},{""x"":414,""y"":297,""t"":4762},{""x"":426,""y"":286,""t"":4823},{""x"":444,""y"":283,""t"":4839},{""x"":424,""y"":286,""t"":4904},{""x"":418,""y"":280,""t"":4951},{""x"":412,""y"":276,""t"":4967},{""x"":376,""y"":273,""t"":5029},{""x"":345,""y"":270,""t"":5045},{""x"":360,""y"":252,""t"":5107},{""x"":373,""y"":237,""t"":5135},{""x"":356,""y"":251,""t"":5196},{""x"":353,""y"":270,""t"":5213},{""x"":370,""y"":286,""t"":5276},{""x"":371,""y"":302,""t"":5322},{""x"":338,""y"":303,""t"":5339},{""x"":364,""y"":320,""t"":5405},{""x"":342,""y"":307,""t"":5421},{""x"":319,""y"":312,""t"":5462},{""x"":238,""y"":304,""t"":5500},{""x"":260,""y"":304,""t"":5541},{""x"":283,""y"":306,""t"":5579},{""x"":300,""y"":294,""t"":5642},{""x"":304,""y"":289,""t"":5658},{""x"":370,""y"":263,""t"":5719},{""x"":416,""y"":264,""t"":5747},{""x"":381,""y"":260,""t"":5808},{""x"":349,""y"":256,""t"":5823}]",1,0.0002356336576883495,0.9997643663423117,pt_b-last_b-longer,0
62-alternatives,0,9,exp_84,1.0,240.89999999850988,0.61,0.29,2.2,8.1,higher_p,higher_m,0,1,alternatives,0.0,False,1.342,2.349,-1.0069999999999997,-0.7791520984804501,0.4,0.6,0.5,0.5,1.0,0.0,higher_m,higher_p,False,"{""durations"":[1500,1000,1500,1000],""alternatives"":[1,0,1,0],""attributes"":[""all"",""all"",""all"",""all""]}","[{""x"":689,""y"":338,""t"":-40},{""x"":603,""y"":329,""t"":0},{""x"":631,""y"":406,""t"":100},{""x"":677,""y"":432,""t"":119},{""x"":722,""y"":461,""t"":160},{""x"":721,""y"":444,""t"":203},{""x"":718,""y"":428,""t"":241},{""x"":708,""y"":431,""t"":303},{""x"":717,""y"":451,""t"":319},{""x"":730,""y"":465,""t"":382},{""x"":793,""y"":426,""t"":428},{""x"":874,""y"":415,""t"":446},{""x"":922,""y"":422,""t"":508},{""x"":949,""y"":415,""t"":522},{""x"":1000,""y"":387,""t"":586},{""x"":1037,""y"":387,""t"":613},{""x"":1010,""y"":361,""t"":672},{""x"":992,""y"":337,""t"":688},{""x"":1036,""y"":382,""t"":752},{""x"":1072,""y"":431,""t"":802},{""x"":1101,""y"":458,""t"":817},{""x"":1110,""y"":452,""t"":879},{""x"":1115,""y"":446,""t"":894},{""x"":1081,""y"":424,""t"":959},{""x"":1129,""y"":356,""t"":1009},{""x"":1140,""y"":287,""t"":1024},{""x"":1133,""y"":296,""t"":1087},{""x"":1143,""y"":300,""t"":1104},{""x"":1144,""y"":310,""t"":1156},{""x"":1143,""y"":297,""t"":1217},{""x"":1142,""y"":287,""t"":1232},{""x"":1147,""y"":279,""t"":1293},{""x"":1113,""y"":266,""t"":1341},{""x"":1087,""y"":266,""t"":1362},{""x"":1023,""y"":258,""t"":1424},{""x"":1009,""y"":286,""t"":1440},{""x"":996,""y"":297,""t"":1504},{""x"":1076,""y"":309,""t"":1532},{""x"":1028,""y"":314,""t"":1616},{""x"":1000,""y"":333,""t"":1633},{""x"":1027,""y"":326,""t"":1700},{""x"":967,""y"":323,""t"":1756},{""x"":936,""y"":309,""t"":1772},{""x"":795,""y"":327,""t"":1839},{""x"":670,""y"":329,""t"":1888},{""x"":517,""y"":349,""t"":1904},{""x"":417,""y"":333,""t"":1970},{""x"":338,""y"":330,""t"":1985},{""x"":283,""y"":337,""t"":2050},{""x"":260,""y"":332,""t"":2097},{""x"":247,""y"":319,""t"":2113},{""x"":232,""y"":324,""t"":2176},{""x"":284,""y"":323,""t"":2228},{""x"":347,""y"":322,""t"":2246},{""x"":361,""y"":318,""t"":2312},{""x"":362,""y"":336,""t"":2327},{""x"":366,""y"":344,""t"":2368},{""x"":380,""y"":364,""t"":2406},{""x"":383,""y"":377,""t"":2443},{""x"":368,""y"":388,""t"":2485},{""x"":392,""y"":350,""t"":2546},{""x"":395,""y"":351,""t"":2563},{""x"":414,""y"":322,""t"":2607},{""x"":361,""y"":343,""t"":2644},{""x"":348,""y"":367,""t"":2683},{""x"":357,""y"":397,""t"":2723},{""x"":471,""y"":378,""t"":2786},{""x"":652,""y"":354,""t"":2805},{""x"":796,""y"":325,""t"":2846},{""x"":967,""y"":317,""t"":2885},{""x"":1043,""y"":325,""t"":2924},{""x"":1102,""y"":337,""t"":2963},{""x"":1153,""y"":348,""t"":3024},{""x"":1171,""y"":340,""t"":3041},{""x"":1198,""y"":362,""t"":3081},{""x"":1214,""y"":382,""t"":3131},{""x"":1222,""y"":407,""t"":3191},{""x"":1236,""y"":406,""t"":3207},{""x"":1278,""y"":441,""t"":3279},{""x"":1308,""y"":469,""t"":3298},{""x"":1249,""y"":426,""t"":3362},{""x"":1175,""y"":396,""t"":3377},{""x"":1145,""y"":365,""t"":3440},{""x"":1166,""y"":360,""t"":3490},{""x"":1175,""y"":338,""t"":3508},{""x"":1170,""y"":300,""t"":3573},{""x"":1174,""y"":290,""t"":3621},{""x"":1126,""y"":277,""t"":3640},{""x"":1095,""y"":283,""t"":3701},{""x"":1076,""y"":266,""t"":3717},{""x"":1093,""y"":229,""t"":3781},{""x"":1117,""y"":242,""t"":3809},{""x"":1135,""y"":241,""t"":3872},{""x"":1167,""y"":221,""t"":3888},{""x"":1164,""y"":228,""t"":3951},{""x"":1156,""y"":180,""t"":4002},{""x"":1147,""y"":147,""t"":4019},{""x"":1142,""y"":226,""t"":4082},{""x"":1108,""y"":277,""t"":4135},{""x"":1075,""y"":326,""t"":4152},{""x"":1048,""y"":366,""t"":4214},{""x"":1029,""y"":408,""t"":4230},{""x"":1078,""y"":427,""t"":4291},{""x"":1017,""y"":421,""t"":4356},{""x"":836,""y"":393,""t"":4408},{""x"":713,""y"":370,""t"":4424},{""x"":625,""y"":361,""t"":4487},{""x"":538,""y"":345,""t"":4501},{""x"":426,""y"":369,""t"":4563},{""x"":347,""y"":373,""t"":4591},{""x"":248,""y"":399,""t"":4651},{""x"":197,""y"":391,""t"":4668},{""x"":160,""y"":378,""t"":4731},{""x"":381,""y"":380,""t"":4780},{""x"":530,""y"":395,""t"":4796},{""x"":694,""y"":390,""t"":4856},{""x"":830,""y"":390,""t"":4871},{""x"":992,""y"":410,""t"":4933},{""x"":1034,""y"":404,""t"":4983},{""x"":1078,""y"":400,""t"":4999},{""x"":1065,""y"":412,""t"":5060},{""x"":1071,""y"":436,""t"":5076},{""x"":1087,""y"":420,""t"":5140},{""x"":1095,""y"":411,""t"":5190},{""x"":1134,""y"":439,""t"":5204},{""x"":1133,""y"":402,""t"":5267},{""x"":1118,""y"":378,""t"":5285},{""x"":1110,""y"":340,""t"":5325},{""x"":1052,""y"":341,""t"":5364},{""x"":1060,""y"":349,""t"":5405},{""x"":1004,""y"":337,""t"":5446},{""x"":1012,""y"":334,""t"":5508},{""x"":976,""y"":323,""t"":5524},{""x"":919,""y"":310,""t"":5565},{""x"":911,""y"":334,""t"":5603},{""x"":901,""y"":326,""t"":5643},{""x"":890,""y"":346,""t"":5682},{""x"":824,""y"":329,""t"":5743},{""x"":771,""y"":292,""t"":5760},{""x"":722,""y"":299,""t"":5822}]",1,0.4161177838698422,0.5838822161301578,pt_b-last_b-longer,0
62-alternatives,0,11,exp_96,0.0,206.89999999850988,0.58,0.38,4.9,6.9,higher_p,higher_m,0,1,alternatives,0.0,False,2.842,2.6220000000000003,0.2199999999999997,0.4837536146444007,0.6,0.4,0.5,0.5,0.0,1.0,higher_p,higher_m,True,"{""durations"":[1500,1000,1500,1000],""alternatives"":[0,1,0,1],""attributes"":[""all"",""all"",""all"",""all""]}","[{""x"":668,""y"":539,""t"":-40},{""x"":704,""y"":552,""t"":0},{""x"":652,""y"":512,""t"":74},{""x"":704,""y"":573,""t"":145},{""x"":609,""y"":538,""t"":172},{""x"":620,""y"":567,""t"":235},{""x"":548,""y"":605,""t"":253},{""x"":543,""y"":666,""t"":313},{""x"":544,""y"":677,""t"":360},{""x"":456,""y"":678,""t"":375},{""x"":453,""y"":651,""t"":438},{""x"":412,""y"":683,""t"":453},{""x"":331,""y"":664,""t"":516},{""x"":318,""y"":654,""t"":566},{""x"":311,""y"":644,""t"":580},{""x"":267,""y"":644,""t"":640},{""x"":269,""y"":657,""t"":657},{""x"":310,""y"":597,""t"":721},{""x"":354,""y"":543,""t"":788},{""x"":351,""y"":534,""t"":817},{""x"":352,""y"":499,""t"":879},{""x"":322,""y"":460,""t"":893},{""x"":284,""y"":464,""t"":957},{""x"":274,""y"":453,""t"":1005},{""x"":306,""y"":430,""t"":1021},{""x"":306,""y"":460,""t"":1081},{""x"":333,""y"":462,""t"":1097},{""x"":325,""y"":474,""t"":1141},{""x"":302,""y"":486,""t"":1179},{""x"":353,""y"":447,""t"":1220},{""x"":423,""y"":422,""t"":1259},{""x"":437,""y"":418,""t"":1321},{""x"":419,""y"":441,""t"":1339},{""x"":454,""y"":425,""t"":1398},{""x"":481,""y"":423,""t"":1450},{""x"":504,""y"":422,""t"":1465},{""x"":517,""y"":441,""t"":1526},{""x"":518,""y"":396,""t"":1542},{""x"":468,""y"":405,""t"":1584},{""x"":449,""y"":391,""t"":1623},{""x"":428,""y"":366,""t"":1661},{""x"":403,""y"":362,""t"":1701},{""x"":452,""y"":364,""t"":1763},{""x"":494,""y"":366,""t"":1778},{""x"":597,""y"":362,""t"":1841},{""x"":714,""y"":358,""t"":1892},{""x"":810,""y"":355,""t"":1907},{""x"":906,""y"":340,""t"":1968},{""x"":974,""y"":330,""t"":1984},{""x"":1070,""y"":333,""t"":2045},{""x"":1101,""y"":345,""t"":2093},{""x"":1120,""y"":353,""t"":2108},{""x"":1146,""y"":348,""t"":2169},{""x"":1184,""y"":356,""t"":2186},{""x"":1201,""y"":366,""t"":2246},{""x"":1249,""y"":421,""t"":2297},{""x"":1236,""y"":442,""t"":2313},{""x"":1227,""y"":466,""t"":2378},{""x"":1249,""y"":506,""t"":2393},{""x"":1254,""y"":500,""t"":2434},{""x"":1200,""y"":497,""t"":2472},{""x"":1152,""y"":484,""t"":2512},{""x"":1165,""y"":472,""t"":2549},{""x"":1152,""y"":453,""t"":2589},{""x"":1111,""y"":401,""t"":2653},{""x"":1107,""y"":376,""t"":2702},{""x"":1105,""y"":355,""t"":2721},{""x"":1085,""y"":352,""t"":2781},{""x"":1110,""y"":354,""t"":2796},{""x"":1073,""y"":324,""t"":2861},{""x"":906,""y"":323,""t"":2923},{""x"":740,""y"":352,""t"":2940},{""x"":589,""y"":350,""t"":2980},{""x"":538,""y"":361,""t"":3017},{""x"":490,""y"":355,""t"":3056},{""x"":402,""y"":400,""t"":3094},{""x"":345,""y"":417,""t"":3157},{""x"":321,""y"":412,""t"":3172},{""x"":332,""y"":369,""t"":3233},{""x"":295,""y"":336,""t"":3280},{""x"":268,""y"":308,""t"":3299},{""x"":274,""y"":249,""t"":3360},{""x"":311,""y"":244,""t"":3379},{""x"":381,""y"":237,""t"":3421},{""x"":545,""y"":231,""t"":3458},{""x"":714,""y"":236,""t"":3496},{""x"":884,""y"":259,""t"":3536},{""x"":942,""y"":261,""t"":3597},{""x"":1004,""y"":286,""t"":3614},{""x"":1074,""y"":275,""t"":3676},{""x"":1150,""y"":282,""t"":3724},{""x"":1208,""y"":288,""t"":3740},{""x"":1217,""y"":287,""t"":3804},{""x"":1217,""y"":287,""t"":3821},{""x"":1207,""y"":306,""t"":3884},{""x"":1231,""y"":293,""t"":3931},{""x"":1248,""y"":280,""t"":3945},{""x"":1239,""y"":286,""t"":4004},{""x"":1231,""y"":279,""t"":4020},{""x"":1210,""y"":276,""t"":4083},{""x"":1193,""y"":299,""t"":4132},{""x"":1173,""y"":321,""t"":4149},{""x"":1145,""y"":337,""t"":4211},{""x"":1077,""y"":343,""t"":4227},{""x"":1062,""y"":344,""t"":4289},{""x"":1033,""y"":357,""t"":4337},{""x"":1083,""y"":376,""t"":4352},{""x"":935,""y"":387,""t"":4416},{""x"":801,""y"":384,""t"":4432},{""x"":669,""y"":404,""t"":4493},{""x"":569,""y"":394,""t"":4543},{""x"":490,""y"":384,""t"":4558},{""x"":454,""y"":369,""t"":4620},{""x"":430,""y"":357,""t"":4634},{""x"":373,""y"":365,""t"":4697},{""x"":345,""y"":370,""t"":4746},{""x"":328,""y"":374,""t"":4762},{""x"":308,""y"":365,""t"":4822},{""x"":296,""y"":356,""t"":4836},{""x"":297,""y"":363,""t"":4901},{""x"":328,""y"":382,""t"":4954},{""x"":358,""y"":399,""t"":4968},{""x"":359,""y"":390,""t"":5033},{""x"":375,""y"":377,""t"":5081},{""x"":390,""y"":366,""t"":5101},{""x"":429,""y"":338,""t"":5164},{""x"":476,""y"":318,""t"":5179},{""x"":493,""y"":314,""t"":5241},{""x"":476,""y"":321,""t"":5289},{""x"":470,""y"":299,""t"":5307},{""x"":507,""y"":300,""t"":5368},{""x"":525,""y"":298,""t"":5385},{""x"":521,""y"":303,""t"":5425},{""x"":523,""y"":303,""t"":5463},{""x"":495,""y"":344,""t"":5504},{""x"":454,""y"":323,""t"":5543},{""x"":443,""y"":315,""t"":5605},{""x"":448,""y"":306,""t"":5622},{""x"":429,""y"":350,""t"":5686},{""x"":406,""y"":355,""t"":5713},{""x"":377,""y"":345,""t"":5775}]",0,0.834936150727969,0.16506384927203085,pt_b-last_b-longer,0
62-alternatives,0,12,exp_50,0.0,170.89999999850988,0.49,0.32,6.9,8.2,higher_p,higher_m,0,1,alternatives,0.0,False,3.381,2.624,0.7570000000000006,1.036467850950877,0.6,0.4,0.5,0.5,0.0,0.0,higher_p,higher_p,True,"{""durations"":[1000,1500,1000,1500],""alternatives"":[1,0,1,0],""attributes"":[""all"",""all"",""all"",""all""]}","[{""x"":489,""y"":274,""t"":-43},{""x"":504,""y"":282,""t"":0},{""x"":534,""y"":280,""t"":70},{""x"":560,""y"":268,""t"":141},{""x"":550,""y"":269,""t"":194},{""x"":559,""y"":270,""t"":210},{""x"":559,""y"":258,""t"":272},{""x"":570,""y"":235,""t"":325},{""x"":578,""y"":232,""t"":340},{""x"":533,""y"":257,""t"":401},{""x"":542,""y"":263,""t"":418},{""x"":499,""y"":280,""t"":480},{""x"":483,""y"":305,""t"":531},{""x"":470,""y"":327,""t"":546},{""x"":446,""y"":332,""t"":610},{""x"":427,""y"":336,""t"":625},{""x"":394,""y"":347,""t"":688},{""x"":427,""y"":350,""t"":749},{""x"":441,""y"":346,""t"":800},{""x"":451,""y"":348,""t"":818},{""x"":504,""y"":346,""t"":879},{""x"":549,""y"":344,""t"":894},{""x"":551,""y"":323,""t"":958},{""x"":504,""y"":311,""t"":1009},{""x"":491,""y"":299,""t"":1026},{""x"":472,""y"":296,""t"":1090},{""x"":521,""y"":286,""t"":1137},{""x"":549,""y"":285,""t"":1156},{""x"":543,""y"":260,""t"":1218},{""x"":485,""y"":247,""t"":1233},{""x"":466,""y"":242,""t"":1296},{""x"":533,""y"":282,""t"":1346},{""x"":643,""y"":282,""t"":1361},{""x"":773,""y"":324,""t"":1428},{""x"":870,""y"":356,""t"":1446},{""x"":947,""y"":373,""t"":1492},{""x"":985,""y"":361,""t"":1538},{""x"":1022,""y"":357,""t"":1605},{""x"":1064,""y"":393,""t"":1634},{""x"":1105,""y"":348,""t"":1696},{""x"":1176,""y"":333,""t"":1714},{""x"":1147,""y"":304,""t"":1756},{""x"":1176,""y"":280,""t"":1795},{""x"":1205,""y"":265,""t"":1836},{""x"":1273,""y"":254,""t"":1875},{""x"":1286,""y"":255,""t"":1936},{""x"":1278,""y"":215,""t"":1953},{""x"":1223,""y"":213,""t"":1992},{""x"":1067,""y"":238,""t"":2032},{""x"":911,""y"":242,""t"":2072},{""x"":775,""y"":251,""t"":2109},{""x"":654,""y"":255,""t"":2171},{""x"":556,""y"":259,""t"":2188},{""x"":475,""y"":270,""t"":2251},{""x"":408,""y"":262,""t"":2279},{""x"":374,""y"":268,""t"":2342},{""x"":361,""y"":277,""t"":2357},{""x"":366,""y"":241,""t"":2421},{""x"":405,""y"":221,""t"":2448},{""x"":430,""y"":207,""t"":2509},{""x"":455,""y"":195,""t"":2522},{""x"":448,""y"":161,""t"":2588},{""x"":421,""y"":187,""t"":2635},{""x"":408,""y"":208,""t"":2653},{""x"":447,""y"":214,""t"":2718},{""x"":463,""y"":203,""t"":2733},{""x"":484,""y"":208,""t"":2776},{""x"":467,""y"":233,""t"":2817},{""x"":457,""y"":239,""t"":2855},{""x"":449,""y"":221,""t"":2895},{""x"":425,""y"":265,""t"":2965},{""x"":444,""y"":284,""t"":2994},{""x"":463,""y"":313,""t"":3058},{""x"":502,""y"":337,""t"":3076},{""x"":497,""y"":354,""t"":3116},{""x"":514,""y"":348,""t"":3156},{""x"":497,""y"":353,""t"":3197},{""x"":496,""y"":328,""t"":3258},{""x"":496,""y"":296,""t"":3276},{""x"":522,""y"":281,""t"":3340},{""x"":511,""y"":259,""t"":3366},{""x"":488,""y"":240,""t"":3428},{""x"":477,""y"":210,""t"":3445},{""x"":445,""y"":193,""t"":3507},{""x"":426,""y"":175,""t"":3555},{""x"":411,""y"":161,""t"":3571},{""x"":609,""y"":170,""t"":3634},{""x"":771,""y"":178,""t"":3650},{""x"":906,""y"":201,""t"":3713},{""x"":1045,""y"":195,""t"":3760},{""x"":1161,""y"":162,""t"":3777},{""x"":1236,""y"":176,""t"":3840},{""x"":1277,""y"":195,""t"":3855},{""x"":1309,""y"":225,""t"":3896},{""x"":1289,""y"":237,""t"":3935},{""x"":1271,""y"":233,""t"":3975},{""x"":1280,""y"":225,""t"":4015},{""x"":1260,""y"":228,""t"":4079},{""x"":1257,""y"":206,""t"":4097},{""x"":1269,""y"":218,""t"":4136},{""x"":1297,""y"":218,""t"":4177},{""x"":1336,""y"":205,""t"":4217},{""x"":1360,""y"":232,""t"":4278},{""x"":1381,""y"":229,""t"":4291},{""x"":1318,""y"":232,""t"":4358},{""x"":1282,""y"":209,""t"":4388},{""x"":1258,""y"":213,""t"":4458},{""x"":1240,""y"":208,""t"":4506},{""x"":1231,""y"":180,""t"":4524},{""x"":1205,""y"":179,""t"":4585},{""x"":1184,""y"":179,""t"":4602},{""x"":1181,""y"":194,""t"":4664},{""x"":1129,""y"":196,""t"":4713},{""x"":1086,""y"":197,""t"":4729},{""x"":1082,""y"":198,""t"":4790},{""x"":1081,""y"":199,""t"":4806},{""x"":1058,""y"":203,""t"":4867},{""x"":1081,""y"":232,""t"":4915},{""x"":1127,""y"":249,""t"":4932},{""x"":1097,""y"":256,""t"":4993},{""x"":1073,""y"":261,""t"":5010},{""x"":1074,""y"":244,""t"":5073},{""x"":1084,""y"":231,""t"":5101},{""x"":1083,""y"":243,""t"":5162},{""x"":1070,""y"":270,""t"":5182},{""x"":1076,""y"":263,""t"":5245},{""x"":1115,""y"":268,""t"":5294},{""x"":1136,""y"":247,""t"":5311},{""x"":1186,""y"":233,""t"":5373},{""x"":1164,""y"":223,""t"":5433},{""x"":1130,""y"":244,""t"":5450},{""x"":1137,""y"":249,""t"":5512},{""x"":1081,""y"":251,""t"":5563},{""x"":1033,""y"":252,""t"":5581},{""x"":991,""y"":225,""t"":5643},{""x"":906,""y"":211,""t"":5658},{""x"":888,""y"":216,""t"":5700},{""x"":886,""y"":210,""t"":5739}]",1,0.8708699579101228,0.12913004208987724,pt_b-last_b-longer,0
62-alternatives,0,15,exp_42,1.0,224.20000000298023,0.81,0.48,1.6999999999999995,7.9,higher_p,higher_m,0,1,alternatives,0.0,False,1.3769999999999998,3.792,-2.415,-2.2283544163938904,0.6,0.4,0.5,0.5,0.0,0.0,higher_p,higher_p,False,"{""durations"":[1000,1500,1000,1500],""alternatives"":[1,0,1,0],""attributes"":[""all"",""all"",""all"",""all""]}","[{""x"":734,""y"":528,""t"":-39},{""x"":742,""y"":585,""t"":0},{""x"":787,""y"":609,""t"":65},{""x"":805,""y"":604,""t"":107},{""x"":807,""y"":603,""t"":173},{""x"":845,""y"":572,""t"":223},{""x"":882,""y"":554,""t"":239},{""x"":817,""y"":540,""t"":299},{""x"":813,""y"":529,""t"":314},{""x"":724,""y"":479,""t"":375},{""x"":640,""y"":414,""t"":423},{""x"":577,""y"":363,""t"":443},{""x"":495,""y"":348,""t"":504},{""x"":474,""y"":304,""t"":522},{""x"":442,""y"":284,""t"":583},{""x"":454,""y"":261,""t"":634},{""x"":461,""y"":246,""t"":651},{""x"":405,""y"":263,""t"":714},{""x"":352,""y"":267,""t"":728},{""x"":367,""y"":272,""t"":771},{""x"":337,""y"":297,""t"":811},{""x"":373,""y"":307,""t"":849},{""x"":433,""y"":299,""t"":889},{""x"":450,""y"":269,""t"":951},{""x"":419,""y"":241,""t"":966},{""x"":381,""y"":247,""t"":1009},{""x"":398,""y"":227,""t"":1049},{""x"":405,""y"":206,""t"":1091},{""x"":414,""y"":205,""t"":1156},{""x"":438,""y"":194,""t"":1206},{""x"":458,""y"":186,""t"":1225},{""x"":480,""y"":176,""t"":1287},{""x"":517,""y"":178,""t"":1305},{""x"":632,""y"":205,""t"":1366},{""x"":717,""y"":215,""t"":1414},{""x"":786,""y"":224,""t"":1432},{""x"":893,""y"":271,""t"":1494},{""x"":981,""y"":311,""t"":1510},{""x"":1026,""y"":331,""t"":1573},{""x"":1058,""y"":346,""t"":1599},{""x"":1100,""y"":315,""t"":1658},{""x"":1108,""y"":274,""t"":1676},{""x"":1106,""y"":280,""t"":1738},{""x"":1115,""y"":272,""t"":1788},{""x"":1119,""y"":264,""t"":1803},{""x"":1110,""y"":259,""t"":1863},{""x"":1118,""y"":294,""t"":1881},{""x"":1127,""y"":335,""t"":1944},{""x"":1120,""y"":337,""t"":1991},{""x"":1071,""y"":330,""t"":2007},{""x"":1034,""y"":311,""t"":2069},{""x"":1002,""y"":295,""t"":2084},{""x"":892,""y"":285,""t"":2147},{""x"":728,""y"":283,""t"":2194},{""x"":619,""y"":283,""t"":2211},{""x"":468,""y"":295,""t"":2272},{""x"":370,""y"":296,""t"":2289},{""x"":332,""y"":271,""t"":2350},{""x"":300,""y"":249,""t"":2415},{""x"":235,""y"":227,""t"":2462},{""x"":215,""y"":220,""t"":2483},{""x"":231,""y"":216,""t"":2545},{""x"":234,""y"":225,""t"":2563},{""x"":236,""y"":240,""t"":2606},{""x"":248,""y"":221,""t"":2644},{""x"":220,""y"":231,""t"":2685},{""x"":222,""y"":242,""t"":2723},{""x"":236,""y"":235,""t"":2785},{""x"":214,""y"":227,""t"":2801},{""x"":214,""y"":232,""t"":2843},{""x"":256,""y"":242,""t"":2882},{""x"":306,""y"":260,""t"":2921},{""x"":360,""y"":276,""t"":2960},{""x"":381,""y"":282,""t"":3020},{""x"":414,""y"":286,""t"":3037},{""x"":415,""y"":352,""t"":3099},{""x"":438,""y"":387,""t"":3152},{""x"":444,""y"":419,""t"":3168},{""x"":422,""y"":429,""t"":3229},{""x"":418,""y"":422,""t"":3243},{""x"":455,""y"":500,""t"":3306},{""x"":513,""y"":448,""t"":3353},{""x"":575,""y"":329,""t"":3368},{""x"":566,""y"":264,""t"":3432},{""x"":568,""y"":244,""t"":3448},{""x"":583,""y"":347,""t"":3509},{""x"":566,""y"":444,""t"":3558},{""x"":557,""y"":515,""t"":3577},{""x"":577,""y"":576,""t"":3640},{""x"":588,""y"":614,""t"":3704},{""x"":632,""y"":656,""t"":3720},{""x"":725,""y"":638,""t"":3758},{""x"":835,""y"":588,""t"":3797},{""x"":926,""y"":589,""t"":3837},{""x"":999,""y"":557,""t"":3878},{""x"":1052,""y"":526,""t"":3939},{""x"":1069,""y"":493,""t"":3955},{""x"":1098,""y"":470,""t"":4018},{""x"":1063,""y"":441,""t"":4067},{""x"":1030,""y"":412,""t"":4082},{""x"":1040,""y"":402,""t"":4146},{""x"":975,""y"":399,""t"":4162},{""x"":843,""y"":419,""t"":4203},{""x"":680,""y"":419,""t"":4243},{""x"":588,""y"":418,""t"":4282},{""x"":505,""y"":389,""t"":4322},{""x"":449,""y"":395,""t"":4385},{""x"":405,""y"":375,""t"":4400},{""x"":362,""y"":364,""t"":4440},{""x"":358,""y"":359,""t"":4479},{""x"":280,""y"":367,""t"":4518},{""x"":273,""y"":375,""t"":4557},{""x"":316,""y"":368,""t"":4620},{""x"":323,""y"":345,""t"":4634},{""x"":340,""y"":319,""t"":4696},{""x"":368,""y"":305,""t"":4747},{""x"":393,""y"":295,""t"":4761},{""x"":430,""y"":289,""t"":4824},{""x"":455,""y"":248,""t"":4840},{""x"":487,""y"":219,""t"":4903},{""x"":513,""y"":196,""t"":4931},{""x"":519,""y"":208,""t"":4992},{""x"":523,""y"":219,""t"":5008},{""x"":516,""y"":218,""t"":5070},{""x"":520,""y"":219,""t"":5100},{""x"":525,""y"":231,""t"":5161},{""x"":512,""y"":259,""t"":5180},{""x"":484,""y"":273,""t"":5241},{""x"":442,""y"":270,""t"":5292},{""x"":459,""y"":277,""t"":5312},{""x"":462,""y"":260,""t"":5375},{""x"":461,""y"":281,""t"":5426},{""x"":440,""y"":286,""t"":5442},{""x"":450,""y"":293,""t"":5510},{""x"":449,""y"":277,""t"":5556},{""x"":472,""y"":277,""t"":5577},{""x"":487,""y"":271,""t"":5638},{""x"":499,""y"":265,""t"":5652},{""x"":546,""y"":262,""t"":5716},{""x"":548,""y"":270,""t"":5766},{""x"":553,""y"":262,""t"":5783}]",1,0.18329374129483644,0.8167062587051634,pt_b-last_b-longer,0
62-alternatives,0,17,exp_78,0.0,440.8000000044704,0.8,0.2,4.0,6.799999999999999,higher_p,higher_m,0,1,alternatives,0.0,False,3.2,1.36,1.8400000000000003,2.151159690652763,0.4,0.6,0.5,0.5,1.0,1.0,higher_m,higher_m,True,"{""durations"":[1000,1500,1000,1500],""alternatives"":[0,1,0,1],""attributes"":[""all"",""all"",""all"",""all""]}","[{""x"":1056,""y"":329,""t"":-39},{""x"":1320,""y"":302,""t"":0},{""x"":1375,""y"":312,""t"":68},{""x"":1309,""y"":397,""t"":110},{""x"":1218,""y"":468,""t"":176},{""x"":1133,""y"":541,""t"":227},{""x"":1056,""y"":601,""t"":242},{""x"":1011,""y"":557,""t"":315},{""x"":1018,""y"":577,""t"":341},{""x"":951,""y"":482,""t"":402},{""x"":936,""y"":487,""t"":416},{""x"":892,""y"":416,""t"":482},{""x"":848,""y"":363,""t"":533},{""x"":800,""y"":385,""t"":548},{""x"":895,""y"":494,""t"":611},{""x"":1006,""y"":592,""t"":628},{""x"":1072,""y"":668,""t"":669},{""x"":1113,""y"":741,""t"":708},{""x"":1108,""y"":718,""t"":748},{""x"":1096,""y"":647,""t"":788},{""x"":1005,""y"":515,""t"":849},{""x"":981,""y"":440,""t"":866},{""x"":982,""y"":355,""t"":907},{""x"":976,""y"":314,""t"":946},{""x"":1087,""y"":324,""t"":987},{""x"":1152,""y"":348,""t"":1051},{""x"":1187,""y"":372,""t"":1068},{""x"":1128,""y"":395,""t"":1110},{""x"":1086,""y"":426,""t"":1155},{""x"":1050,""y"":453,""t"":1195},{""x"":1090,""y"":466,""t"":1260},{""x"":1116,""y"":512,""t"":1311},{""x"":1108,""y"":542,""t"":1327},{""x"":930,""y"":547,""t"":1389},{""x"":771,""y"":522,""t"":1406},{""x"":620,""y"":472,""t"":1468},{""x"":495,""y"":425,""t"":1514},{""x"":415,""y"":411,""t"":1531},{""x"":363,""y"":393,""t"":1594},{""x"":327,""y"":378,""t"":1607},{""x"":272,""y"":356,""t"":1671},{""x"":297,""y"":374,""t"":1720},{""x"":300,""y"":373,""t"":1738},{""x"":339,""y"":389,""t"":1814},{""x"":396,""y"":367,""t"":1837},{""x"":435,""y"":333,""t"":1898},{""x"":471,""y"":305,""t"":1914},{""x"":482,""y"":254,""t"":1976},{""x"":489,""y"":254,""t"":2025},{""x"":498,""y"":258,""t"":2041},{""x"":528,""y"":252,""t"":2103},{""x"":541,""y"":267,""t"":2118},{""x"":512,""y"":249,""t"":2172},{""x"":487,""y"":235,""t"":2216},{""x"":508,""y"":243,""t"":2289},{""x"":521,""y"":249,""t"":2313},{""x"":482,""y"":242,""t"":2381},{""x"":463,""y"":326,""t"":2439},{""x"":435,""y"":358,""t"":2461},{""x"":450,""y"":394,""t"":2524},{""x"":512,""y"":426,""t"":2588},{""x"":568,""y"":455,""t"":2641},{""x"":615,""y"":478,""t"":2656},{""x"":558,""y"":474,""t"":2718},{""x"":580,""y"":526,""t"":2734},{""x"":731,""y"":458,""t"":2796},{""x"":865,""y"":428,""t"":2855},{""x"":920,""y"":377,""t"":2871},{""x"":975,""y"":344,""t"":2913},{""x"":1057,""y"":324,""t"":2953},{""x"":1118,""y"":296,""t"":2992},{""x"":1146,""y"":300,""t"":3053},{""x"":1166,""y"":295,""t"":3069},{""x"":1174,""y"":289,""t"":3131},{""x"":1192,""y"":326,""t"":3181},{""x"":1193,""y"":360,""t"":3197},{""x"":1196,""y"":383,""t"":3259},{""x"":1159,""y"":391,""t"":3274},{""x"":1146,""y"":426,""t"":3338},{""x"":1143,""y"":529,""t"":3385},{""x"":1197,""y"":609,""t"":3401},{""x"":1094,""y"":554,""t"":3464},{""x"":1022,""y"":441,""t"":3478},{""x"":919,""y"":413,""t"":3541},{""x"":895,""y"":485,""t"":3593},{""x"":876,""y"":537,""t"":3608},{""x"":827,""y"":551,""t"":3669},{""x"":764,""y"":570,""t"":3685},{""x"":743,""y"":568,""t"":3747},{""x"":722,""y"":549,""t"":3796},{""x"":689,""y"":532,""t"":3810},{""x"":667,""y"":502,""t"":3873},{""x"":665,""y"":478,""t"":3888},{""x"":645,""y"":505,""t"":3952},{""x"":641,""y"":503,""t"":3999},{""x"":654,""y"":478,""t"":4016},{""x"":688,""y"":417,""t"":4077},{""x"":754,""y"":397,""t"":4092},{""x"":849,""y"":380,""t"":4155},{""x"":882,""y"":361,""t"":4183},{""x"":933,""y"":363,""t"":4243},{""x"":977,""y"":373,""t"":4259},{""x"":983,""y"":391,""t"":4321},{""x"":981,""y"":383,""t"":4392},{""x"":974,""y"":366,""t"":4421},{""x"":974,""y"":350,""t"":4478},{""x"":1029,""y"":375,""t"":4516},{""x"":995,""y"":389,""t"":4553},{""x"":1010,""y"":393,""t"":4591},{""x"":975,""y"":384,""t"":4655},{""x"":951,""y"":397,""t"":4670},{""x"":926,""y"":389,""t"":4733},{""x"":962,""y"":463,""t"":4782},{""x"":961,""y"":446,""t"":4797},{""x"":984,""y"":444,""t"":4861},{""x"":962,""y"":410,""t"":4875},{""x"":918,""y"":416,""t"":4939},{""x"":920,""y"":407,""t"":4986},{""x"":898,""y"":415,""t"":5002},{""x"":830,""y"":402,""t"":5062},{""x"":784,""y"":400,""t"":5078},{""x"":779,""y"":396,""t"":5120},{""x"":788,""y"":419,""t"":5159},{""x"":852,""y"":413,""t"":5199},{""x"":878,""y"":389,""t"":5236},{""x"":866,""y"":399,""t"":5297},{""x"":856,""y"":407,""t"":5313},{""x"":893,""y"":386,""t"":5375},{""x"":905,""y"":379,""t"":5426},{""x"":915,""y"":374,""t"":5442},{""x"":946,""y"":360,""t"":5503},{""x"":959,""y"":336,""t"":5519},{""x"":979,""y"":321,""t"":5562},{""x"":956,""y"":290,""t"":5601},{""x"":941,""y"":303,""t"":5639},{""x"":917,""y"":289,""t"":5676},{""x"":910,""y"":293,""t"":5717},{""x"":928,""y"":302,""t"":5777},{""x"":943,""y"":311,""t"":5792},{""x"":940,""y"":295,""t"":5853},{""x"":893,""y"":303,""t"":5902},{""x"":845,""y"":300,""t"":5917},{""x"":796,""y"":290,""t"":5982}]",0,0.9997957015013574,0.0002042984986425967,pt_b-last_b-longer,0
62-alternatives,0,19,catch_8,1.0,348.20000000298023,0.22,0.32,3.7,5.0,dominated,dominant,1,1,alternatives,0.0,False,0.8140000000000001,1.6,-0.786,-0.5516849732965937,0.5,0.5,0.5,0.5,,1.0,,dominant,True,"{""durations"":[1250,1250,1250,1250],""attributes"":[""all"",""all"",""all"",""all""],""alternatives"":[0,1,0,1]}","[{""x"":720,""y"":431,""t"":-17},{""x"":708,""y"":397,""t"":0},{""x"":729,""y"":373,""t"":72},{""x"":737,""y"":355,""t"":144},{""x"":755,""y"":355,""t"":170},{""x"":716,""y"":307,""t"":233},{""x"":694,""y"":286,""t"":248},{""x"":693,""y"":305,""t"":312},{""x"":714,""y"":298,""t"":358},{""x"":733,""y"":293,""t"":375},{""x"":848,""y"":266,""t"":436},{""x"":929,""y"":267,""t"":452},{""x"":1012,""y"":289,""t"":514},{""x"":1118,""y"":273,""t"":560},{""x"":1204,""y"":260,""t"":579},{""x"":1223,""y"":314,""t"":638},{""x"":1251,""y"":379,""t"":652},{""x"":1232,""y"":395,""t"":713},{""x"":1222,""y"":414,""t"":729},{""x"":1190,""y"":407,""t"":771},{""x"":1277,""y"":374,""t"":810},{""x"":1268,""y"":358,""t"":850},{""x"":1271,""y"":378,""t"":890},{""x"":1254,""y"":360,""t"":951},{""x"":1238,""y"":323,""t"":967},{""x"":1182,""y"":301,""t"":1010},{""x"":1180,""y"":328,""t"":1047},{""x"":1240,""y"":335,""t"":1089},{""x"":1225,""y"":322,""t"":1149},{""x"":1211,""y"":310,""t"":1164},{""x"":1154,""y"":301,""t"":1226},{""x"":1201,""y"":297,""t"":1277},{""x"":1242,""y"":295,""t"":1294},{""x"":1233,""y"":296,""t"":1354},{""x"":1199,""y"":301,""t"":1371},{""x"":1016,""y"":288,""t"":1432},{""x"":821,""y"":298,""t"":1484},{""x"":658,""y"":308,""t"":1500},{""x"":560,""y"":257,""t"":1562},{""x"":411,""y"":200,""t"":1576},{""x"":304,""y"":187,""t"":1638},{""x"":279,""y"":159,""t"":1666},{""x"":253,""y"":165,""t"":1721},{""x"":259,""y"":180,""t"":1767},{""x"":277,""y"":181,""t"":1807},{""x"":294,""y"":196,""t"":1869},{""x"":308,""y"":193,""t"":1885},{""x"":353,""y"":218,""t"":1925},{""x"":326,""y"":267,""t"":1962},{""x"":378,""y"":296,""t"":2000},{""x"":401,""y"":306,""t"":2042},{""x"":422,""y"":313,""t"":2103},{""x"":440,""y"":316,""t"":2119},{""x"":446,""y"":319,""t"":2182},{""x"":472,""y"":313,""t"":2227},{""x"":494,""y"":307,""t"":2244},{""x"":449,""y"":297,""t"":2305},{""x"":470,""y"":289,""t"":2322},{""x"":488,""y"":282,""t"":2384},{""x"":450,""y"":261,""t"":2435},{""x"":417,""y"":244,""t"":2453},{""x"":416,""y"":267,""t"":2516},{""x"":416,""y"":242,""t"":2565},{""x"":418,""y"":244,""t"":2585},{""x"":426,""y"":249,""t"":2644},{""x"":413,""y"":255,""t"":2658},{""x"":413,""y"":254,""t"":2723},{""x"":405,""y"":256,""t"":2771},{""x"":411,""y"":246,""t"":2789},{""x"":488,""y"":249,""t"":2851},{""x"":554,""y"":252,""t"":2866},{""x"":713,""y"":267,""t"":2930},{""x"":822,""y"":268,""t"":2958},{""x"":914,""y"":272,""t"":3027},{""x"":1025,""y"":284,""t"":3088},{""x"":1112,""y"":294,""t"":3104},{""x"":1221,""y"":294,""t"":3166},{""x"":1237,""y"":295,""t"":3215},{""x"":1257,""y"":308,""t"":3232},{""x"":1227,""y"":301,""t"":3293},{""x"":1228,""y"":278,""t"":3310},{""x"":1208,""y"":345,""t"":3371},{""x"":1096,""y"":307,""t"":3421},{""x"":997,""y"":273,""t"":3436},{""x"":936,""y"":321,""t"":3497},{""x"":886,""y"":362,""t"":3513},{""x"":838,""y"":396,""t"":3575},{""x"":829,""y"":423,""t"":3639},{""x"":821,""y"":418,""t"":3691},{""x"":820,""y"":406,""t"":3707},{""x"":870,""y"":394,""t"":3768},{""x"":829,""y"":373,""t"":3790},{""x"":726,""y"":359,""t"":3833},{""x"":612,""y"":342,""t"":3872},{""x"":518,""y"":304,""t"":3911},{""x"":485,""y"":254,""t"":3973},{""x"":416,""y"":242,""t"":3988},{""x"":386,""y"":243,""t"":4051},{""x"":365,""y"":243,""t"":4080},{""x"":346,""y"":243,""t"":4143},{""x"":333,""y"":244,""t"":4158},{""x"":329,""y"":271,""t"":4221},{""x"":311,""y"":279,""t"":4267},{""x"":312,""y"":266,""t"":4285},{""x"":358,""y"":290,""t"":4348},{""x"":400,""y"":311,""t"":4363},{""x"":421,""y"":305,""t"":4426},{""x"":460,""y"":337,""t"":4476},{""x"":467,""y"":371,""t"":4492},{""x"":476,""y"":349,""t"":4555},{""x"":510,""y"":321,""t"":4569},{""x"":516,""y"":287,""t"":4609},{""x"":533,""y"":280,""t"":4648},{""x"":516,""y"":272,""t"":4692},{""x"":501,""y"":267,""t"":4731},{""x"":487,""y"":264,""t"":4792},{""x"":479,""y"":274,""t"":4806},{""x"":501,""y"":260,""t"":4869},{""x"":469,""y"":241,""t"":4917},{""x"":439,""y"":231,""t"":4930},{""x"":466,""y"":233,""t"":4991},{""x"":468,""y"":241,""t"":5008},{""x"":489,""y"":232,""t"":5072},{""x"":456,""y"":245,""t"":5121},{""x"":428,""y"":225,""t"":5137},{""x"":467,""y"":229,""t"":5200},{""x"":501,""y"":239,""t"":5216},{""x"":482,""y"":237,""t"":5257},{""x"":464,""y"":219,""t"":5296},{""x"":461,""y"":237,""t"":5335},{""x"":505,""y"":247,""t"":5374},{""x"":519,""y"":235,""t"":5437},{""x"":524,""y"":226,""t"":5456},{""x"":518,""y"":208,""t"":5517},{""x"":520,""y"":220,""t"":5566},{""x"":521,""y"":231,""t"":5581},{""x"":522,""y"":236,""t"":5642},{""x"":509,""y"":210,""t"":5658},{""x"":486,""y"":200,""t"":5722},{""x"":471,""y"":188,""t"":5746},{""x"":479,""y"":212,""t"":5808},{""x"":481,""y"":243,""t"":5823},{""x"":513,""y"":272,""t"":5885}]",1,0.08195928679089362,0.9180407132091064,pt_b-last_b-longer,0
62-alternatives,0,20,exp_68,0.0,177.40000000596046,0.72,0.51,4.2,5.2,higher_p,higher_m,0,1,alternatives,0.0,False,3.024,2.652,0.3719999999999999,0.6402015921464199,0.4,0.6,0.5,0.5,1.0,0.0,higher_m,higher_p,True,"{""durations"":[1500,1000,1500,1000],""alternatives"":[1,0,1,0],""attributes"":[""all"",""all"",""all"",""all""]}","[{""x"":659,""y"":459,""t"":-19},{""x"":747,""y"":502,""t"":0},{""x"":819,""y"":499,""t"":62},{""x"":819,""y"":513,""t"":83},{""x"":855,""y"":504,""t"":157},{""x"":904,""y"":486,""t"":201},{""x"":936,""y"":451,""t"":241},{""x"":927,""y"":440,""t"":305},{""x"":935,""y"":433,""t"":319},{""x"":1081,""y"":397,""t"":360},{""x"":1155,""y"":401,""t"":401},{""x"":1133,""y"":357,""t"":439},{""x"":1199,""y"":338,""t"":477},{""x"":1238,""y"":317,""t"":540},{""x"":1239,""y"":297,""t"":555},{""x"":1264,""y"":334,""t"":618},{""x"":1268,""y"":375,""t"":647},{""x"":1325,""y"":392,""t"":707},{""x"":1360,""y"":404,""t"":722},{""x"":1400,""y"":360,""t"":786},{""x"":1470,""y"":329,""t"":837},{""x"":1477,""y"":296,""t"":851},{""x"":1448,""y"":303,""t"":912},{""x"":1418,""y"":310,""t"":929},{""x"":1418,""y"":289,""t"":989},{""x"":1371,""y"":259,""t"":1036},{""x"":1335,""y"":249,""t"":1055},{""x"":1328,""y"":249,""t"":1115},{""x"":1330,""y"":255,""t"":1130},{""x"":1303,""y"":262,""t"":1191},{""x"":1250,""y"":261,""t"":1245},{""x"":1193,""y"":246,""t"":1259},{""x"":1155,""y"":247,""t"":1322},{""x"":1175,""y"":299,""t"":1337},{""x"":1164,""y"":289,""t"":1399},{""x"":1174,""y"":295,""t"":1450},{""x"":1180,""y"":279,""t"":1467},{""x"":1189,""y"":274,""t"":1528},{""x"":1217,""y"":303,""t"":1545},{""x"":1203,""y"":306,""t"":1587},{""x"":1214,""y"":336,""t"":1625},{""x"":1237,""y"":350,""t"":1665},{""x"":1268,""y"":378,""t"":1704},{""x"":1264,""y"":344,""t"":1764},{""x"":1249,""y"":342,""t"":1779},{""x"":1091,""y"":306,""t"":1841},{""x"":952,""y"":286,""t"":1888},{""x"":873,""y"":279,""t"":1905},{""x"":752,""y"":247,""t"":1968},{""x"":648,""y"":242,""t"":1982},{""x"":555,""y"":220,""t"":2045},{""x"":513,""y"":215,""t"":2097},{""x"":469,""y"":233,""t"":2111},{""x"":462,""y"":270,""t"":2172},{""x"":465,""y"":300,""t"":2187},{""x"":473,""y"":287,""t"":2250},{""x"":493,""y"":274,""t"":2300},{""x"":514,""y"":262,""t"":2316},{""x"":493,""y"":245,""t"":2377},{""x"":502,""y"":229,""t"":2393},{""x"":543,""y"":236,""t"":2455},{""x"":564,""y"":230,""t"":2483},{""x"":577,""y"":225,""t"":2550},{""x"":568,""y"":229,""t"":2600},{""x"":568,""y"":243,""t"":2618},{""x"":582,""y"":250,""t"":2680},{""x"":548,""y"":230,""t"":2694},{""x"":539,""y"":284,""t"":2757},{""x"":542,""y"":316,""t"":2810},{""x"":546,""y"":325,""t"":2824},{""x"":540,""y"":356,""t"":2883},{""x"":549,""y"":355,""t"":2899},{""x"":701,""y"":365,""t"":2967},{""x"":830,""y"":383,""t"":3014},{""x"":961,""y"":410,""t"":3027},{""x"":1071,""y"":424,""t"":3088},{""x"":1194,""y"":456,""t"":3104},{""x"":1241,""y"":431,""t"":3165},{""x"":1322,""y"":381,""t"":3216},{""x"":1374,""y"":349,""t"":3231},{""x"":1397,""y"":330,""t"":3293},{""x"":1408,""y"":314,""t"":3309},{""x"":1441,""y"":292,""t"":3371},{""x"":1450,""y"":284,""t"":3420},{""x"":1451,""y"":251,""t"":3435},{""x"":1436,""y"":237,""t"":3499},{""x"":1432,""y"":206,""t"":3514},{""x"":1380,""y"":187,""t"":3577},{""x"":1340,""y"":153,""t"":3605},{""x"":1262,""y"":260,""t"":3672},{""x"":1139,""y"":221,""t"":3686},{""x"":968,""y"":207,""t"":3729},{""x"":818,""y"":250,""t"":3767},{""x"":742,""y"":362,""t"":3804},{""x"":660,""y"":483,""t"":3842},{""x"":606,""y"":520,""t"":3902},{""x"":560,""y"":543,""t"":3916},{""x"":495,""y"":587,""t"":3981},{""x"":457,""y"":617,""t"":4029},{""x"":459,""y"":594,""t"":4047},{""x"":438,""y"":541,""t"":4111},{""x"":464,""y"":484,""t"":4127},{""x"":422,""y"":491,""t"":4189},{""x"":442,""y"":472,""t"":4237},{""x"":453,""y"":461,""t"":4252},{""x"":439,""y"":445,""t"":4314},{""x"":429,""y"":432,""t"":4328},{""x"":424,""y"":425,""t"":4391},{""x"":446,""y"":440,""t"":4443},{""x"":449,""y"":424,""t"":4459},{""x"":481,""y"":419,""t"":4521},{""x"":488,""y"":384,""t"":4538},{""x"":497,""y"":386,""t"":4578},{""x"":509,""y"":369,""t"":4616},{""x"":531,""y"":348,""t"":4656},{""x"":535,""y"":356,""t"":4696},{""x"":563,""y"":350,""t"":4765},{""x"":624,""y"":352,""t"":4813},{""x"":645,""y"":314,""t"":4829},{""x"":648,""y"":310,""t"":4889},{""x"":642,""y"":297,""t"":4906},{""x"":632,""y"":278,""t"":4968},{""x"":655,""y"":285,""t"":5018},{""x"":615,""y"":287,""t"":5035},{""x"":640,""y"":258,""t"":5096},{""x"":666,""y"":259,""t"":5112},{""x"":644,""y"":256,""t"":5156},{""x"":630,""y"":257,""t"":5194},{""x"":653,""y"":279,""t"":5233},{""x"":657,""y"":299,""t"":5273},{""x"":651,""y"":298,""t"":5337},{""x"":725,""y"":322,""t"":5352},{""x"":753,""y"":343,""t"":5393},{""x"":774,""y"":354,""t"":5430},{""x"":833,""y"":360,""t"":5466},{""x"":830,""y"":350,""t"":5505},{""x"":825,""y"":342,""t"":5545},{""x"":883,""y"":350,""t"":5605},{""x"":931,""y"":356,""t"":5620},{""x"":946,""y"":357,""t"":5684},{""x"":932,""y"":336,""t"":5751}]",0,0.9374980939692021,0.06250190603079797,pt_b-last_b-longer,0
62-alternatives,0,21,exp_10,0.0,275.3999999985099,0.7,0.29,1.7999999999999998,5.0,higher_p,higher_m,0,1,alternatives,0.0,False,1.2599999999999998,1.45,-0.1900000000000001,0.0617557805929019,0.6,0.4,0.5,0.5,0.0,0.0,higher_p,higher_p,True,"{""durations"":[1000,1500,1000,1500],""alternatives"":[1,0,1,0],""attributes"":[""all"",""all"",""all"",""all""]}","[{""x"":878,""y"":306,""t"":-16},{""x"":870,""y"":316,""t"":0},{""x"":851,""y"":308,""t"":64},{""x"":863,""y"":293,""t"":81},{""x"":869,""y"":266,""t"":142},{""x"":853,""y"":264,""t"":195},{""x"":857,""y"":242,""t"":237},{""x"":860,""y"":222,""t"":278},{""x"":879,""y"":221,""t"":342},{""x"":990,""y"":238,""t"":395},{""x"":1097,""y"":246,""t"":410},{""x"":1129,""y"":247,""t"":473},{""x"":1209,""y"":264,""t"":490},{""x"":1202,""y"":276,""t"":529},{""x"":1234,""y"":324,""t"":569},{""x"":1277,""y"":345,""t"":610},{""x"":1310,""y"":365,""t"":647},{""x"":1351,""y"":388,""t"":710},{""x"":1342,""y"":379,""t"":725},{""x"":1346,""y"":405,""t"":788},{""x"":1372,""y"":387,""t"":837},{""x"":1395,""y"":354,""t"":853},{""x"":1400,""y"":373,""t"":914},{""x"":1401,""y"":390,""t"":930},{""x"":1351,""y"":331,""t"":993},{""x"":1322,""y"":300,""t"":1021},{""x"":1287,""y"":273,""t"":1083},{""x"":1263,""y"":267,""t"":1098},{""x"":1265,""y"":224,""t"":1161},{""x"":1252,""y"":206,""t"":1212},{""x"":1266,""y"":170,""t"":1226},{""x"":1100,""y"":152,""t"":1289},{""x"":951,""y"":139,""t"":1305},{""x"":862,""y"":165,""t"":1346},{""x"":745,""y"":172,""t"":1386},{""x"":634,""y"":183,""t"":1424},{""x"":574,""y"":199,""t"":1464},{""x"":526,""y"":207,""t"":1525},{""x"":467,""y"":225,""t"":1543},{""x"":424,""y"":177,""t"":1605},{""x"":395,""y"":136,""t"":1633},{""x"":399,""y"":191,""t"":1694},{""x"":408,""y"":240,""t"":1709},{""x"":393,""y"":273,""t"":1772},{""x"":380,""y"":302,""t"":1821},{""x"":405,""y"":329,""t"":1837},{""x"":422,""y"":336,""t"":1901},{""x"":474,""y"":325,""t"":1917},{""x"":466,""y"":366,""t"":1961},{""x"":534,""y"":380,""t"":2000},{""x"":591,""y"":377,""t"":2051},{""x"":633,""y"":363,""t"":2112},{""x"":677,""y"":321,""t"":2162},{""x"":724,""y"":286,""t"":2178},{""x"":713,""y"":267,""t"":2242},{""x"":704,""y"":251,""t"":2257},{""x"":740,""y"":247,""t"":2299},{""x"":744,""y"":231,""t"":2335},{""x"":733,""y"":247,""t"":2373},{""x"":721,""y"":245,""t"":2412},{""x"":692,""y"":238,""t"":2454},{""x"":716,""y"":248,""t"":2514},{""x"":709,""y"":247,""t"":2531},{""x"":782,""y"":237,""t"":2573},{""x"":872,""y"":251,""t"":2611},{""x"":996,""y"":274,""t"":2651},{""x"":1122,""y"":310,""t"":2690},{""x"":1180,""y"":317,""t"":2752},{""x"":1237,""y"":344,""t"":2766},{""x"":1247,""y"":312,""t"":2830},{""x"":1310,""y"":313,""t"":2858},{""x"":1346,""y"":317,""t"":2919},{""x"":1383,""y"":324,""t"":2936},{""x"":1353,""y"":316,""t"":3000},{""x"":1363,""y"":340,""t"":3048},{""x"":1361,""y"":329,""t"":3064},{""x"":1330,""y"":303,""t"":3127},{""x"":1362,""y"":311,""t"":3143},{""x"":1368,""y"":300,""t"":3182},{""x"":1377,""y"":274,""t"":3223},{""x"":1374,""y"":295,""t"":3260},{""x"":1354,""y"":270,""t"":3298},{""x"":1353,""y"":247,""t"":3338},{""x"":1348,""y"":254,""t"":3402},{""x"":1309,""y"":301,""t"":3450},{""x"":1275,""y"":342,""t"":3468},{""x"":1269,""y"":369,""t"":3531},{""x"":1207,""y"":381,""t"":3547},{""x"":1208,""y"":411,""t"":3612},{""x"":1124,""y"":403,""t"":3656},{""x"":1082,""y"":414,""t"":3673},{""x"":973,""y"":401,""t"":3736},{""x"":883,""y"":390,""t"":3751},{""x"":757,""y"":357,""t"":3814},{""x"":710,""y"":362,""t"":3863},{""x"":670,""y"":381,""t"":3878},{""x"":625,""y"":342,""t"":3941},{""x"":590,""y"":310,""t"":3955},{""x"":565,""y"":274,""t"":3998},{""x"":517,""y"":263,""t"":4037},{""x"":507,""y"":231,""t"":4077},{""x"":541,""y"":212,""t"":4116},{""x"":556,""y"":214,""t"":4176},{""x"":564,""y"":210,""t"":4191},{""x"":567,""y"":198,""t"":4254},{""x"":571,""y"":202,""t"":4302},{""x"":576,""y"":208,""t"":4319},{""x"":607,""y"":217,""t"":4382},{""x"":621,""y"":241,""t"":4398},{""x"":630,""y"":250,""t"":4459},{""x"":620,""y"":234,""t"":4507},{""x"":593,""y"":227,""t"":4522},{""x"":628,""y"":216,""t"":4584},{""x"":672,""y"":208,""t"":4601},{""x"":648,""y"":208,""t"":4662},{""x"":654,""y"":204,""t"":4714},{""x"":677,""y"":210,""t"":4730},{""x"":692,""y"":213,""t"":4792},{""x"":678,""y"":204,""t"":4809},{""x"":686,""y"":228,""t"":4848},{""x"":662,""y"":195,""t"":4885},{""x"":711,""y"":218,""t"":4926},{""x"":761,""y"":240,""t"":4963},{""x"":805,""y"":265,""t"":5002},{""x"":828,""y"":263,""t"":5064},{""x"":837,""y"":300,""t"":5081},{""x"":825,""y"":287,""t"":5122},{""x"":824,""y"":278,""t"":5162},{""x"":807,""y"":267,""t"":5200},{""x"":831,""y"":267,""t"":5239},{""x"":884,""y"":278,""t"":5299},{""x"":874,""y"":281,""t"":5315},{""x"":876,""y"":304,""t"":5381},{""x"":876,""y"":322,""t"":5407},{""x"":882,""y"":335,""t"":5466},{""x"":902,""y"":363,""t"":5481},{""x"":912,""y"":351,""t"":5544},{""x"":902,""y"":318,""t"":5595},{""x"":912,""y"":303,""t"":5612},{""x"":842,""y"":309,""t"":5674},{""x"":781,""y"":315,""t"":5688},{""x"":784,""y"":300,""t"":5751},{""x"":726,""y"":274,""t"":5802},{""x"":717,""y"":269,""t"":5817}]",0,0.8445579510374072,0.15544204896259278,pt_b-last_b-longer,0
62-alternatives,0,22,exp_20,1.0,281.20000000298023,0.28,0.17,4.3,8.3,higher_p,higher_m,0,1,alternatives,0.0,False,1.204,1.4110000000000005,-0.2070000000000003,0.0442583094249128,0.4,0.6,0.5,0.5,1.0,0.0,higher_m,higher_p,False,"{""durations"":[1500,1000,1500,1000],""alternatives"":[1,0,1,0],""attributes"":[""all"",""all"",""all"",""all""]}","[{""x"":700,""y"":285,""t"":-22},{""x"":702,""y"":286,""t"":0},{""x"":709,""y"":393,""t"":100},{""x"":785,""y"":445,""t"":121},{""x"":821,""y"":496,""t"":164},{""x"":822,""y"":513,""t"":204},{""x"":799,""y"":510,""t"":269},{""x"":819,""y"":510,""t"":286},{""x"":854,""y"":461,""t"":346},{""x"":877,""y"":463,""t"":396},{""x"":895,""y"":463,""t"":410},{""x"":951,""y"":452,""t"":472},{""x"":1017,""y"":439,""t"":489},{""x"":1065,""y"":410,""t"":531},{""x"":1140,""y"":385,""t"":569},{""x"":1126,""y"":361,""t"":608},{""x"":1176,""y"":364,""t"":647},{""x"":1232,""y"":329,""t"":707},{""x"":1250,""y"":303,""t"":723},{""x"":1245,""y"":302,""t"":785},{""x"":1303,""y"":302,""t"":831},{""x"":1377,""y"":306,""t"":852},{""x"":1317,""y"":290,""t"":913},{""x"":1366,""y"":284,""t"":931},{""x"":1316,""y"":315,""t"":993},{""x"":1314,""y"":330,""t"":1057},{""x"":1207,""y"":331,""t"":1107},{""x"":1209,""y"":358,""t"":1123},{""x"":1178,""y"":343,""t"":1186},{""x"":1141,""y"":312,""t"":1203},{""x"":1216,""y"":269,""t"":1266},{""x"":1190,""y"":246,""t"":1313},{""x"":1192,""y"":221,""t"":1331},{""x"":1261,""y"":194,""t"":1392},{""x"":1321,""y"":172,""t"":1407},{""x"":1359,""y"":166,""t"":1468},{""x"":1347,""y"":145,""t"":1520},{""x"":1378,""y"":111,""t"":1536},{""x"":1346,""y"":106,""t"":1599},{""x"":1338,""y"":122,""t"":1644},{""x"":1330,""y"":117,""t"":1666},{""x"":1298,""y"":143,""t"":1731},{""x"":1258,""y"":170,""t"":1745},{""x"":1075,""y"":164,""t"":1808},{""x"":936,""y"":181,""t"":1857},{""x"":821,""y"":195,""t"":1871},{""x"":703,""y"":190,""t"":1934},{""x"":642,""y"":180,""t"":1948},{""x"":566,""y"":193,""t"":2011},{""x"":518,""y"":196,""t"":2063},{""x"":485,""y"":198,""t"":2078},{""x"":490,""y"":190,""t"":2138},{""x"":481,""y"":191,""t"":2153},{""x"":483,""y"":175,""t"":2215},{""x"":484,""y"":182,""t"":2263},{""x"":509,""y"":214,""t"":2280},{""x"":509,""y"":236,""t"":2342},{""x"":508,""y"":244,""t"":2357},{""x"":534,""y"":271,""t"":2420},{""x"":543,""y"":284,""t"":2448},{""x"":532,""y"":255,""t"":2511},{""x"":531,""y"":237,""t"":2527},{""x"":506,""y"":200,""t"":2592},{""x"":488,""y"":173,""t"":2618},{""x"":485,""y"":156,""t"":2678},{""x"":474,""y"":159,""t"":2695},{""x"":507,""y"":185,""t"":2758},{""x"":654,""y"":217,""t"":2805},{""x"":760,""y"":227,""t"":2824},{""x"":897,""y"":236,""t"":2884},{""x"":966,""y"":235,""t"":2900},{""x"":1092,""y"":225,""t"":2965},{""x"":1146,""y"":209,""t"":2993},{""x"":1285,""y"":211,""t"":3054},{""x"":1333,""y"":209,""t"":3077},{""x"":1408,""y"":211,""t"":3114},{""x"":1388,""y"":200,""t"":3153},{""x"":1432,""y"":206,""t"":3194},{""x"":1408,""y"":194,""t"":3238},{""x"":1433,""y"":185,""t"":3299},{""x"":1425,""y"":148,""t"":3368},{""x"":1392,""y"":206,""t"":3414},{""x"":1378,""y"":264,""t"":3435},{""x"":1324,""y"":315,""t"":3497},{""x"":1276,""y"":358,""t"":3511},{""x"":1251,""y"":395,""t"":3575},{""x"":1194,""y"":386,""t"":3624},{""x"":1189,""y"":383,""t"":3638},{""x"":1166,""y"":329,""t"":3698},{""x"":1147,""y"":281,""t"":3713},{""x"":1170,""y"":274,""t"":3776},{""x"":1182,""y"":257,""t"":3825},{""x"":1197,""y"":246,""t"":3843},{""x"":1177,""y"":227,""t"":3906},{""x"":1193,""y"":223,""t"":3925},{""x"":1211,""y"":197,""t"":3965},{""x"":1058,""y"":221,""t"":4004},{""x"":927,""y"":218,""t"":4047},{""x"":806,""y"":221,""t"":4108},{""x"":709,""y"":239,""t"":4126},{""x"":617,""y"":250,""t"":4190},{""x"":546,""y"":259,""t"":4217},{""x"":520,""y"":251,""t"":4278},{""x"":505,""y"":244,""t"":4294},{""x"":465,""y"":213,""t"":4357},{""x"":468,""y"":218,""t"":4406},{""x"":450,""y"":240,""t"":4422},{""x"":416,""y"":241,""t"":4483},{""x"":391,""y"":241,""t"":4499},{""x"":422,""y"":271,""t"":4563},{""x"":468,""y"":272,""t"":4591},{""x"":479,""y"":275,""t"":4650},{""x"":536,""y"":281,""t"":4667},{""x"":543,""y"":286,""t"":4728},{""x"":526,""y"":280,""t"":4776},{""x"":569,""y"":254,""t"":4795},{""x"":553,""y"":240,""t"":4856},{""x"":539,""y"":228,""t"":4870},{""x"":631,""y"":212,""t"":4934},{""x"":796,""y"":241,""t"":4981},{""x"":906,""y"":259,""t"":4999},{""x"":978,""y"":288,""t"":5064},{""x"":1028,""y"":311,""t"":5077},{""x"":1103,""y"":321,""t"":5140},{""x"":1163,""y"":327,""t"":5168},{""x"":1235,""y"":347,""t"":5232},{""x"":1253,""y"":355,""t"":5248},{""x"":1255,""y"":384,""t"":5309},{""x"":1232,""y"":383,""t"":5360},{""x"":1209,""y"":352,""t"":5374},{""x"":1233,""y"":339,""t"":5439},{""x"":1200,""y"":341,""t"":5460},{""x"":1201,""y"":349,""t"":5501},{""x"":1191,""y"":350,""t"":5540},{""x"":1182,""y"":351,""t"":5580},{""x"":1087,""y"":326,""t"":5641},{""x"":998,""y"":289,""t"":5656},{""x"":965,""y"":268,""t"":5719},{""x"":932,""y"":256,""t"":5766},{""x"":906,""y"":247,""t"":5780},{""x"":871,""y"":242,""t"":5842},{""x"":865,""y"":258,""t"":5859}]",1,0.4976805181738758,0.5023194818261242,pt_b-last_b-longer,0
62-alternatives,0,23,exp_58,1.0,555.7999999970198,0.41,0.21,1.7999999999999998,6.2,higher_p,higher_m,0,1,alternatives,0.0,False,0.7379999999999999,1.302,-0.5640000000000002,-0.3231885851028555,0.6,0.4,0.5,0.5,0.0,0.0,higher_p,higher_p,False,"{""durations"":[1000,1500,1000,1500],""alternatives"":[1,0,1,0],""attributes"":[""all"",""all"",""all"",""all""]}","[{""x"":751,""y"":487,""t"":-41},{""x"":741,""y"":531,""t"":0},{""x"":765,""y"":553,""t"":67},{""x"":729,""y"":531,""t"":90},{""x"":735,""y"":549,""t"":154},{""x"":761,""y"":563,""t"":198},{""x"":779,""y"":560,""t"":239},{""x"":748,""y"":526,""t"":302},{""x"":749,""y"":529,""t"":317},{""x"":789,""y"":513,""t"":380},{""x"":823,""y"":498,""t"":409},{""x"":882,""y"":449,""t"":471},{""x"":972,""y"":402,""t"":486},{""x"":995,""y"":368,""t"":549},{""x"":1107,""y"":353,""t"":599},{""x"":1171,""y"":356,""t"":614},{""x"":1230,""y"":366,""t"":675},{""x"":1264,""y"":391,""t"":691},{""x"":1269,""y"":407,""t"":736},{""x"":1282,""y"":412,""t"":776},{""x"":1258,""y"":404,""t"":816},{""x"":1303,""y"":364,""t"":882},{""x"":1327,""y"":331,""t"":899},{""x"":1230,""y"":279,""t"":961},{""x"":1218,""y"":248,""t"":988},{""x"":1295,""y"":216,""t"":1052},{""x"":1281,""y"":211,""t"":1070},{""x"":1308,""y"":185,""t"":1111},{""x"":1322,""y"":204,""t"":1151},{""x"":1310,""y"":205,""t"":1191},{""x"":1264,""y"":227,""t"":1254},{""x"":1197,""y"":229,""t"":1269},{""x"":1059,""y"":233,""t"":1332},{""x"":920,""y"":239,""t"":1361},{""x"":820,""y"":221,""t"":1423},{""x"":739,""y"":207,""t"":1438},{""x"":675,""y"":216,""t"":1504},{""x"":594,""y"":231,""t"":1531},{""x"":546,""y"":228,""t"":1593},{""x"":548,""y"":231,""t"":1609},{""x"":521,""y"":253,""t"":1672},{""x"":476,""y"":278,""t"":1701},{""x"":447,""y"":325,""t"":1756},{""x"":464,""y"":352,""t"":1796},{""x"":469,""y"":316,""t"":1833},{""x"":451,""y"":318,""t"":1872},{""x"":488,""y"":277,""t"":1933},{""x"":518,""y"":243,""t"":1948},{""x"":514,""y"":223,""t"":2014},{""x"":518,""y"":224,""t"":2040},{""x"":570,""y"":213,""t"":2102},{""x"":604,""y"":226,""t"":2118},{""x"":631,""y"":247,""t"":2182},{""x"":616,""y"":232,""t"":2234},{""x"":618,""y"":233,""t"":2250},{""x"":635,""y"":213,""t"":2311},{""x"":621,""y"":234,""t"":2326},{""x"":665,""y"":242,""t"":2388},{""x"":612,""y"":277,""t"":2437},{""x"":574,""y"":303,""t"":2452},{""x"":588,""y"":306,""t"":2515},{""x"":604,""y"":321,""t"":2532},{""x"":603,""y"":317,""t"":2576},{""x"":634,""y"":336,""t"":2615},{""x"":637,""y"":348,""t"":2657},{""x"":663,""y"":361,""t"":2721},{""x"":871,""y"":351,""t"":2770},{""x"":1046,""y"":330,""t"":2790},{""x"":1153,""y"":309,""t"":2851},{""x"":1229,""y"":298,""t"":2868},{""x"":1325,""y"":285,""t"":2930},{""x"":1397,""y"":246,""t"":2959},{""x"":1486,""y"":246,""t"":3020},{""x"":1546,""y"":232,""t"":3040},{""x"":1548,""y"":253,""t"":3081},{""x"":1567,""y"":272,""t"":3120},{""x"":1535,""y"":288,""t"":3160},{""x"":1540,""y"":274,""t"":3199},{""x"":1548,""y"":258,""t"":3261},{""x"":1502,""y"":233,""t"":3275},{""x"":1479,""y"":274,""t"":3319},{""x"":1424,""y"":284,""t"":3358},{""x"":1382,""y"":295,""t"":3398},{""x"":1347,""y"":294,""t"":3438},{""x"":1316,""y"":275,""t"":3502},{""x"":1329,""y"":278,""t"":3517},{""x"":1344,""y"":258,""t"":3559},{""x"":1352,""y"":246,""t"":3598},{""x"":1368,""y"":223,""t"":3640},{""x"":1345,""y"":225,""t"":3703},{""x"":1316,""y"":211,""t"":3719},{""x"":1309,""y"":203,""t"":3781},{""x"":1228,""y"":206,""t"":3831},{""x"":1167,""y"":216,""t"":3846},{""x"":1032,""y"":238,""t"":3907},{""x"":930,""y"":243,""t"":3921},{""x"":828,""y"":244,""t"":3984},{""x"":678,""y"":222,""t"":4032},{""x"":608,""y"":228,""t"":4049},{""x"":557,""y"":229,""t"":4112},{""x"":570,""y"":244,""t"":4127},{""x"":579,""y"":263,""t"":4169},{""x"":675,""y"":281,""t"":4209},{""x"":730,""y"":283,""t"":4247},{""x"":786,""y"":294,""t"":4286},{""x"":812,""y"":308,""t"":4349},{""x"":854,""y"":318,""t"":4365},{""x"":937,""y"":305,""t"":4427},{""x"":976,""y"":311,""t"":4455},{""x"":1029,""y"":321,""t"":4516},{""x"":1040,""y"":319,""t"":4532},{""x"":1126,""y"":356,""t"":4596},{""x"":1149,""y"":383,""t"":4644},{""x"":1171,""y"":388,""t"":4661},{""x"":1167,""y"":392,""t"":4724},{""x"":1121,""y"":376,""t"":4740},{""x"":1100,""y"":364,""t"":4779},{""x"":1042,""y"":354,""t"":4820},{""x"":1030,""y"":324,""t"":4860},{""x"":982,""y"":319,""t"":4897},{""x"":1013,""y"":332,""t"":4969},{""x"":1091,""y"":339,""t"":5015},{""x"":1128,""y"":341,""t"":5033},{""x"":1122,""y"":331,""t"":5098},{""x"":1193,""y"":288,""t"":5114},{""x"":1200,""y"":290,""t"":5157},{""x"":1214,""y"":279,""t"":5195},{""x"":1184,""y"":280,""t"":5234},{""x"":1206,""y"":302,""t"":5273},{""x"":1197,""y"":287,""t"":5335},{""x"":1202,""y"":279,""t"":5350},{""x"":1186,""y"":240,""t"":5411},{""x"":1170,""y"":248,""t"":5462},{""x"":1156,""y"":257,""t"":5475},{""x"":1117,""y"":217,""t"":5538},{""x"":1089,""y"":202,""t"":5554},{""x"":1065,""y"":219,""t"":5617},{""x"":1027,""y"":219,""t"":5670},{""x"":980,""y"":231,""t"":5687},{""x"":950,""y"":237,""t"":5754},{""x"":952,""y"":225,""t"":5803},{""x"":984,""y"":211,""t"":5816},{""x"":989,""y"":205,""t"":5880},{""x"":1006,""y"":196,""t"":5895},{""x"":1042,""y"":227,""t"":5959},{""x"":996,""y"":251,""t"":6005},{""x"":984,""y"":259,""t"":6022},{""x"":928,""y"":229,""t"":6087},{""x"":878,""y"":213,""t"":6135}]",0,0.2363099721336335,0.7636900278663664,pt_b-last_b-longer,0
62-alternatives,0,24,catch_6,1.0,216.29999999701977,0.23,0.59,1.9,2.7,dominated,dominant,1,1,alternatives,0.0,False,0.437,1.593,-1.156,-0.9325122869528244,0.5,0.5,0.5,0.5,,1.0,,dominant,True,"{""durations"":[1250,1250,1250,1250],""attributes"":[""all"",""all"",""all"",""all""],""alternatives"":[0,1,0,1]}","[{""x"":878,""y"":286,""t"":-21},{""x"":875,""y"":281,""t"":0},{""x"":812,""y"":287,""t"":106},{""x"":800,""y"":293,""t"":158},{""x"":792,""y"":299,""t"":173},{""x"":795,""y"":289,""t"":236},{""x"":770,""y"":276,""t"":250},{""x"":904,""y"":287,""t"":315},{""x"":1064,""y"":252,""t"":341},{""x"":1152,""y"":291,""t"":404},{""x"":1273,""y"":280,""t"":421},{""x"":1315,""y"":317,""t"":484},{""x"":1337,""y"":320,""t"":535},{""x"":1347,""y"":324,""t"":552},{""x"":1338,""y"":351,""t"":616},{""x"":1326,""y"":332,""t"":669},{""x"":1297,""y"":312,""t"":685},{""x"":1329,""y"":313,""t"":746},{""x"":1344,""y"":325,""t"":761},{""x"":1367,""y"":321,""t"":826},{""x"":1384,""y"":314,""t"":851},{""x"":1380,""y"":293,""t"":914},{""x"":1373,""y"":274,""t"":929},{""x"":1374,""y"":261,""t"":993},{""x"":1343,""y"":257,""t"":1042},{""x"":1336,""y"":200,""t"":1058},{""x"":1322,""y"":172,""t"":1119},{""x"":1397,""y"":216,""t"":1134},{""x"":1379,""y"":215,""t"":1178},{""x"":1358,""y"":208,""t"":1219},{""x"":1321,""y"":214,""t"":1257},{""x"":1347,""y"":235,""t"":1296},{""x"":1315,""y"":248,""t"":1368},{""x"":1355,""y"":261,""t"":1395},{""x"":1304,""y"":217,""t"":1458},{""x"":1324,""y"":197,""t"":1474},{""x"":1165,""y"":198,""t"":1538},{""x"":1027,""y"":209,""t"":1588},{""x"":871,""y"":225,""t"":1603},{""x"":764,""y"":229,""t"":1667},{""x"":687,""y"":240,""t"":1716},{""x"":629,""y"":249,""t"":1736},{""x"":548,""y"":265,""t"":1797},{""x"":495,""y"":278,""t"":1813},{""x"":449,""y"":299,""t"":1874},{""x"":422,""y"":285,""t"":1905},{""x"":409,""y"":290,""t"":1967},{""x"":404,""y"":294,""t"":1982},{""x"":426,""y"":282,""t"":2048},{""x"":451,""y"":291,""t"":2075},{""x"":499,""y"":290,""t"":2136},{""x"":546,""y"":294,""t"":2153},{""x"":532,""y"":273,""t"":2217},{""x"":533,""y"":264,""t"":2245},{""x"":587,""y"":273,""t"":2307},{""x"":617,""y"":309,""t"":2325},{""x"":650,""y"":290,""t"":2365},{""x"":643,""y"":294,""t"":2404},{""x"":639,""y"":268,""t"":2443},{""x"":633,""y"":272,""t"":2484},{""x"":664,""y"":248,""t"":2550},{""x"":660,""y"":261,""t"":2598},{""x"":649,""y"":253,""t"":2618},{""x"":644,""y"":244,""t"":2681},{""x"":639,""y"":236,""t"":2696},{""x"":669,""y"":260,""t"":2760},{""x"":693,""y"":281,""t"":2788},{""x"":687,""y"":286,""t"":2850},{""x"":679,""y"":273,""t"":2865},{""x"":811,""y"":252,""t"":2929},{""x"":944,""y"":230,""t"":2978},{""x"":1012,""y"":211,""t"":2993},{""x"":1077,""y"":199,""t"":3055},{""x"":1151,""y"":214,""t"":3071},{""x"":1266,""y"":221,""t"":3135},{""x"":1300,""y"":242,""t"":3183},{""x"":1356,""y"":255,""t"":3199},{""x"":1391,""y"":268,""t"":3262},{""x"":1422,""y"":310,""t"":3277},{""x"":1353,""y"":297,""t"":3340},{""x"":1348,""y"":290,""t"":3389},{""x"":1340,""y"":283,""t"":3404},{""x"":1307,""y"":279,""t"":3466},{""x"":1318,""y"":256,""t"":3483},{""x"":1290,""y"":273,""t"":3522},{""x"":1270,""y"":276,""t"":3561},{""x"":1212,""y"":271,""t"":3599},{""x"":1149,""y"":262,""t"":3640},{""x"":972,""y"":274,""t"":3701},{""x"":847,""y"":285,""t"":3718},{""x"":742,""y"":280,""t"":3781},{""x"":669,""y"":316,""t"":3829},{""x"":588,""y"":327,""t"":3847},{""x"":503,""y"":311,""t"":3911},{""x"":489,""y"":294,""t"":3959},{""x"":485,""y"":279,""t"":3979},{""x"":473,""y"":266,""t"":4039},{""x"":464,""y"":260,""t"":4057},{""x"":479,""y"":229,""t"":4118},{""x"":508,""y"":227,""t"":4169},{""x"":535,""y"":226,""t"":4185},{""x"":539,""y"":193,""t"":4247},{""x"":551,""y"":222,""t"":4263},{""x"":573,""y"":203,""t"":4304},{""x"":551,""y"":215,""t"":4341},{""x"":503,""y"":236,""t"":4380},{""x"":482,""y"":243,""t"":4420},{""x"":493,""y"":260,""t"":4460},{""x"":483,""y"":270,""t"":4520},{""x"":509,""y"":290,""t"":4538},{""x"":550,""y"":295,""t"":4577},{""x"":534,""y"":281,""t"":4616},{""x"":591,""y"":311,""t"":4656},{""x"":639,""y"":336,""t"":4694},{""x"":678,""y"":339,""t"":4756},{""x"":722,""y"":340,""t"":4772},{""x"":717,""y"":339,""t"":4834},{""x"":769,""y"":338,""t"":4881},{""x"":811,""y"":336,""t"":4897},{""x"":817,""y"":340,""t"":4957},{""x"":820,""y"":343,""t"":4972},{""x"":862,""y"":354,""t"":5036},{""x"":867,""y"":336,""t"":5085},{""x"":878,""y"":339,""t"":5102},{""x"":879,""y"":344,""t"":5167},{""x"":822,""y"":315,""t"":5182},{""x"":815,""y"":298,""t"":5224},{""x"":808,""y"":277,""t"":5262},{""x"":804,""y"":279,""t"":5301},{""x"":802,""y"":291,""t"":5343},{""x"":796,""y"":304,""t"":5405},{""x"":749,""y"":309,""t"":5420},{""x"":718,""y"":299,""t"":5461},{""x"":722,""y"":284,""t"":5502},{""x"":750,""y"":281,""t"":5540},{""x"":791,""y"":280,""t"":5581},{""x"":822,""y"":315,""t"":5642},{""x"":842,""y"":306,""t"":5658},{""x"":803,""y"":250,""t"":5699},{""x"":801,""y"":226,""t"":5739},{""x"":791,""y"":208,""t"":5780}]",1,0.004595205565001869,0.9954047944349981,pt_b-last_b-longer,0
62-alternatives,0,25,exp_40,1.0,232.9000000059605,0.81,0.48,1.6999999999999995,7.9,higher_p,higher_m,0,1,alternatives,0.0,False,1.3769999999999998,3.792,-2.415,-2.2283544163938904,0.6,0.4,0.5,0.5,0.0,1.0,higher_p,higher_m,False,"{""durations"":[1500,1000,1500,1000],""alternatives"":[0,1,0,1],""attributes"":[""all"",""all"",""all"",""all""]}","[{""x"":690,""y"":493,""t"":-24},{""x"":676,""y"":546,""t"":0},{""x"":712,""y"":578,""t"":64},{""x"":709,""y"":583,""t"":80},{""x"":750,""y"":591,""t"":132},{""x"":753,""y"":549,""t"":202},{""x"":737,""y"":515,""t"":244},{""x"":754,""y"":496,""t"":307},{""x"":670,""y"":455,""t"":366},{""x"":635,""y"":416,""t"":383},{""x"":614,""y"":358,""t"":445},{""x"":583,""y"":321,""t"":499},{""x"":559,""y"":291,""t"":514},{""x"":491,""y"":282,""t"":573},{""x"":512,""y"":269,""t"":591},{""x"":494,""y"":256,""t"":633},{""x"":489,""y"":237,""t"":673},{""x"":491,""y"":243,""t"":714},{""x"":486,""y"":267,""t"":752},{""x"":492,""y"":265,""t"":814},{""x"":516,""y"":249,""t"":830},{""x"":519,""y"":249,""t"":872},{""x"":530,""y"":249,""t"":912},{""x"":545,""y"":259,""t"":952},{""x"":553,""y"":265,""t"":993},{""x"":486,""y"":241,""t"":1055},{""x"":511,""y"":246,""t"":1105},{""x"":566,""y"":269,""t"":1123},{""x"":748,""y"":271,""t"":1185},{""x"":855,""y"":264,""t"":1200},{""x"":953,""y"":257,""t"":1265},{""x"":1026,""y"":267,""t"":1294},{""x"":1078,""y"":259,""t"":1355},{""x"":1116,""y"":266,""t"":1373},{""x"":1190,""y"":264,""t"":1436},{""x"":1216,""y"":265,""t"":1486},{""x"":1232,""y"":265,""t"":1501},{""x"":1225,""y"":255,""t"":1567},{""x"":1225,""y"":265,""t"":1618},{""x"":1184,""y"":266,""t"":1634},{""x"":1188,""y"":280,""t"":1699},{""x"":1129,""y"":301,""t"":1714},{""x"":1103,""y"":290,""t"":1755},{""x"":1083,""y"":258,""t"":1793},{""x"":1110,""y"":321,""t"":1832},{""x"":1152,""y"":343,""t"":1872},{""x"":1151,""y"":344,""t"":1934},{""x"":1195,""y"":350,""t"":1949},{""x"":1244,""y"":355,""t"":2012},{""x"":1268,""y"":348,""t"":2040},{""x"":1279,""y"":307,""t"":2102},{""x"":1320,""y"":275,""t"":2121},{""x"":1313,""y"":252,""t"":2184},{""x"":1375,""y"":220,""t"":2231},{""x"":1424,""y"":220,""t"":2249},{""x"":1435,""y"":208,""t"":2312},{""x"":1479,""y"":197,""t"":2359},{""x"":1499,""y"":188,""t"":2381},{""x"":1501,""y"":206,""t"":2448},{""x"":1424,""y"":221,""t"":2464},{""x"":1354,""y"":254,""t"":2505},{""x"":1309,""y"":302,""t"":2544},{""x"":1267,""y"":347,""t"":2586},{""x"":1240,""y"":387,""t"":2650},{""x"":1219,""y"":419,""t"":2664},{""x"":1182,""y"":425,""t"":2726},{""x"":1153,""y"":428,""t"":2754},{""x"":1037,""y"":423,""t"":2815},{""x"":984,""y"":413,""t"":2831},{""x"":859,""y"":386,""t"":2896},{""x"":721,""y"":342,""t"":2943},{""x"":614,""y"":316,""t"":2959},{""x"":541,""y"":303,""t"":3023},{""x"":497,""y"":290,""t"":3039},{""x"":468,""y"":268,""t"":3099},{""x"":455,""y"":281,""t"":3149},{""x"":448,""y"":282,""t"":3164},{""x"":437,""y"":277,""t"":3228},{""x"":464,""y"":262,""t"":3243},{""x"":470,""y"":231,""t"":3284},{""x"":464,""y"":199,""t"":3325},{""x"":478,""y"":208,""t"":3364},{""x"":493,""y"":217,""t"":3403},{""x"":502,""y"":217,""t"":3466},{""x"":462,""y"":221,""t"":3482},{""x"":459,""y"":236,""t"":3523},{""x"":457,""y"":218,""t"":3561},{""x"":499,""y"":230,""t"":3600},{""x"":497,""y"":237,""t"":3641},{""x"":498,""y"":255,""t"":3713},{""x"":479,""y"":275,""t"":3741},{""x"":490,""y"":278,""t"":3798},{""x"":470,""y"":292,""t"":3837},{""x"":448,""y"":261,""t"":3876},{""x"":477,""y"":260,""t"":3940},{""x"":523,""y"":248,""t"":3954},{""x"":547,""y"":273,""t"":4018},{""x"":546,""y"":288,""t"":4070},{""x"":511,""y"":316,""t"":4087},{""x"":492,""y"":286,""t"":4150},{""x"":636,""y"":317,""t"":4202},{""x"":752,""y"":320,""t"":4220},{""x"":855,""y"":332,""t"":4285},{""x"":937,""y"":337,""t"":4338},{""x"":1002,""y"":341,""t"":4353},{""x"":1102,""y"":328,""t"":4417},{""x"":1163,""y"":324,""t"":4433},{""x"":1228,""y"":283,""t"":4496},{""x"":1279,""y"":245,""t"":4522},{""x"":1364,""y"":213,""t"":4587},{""x"":1431,""y"":178,""t"":4602},{""x"":1430,""y"":186,""t"":4665},{""x"":1448,""y"":188,""t"":4715},{""x"":1433,""y"":210,""t"":4729},{""x"":1380,""y"":198,""t"":4791},{""x"":1378,""y"":183,""t"":4815},{""x"":1364,""y"":191,""t"":4856},{""x"":1364,""y"":222,""t"":4897},{""x"":1314,""y"":237,""t"":4958},{""x"":1302,""y"":220,""t"":4973},{""x"":1287,""y"":227,""t"":5035},{""x"":1275,""y"":237,""t"":5083},{""x"":1227,""y"":240,""t"":5101},{""x"":1237,""y"":262,""t"":5165},{""x"":1246,""y"":281,""t"":5181},{""x"":1233,""y"":280,""t"":5244},{""x"":1222,""y"":278,""t"":5271},{""x"":1224,""y"":259,""t"":5334},{""x"":1213,""y"":257,""t"":5352},{""x"":1192,""y"":233,""t"":5393},{""x"":1123,""y"":221,""t"":5432},{""x"":1115,""y"":240,""t"":5472},{""x"":1110,""y"":257,""t"":5512},{""x"":1137,""y"":244,""t"":5574},{""x"":1138,""y"":254,""t"":5589},{""x"":1095,""y"":238,""t"":5632},{""x"":1051,""y"":220,""t"":5672},{""x"":1011,""y"":232,""t"":5712},{""x"":988,""y"":234,""t"":5755}]",0,0.20453444129020165,0.7954655587097984,pt_b-last_b-longer,0
62-alternatives,0,27,exp_26,0.0,153.0,0.3,0.17,2.0,3.0,higher_p,higher_m,0,1,alternatives,0.0,False,0.6,0.51,0.0899999999999999,0.3499494233597793,0.6,0.4,0.5,0.5,0.0,0.0,higher_p,higher_p,True,"{""durations"":[1000,1500,1000,1500],""alternatives"":[1,0,1,0],""attributes"":[""all"",""all"",""all"",""all""]}","[{""x"":695,""y"":315,""t"":-39},{""x"":744,""y"":339,""t"":0},{""x"":806,""y"":330,""t"":74},{""x"":820,""y"":326,""t"":143},{""x"":851,""y"":320,""t"":171},{""x"":830,""y"":318,""t"":234},{""x"":861,""y"":319,""t"":251},{""x"":877,""y"":317,""t"":313},{""x"":892,""y"":311,""t"":362},{""x"":891,""y"":313,""t"":377},{""x"":1017,""y"":298,""t"":442},{""x"":1115,""y"":300,""t"":493},{""x"":1166,""y"":299,""t"":511},{""x"":1266,""y"":320,""t"":571},{""x"":1346,""y"":339,""t"":586},{""x"":1345,""y"":326,""t"":652},{""x"":1339,""y"":315,""t"":680},{""x"":1362,""y"":318,""t"":752},{""x"":1388,""y"":308,""t"":800},{""x"":1394,""y"":297,""t"":817},{""x"":1366,""y"":292,""t"":879},{""x"":1341,""y"":297,""t"":895},{""x"":1366,""y"":283,""t"":957},{""x"":1412,""y"":262,""t"":1004},{""x"":1455,""y"":288,""t"":1021},{""x"":1435,""y"":240,""t"":1085},{""x"":1389,""y"":204,""t"":1100},{""x"":1366,""y"":196,""t"":1164},{""x"":1355,""y"":229,""t"":1212},{""x"":1332,""y"":221,""t"":1227},{""x"":1360,""y"":202,""t"":1289},{""x"":1383,""y"":193,""t"":1305},{""x"":1362,""y"":200,""t"":1367},{""x"":1180,""y"":207,""t"":1414},{""x"":1026,""y"":214,""t"":1429},{""x"":856,""y"":236,""t"":1493},{""x"":692,""y"":273,""t"":1509},{""x"":572,""y"":249,""t"":1550},{""x"":489,""y"":250,""t"":1590},{""x"":449,""y"":255,""t"":1629},{""x"":381,""y"":264,""t"":1669},{""x"":360,""y"":289,""t"":1732},{""x"":361,""y"":287,""t"":1747},{""x"":374,""y"":294,""t"":1788},{""x"":425,""y"":332,""t"":1830},{""x"":477,""y"":322,""t"":1868},{""x"":541,""y"":363,""t"":1907},{""x"":575,""y"":347,""t"":1970},{""x"":585,""y"":321,""t"":1985},{""x"":598,""y"":307,""t"":2029},{""x"":652,""y"":300,""t"":2067},{""x"":631,""y"":307,""t"":2106},{""x"":622,""y"":295,""t"":2144},{""x"":617,""y"":279,""t"":2207},{""x"":613,""y"":265,""t"":2222},{""x"":637,""y"":261,""t"":2284},{""x"":628,""y"":263,""t"":2313},{""x"":649,""y"":234,""t"":2375},{""x"":667,""y"":209,""t"":2390},{""x"":828,""y"":238,""t"":2456},{""x"":964,""y"":263,""t"":2483},{""x"":1059,""y"":272,""t"":2545},{""x"":1150,""y"":296,""t"":2561},{""x"":1228,""y"":310,""t"":2625},{""x"":1244,""y"":324,""t"":2672},{""x"":1238,""y"":326,""t"":2690},{""x"":1254,""y"":332,""t"":2752},{""x"":1278,""y"":340,""t"":2767},{""x"":1293,""y"":345,""t"":2810},{""x"":1316,""y"":346,""t"":2848},{""x"":1366,""y"":329,""t"":2887},{""x"":1435,""y"":316,""t"":2928},{""x"":1462,""y"":287,""t"":2989},{""x"":1475,""y"":272,""t"":3005},{""x"":1445,""y"":236,""t"":3071},{""x"":1446,""y"":221,""t"":3095},{""x"":1427,""y"":209,""t"":3156},{""x"":1409,""y"":200,""t"":3173},{""x"":1344,""y"":259,""t"":3236},{""x"":1203,""y"":362,""t"":3283},{""x"":1087,""y"":452,""t"":3299},{""x"":1018,""y"":401,""t"":3361},{""x"":963,""y"":354,""t"":3376},{""x"":783,""y"":352,""t"":3440},{""x"":767,""y"":449,""t"":3487},{""x"":724,""y"":539,""t"":3502},{""x"":637,""y"":569,""t"":3565},{""x"":589,""y"":604,""t"":3580},{""x"":553,""y"":592,""t"":3645},{""x"":521,""y"":553,""t"":3673},{""x"":475,""y"":494,""t"":3734},{""x"":442,""y"":457,""t"":3750},{""x"":450,""y"":439,""t"":3813},{""x"":439,""y"":395,""t"":3862},{""x"":473,""y"":392,""t"":3876},{""x"":509,""y"":345,""t"":3939},{""x"":511,""y"":309,""t"":3956},{""x"":513,""y"":315,""t"":4015},{""x"":558,""y"":251,""t"":4085},{""x"":580,""y"":242,""t"":4135},{""x"":599,""y"":238,""t"":4151},{""x"":618,""y"":320,""t"":4215},{""x"":683,""y"":420,""t"":4231},{""x"":697,""y"":484,""t"":4271},{""x"":670,""y"":529,""t"":4310},{""x"":667,""y"":529,""t"":4350},{""x"":682,""y"":544,""t"":4392},{""x"":690,""y"":574,""t"":4452},{""x"":709,""y"":583,""t"":4469},{""x"":712,""y"":563,""t"":4509},{""x"":728,""y"":549,""t"":4549},{""x"":708,""y"":516,""t"":4591},{""x"":680,""y"":455,""t"":4653},{""x"":645,""y"":387,""t"":4668},{""x"":615,""y"":324,""t"":4731},{""x"":567,""y"":332,""t"":4781},{""x"":547,""y"":305,""t"":4796},{""x"":590,""y"":310,""t"":4859},{""x"":615,""y"":291,""t"":4877},{""x"":578,""y"":273,""t"":4918},{""x"":594,""y"":265,""t"":4959},{""x"":614,""y"":254,""t"":4999},{""x"":610,""y"":234,""t"":5062},{""x"":606,""y"":219,""t"":5076},{""x"":606,""y"":231,""t"":5144},{""x"":567,""y"":255,""t"":5191},{""x"":528,""y"":279,""t"":5206},{""x"":535,""y"":270,""t"":5273},{""x"":532,""y"":261,""t"":5323},{""x"":537,""y"":233,""t"":5341},{""x"":569,""y"":245,""t"":5404},{""x"":548,""y"":251,""t"":5420},{""x"":565,""y"":232,""t"":5462},{""x"":587,""y"":270,""t"":5500},{""x"":575,""y"":303,""t"":5541},{""x"":606,""y"":290,""t"":5580},{""x"":581,""y"":288,""t"":5641},{""x"":568,""y"":270,""t"":5657}]",1,0.6489506433444818,0.3510493566555181,pt_b-last_b-longer,0
62-alternatives,0,29,exp_116,0.0,458.3000000044704,0.49,0.22,4.2,7.9,higher_p,higher_m,0,1,alternatives,0.0,False,2.058,1.738,0.3199999999999998,0.5866799156325713,0.4,0.6,0.5,0.5,1.0,0.0,higher_m,higher_p,True,"{""durations"":[1500,1000,1500,1000],""alternatives"":[1,0,1,0],""attributes"":[""all"",""all"",""all"",""all""]}","[{""x"":826,""y"":247,""t"":-42},{""x"":777,""y"":254,""t"":0},{""x"":798,""y"":232,""t"":65},{""x"":820,""y"":203,""t"":82},{""x"":810,""y"":190,""t"":158},{""x"":814,""y"":192,""t"":204},{""x"":809,""y"":195,""t"":245},{""x"":806,""y"":197,""t"":308},{""x"":935,""y"":191,""t"":355},{""x"":1008,""y"":215,""t"":374},{""x"":1095,""y"":214,""t"":436},{""x"":1167,""y"":213,""t"":451},{""x"":1227,""y"":197,""t"":514},{""x"":1279,""y"":203,""t"":562},{""x"":1345,""y"":214,""t"":579},{""x"":1387,""y"":217,""t"":642},{""x"":1416,""y"":219,""t"":658},{""x"":1420,""y"":200,""t"":720},{""x"":1428,""y"":215,""t"":789},{""x"":1474,""y"":229,""t"":840},{""x"":1500,""y"":231,""t"":854},{""x"":1510,""y"":244,""t"":916},{""x"":1506,""y"":250,""t"":933},{""x"":1539,""y"":285,""t"":974},{""x"":1488,""y"":300,""t"":1012},{""x"":1512,""y"":264,""t"":1052},{""x"":1529,""y"":240,""t"":1092},{""x"":1454,""y"":271,""t"":1154},{""x"":1419,""y"":284,""t"":1172},{""x"":1350,""y"":287,""t"":1210},{""x"":1335,""y"":302,""t"":1248},{""x"":1356,""y"":335,""t"":1289},{""x"":1344,""y"":347,""t"":1329},{""x"":1355,""y"":315,""t"":1389},{""x"":1371,""y"":320,""t"":1406},{""x"":1362,""y"":299,""t"":1468},{""x"":1355,""y"":296,""t"":1519},{""x"":1336,""y"":281,""t"":1538},{""x"":1340,""y"":290,""t"":1600},{""x"":1372,""y"":278,""t"":1648},{""x"":1397,""y"":269,""t"":1666},{""x"":1413,""y"":255,""t"":1726},{""x"":1448,""y"":252,""t"":1742},{""x"":1274,""y"":252,""t"":1806},{""x"":1076,""y"":227,""t"":1856},{""x"":900,""y"":222,""t"":1871},{""x"":782,""y"":228,""t"":1936},{""x"":662,""y"":232,""t"":1951},{""x"":562,""y"":235,""t"":2015},{""x"":461,""y"":232,""t"":2042},{""x"":393,""y"":236,""t"":2104},{""x"":347,""y"":239,""t"":2118},{""x"":375,""y"":228,""t"":2182},{""x"":391,""y"":245,""t"":2230},{""x"":412,""y"":260,""t"":2245},{""x"":410,""y"":262,""t"":2305},{""x"":427,""y"":262,""t"":2321},{""x"":462,""y"":282,""t"":2384},{""x"":493,""y"":292,""t"":2432},{""x"":551,""y"":281,""t"":2448},{""x"":567,""y"":273,""t"":2510},{""x"":581,""y"":265,""t"":2525},{""x"":609,""y"":257,""t"":2594},{""x"":594,""y"":240,""t"":2640},{""x"":607,""y"":227,""t"":2656},{""x"":618,""y"":208,""t"":2716},{""x"":626,""y"":191,""t"":2733},{""x"":627,""y"":199,""t"":2794},{""x"":644,""y"":194,""t"":2823},{""x"":729,""y"":218,""t"":2886},{""x"":913,""y"":227,""t"":2903},{""x"":1055,""y"":199,""t"":2944},{""x"":1153,""y"":179,""t"":2982},{""x"":1286,""y"":177,""t"":3023},{""x"":1379,""y"":151,""t"":3061},{""x"":1415,""y"":164,""t"":3125},{""x"":1442,""y"":184,""t"":3141},{""x"":1453,""y"":216,""t"":3201},{""x"":1379,""y"":246,""t"":3249},{""x"":1358,""y"":238,""t"":3265},{""x"":1127,""y"":225,""t"":3326},{""x"":985,""y"":218,""t"":3342},{""x"":926,""y"":254,""t"":3404},{""x"":737,""y"":233,""t"":3463},{""x"":635,""y"":218,""t"":3476},{""x"":644,""y"":358,""t"":3539},{""x"":615,""y"":433,""t"":3597},{""x"":603,""y"":522,""t"":3613},{""x"":598,""y"":544,""t"":3680},{""x"":574,""y"":556,""t"":3728},{""x"":532,""y"":528,""t"":3744},{""x"":513,""y"":541,""t"":3807},{""x"":493,""y"":533,""t"":3822},{""x"":501,""y"":531,""t"":3863},{""x"":521,""y"":488,""t"":3900},{""x"":500,""y"":507,""t"":3942},{""x"":482,""y"":521,""t"":3979},{""x"":454,""y"":474,""t"":4040},{""x"":432,""y"":434,""t"":4055},{""x"":433,""y"":399,""t"":4121},{""x"":453,""y"":412,""t"":4170},{""x"":471,""y"":424,""t"":4185},{""x"":490,""y"":442,""t"":4247},{""x"":515,""y"":410,""t"":4262},{""x"":577,""y"":433,""t"":4324},{""x"":625,""y"":433,""t"":4373},{""x"":634,""y"":432,""t"":4388},{""x"":697,""y"":447,""t"":4450},{""x"":682,""y"":413,""t"":4466},{""x"":672,""y"":421,""t"":4530},{""x"":651,""y"":410,""t"":4557},{""x"":661,""y"":384,""t"":4617},{""x"":668,""y"":362,""t"":4634},{""x"":690,""y"":338,""t"":4697},{""x"":709,""y"":313,""t"":4745},{""x"":734,""y"":293,""t"":4760},{""x"":668,""y"":290,""t"":4821},{""x"":628,""y"":303,""t"":4837},{""x"":602,""y"":324,""t"":4900},{""x"":560,""y"":384,""t"":4948},{""x"":536,""y"":399,""t"":4964},{""x"":531,""y"":434,""t"":5028},{""x"":500,""y"":452,""t"":5043},{""x"":472,""y"":441,""t"":5104},{""x"":459,""y"":427,""t"":5151},{""x"":434,""y"":420,""t"":5169},{""x"":475,""y"":381,""t"":5229},{""x"":480,""y"":375,""t"":5244},{""x"":516,""y"":357,""t"":5307},{""x"":559,""y"":353,""t"":5359},{""x"":597,""y"":350,""t"":5378},{""x"":612,""y"":361,""t"":5439},{""x"":632,""y"":373,""t"":5456},{""x"":635,""y"":377,""t"":5497},{""x"":667,""y"":339,""t"":5535},{""x"":694,""y"":307,""t"":5576},{""x"":688,""y"":309,""t"":5643},{""x"":674,""y"":313,""t"":5658},{""x"":707,""y"":324,""t"":5722},{""x"":700,""y"":340,""t"":5746},{""x"":700,""y"":351,""t"":5809},{""x"":691,""y"":359,""t"":5826},{""x"":693,""y"":380,""t"":5888},{""x"":668,""y"":386,""t"":5938},{""x"":646,""y"":391,""t"":5955},{""x"":610,""y"":381,""t"":6017},{""x"":674,""y"":357,""t"":6032}]",0,0.8776823880235064,0.12231761197649356,pt_b-last_b-longer,0
62-alternatives,0,33,catch_2,1.0,59.89999999850989,0.38,0.6,2.2,4.0,dominated,dominant,1,1,alternatives,0.0,False,0.8360000000000001,2.4,-1.5639999999999998,-1.3524515949845597,0.5,0.5,0.5,0.5,,1.0,,dominant,True,"{""durations"":[1250,1250,1250,1250],""attributes"":[""all"",""all"",""all"",""all""],""alternatives"":[0,1,0,1]}","[{""x"":577,""y"":455,""t"":-17},{""x"":585,""y"":458,""t"":0},{""x"":624,""y"":506,""t"":76},{""x"":649,""y"":510,""t"":144},{""x"":674,""y"":576,""t"":171},{""x"":645,""y"":616,""t"":234},{""x"":635,""y"":611,""t"":250},{""x"":533,""y"":594,""t"":311},{""x"":477,""y"":595,""t"":362},{""x"":447,""y"":603,""t"":377},{""x"":426,""y"":539,""t"":441},{""x"":422,""y"":521,""t"":458},{""x"":352,""y"":512,""t"":496},{""x"":360,""y"":558,""t"":535},{""x"":335,""y"":587,""t"":573},{""x"":341,""y"":520,""t"":611},{""x"":297,""y"":509,""t"":650},{""x"":271,""y"":513,""t"":711},{""x"":249,""y"":500,""t"":727},{""x"":210,""y"":489,""t"":794},{""x"":210,""y"":458,""t"":817},{""x"":228,""y"":440,""t"":877},{""x"":244,""y"":423,""t"":892},{""x"":213,""y"":438,""t"":956},{""x"":183,""y"":467,""t"":1008},{""x"":218,""y"":469,""t"":1025},{""x"":219,""y"":453,""t"":1088},{""x"":222,""y"":441,""t"":1102},{""x"":250,""y"":445,""t"":1144},{""x"":273,""y"":401,""t"":1182},{""x"":223,""y"":399,""t"":1221},{""x"":239,""y"":373,""t"":1260},{""x"":239,""y"":357,""t"":1325},{""x"":246,""y"":396,""t"":1340},{""x"":182,""y"":433,""t"":1382},{""x"":165,""y"":463,""t"":1423},{""x"":141,""y"":529,""t"":1461},{""x"":148,""y"":525,""t"":1500},{""x"":232,""y"":521,""t"":1560},{""x"":304,""y"":516,""t"":1576},{""x"":517,""y"":477,""t"":1637},{""x"":696,""y"":450,""t"":1689},{""x"":832,""y"":422,""t"":1711},{""x"":916,""y"":430,""t"":1779},{""x"":980,""y"":437,""t"":1803},{""x"":1035,""y"":399,""t"":1864},{""x"":1074,""y"":367,""t"":1878},{""x"":1114,""y"":354,""t"":1942},{""x"":1137,""y"":373,""t"":1993},{""x"":1157,""y"":386,""t"":2009},{""x"":1102,""y"":382,""t"":2069},{""x"":1050,""y"":379,""t"":2083},{""x"":1035,""y"":415,""t"":2144},{""x"":1038,""y"":407,""t"":2197},{""x"":1066,""y"":418,""t"":2211},{""x"":1033,""y"":409,""t"":2271},{""x"":1017,""y"":410,""t"":2289},{""x"":996,""y"":415,""t"":2351},{""x"":965,""y"":392,""t"":2411},{""x"":974,""y"":381,""t"":2426},{""x"":968,""y"":348,""t"":2490},{""x"":965,""y"":363,""t"":2537},{""x"":1000,""y"":369,""t"":2554},{""x"":1004,""y"":373,""t"":2616},{""x"":1017,""y"":396,""t"":2631},{""x"":1007,""y"":379,""t"":2694},{""x"":980,""y"":366,""t"":2721},{""x"":957,""y"":343,""t"":2781},{""x"":934,""y"":341,""t"":2798},{""x"":785,""y"":349,""t"":2862},{""x"":650,""y"":367,""t"":2917},{""x"":494,""y"":360,""t"":2932},{""x"":367,""y"":324,""t"":2997},{""x"":361,""y"":342,""t"":3047},{""x"":307,""y"":359,""t"":3061},{""x"":313,""y"":335,""t"":3126},{""x"":319,""y"":319,""t"":3140},{""x"":315,""y"":300,""t"":3203},{""x"":319,""y"":287,""t"":3231},{""x"":314,""y"":288,""t"":3293},{""x"":355,""y"":301,""t"":3307},{""x"":330,""y"":288,""t"":3371},{""x"":323,""y"":308,""t"":3422},{""x"":359,""y"":318,""t"":3436},{""x"":551,""y"":370,""t"":3498},{""x"":680,""y"":390,""t"":3516},{""x"":802,""y"":389,""t"":3577},{""x"":952,""y"":398,""t"":3605},{""x"":1036,""y"":396,""t"":3666},{""x"":1052,""y"":414,""t"":3683},{""x"":1044,""y"":426,""t"":3745},{""x"":1120,""y"":441,""t"":3795},{""x"":1179,""y"":453,""t"":3810},{""x"":1160,""y"":429,""t"":3873},{""x"":1106,""y"":396,""t"":3888},{""x"":1096,""y"":418,""t"":3952},{""x"":1084,""y"":436,""t"":3979},{""x"":1099,""y"":442,""t"":4040},{""x"":1110,""y"":447,""t"":4056},{""x"":1123,""y"":483,""t"":4122},{""x"":1132,""y"":513,""t"":4150},{""x"":1120,""y"":474,""t"":4212},{""x"":1108,""y"":439,""t"":4226},{""x"":1047,""y"":391,""t"":4289},{""x"":1004,""y"":365,""t"":4319},{""x"":1007,""y"":386,""t"":4380},{""x"":1010,""y"":404,""t"":4396},{""x"":955,""y"":391,""t"":4459},{""x"":888,""y"":364,""t"":4507},{""x"":856,""y"":345,""t"":4522},{""x"":906,""y"":362,""t"":4585},{""x"":939,""y"":385,""t"":4600},{""x"":972,""y"":392,""t"":4662},{""x"":951,""y"":377,""t"":4713},{""x"":935,""y"":380,""t"":4728},{""x"":890,""y"":386,""t"":4788},{""x"":866,""y"":390,""t"":4803},{""x"":825,""y"":371,""t"":4868},{""x"":821,""y"":423,""t"":4917},{""x"":833,""y"":465,""t"":4935},{""x"":842,""y"":463,""t"":4996},{""x"":836,""y"":432,""t"":5010},{""x"":819,""y"":414,""t"":5054},{""x"":860,""y"":385,""t"":5093},{""x"":881,""y"":400,""t"":5134},{""x"":911,""y"":400,""t"":5177},{""x"":924,""y"":410,""t"":5240},{""x"":891,""y"":364,""t"":5291},{""x"":937,""y"":350,""t"":5306},{""x"":955,""y"":317,""t"":5370},{""x"":969,""y"":289,""t"":5384},{""x"":963,""y"":297,""t"":5446},{""x"":917,""y"":274,""t"":5494},{""x"":878,""y"":256,""t"":5509},{""x"":822,""y"":317,""t"":5570},{""x"":789,""y"":336,""t"":5584}]",1,0.006456252572271116,0.9935437474277289,pt_b-last_b-longer,0
62-alternatives,0,35,exp_102,0.0,382.7000000029802,0.58,0.38,4.9,6.9,higher_p,higher_m,0,1,alternatives,0.0,False,2.842,2.6220000000000003,0.2199999999999997,0.4837536146444007,0.4,0.6,0.5,0.5,1.0,1.0,higher_m,higher_m,True,"{""durations"":[1000,1500,1000,1500],""alternatives"":[0,1,0,1],""attributes"":[""all"",""all"",""all"",""all""]}","[{""x"":679,""y"":393,""t"":-15},{""x"":723,""y"":420,""t"":0},{""x"":752,""y"":451,""t"":77},{""x"":745,""y"":437,""t"":145},{""x"":740,""y"":424,""t"":171},{""x"":673,""y"":446,""t"":232},{""x"":647,""y"":458,""t"":249},{""x"":663,""y"":445,""t"":310},{""x"":700,""y"":441,""t"":358},{""x"":732,""y"":438,""t"":375},{""x"":780,""y"":435,""t"":435},{""x"":841,""y"":447,""t"":451},{""x"":900,""y"":436,""t"":517},{""x"":921,""y"":435,""t"":544},{""x"":940,""y"":402,""t"":614},{""x"":985,""y"":393,""t"":664},{""x"":1021,""y"":385,""t"":681},{""x"":1045,""y"":421,""t"":742},{""x"":1063,""y"":452,""t"":759},{""x"":1112,""y"":461,""t"":821},{""x"":1125,""y"":484,""t"":872},{""x"":1133,""y"":503,""t"":888},{""x"":1091,""y"":476,""t"":949},{""x"":1057,""y"":458,""t"":964},{""x"":1042,""y"":427,""t"":1026},{""x"":1050,""y"":436,""t"":1055},{""x"":1049,""y"":431,""t"":1117},{""x"":1063,""y"":423,""t"":1134},{""x"":1038,""y"":413,""t"":1197},{""x"":1027,""y"":403,""t"":1244},{""x"":1017,""y"":395,""t"":1260},{""x"":876,""y"":404,""t"":1321},{""x"":778,""y"":417,""t"":1339},{""x"":667,""y"":419,""t"":1401},{""x"":577,""y"":401,""t"":1450},{""x"":509,""y"":403,""t"":1467},{""x"":421,""y"":401,""t"":1528},{""x"":391,""y"":375,""t"":1542},{""x"":357,""y"":357,""t"":1604},{""x"":343,""y"":360,""t"":1633},{""x"":286,""y"":345,""t"":1693},{""x"":293,""y"":351,""t"":1709},{""x"":240,""y"":370,""t"":1772},{""x"":287,""y"":364,""t"":1820},{""x"":316,""y"":348,""t"":1838},{""x"":307,""y"":340,""t"":1900},{""x"":302,""y"":333,""t"":1916},{""x"":336,""y"":348,""t"":1979},{""x"":354,""y"":351,""t"":2006},{""x"":365,""y"":353,""t"":2067},{""x"":434,""y"":351,""t"":2083},{""x"":416,""y"":336,""t"":2148},{""x"":480,""y"":364,""t"":2196},{""x"":545,""y"":380,""t"":2214},{""x"":582,""y"":403,""t"":2274},{""x"":610,""y"":422,""t"":2288},{""x"":611,""y"":449,""t"":2351},{""x"":617,""y"":457,""t"":2401},{""x"":621,""y"":453,""t"":2415},{""x"":567,""y"":453,""t"":2477},{""x"":520,""y"":451,""t"":2492},{""x"":433,""y"":441,""t"":2555},{""x"":459,""y"":440,""t"":2603},{""x"":482,""y"":439,""t"":2618},{""x"":491,""y"":441,""t"":2679},{""x"":495,""y"":424,""t"":2694},{""x"":456,""y"":413,""t"":2759},{""x"":492,""y"":415,""t"":2810},{""x"":514,""y"":387,""t"":2824},{""x"":647,""y"":378,""t"":2886},{""x"":779,""y"":371,""t"":2905},{""x"":863,""y"":381,""t"":2949},{""x"":954,""y"":386,""t"":2992},{""x"":1034,""y"":403,""t"":3031},{""x"":1070,""y"":388,""t"":3103},{""x"":1098,""y"":386,""t"":3129},{""x"":1138,""y"":385,""t"":3189},{""x"":1138,""y"":371,""t"":3206},{""x"":1131,""y"":375,""t"":3267},{""x"":1158,""y"":397,""t"":3322},{""x"":1173,""y"":389,""t"":3339},{""x"":1090,""y"":448,""t"":3400},{""x"":980,""y"":408,""t"":3451},{""x"":911,""y"":417,""t"":3470},{""x"":831,""y"":493,""t"":3532},{""x"":742,""y"":563,""t"":3547},{""x"":772,""y"":631,""t"":3609},{""x"":809,""y"":670,""t"":3661},{""x"":842,""y"":717,""t"":3676},{""x"":880,""y"":723,""t"":3741},{""x"":959,""y"":760,""t"":3790},{""x"":1027,""y"":778,""t"":3808},{""x"":957,""y"":703,""t"":3870},{""x"":895,""y"":635,""t"":3884},{""x"":755,""y"":514,""t"":3947},{""x"":696,""y"":492,""t"":3998},{""x"":649,""y"":474,""t"":4013},{""x"":611,""y"":435,""t"":4075},{""x"":558,""y"":384,""t"":4090},{""x"":513,""y"":378,""t"":4154},{""x"":466,""y"":355,""t"":4219},{""x"":508,""y"":326,""t"":4265},{""x"":540,""y"":312,""t"":4285},{""x"":583,""y"":262,""t"":4346},{""x"":617,""y"":245,""t"":4364},{""x"":668,""y"":285,""t"":4426},{""x"":724,""y"":297,""t"":4455},{""x"":766,""y"":322,""t"":4516},{""x"":800,""y"":344,""t"":4531},{""x"":795,""y"":360,""t"":4594},{""x"":850,""y"":373,""t"":4643},{""x"":894,""y"":384,""t"":4660},{""x"":848,""y"":361,""t"":4719},{""x"":807,""y"":341,""t"":4736},{""x"":810,""y"":312,""t"":4798},{""x"":803,""y"":330,""t"":4848},{""x"":769,""y"":351,""t"":4864},{""x"":807,""y"":344,""t"":4925},{""x"":840,""y"":347,""t"":4940},{""x"":826,""y"":344,""t"":5001},{""x"":812,""y"":368,""t"":5071},{""x"":808,""y"":348,""t"":5120},{""x"":764,""y"":376,""t"":5137},{""x"":787,""y"":382,""t"":5200},{""x"":776,""y"":425,""t"":5214},{""x"":756,""y"":388,""t"":5255},{""x"":760,""y"":388,""t"":5294},{""x"":803,""y"":410,""t"":5334},{""x"":790,""y"":399,""t"":5376},{""x"":820,""y"":417,""t"":5425},{""x"":796,""y"":431,""t"":5464},{""x"":843,""y"":455,""t"":5503},{""x"":879,""y"":470,""t"":5546},{""x"":838,""y"":450,""t"":5607},{""x"":801,""y"":431,""t"":5623},{""x"":783,""y"":409,""t"":5686},{""x"":760,""y"":410,""t"":5713},{""x"":744,""y"":398,""t"":5775},{""x"":739,""y"":391,""t"":5790},{""x"":746,""y"":381,""t"":5852},{""x"":763,""y"":404,""t"":5899},{""x"":801,""y"":423,""t"":5917},{""x"":845,""y"":419,""t"":5978},{""x"":840,""y"":377,""t"":5993}]",0,0.8652732445605958,0.13472675543940424,pt_b-last_b-longer,0
62-alternatives,0,37,exp_88,0.0,476.29999999701977,0.5,0.38,3.0,4.0,higher_p,higher_m,0,1,alternatives,0.0,False,1.5,1.52,-0.02,0.2367304922727919,0.6,0.4,0.5,0.5,0.0,1.0,higher_p,higher_m,True,"{""durations"":[1500,1000,1500,1000],""alternatives"":[0,1,0,1],""attributes"":[""all"",""all"",""all"",""all""]}","[{""x"":781,""y"":428,""t"":-22},{""x"":759,""y"":402,""t"":0},{""x"":782,""y"":389,""t"":73},{""x"":798,""y"":357,""t"":138},{""x"":804,""y"":340,""t"":193},{""x"":821,""y"":329,""t"":208},{""x"":819,""y"":310,""t"":270},{""x"":827,""y"":324,""t"":287},{""x"":821,""y"":324,""t"":326},{""x"":760,""y"":339,""t"":363},{""x"":800,""y"":353,""t"":403},{""x"":896,""y"":371,""t"":440},{""x"":944,""y"":381,""t"":478},{""x"":1019,""y"":421,""t"":540},{""x"":1082,""y"":455,""t"":556},{""x"":1093,""y"":467,""t"":618},{""x"":1113,""y"":483,""t"":668},{""x"":1078,""y"":477,""t"":683},{""x"":1071,""y"":464,""t"":743},{""x"":1062,""y"":452,""t"":758},{""x"":1095,""y"":452,""t"":821},{""x"":1131,""y"":482,""t"":871},{""x"":1160,""y"":508,""t"":886},{""x"":1144,""y"":488,""t"":949},{""x"":1135,""y"":475,""t"":964},{""x"":1172,""y"":486,""t"":1025},{""x"":1170,""y"":464,""t"":1075},{""x"":1167,""y"":446,""t"":1092},{""x"":1189,""y"":464,""t"":1153},{""x"":1157,""y"":459,""t"":1168},{""x"":1088,""y"":436,""t"":1232},{""x"":1097,""y"":432,""t"":1280},{""x"":1106,""y"":429,""t"":1295},{""x"":1076,""y"":425,""t"":1356},{""x"":1026,""y"":446,""t"":1374},{""x"":1066,""y"":404,""t"":1436},{""x"":1102,""y"":369,""t"":1463},{""x"":1087,""y"":394,""t"":1526},{""x"":1045,""y"":399,""t"":1543},{""x"":1087,""y"":406,""t"":1585},{""x"":1073,""y"":432,""t"":1623},{""x"":1075,""y"":425,""t"":1662},{""x"":1115,""y"":426,""t"":1700},{""x"":1101,""y"":416,""t"":1762},{""x"":1081,""y"":398,""t"":1777},{""x"":898,""y"":360,""t"":1841},{""x"":732,""y"":345,""t"":1870},{""x"":659,""y"":341,""t"":1931},{""x"":599,""y"":328,""t"":1945},{""x"":486,""y"":300,""t"":2009},{""x"":395,""y"":311,""t"":2058},{""x"":330,""y"":328,""t"":2075},{""x"":295,""y"":324,""t"":2138},{""x"":273,""y"":321,""t"":2153},{""x"":307,""y"":359,""t"":2216},{""x"":339,""y"":353,""t"":2245},{""x"":355,""y"":381,""t"":2307},{""x"":372,""y"":405,""t"":2322},{""x"":434,""y"":438,""t"":2385},{""x"":445,""y"":478,""t"":2432},{""x"":447,""y"":497,""t"":2450},{""x"":500,""y"":513,""t"":2516},{""x"":546,""y"":525,""t"":2530},{""x"":473,""y"":471,""t"":2594},{""x"":473,""y"":432,""t"":2619},{""x"":498,""y"":370,""t"":2681},{""x"":452,""y"":325,""t"":2697},{""x"":440,""y"":312,""t"":2761},{""x"":454,""y"":283,""t"":2808},{""x"":489,""y"":267,""t"":2822},{""x"":648,""y"":234,""t"":2884},{""x"":764,""y"":242,""t"":2899},{""x"":831,""y"":210,""t"":2961},{""x"":927,""y"":258,""t"":3012},{""x"":1003,""y"":301,""t"":3027},{""x"":1020,""y"":315,""t"":3092},{""x"":1085,""y"":355,""t"":3107},{""x"":1090,""y"":352,""t"":3170},{""x"":1105,""y"":371,""t"":3197},{""x"":1130,""y"":359,""t"":3258},{""x"":1123,""y"":368,""t"":3273},{""x"":1102,""y"":358,""t"":3336},{""x"":1066,""y"":399,""t"":3389},{""x"":1092,""y"":436,""t"":3405},{""x"":1097,""y"":440,""t"":3469},{""x"":1136,""y"":511,""t"":3517},{""x"":1158,""y"":575,""t"":3537},{""x"":1140,""y"":577,""t"":3600},{""x"":1123,""y"":575,""t"":3615},{""x"":1123,""y"":531,""t"":3677},{""x"":1100,""y"":492,""t"":3725},{""x"":1069,""y"":433,""t"":3741},{""x"":1121,""y"":430,""t"":3803},{""x"":1153,""y"":417,""t"":3820},{""x"":1170,""y"":381,""t"":3881},{""x"":1136,""y"":385,""t"":3928},{""x"":1130,""y"":390,""t"":3946},{""x"":935,""y"":340,""t"":4007},{""x"":770,""y"":299,""t"":4022},{""x"":624,""y"":285,""t"":4083},{""x"":545,""y"":256,""t"":4131},{""x"":472,""y"":244,""t"":4149},{""x"":399,""y"":236,""t"":4211},{""x"":352,""y"":222,""t"":4226},{""x"":311,""y"":228,""t"":4288},{""x"":292,""y"":207,""t"":4354},{""x"":245,""y"":215,""t"":4402},{""x"":210,""y"":223,""t"":4422},{""x"":191,""y"":207,""t"":4483},{""x"":181,""y"":194,""t"":4498},{""x"":254,""y"":275,""t"":4562},{""x"":403,""y"":334,""t"":4612},{""x"":537,""y"":401,""t"":4628},{""x"":615,""y"":488,""t"":4687},{""x"":583,""y"":522,""t"":4703},{""x"":686,""y"":577,""t"":4764},{""x"":809,""y"":563,""t"":4821},{""x"":888,""y"":585,""t"":4836},{""x"":979,""y"":616,""t"":4897},{""x"":1040,""y"":612,""t"":4946},{""x"":1085,""y"":605,""t"":4964},{""x"":1046,""y"":574,""t"":5023},{""x"":1032,""y"":522,""t"":5038},{""x"":986,""y"":448,""t"":5102},{""x"":966,""y"":434,""t"":5151},{""x"":952,""y"":417,""t"":5169},{""x"":959,""y"":407,""t"":5229},{""x"":962,""y"":400,""t"":5243},{""x"":988,""y"":384,""t"":5304},{""x"":975,""y"":370,""t"":5320},{""x"":943,""y"":381,""t"":5359},{""x"":889,""y"":390,""t"":5397},{""x"":936,""y"":373,""t"":5438},{""x"":937,""y"":377,""t"":5476},{""x"":939,""y"":370,""t"":5537},{""x"":948,""y"":369,""t"":5553},{""x"":960,""y"":380,""t"":5618},{""x"":942,""y"":389,""t"":5680},{""x"":931,""y"":371,""t"":5728},{""x"":928,""y"":358,""t"":5747},{""x"":886,""y"":370,""t"":5809},{""x"":850,""y"":380,""t"":5824},{""x"":879,""y"":371,""t"":5886},{""x"":835,""y"":360,""t"":5935},{""x"":789,""y"":353,""t"":5950},{""x"":818,""y"":373,""t"":6012},{""x"":878,""y"":381,""t"":6027}]",1,0.6213618931636293,0.3786381068363706,pt_b-last_b-longer,0
62-alternatives,0,39,exp_36,0.0,210.80000000447035,0.79,0.7,2.0,3.2,higher_p,higher_m,0,1,alternatives,0.0,False,1.58,2.24,-0.6599999999999997,-0.4219978340514986,0.4,0.6,0.5,0.5,1.0,0.0,higher_m,higher_p,True,"{""durations"":[1500,1000,1500,1000],""alternatives"":[1,0,1,0],""attributes"":[""all"",""all"",""all"",""all""]}","[{""x"":769,""y"":328,""t"":-41},{""x"":780,""y"":334,""t"":0},{""x"":781,""y"":354,""t"":75},{""x"":731,""y"":386,""t"":143},{""x"":690,""y"":396,""t"":170},{""x"":717,""y"":387,""t"":232},{""x"":740,""y"":414,""t"":249},{""x"":741,""y"":400,""t"":312},{""x"":824,""y"":442,""t"":362},{""x"":885,""y"":471,""t"":376},{""x"":954,""y"":490,""t"":438},{""x"":1011,""y"":505,""t"":455},{""x"":1043,""y"":481,""t"":517},{""x"":1083,""y"":493,""t"":545},{""x"":1161,""y"":488,""t"":606},{""x"":1168,""y"":467,""t"":622},{""x"":1237,""y"":457,""t"":685},{""x"":1229,""y"":440,""t"":733},{""x"":1205,""y"":413,""t"":752},{""x"":1194,""y"":426,""t"":823},{""x"":1182,""y"":439,""t"":851},{""x"":1198,""y"":500,""t"":915},{""x"":1193,""y"":527,""t"":932},{""x"":1147,""y"":578,""t"":994},{""x"":1141,""y"":627,""t"":1021},{""x"":1102,""y"":634,""t"":1085},{""x"":1069,""y"":638,""t"":1100},{""x"":1058,""y"":618,""t"":1162},{""x"":1088,""y"":589,""t"":1191},{""x"":1089,""y"":559,""t"":1254},{""x"":1025,""y"":546,""t"":1271},{""x"":996,""y"":516,""t"":1313},{""x"":1034,""y"":521,""t"":1350},{""x"":1026,""y"":502,""t"":1389},{""x"":1033,""y"":431,""t"":1428},{""x"":977,""y"":423,""t"":1466},{""x"":1060,""y"":427,""t"":1527},{""x"":1096,""y"":441,""t"":1545},{""x"":1162,""y"":447,""t"":1588},{""x"":1016,""y"":416,""t"":1627},{""x"":844,""y"":372,""t"":1668},{""x"":725,""y"":352,""t"":1729},{""x"":611,""y"":353,""t"":1750},{""x"":531,""y"":360,""t"":1791},{""x"":448,""y"":361,""t"":1828},{""x"":345,""y"":351,""t"":1867},{""x"":259,""y"":334,""t"":1908},{""x"":244,""y"":375,""t"":1968},{""x"":268,""y"":350,""t"":1983},{""x"":265,""y"":355,""t"":2048},{""x"":285,""y"":357,""t"":2075},{""x"":265,""y"":385,""t"":2136},{""x"":274,""y"":358,""t"":2158},{""x"":297,""y"":345,""t"":2198},{""x"":273,""y"":324,""t"":2237},{""x"":272,""y"":305,""t"":2278},{""x"":307,""y"":265,""t"":2317},{""x"":376,""y"":262,""t"":2377},{""x"":357,""y"":260,""t"":2394},{""x"":389,""y"":250,""t"":2434},{""x"":389,""y"":266,""t"":2473},{""x"":447,""y"":287,""t"":2513},{""x"":477,""y"":300,""t"":2552},{""x"":456,""y"":304,""t"":2618},{""x"":410,""y"":326,""t"":2666},{""x"":455,""y"":333,""t"":2686},{""x"":453,""y"":342,""t"":2747},{""x"":482,""y"":350,""t"":2763},{""x"":519,""y"":373,""t"":2824},{""x"":579,""y"":379,""t"":2874},{""x"":654,""y"":395,""t"":2891},{""x"":754,""y"":413,""t"":2951},{""x"":893,""y"":459,""t"":2968},{""x"":1015,""y"":468,""t"":3029},{""x"":1103,""y"":471,""t"":3083},{""x"":1187,""y"":475,""t"":3097},{""x"":1182,""y"":540,""t"":3159},{""x"":1101,""y"":542,""t"":3175},{""x"":1138,""y"":580,""t"":3216},{""x"":1127,""y"":598,""t"":3253},{""x"":1038,""y"":622,""t"":3292},{""x"":1014,""y"":605,""t"":3332},{""x"":933,""y"":628,""t"":3370},{""x"":950,""y"":629,""t"":3429},{""x"":988,""y"":652,""t"":3446},{""x"":970,""y"":687,""t"":3508},{""x"":828,""y"":578,""t"":3557},{""x"":721,""y"":536,""t"":3574},{""x"":659,""y"":469,""t"":3633},{""x"":670,""y"":375,""t"":3649},{""x"":620,""y"":336,""t"":3713},{""x"":496,""y"":416,""t"":3761},{""x"":419,""y"":506,""t"":3776},{""x"":426,""y"":553,""t"":3838},{""x"":424,""y"":602,""t"":3854},{""x"":454,""y"":628,""t"":3917},{""x"":455,""y"":629,""t"":3945},{""x"":500,""y"":631,""t"":4007},{""x"":557,""y"":627,""t"":4023},{""x"":597,""y"":627,""t"":4085},{""x"":643,""y"":642,""t"":4148},{""x"":653,""y"":635,""t"":4200},{""x"":660,""y"":627,""t"":4216},{""x"":637,""y"":617,""t"":4275},{""x"":617,""y"":608,""t"":4290},{""x"":643,""y"":629,""t"":4353},{""x"":639,""y"":643,""t"":4405},{""x"":644,""y"":645,""t"":4421},{""x"":539,""y"":603,""t"":4482},{""x"":517,""y"":556,""t"":4496},{""x"":498,""y"":522,""t"":4560},{""x"":449,""y"":488,""t"":4612},{""x"":387,""y"":488,""t"":4626},{""x"":376,""y"":465,""t"":4691},{""x"":305,""y"":440,""t"":4709},{""x"":305,""y"":450,""t"":4747},{""x"":292,""y"":436,""t"":4785},{""x"":373,""y"":406,""t"":4823},{""x"":388,""y"":353,""t"":4863},{""x"":426,""y"":370,""t"":4921},{""x"":472,""y"":408,""t"":4937},{""x"":461,""y"":387,""t"":4998},{""x"":438,""y"":377,""t"":5049},{""x"":419,""y"":371,""t"":5067},{""x"":457,""y"":354,""t"":5126},{""x"":492,""y"":323,""t"":5144},{""x"":482,""y"":320,""t"":5208},{""x"":467,""y"":301,""t"":5237},{""x"":487,""y"":296,""t"":5296},{""x"":504,""y"":294,""t"":5312},{""x"":444,""y"":300,""t"":5378},{""x"":441,""y"":302,""t"":5443},{""x"":465,""y"":331,""t"":5491},{""x"":486,""y"":356,""t"":5509},{""x"":483,""y"":370,""t"":5570},{""x"":480,""y"":381,""t"":5585},{""x"":479,""y"":394,""t"":5649},{""x"":477,""y"":399,""t"":5712},{""x"":473,""y"":390,""t"":5762},{""x"":458,""y"":367,""t"":5780}]",1,0.40341270809406243,0.5965872919059376,pt_b-last_b-longer,0
62-alternatives,0,40,exp_94,0.0,168.19999999552965,0.5,0.38,3.0,4.0,higher_p,higher_m,0,1,alternatives,0.0,False,1.5,1.52,-0.02,0.2367304922727919,0.4,0.6,0.5,0.5,1.0,1.0,higher_m,higher_m,True,"{""durations"":[1000,1500,1000,1500],""alternatives"":[0,1,0,1],""attributes"":[""all"",""all"",""all"",""all""]}","[{""x"":790,""y"":485,""t"":-41},{""x"":806,""y"":482,""t"":0},{""x"":807,""y"":475,""t"":77},{""x"":823,""y"":463,""t"":146},{""x"":833,""y"":452,""t"":173},{""x"":818,""y"":449,""t"":237},{""x"":775,""y"":458,""t"":255},{""x"":736,""y"":466,""t"":314},{""x"":698,""y"":463,""t"":375},{""x"":738,""y"":456,""t"":441},{""x"":704,""y"":454,""t"":457},{""x"":644,""y"":428,""t"":496},{""x"":572,""y"":408,""t"":535},{""x"":536,""y"":404,""t"":573},{""x"":491,""y"":381,""t"":613},{""x"":455,""y"":360,""t"":674},{""x"":421,""y"":339,""t"":688},{""x"":442,""y"":351,""t"":752},{""x"":415,""y"":313,""t"":803},{""x"":393,""y"":282,""t"":817},{""x"":403,""y"":279,""t"":880},{""x"":414,""y"":277,""t"":896},{""x"":445,""y"":286,""t"":960},{""x"":438,""y"":291,""t"":986},{""x"":390,""y"":324,""t"":1052},{""x"":384,""y"":319,""t"":1067},{""x"":345,""y"":325,""t"":1129},{""x"":314,""y"":330,""t"":1156},{""x"":326,""y"":338,""t"":1217},{""x"":337,""y"":340,""t"":1233},{""x"":325,""y"":326,""t"":1296},{""x"":370,""y"":329,""t"":1346},{""x"":411,""y"":329,""t"":1360},{""x"":610,""y"":314,""t"":1420},{""x"":745,""y"":329,""t"":1438},{""x"":875,""y"":338,""t"":1512},{""x"":981,""y"":346,""t"":1531},{""x"":1006,""y"":403,""t"":1595},{""x"":1030,""y"":439,""t"":1610},{""x"":1099,""y"":451,""t"":1672},{""x"":1154,""y"":428,""t"":1720},{""x"":1224,""y"":428,""t"":1735},{""x"":1253,""y"":416,""t"":1796},{""x"":1277,""y"":403,""t"":1812},{""x"":1307,""y"":383,""t"":1873},{""x"":1343,""y"":386,""t"":1922},{""x"":1366,""y"":416,""t"":1940},{""x"":1347,""y"":381,""t"":2000},{""x"":1289,""y"":320,""t"":2016},{""x"":1267,""y"":319,""t"":2079},{""x"":1231,""y"":313,""t"":2129},{""x"":1204,""y"":308,""t"":2144},{""x"":1180,""y"":312,""t"":2207},{""x"":1177,""y"":335,""t"":2222},{""x"":1191,""y"":367,""t"":2284},{""x"":1136,""y"":395,""t"":2331},{""x"":1122,""y"":395,""t"":2347},{""x"":1109,""y"":392,""t"":2409},{""x"":1096,""y"":391,""t"":2426},{""x"":1101,""y"":404,""t"":2488},{""x"":1103,""y"":406,""t"":2537},{""x"":1104,""y"":406,""t"":2555},{""x"":1176,""y"":419,""t"":2617},{""x"":1201,""y"":445,""t"":2633},{""x"":1207,""y"":480,""t"":2673},{""x"":1213,""y"":441,""t"":2712},{""x"":1189,""y"":422,""t"":2751},{""x"":1204,""y"":419,""t"":2789},{""x"":1014,""y"":402,""t"":2852},{""x"":870,""y"":362,""t"":2867},{""x"":741,""y"":346,""t"":2930},{""x"":618,""y"":301,""t"":2977},{""x"":513,""y"":266,""t"":2993},{""x"":437,""y"":258,""t"":3055},{""x"":385,""y"":214,""t"":3070},{""x"":379,""y"":255,""t"":3134},{""x"":431,""y"":251,""t"":3184},{""x"":466,""y"":245,""t"":3198},{""x"":569,""y"":356,""t"":3259},{""x"":627,""y"":459,""t"":3275},{""x"":585,""y"":503,""t"":3337},{""x"":642,""y"":568,""t"":3386},{""x"":660,""y"":588,""t"":3403},{""x"":702,""y"":634,""t"":3465},{""x"":777,""y"":690,""t"":3480},{""x"":799,""y"":728,""t"":3542},{""x"":776,""y"":625,""t"":3591},{""x"":787,""y"":565,""t"":3608},{""x"":828,""y"":617,""t"":3669},{""x"":860,""y"":663,""t"":3684},{""x"":881,""y"":663,""t"":3746},{""x"":901,""y"":656,""t"":3775},{""x"":910,""y"":616,""t"":3836},{""x"":916,""y"":581,""t"":3850},{""x"":926,""y"":565,""t"":3909},{""x"":892,""y"":556,""t"":3923},{""x"":916,""y"":523,""t"":3965},{""x"":862,""y"":489,""t"":4004},{""x"":851,""y"":507,""t"":4044},{""x"":836,""y"":497,""t"":4083},{""x"":920,""y"":446,""t"":4147},{""x"":913,""y"":413,""t"":4164},{""x"":946,""y"":392,""t"":4203},{""x"":976,""y"":386,""t"":4242},{""x"":978,""y"":366,""t"":4281},{""x"":996,""y"":350,""t"":4318},{""x"":999,""y"":351,""t"":4358},{""x"":1011,""y"":344,""t"":4419},{""x"":1008,""y"":342,""t"":4436},{""x"":982,""y"":323,""t"":4477},{""x"":912,""y"":321,""t"":4515},{""x"":877,""y"":347,""t"":4552},{""x"":851,""y"":378,""t"":4591},{""x"":800,""y"":392,""t"":4651},{""x"":757,""y"":403,""t"":4666},{""x"":669,""y"":423,""t"":4728},{""x"":657,""y"":419,""t"":4788},{""x"":610,""y"":410,""t"":4804},{""x"":610,""y"":422,""t"":4867},{""x"":596,""y"":391,""t"":4912},{""x"":587,""y"":365,""t"":4930},{""x"":618,""y"":375,""t"":4992},{""x"":647,""y"":390,""t"":5007},{""x"":616,""y"":376,""t"":5069},{""x"":568,""y"":374,""t"":5119},{""x"":596,""y"":411,""t"":5135},{""x"":623,""y"":440,""t"":5196},{""x"":637,""y"":458,""t"":5213},{""x"":654,""y"":431,""t"":5277},{""x"":659,""y"":410,""t"":5304},{""x"":661,""y"":422,""t"":5367},{""x"":606,""y"":421,""t"":5381},{""x"":624,""y"":433,""t"":5445},{""x"":623,""y"":410,""t"":5495},{""x"":623,""y"":391,""t"":5510},{""x"":639,""y"":386,""t"":5570},{""x"":665,""y"":401,""t"":5585},{""x"":663,""y"":392,""t"":5648},{""x"":673,""y"":393,""t"":5697},{""x"":680,""y"":393,""t"":5713}]",1,0.6757057783681089,0.3242942216318911,pt_b-last_b-longer,0
62-alternatives,0,41,exp_60,1.0,204.09999999403956,0.41,0.21,1.7999999999999998,6.2,higher_p,higher_m,0,1,alternatives,0.0,False,0.7379999999999999,1.302,-0.5640000000000002,-0.3231885851028555,0.4,0.6,0.5,0.5,1.0,0.0,higher_m,higher_p,False,"{""durations"":[1500,1000,1500,1000],""alternatives"":[1,0,1,0],""attributes"":[""all"",""all"",""all"",""all""]}","[{""x"":790,""y"":508,""t"":-17},{""x"":829,""y"":536,""t"":0},{""x"":861,""y"":514,""t"":103},{""x"":875,""y"":482,""t"":136},{""x"":849,""y"":443,""t"":198},{""x"":819,""y"":422,""t"":214},{""x"":794,""y"":396,""t"":277},{""x"":804,""y"":376,""t"":327},{""x"":733,""y"":364,""t"":344},{""x"":723,""y"":356,""t"":406},{""x"":722,""y"":324,""t"":422},{""x"":685,""y"":345,""t"":463},{""x"":696,""y"":342,""t"":502},{""x"":765,""y"":359,""t"":541},{""x"":833,""y"":372,""t"":581},{""x"":951,""y"":387,""t"":644},{""x"":950,""y"":385,""t"":658},{""x"":976,""y"":393,""t"":701},{""x"":1069,""y"":408,""t"":739},{""x"":1070,""y"":377,""t"":778},{""x"":1080,""y"":370,""t"":818},{""x"":1123,""y"":381,""t"":886},{""x"":1139,""y"":398,""t"":939},{""x"":1133,""y"":395,""t"":955},{""x"":1092,""y"":400,""t"":1018},{""x"":1122,""y"":404,""t"":1033},{""x"":1163,""y"":385,""t"":1075},{""x"":1196,""y"":369,""t"":1124},{""x"":1215,""y"":384,""t"":1188},{""x"":1235,""y"":393,""t"":1204},{""x"":1267,""y"":409,""t"":1267},{""x"":1291,""y"":421,""t"":1292},{""x"":1279,""y"":423,""t"":1355},{""x"":1266,""y"":425,""t"":1370},{""x"":1236,""y"":399,""t"":1432},{""x"":1226,""y"":408,""t"":1485},{""x"":1201,""y"":416,""t"":1500},{""x"":1138,""y"":434,""t"":1565},{""x"":1133,""y"":417,""t"":1613},{""x"":1099,""y"":413,""t"":1634},{""x"":1029,""y"":406,""t"":1695},{""x"":1055,""y"":431,""t"":1712},{""x"":938,""y"":454,""t"":1774},{""x"":780,""y"":447,""t"":1822},{""x"":678,""y"":428,""t"":1838},{""x"":545,""y"":416,""t"":1903},{""x"":439,""y"":425,""t"":1918},{""x"":375,""y"":417,""t"":1956},{""x"":321,""y"":433,""t"":1997},{""x"":289,""y"":401,""t"":2036},{""x"":295,""y"":390,""t"":2075},{""x"":305,""y"":403,""t"":2136},{""x"":321,""y"":365,""t"":2154},{""x"":313,""y"":358,""t"":2196},{""x"":337,""y"":357,""t"":2235},{""x"":379,""y"":329,""t"":2275},{""x"":365,""y"":317,""t"":2314},{""x"":358,""y"":327,""t"":2375},{""x"":354,""y"":336,""t"":2390},{""x"":406,""y"":364,""t"":2452},{""x"":435,""y"":332,""t"":2500},{""x"":506,""y"":327,""t"":2516},{""x"":500,""y"":338,""t"":2582},{""x"":484,""y"":359,""t"":2598},{""x"":496,""y"":366,""t"":2660},{""x"":509,""y"":361,""t"":2710},{""x"":525,""y"":353,""t"":2725},{""x"":560,""y"":326,""t"":2785},{""x"":727,""y"":367,""t"":2802},{""x"":887,""y"":395,""t"":2843},{""x"":978,""y"":403,""t"":2881},{""x"":1086,""y"":416,""t"":2920},{""x"":1154,""y"":405,""t"":2960},{""x"":1204,""y"":410,""t"":3021},{""x"":1239,""y"":413,""t"":3035},{""x"":1286,""y"":374,""t"":3099},{""x"":1281,""y"":396,""t"":3150},{""x"":1270,""y"":440,""t"":3166},{""x"":1238,""y"":447,""t"":3227},{""x"":1235,""y"":466,""t"":3242},{""x"":1281,""y"":500,""t"":3304},{""x"":1246,""y"":476,""t"":3352},{""x"":1221,""y"":448,""t"":3367},{""x"":1167,""y"":430,""t"":3427},{""x"":1144,""y"":418,""t"":3444},{""x"":1186,""y"":419,""t"":3508},{""x"":1225,""y"":414,""t"":3556},{""x"":1281,""y"":398,""t"":3571},{""x"":1276,""y"":405,""t"":3635},{""x"":1270,""y"":412,""t"":3651},{""x"":1183,""y"":385,""t"":3714},{""x"":1071,""y"":381,""t"":3742},{""x"":1045,""y"":457,""t"":3801},{""x"":1018,""y"":524,""t"":3817},{""x"":1011,""y"":536,""t"":3881},{""x"":994,""y"":517,""t"":3930},{""x"":970,""y"":491,""t"":3946},{""x"":975,""y"":483,""t"":4008},{""x"":996,""y"":459,""t"":4022},{""x"":972,""y"":449,""t"":4088},{""x"":1004,""y"":429,""t"":4136},{""x"":1054,""y"":417,""t"":4153},{""x"":1045,""y"":416,""t"":4215},{""x"":961,""y"":415,""t"":4230},{""x"":889,""y"":433,""t"":4271},{""x"":776,""y"":435,""t"":4309},{""x"":679,""y"":434,""t"":4349},{""x"":567,""y"":445,""t"":4388},{""x"":523,""y"":434,""t"":4449},{""x"":491,""y"":424,""t"":4465},{""x"":469,""y"":388,""t"":4526},{""x"":450,""y"":394,""t"":4576},{""x"":438,""y"":398,""t"":4592},{""x"":418,""y"":365,""t"":4654},{""x"":404,""y"":338,""t"":4670},{""x"":389,""y"":329,""t"":4732},{""x"":383,""y"":350,""t"":4760},{""x"":421,""y"":380,""t"":4820},{""x"":434,""y"":393,""t"":4837},{""x"":373,""y"":402,""t"":4901},{""x"":363,""y"":403,""t"":4951},{""x"":388,""y"":392,""t"":4965},{""x"":394,""y"":389,""t"":5027},{""x"":399,""y"":387,""t"":5043},{""x"":419,""y"":366,""t"":5108},{""x"":429,""y"":378,""t"":5155},{""x"":435,""y"":347,""t"":5172},{""x"":570,""y"":366,""t"":5233},{""x"":669,""y"":391,""t"":5247},{""x"":811,""y"":426,""t"":5312},{""x"":890,""y"":467,""t"":5339},{""x"":976,""y"":522,""t"":5400},{""x"":1063,""y"":567,""t"":5417},{""x"":1048,""y"":619,""t"":5479},{""x"":903,""y"":638,""t"":5524},{""x"":778,""y"":632,""t"":5544},{""x"":752,""y"":494,""t"":5605},{""x"":730,""y"":375,""t"":5620},{""x"":778,""y"":259,""t"":5685},{""x"":811,""y"":147,""t"":5712}]",1,0.2820645255252593,0.7179354744747407,pt_b-last_b-longer,0
62-alternatives,0,47,catch_4,1.0,235.80000000447035,0.19,0.31,4.0,7.3,dominated,dominant,1,1,alternatives,0.0,False,0.76,2.263,-1.503,-1.2896665513817758,0.5,0.5,0.5,0.5,,1.0,,dominant,True,"{""durations"":[1250,1250,1250,1250],""attributes"":[""all"",""all"",""all"",""all""],""alternatives"":[0,1,0,1]}","[{""x"":753,""y"":430,""t"":-16},{""x"":801,""y"":407,""t"":0},{""x"":771,""y"":408,""t"":78},{""x"":784,""y"":412,""t"":148},{""x"":833,""y"":427,""t"":171},{""x"":858,""y"":452,""t"":233},{""x"":840,""y"":410,""t"":251},{""x"":849,""y"":427,""t"":315},{""x"":787,""y"":417,""t"":342},{""x"":863,""y"":445,""t"":403},{""x"":955,""y"":464,""t"":417},{""x"":1018,""y"":496,""t"":480},{""x"":1063,""y"":495,""t"":531},{""x"":1117,""y"":535,""t"":546},{""x"":1138,""y"":532,""t"":606},{""x"":1196,""y"":547,""t"":624},{""x"":1183,""y"":524,""t"":686},{""x"":1194,""y"":481,""t"":736},{""x"":1201,""y"":443,""t"":752},{""x"":1223,""y"":419,""t"":813},{""x"":1236,""y"":390,""t"":829},{""x"":1229,""y"":392,""t"":892},{""x"":1218,""y"":401,""t"":938},{""x"":1231,""y"":412,""t"":955},{""x"":1254,""y"":422,""t"":1017},{""x"":1273,""y"":423,""t"":1032},{""x"":1271,""y"":458,""t"":1095},{""x"":1253,""y"":459,""t"":1123},{""x"":1258,""y"":438,""t"":1182},{""x"":1247,""y"":441,""t"":1197},{""x"":1158,""y"":486,""t"":1263},{""x"":999,""y"":509,""t"":1315},{""x"":841,""y"":481,""t"":1332},{""x"":722,""y"":460,""t"":1396},{""x"":597,""y"":429,""t"":1447},{""x"":498,""y"":402,""t"":1464},{""x"":378,""y"":422,""t"":1526},{""x"":284,""y"":440,""t"":1542},{""x"":308,""y"":444,""t"":1602},{""x"":324,""y"":432,""t"":1653},{""x"":314,""y"":434,""t"":1669},{""x"":344,""y"":441,""t"":1732},{""x"":376,""y"":448,""t"":1746},{""x"":391,""y"":432,""t"":1808},{""x"":379,""y"":416,""t"":1836},{""x"":392,""y"":381,""t"":1897},{""x"":419,""y"":371,""t"":1915},{""x"":430,""y"":365,""t"":1976},{""x"":461,""y"":348,""t"":2026},{""x"":488,""y"":334,""t"":2041},{""x"":561,""y"":299,""t"":2103},{""x"":613,""y"":276,""t"":2120},{""x"":614,""y"":251,""t"":2179},{""x"":584,""y"":239,""t"":2233},{""x"":556,""y"":232,""t"":2249},{""x"":523,""y"":251,""t"":2311},{""x"":456,""y"":302,""t"":2328},{""x"":416,""y"":345,""t"":2370},{""x"":409,""y"":405,""t"":2409},{""x"":449,""y"":445,""t"":2447},{""x"":474,""y"":488,""t"":2485},{""x"":505,""y"":489,""t"":2546},{""x"":569,""y"":474,""t"":2564},{""x"":760,""y"":480,""t"":2606},{""x"":900,""y"":459,""t"":2645},{""x"":1042,""y"":424,""t"":2685},{""x"":1168,""y"":403,""t"":2723},{""x"":1203,""y"":428,""t"":2785},{""x"":1211,""y"":447,""t"":2802},{""x"":1247,""y"":468,""t"":2862},{""x"":1282,""y"":471,""t"":2909},{""x"":1290,""y"":465,""t"":2925},{""x"":1267,""y"":499,""t"":2990},{""x"":1287,""y"":475,""t"":3005},{""x"":1269,""y"":453,""t"":3047},{""x"":1218,""y"":433,""t"":3086},{""x"":1215,""y"":410,""t"":3125},{""x"":1272,""y"":384,""t"":3164},{""x"":1257,""y"":365,""t"":3224},{""x"":1225,""y"":347,""t"":3237},{""x"":1188,""y"":356,""t"":3302},{""x"":1134,""y"":371,""t"":3351},{""x"":1079,""y"":426,""t"":3367},{""x"":1003,""y"":498,""t"":3428},{""x"":940,""y"":559,""t"":3444},{""x"":860,""y"":502,""t"":3507},{""x"":792,""y"":515,""t"":3557},{""x"":727,""y"":528,""t"":3575},{""x"":654,""y"":548,""t"":3634},{""x"":603,""y"":573,""t"":3649},{""x"":555,""y"":575,""t"":3712},{""x"":565,""y"":553,""t"":3763},{""x"":578,""y"":534,""t"":3778},{""x"":545,""y"":511,""t"":3840},{""x"":531,""y"":505,""t"":3857},{""x"":532,""y"":441,""t"":3898},{""x"":513,""y"":379,""t"":3936},{""x"":529,""y"":352,""t"":3975},{""x"":545,""y"":330,""t"":4014},{""x"":592,""y"":369,""t"":4077},{""x"":635,""y"":404,""t"":4093},{""x"":657,""y"":417,""t"":4156},{""x"":670,""y"":422,""t"":4182},{""x"":655,""y"":430,""t"":4242},{""x"":615,""y"":418,""t"":4258},{""x"":603,""y"":394,""t"":4321},{""x"":609,""y"":411,""t"":4371},{""x"":612,""y"":442,""t"":4387},{""x"":594,""y"":439,""t"":4451},{""x"":579,""y"":436,""t"":4468},{""x"":586,""y"":423,""t"":4532},{""x"":584,""y"":425,""t"":4557},{""x"":581,""y"":390,""t"":4617},{""x"":569,""y"":362,""t"":4631},{""x"":588,""y"":360,""t"":4696},{""x"":588,""y"":365,""t"":4744},{""x"":579,""y"":391,""t"":4762},{""x"":588,""y"":402,""t"":4823},{""x"":595,""y"":411,""t"":4839},{""x"":613,""y"":398,""t"":4902},{""x"":628,""y"":387,""t"":4930},{""x"":620,""y"":409,""t"":4992},{""x"":619,""y"":408,""t"":5006},{""x"":608,""y"":447,""t"":5068},{""x"":626,""y"":423,""t"":5131},{""x"":615,""y"":394,""t"":5148},{""x"":632,""y"":400,""t"":5188},{""x"":634,""y"":377,""t"":5227},{""x"":656,""y"":389,""t"":5265},{""x"":649,""y"":364,""t"":5303},{""x"":609,""y"":380,""t"":5343},{""x"":602,""y"":397,""t"":5409},{""x"":592,""y"":395,""t"":5457},{""x"":585,""y"":393,""t"":5474},{""x"":525,""y"":387,""t"":5535},{""x"":510,""y"":423,""t"":5552},{""x"":501,""y"":418,""t"":5614},{""x"":529,""y"":399,""t"":5665},{""x"":553,""y"":383,""t"":5679},{""x"":559,""y"":386,""t"":5741},{""x"":560,""y"":362,""t"":5757},{""x"":569,""y"":373,""t"":5820}]",1,0.01885491445990249,0.9811450855400976,pt_b-last_b-longer,0
62-alternatives,0,49,exp_8,0.0,307.3999999985099,0.7,0.29,1.7999999999999998,5.0,higher_p,higher_m,0,1,alternatives,0.0,False,1.2599999999999998,1.45,-0.1900000000000001,0.0617557805929019,0.6,0.4,0.5,0.5,0.0,1.0,higher_p,higher_m,True,"{""durations"":[1500,1000,1500,1000],""alternatives"":[0,1,0,1],""attributes"":[""all"",""all"",""all"",""all""]}","[{""x"":669,""y"":325,""t"":-25},{""x"":759,""y"":339,""t"":0},{""x"":769,""y"":343,""t"":79},{""x"":794,""y"":382,""t"":148},{""x"":837,""y"":380,""t"":172},{""x"":847,""y"":379,""t"":235},{""x"":854,""y"":353,""t"":250},{""x"":783,""y"":413,""t"":313},{""x"":727,""y"":453,""t"":341},{""x"":613,""y"":411,""t"":401},{""x"":536,""y"":401,""t"":416},{""x"":535,""y"":406,""t"":478},{""x"":493,""y"":353,""t"":529},{""x"":458,""y"":347,""t"":545},{""x"":477,""y"":348,""t"":607},{""x"":483,""y"":372,""t"":622},{""x"":510,""y"":365,""t"":686},{""x"":551,""y"":354,""t"":715},{""x"":575,""y"":346,""t"":776},{""x"":604,""y"":347,""t"":790},{""x"":639,""y"":339,""t"":853},{""x"":608,""y"":337,""t"":901},{""x"":564,""y"":339,""t"":919},{""x"":581,""y"":372,""t"":980},{""x"":569,""y"":402,""t"":996},{""x"":557,""y"":398,""t"":1059},{""x"":583,""y"":433,""t"":1105},{""x"":605,""y"":461,""t"":1122},{""x"":726,""y"":479,""t"":1183},{""x"":829,""y"":493,""t"":1198},{""x"":898,""y"":494,""t"":1260},{""x"":1012,""y"":498,""t"":1309},{""x"":1094,""y"":514,""t"":1327},{""x"":1184,""y"":530,""t"":1388},{""x"":1225,""y"":517,""t"":1405},{""x"":1241,""y"":537,""t"":1467},{""x"":1283,""y"":550,""t"":1517},{""x"":1308,""y"":553,""t"":1534},{""x"":1268,""y"":538,""t"":1598},{""x"":1271,""y"":547,""t"":1613},{""x"":1261,""y"":566,""t"":1655},{""x"":1222,""y"":527,""t"":1692},{""x"":1167,""y"":494,""t"":1731},{""x"":1122,""y"":457,""t"":1771},{""x"":1141,""y"":481,""t"":1833},{""x"":1135,""y"":477,""t"":1849},{""x"":1143,""y"":454,""t"":1909},{""x"":1178,""y"":437,""t"":1957},{""x"":1183,""y"":414,""t"":1973},{""x"":1186,""y"":409,""t"":2035},{""x"":1187,""y"":406,""t"":2052},{""x"":1175,""y"":408,""t"":2115},{""x"":1197,""y"":422,""t"":2163},{""x"":1216,""y"":434,""t"":2179},{""x"":1096,""y"":519,""t"":2241},{""x"":1033,""y"":584,""t"":2257},{""x"":864,""y"":500,""t"":2319},{""x"":695,""y"":427,""t"":2347},{""x"":650,""y"":362,""t"":2407},{""x"":628,""y"":336,""t"":2421},{""x"":577,""y"":275,""t"":2483},{""x"":427,""y"":288,""t"":2532},{""x"":359,""y"":319,""t"":2551},{""x"":461,""y"":405,""t"":2612},{""x"":496,""y"":492,""t"":2629},{""x"":527,""y"":538,""t"":2693},{""x"":615,""y"":576,""t"":2740},{""x"":693,""y"":606,""t"":2757},{""x"":730,""y"":611,""t"":2818},{""x"":749,""y"":605,""t"":2835},{""x"":674,""y"":567,""t"":2897},{""x"":608,""y"":533,""t"":2925},{""x"":537,""y"":511,""t"":2987},{""x"":541,""y"":472,""t"":3001},{""x"":509,""y"":451,""t"":3064},{""x"":493,""y"":438,""t"":3114},{""x"":482,""y"":428,""t"":3128},{""x"":473,""y"":389,""t"":3192},{""x"":468,""y"":357,""t"":3207},{""x"":492,""y"":351,""t"":3270},{""x"":513,""y"":392,""t"":3334},{""x"":488,""y"":357,""t"":3380},{""x"":467,""y"":328,""t"":3401},{""x"":462,""y"":355,""t"":3464},{""x"":430,""y"":382,""t"":3478},{""x"":420,""y"":399,""t"":3541},{""x"":407,""y"":421,""t"":3571},{""x"":419,""y"":476,""t"":3632},{""x"":431,""y"":522,""t"":3647},{""x"":509,""y"":513,""t"":3711},{""x"":702,""y"":466,""t"":3759},{""x"":783,""y"":415,""t"":3775},{""x"":925,""y"":398,""t"":3839},{""x"":1023,""y"":429,""t"":3855},{""x"":1062,""y"":490,""t"":3897},{""x"":959,""y"":434,""t"":3934},{""x"":886,""y"":365,""t"":3973},{""x"":901,""y"":286,""t"":4011},{""x"":899,""y"":242,""t"":4050},{""x"":958,""y"":347,""t"":4117},{""x"":1032,""y"":382,""t"":4166},{""x"":1092,""y"":413,""t"":4182},{""x"":1137,""y"":435,""t"":4244},{""x"":1154,""y"":443,""t"":4262},{""x"":1206,""y"":480,""t"":4324},{""x"":1220,""y"":511,""t"":4372},{""x"":1236,""y"":531,""t"":4390},{""x"":1235,""y"":522,""t"":4451},{""x"":1259,""y"":535,""t"":4468},{""x"":1206,""y"":516,""t"":4508},{""x"":1168,""y"":471,""t"":4547},{""x"":1185,""y"":429,""t"":4586},{""x"":1181,""y"":411,""t"":4625},{""x"":1157,""y"":392,""t"":4686},{""x"":1152,""y"":350,""t"":4701},{""x"":1127,""y"":337,""t"":4764},{""x"":993,""y"":370,""t"":4812},{""x"":887,""y"":376,""t"":4830},{""x"":721,""y"":358,""t"":4892},{""x"":629,""y"":350,""t"":4907},{""x"":570,""y"":357,""t"":4970},{""x"":526,""y"":363,""t"":4999},{""x"":472,""y"":408,""t"":5072},{""x"":452,""y"":432,""t"":5119},{""x"":442,""y"":454,""t"":5135},{""x"":474,""y"":437,""t"":5196},{""x"":491,""y"":420,""t"":5210},{""x"":469,""y"":407,""t"":5273},{""x"":547,""y"":424,""t"":5320},{""x"":631,""y"":432,""t"":5338},{""x"":673,""y"":395,""t"":5401},{""x"":709,""y"":362,""t"":5419},{""x"":735,""y"":381,""t"":5479},{""x"":796,""y"":397,""t"":5534},{""x"":838,""y"":424,""t"":5549},{""x"":886,""y"":429,""t"":5611},{""x"":859,""y"":425,""t"":5660},{""x"":832,""y"":422,""t"":5678},{""x"":756,""y"":397,""t"":5738},{""x"":685,""y"":358,""t"":5754},{""x"":661,""y"":353,""t"":5815},{""x"":694,""y"":365,""t"":5867}]",0,0.8615875499517278,0.13841245004827216,pt_b-last_b-longer,0
62-alternatives,0,52,exp_52,0.0,327.6000000014901,0.49,0.32,6.9,8.2,higher_p,higher_m,0,1,alternatives,0.0,False,3.381,2.624,0.7570000000000006,1.036467850950877,0.4,0.6,0.5,0.5,1.0,0.0,higher_m,higher_p,True,"{""durations"":[1500,1000,1500,1000],""alternatives"":[1,0,1,0],""attributes"":[""all"",""all"",""all"",""all""]}","[{""x"":884,""y"":547,""t"":-20},{""x"":870,""y"":497,""t"":0},{""x"":841,""y"":462,""t"":78},{""x"":862,""y"":447,""t"":148},{""x"":884,""y"":444,""t"":171},{""x"":841,""y"":402,""t"":236},{""x"":831,""y"":384,""t"":252},{""x"":758,""y"":351,""t"":293},{""x"":656,""y"":301,""t"":336},{""x"":571,""y"":260,""t"":375},{""x"":553,""y"":249,""t"":436},{""x"":541,""y"":241,""t"":450},{""x"":506,""y"":248,""t"":513},{""x"":529,""y"":249,""t"":574},{""x"":566,""y"":249,""t"":592},{""x"":580,""y"":255,""t"":633},{""x"":560,""y"":282,""t"":671},{""x"":549,""y"":302,""t"":711},{""x"":526,""y"":340,""t"":749},{""x"":527,""y"":416,""t"":809},{""x"":492,""y"":435,""t"":827},{""x"":491,""y"":457,""t"":889},{""x"":504,""y"":476,""t"":941},{""x"":494,""y"":456,""t"":959},{""x"":456,""y"":481,""t"":1019},{""x"":436,""y"":533,""t"":1034},{""x"":451,""y"":534,""t"":1076},{""x"":428,""y"":518,""t"":1115},{""x"":434,""y"":476,""t"":1155},{""x"":436,""y"":417,""t"":1195},{""x"":480,""y"":377,""t"":1258},{""x"":548,""y"":351,""t"":1272},{""x"":573,""y"":298,""t"":1313},{""x"":614,""y"":291,""t"":1351},{""x"":678,""y"":290,""t"":1390},{""x"":684,""y"":291,""t"":1429},{""x"":681,""y"":267,""t"":1490},{""x"":680,""y"":263,""t"":1506},{""x"":689,""y"":273,""t"":1573},{""x"":668,""y"":278,""t"":1598},{""x"":624,""y"":268,""t"":1659},{""x"":585,""y"":260,""t"":1674},{""x"":578,""y"":273,""t"":1738},{""x"":693,""y"":297,""t"":1789},{""x"":785,""y"":318,""t"":1806},{""x"":887,""y"":361,""t"":1867},{""x"":954,""y"":413,""t"":1881},{""x"":1089,""y"":469,""t"":1944},{""x"":1114,""y"":483,""t"":1996},{""x"":1128,""y"":493,""t"":2012},{""x"":1161,""y"":490,""t"":2074},{""x"":1165,""y"":470,""t"":2121},{""x"":1154,""y"":430,""t"":2143},{""x"":1253,""y"":396,""t"":2204},{""x"":1336,""y"":365,""t"":2221},{""x"":1319,""y"":350,""t"":2284},{""x"":1347,""y"":311,""t"":2333},{""x"":1347,""y"":300,""t"":2347},{""x"":1392,""y"":346,""t"":2410},{""x"":1380,""y"":354,""t"":2427},{""x"":1365,""y"":363,""t"":2490},{""x"":1448,""y"":333,""t"":2537},{""x"":1516,""y"":308,""t"":2554},{""x"":1509,""y"":289,""t"":2618},{""x"":1452,""y"":244,""t"":2632},{""x"":1400,""y"":207,""t"":2673},{""x"":1384,""y"":214,""t"":2712},{""x"":1280,""y"":212,""t"":2751},{""x"":1202,""y"":229,""t"":2790},{""x"":1039,""y"":231,""t"":2850},{""x"":876,""y"":211,""t"":2866},{""x"":735,""y"":223,""t"":2927},{""x"":643,""y"":216,""t"":2973},{""x"":589,""y"":212,""t"":2992},{""x"":520,""y"":194,""t"":3055},{""x"":469,""y"":179,""t"":3071},{""x"":428,""y"":182,""t"":3133},{""x"":382,""y"":205,""t"":3181},{""x"":380,""y"":274,""t"":3196},{""x"":410,""y"":330,""t"":3257},{""x"":441,""y"":376,""t"":3275},{""x"":402,""y"":424,""t"":3337},{""x"":430,""y"":444,""t"":3388},{""x"":447,""y"":452,""t"":3403},{""x"":519,""y"":470,""t"":3465},{""x"":575,""y"":494,""t"":3482},{""x"":646,""y"":458,""t"":3522},{""x"":613,""y"":336,""t"":3561},{""x"":614,""y"":316,""t"":3599},{""x"":583,""y"":336,""t"":3637},{""x"":527,""y"":364,""t"":3675},{""x"":671,""y"":438,""t"":3739},{""x"":793,""y"":474,""t"":3754},{""x"":880,""y"":544,""t"":3817},{""x"":932,""y"":597,""t"":3844},{""x"":1032,""y"":623,""t"":3903},{""x"":1112,""y"":643,""t"":3918},{""x"":1189,""y"":643,""t"":3980},{""x"":1247,""y"":640,""t"":4034},{""x"":1272,""y"":634,""t"":4048},{""x"":1307,""y"":626,""t"":4113},{""x"":1319,""y"":609,""t"":4128},{""x"":1269,""y"":575,""t"":4191},{""x"":1237,""y"":580,""t"":4239},{""x"":1190,""y"":591,""t"":4256},{""x"":1153,""y"":574,""t"":4318},{""x"":1147,""y"":549,""t"":4333},{""x"":1119,""y"":508,""t"":4374},{""x"":1100,""y"":476,""t"":4413},{""x"":1116,""y"":439,""t"":4452},{""x"":1038,""y"":422,""t"":4489},{""x"":1011,""y"":388,""t"":4551},{""x"":989,""y"":361,""t"":4566},{""x"":969,""y"":322,""t"":4632},{""x"":999,""y"":316,""t"":4660},{""x"":982,""y"":329,""t"":4714},{""x"":973,""y"":320,""t"":4753},{""x"":988,""y"":294,""t"":4792},{""x"":1012,""y"":283,""t"":4830},{""x"":1046,""y"":280,""t"":4890},{""x"":1067,""y"":283,""t"":4905},{""x"":1122,""y"":286,""t"":4969},{""x"":1146,""y"":291,""t"":4998},{""x"":1140,""y"":281,""t"":5069},{""x"":1156,""y"":296,""t"":5117},{""x"":1161,""y"":288,""t"":5135},{""x"":1156,""y"":291,""t"":5198},{""x"":1118,""y"":314,""t"":5214},{""x"":1123,""y"":335,""t"":5277},{""x"":1115,""y"":326,""t"":5324},{""x"":1083,""y"":317,""t"":5340},{""x"":1059,""y"":315,""t"":5402},{""x"":1039,""y"":313,""t"":5418},{""x"":1044,""y"":341,""t"":5481},{""x"":1013,""y"":351,""t"":5509},{""x"":982,""y"":359,""t"":5571},{""x"":958,""y"":365,""t"":5585},{""x"":957,""y"":355,""t"":5652},{""x"":929,""y"":357,""t"":5701},{""x"":908,""y"":358,""t"":5718},{""x"":881,""y"":375,""t"":5780},{""x"":881,""y"":451,""t"":5843},{""x"":918,""y"":548,""t"":5859}]",0,0.8954299161415203,0.1045700838584797,pt_b-last_b-longer,0
62-alternatives,0,54,exp_90,0.0,231.1000000014901,0.5,0.38,3.0,4.0,higher_p,higher_m,0,1,alternatives,0.0,False,1.5,1.52,-0.02,0.2367304922727919,0.6,0.4,0.5,0.5,0.0,0.0,higher_p,higher_p,True,"{""durations"":[1000,1500,1000,1500],""alternatives"":[1,0,1,0],""attributes"":[""all"",""all"",""all"",""all""]}","[{""x"":650,""y"":457,""t"":-41},{""x"":686,""y"":485,""t"":0},{""x"":713,""y"":514,""t"":77},{""x"":711,""y"":534,""t"":151},{""x"":709,""y"":549,""t"":170},{""x"":700,""y"":555,""t"":236},{""x"":724,""y"":565,""t"":254},{""x"":676,""y"":560,""t"":293},{""x"":623,""y"":548,""t"":345},{""x"":582,""y"":488,""t"":406},{""x"":573,""y"":434,""t"":423},{""x"":568,""y"":405,""t"":464},{""x"":632,""y"":392,""t"":503},{""x"":603,""y"":357,""t"":542},{""x"":528,""y"":330,""t"":582},{""x"":534,""y"":401,""t"":642},{""x"":561,""y"":458,""t"":657},{""x"":543,""y"":482,""t"":721},{""x"":503,""y"":500,""t"":748},{""x"":519,""y"":527,""t"":817},{""x"":538,""y"":549,""t"":868},{""x"":515,""y"":555,""t"":886},{""x"":533,""y"":580,""t"":950},{""x"":506,""y"":599,""t"":966},{""x"":522,""y"":583,""t"":1007},{""x"":496,""y"":579,""t"":1049},{""x"":496,""y"":578,""t"":1094},{""x"":488,""y"":595,""t"":1155},{""x"":492,""y"":620,""t"":1170},{""x"":543,""y"":605,""t"":1210},{""x"":546,""y"":624,""t"":1251},{""x"":701,""y"":639,""t"":1290},{""x"":820,""y"":656,""t"":1329},{""x"":959,""y"":650,""t"":1392},{""x"":1064,""y"":630,""t"":1409},{""x"":1153,""y"":623,""t"":1450},{""x"":1192,""y"":630,""t"":1489},{""x"":1206,""y"":582,""t"":1529},{""x"":1202,""y"":530,""t"":1569},{""x"":1231,""y"":471,""t"":1632},{""x"":1221,""y"":420,""t"":1647},{""x"":1191,""y"":360,""t"":1690},{""x"":1123,""y"":309,""t"":1739},{""x"":1195,""y"":288,""t"":1800},{""x"":1232,""y"":283,""t"":1818},{""x"":1238,""y"":278,""t"":1857},{""x"":1272,""y"":296,""t"":1897},{""x"":1273,""y"":313,""t"":1935},{""x"":1242,""y"":331,""t"":1974},{""x"":1107,""y"":338,""t"":2034},{""x"":992,""y"":344,""t"":2050},{""x"":826,""y"":317,""t"":2112},{""x"":687,""y"":294,""t"":2178},{""x"":578,""y"":291,""t"":2228},{""x"":508,""y"":306,""t"":2245},{""x"":463,""y"":275,""t"":2305},{""x"":428,""y"":239,""t"":2320},{""x"":353,""y"":222,""t"":2385},{""x"":383,""y"":229,""t"":2432},{""x"":416,""y"":236,""t"":2449},{""x"":345,""y"":265,""t"":2510},{""x"":288,""y"":290,""t"":2528},{""x"":268,""y"":290,""t"":2591},{""x"":258,""y"":298,""t"":2619},{""x"":217,""y"":313,""t"":2683},{""x"":186,""y"":325,""t"":2697},{""x"":259,""y"":342,""t"":2761},{""x"":325,""y"":355,""t"":2789},{""x"":368,""y"":333,""t"":2850},{""x"":405,""y"":314,""t"":2864},{""x"":452,""y"":326,""t"":2929},{""x"":482,""y"":332,""t"":2980},{""x"":482,""y"":325,""t"":2995},{""x"":429,""y"":331,""t"":3056},{""x"":389,""y"":331,""t"":3073},{""x"":392,""y"":385,""t"":3136},{""x"":378,""y"":405,""t"":3184},{""x"":366,""y"":420,""t"":3200},{""x"":403,""y"":455,""t"":3260},{""x"":455,""y"":477,""t"":3275},{""x"":437,""y"":482,""t"":3339},{""x"":491,""y"":556,""t"":3389},{""x"":532,""y"":619,""t"":3405},{""x"":600,""y"":516,""t"":3468},{""x"":666,""y"":435,""t"":3484},{""x"":652,""y"":346,""t"":3525},{""x"":640,""y"":442,""t"":3564},{""x"":725,""y"":537,""t"":3604},{""x"":786,""y"":586,""t"":3667},{""x"":835,""y"":625,""t"":3684},{""x"":924,""y"":622,""t"":3746},{""x"":981,""y"":627,""t"":3774},{""x"":1000,""y"":635,""t"":3836},{""x"":1007,""y"":650,""t"":3851},{""x"":1034,""y"":633,""t"":3913},{""x"":1087,""y"":643,""t"":3963},{""x"":1065,""y"":644,""t"":3979},{""x"":1048,""y"":629,""t"":4042},{""x"":1031,""y"":615,""t"":4058},{""x"":986,""y"":576,""t"":4122},{""x"":997,""y"":557,""t"":4168},{""x"":1002,""y"":538,""t"":4187},{""x"":984,""y"":535,""t"":4250},{""x"":989,""y"":540,""t"":4264},{""x"":1025,""y"":506,""t"":4306},{""x"":977,""y"":474,""t"":4345},{""x"":930,""y"":427,""t"":4382},{""x"":933,""y"":390,""t"":4423},{""x"":944,""y"":377,""t"":4484},{""x"":954,""y"":369,""t"":4499},{""x"":975,""y"":373,""t"":4562},{""x"":969,""y"":354,""t"":4610},{""x"":964,""y"":340,""t"":4626},{""x"":974,""y"":362,""t"":4690},{""x"":929,""y"":359,""t"":4705},{""x"":915,""y"":386,""t"":4749},{""x"":887,""y"":375,""t"":4788},{""x"":882,""y"":381,""t"":4827},{""x"":898,""y"":365,""t"":4867},{""x"":952,""y"":392,""t"":4930},{""x"":958,""y"":403,""t"":4946},{""x"":961,""y"":408,""t"":4986},{""x"":947,""y"":426,""t"":5026},{""x"":969,""y"":435,""t"":5065},{""x"":897,""y"":466,""t"":5104},{""x"":917,""y"":460,""t"":5178},{""x"":935,""y"":454,""t"":5203},{""x"":955,""y"":428,""t"":5276},{""x"":971,""y"":428,""t"":5327},{""x"":979,""y"":417,""t"":5343},{""x"":978,""y"":416,""t"":5412},{""x"":1011,""y"":413,""t"":5462},{""x"":1024,""y"":420,""t"":5481},{""x"":998,""y"":412,""t"":5552},{""x"":993,""y"":407,""t"":5599},{""x"":951,""y"":402,""t"":5616},{""x"":912,""y"":415,""t"":5679},{""x"":897,""y"":427,""t"":5733},{""x"":881,""y"":488,""t"":5752},{""x"":892,""y"":477,""t"":5815},{""x"":887,""y"":478,""t"":5864},{""x"":884,""y"":475,""t"":5883}]",1,0.588879319554677,0.4111206804453231,pt_b-last_b-longer,0
62-alternatives,0,56,exp_80,1.0,431.3000000044704,0.61,0.29,2.2,8.1,higher_p,higher_m,0,1,alternatives,0.0,False,1.342,2.349,-1.0069999999999997,-0.7791520984804501,0.6,0.4,0.5,0.5,0.0,1.0,higher_p,higher_m,False,"{""durations"":[1500,1000,1500,1000],""alternatives"":[0,1,0,1],""attributes"":[""all"",""all"",""all"",""all""]}","[{""x"":903,""y"":218,""t"":-18},{""x"":927,""y"":215,""t"":0},{""x"":909,""y"":238,""t"":76},{""x"":896,""y"":252,""t"":150},{""x"":878,""y"":248,""t"":171},{""x"":901,""y"":257,""t"":234},{""x"":937,""y"":304,""t"":251},{""x"":952,""y"":381,""t"":295},{""x"":1000,""y"":438,""t"":335},{""x"":1039,""y"":444,""t"":376},{""x"":1065,""y"":477,""t"":438},{""x"":1070,""y"":515,""t"":453},{""x"":1084,""y"":505,""t"":518},{""x"":1083,""y"":486,""t"":545},{""x"":1083,""y"":472,""t"":604},{""x"":1081,""y"":496,""t"":623},{""x"":1111,""y"":532,""t"":686},{""x"":1153,""y"":548,""t"":735},{""x"":1177,""y"":574,""t"":753},{""x"":1148,""y"":558,""t"":815},{""x"":1176,""y"":510,""t"":831},{""x"":1209,""y"":470,""t"":873},{""x"":1203,""y"":447,""t"":912},{""x"":1145,""y"":430,""t"":953},{""x"":1125,""y"":403,""t"":1015},{""x"":1126,""y"":382,""t"":1031},{""x"":1147,""y"":359,""t"":1094},{""x"":1126,""y"":337,""t"":1145},{""x"":1106,""y"":312,""t"":1160},{""x"":1106,""y"":302,""t"":1225},{""x"":1094,""y"":287,""t"":1279},{""x"":1081,""y"":308,""t"":1293},{""x"":1112,""y"":306,""t"":1356},{""x"":1122,""y"":276,""t"":1372},{""x"":1154,""y"":305,""t"":1437},{""x"":1196,""y"":326,""t"":1463},{""x"":1201,""y"":329,""t"":1526},{""x"":1175,""y"":355,""t"":1543},{""x"":1128,""y"":354,""t"":1586},{""x"":1100,""y"":368,""t"":1624},{""x"":1070,""y"":382,""t"":1664},{""x"":1045,""y"":394,""t"":1704},{""x"":1077,""y"":394,""t"":1765},{""x"":1105,""y"":394,""t"":1781},{""x"":1002,""y"":397,""t"":1844},{""x"":845,""y"":363,""t"":1872},{""x"":625,""y"":332,""t"":1929},{""x"":474,""y"":346,""t"":1969},{""x"":347,""y"":348,""t"":2007},{""x"":273,""y"":335,""t"":2068},{""x"":220,""y"":325,""t"":2087},{""x"":235,""y"":367,""t"":2151},{""x"":258,""y"":361,""t"":2199},{""x"":306,""y"":354,""t"":2218},{""x"":277,""y"":390,""t"":2279},{""x"":356,""y"":416,""t"":2332},{""x"":427,""y"":436,""t"":2346},{""x"":520,""y"":442,""t"":2407},{""x"":540,""y"":420,""t"":2424},{""x"":555,""y"":389,""t"":2487},{""x"":502,""y"":364,""t"":2534},{""x"":478,""y"":379,""t"":2553},{""x"":437,""y"":360,""t"":2618},{""x"":406,""y"":327,""t"":2634},{""x"":367,""y"":305,""t"":2675},{""x"":345,""y"":284,""t"":2715},{""x"":349,""y"":290,""t"":2756},{""x"":348,""y"":287,""t"":2818},{""x"":369,""y"":296,""t"":2833},{""x"":509,""y"":266,""t"":2896},{""x"":670,""y"":320,""t"":2945},{""x"":805,""y"":366,""t"":2960},{""x"":940,""y"":344,""t"":3023},{""x"":1039,""y"":346,""t"":3039},{""x"":1143,""y"":354,""t"":3080},{""x"":1196,""y"":363,""t"":3118},{""x"":1202,""y"":368,""t"":3157},{""x"":1180,""y"":374,""t"":3197},{""x"":1196,""y"":450,""t"":3258},{""x"":1220,""y"":518,""t"":3272},{""x"":1106,""y"":504,""t"":3347},{""x"":1030,""y"":470,""t"":3366},{""x"":938,""y"":456,""t"":3429},{""x"":856,""y"":446,""t"":3446},{""x"":849,""y"":528,""t"":3506},{""x"":780,""y"":576,""t"":3560},{""x"":746,""y"":595,""t"":3575},{""x"":734,""y"":608,""t"":3635},{""x"":692,""y"":618,""t"":3651},{""x"":708,""y"":626,""t"":3713},{""x"":690,""y"":652,""t"":3741},{""x"":667,""y"":654,""t"":3814},{""x"":667,""y"":642,""t"":3862},{""x"":676,""y"":631,""t"":3878},{""x"":685,""y"":614,""t"":3938},{""x"":695,""y"":599,""t"":3954},{""x"":680,""y"":552,""t"":4017},{""x"":673,""y"":529,""t"":4046},{""x"":663,""y"":521,""t"":4110},{""x"":656,""y"":515,""t"":4125},{""x"":667,""y"":500,""t"":4189},{""x"":645,""y"":475,""t"":4240},{""x"":625,""y"":485,""t"":4256},{""x"":656,""y"":494,""t"":4318},{""x"":674,""y"":500,""t"":4365},{""x"":732,""y"":502,""t"":4386},{""x"":761,""y"":492,""t"":4449},{""x"":783,""y"":485,""t"":4464},{""x"":700,""y"":429,""t"":4529},{""x"":606,""y"":377,""t"":4558},{""x"":567,""y"":344,""t"":4620},{""x"":536,""y"":317,""t"":4634},{""x"":505,""y"":424,""t"":4699},{""x"":444,""y"":474,""t"":4748},{""x"":415,""y"":512,""t"":4764},{""x"":400,""y"":541,""t"":4828},{""x"":404,""y"":583,""t"":4842},{""x"":366,""y"":617,""t"":4883},{""x"":415,""y"":660,""t"":4922},{""x"":434,""y"":615,""t"":4959},{""x"":449,""y"":591,""t"":4998},{""x"":472,""y"":565,""t"":5037},{""x"":401,""y"":496,""t"":5098},{""x"":397,""y"":467,""t"":5114},{""x"":430,""y"":485,""t"":5158},{""x"":457,""y"":458,""t"":5195},{""x"":505,""y"":436,""t"":5233},{""x"":570,""y"":439,""t"":5274},{""x"":565,""y"":404,""t"":5335},{""x"":557,""y"":370,""t"":5350},{""x"":569,""y"":389,""t"":5414},{""x"":609,""y"":363,""t"":5477},{""x"":675,""y"":336,""t"":5529},{""x"":715,""y"":327,""t"":5546},{""x"":763,""y"":309,""t"":5609},{""x"":755,""y"":291,""t"":5624},{""x"":784,""y"":294,""t"":5665},{""x"":765,""y"":285,""t"":5706},{""x"":797,""y"":295,""t"":5746},{""x"":822,""y"":304,""t"":5785},{""x"":831,""y"":320,""t"":5848},{""x"":816,""y"":351,""t"":5864},{""x"":853,""y"":327,""t"":5904},{""x"":855,""y"":322,""t"":5946},{""x"":845,""y"":339,""t"":5986}]",0,0.391382089001548,0.608617910998452,pt_b-last_b-longer,0
62-alternatives,0,57,exp_46,0.0,400.8000000044704,0.81,0.48,1.6999999999999995,7.9,higher_p,higher_m,0,1,alternatives,0.0,False,1.3769999999999998,3.792,-2.415,-2.2283544163938904,0.4,0.6,0.5,0.5,1.0,1.0,higher_m,higher_m,True,"{""durations"":[1000,1500,1000,1500],""alternatives"":[0,1,0,1],""attributes"":[""all"",""all"",""all"",""all""]}","[{""x"":726,""y"":348,""t"":-41},{""x"":738,""y"":351,""t"":0},{""x"":774,""y"":366,""t"":69},{""x"":738,""y"":337,""t"":147},{""x"":706,""y"":311,""t"":170},{""x"":710,""y"":292,""t"":236},{""x"":734,""y"":332,""t"":253},{""x"":743,""y"":329,""t"":293},{""x"":681,""y"":324,""t"":333},{""x"":621,""y"":324,""t"":371},{""x"":549,""y"":307,""t"":414},{""x"":527,""y"":288,""t"":476},{""x"":505,""y"":297,""t"":490},{""x"":469,""y"":255,""t"":532},{""x"":466,""y"":267,""t"":571},{""x"":413,""y"":290,""t"":612},{""x"":357,""y"":312,""t"":653},{""x"":353,""y"":348,""t"":713},{""x"":356,""y"":364,""t"":729},{""x"":386,""y"":376,""t"":769},{""x"":385,""y"":367,""t"":810},{""x"":386,""y"":359,""t"":848},{""x"":399,""y"":351,""t"":888},{""x"":415,""y"":381,""t"":951},{""x"":375,""y"":397,""t"":968},{""x"":357,""y"":402,""t"":1007},{""x"":360,""y"":382,""t"":1048},{""x"":355,""y"":389,""t"":1091},{""x"":331,""y"":355,""t"":1151},{""x"":313,""y"":332,""t"":1167},{""x"":303,""y"":293,""t"":1231},{""x"":274,""y"":276,""t"":1259},{""x"":477,""y"":312,""t"":1326},{""x"":698,""y"":378,""t"":1384},{""x"":857,""y"":430,""t"":1400},{""x"":992,""y"":439,""t"":1464},{""x"":1134,""y"":430,""t"":1514},{""x"":1208,""y"":425,""t"":1530},{""x"":1235,""y"":398,""t"":1595},{""x"":1249,""y"":374,""t"":1610},{""x"":1262,""y"":354,""t"":1672},{""x"":1267,""y"":379,""t"":1721},{""x"":1273,""y"":388,""t"":1736},{""x"":1301,""y"":377,""t"":1799},{""x"":1275,""y"":350,""t"":1816},{""x"":1271,""y"":361,""t"":1857},{""x"":1266,""y"":385,""t"":1894},{""x"":1238,""y"":384,""t"":1933},{""x"":1212,""y"":383,""t"":1973},{""x"":1223,""y"":397,""t"":2036},{""x"":1243,""y"":398,""t"":2052},{""x"":1248,""y"":448,""t"":2112},{""x"":1210,""y"":451,""t"":2163},{""x"":1178,""y"":453,""t"":2179},{""x"":1166,""y"":495,""t"":2242},{""x"":1177,""y"":490,""t"":2257},{""x"":1155,""y"":509,""t"":2319},{""x"":1113,""y"":524,""t"":2347},{""x"":1061,""y"":517,""t"":2409},{""x"":1026,""y"":506,""t"":2424},{""x"":1079,""y"":520,""t"":2487},{""x"":1080,""y"":486,""t"":2540},{""x"":1078,""y"":484,""t"":2556},{""x"":1088,""y"":506,""t"":2621},{""x"":1125,""y"":539,""t"":2668},{""x"":1158,""y"":567,""t"":2687},{""x"":1165,""y"":553,""t"":2749},{""x"":1173,""y"":532,""t"":2764},{""x"":1174,""y"":552,""t"":2827},{""x"":1060,""y"":540,""t"":2876},{""x"":963,""y"":529,""t"":2891},{""x"":829,""y"":538,""t"":2953},{""x"":737,""y"":540,""t"":2969},{""x"":638,""y"":527,""t"":3012},{""x"":567,""y"":522,""t"":3053},{""x"":488,""y"":474,""t"":3092},{""x"":443,""y"":461,""t"":3131},{""x"":395,""y"":408,""t"":3193},{""x"":361,""y"":364,""t"":3207},{""x"":364,""y"":333,""t"":3272},{""x"":357,""y"":294,""t"":3321},{""x"":346,""y"":289,""t"":3336},{""x"":365,""y"":300,""t"":3401},{""x"":382,""y"":292,""t"":3450},{""x"":366,""y"":304,""t"":3468},{""x"":384,""y"":299,""t"":3531},{""x"":449,""y"":292,""t"":3545},{""x"":449,""y"":259,""t"":3611},{""x"":484,""y"":244,""t"":3639},{""x"":457,""y"":268,""t"":3700},{""x"":427,""y"":278,""t"":3716},{""x"":467,""y"":284,""t"":3779},{""x"":615,""y"":281,""t"":3828},{""x"":740,""y"":279,""t"":3844},{""x"":912,""y"":275,""t"":3903},{""x"":1049,""y"":251,""t"":3922},{""x"":1190,""y"":272,""t"":3986},{""x"":1219,""y"":262,""t"":4033},{""x"":1277,""y"":286,""t"":4049},{""x"":1315,""y"":248,""t"":4112},{""x"":1367,""y"":237,""t"":4126},{""x"":1357,""y"":244,""t"":4167},{""x"":1371,""y"":248,""t"":4207},{""x"":1376,""y"":235,""t"":4246},{""x"":1375,""y"":248,""t"":4284},{""x"":1362,""y"":261,""t"":4346},{""x"":1379,""y"":265,""t"":4361},{""x"":1307,""y"":294,""t"":4425},{""x"":1266,""y"":359,""t"":4493},{""x"":1255,""y"":398,""t"":4540},{""x"":1246,""y"":430,""t"":4557},{""x"":1218,""y"":469,""t"":4618},{""x"":1198,""y"":480,""t"":4635},{""x"":1127,""y"":508,""t"":4681},{""x"":1045,""y"":513,""t"":4720},{""x"":945,""y"":509,""t"":4760},{""x"":862,""y"":520,""t"":4799},{""x"":738,""y"":494,""t"":4861},{""x"":694,""y"":484,""t"":4877},{""x"":685,""y"":454,""t"":4918},{""x"":621,""y"":428,""t"":4958},{""x"":577,""y"":446,""t"":4997},{""x"":587,""y"":459,""t"":5038},{""x"":541,""y"":424,""t"":5098},{""x"":540,""y"":420,""t"":5115},{""x"":527,""y"":450,""t"":5159},{""x"":519,""y"":429,""t"":5198},{""x"":517,""y"":410,""t"":5239},{""x"":543,""y"":392,""t"":5302},{""x"":535,""y"":398,""t"":5318},{""x"":561,""y"":357,""t"":5379},{""x"":607,""y"":338,""t"":5446},{""x"":640,""y"":337,""t"":5474},{""x"":645,""y"":347,""t"":5538},{""x"":656,""y"":348,""t"":5556},{""x"":659,""y"":329,""t"":5618},{""x"":661,""y"":314,""t"":5645},{""x"":692,""y"":327,""t"":5706},{""x"":723,""y"":312,""t"":5721},{""x"":690,""y"":330,""t"":5784},{""x"":732,""y"":329,""t"":5814},{""x"":723,""y"":361,""t"":5876},{""x"":694,""y"":371,""t"":5891},{""x"":751,""y"":443,""t"":5955}]",0,0.24611936371804952,0.7538806362819505,pt_b-last_b-longer,0
62-alternatives,0,58,exp_104,0.0,559.3999999985099,0.78,0.4,2.1,3.0,higher_p,higher_m,0,1,alternatives,0.0,False,1.638,1.2000000000000002,0.4379999999999999,0.7081329507986125,0.6,0.4,0.5,0.5,0.0,1.0,higher_p,higher_m,True,"{""durations"":[1500,1000,1500,1000],""alternatives"":[0,1,0,1],""attributes"":[""all"",""all"",""all"",""all""]}","[{""x"":698,""y"":466,""t"":-41},{""x"":697,""y"":456,""t"":0},{""x"":681,""y"":490,""t"":79},{""x"":656,""y"":454,""t"":148},{""x"":673,""y"":442,""t"":170},{""x"":654,""y"":430,""t"":234},{""x"":658,""y"":399,""t"":252},{""x"":626,""y"":404,""t"":294},{""x"":592,""y"":426,""t"":335},{""x"":504,""y"":419,""t"":374},{""x"":472,""y"":405,""t"":438},{""x"":437,""y"":405,""t"":454},{""x"":395,""y"":422,""t"":517},{""x"":370,""y"":431,""t"":545},{""x"":371,""y"":425,""t"":606},{""x"":375,""y"":419,""t"":622},{""x"":358,""y"":459,""t"":688},{""x"":322,""y"":441,""t"":735},{""x"":276,""y"":416,""t"":750},{""x"":305,""y"":491,""t"":811},{""x"":335,""y"":526,""t"":829},{""x"":353,""y"":589,""t"":869},{""x"":360,""y"":649,""t"":908},{""x"":328,""y"":642,""t"":950},{""x"":334,""y"":652,""t"":989},{""x"":324,""y"":613,""t"":1051},{""x"":299,""y"":580,""t"":1068},{""x"":307,""y"":536,""t"":1110},{""x"":277,""y"":521,""t"":1149},{""x"":288,""y"":489,""t"":1189},{""x"":331,""y"":468,""t"":1229},{""x"":337,""y"":443,""t"":1299},{""x"":372,""y"":403,""t"":1350},{""x"":427,""y"":366,""t"":1364},{""x"":475,""y"":435,""t"":1430},{""x"":463,""y"":471,""t"":1483},{""x"":450,""y"":503,""t"":1497},{""x"":451,""y"":562,""t"":1563},{""x"":424,""y"":567,""t"":1579},{""x"":423,""y"":590,""t"":1620},{""x"":435,""y"":581,""t"":1659},{""x"":502,""y"":608,""t"":1698},{""x"":522,""y"":643,""t"":1738},{""x"":641,""y"":630,""t"":1801},{""x"":731,""y"":592,""t"":1818},{""x"":915,""y"":556,""t"":1858},{""x"":991,""y"":507,""t"":1899},{""x"":1098,""y"":489,""t"":1938},{""x"":1140,""y"":484,""t"":1978},{""x"":1246,""y"":426,""t"":2039},{""x"":1237,""y"":398,""t"":2055},{""x"":1310,""y"":423,""t"":2098},{""x"":1273,""y"":438,""t"":2137},{""x"":1227,""y"":468,""t"":2176},{""x"":1219,""y"":495,""t"":2217},{""x"":1214,""y"":549,""t"":2277},{""x"":1165,""y"":520,""t"":2294},{""x"":1159,""y"":546,""t"":2335},{""x"":1134,""y"":516,""t"":2374},{""x"":1140,""y"":526,""t"":2416},{""x"":1144,""y"":494,""t"":2479},{""x"":1132,""y"":462,""t"":2494},{""x"":1111,""y"":451,""t"":2537},{""x"":1109,""y"":436,""t"":2583},{""x"":1133,""y"":447,""t"":2622},{""x"":1134,""y"":475,""t"":2683},{""x"":1174,""y"":485,""t"":2701},{""x"":1147,""y"":499,""t"":2741},{""x"":1138,""y"":540,""t"":2779},{""x"":1178,""y"":533,""t"":2820},{""x"":1201,""y"":501,""t"":2862},{""x"":1181,""y"":505,""t"":2924},{""x"":1187,""y"":460,""t"":2977},{""x"":1168,""y"":429,""t"":2993},{""x"":1167,""y"":407,""t"":3052},{""x"":1146,""y"":376,""t"":3068},{""x"":1165,""y"":396,""t"":3133},{""x"":1071,""y"":367,""t"":3181},{""x"":1022,""y"":378,""t"":3198},{""x"":971,""y"":367,""t"":3259},{""x"":929,""y"":359,""t"":3273},{""x"":942,""y"":367,""t"":3335},{""x"":884,""y"":398,""t"":3385},{""x"":840,""y"":442,""t"":3402},{""x"":705,""y"":429,""t"":3461},{""x"":595,""y"":411,""t"":3476},{""x"":505,""y"":401,""t"":3539},{""x"":414,""y"":411,""t"":3588},{""x"":332,""y"":412,""t"":3606},{""x"":192,""y"":393,""t"":3668},{""x"":148,""y"":390,""t"":3684},{""x"":120,""y"":387,""t"":3748},{""x"":73,""y"":381,""t"":3774},{""x"":104,""y"":401,""t"":3837},{""x"":124,""y"":430,""t"":3851},{""x"":170,""y"":473,""t"":3913},{""x"":205,""y"":508,""t"":3967},{""x"":237,""y"":537,""t"":3982},{""x"":335,""y"":584,""t"":4043},{""x"":419,""y"":622,""t"":4059},{""x"":428,""y"":622,""t"":4123},{""x"":441,""y"":614,""t"":4149},{""x"":498,""y"":576,""t"":4211},{""x"":545,""y"":543,""t"":4226},{""x"":633,""y"":512,""t"":4289},{""x"":858,""y"":501,""t"":4355},{""x"":995,""y"":443,""t"":4406},{""x"":1105,""y"":395,""t"":4421},{""x"":1164,""y"":375,""t"":4481},{""x"":1205,""y"":359,""t"":4497},{""x"":1215,""y"":348,""t"":4562},{""x"":1239,""y"":314,""t"":4614},{""x"":1293,""y"":313,""t"":4628},{""x"":1275,""y"":336,""t"":4691},{""x"":1250,""y"":333,""t"":4707},{""x"":1244,""y"":356,""t"":4768},{""x"":1212,""y"":342,""t"":4818},{""x"":1222,""y"":361,""t"":4835},{""x"":1208,""y"":375,""t"":4896},{""x"":1088,""y"":364,""t"":4913},{""x"":953,""y"":399,""t"":4955},{""x"":759,""y"":404,""t"":4993},{""x"":628,""y"":403,""t"":5034},{""x"":500,""y"":416,""t"":5096},{""x"":490,""y"":424,""t"":5114},{""x"":472,""y"":468,""t"":5156},{""x"":402,""y"":482,""t"":5195},{""x"":365,""y"":502,""t"":5235},{""x"":384,""y"":553,""t"":5276},{""x"":355,""y"":526,""t"":5335},{""x"":393,""y"":536,""t"":5351},{""x"":416,""y"":534,""t"":5416},{""x"":439,""y"":530,""t"":5440},{""x"":417,""y"":515,""t"":5501},{""x"":438,""y"":508,""t"":5522},{""x"":381,""y"":473,""t"":5562},{""x"":399,""y"":491,""t"":5600},{""x"":444,""y"":504,""t"":5639},{""x"":483,""y"":514,""t"":5682},{""x"":492,""y"":486,""t"":5745},{""x"":460,""y"":470,""t"":5761},{""x"":446,""y"":444,""t"":5802},{""x"":542,""y"":450,""t"":5839},{""x"":556,""y"":478,""t"":5879},{""x"":559,""y"":450,""t"":5918},{""x"":570,""y"":424,""t"":5990},{""x"":546,""y"":450,""t"":6042},{""x"":500,""y"":464,""t"":6056},{""x"":524,""y"":466,""t"":6118}]",0,0.9834609959568003,0.016539004043199766,pt_b-last_b-longer,0
62-alternatives,0,60,exp_22,0.0,238.39999999850988,0.28,0.17,4.3,8.3,higher_p,higher_m,0,1,alternatives,0.0,False,1.204,1.4110000000000005,-0.2070000000000003,0.0442583094249128,0.4,0.6,0.5,0.5,1.0,1.0,higher_m,higher_m,True,"{""durations"":[1000,1500,1000,1500],""alternatives"":[0,1,0,1],""attributes"":[""all"",""all"",""all"",""all""]}","[{""x"":877,""y"":407,""t"":-39},{""x"":932,""y"":421,""t"":0},{""x"":953,""y"":403,""t"":66},{""x"":920,""y"":367,""t"":97},{""x"":833,""y"":371,""t"":143},{""x"":768,""y"":393,""t"":220},{""x"":675,""y"":395,""t"":263},{""x"":621,""y"":406,""t"":302},{""x"":644,""y"":424,""t"":342},{""x"":510,""y"":420,""t"":403},{""x"":445,""y"":414,""t"":419},{""x"":379,""y"":371,""t"":482},{""x"":394,""y"":334,""t"":511},{""x"":362,""y"":354,""t"":572},{""x"":344,""y"":349,""t"":589},{""x"":367,""y"":334,""t"":652},{""x"":424,""y"":333,""t"":702},{""x"":471,""y"":325,""t"":719},{""x"":485,""y"":305,""t"":787},{""x"":504,""y"":292,""t"":836},{""x"":523,""y"":286,""t"":851},{""x"":515,""y"":284,""t"":911},{""x"":460,""y"":285,""t"":929},{""x"":457,""y"":286,""t"":991},{""x"":451,""y"":287,""t"":1041},{""x"":446,""y"":289,""t"":1057},{""x"":413,""y"":280,""t"":1119},{""x"":410,""y"":276,""t"":1136},{""x"":357,""y"":281,""t"":1201},{""x"":312,""y"":286,""t"":1225},{""x"":534,""y"":305,""t"":1286},{""x"":712,""y"":300,""t"":1302},{""x"":915,""y"":322,""t"":1371},{""x"":1081,""y"":341,""t"":1395},{""x"":1237,""y"":350,""t"":1457},{""x"":1360,""y"":358,""t"":1474},{""x"":1471,""y"":340,""t"":1540},{""x"":1470,""y"":307,""t"":1588},{""x"":1476,""y"":315,""t"":1606},{""x"":1559,""y"":299,""t"":1669},{""x"":1532,""y"":278,""t"":1717},{""x"":1551,""y"":263,""t"":1735},{""x"":1503,""y"":274,""t"":1797},{""x"":1456,""y"":284,""t"":1813},{""x"":1486,""y"":263,""t"":1879},{""x"":1462,""y"":251,""t"":1904},{""x"":1377,""y"":258,""t"":1966},{""x"":1327,""y"":256,""t"":1982},{""x"":1264,""y"":310,""t"":2047},{""x"":1193,""y"":352,""t"":2093},{""x"":1169,""y"":401,""t"":2110},{""x"":966,""y"":418,""t"":2173},{""x"":817,""y"":444,""t"":2189},{""x"":700,""y"":471,""t"":2231},{""x"":631,""y"":455,""t"":2270},{""x"":560,""y"":485,""t"":2310},{""x"":473,""y"":513,""t"":2349},{""x"":415,""y"":515,""t"":2413},{""x"":378,""y"":492,""t"":2429},{""x"":373,""y"":499,""t"":2469},{""x"":411,""y"":483,""t"":2511},{""x"":443,""y"":470,""t"":2551},{""x"":433,""y"":430,""t"":2615},{""x"":427,""y"":397,""t"":2632},{""x"":400,""y"":337,""t"":2695},{""x"":432,""y"":341,""t"":2721},{""x"":403,""y"":330,""t"":2785},{""x"":376,""y"":299,""t"":2801},{""x"":350,""y"":290,""t"":2865},{""x"":321,""y"":306,""t"":2891},{""x"":335,""y"":270,""t"":2954},{""x"":371,""y"":237,""t"":2975},{""x"":389,""y"":242,""t"":3016},{""x"":387,""y"":248,""t"":3056},{""x"":419,""y"":254,""t"":3093},{""x"":421,""y"":255,""t"":3135},{""x"":454,""y"":294,""t"":3196},{""x"":493,""y"":322,""t"":3246},{""x"":526,""y"":346,""t"":3266},{""x"":542,""y"":366,""t"":3328},{""x"":571,""y"":361,""t"":3343},{""x"":647,""y"":359,""t"":3390},{""x"":662,""y"":360,""t"":3428},{""x"":669,""y"":371,""t"":3468},{""x"":676,""y"":383,""t"":3508},{""x"":649,""y"":381,""t"":3569},{""x"":629,""y"":354,""t"":3586},{""x"":611,""y"":345,""t"":3626},{""x"":574,""y"":331,""t"":3664},{""x"":586,""y"":317,""t"":3703},{""x"":600,""y"":321,""t"":3742},{""x"":584,""y"":287,""t"":3803},{""x"":570,""y"":259,""t"":3817},{""x"":609,""y"":274,""t"":3881},{""x"":835,""y"":260,""t"":3927},{""x"":1022,""y"":258,""t"":3945},{""x"":1118,""y"":278,""t"":4011},{""x"":1202,""y"":274,""t"":4026},{""x"":1249,""y"":285,""t"":4066},{""x"":1256,""y"":290,""t"":4105},{""x"":1336,""y"":273,""t"":4145},{""x"":1399,""y"":310,""t"":4183},{""x"":1431,""y"":329,""t"":4247},{""x"":1423,""y"":365,""t"":4262},{""x"":1403,""y"":357,""t"":4324},{""x"":1368,""y"":328,""t"":4372},{""x"":1343,""y"":310,""t"":4387},{""x"":1356,""y"":310,""t"":4455},{""x"":1318,""y"":348,""t"":4508},{""x"":1236,""y"":374,""t"":4525},{""x"":1156,""y"":387,""t"":4588},{""x"":1088,""y"":394,""t"":4602},{""x"":978,""y"":447,""t"":4664},{""x"":953,""y"":531,""t"":4714},{""x"":936,""y"":600,""t"":4729},{""x"":924,""y"":655,""t"":4791},{""x"":946,""y"":692,""t"":4808},{""x"":980,""y"":734,""t"":4871},{""x"":910,""y"":728,""t"":4917},{""x"":861,""y"":725,""t"":4934},{""x"":812,""y"":687,""t"":4997},{""x"":715,""y"":659,""t"":5013},{""x"":653,""y"":619,""t"":5055},{""x"":669,""y"":580,""t"":5092},{""x"":656,""y"":556,""t"":5133},{""x"":607,""y"":505,""t"":5176},{""x"":567,""y"":470,""t"":5238},{""x"":560,""y"":440,""t"":5291},{""x"":559,""y"":416,""t"":5306},{""x"":575,""y"":428,""t"":5371},{""x"":606,""y"":412,""t"":5389},{""x"":643,""y"":416,""t"":5430},{""x"":632,""y"":408,""t"":5470},{""x"":602,""y"":386,""t"":5511},{""x"":644,""y"":383,""t"":5573},{""x"":648,""y"":356,""t"":5590},{""x"":664,""y"":401,""t"":5651},{""x"":680,""y"":404,""t"":5678},{""x"":699,""y"":432,""t"":5741},{""x"":681,""y"":448,""t"":5757},{""x"":677,""y"":443,""t"":5820},{""x"":674,""y"":439,""t"":5849}]",0,0.5316377538611056,0.4683622461388944,pt_b-last_b-longer,0
62-alternatives,0,61,exp_114,0.0,213.70000000298023,0.49,0.22,4.2,7.9,higher_p,higher_m,0,1,alternatives,0.0,False,2.058,1.738,0.3199999999999998,0.5866799156325713,0.6,0.4,0.5,0.5,0.0,0.0,higher_p,higher_p,True,"{""durations"":[1000,1500,1000,1500],""alternatives"":[1,0,1,0],""attributes"":[""all"",""all"",""all"",""all""]}","[{""x"":726,""y"":296,""t"":-17},{""x"":734,""y"":302,""t"":0},{""x"":733,""y"":281,""t"":65},{""x"":693,""y"":288,""t"":85},{""x"":635,""y"":311,""t"":156},{""x"":574,""y"":294,""t"":198},{""x"":521,""y"":271,""t"":241},{""x"":505,""y"":284,""t"":304},{""x"":483,""y"":295,""t"":331},{""x"":432,""y"":287,""t"":372},{""x"":416,""y"":277,""t"":411},{""x"":433,""y"":315,""t"":472},{""x"":485,""y"":362,""t"":487},{""x"":489,""y"":384,""t"":550},{""x"":520,""y"":407,""t"":578},{""x"":525,""y"":448,""t"":639},{""x"":529,""y"":481,""t"":654},{""x"":532,""y"":452,""t"":719},{""x"":496,""y"":433,""t"":768},{""x"":492,""y"":376,""t"":783},{""x"":467,""y"":354,""t"":847},{""x"":474,""y"":341,""t"":863},{""x"":458,""y"":325,""t"":905},{""x"":421,""y"":331,""t"":943},{""x"":417,""y"":350,""t"":983},{""x"":411,""y"":376,""t"":1022},{""x"":462,""y"":428,""t"":1089},{""x"":495,""y"":454,""t"":1138},{""x"":518,""y"":463,""t"":1157},{""x"":499,""y"":507,""t"":1220},{""x"":481,""y"":543,""t"":1237},{""x"":485,""y"":541,""t"":1299},{""x"":665,""y"":565,""t"":1348},{""x"":817,""y"":583,""t"":1362},{""x"":913,""y"":578,""t"":1425},{""x"":997,""y"":551,""t"":1441},{""x"":1057,""y"":522,""t"":1483},{""x"":1138,""y"":536,""t"":1524},{""x"":1155,""y"":522,""t"":1564},{""x"":1187,""y"":551,""t"":1604},{""x"":1259,""y"":500,""t"":1665},{""x"":1306,""y"":462,""t"":1680},{""x"":1298,""y"":422,""t"":1724},{""x"":1269,""y"":412,""t"":1764},{""x"":1257,""y"":394,""t"":1803},{""x"":1284,""y"":393,""t"":1867},{""x"":1304,""y"":393,""t"":1880},{""x"":1286,""y"":362,""t"":1943},{""x"":1317,""y"":354,""t"":1991},{""x"":1341,""y"":350,""t"":2006},{""x"":1290,""y"":358,""t"":2068},{""x"":1281,""y"":363,""t"":2083},{""x"":1220,""y"":387,""t"":2148},{""x"":1202,""y"":453,""t"":2198},{""x"":1213,""y"":485,""t"":2216},{""x"":1178,""y"":486,""t"":2281},{""x"":1155,""y"":509,""t"":2332},{""x"":1135,""y"":522,""t"":2348},{""x"":1106,""y"":524,""t"":2413},{""x"":1098,""y"":511,""t"":2428},{""x"":1075,""y"":510,""t"":2469},{""x"":1094,""y"":529,""t"":2509},{""x"":1108,""y"":596,""t"":2547},{""x"":1109,""y"":617,""t"":2589},{""x"":1114,""y"":585,""t"":2659},{""x"":1130,""y"":576,""t"":2687},{""x"":1121,""y"":541,""t"":2751},{""x"":1118,""y"":477,""t"":2769},{""x"":1119,""y"":451,""t"":2811},{""x"":1018,""y"":385,""t"":2849},{""x"":909,""y"":393,""t"":2889},{""x"":773,""y"":378,""t"":2929},{""x"":685,""y"":343,""t"":2989},{""x"":561,""y"":308,""t"":3006},{""x"":495,""y"":272,""t"":3067},{""x"":464,""y"":270,""t"":3114},{""x"":444,""y"":271,""t"":3129},{""x"":438,""y"":265,""t"":3190},{""x"":438,""y"":262,""t"":3206},{""x"":417,""y"":288,""t"":3269},{""x"":386,""y"":257,""t"":3321},{""x"":364,""y"":232,""t"":3334},{""x"":360,""y"":286,""t"":3395},{""x"":308,""y"":295,""t"":3411},{""x"":352,""y"":333,""t"":3476},{""x"":387,""y"":349,""t"":3503},{""x"":601,""y"":334,""t"":3563},{""x"":758,""y"":331,""t"":3581},{""x"":982,""y"":327,""t"":3647},{""x"":1147,""y"":342,""t"":3673},{""x"":1239,""y"":330,""t"":3734},{""x"":1293,""y"":320,""t"":3750},{""x"":1341,""y"":284,""t"":3820},{""x"":1373,""y"":254,""t"":3842},{""x"":1429,""y"":268,""t"":3905},{""x"":1453,""y"":274,""t"":3920},{""x"":1355,""y"":271,""t"":3983},{""x"":1404,""y"":276,""t"":4032},{""x"":1437,""y"":286,""t"":4049},{""x"":1427,""y"":237,""t"":4113},{""x"":1414,""y"":195,""t"":4128},{""x"":1354,""y"":178,""t"":4196},{""x"":1305,""y"":192,""t"":4218},{""x"":1194,""y"":226,""t"":4279},{""x"":1099,""y"":256,""t"":4294},{""x"":1029,""y"":313,""t"":4358},{""x"":972,""y"":338,""t"":4410},{""x"":928,""y"":358,""t"":4425},{""x"":880,""y"":368,""t"":4489},{""x"":849,""y"":401,""t"":4535},{""x"":855,""y"":435,""t"":4556},{""x"":862,""y"":456,""t"":4621},{""x"":855,""y"":454,""t"":4637},{""x"":913,""y"":437,""t"":4699},{""x"":956,""y"":417,""t"":4727},{""x"":1000,""y"":397,""t"":4788},{""x"":1037,""y"":379,""t"":4804},{""x"":1030,""y"":404,""t"":4867},{""x"":1084,""y"":394,""t"":4918},{""x"":1130,""y"":386,""t"":4933},{""x"":1164,""y"":397,""t"":4995},{""x"":1192,""y"":406,""t"":5012},{""x"":1153,""y"":423,""t"":5074},{""x"":1126,""y"":394,""t"":5124},{""x"":1086,""y"":368,""t"":5143},{""x"":1083,""y"":356,""t"":5206},{""x"":1057,""y"":373,""t"":5261},{""x"":1015,""y"":384,""t"":5279},{""x"":997,""y"":392,""t"":5340},{""x"":1033,""y"":396,""t"":5388},{""x"":1030,""y"":385,""t"":5408},{""x"":983,""y"":356,""t"":5470},{""x"":943,""y"":330,""t"":5484},{""x"":950,""y"":358,""t"":5550},{""x"":958,""y"":383,""t"":5577},{""x"":1013,""y"":406,""t"":5638},{""x"":1032,""y"":407,""t"":5654},{""x"":1017,""y"":398,""t"":5717},{""x"":960,""y"":377,""t"":5764},{""x"":913,""y"":359,""t"":5782}]",0,0.8496540101663722,0.15034598983362776,pt_b-last_b-longer,0
62-alternatives,0,62,exp_18,1.0,121.79999999701975,0.28,0.17,4.3,8.3,higher_p,higher_m,0,1,alternatives,0.0,False,1.204,1.4110000000000005,-0.2070000000000003,0.0442583094249128,0.6,0.4,0.5,0.5,0.0,0.0,higher_p,higher_p,False,"{""durations"":[1000,1500,1000,1500],""alternatives"":[1,0,1,0],""attributes"":[""all"",""all"",""all"",""all""]}","[{""x"":647,""y"":553,""t"":-40},{""x"":662,""y"":595,""t"":0},{""x"":669,""y"":584,""t"":67},{""x"":671,""y"":603,""t"":90},{""x"":701,""y"":594,""t"":140},{""x"":697,""y"":601,""t"":210},{""x"":712,""y"":591,""t"":278},{""x"":589,""y"":544,""t"":327},{""x"":484,""y"":503,""t"":341},{""x"":448,""y"":470,""t"":402},{""x"":404,""y"":435,""t"":418},{""x"":421,""y"":411,""t"":483},{""x"":428,""y"":369,""t"":533},{""x"":438,""y"":334,""t"":547},{""x"":444,""y"":350,""t"":613},{""x"":449,""y"":373,""t"":662},{""x"":415,""y"":381,""t"":681},{""x"":416,""y"":394,""t"":742},{""x"":465,""y"":436,""t"":760},{""x"":500,""y"":411,""t"":822},{""x"":516,""y"":385,""t"":851},{""x"":522,""y"":351,""t"":912},{""x"":513,""y"":308,""t"":929},{""x"":520,""y"":278,""t"":993},{""x"":531,""y"":272,""t"":1021},{""x"":511,""y"":266,""t"":1094},{""x"":525,""y"":279,""t"":1146},{""x"":548,""y"":288,""t"":1163},{""x"":553,""y"":309,""t"":1230},{""x"":557,""y"":328,""t"":1259},{""x"":711,""y"":399,""t"":1338},{""x"":817,""y"":445,""t"":1361},{""x"":919,""y"":485,""t"":1423},{""x"":1002,""y"":518,""t"":1438},{""x"":1102,""y"":534,""t"":1508},{""x"":1167,""y"":519,""t"":1531},{""x"":1266,""y"":484,""t"":1604},{""x"":1328,""y"":472,""t"":1658},{""x"":1371,""y"":448,""t"":1676},{""x"":1362,""y"":470,""t"":1743},{""x"":1344,""y"":431,""t"":1790},{""x"":1322,""y"":398,""t"":1807},{""x"":1349,""y"":367,""t"":1870},{""x"":1375,""y"":340,""t"":1887},{""x"":1417,""y"":310,""t"":1926},{""x"":1400,""y"":269,""t"":1966},{""x"":1393,""y"":255,""t"":2005},{""x"":1399,""y"":225,""t"":2043},{""x"":1385,""y"":190,""t"":2106},{""x"":1375,""y"":160,""t"":2120},{""x"":1311,""y"":167,""t"":2182},{""x"":1113,""y"":192,""t"":2245},{""x"":936,""y"":167,""t"":2297},{""x"":789,""y"":148,""t"":2313},{""x"":690,""y"":153,""t"":2375},{""x"":613,""y"":159,""t"":2392},{""x"":541,""y"":181,""t"":2453},{""x"":515,""y"":187,""t"":2503},{""x"":502,""y"":192,""t"":2518},{""x"":506,""y"":212,""t"":2581},{""x"":498,""y"":223,""t"":2598},{""x"":492,""y"":259,""t"":2638},{""x"":488,""y"":276,""t"":2677},{""x"":487,""y"":272,""t"":2719},{""x"":489,""y"":268,""t"":2758},{""x"":514,""y"":264,""t"":2818},{""x"":537,""y"":261,""t"":2836},{""x"":552,""y"":276,""t"":2898},{""x"":554,""y"":327,""t"":2948},{""x"":535,""y"":369,""t"":2966},{""x"":558,""y"":417,""t"":3027},{""x"":569,""y"":431,""t"":3074},{""x"":588,""y"":461,""t"":3094},{""x"":591,""y"":474,""t"":3157},{""x"":583,""y"":459,""t"":3172},{""x"":526,""y"":403,""t"":3235},{""x"":525,""y"":397,""t"":3287},{""x"":528,""y"":383,""t"":3303},{""x"":474,""y"":344,""t"":3368},{""x"":486,""y"":335,""t"":3417},{""x"":491,""y"":314,""t"":3434},{""x"":623,""y"":343,""t"":3499},{""x"":741,""y"":383,""t"":3513},{""x"":846,""y"":391,""t"":3578},{""x"":951,""y"":387,""t"":3605},{""x"":1046,""y"":421,""t"":3665},{""x"":1113,""y"":441,""t"":3681},{""x"":1210,""y"":488,""t"":3744},{""x"":1271,""y"":500,""t"":3802},{""x"":1316,""y"":508,""t"":3816},{""x"":1288,""y"":515,""t"":3878},{""x"":1322,""y"":470,""t"":3931},{""x"":1349,""y"":429,""t"":3945},{""x"":1416,""y"":408,""t"":4008},{""x"":1467,""y"":390,""t"":4022},{""x"":1412,""y"":376,""t"":4083},{""x"":1308,""y"":441,""t"":4148},{""x"":1090,""y"":385,""t"":4201},{""x"":903,""y"":338,""t"":4218},{""x"":841,""y"":398,""t"":4280},{""x"":755,""y"":453,""t"":4296},{""x"":719,""y"":448,""t"":4361},{""x"":701,""y"":479,""t"":4387},{""x"":643,""y"":492,""t"":4449},{""x"":639,""y"":511,""t"":4465},{""x"":594,""y"":522,""t"":4527},{""x"":581,""y"":499,""t"":4579},{""x"":605,""y"":508,""t"":4596},{""x"":643,""y"":483,""t"":4657},{""x"":667,""y"":482,""t"":4674},{""x"":660,""y"":426,""t"":4714},{""x"":663,""y"":442,""t"":4751},{""x"":674,""y"":423,""t"":4791},{""x"":642,""y"":410,""t"":4830},{""x"":557,""y"":397,""t"":4890},{""x"":577,""y"":407,""t"":4907},{""x"":563,""y"":380,""t"":4969},{""x"":520,""y"":383,""t"":5015},{""x"":531,""y"":361,""t"":5034},{""x"":584,""y"":375,""t"":5098},{""x"":611,""y"":375,""t"":5114},{""x"":645,""y"":367,""t"":5156},{""x"":645,""y"":367,""t"":5197},{""x"":650,""y"":374,""t"":5236},{""x"":644,""y"":350,""t"":5275},{""x"":651,""y"":352,""t"":5337},{""x"":695,""y"":362,""t"":5355},{""x"":728,""y"":372,""t"":5396},{""x"":708,""y"":369,""t"":5433},{""x"":744,""y"":394,""t"":5473},{""x"":807,""y"":396,""t"":5513},{""x"":774,""y"":388,""t"":5576},{""x"":727,""y"":373,""t"":5592},{""x"":755,""y"":388,""t"":5634}]",0,0.4383030863951557,0.5616969136048443,pt_b-last_b-longer,0
62-alternatives,0,63,exp_98,0.0,204.5,0.58,0.38,4.9,6.9,higher_p,higher_m,0,1,alternatives,0.0,False,2.842,2.6220000000000003,0.2199999999999997,0.4837536146444007,0.6,0.4,0.5,0.5,0.0,0.0,higher_p,higher_p,True,"{""durations"":[1000,1500,1000,1500],""alternatives"":[1,0,1,0],""attributes"":[""all"",""all"",""all"",""all""]}","[{""x"":784,""y"":365,""t"":-15},{""x"":773,""y"":368,""t"":0},{""x"":801,""y"":384,""t"":84},{""x"":808,""y"":386,""t"":117},{""x"":784,""y"":398,""t"":160},{""x"":792,""y"":385,""t"":202},{""x"":799,""y"":374,""t"":242},{""x"":802,""y"":390,""t"":305},{""x"":802,""y"":401,""t"":324},{""x"":886,""y"":456,""t"":364},{""x"":958,""y"":491,""t"":403},{""x"":1047,""y"":511,""t"":444},{""x"":1120,""y"":549,""t"":505},{""x"":1163,""y"":573,""t"":521},{""x"":1230,""y"":573,""t"":585},{""x"":1282,""y"":571,""t"":613},{""x"":1268,""y"":567,""t"":680},{""x"":1266,""y"":512,""t"":730},{""x"":1234,""y"":474,""t"":748},{""x"":1230,""y"":430,""t"":811},{""x"":1224,""y"":394,""t"":828},{""x"":1231,""y"":384,""t"":892},{""x"":1253,""y"":385,""t"":919},{""x"":1229,""y"":370,""t"":980},{""x"":1207,""y"":358,""t"":994},{""x"":1212,""y"":346,""t"":1063},{""x"":1215,""y"":338,""t"":1088},{""x"":1215,""y"":306,""t"":1151},{""x"":1318,""y"":269,""t"":1166},{""x"":1347,""y"":219,""t"":1229},{""x"":1190,""y"":210,""t"":1280},{""x"":1038,""y"":188,""t"":1293},{""x"":889,""y"":211,""t"":1356},{""x"":799,""y"":244,""t"":1374},{""x"":765,""y"":312,""t"":1437},{""x"":696,""y"":349,""t"":1486},{""x"":643,""y"":381,""t"":1501},{""x"":614,""y"":401,""t"":1564},{""x"":579,""y"":351,""t"":1580},{""x"":576,""y"":288,""t"":1623},{""x"":521,""y"":271,""t"":1661},{""x"":476,""y"":260,""t"":1701},{""x"":484,""y"":265,""t"":1763},{""x"":455,""y"":297,""t"":1779},{""x"":434,""y"":275,""t"":1841},{""x"":404,""y"":255,""t"":1891},{""x"":429,""y"":238,""t"":1906},{""x"":448,""y"":234,""t"":1969},{""x"":474,""y"":241,""t"":1984},{""x"":522,""y"":260,""t"":2049},{""x"":544,""y"":250,""t"":2075},{""x"":577,""y"":232,""t"":2135},{""x"":557,""y"":205,""t"":2153},{""x"":713,""y"":236,""t"":2215},{""x"":886,""y"":241,""t"":2267},{""x"":1049,""y"":252,""t"":2285},{""x"":1126,""y"":275,""t"":2351},{""x"":1182,""y"":267,""t"":2400},{""x"":1229,""y"":294,""t"":2416},{""x"":1249,""y"":290,""t"":2479},{""x"":1260,""y"":286,""t"":2494},{""x"":1322,""y"":277,""t"":2557},{""x"":1341,""y"":276,""t"":2609},{""x"":1396,""y"":257,""t"":2624},{""x"":1414,""y"":258,""t"":2688},{""x"":1453,""y"":265,""t"":2738},{""x"":1481,""y"":271,""t"":2754},{""x"":1445,""y"":301,""t"":2818},{""x"":1428,""y"":321,""t"":2834},{""x"":1455,""y"":312,""t"":2897},{""x"":1480,""y"":280,""t"":2945},{""x"":1501,""y"":298,""t"":2962},{""x"":1461,""y"":298,""t"":3023},{""x"":1413,""y"":302,""t"":3039},{""x"":1376,""y"":352,""t"":3082},{""x"":1340,""y"":406,""t"":3120},{""x"":1269,""y"":412,""t"":3162},{""x"":1238,""y"":453,""t"":3199},{""x"":1211,""y"":466,""t"":3260},{""x"":1192,""y"":495,""t"":3278},{""x"":1188,""y"":502,""t"":3340},{""x"":1180,""y"":509,""t"":3367},{""x"":1120,""y"":518,""t"":3430},{""x"":1077,""y"":529,""t"":3446},{""x"":1094,""y"":534,""t"":3506},{""x"":1098,""y"":498,""t"":3555},{""x"":1104,""y"":466,""t"":3571},{""x"":1126,""y"":471,""t"":3634},{""x"":1168,""y"":494,""t"":3649},{""x"":1039,""y"":493,""t"":3713},{""x"":916,""y"":488,""t"":3741},{""x"":748,""y"":459,""t"":3804},{""x"":608,""y"":435,""t"":3821},{""x"":528,""y"":481,""t"":3883},{""x"":467,""y"":521,""t"":3911},{""x"":448,""y"":500,""t"":3974},{""x"":435,""y"":477,""t"":3991},{""x"":442,""y"":476,""t"":4053},{""x"":452,""y"":464,""t"":4080},{""x"":413,""y"":458,""t"":4141},{""x"":384,""y"":453,""t"":4155},{""x"":324,""y"":431,""t"":4219},{""x"":380,""y"":381,""t"":4266},{""x"":431,""y"":339,""t"":4284},{""x"":469,""y"":305,""t"":4347},{""x"":490,""y"":263,""t"":4361},{""x"":529,""y"":278,""t"":4427},{""x"":548,""y"":285,""t"":4475},{""x"":560,""y"":301,""t"":4490},{""x"":559,""y"":292,""t"":4552},{""x"":541,""y"":247,""t"":4567},{""x"":521,""y"":245,""t"":4631},{""x"":522,""y"":255,""t"":4659},{""x"":511,""y"":235,""t"":4719},{""x"":502,""y"":219,""t"":4736},{""x"":525,""y"":215,""t"":4798},{""x"":559,""y"":212,""t"":4846},{""x"":588,""y"":209,""t"":4863},{""x"":622,""y"":240,""t"":4923},{""x"":648,""y"":249,""t"":4939},{""x"":634,""y"":224,""t"":5000},{""x"":647,""y"":209,""t"":5051},{""x"":657,""y"":196,""t"":5067},{""x"":637,""y"":235,""t"":5129},{""x"":665,""y"":249,""t"":5145},{""x"":679,""y"":278,""t"":5208},{""x"":649,""y"":296,""t"":5257},{""x"":656,""y"":301,""t"":5273},{""x"":672,""y"":306,""t"":5332},{""x"":625,""y"":285,""t"":5350},{""x"":622,""y"":280,""t"":5392},{""x"":532,""y"":318,""t"":5431},{""x"":592,""y"":326,""t"":5474},{""x"":618,""y"":322,""t"":5536},{""x"":618,""y"":326,""t"":5552},{""x"":630,""y"":299,""t"":5617},{""x"":673,""y"":320,""t"":5664},{""x"":678,""y"":346,""t"":5679},{""x"":649,""y"":323,""t"":5740},{""x"":624,""y"":302,""t"":5756},{""x"":725,""y"":343,""t"":5819}]",0,0.8153303146603043,0.18466968533969577,pt_b-last_b-longer,0
62-alternatives,0,64,exp_64,0.0,78.5,0.72,0.51,4.2,5.2,higher_p,higher_m,0,1,alternatives,0.0,False,3.024,2.652,0.3719999999999999,0.6402015921464199,0.6,0.4,0.5,0.5,0.0,1.0,higher_p,higher_m,True,"{""durations"":[1500,1000,1500,1000],""alternatives"":[0,1,0,1],""attributes"":[""all"",""all"",""all"",""all""]}","[{""x"":915,""y"":329,""t"":-16},{""x"":919,""y"":324,""t"":0},{""x"":904,""y"":331,""t"":80},{""x"":895,""y"":312,""t"":152},{""x"":910,""y"":299,""t"":170},{""x"":856,""y"":268,""t"":236},{""x"":812,""y"":256,""t"":254},{""x"":795,""y"":258,""t"":293},{""x"":720,""y"":235,""t"":332},{""x"":599,""y"":243,""t"":371},{""x"":557,""y"":239,""t"":411},{""x"":527,""y"":215,""t"":473},{""x"":495,""y"":213,""t"":489},{""x"":485,""y"":230,""t"":531},{""x"":471,""y"":246,""t"":570},{""x"":422,""y"":266,""t"":608},{""x"":395,""y"":265,""t"":650},{""x"":401,""y"":270,""t"":710},{""x"":419,""y"":242,""t"":727},{""x"":398,""y"":246,""t"":769},{""x"":364,""y"":219,""t"":808},{""x"":375,""y"":230,""t"":847},{""x"":387,""y"":241,""t"":887},{""x"":360,""y"":252,""t"":948},{""x"":356,""y"":198,""t"":962},{""x"":349,""y"":219,""t"":1026},{""x"":391,""y"":256,""t"":1076},{""x"":444,""y"":258,""t"":1092},{""x"":494,""y"":251,""t"":1154},{""x"":506,""y"":250,""t"":1170},{""x"":501,""y"":256,""t"":1232},{""x"":537,""y"":256,""t"":1259},{""x"":537,""y"":278,""t"":1321},{""x"":536,""y"":297,""t"":1335},{""x"":544,""y"":299,""t"":1400},{""x"":562,""y"":291,""t"":1451},{""x"":577,""y"":284,""t"":1466},{""x"":623,""y"":285,""t"":1530},{""x"":662,""y"":293,""t"":1547},{""x"":648,""y"":265,""t"":1587},{""x"":625,""y"":255,""t"":1627},{""x"":620,""y"":248,""t"":1666},{""x"":606,""y"":256,""t"":1706},{""x"":583,""y"":236,""t"":1768},{""x"":524,""y"":259,""t"":1786},{""x"":554,""y"":273,""t"":1827},{""x"":732,""y"":301,""t"":1867},{""x"":882,""y"":312,""t"":1907},{""x"":1089,""y"":331,""t"":1968},{""x"":1197,""y"":367,""t"":1984},{""x"":1338,""y"":345,""t"":2048},{""x"":1399,""y"":345,""t"":2098},{""x"":1495,""y"":372,""t"":2112},{""x"":1535,""y"":353,""t"":2175},{""x"":1547,""y"":316,""t"":2191},{""x"":1526,""y"":300,""t"":2232},{""x"":1496,""y"":321,""t"":2272},{""x"":1463,""y"":289,""t"":2310},{""x"":1411,""y"":287,""t"":2349},{""x"":1420,""y"":296,""t"":2411},{""x"":1432,""y"":330,""t"":2426},{""x"":1392,""y"":337,""t"":2489},{""x"":1415,""y"":349,""t"":2536},{""x"":1435,""y"":371,""t"":2553},{""x"":1433,""y"":378,""t"":2618},{""x"":1408,""y"":381,""t"":2634},{""x"":1387,""y"":382,""t"":2677},{""x"":1429,""y"":373,""t"":2715},{""x"":1465,""y"":359,""t"":2755},{""x"":1413,""y"":326,""t"":2817},{""x"":1368,""y"":298,""t"":2833},{""x"":1337,""y"":292,""t"":2899},{""x"":1357,""y"":299,""t"":2944},{""x"":1410,""y"":295,""t"":2960},{""x"":1379,""y"":299,""t"":3025},{""x"":1367,""y"":289,""t"":3040},{""x"":1170,""y"":273,""t"":3105},{""x"":981,""y"":252,""t"":3130},{""x"":851,""y"":233,""t"":3192},{""x"":747,""y"":217,""t"":3206},{""x"":672,""y"":230,""t"":3273},{""x"":631,""y"":224,""t"":3299},{""x"":589,""y"":237,""t"":3360},{""x"":559,""y"":256,""t"":3376},{""x"":491,""y"":283,""t"":3440},{""x"":466,""y"":327,""t"":3469},{""x"":466,""y"":355,""t"":3529},{""x"":472,""y"":378,""t"":3545},{""x"":497,""y"":374,""t"":3614},{""x"":512,""y"":356,""t"":3639},{""x"":514,""y"":341,""t"":3701},{""x"":503,""y"":332,""t"":3715},{""x"":566,""y"":301,""t"":3780},{""x"":577,""y"":299,""t"":3845},{""x"":619,""y"":259,""t"":3898},{""x"":656,""y"":238,""t"":3915},{""x"":657,""y"":254,""t"":3977},{""x"":659,""y"":241,""t"":3993},{""x"":673,""y"":232,""t"":4034},{""x"":691,""y"":242,""t"":4072},{""x"":767,""y"":255,""t"":4111},{""x"":853,""y"":260,""t"":4154},{""x"":993,""y"":248,""t"":4214},{""x"":1123,""y"":270,""t"":4228},{""x"":1270,""y"":215,""t"":4269},{""x"":1380,""y"":239,""t"":4307},{""x"":1397,""y"":224,""t"":4346},{""x"":1418,""y"":209,""t"":4386},{""x"":1514,""y"":210,""t"":4447},{""x"":1588,""y"":212,""t"":4463},{""x"":1631,""y"":218,""t"":4527},{""x"":1621,""y"":181,""t"":4584},{""x"":1600,""y"":182,""t"":4599},{""x"":1529,""y"":212,""t"":4662},{""x"":1431,""y"":280,""t"":4712},{""x"":1354,""y"":333,""t"":4727},{""x"":1311,""y"":400,""t"":4789},{""x"":1294,""y"":443,""t"":4804},{""x"":1224,""y"":478,""t"":4868},{""x"":1196,""y"":497,""t"":4896},{""x"":1036,""y"":458,""t"":4959},{""x"":903,""y"":421,""t"":4975},{""x"":795,""y"":384,""t"":5038},{""x"":730,""y"":353,""t"":5087},{""x"":682,""y"":326,""t"":5103},{""x"":660,""y"":346,""t"":5166},{""x"":679,""y"":342,""t"":5181},{""x"":669,""y"":342,""t"":5246},{""x"":666,""y"":358,""t"":5295},{""x"":666,""y"":350,""t"":5311},{""x"":686,""y"":365,""t"":5373},{""x"":693,""y"":362,""t"":5425},{""x"":687,""y"":360,""t"":5442},{""x"":664,""y"":351,""t"":5503},{""x"":711,""y"":357,""t"":5518},{""x"":712,""y"":377,""t"":5580},{""x"":728,""y"":387,""t"":5631},{""x"":742,""y"":395,""t"":5645}]",0,0.9311981989971956,0.0688018010028044,pt_b-last_b-longer,0
62-alternatives,0,65,exp_74,0.0,201.20000000298023,0.8,0.2,4.0,6.799999999999999,higher_p,higher_m,0,1,alternatives,0.0,False,3.2,1.36,1.8400000000000003,2.151159690652763,0.6,0.4,0.5,0.5,0.0,0.0,higher_p,higher_p,True,"{""durations"":[1000,1500,1000,1500],""alternatives"":[1,0,1,0],""attributes"":[""all"",""all"",""all"",""all""]}","[{""x"":736,""y"":575,""t"":-17},{""x"":745,""y"":618,""t"":0},{""x"":755,""y"":570,""t"":66},{""x"":739,""y"":560,""t"":97},{""x"":721,""y"":525,""t"":171},{""x"":729,""y"":477,""t"":236},{""x"":717,""y"":446,""t"":253},{""x"":725,""y"":428,""t"":293},{""x"":728,""y"":397,""t"":331},{""x"":729,""y"":364,""t"":373},{""x"":718,""y"":342,""t"":412},{""x"":650,""y"":319,""t"":474},{""x"":619,""y"":282,""t"":491},{""x"":608,""y"":270,""t"":531},{""x"":589,""y"":245,""t"":570},{""x"":594,""y"":245,""t"":609},{""x"":582,""y"":255,""t"":648},{""x"":566,""y"":242,""t"":708},{""x"":592,""y"":230,""t"":724},{""x"":594,""y"":244,""t"":785},{""x"":543,""y"":222,""t"":857},{""x"":546,""y"":213,""t"":904},{""x"":550,""y"":206,""t"":919},{""x"":519,""y"":200,""t"":979},{""x"":493,""y"":195,""t"":993},{""x"":461,""y"":217,""t"":1061},{""x"":488,""y"":267,""t"":1108},{""x"":513,""y"":310,""t"":1122},{""x"":512,""y"":358,""t"":1185},{""x"":513,""y"":390,""t"":1201},{""x"":685,""y"":404,""t"":1266},{""x"":806,""y"":404,""t"":1292},{""x"":973,""y"":357,""t"":1354},{""x"":1141,""y"":318,""t"":1371},{""x"":1236,""y"":318,""t"":1433},{""x"":1343,""y"":342,""t"":1463},{""x"":1392,""y"":310,""t"":1524},{""x"":1372,""y"":275,""t"":1541},{""x"":1415,""y"":253,""t"":1605},{""x"":1426,""y"":224,""t"":1632},{""x"":1417,""y"":288,""t"":1693},{""x"":1404,""y"":344,""t"":1709},{""x"":1376,""y"":362,""t"":1773},{""x"":1343,""y"":401,""t"":1821},{""x"":1345,""y"":453,""t"":1838},{""x"":1304,""y"":487,""t"":1900},{""x"":1254,""y"":528,""t"":1916},{""x"":1252,""y"":532,""t"":1978},{""x"":1221,""y"":521,""t"":2026},{""x"":1194,""y"":509,""t"":2041},{""x"":1181,""y"":462,""t"":2102},{""x"":1191,""y"":405,""t"":2120},{""x"":1183,""y"":360,""t"":2181},{""x"":1193,""y"":349,""t"":2233},{""x"":1202,""y"":341,""t"":2249},{""x"":1213,""y"":314,""t"":2310},{""x"":1265,""y"":325,""t"":2327},{""x"":1254,""y"":328,""t"":2366},{""x"":1100,""y"":320,""t"":2405},{""x"":969,""y"":295,""t"":2445},{""x"":899,""y"":277,""t"":2484},{""x"":828,""y"":274,""t"":2549},{""x"":722,""y"":225,""t"":2565},{""x"":663,""y"":219,""t"":2610},{""x"":603,""y"":209,""t"":2650},{""x"":563,""y"":193,""t"":2690},{""x"":597,""y"":197,""t"":2751},{""x"":604,""y"":206,""t"":2768},{""x"":581,""y"":208,""t"":2809},{""x"":603,""y"":225,""t"":2848},{""x"":591,""y"":279,""t"":2889},{""x"":605,""y"":328,""t"":2930},{""x"":593,""y"":374,""t"":2990},{""x"":588,""y"":353,""t"":3008},{""x"":555,""y"":321,""t"":3048},{""x"":607,""y"":435,""t"":3087},{""x"":691,""y"":524,""t"":3128},{""x"":774,""y"":594,""t"":3166},{""x"":826,""y"":635,""t"":3228},{""x"":905,""y"":666,""t"":3244},{""x"":964,""y"":683,""t"":3284},{""x"":1048,""y"":639,""t"":3324},{""x"":1082,""y"":553,""t"":3363},{""x"":1112,""y"":477,""t"":3403},{""x"":1110,""y"":477,""t"":3464},{""x"":1082,""y"":458,""t"":3482},{""x"":1081,""y"":441,""t"":3522},{""x"":1035,""y"":427,""t"":3560},{""x"":1047,""y"":379,""t"":3601},{""x"":1078,""y"":360,""t"":3642},{""x"":1031,""y"":348,""t"":3704},{""x"":1023,""y"":348,""t"":3722},{""x"":1010,""y"":368,""t"":3761},{""x"":1040,""y"":331,""t"":3799},{""x"":1038,""y"":368,""t"":3838},{""x"":1030,""y"":379,""t"":3876},{""x"":1053,""y"":398,""t"":3937},{""x"":1075,""y"":415,""t"":3955},{""x"":1127,""y"":434,""t"":4013},{""x"":1142,""y"":453,""t"":4060},{""x"":1153,""y"":469,""t"":4080},{""x"":1181,""y"":489,""t"":4139},{""x"":1218,""y"":514,""t"":4156},{""x"":1201,""y"":486,""t"":4217},{""x"":1218,""y"":506,""t"":4267},{""x"":1217,""y"":499,""t"":4285},{""x"":1224,""y"":513,""t"":4346},{""x"":1228,""y"":531,""t"":4362},{""x"":1191,""y"":460,""t"":4426},{""x"":1196,""y"":468,""t"":4474},{""x"":1200,""y"":474,""t"":4489},{""x"":1225,""y"":491,""t"":4551},{""x"":1250,""y"":506,""t"":4566},{""x"":1255,""y"":484,""t"":4628},{""x"":1253,""y"":473,""t"":4679},{""x"":1261,""y"":463,""t"":4692},{""x"":1175,""y"":449,""t"":4755},{""x"":1098,""y"":428,""t"":4770},{""x"":1011,""y"":388,""t"":4835},{""x"":939,""y"":364,""t"":4881},{""x"":932,""y"":339,""t"":4897},{""x"":863,""y"":306,""t"":4961},{""x"":807,""y"":280,""t"":4976},{""x"":781,""y"":292,""t"":5038},{""x"":754,""y"":283,""t"":5086},{""x"":755,""y"":288,""t"":5101},{""x"":781,""y"":283,""t"":5165},{""x"":784,""y"":260,""t"":5182},{""x"":807,""y"":258,""t"":5222},{""x"":854,""y"":252,""t"":5263},{""x"":905,""y"":277,""t"":5302},{""x"":948,""y"":300,""t"":5343},{""x"":891,""y"":305,""t"":5407},{""x"":910,""y"":314,""t"":5453},{""x"":925,""y"":336,""t"":5475},{""x"":884,""y"":355,""t"":5538},{""x"":879,""y"":384,""t"":5553},{""x"":863,""y"":361,""t"":5617},{""x"":874,""y"":372,""t"":5645},{""x"":857,""y"":355,""t"":5708},{""x"":851,""y"":366,""t"":5723},{""x"":757,""y"":323,""t"":5786}]",0,0.999702842784596,0.00029715721540401633,pt_b-last_b-longer,0
62-alternatives,0,66,exp_82,0.0,267.69999999552965,0.61,0.29,2.2,8.1,higher_p,higher_m,0,1,alternatives,0.0,False,1.342,2.349,-1.0069999999999997,-0.7791520984804501,0.6,0.4,0.5,0.5,0.0,0.0,higher_p,higher_p,True,"{""durations"":[1000,1500,1000,1500],""alternatives"":[1,0,1,0],""attributes"":[""all"",""all"",""all"",""all""]}","[{""x"":854,""y"":393,""t"":-15},{""x"":825,""y"":401,""t"":0},{""x"":810,""y"":396,""t"":61},{""x"":818,""y"":369,""t"":123},{""x"":815,""y"":390,""t"":164},{""x"":833,""y"":374,""t"":208},{""x"":848,""y"":384,""t"":270},{""x"":851,""y"":390,""t"":286},{""x"":732,""y"":367,""t"":348},{""x"":627,""y"":332,""t"":376},{""x"":603,""y"":301,""t"":439},{""x"":551,""y"":267,""t"":452},{""x"":544,""y"":245,""t"":516},{""x"":551,""y"":257,""t"":563},{""x"":517,""y"":274,""t"":579},{""x"":483,""y"":248,""t"":643},{""x"":480,""y"":225,""t"":658},{""x"":492,""y"":224,""t"":722},{""x"":509,""y"":238,""t"":769},{""x"":525,""y"":251,""t"":785},{""x"":576,""y"":286,""t"":847},{""x"":543,""y"":311,""t"":863},{""x"":564,""y"":372,""t"":904},{""x"":581,""y"":415,""t"":944},{""x"":615,""y"":474,""t"":989},{""x"":709,""y"":491,""t"":1054},{""x"":759,""y"":455,""t"":1068},{""x"":714,""y"":408,""t"":1111},{""x"":699,""y"":363,""t"":1151},{""x"":653,""y"":317,""t"":1191},{""x"":627,""y"":319,""t"":1253},{""x"":605,""y"":320,""t"":1269},{""x"":731,""y"":342,""t"":1332},{""x"":893,""y"":386,""t"":1360},{""x"":1025,""y"":384,""t"":1421},{""x"":1124,""y"":382,""t"":1461},{""x"":1168,""y"":369,""t"":1500},{""x"":1236,""y"":378,""t"":1562},{""x"":1265,""y"":388,""t"":1577},{""x"":1247,""y"":388,""t"":1619},{""x"":1275,""y"":362,""t"":1657},{""x"":1268,""y"":360,""t"":1697},{""x"":1345,""y"":377,""t"":1736},{""x"":1366,""y"":382,""t"":1799},{""x"":1393,""y"":394,""t"":1812},{""x"":1312,""y"":380,""t"":1875},{""x"":1285,""y"":388,""t"":1927},{""x"":1261,""y"":394,""t"":1941},{""x"":1238,""y"":430,""t"":2005},{""x"":1223,""y"":460,""t"":2020},{""x"":1201,""y"":498,""t"":2061},{""x"":1169,""y"":502,""t"":2101},{""x"":1144,""y"":521,""t"":2141},{""x"":1124,""y"":535,""t"":2180},{""x"":1141,""y"":512,""t"":2244},{""x"":1147,""y"":503,""t"":2260},{""x"":1147,""y"":518,""t"":2298},{""x"":1152,""y"":537,""t"":2340},{""x"":1102,""y"":527,""t"":2381},{""x"":946,""y"":470,""t"":2441},{""x"":761,""y"":398,""t"":2458},{""x"":607,""y"":362,""t"":2520},{""x"":525,""y"":276,""t"":2572},{""x"":458,""y"":239,""t"":2589},{""x"":381,""y"":208,""t"":2653},{""x"":379,""y"":182,""t"":2705},{""x"":380,""y"":179,""t"":2721},{""x"":370,""y"":187,""t"":2785},{""x"":366,""y"":196,""t"":2799},{""x"":348,""y"":221,""t"":2863},{""x"":353,""y"":222,""t"":2891},{""x"":384,""y"":180,""t"":2952},{""x"":403,""y"":169,""t"":2969},{""x"":400,""y"":192,""t"":3032},{""x"":403,""y"":197,""t"":3060},{""x"":404,""y"":193,""t"":3121},{""x"":429,""y"":188,""t"":3138},{""x"":426,""y"":160,""t"":3200},{""x"":483,""y"":221,""t"":3248},{""x"":516,""y"":281,""t"":3265},{""x"":530,""y"":314,""t"":3326},{""x"":553,""y"":346,""t"":3343},{""x"":578,""y"":401,""t"":3405},{""x"":564,""y"":425,""t"":3454},{""x"":588,""y"":439,""t"":3471},{""x"":667,""y"":467,""t"":3535},{""x"":833,""y"":478,""t"":3555},{""x"":962,""y"":424,""t"":3597},{""x"":1012,""y"":400,""t"":3636},{""x"":1051,""y"":403,""t"":3677},{""x"":1064,""y"":421,""t"":3740},{""x"":1136,""y"":468,""t"":3755},{""x"":1151,""y"":472,""t"":3796},{""x"":1180,""y"":464,""t"":3836},{""x"":1178,""y"":471,""t"":3875},{""x"":1201,""y"":501,""t"":3915},{""x"":1209,""y"":517,""t"":3975},{""x"":1222,""y"":549,""t"":3992},{""x"":1245,""y"":549,""t"":4055},{""x"":1250,""y"":553,""t"":4080},{""x"":1273,""y"":521,""t"":4143},{""x"":1289,""y"":492,""t"":4159},{""x"":1320,""y"":511,""t"":4230},{""x"":1341,""y"":481,""t"":4251},{""x"":1338,""y"":454,""t"":4313},{""x"":1333,""y"":431,""t"":4328},{""x"":1303,""y"":411,""t"":4390},{""x"":1299,""y"":383,""t"":4442},{""x"":1270,""y"":373,""t"":4459},{""x"":1262,""y"":353,""t"":4521},{""x"":1246,""y"":351,""t"":4537},{""x"":1174,""y"":324,""t"":4576},{""x"":1174,""y"":320,""t"":4615},{""x"":1174,""y"":330,""t"":4654},{""x"":1179,""y"":381,""t"":4693},{""x"":1122,""y"":367,""t"":4755},{""x"":1075,""y"":355,""t"":4772},{""x"":1042,""y"":360,""t"":4833},{""x"":989,""y"":369,""t"":4892},{""x"":995,""y"":364,""t"":4909},{""x"":957,""y"":374,""t"":4972},{""x"":903,""y"":351,""t"":5037},{""x"":923,""y"":332,""t"":5089},{""x"":967,""y"":307,""t"":5105},{""x"":924,""y"":281,""t"":5167},{""x"":926,""y"":276,""t"":5185},{""x"":957,""y"":283,""t"":5223},{""x"":1003,""y"":286,""t"":5262},{""x"":1033,""y"":328,""t"":5305},{""x"":1076,""y"":340,""t"":5370},{""x"":1047,""y"":356,""t"":5387},{""x"":1033,""y"":366,""t"":5428},{""x"":996,""y"":364,""t"":5466},{""x"":973,""y"":354,""t"":5510},{""x"":1006,""y"":389,""t"":5572},{""x"":1006,""y"":366,""t"":5589},{""x"":1045,""y"":396,""t"":5650},{""x"":1070,""y"":382,""t"":5697},{""x"":1055,""y"":373,""t"":5712},{""x"":1036,""y"":356,""t"":5775},{""x"":1014,""y"":334,""t"":5792}]",0,0.3595069674829498,0.6404930325170501,pt_b-last_b-longer,0
62-alternatives,1,70,exp_100,0.0,228.1000000014901,0.58,0.38,4.9,6.9,higher_p,higher_m,0,1,alternatives,0.0,False,2.842,2.6220000000000003,0.2199999999999997,0.4837536146444007,0.4,0.6,0.5,0.5,1.0,0.0,higher_m,higher_p,True,"{""durations"":[1500,1000,1500,1000],""alternatives"":[1,0,1,0],""attributes"":[""all"",""all"",""all"",""all""]}","[{""x"":790,""y"":403,""t"":-17},{""x"":830,""y"":409,""t"":0},{""x"":821,""y"":405,""t"":76},{""x"":808,""y"":419,""t"":115},{""x"":778,""y"":404,""t"":179},{""x"":750,""y"":391,""t"":206},{""x"":703,""y"":388,""t"":266},{""x"":663,""y"":386,""t"":281},{""x"":629,""y"":385,""t"":345},{""x"":620,""y"":364,""t"":395},{""x"":651,""y"":341,""t"":411},{""x"":764,""y"":321,""t"":474},{""x"":910,""y"":307,""t"":491},{""x"":1022,""y"":306,""t"":533},{""x"":1106,""y"":313,""t"":571},{""x"":1212,""y"":325,""t"":610},{""x"":1305,""y"":334,""t"":650},{""x"":1287,""y"":356,""t"":714},{""x"":1313,""y"":371,""t"":765},{""x"":1330,""y"":383,""t"":784},{""x"":1312,""y"":425,""t"":846},{""x"":1272,""y"":463,""t"":862},{""x"":1274,""y"":472,""t"":927},{""x"":1272,""y"":477,""t"":953},{""x"":1266,""y"":496,""t"":1015},{""x"":1258,""y"":511,""t"":1032},{""x"":1290,""y"":470,""t"":1094},{""x"":1315,""y"":433,""t"":1122},{""x"":1267,""y"":390,""t"":1184},{""x"":1225,""y"":362,""t"":1200},{""x"":1235,""y"":358,""t"":1261},{""x"":1265,""y"":344,""t"":1313},{""x"":1291,""y"":333,""t"":1328},{""x"":1267,""y"":320,""t"":1390},{""x"":1310,""y"":318,""t"":1408},{""x"":1298,""y"":302,""t"":1472},{""x"":1319,""y"":288,""t"":1497},{""x"":1332,""y"":309,""t"":1562},{""x"":1344,""y"":314,""t"":1577},{""x"":1386,""y"":291,""t"":1617},{""x"":1333,""y"":288,""t"":1656},{""x"":1311,""y"":304,""t"":1697},{""x"":1304,""y"":305,""t"":1737},{""x"":1072,""y"":309,""t"":1798},{""x"":825,""y"":280,""t"":1815},{""x"":605,""y"":272,""t"":1858},{""x"":425,""y"":251,""t"":1899},{""x"":294,""y"":240,""t"":1940},{""x"":176,""y"":234,""t"":2002},{""x"":93,""y"":224,""t"":2018},{""x"":44,""y"":263,""t"":2081},{""x"":23,""y"":277,""t"":2132},{""x"":-8,""y"":302,""t"":2147},{""x"":-8,""y"":302,""t"":2209},{""x"":55,""y"":270,""t"":2224},{""x"":52,""y"":226,""t"":2266},{""x"":98,""y"":201,""t"":2306},{""x"":88,""y"":195,""t"":2344},{""x"":166,""y"":162,""t"":2385},{""x"":163,""y"":159,""t"":2445},{""x"":188,""y"":163,""t"":2461},{""x"":209,""y"":162,""t"":2504},{""x"":247,""y"":162,""t"":2542},{""x"":281,""y"":270,""t"":2583},{""x"":311,""y"":350,""t"":2626},{""x"":608,""y"":461,""t"":2686},{""x"":857,""y"":542,""t"":2735},{""x"":1062,""y"":606,""t"":2754},{""x"":1004,""y"":699,""t"":2818},{""x"":928,""y"":761,""t"":2834},{""x"":848,""y"":803,""t"":2897},{""x"":811,""y"":849,""t"":2925},{""x"":753,""y"":854,""t"":2986},{""x"":702,""y"":852,""t"":3003},{""x"":720,""y"":816,""t"":3066},{""x"":822,""y"":752,""t"":3114},{""x"":904,""y"":693,""t"":3129},{""x"":935,""y"":647,""t"":3190},{""x"":977,""y"":601,""t"":3206},{""x"":1037,""y"":576,""t"":3269},{""x"":1072,""y"":533,""t"":3320},{""x"":1082,""y"":501,""t"":3335},{""x"":1110,""y"":481,""t"":3395},{""x"":1133,""y"":465,""t"":3415},{""x"":1101,""y"":447,""t"":3454},{""x"":931,""y"":428,""t"":3494},{""x"":767,""y"":391,""t"":3535},{""x"":641,""y"":365,""t"":3574},{""x"":541,""y"":338,""t"":3635},{""x"":474,""y"":319,""t"":3650},{""x"":433,""y"":322,""t"":3711},{""x"":401,""y"":311,""t"":3762},{""x"":380,""y"":303,""t"":3777},{""x"":383,""y"":317,""t"":3840},{""x"":377,""y"":333,""t"":3854},{""x"":436,""y"":347,""t"":3916},{""x"":452,""y"":369,""t"":3981},{""x"":409,""y"":378,""t"":4033},{""x"":415,""y"":370,""t"":4047},{""x"":404,""y"":373,""t"":4109},{""x"":411,""y"":379,""t"":4128},{""x"":428,""y"":395,""t"":4169},{""x"":393,""y"":381,""t"":4214},{""x"":370,""y"":364,""t"":4263},{""x"":380,""y"":356,""t"":4323},{""x"":422,""y"":354,""t"":4370},{""x"":421,""y"":353,""t"":4386},{""x"":396,""y"":307,""t"":4448},{""x"":376,""y"":272,""t"":4463},{""x"":311,""y"":260,""t"":4528},{""x"":282,""y"":226,""t"":4575},{""x"":295,""y"":212,""t"":4591},{""x"":283,""y"":206,""t"":4653},{""x"":298,""y"":202,""t"":4671},{""x"":309,""y"":191,""t"":4734},{""x"":320,""y"":178,""t"":4779},{""x"":355,""y"":193,""t"":4796},{""x"":323,""y"":209,""t"":4859},{""x"":308,""y"":216,""t"":4874},{""x"":271,""y"":216,""t"":4916},{""x"":285,""y"":210,""t"":4953},{""x"":284,""y"":214,""t"":4992},{""x"":283,""y"":218,""t"":5032},{""x"":278,""y"":226,""t"":5094},{""x"":275,""y"":234,""t"":5109},{""x"":284,""y"":239,""t"":5176},{""x"":264,""y"":240,""t"":5204},{""x"":260,""y"":238,""t"":5272},{""x"":263,""y"":229,""t"":5319},{""x"":276,""y"":250,""t"":5339},{""x"":277,""y"":238,""t"":5405},{""x"":355,""y"":258,""t"":5422},{""x"":437,""y"":296,""t"":5461},{""x"":512,""y"":320,""t"":5501},{""x"":565,""y"":338,""t"":5542},{""x"":606,""y"":353,""t"":5581},{""x"":617,""y"":372,""t"":5643},{""x"":626,""y"":356,""t"":5660},{""x"":660,""y"":366,""t"":5699},{""x"":660,""y"":369,""t"":5738},{""x"":616,""y"":357,""t"":5778},{""x"":645,""y"":337,""t"":5817}]",1,0.8486174401535832,0.15138255984641683,pt_b-last_b-longer,0
62-alternatives,1,71,exp_76,0.0,224.20000000298023,0.8,0.2,4.0,6.799999999999999,higher_p,higher_m,0,1,alternatives,0.0,False,3.2,1.36,1.8400000000000003,2.151159690652763,0.4,0.6,0.5,0.5,1.0,0.0,higher_m,higher_p,True,"{""durations"":[1500,1000,1500,1000],""alternatives"":[1,0,1,0],""attributes"":[""all"",""all"",""all"",""all""]}","[{""x"":1098,""y"":651,""t"":-41},{""x"":1189,""y"":760,""t"":0},{""x"":1108,""y"":798,""t"":78},{""x"":1046,""y"":791,""t"":153},{""x"":1035,""y"":787,""t"":170},{""x"":894,""y"":747,""t"":238},{""x"":869,""y"":711,""t"":255},{""x"":689,""y"":598,""t"":295},{""x"":578,""y"":493,""t"":335},{""x"":486,""y"":423,""t"":376},{""x"":373,""y"":380,""t"":436},{""x"":290,""y"":349,""t"":452},{""x"":224,""y"":298,""t"":514},{""x"":161,""y"":292,""t"":567},{""x"":129,""y"":280,""t"":582},{""x"":121,""y"":282,""t"":648},{""x"":120,""y"":293,""t"":701},{""x"":146,""y"":319,""t"":716},{""x"":140,""y"":294,""t"":775},{""x"":135,""y"":265,""t"":791},{""x"":197,""y"":207,""t"":854},{""x"":224,""y"":167,""t"":901},{""x"":249,""y"":136,""t"":919},{""x"":258,""y"":125,""t"":979},{""x"":267,""y"":119,""t"":993},{""x"":303,""y"":113,""t"":1056},{""x"":302,""y"":103,""t"":1108},{""x"":347,""y"":90,""t"":1124},{""x"":320,""y"":93,""t"":1184},{""x"":276,""y"":104,""t"":1201},{""x"":326,""y"":134,""t"":1265},{""x"":429,""y"":148,""t"":1312},{""x"":509,""y"":180,""t"":1328},{""x"":572,""y"":221,""t"":1390},{""x"":622,""y"":255,""t"":1407},{""x"":600,""y"":273,""t"":1469},{""x"":592,""y"":284,""t"":1497},{""x"":674,""y"":301,""t"":1562},{""x"":755,""y"":324,""t"":1579},{""x"":792,""y"":327,""t"":1618},{""x"":805,""y"":320,""t"":1657},{""x"":835,""y"":316,""t"":1696},{""x"":793,""y"":318,""t"":1736},{""x"":810,""y"":308,""t"":1800},{""x"":821,""y"":298,""t"":1815},{""x"":936,""y"":308,""t"":1878},{""x"":1025,""y"":307,""t"":1904},{""x"":1089,""y"":308,""t"":1966},{""x"":1133,""y"":315,""t"":1981},{""x"":1222,""y"":333,""t"":2046},{""x"":1253,""y"":346,""t"":2095},{""x"":1273,""y"":357,""t"":2109},{""x"":1242,""y"":359,""t"":2171},{""x"":1234,""y"":373,""t"":2187},{""x"":1193,""y"":418,""t"":2247},{""x"":1162,""y"":424,""t"":2300},{""x"":1160,""y"":433,""t"":2315},{""x"":1115,""y"":443,""t"":2376},{""x"":1074,""y"":446,""t"":2392},{""x"":1115,""y"":446,""t"":2454},{""x"":1140,""y"":431,""t"":2482},{""x"":1163,""y"":392,""t"":2544},{""x"":1205,""y"":371,""t"":2561},{""x"":1223,""y"":339,""t"":2627},{""x"":1175,""y"":337,""t"":2674},{""x"":1133,""y"":336,""t"":2688},{""x"":967,""y"":268,""t"":2750},{""x"":780,""y"":231,""t"":2768},{""x"":600,""y"":184,""t"":2828},{""x"":494,""y"":152,""t"":2876},{""x"":385,""y"":122,""t"":2893},{""x"":296,""y"":114,""t"":2956},{""x"":247,""y"":107,""t"":2972},{""x"":237,""y"":123,""t"":3014},{""x"":183,""y"":160,""t"":3052},{""x"":169,""y"":210,""t"":3093},{""x"":177,""y"":254,""t"":3131},{""x"":190,""y"":317,""t"":3193},{""x"":221,""y"":346,""t"":3208},{""x"":252,""y"":401,""t"":3250},{""x"":251,""y"":414,""t"":3289},{""x"":268,""y"":440,""t"":3329},{""x"":285,""y"":459,""t"":3369},{""x"":294,""y"":446,""t"":3429},{""x"":302,""y"":431,""t"":3444},{""x"":337,""y"":343,""t"":3508},{""x"":305,""y"":274,""t"":3559},{""x"":277,""y"":216,""t"":3576},{""x"":289,""y"":192,""t"":3643},{""x"":301,""y"":169,""t"":3691},{""x"":296,""y"":169,""t"":3708},{""x"":338,""y"":153,""t"":3769},{""x"":413,""y"":160,""t"":3786},{""x"":449,""y"":186,""t"":3847},{""x"":439,""y"":221,""t"":3893},{""x"":428,""y"":255,""t"":3911},{""x"":394,""y"":275,""t"":3971},{""x"":420,""y"":301,""t"":3985},{""x"":555,""y"":325,""t"":4048},{""x"":711,""y"":372,""t"":4100},{""x"":830,""y"":411,""t"":4114},{""x"":900,""y"":410,""t"":4177},{""x"":984,""y"":411,""t"":4196},{""x"":995,""y"":426,""t"":4256},{""x"":1000,""y"":420,""t"":4305},{""x"":1005,""y"":427,""t"":4321},{""x"":1092,""y"":417,""t"":4383},{""x"":1126,""y"":412,""t"":4399},{""x"":1193,""y"":394,""t"":4464},{""x"":1224,""y"":383,""t"":4488},{""x"":1233,""y"":354,""t"":4549},{""x"":1289,""y"":356,""t"":4565},{""x"":1211,""y"":335,""t"":4628},{""x"":1263,""y"":329,""t"":4677},{""x"":1304,""y"":325,""t"":4693},{""x"":1261,""y"":304,""t"":4754},{""x"":1268,""y"":306,""t"":4770},{""x"":1269,""y"":295,""t"":4833},{""x"":1233,""y"":273,""t"":4898},{""x"":1184,""y"":294,""t"":4951},{""x"":1104,""y"":314,""t"":4968},{""x"":1103,""y"":330,""t"":5031},{""x"":1017,""y"":354,""t"":5047},{""x"":1026,""y"":386,""t"":5088},{""x"":918,""y"":392,""t"":5129},{""x"":866,""y"":374,""t"":5168},{""x"":857,""y"":382,""t"":5230},{""x"":824,""y"":369,""t"":5246},{""x"":900,""y"":358,""t"":5312},{""x"":954,""y"":354,""t"":5338},{""x"":934,""y"":364,""t"":5401},{""x"":915,""y"":374,""t"":5416},{""x"":863,""y"":349,""t"":5480},{""x"":820,""y"":360,""t"":5532},{""x"":805,""y"":367,""t"":5547},{""x"":813,""y"":377,""t"":5609},{""x"":851,""y"":383,""t"":5624},{""x"":840,""y"":403,""t"":5667},{""x"":774,""y"":432,""t"":5703},{""x"":736,""y"":414,""t"":5742},{""x"":694,""y"":447,""t"":5781}]",0,0.9997659462705556,0.00023405372944445998,pt_b-last_b-longer,0
62-alternatives,1,72,exp_66,0.0,263.09999999403954,0.72,0.51,4.2,5.2,higher_p,higher_m,0,1,alternatives,0.0,False,3.024,2.652,0.3719999999999999,0.6402015921464199,0.6,0.4,0.5,0.5,0.0,0.0,higher_p,higher_p,True,"{""durations"":[1000,1500,1000,1500],""alternatives"":[1,0,1,0],""attributes"":[""all"",""all"",""all"",""all""]}","[{""x"":1221,""y"":665,""t"":-18},{""x"":1239,""y"":716,""t"":0},{""x"":1126,""y"":715,""t"":81},{""x"":1022,""y"":705,""t"":126},{""x"":928,""y"":717,""t"":172},{""x"":829,""y"":693,""t"":234},{""x"":732,""y"":663,""t"":250},{""x"":677,""y"":653,""t"":313},{""x"":537,""y"":629,""t"":361},{""x"":422,""y"":608,""t"":377},{""x"":348,""y"":586,""t"":439},{""x"":294,""y"":590,""t"":455},{""x"":263,""y"":575,""t"":518},{""x"":227,""y"":532,""t"":567},{""x"":202,""y"":497,""t"":581},{""x"":223,""y"":506,""t"":646},{""x"":246,""y"":515,""t"":662},{""x"":277,""y"":518,""t"":701},{""x"":243,""y"":428,""t"":739},{""x"":250,""y"":341,""t"":777},{""x"":209,""y"":265,""t"":817},{""x"":168,""y"":226,""t"":879},{""x"":128,""y"":197,""t"":894},{""x"":177,""y"":186,""t"":957},{""x"":220,""y"":154,""t"":986},{""x"":229,""y"":140,""t"":1051},{""x"":238,""y"":131,""t"":1065},{""x"":222,""y"":106,""t"":1128},{""x"":267,""y"":99,""t"":1177},{""x"":305,""y"":95,""t"":1192},{""x"":466,""y"":176,""t"":1255},{""x"":614,""y"":252,""t"":1273},{""x"":766,""y"":312,""t"":1315},{""x"":898,""y"":354,""t"":1353},{""x"":972,""y"":401,""t"":1393},{""x"":1087,""y"":436,""t"":1430},{""x"":1069,""y"":455,""t"":1491},{""x"":1111,""y"":482,""t"":1508},{""x"":1141,""y"":497,""t"":1570},{""x"":1212,""y"":477,""t"":1627},{""x"":1295,""y"":465,""t"":1644},{""x"":1285,""y"":434,""t"":1707},{""x"":1337,""y"":394,""t"":1755},{""x"":1385,""y"":385,""t"":1772},{""x"":1437,""y"":377,""t"":1834},{""x"":1476,""y"":370,""t"":1848},{""x"":1457,""y"":363,""t"":1911},{""x"":1469,""y"":352,""t"":1961},{""x"":1496,""y"":347,""t"":1976},{""x"":1454,""y"":346,""t"":2040},{""x"":1464,""y"":340,""t"":2092},{""x"":1444,""y"":331,""t"":2109},{""x"":1416,""y"":352,""t"":2171},{""x"":1377,""y"":368,""t"":2185},{""x"":1403,""y"":346,""t"":2250},{""x"":1420,""y"":331,""t"":2278},{""x"":1366,""y"":317,""t"":2339},{""x"":1267,""y"":296,""t"":2353},{""x"":1161,""y"":289,""t"":2418},{""x"":1200,""y"":307,""t"":2471},{""x"":1236,""y"":323,""t"":2486},{""x"":1225,""y"":319,""t"":2547},{""x"":1216,""y"":310,""t"":2565},{""x"":1194,""y"":305,""t"":2607},{""x"":1155,""y"":304,""t"":2646},{""x"":1107,""y"":317,""t"":2686},{""x"":1109,""y"":342,""t"":2724},{""x"":1131,""y"":328,""t"":2787},{""x"":1152,""y"":325,""t"":2805},{""x"":1018,""y"":319,""t"":2844},{""x"":807,""y"":296,""t"":2882},{""x"":603,""y"":273,""t"":2921},{""x"":482,""y"":240,""t"":2960},{""x"":371,""y"":249,""t"":3022},{""x"":260,""y"":228,""t"":3039},{""x"":206,""y"":216,""t"":3101},{""x"":157,""y"":200,""t"":3130},{""x"":155,""y"":201,""t"":3192},{""x"":185,""y"":213,""t"":3208},{""x"":160,""y"":276,""t"":3272},{""x"":120,""y"":344,""t"":3321},{""x"":132,""y"":375,""t"":3337},{""x"":143,""y"":411,""t"":3400},{""x"":138,""y"":442,""t"":3415},{""x"":164,""y"":465,""t"":3456},{""x"":167,""y"":468,""t"":3495},{""x"":188,""y"":483,""t"":3534},{""x"":222,""y"":471,""t"":3571},{""x"":222,""y"":478,""t"":3634},{""x"":224,""y"":481,""t"":3650},{""x"":231,""y"":492,""t"":3713},{""x"":367,""y"":499,""t"":3764},{""x"":521,""y"":476,""t"":3781},{""x"":670,""y"":444,""t"":3845},{""x"":790,""y"":426,""t"":3894},{""x"":886,""y"":410,""t"":3911},{""x"":1037,""y"":407,""t"":3973},{""x"":1192,""y"":415,""t"":3988},{""x"":1338,""y"":420,""t"":4052},{""x"":1430,""y"":396,""t"":4081},{""x"":1516,""y"":377,""t"":4143},{""x"":1577,""y"":361,""t"":4157},{""x"":1505,""y"":344,""t"":4221},{""x"":1486,""y"":346,""t"":4273},{""x"":1463,""y"":349,""t"":4288},{""x"":1417,""y"":345,""t"":4353},{""x"":1327,""y"":339,""t"":4404},{""x"":1259,""y"":333,""t"":4421},{""x"":1132,""y"":321,""t"":4484},{""x"":1086,""y"":312,""t"":4503},{""x"":992,""y"":313,""t"":4543},{""x"":876,""y"":320,""t"":4582},{""x"":872,""y"":305,""t"":4622},{""x"":877,""y"":320,""t"":4661},{""x"":863,""y"":314,""t"":4721},{""x"":842,""y"":313,""t"":4739},{""x"":810,""y"":346,""t"":4781},{""x"":751,""y"":355,""t"":4821},{""x"":761,""y"":357,""t"":4861},{""x"":753,""y"":358,""t"":4901},{""x"":805,""y"":351,""t"":4962},{""x"":823,""y"":345,""t"":4980},{""x"":859,""y"":340,""t"":5019},{""x"":888,""y"":339,""t"":5058},{""x"":839,""y"":334,""t"":5098},{""x"":843,""y"":312,""t"":5137},{""x"":889,""y"":310,""t"":5201},{""x"":852,""y"":322,""t"":5218},{""x"":819,""y"":332,""t"":5258},{""x"":836,""y"":356,""t"":5296},{""x"":830,""y"":347,""t"":5337},{""x"":880,""y"":320,""t"":5375},{""x"":874,""y"":332,""t"":5440},{""x"":850,""y"":334,""t"":5492},{""x"":830,""y"":335,""t"":5510},{""x"":853,""y"":339,""t"":5570},{""x"":907,""y"":347,""t"":5586},{""x"":922,""y"":346,""t"":5652},{""x"":929,""y"":363,""t"":5700},{""x"":934,""y"":377,""t"":5715},{""x"":910,""y"":383,""t"":5780},{""x"":916,""y"":417,""t"":5832},{""x"":906,""y"":443,""t"":5849}]",0,0.9219573800730886,0.07804261992691149,pt_b-last_b-longer,0
62-alternatives,1,75,catch_16,1.0,194.5,0.32,0.37,6.799999999999999,7.800000000000001,dominated,dominant,1,1,alternatives,0.0,False,2.176,2.886,-0.7100000000000004,-0.4734609845455846,0.5,0.5,0.5,0.5,,1.0,,dominant,True,"{""durations"":[1250,1250,1250,1250],""attributes"":[""all"",""all"",""all"",""all""],""alternatives"":[0,1,0,1]}","[{""x"":1318,""y"":777,""t"":-41},{""x"":1250,""y"":751,""t"":0},{""x"":1303,""y"":810,""t"":66},{""x"":1273,""y"":812,""t"":93},{""x"":1342,""y"":724,""t"":143},{""x"":1280,""y"":683,""t"":216},{""x"":1186,""y"":633,""t"":282},{""x"":1083,""y"":609,""t"":307},{""x"":857,""y"":566,""t"":370},{""x"":717,""y"":487,""t"":385},{""x"":592,""y"":426,""t"":428},{""x"":469,""y"":381,""t"":468},{""x"":376,""y"":323,""t"":507},{""x"":300,""y"":282,""t"":548},{""x"":295,""y"":358,""t"":610},{""x"":341,""y"":392,""t"":625},{""x"":311,""y"":434,""t"":687},{""x"":332,""y"":485,""t"":735},{""x"":376,""y"":521,""t"":750},{""x"":356,""y"":539,""t"":815},{""x"":362,""y"":567,""t"":829},{""x"":338,""y"":512,""t"":892},{""x"":270,""y"":454,""t"":940},{""x"":265,""y"":421,""t"":954},{""x"":237,""y"":392,""t"":1018},{""x"":221,""y"":382,""t"":1033},{""x"":222,""y"":395,""t"":1073},{""x"":251,""y"":430,""t"":1112},{""x"":260,""y"":452,""t"":1153},{""x"":254,""y"":438,""t"":1191},{""x"":347,""y"":449,""t"":1253},{""x"":427,""y"":458,""t"":1270},{""x"":442,""y"":464,""t"":1334},{""x"":438,""y"":486,""t"":1362},{""x"":402,""y"":487,""t"":1424},{""x"":427,""y"":497,""t"":1440},{""x"":496,""y"":503,""t"":1501},{""x"":554,""y"":508,""t"":1530},{""x"":694,""y"":511,""t"":1592},{""x"":817,""y"":525,""t"":1608},{""x"":888,""y"":538,""t"":1672},{""x"":972,""y"":561,""t"":1719},{""x"":1037,""y"":580,""t"":1736},{""x"":1110,""y"":600,""t"":1797},{""x"":1143,""y"":599,""t"":1816},{""x"":1074,""y"":585,""t"":1856},{""x"":1108,""y"":605,""t"":1895},{""x"":1105,""y"":567,""t"":1934},{""x"":1050,""y"":553,""t"":1974},{""x"":1038,""y"":515,""t"":2038},{""x"":1056,""y"":494,""t"":2054},{""x"":1060,""y"":469,""t"":2094},{""x"":1076,""y"":434,""t"":2132},{""x"":1094,""y"":443,""t"":2172},{""x"":1097,""y"":438,""t"":2212},{""x"":1040,""y"":376,""t"":2273},{""x"":1008,""y"":347,""t"":2290},{""x"":990,""y"":325,""t"":2355},{""x"":1023,""y"":338,""t"":2401},{""x"":1005,""y"":348,""t"":2418},{""x"":931,""y"":324,""t"":2482},{""x"":685,""y"":282,""t"":2533},{""x"":498,""y"":277,""t"":2551},{""x"":367,""y"":276,""t"":2619},{""x"":280,""y"":249,""t"":2668},{""x"":213,""y"":216,""t"":2687},{""x"":96,""y"":220,""t"":2749},{""x"":39,""y"":210,""t"":2763},{""x"":29,""y"":208,""t"":2828},{""x"":4,""y"":210,""t"":2874},{""x"":15,""y"":215,""t"":2891},{""x"":21,""y"":220,""t"":2953},{""x"":32,""y"":225,""t"":2969},{""x"":96,""y"":212,""t"":3034},{""x"":126,""y"":198,""t"":3060},{""x"":165,""y"":259,""t"":3124},{""x"":210,""y"":319,""t"":3138},{""x"":255,""y"":363,""t"":3200},{""x"":270,""y"":407,""t"":3249},{""x"":282,""y"":442,""t"":3265},{""x"":291,""y"":480,""t"":3327},{""x"":298,""y"":510,""t"":3342},{""x"":317,""y"":535,""t"":3405},{""x"":326,""y"":534,""t"":3435},{""x"":469,""y"":540,""t"":3497},{""x"":613,""y"":549,""t"":3514},{""x"":765,""y"":553,""t"":3579},{""x"":873,""y"":539,""t"":3628},{""x"":945,""y"":522,""t"":3644},{""x"":991,""y"":529,""t"":3708},{""x"":1076,""y"":515,""t"":3759},{""x"":1112,""y"":495,""t"":3774},{""x"":1115,""y"":497,""t"":3835},{""x"":1133,""y"":494,""t"":3852},{""x"":1128,""y"":481,""t"":3917},{""x"":1121,""y"":492,""t"":3964},{""x"":1109,""y"":502,""t"":3980},{""x"":1105,""y"":502,""t"":4042},{""x"":1072,""y"":508,""t"":4057},{""x"":1045,""y"":504,""t"":4100},{""x"":1060,""y"":498,""t"":4138},{""x"":1045,""y"":502,""t"":4178},{""x"":1061,""y"":513,""t"":4219},{""x"":1068,""y"":518,""t"":4280},{""x"":961,""y"":546,""t"":4297},{""x"":981,""y"":531,""t"":4337},{""x"":996,""y"":493,""t"":4377},{""x"":1080,""y"":460,""t"":4414},{""x"":1116,""y"":424,""t"":4455},{""x"":1125,""y"":401,""t"":4515},{""x"":1132,""y"":382,""t"":4530},{""x"":1153,""y"":371,""t"":4595},{""x"":1163,""y"":361,""t"":4643},{""x"":1180,""y"":358,""t"":4659},{""x"":1136,""y"":347,""t"":4722},{""x"":1097,""y"":339,""t"":4737},{""x"":1038,""y"":351,""t"":4800},{""x"":1000,""y"":355,""t"":4829},{""x"":981,""y"":360,""t"":4890},{""x"":1012,""y"":342,""t"":4907},{""x"":981,""y"":357,""t"":4970},{""x"":961,""y"":355,""t"":5022},{""x"":945,""y"":354,""t"":5038},{""x"":988,""y"":360,""t"":5100},{""x"":1009,""y"":348,""t"":5152},{""x"":1031,""y"":349,""t"":5169},{""x"":980,""y"":359,""t"":5232},{""x"":976,""y"":350,""t"":5248},{""x"":961,""y"":363,""t"":5311},{""x"":958,""y"":389,""t"":5361},{""x"":956,""y"":412,""t"":5377},{""x"":956,""y"":418,""t"":5440},{""x"":951,""y"":442,""t"":5460},{""x"":952,""y"":432,""t"":5499},{""x"":975,""y"":435,""t"":5539},{""x"":1006,""y"":441,""t"":5578},{""x"":951,""y"":442,""t"":5640},{""x"":904,""y"":442,""t"":5656},{""x"":852,""y"":409,""t"":5719},{""x"":743,""y"":404,""t"":5767},{""x"":694,""y"":392,""t"":5784}]",1,0.20915650826738008,0.7908434917326199,pt_b-last_b-longer,0
62-alternatives,1,77,exp_28,0.0,216.89999999850988,0.3,0.17,2.0,3.0,higher_p,higher_m,0,1,alternatives,0.0,False,0.6,0.51,0.0899999999999999,0.3499494233597793,0.4,0.6,0.5,0.5,1.0,0.0,higher_m,higher_p,True,"{""durations"":[1500,1000,1500,1000],""alternatives"":[1,0,1,0],""attributes"":[""all"",""all"",""all"",""all""]}","[{""x"":637,""y"":353,""t"":-40},{""x"":576,""y"":346,""t"":0},{""x"":582,""y"":337,""t"":61},{""x"":526,""y"":339,""t"":128},{""x"":505,""y"":341,""t"":168},{""x"":534,""y"":364,""t"":212},{""x"":570,""y"":373,""t"":274},{""x"":650,""y"":388,""t"":330},{""x"":717,""y"":417,""t"":348},{""x"":856,""y"":417,""t"":411},{""x"":900,""y"":425,""t"":476},{""x"":1009,""y"":444,""t"":526},{""x"":1097,""y"":460,""t"":546},{""x"":1130,""y"":459,""t"":608},{""x"":1159,""y"":459,""t"":623},{""x"":1162,""y"":463,""t"":687},{""x"":1184,""y"":452,""t"":737},{""x"":1212,""y"":448,""t"":751},{""x"":1205,""y"":456,""t"":813},{""x"":1199,""y"":461,""t"":831},{""x"":1172,""y"":473,""t"":873},{""x"":1243,""y"":436,""t"":913},{""x"":1287,""y"":417,""t"":953},{""x"":1285,""y"":391,""t"":1023},{""x"":1332,""y"":384,""t"":1074},{""x"":1359,""y"":377,""t"":1091},{""x"":1326,""y"":390,""t"":1153},{""x"":1391,""y"":385,""t"":1170},{""x"":1396,""y"":406,""t"":1211},{""x"":1418,""y"":421,""t"":1251},{""x"":1385,""y"":378,""t"":1290},{""x"":1363,""y"":352,""t"":1329},{""x"":1355,""y"":346,""t"":1392},{""x"":1337,""y"":345,""t"":1407},{""x"":1296,""y"":342,""t"":1472},{""x"":1248,""y"":348,""t"":1496},{""x"":1233,""y"":359,""t"":1562},{""x"":1200,""y"":367,""t"":1578},{""x"":1154,""y"":374,""t"":1620},{""x"":1214,""y"":379,""t"":1660},{""x"":1157,""y"":398,""t"":1699},{""x"":1136,""y"":422,""t"":1739},{""x"":997,""y"":432,""t"":1806},{""x"":777,""y"":400,""t"":1876},{""x"":657,""y"":367,""t"":1906},{""x"":508,""y"":341,""t"":1974},{""x"":399,""y"":344,""t"":2030},{""x"":302,""y"":336,""t"":2046},{""x"":240,""y"":326,""t"":2109},{""x"":211,""y"":305,""t"":2158},{""x"":197,""y"":288,""t"":2177},{""x"":148,""y"":268,""t"":2240},{""x"":115,""y"":252,""t"":2255},{""x"":124,""y"":240,""t"":2318},{""x"":116,""y"":242,""t"":2347},{""x"":131,""y"":241,""t"":2410},{""x"":153,""y"":231,""t"":2425},{""x"":164,""y"":234,""t"":2488},{""x"":146,""y"":238,""t"":2517},{""x"":169,""y"":231,""t"":2583},{""x"":198,""y"":276,""t"":2601},{""x"":182,""y"":333,""t"":2639},{""x"":237,""y"":366,""t"":2677},{""x"":254,""y"":391,""t"":2718},{""x"":269,""y"":411,""t"":2756},{""x"":314,""y"":428,""t"":2820},{""x"":301,""y"":429,""t"":2837},{""x"":330,""y"":435,""t"":2878},{""x"":653,""y"":421,""t"":2917},{""x"":871,""y"":390,""t"":2956},{""x"":1060,""y"":371,""t"":2997},{""x"":1085,""y"":362,""t"":3056},{""x"":1122,""y"":351,""t"":3074},{""x"":1253,""y"":395,""t"":3137},{""x"":1290,""y"":390,""t"":3183},{""x"":1380,""y"":387,""t"":3199},{""x"":1385,""y"":392,""t"":3264},{""x"":1242,""y"":468,""t"":3316},{""x"":1141,""y"":539,""t"":3333},{""x"":1207,""y"":678,""t"":3396},{""x"":1282,""y"":792,""t"":3410},{""x"":1231,""y"":836,""t"":3474},{""x"":1223,""y"":859,""t"":3503},{""x"":1068,""y"":891,""t"":3565},{""x"":935,""y"":912,""t"":3581},{""x"":808,""y"":857,""t"":3643},{""x"":731,""y"":826,""t"":3673},{""x"":653,""y"":780,""t"":3733},{""x"":592,""y"":739,""t"":3748},{""x"":477,""y"":703,""t"":3810},{""x"":436,""y"":668,""t"":3861},{""x"":374,""y"":637,""t"":3878},{""x"":326,""y"":595,""t"":3945},{""x"":294,""y"":542,""t"":3995},{""x"":300,""y"":507,""t"":4012},{""x"":286,""y"":472,""t"":4074},{""x"":283,""y"":471,""t"":4090},{""x"":244,""y"":466,""t"":4134},{""x"":286,""y"":458,""t"":4172},{""x"":306,""y"":456,""t"":4211},{""x"":282,""y"":442,""t"":4250},{""x"":280,""y"":461,""t"":4288},{""x"":348,""y"":451,""t"":4351},{""x"":372,""y"":462,""t"":4368},{""x"":393,""y"":457,""t"":4408},{""x"":399,""y"":432,""t"":4447},{""x"":403,""y"":410,""t"":4490},{""x"":406,""y"":395,""t"":4550},{""x"":430,""y"":404,""t"":4567},{""x"":456,""y"":382,""t"":4632},{""x"":443,""y"":356,""t"":4679},{""x"":431,""y"":336,""t"":4693},{""x"":407,""y"":338,""t"":4756},{""x"":371,""y"":337,""t"":4772},{""x"":374,""y"":328,""t"":4835},{""x"":377,""y"":321,""t"":4863},{""x"":367,""y"":331,""t"":4925},{""x"":384,""y"":333,""t"":4939},{""x"":371,""y"":322,""t"":5004},{""x"":376,""y"":335,""t"":5053},{""x"":366,""y"":345,""t"":5069},{""x"":376,""y"":350,""t"":5133},{""x"":359,""y"":350,""t"":5151},{""x"":356,""y"":332,""t"":5192},{""x"":369,""y"":334,""t"":5231},{""x"":404,""y"":341,""t"":5271},{""x"":359,""y"":322,""t"":5333},{""x"":319,""y"":306,""t"":5350},{""x"":333,""y"":304,""t"":5413},{""x"":309,""y"":298,""t"":5461},{""x"":291,""y"":305,""t"":5477},{""x"":312,""y"":325,""t"":5542},{""x"":293,""y"":322,""t"":5558},{""x"":293,""y"":357,""t"":5598},{""x"":300,""y"":357,""t"":5638},{""x"":390,""y"":391,""t"":5677},{""x"":461,""y"":403,""t"":5716},{""x"":534,""y"":413,""t"":5779},{""x"":596,""y"":412,""t"":5794}]",0,0.7012387374214,0.2987612625786,pt_b-last_b-longer,0
62-alternatives,1,78,exp_44,1.0,250.89999999850988,0.81,0.48,1.6999999999999995,7.9,higher_p,higher_m,0,1,alternatives,0.0,False,1.3769999999999998,3.792,-2.415,-2.2283544163938904,0.4,0.6,0.5,0.5,1.0,0.0,higher_m,higher_p,False,"{""durations"":[1500,1000,1500,1000],""alternatives"":[1,0,1,0],""attributes"":[""all"",""all"",""all"",""all""]}","[{""x"":620,""y"":391,""t"":-24},{""x"":646,""y"":403,""t"":0},{""x"":648,""y"":389,""t"":76},{""x"":683,""y"":367,""t"":103},{""x"":670,""y"":361,""t"":201},{""x"":678,""y"":381,""t"":219},{""x"":698,""y"":377,""t"":283},{""x"":715,""y"":374,""t"":307},{""x"":588,""y"":317,""t"":373},{""x"":498,""y"":277,""t"":389},{""x"":386,""y"":249,""t"":452},{""x"":293,""y"":226,""t"":477},{""x"":232,""y"":208,""t"":539},{""x"":179,""y"":205,""t"":556},{""x"":170,""y"":234,""t"":620},{""x"":155,""y"":263,""t"":647},{""x"":181,""y"":297,""t"":709},{""x"":188,""y"":318,""t"":725},{""x"":207,""y"":361,""t"":788},{""x"":244,""y"":379,""t"":838},{""x"":277,""y"":392,""t"":856},{""x"":263,""y"":353,""t"":917},{""x"":304,""y"":304,""t"":932},{""x"":327,""y"":253,""t"":972},{""x"":300,""y"":240,""t"":1011},{""x"":320,""y"":213,""t"":1050},{""x"":344,""y"":188,""t"":1090},{""x"":336,""y"":168,""t"":1150},{""x"":298,""y"":172,""t"":1166},{""x"":266,""y"":179,""t"":1209},{""x"":274,""y"":163,""t"":1250},{""x"":272,""y"":149,""t"":1288},{""x"":271,""y"":138,""t"":1329},{""x"":260,""y"":148,""t"":1392},{""x"":227,""y"":150,""t"":1409},{""x"":233,""y"":134,""t"":1452},{""x"":227,""y"":143,""t"":1489},{""x"":201,""y"":176,""t"":1530},{""x"":154,""y"":182,""t"":1573},{""x"":150,""y"":230,""t"":1637},{""x"":168,""y"":284,""t"":1682},{""x"":184,""y"":328,""t"":1701},{""x"":193,""y"":367,""t"":1761},{""x"":238,""y"":397,""t"":1776},{""x"":258,""y"":427,""t"":1837},{""x"":267,""y"":458,""t"":1890},{""x"":325,""y"":478,""t"":1907},{""x"":476,""y"":502,""t"":1968},{""x"":684,""y"":514,""t"":1987},{""x"":832,""y"":546,""t"":2028},{""x"":974,""y"":555,""t"":2066},{""x"":1085,""y"":560,""t"":2109},{""x"":1243,""y"":534,""t"":2168},{""x"":1291,""y"":505,""t"":2185},{""x"":1348,""y"":473,""t"":2251},{""x"":1397,""y"":440,""t"":2299},{""x"":1430,""y"":413,""t"":2313},{""x"":1463,""y"":396,""t"":2375},{""x"":1471,""y"":393,""t"":2390},{""x"":1471,""y"":391,""t"":2455},{""x"":1464,""y"":390,""t"":2483},{""x"":1469,""y"":385,""t"":2544},{""x"":1473,""y"":378,""t"":2560},{""x"":1467,""y"":365,""t"":2604},{""x"":1407,""y"":359,""t"":2641},{""x"":1355,""y"":349,""t"":2678},{""x"":1294,""y"":356,""t"":2718},{""x"":1264,""y"":353,""t"":2755},{""x"":1129,""y"":353,""t"":2818},{""x"":1023,""y"":356,""t"":2833},{""x"":791,""y"":303,""t"":2897},{""x"":589,""y"":243,""t"":2944},{""x"":439,""y"":199,""t"":2960},{""x"":397,""y"":174,""t"":3023},{""x"":295,""y"":143,""t"":3038},{""x"":203,""y"":141,""t"":3080},{""x"":155,""y"":141,""t"":3119},{""x"":155,""y"":184,""t"":3157},{""x"":168,""y"":242,""t"":3200},{""x"":146,""y"":273,""t"":3261},{""x"":132,""y"":303,""t"":3277},{""x"":141,""y"":352,""t"":3320},{""x"":191,""y"":384,""t"":3359},{""x"":228,""y"":416,""t"":3397},{""x"":263,""y"":441,""t"":3436},{""x"":260,""y"":400,""t"":3497},{""x"":270,""y"":346,""t"":3512},{""x"":334,""y"":301,""t"":3578},{""x"":304,""y"":256,""t"":3627},{""x"":287,""y"":216,""t"":3642},{""x"":295,""y"":208,""t"":3704},{""x"":314,""y"":193,""t"":3720},{""x"":337,""y"":168,""t"":3761},{""x"":344,""y"":185,""t"":3801},{""x"":312,""y"":196,""t"":3842},{""x"":313,""y"":207,""t"":3880},{""x"":317,""y"":226,""t"":3940},{""x"":311,""y"":257,""t"":3956},{""x"":363,""y"":293,""t"":4020},{""x"":353,""y"":313,""t"":4066},{""x"":315,""y"":335,""t"":4084},{""x"":258,""y"":308,""t"":4146},{""x"":239,""y"":281,""t"":4161},{""x"":335,""y"":261,""t"":4203},{""x"":302,""y"":218,""t"":4243},{""x"":319,""y"":182,""t"":4282},{""x"":334,""y"":153,""t"":4323},{""x"":321,""y"":140,""t"":4384},{""x"":301,""y"":146,""t"":4400},{""x"":433,""y"":188,""t"":4442},{""x"":565,""y"":227,""t"":4481},{""x"":699,""y"":261,""t"":4521},{""x"":816,""y"":298,""t"":4561},{""x"":928,""y"":308,""t"":4624},{""x"":1027,""y"":317,""t"":4671},{""x"":1104,""y"":322,""t"":4693},{""x"":1165,""y"":332,""t"":4757},{""x"":1210,""y"":339,""t"":4772},{""x"":1330,""y"":369,""t"":4834},{""x"":1308,""y"":404,""t"":4899},{""x"":1278,""y"":432,""t"":4948},{""x"":1267,""y"":455,""t"":4965},{""x"":1198,""y"":472,""t"":5026},{""x"":1155,""y"":490,""t"":5042},{""x"":1197,""y"":501,""t"":5103},{""x"":1206,""y"":497,""t"":5157},{""x"":1194,""y"":475,""t"":5174},{""x"":1132,""y"":472,""t"":5235},{""x"":1106,""y"":445,""t"":5252},{""x"":1075,""y"":431,""t"":5291},{""x"":947,""y"":416,""t"":5329},{""x"":769,""y"":362,""t"":5371},{""x"":646,""y"":320,""t"":5412},{""x"":537,""y"":281,""t"":5475},{""x"":421,""y"":295,""t"":5524},{""x"":357,""y"":287,""t"":5543},{""x"":290,""y"":271,""t"":5606},{""x"":285,""y"":247,""t"":5623},{""x"":287,""y"":284,""t"":5686},{""x"":267,""y"":300,""t"":5733},{""x"":241,""y"":310,""t"":5752},{""x"":224,""y"":331,""t"":5813},{""x"":210,""y"":332,""t"":5827}]",1,0.22176405944315525,0.7782359405568449,pt_b-last_b-longer,0
62-alternatives,1,81,exp_62,0.0,402.0,0.41,0.21,1.7999999999999998,6.2,higher_p,higher_m,0,1,alternatives,0.0,False,0.7379999999999999,1.302,-0.5640000000000002,-0.3231885851028555,0.4,0.6,0.5,0.5,1.0,1.0,higher_m,higher_m,True,"{""durations"":[1000,1500,1000,1500],""alternatives"":[0,1,0,1],""attributes"":[""all"",""all"",""all"",""all""]}","[{""x"":759,""y"":395,""t"":-41},{""x"":743,""y"":391,""t"":0},{""x"":709,""y"":401,""t"":65},{""x"":726,""y"":393,""t"":82},{""x"":708,""y"":403,""t"":138},{""x"":709,""y"":399,""t"":211},{""x"":730,""y"":417,""t"":279},{""x"":730,""y"":441,""t"":307},{""x"":818,""y"":481,""t"":369},{""x"":879,""y"":510,""t"":384},{""x"":942,""y"":520,""t"":449},{""x"":990,""y"":547,""t"":477},{""x"":1028,""y"":555,""t"":538},{""x"":1080,""y"":548,""t"":555},{""x"":1096,""y"":550,""t"":618},{""x"":1113,""y"":529,""t"":668},{""x"":1124,""y"":510,""t"":686},{""x"":1169,""y"":493,""t"":748},{""x"":1156,""y"":453,""t"":762},{""x"":1229,""y"":439,""t"":804},{""x"":1228,""y"":424,""t"":843},{""x"":1208,""y"":419,""t"":882},{""x"":1224,""y"":399,""t"":922},{""x"":1209,""y"":377,""t"":986},{""x"":1139,""y"":362,""t"":1000},{""x"":1131,""y"":391,""t"":1046},{""x"":1133,""y"":434,""t"":1088},{""x"":1135,""y"":472,""t"":1125},{""x"":1188,""y"":480,""t"":1189},{""x"":1142,""y"":505,""t"":1204},{""x"":932,""y"":501,""t"":1246},{""x"":755,""y"":455,""t"":1285},{""x"":582,""y"":447,""t"":1322},{""x"":470,""y"":453,""t"":1363},{""x"":359,""y"":455,""t"":1433},{""x"":247,""y"":445,""t"":1482},{""x"":162,""y"":437,""t"":1497},{""x"":98,""y"":381,""t"":1559},{""x"":94,""y"":334,""t"":1576},{""x"":144,""y"":272,""t"":1637},{""x"":168,""y"":238,""t"":1685},{""x"":193,""y"":212,""t"":1702},{""x"":231,""y"":209,""t"":1766},{""x"":295,""y"":199,""t"":1781},{""x"":353,""y"":202,""t"":1824},{""x"":386,""y"":185,""t"":1861},{""x"":406,""y"":191,""t"":1898},{""x"":441,""y"":194,""t"":1940},{""x"":444,""y"":197,""t"":2000},{""x"":418,""y"":202,""t"":2015},{""x"":381,""y"":199,""t"":2079},{""x"":402,""y"":195,""t"":2131},{""x"":438,""y"":212,""t"":2147},{""x"":421,""y"":206,""t"":2211},{""x"":408,""y"":197,""t"":2277},{""x"":424,""y"":201,""t"":2296},{""x"":463,""y"":196,""t"":2339},{""x"":411,""y"":199,""t"":2378},{""x"":399,""y"":210,""t"":2417},{""x"":411,""y"":248,""t"":2481},{""x"":460,""y"":268,""t"":2496},{""x"":715,""y"":314,""t"":2557},{""x"":887,""y"":340,""t"":2586},{""x"":1049,""y"":373,""t"":2648},{""x"":1269,""y"":407,""t"":2663},{""x"":1372,""y"":424,""t"":2706},{""x"":1440,""y"":421,""t"":2746},{""x"":1403,""y"":408,""t"":2784},{""x"":1387,""y"":399,""t"":2825},{""x"":1358,""y"":413,""t"":2888},{""x"":1346,""y"":423,""t"":2904},{""x"":1314,""y"":422,""t"":2967},{""x"":1283,""y"":420,""t"":2992},{""x"":1292,""y"":428,""t"":3057},{""x"":1298,""y"":434,""t"":3073},{""x"":1269,""y"":439,""t"":3136},{""x"":1244,""y"":440,""t"":3163},{""x"":1248,""y"":466,""t"":3226},{""x"":1236,""y"":474,""t"":3244},{""x"":1161,""y"":490,""t"":3284},{""x"":1143,""y"":480,""t"":3325},{""x"":1129,""y"":482,""t"":3365},{""x"":1102,""y"":484,""t"":3404},{""x"":1067,""y"":490,""t"":3465},{""x"":1093,""y"":488,""t"":3484},{""x"":1162,""y"":484,""t"":3524},{""x"":1176,""y"":482,""t"":3562},{""x"":1135,""y"":494,""t"":3604},{""x"":1101,""y"":504,""t"":3648},{""x"":1093,""y"":478,""t"":3710},{""x"":1103,""y"":483,""t"":3763},{""x"":1149,""y"":491,""t"":3778},{""x"":1151,""y"":490,""t"":3840},{""x"":1156,""y"":489,""t"":3856},{""x"":975,""y"":500,""t"":3918},{""x"":808,""y"":505,""t"":3967},{""x"":642,""y"":491,""t"":3984},{""x"":516,""y"":478,""t"":4047},{""x"":414,""y"":470,""t"":4094},{""x"":370,""y"":471,""t"":4116},{""x"":323,""y"":463,""t"":4176},{""x"":283,""y"":444,""t"":4190},{""x"":281,""y"":440,""t"":4254},{""x"":262,""y"":442,""t"":4303},{""x"":248,""y"":424,""t"":4319},{""x"":303,""y"":382,""t"":4381},{""x"":344,""y"":356,""t"":4397},{""x"":348,""y"":315,""t"":4458},{""x"":382,""y"":290,""t"":4511},{""x"":399,""y"":263,""t"":4526},{""x"":383,""y"":232,""t"":4586},{""x"":369,""y"":217,""t"":4603},{""x"":355,""y"":212,""t"":4666},{""x"":342,""y"":205,""t"":4693},{""x"":314,""y"":197,""t"":4755},{""x"":291,""y"":186,""t"":4771},{""x"":279,""y"":184,""t"":4835},{""x"":305,""y"":175,""t"":4884},{""x"":328,""y"":169,""t"":4901},{""x"":484,""y"":187,""t"":4964},{""x"":639,""y"":215,""t"":4978},{""x"":814,""y"":239,""t"":5040},{""x"":930,""y"":257,""t"":5067},{""x"":998,""y"":273,""t"":5127},{""x"":1049,""y"":286,""t"":5144},{""x"":1084,""y"":322,""t"":5210},{""x"":1130,""y"":349,""t"":5238},{""x"":1122,""y"":389,""t"":5299},{""x"":1120,""y"":402,""t"":5317},{""x"":1107,""y"":386,""t"":5379},{""x"":1092,""y"":371,""t"":5407},{""x"":1019,""y"":380,""t"":5468},{""x"":955,""y"":387,""t"":5483},{""x"":926,""y"":394,""t"":5546},{""x"":883,""y"":393,""t"":5597},{""x"":856,""y"":392,""t"":5612},{""x"":819,""y"":386,""t"":5676},{""x"":778,""y"":397,""t"":5692},{""x"":825,""y"":417,""t"":5751},{""x"":804,""y"":400,""t"":5798},{""x"":787,""y"":384,""t"":5815},{""x"":768,""y"":414,""t"":5874},{""x"":778,""y"":437,""t"":5890},{""x"":791,""y"":479,""t"":5953},{""x"":786,""y"":450,""t"":6005},{""x"":769,""y"":445,""t"":6019}]",1,0.310400942661608,0.689599057338392,pt_b-last_b-longer,0
62-alternatives,1,82,exp_34,1.0,202.29999999701977,0.79,0.7,2.0,3.2,higher_p,higher_m,0,1,alternatives,0.0,False,1.58,2.24,-0.6599999999999997,-0.4219978340514986,0.6,0.4,0.5,0.5,0.0,0.0,higher_p,higher_p,False,"{""durations"":[1000,1500,1000,1500],""alternatives"":[1,0,1,0],""attributes"":[""all"",""all"",""all"",""all""]}","[{""x"":1131,""y"":763,""t"":-17},{""x"":979,""y"":741,""t"":0},{""x"":873,""y"":727,""t"":62},{""x"":750,""y"":730,""t"":125},{""x"":712,""y"":730,""t"":171},{""x"":595,""y"":717,""t"":245},{""x"":531,""y"":714,""t"":273},{""x"":488,""y"":688,""t"":346},{""x"":410,""y"":684,""t"":395},{""x"":372,""y"":674,""t"":411},{""x"":367,""y"":659,""t"":475},{""x"":333,""y"":656,""t"":491},{""x"":286,""y"":657,""t"":533},{""x"":285,""y"":660,""t"":572},{""x"":268,""y"":650,""t"":621},{""x"":252,""y"":642,""t"":682},{""x"":263,""y"":587,""t"":728},{""x"":255,""y"":525,""t"":749},{""x"":269,""y"":520,""t"":816},{""x"":248,""y"":503,""t"":833},{""x"":226,""y"":473,""t"":886},{""x"":249,""y"":453,""t"":950},{""x"":236,""y"":427,""t"":966},{""x"":204,""y"":430,""t"":1007},{""x"":178,""y"":411,""t"":1049},{""x"":184,""y"":401,""t"":1090},{""x"":190,""y"":381,""t"":1154},{""x"":197,""y"":347,""t"":1169},{""x"":247,""y"":362,""t"":1232},{""x"":271,""y"":357,""t"":1259},{""x"":428,""y"":377,""t"":1321},{""x"":518,""y"":412,""t"":1337},{""x"":614,""y"":437,""t"":1402},{""x"":747,""y"":469,""t"":1449},{""x"":846,""y"":487,""t"":1466},{""x"":919,""y"":499,""t"":1527},{""x"":973,""y"":509,""t"":1543},{""x"":1040,""y"":513,""t"":1607},{""x"":1065,""y"":512,""t"":1654},{""x"":1056,""y"":509,""t"":1670},{""x"":1034,""y"":504,""t"":1732},{""x"":1021,""y"":497,""t"":1747},{""x"":1017,""y"":489,""t"":1809},{""x"":994,""y"":469,""t"":1837},{""x"":1006,""y"":500,""t"":1899},{""x"":1014,""y"":527,""t"":1917},{""x"":932,""y"":553,""t"":1979},{""x"":958,""y"":560,""t"":2024},{""x"":934,""y"":569,""t"":2041},{""x"":910,""y"":585,""t"":2103},{""x"":887,""y"":607,""t"":2118},{""x"":871,""y"":613,""t"":2180},{""x"":914,""y"":614,""t"":2228},{""x"":951,""y"":614,""t"":2245},{""x"":910,""y"":615,""t"":2307},{""x"":906,""y"":592,""t"":2324},{""x"":925,""y"":563,""t"":2388},{""x"":957,""y"":523,""t"":2415},{""x"":955,""y"":484,""t"":2478},{""x"":934,""y"":445,""t"":2492},{""x"":884,""y"":430,""t"":2557},{""x"":955,""y"":436,""t"":2606},{""x"":1005,""y"":434,""t"":2622},{""x"":1028,""y"":422,""t"":2687},{""x"":1027,""y"":412,""t"":2734},{""x"":997,""y"":410,""t"":2756},{""x"":757,""y"":368,""t"":2819},{""x"":553,""y"":334,""t"":2834},{""x"":431,""y"":287,""t"":2893},{""x"":308,""y"":251,""t"":2940},{""x"":142,""y"":247,""t"":2959},{""x"":114,""y"":250,""t"":3021},{""x"":91,""y"":260,""t"":3038},{""x"":104,""y"":287,""t"":3100},{""x"":80,""y"":334,""t"":3147},{""x"":46,""y"":367,""t"":3163},{""x"":31,""y"":411,""t"":3225},{""x"":25,""y"":449,""t"":3240},{""x"":8,""y"":439,""t"":3305},{""x"":25,""y"":402,""t"":3354},{""x"":45,""y"":367,""t"":3369},{""x"":56,""y"":343,""t"":3430},{""x"":53,""y"":336,""t"":3445},{""x"":50,""y"":317,""t"":3510},{""x"":65,""y"":302,""t"":3537},{""x"":85,""y"":284,""t"":3598},{""x"":128,""y"":273,""t"":3617},{""x"":151,""y"":269,""t"":3680},{""x"":181,""y"":263,""t"":3728},{""x"":191,""y"":265,""t"":3742},{""x"":167,""y"":257,""t"":3804},{""x"":137,""y"":252,""t"":3821},{""x"":154,""y"":269,""t"":3885},{""x"":379,""y"":300,""t"":3934},{""x"":553,""y"":322,""t"":3951},{""x"":747,""y"":337,""t"":4014},{""x"":867,""y"":347,""t"":4063},{""x"":1002,""y"":366,""t"":4082},{""x"":1052,""y"":395,""t"":4143},{""x"":1123,""y"":413,""t"":4160},{""x"":1132,""y"":408,""t"":4222},{""x"":1152,""y"":426,""t"":4270},{""x"":1153,""y"":433,""t"":4285},{""x"":1071,""y"":469,""t"":4346},{""x"":996,""y"":498,""t"":4361},{""x"":968,""y"":526,""t"":4425},{""x"":971,""y"":556,""t"":4474},{""x"":977,""y"":574,""t"":4489},{""x"":951,""y"":567,""t"":4550},{""x"":901,""y"":567,""t"":4566},{""x"":887,""y"":560,""t"":4629},{""x"":895,""y"":553,""t"":4675},{""x"":869,""y"":534,""t"":4693},{""x"":887,""y"":500,""t"":4755},{""x"":892,""y"":486,""t"":4769},{""x"":898,""y"":443,""t"":4834},{""x"":901,""y"":419,""t"":4863},{""x"":930,""y"":415,""t"":4925},{""x"":925,""y"":416,""t"":4943},{""x"":915,""y"":404,""t"":5003},{""x"":772,""y"":397,""t"":5053},{""x"":643,""y"":376,""t"":5069},{""x"":525,""y"":366,""t"":5131},{""x"":463,""y"":398,""t"":5149},{""x"":375,""y"":402,""t"":5191},{""x"":283,""y"":400,""t"":5232},{""x"":243,""y"":405,""t"":5271},{""x"":197,""y"":407,""t"":5334},{""x"":178,""y"":411,""t"":5351},{""x"":200,""y"":424,""t"":5414},{""x"":202,""y"":417,""t"":5441},{""x"":132,""y"":434,""t"":5507},{""x"":129,""y"":451,""t"":5523},{""x"":154,""y"":444,""t"":5584},{""x"":172,""y"":467,""t"":5632},{""x"":168,""y"":465,""t"":5649},{""x"":172,""y"":456,""t"":5711},{""x"":163,""y"":469,""t"":5728},{""x"":227,""y"":451,""t"":5767},{""x"":264,""y"":430,""t"":5806}]",1,0.3475016481804436,0.6524983518195565,pt_b-last_b-longer,0
62-alternatives,1,83,catch_10,1.0,319.30000000447035,0.31,0.51,1.6999999999999995,3.2,dominated,dominant,1,1,alternatives,0.0,False,0.5269999999999999,1.632,-1.1050000000000002,-0.8800198734488577,0.5,0.5,0.5,0.5,,1.0,,dominant,True,"{""durations"":[1250,1250,1250,1250],""attributes"":[""all"",""all"",""all"",""all""],""alternatives"":[0,1,0,1]}","[{""x"":430,""y"":324,""t"":-17},{""x"":432,""y"":325,""t"":0},{""x"":396,""y"":333,""t"":68},{""x"":407,""y"":337,""t"":100},{""x"":427,""y"":336,""t"":151},{""x"":437,""y"":352,""t"":228},{""x"":386,""y"":358,""t"":272},{""x"":397,""y"":353,""t"":310},{""x"":351,""y"":374,""t"":374},{""x"":306,""y"":359,""t"":428},{""x"":262,""y"":351,""t"":444},{""x"":235,""y"":362,""t"":504},{""x"":243,""y"":375,""t"":522},{""x"":210,""y"":403,""t"":585},{""x"":184,""y"":426,""t"":613},{""x"":145,""y"":429,""t"":678},{""x"":155,""y"":431,""t"":695},{""x"":140,""y"":455,""t"":734},{""x"":156,""y"":466,""t"":773},{""x"":202,""y"":474,""t"":812},{""x"":223,""y"":479,""t"":851},{""x"":231,""y"":500,""t"":913},{""x"":231,""y"":496,""t"":928},{""x"":252,""y"":500,""t"":990},{""x"":312,""y"":500,""t"":1043},{""x"":330,""y"":513,""t"":1057},{""x"":332,""y"":509,""t"":1118},{""x"":348,""y"":500,""t"":1134},{""x"":407,""y"":513,""t"":1199},{""x"":421,""y"":509,""t"":1225},{""x"":399,""y"":528,""t"":1301},{""x"":388,""y"":533,""t"":1327},{""x"":388,""y"":527,""t"":1388},{""x"":403,""y"":513,""t"":1404},{""x"":412,""y"":543,""t"":1471},{""x"":440,""y"":539,""t"":1498},{""x"":596,""y"":541,""t"":1559},{""x"":711,""y"":537,""t"":1576},{""x"":846,""y"":538,""t"":1637},{""x"":959,""y"":535,""t"":1686},{""x"":1049,""y"":533,""t"":1702},{""x"":1112,""y"":532,""t"":1765},{""x"":1168,""y"":522,""t"":1780},{""x"":1232,""y"":472,""t"":1843},{""x"":1254,""y"":446,""t"":1892},{""x"":1266,""y"":418,""t"":1907},{""x"":1267,""y"":405,""t"":1970},{""x"":1284,""y"":371,""t"":1987},{""x"":1254,""y"":360,""t"":2027},{""x"":1323,""y"":373,""t"":2065},{""x"":1402,""y"":389,""t"":2105},{""x"":1386,""y"":383,""t"":2144},{""x"":1267,""y"":371,""t"":2208},{""x"":1143,""y"":354,""t"":2223},{""x"":1162,""y"":355,""t"":2287},{""x"":1171,""y"":361,""t"":2335},{""x"":1153,""y"":368,""t"":2349},{""x"":991,""y"":354,""t"":2414},{""x"":878,""y"":349,""t"":2428},{""x"":645,""y"":308,""t"":2490},{""x"":440,""y"":287,""t"":2517},{""x"":288,""y"":281,""t"":2592},{""x"":175,""y"":264,""t"":2620},{""x"":110,""y"":271,""t"":2682},{""x"":61,""y"":263,""t"":2698},{""x"":12,""y"":257,""t"":2762},{""x"":-18,""y"":247,""t"":2811},{""x"":5,""y"":248,""t"":2826},{""x"":-39,""y"":275,""t"":2891},{""x"":-7,""y"":274,""t"":2944},{""x"":18,""y"":292,""t"":2959},{""x"":77,""y"":342,""t"":3022},{""x"":134,""y"":378,""t"":3037},{""x"":129,""y"":435,""t"":3102},{""x"":168,""y"":472,""t"":3129},{""x"":185,""y"":511,""t"":3192},{""x"":200,""y"":542,""t"":3206},{""x"":292,""y"":623,""t"":3269},{""x"":548,""y"":675,""t"":3333},{""x"":710,""y"":756,""t"":3381},{""x"":842,""y"":821,""t"":3401},{""x"":928,""y"":834,""t"":3465},{""x"":986,""y"":841,""t"":3480},{""x"":1050,""y"":819,""t"":3521},{""x"":1019,""y"":802,""t"":3561},{""x"":1088,""y"":772,""t"":3598},{""x"":1068,""y"":742,""t"":3637},{""x"":1090,""y"":727,""t"":3678},{""x"":1045,""y"":688,""t"":3741},{""x"":1048,""y"":677,""t"":3790},{""x"":1046,""y"":668,""t"":3809},{""x"":963,""y"":623,""t"":3873},{""x"":883,""y"":578,""t"":3890},{""x"":877,""y"":549,""t"":3950},{""x"":846,""y"":540,""t"":3979},{""x"":857,""y"":508,""t"":4040},{""x"":869,""y"":483,""t"":4056},{""x"":833,""y"":492,""t"":4119},{""x"":865,""y"":444,""t"":4168},{""x"":893,""y"":404,""t"":4184},{""x"":970,""y"":365,""t"":4247},{""x"":975,""y"":335,""t"":4264},{""x"":995,""y"":316,""t"":4324},{""x"":992,""y"":304,""t"":4353},{""x"":944,""y"":316,""t"":4413},{""x"":961,""y"":326,""t"":4430},{""x"":978,""y"":318,""t"":4496},{""x"":943,""y"":325,""t"":4523},{""x"":935,""y"":352,""t"":4585},{""x"":928,""y"":376,""t"":4602},{""x"":873,""y"":372,""t"":4665},{""x"":925,""y"":394,""t"":4711},{""x"":919,""y"":403,""t"":4728},{""x"":984,""y"":403,""t"":4788},{""x"":1039,""y"":402,""t"":4803},{""x"":1056,""y"":400,""t"":4865},{""x"":1072,""y"":395,""t"":4912},{""x"":1085,""y"":391,""t"":4932},{""x"":1056,""y"":397,""t"":4996},{""x"":1045,""y"":386,""t"":5012},{""x"":981,""y"":413,""t"":5052},{""x"":978,""y"":418,""t"":5090},{""x"":1025,""y"":421,""t"":5131},{""x"":1035,""y"":404,""t"":5171},{""x"":1089,""y"":417,""t"":5235},{""x"":1061,""y"":418,""t"":5250},{""x"":1074,""y"":415,""t"":5291},{""x"":1017,""y"":418,""t"":5331},{""x"":884,""y"":427,""t"":5371},{""x"":798,""y"":445,""t"":5409},{""x"":769,""y"":432,""t"":5474},{""x"":647,""y"":415,""t"":5524},{""x"":547,""y"":401,""t"":5544},{""x"":526,""y"":413,""t"":5605},{""x"":502,""y"":419,""t"":5622},{""x"":456,""y"":400,""t"":5683},{""x"":446,""y"":420,""t"":5734},{""x"":435,""y"":440,""t"":5750},{""x"":452,""y"":437,""t"":5812},{""x"":471,""y"":433,""t"":5827},{""x"":479,""y"":440,""t"":5890}]",1,0.013735072202864719,0.9862649277971351,pt_b-last_b-longer,0
62-alternatives,1,84,exp_86,1.0,252.29999999701977,0.61,0.29,2.2,8.1,higher_p,higher_m,0,1,alternatives,0.0,False,1.342,2.349,-1.0069999999999997,-0.7791520984804501,0.4,0.6,0.5,0.5,1.0,1.0,higher_m,higher_m,False,"{""durations"":[1000,1500,1000,1500],""alternatives"":[0,1,0,1],""attributes"":[""all"",""all"",""all"",""all""]}","[{""x"":418,""y"":363,""t"":-16},{""x"":389,""y"":359,""t"":0},{""x"":380,""y"":363,""t"":67},{""x"":345,""y"":338,""t"":99},{""x"":305,""y"":317,""t"":148},{""x"":318,""y"":324,""t"":221},{""x"":291,""y"":337,""t"":265},{""x"":224,""y"":333,""t"":304},{""x"":162,""y"":312,""t"":345},{""x"":134,""y"":305,""t"":407},{""x"":140,""y"":287,""t"":423},{""x"":152,""y"":275,""t"":465},{""x"":125,""y"":282,""t"":503},{""x"":133,""y"":287,""t"":544},{""x"":130,""y"":308,""t"":583},{""x"":184,""y"":349,""t"":647},{""x"":175,""y"":394,""t"":711},{""x"":134,""y"":405,""t"":729},{""x"":146,""y"":418,""t"":790},{""x"":179,""y"":373,""t"":839},{""x"":198,""y"":348,""t"":856},{""x"":225,""y"":325,""t"":919},{""x"":228,""y"":278,""t"":971},{""x"":220,""y"":294,""t"":989},{""x"":235,""y"":288,""t"":1053},{""x"":247,""y"":286,""t"":1069},{""x"":229,""y"":318,""t"":1113},{""x"":247,""y"":310,""t"":1153},{""x"":151,""y"":271,""t"":1193},{""x"":244,""y"":314,""t"":1257},{""x"":370,""y"":351,""t"":1272},{""x"":491,""y"":412,""t"":1312},{""x"":637,""y"":446,""t"":1353},{""x"":756,""y"":473,""t"":1392},{""x"":872,""y"":493,""t"":1431},{""x"":969,""y"":488,""t"":1493},{""x"":1012,""y"":489,""t"":1509},{""x"":1109,""y"":466,""t"":1571},{""x"":1123,""y"":425,""t"":1622},{""x"":1182,""y"":396,""t"":1636},{""x"":1203,""y"":381,""t"":1700},{""x"":1277,""y"":386,""t"":1717},{""x"":1288,""y"":378,""t"":1756},{""x"":1247,""y"":361,""t"":1795},{""x"":1247,""y"":358,""t"":1835},{""x"":1242,""y"":356,""t"":1875},{""x"":1194,""y"":345,""t"":1935},{""x"":1149,""y"":336,""t"":1950},{""x"":1192,""y"":335,""t"":2015},{""x"":1214,""y"":336,""t"":2042},{""x"":1176,""y"":325,""t"":2104},{""x"":1160,""y"":312,""t"":2121},{""x"":1179,""y"":306,""t"":2183},{""x"":1151,""y"":297,""t"":2211},{""x"":1107,""y"":324,""t"":2274},{""x"":1112,""y"":342,""t"":2291},{""x"":1064,""y"":343,""t"":2350},{""x"":1077,""y"":377,""t"":2399},{""x"":1090,""y"":406,""t"":2416},{""x"":1107,""y"":393,""t"":2477},{""x"":1123,""y"":390,""t"":2493},{""x"":1114,""y"":383,""t"":2559},{""x"":1086,""y"":367,""t"":2607},{""x"":1063,""y"":353,""t"":2622},{""x"":804,""y"":336,""t"":2683},{""x"":596,""y"":302,""t"":2701},{""x"":417,""y"":276,""t"":2742},{""x"":305,""y"":275,""t"":2781},{""x"":219,""y"":276,""t"":2823},{""x"":148,""y"":284,""t"":2883},{""x"":123,""y"":251,""t"":2899},{""x"":28,""y"":249,""t"":2962},{""x"":29,""y"":256,""t"":3013},{""x"":38,""y"":263,""t"":3027},{""x"":0,""y"":293,""t"":3090},{""x"":7,""y"":329,""t"":3105},{""x"":31,""y"":350,""t"":3170},{""x"":72,""y"":359,""t"":3218},{""x"":111,""y"":365,""t"":3234},{""x"":129,""y"":362,""t"":3298},{""x"":128,""y"":344,""t"":3312},{""x"":108,""y"":289,""t"":3353},{""x"":137,""y"":265,""t"":3394},{""x"":181,""y"":231,""t"":3435},{""x"":231,""y"":209,""t"":3495},{""x"":274,""y"":192,""t"":3510},{""x"":272,""y"":219,""t"":3573},{""x"":238,""y"":200,""t"":3634},{""x"":231,""y"":225,""t"":3652},{""x"":145,""y"":225,""t"":3712},{""x"":166,""y"":237,""t"":3771},{""x"":182,""y"":208,""t"":3789},{""x"":355,""y"":231,""t"":3830},{""x"":620,""y"":244,""t"":3869},{""x"":868,""y"":253,""t"":3909},{""x"":1051,""y"":267,""t"":3946},{""x"":1235,""y"":281,""t"":4010},{""x"":1369,""y"":306,""t"":4026},{""x"":1407,""y"":345,""t"":4068},{""x"":1402,""y"":396,""t"":4107},{""x"":1384,""y"":431,""t"":4147},{""x"":1347,""y"":457,""t"":4186},{""x"":1300,""y"":490,""t"":4246},{""x"":1205,""y"":499,""t"":4264},{""x"":1171,""y"":511,""t"":4326},{""x"":1136,""y"":509,""t"":4352},{""x"":1133,""y"":517,""t"":4416},{""x"":1107,""y"":522,""t"":4431},{""x"":1206,""y"":459,""t"":4495},{""x"":1293,""y"":407,""t"":4523},{""x"":1298,""y"":354,""t"":4585},{""x"":1298,""y"":310,""t"":4602},{""x"":1268,""y"":305,""t"":4665},{""x"":1280,""y"":303,""t"":4694},{""x"":1258,""y"":297,""t"":4767},{""x"":1237,""y"":293,""t"":4795},{""x"":1268,""y"":264,""t"":4856},{""x"":1293,""y"":241,""t"":4871},{""x"":1398,""y"":242,""t"":4935},{""x"":1308,""y"":238,""t"":4983},{""x"":1230,""y"":236,""t"":4998},{""x"":1157,""y"":231,""t"":5061},{""x"":1059,""y"":218,""t"":5077},{""x"":967,""y"":216,""t"":5144},{""x"":903,""y"":212,""t"":5169},{""x"":959,""y"":208,""t"":5231},{""x"":954,""y"":188,""t"":5253},{""x"":914,""y"":216,""t"":5293},{""x"":845,""y"":255,""t"":5331},{""x"":832,""y"":290,""t"":5371},{""x"":742,""y"":332,""t"":5415},{""x"":703,""y"":352,""t"":5476},{""x"":667,""y"":411,""t"":5525},{""x"":641,""y"":459,""t"":5543},{""x"":644,""y"":477,""t"":5606},{""x"":656,""y"":507,""t"":5622},{""x"":670,""y"":504,""t"":5684},{""x"":618,""y"":514,""t"":5731},{""x"":588,""y"":516,""t"":5748},{""x"":568,""y"":496,""t"":5810},{""x"":554,""y"":477,""t"":5825}]",1,0.4494897283126123,0.5505102716873878,pt_b-last_b-longer,0
62-alternatives,1,85,exp_70,0.0,68.10000000149012,0.72,0.51,4.2,5.2,higher_p,higher_m,0,1,alternatives,0.0,False,3.024,2.652,0.3719999999999999,0.6402015921464199,0.4,0.6,0.5,0.5,1.0,1.0,higher_m,higher_m,True,"{""durations"":[1000,1500,1000,1500],""alternatives"":[0,1,0,1],""attributes"":[""all"",""all"",""all"",""all""]}","[{""x"":741,""y"":731,""t"":-23},{""x"":768,""y"":818,""t"":0},{""x"":722,""y"":813,""t"":64},{""x"":675,""y"":805,""t"":81},{""x"":616,""y"":788,""t"":131},{""x"":567,""y"":734,""t"":199},{""x"":539,""y"":721,""t"":242},{""x"":467,""y"":656,""t"":305},{""x"":369,""y"":563,""t"":322},{""x"":286,""y"":532,""t"":363},{""x"":285,""y"":483,""t"":403},{""x"":253,""y"":406,""t"":447},{""x"":221,""y"":374,""t"":510},{""x"":229,""y"":359,""t"":524},{""x"":238,""y"":357,""t"":586},{""x"":246,""y"":360,""t"":613},{""x"":243,""y"":373,""t"":679},{""x"":227,""y"":382,""t"":694},{""x"":236,""y"":400,""t"":733},{""x"":217,""y"":386,""t"":772},{""x"":187,""y"":346,""t"":811},{""x"":174,""y"":313,""t"":852},{""x"":183,""y"":300,""t"":913},{""x"":193,""y"":292,""t"":928},{""x"":209,""y"":264,""t"":994},{""x"":246,""y"":258,""t"":1043},{""x"":218,""y"":259,""t"":1057},{""x"":181,""y"":240,""t"":1119},{""x"":146,""y"":245,""t"":1136},{""x"":157,""y"":239,""t"":1177},{""x"":165,""y"":235,""t"":1216},{""x"":370,""y"":289,""t"":1257},{""x"":531,""y"":327,""t"":1295},{""x"":687,""y"":363,""t"":1356},{""x"":815,""y"":393,""t"":1372},{""x"":858,""y"":431,""t"":1438},{""x"":878,""y"":459,""t"":1462},{""x"":900,""y"":488,""t"":1524},{""x"":912,""y"":511,""t"":1539},{""x"":1029,""y"":469,""t"":1603},{""x"":1094,""y"":458,""t"":1654},{""x"":1142,""y"":449,""t"":1667},{""x"":1136,""y"":430,""t"":1729},{""x"":1128,""y"":419,""t"":1745},{""x"":1111,""y"":412,""t"":1808},{""x"":1116,""y"":418,""t"":1856},{""x"":1117,""y"":423,""t"":1871},{""x"":1152,""y"":370,""t"":1934},{""x"":1170,""y"":377,""t"":1949},{""x"":1203,""y"":367,""t"":1991},{""x"":1233,""y"":364,""t"":2030},{""x"":1173,""y"":341,""t"":2070},{""x"":1168,""y"":350,""t"":2109},{""x"":1128,""y"":335,""t"":2171},{""x"":1088,""y"":322,""t"":2189},{""x"":1028,""y"":325,""t"":2251},{""x"":974,""y"":303,""t"":2280},{""x"":752,""y"":287,""t"":2341},{""x"":585,""y"":260,""t"":2358},{""x"":432,""y"":228,""t"":2421},{""x"":313,""y"":201,""t"":2469},{""x"":225,""y"":192,""t"":2487},{""x"":200,""y"":178,""t"":2551},{""x"":132,""y"":183,""t"":2605},{""x"":113,""y"":193,""t"":2620},{""x"":39,""y"":183,""t"":2684},{""x"":19,""y"":186,""t"":2700},{""x"":-12,""y"":179,""t"":2741},{""x"":9,""y"":188,""t"":2779},{""x"":36,""y"":184,""t"":2821},{""x"":57,""y"":203,""t"":2860},{""x"":84,""y"":191,""t"":2922},{""x"":76,""y"":231,""t"":2938},{""x"":75,""y"":281,""t"":2980},{""x"":99,""y"":315,""t"":3019},{""x"":68,""y"":367,""t"":3058},{""x"":66,""y"":393,""t"":3105},{""x"":397,""y"":527,""t"":3168},{""x"":685,""y"":636,""t"":3218},{""x"":944,""y"":734,""t"":3233},{""x"":1001,""y"":780,""t"":3297},{""x"":1023,""y"":817,""t"":3314},{""x"":1030,""y"":819,""t"":3356},{""x"":1042,""y"":816,""t"":3399},{""x"":1036,""y"":801,""t"":3440},{""x"":941,""y"":772,""t"":3503},{""x"":868,""y"":736,""t"":3550},{""x"":830,""y"":711,""t"":3570},{""x"":794,""y"":668,""t"":3636},{""x"":756,""y"":662,""t"":3654},{""x"":704,""y"":610,""t"":3692},{""x"":681,""y"":586,""t"":3734},{""x"":627,""y"":581,""t"":3774},{""x"":660,""y"":547,""t"":3811},{""x"":690,""y"":518,""t"":3875},{""x"":694,""y"":500,""t"":3889},{""x"":653,""y"":487,""t"":3951},{""x"":699,""y"":489,""t"":4001},{""x"":785,""y"":492,""t"":4016},{""x"":789,""y"":510,""t"":4077},{""x"":802,""y"":522,""t"":4094},{""x"":796,""y"":544,""t"":4134},{""x"":842,""y"":541,""t"":4173},{""x"":858,""y"":554,""t"":4215},{""x"":925,""y"":553,""t"":4254},{""x"":877,""y"":547,""t"":4316},{""x"":816,""y"":548,""t"":4332},{""x"":724,""y"":546,""t"":4394},{""x"":616,""y"":530,""t"":4420},{""x"":532,""y"":521,""t"":4482},{""x"":463,""y"":513,""t"":4497},{""x"":420,""y"":507,""t"":4559},{""x"":401,""y"":491,""t"":4613},{""x"":390,""y"":478,""t"":4627},{""x"":359,""y"":463,""t"":4689},{""x"":389,""y"":409,""t"":4705},{""x"":316,""y"":379,""t"":4767},{""x"":258,""y"":351,""t"":4796},{""x"":265,""y"":385,""t"":4858},{""x"":274,""y"":416,""t"":4874},{""x"":276,""y"":413,""t"":4939},{""x"":310,""y"":395,""t"":4987},{""x"":341,""y"":381,""t"":5004},{""x"":353,""y"":356,""t"":5063},{""x"":356,""y"":367,""t"":5080},{""x"":371,""y"":357,""t"":5121},{""x"":374,""y"":343,""t"":5164},{""x"":367,""y"":340,""t"":5204},{""x"":302,""y"":337,""t"":5267},{""x"":268,""y"":365,""t"":5286},{""x"":269,""y"":363,""t"":5327},{""x"":258,""y"":370,""t"":5364},{""x"":256,""y"":380,""t"":5407},{""x"":246,""y"":374,""t"":5470},{""x"":261,""y"":349,""t"":5486},{""x"":277,""y"":358,""t"":5551},{""x"":291,""y"":366,""t"":5577}]",0,0.9450085357744583,0.05499146422554167,pt_b-last_b-longer,0
62-alternatives,1,89,exp_48,0.0,193.80000000447035,0.49,0.32,6.9,8.2,higher_p,higher_m,0,1,alternatives,0.0,False,3.381,2.624,0.7570000000000006,1.036467850950877,0.6,0.4,0.5,0.5,0.0,1.0,higher_p,higher_m,True,"{""durations"":[1500,1000,1500,1000],""alternatives"":[0,1,0,1],""attributes"":[""all"",""all"",""all"",""all""]}","[{""x"":698,""y"":374,""t"":-17},{""x"":704,""y"":390,""t"":0},{""x"":681,""y"":395,""t"":68},{""x"":648,""y"":419,""t"":94},{""x"":670,""y"":400,""t"":147},{""x"":630,""y"":394,""t"":221},{""x"":638,""y"":385,""t"":264},{""x"":674,""y"":372,""t"":304},{""x"":664,""y"":367,""t"":344},{""x"":539,""y"":312,""t"":407},{""x"":434,""y"":263,""t"":426},{""x"":334,""y"":236,""t"":467},{""x"":255,""y"":215,""t"":506},{""x"":188,""y"":201,""t"":547},{""x"":163,""y"":222,""t"":608},{""x"":170,""y"":212,""t"":624},{""x"":164,""y"":248,""t"":686},{""x"":121,""y"":298,""t"":736},{""x"":89,""y"":341,""t"":750},{""x"":141,""y"":390,""t"":810},{""x"":204,""y"":421,""t"":828},{""x"":196,""y"":363,""t"":892},{""x"":238,""y"":350,""t"":918},{""x"":217,""y"":302,""t"":980},{""x"":243,""y"":276,""t"":995},{""x"":188,""y"":238,""t"":1058},{""x"":170,""y"":216,""t"":1126},{""x"":247,""y"":208,""t"":1174},{""x"":289,""y"":188,""t"":1190},{""x"":270,""y"":188,""t"":1252},{""x"":262,""y"":183,""t"":1266},{""x"":298,""y"":203,""t"":1327},{""x"":291,""y"":196,""t"":1377},{""x"":248,""y"":175,""t"":1395},{""x"":233,""y"":196,""t"":1456},{""x"":247,""y"":207,""t"":1472},{""x"":386,""y"":266,""t"":1535},{""x"":490,""y"":305,""t"":1564},{""x"":602,""y"":334,""t"":1626},{""x"":694,""y"":356,""t"":1642},{""x"":780,""y"":373,""t"":1704},{""x"":798,""y"":395,""t"":1754},{""x"":808,""y"":411,""t"":1769},{""x"":782,""y"":423,""t"":1832},{""x"":755,""y"":432,""t"":1847},{""x"":865,""y"":445,""t"":1911},{""x"":970,""y"":435,""t"":1960},{""x"":1018,""y"":417,""t"":1974},{""x"":1177,""y"":406,""t"":2039},{""x"":1304,""y"":403,""t"":2056},{""x"":1370,""y"":385,""t"":2099},{""x"":1379,""y"":338,""t"":2138},{""x"":1464,""y"":319,""t"":2177},{""x"":1439,""y"":330,""t"":2238},{""x"":1462,""y"":341,""t"":2252},{""x"":1470,""y"":331,""t"":2315},{""x"":1448,""y"":306,""t"":2381},{""x"":1430,""y"":277,""t"":2430},{""x"":1412,""y"":254,""t"":2448},{""x"":1452,""y"":266,""t"":2510},{""x"":1390,""y"":263,""t"":2527},{""x"":1390,""y"":271,""t"":2589},{""x"":1405,""y"":270,""t"":2641},{""x"":1376,""y"":258,""t"":2658},{""x"":1347,""y"":268,""t"":2721},{""x"":1312,""y"":307,""t"":2774},{""x"":1247,""y"":357,""t"":2791},{""x"":1194,""y"":387,""t"":2852},{""x"":1179,""y"":417,""t"":2868},{""x"":1134,""y"":450,""t"":2910},{""x"":876,""y"":393,""t"":2947},{""x"":647,""y"":324,""t"":2986},{""x"":481,""y"":268,""t"":3027},{""x"":403,""y"":237,""t"":3088},{""x"":337,""y"":214,""t"":3105},{""x"":239,""y"":187,""t"":3169},{""x"":161,""y"":158,""t"":3197},{""x"":69,""y"":149,""t"":3257},{""x"":1,""y"":144,""t"":3274},{""x"":-7,""y"":175,""t"":3336},{""x"":-2,""y"":207,""t"":3389},{""x"":-2,""y"":245,""t"":3404},{""x"":60,""y"":265,""t"":3465},{""x"":118,""y"":282,""t"":3480},{""x"":120,""y"":307,""t"":3544},{""x"":145,""y"":289,""t"":3591},{""x"":203,""y"":254,""t"":3605},{""x"":251,""y"":229,""t"":3669},{""x"":296,""y"":213,""t"":3684},{""x"":217,""y"":183,""t"":3751},{""x"":149,""y"":159,""t"":3775},{""x"":190,""y"":156,""t"":3834},{""x"":226,""y"":155,""t"":3851},{""x"":227,""y"":128,""t"":3914},{""x"":181,""y"":123,""t"":3965},{""x"":144,""y"":128,""t"":3981},{""x"":138,""y"":94,""t"":4043},{""x"":219,""y"":81,""t"":4059},{""x"":247,""y"":66,""t"":4122},{""x"":280,""y"":55,""t"":4148},{""x"":303,""y"":58,""t"":4211},{""x"":387,""y"":71,""t"":4226},{""x"":354,""y"":67,""t"":4289},{""x"":338,""y"":61,""t"":4343},{""x"":312,""y"":71,""t"":4358},{""x"":286,""y"":127,""t"":4421},{""x"":276,""y"":186,""t"":4469},{""x"":267,""y"":236,""t"":4490},{""x"":255,""y"":285,""t"":4551},{""x"":245,""y"":325,""t"":4566},{""x"":244,""y"":369,""t"":4629},{""x"":244,""y"":403,""t"":4659},{""x"":410,""y"":392,""t"":4719},{""x"":556,""y"":392,""t"":4735},{""x"":621,""y"":392,""t"":4801},{""x"":762,""y"":396,""t"":4849},{""x"":833,""y"":401,""t"":4864},{""x"":868,""y"":396,""t"":4928},{""x"":891,""y"":390,""t"":4943},{""x"":924,""y"":393,""t"":5005},{""x"":951,""y"":406,""t"":5033},{""x"":900,""y"":386,""t"":5094},{""x"":867,""y"":392,""t"":5109},{""x"":764,""y"":394,""t"":5172},{""x"":651,""y"":364,""t"":5223},{""x"":561,""y"":335,""t"":5238},{""x"":529,""y"":333,""t"":5300},{""x"":505,""y"":332,""t"":5318},{""x"":466,""y"":337,""t"":5382},{""x"":405,""y"":356,""t"":5406},{""x"":380,""y"":356,""t"":5469},{""x"":375,""y"":357,""t"":5485},{""x"":307,""y"":357,""t"":5545},{""x"":282,""y"":361,""t"":5595},{""x"":249,""y"":340,""t"":5610},{""x"":282,""y"":364,""t"":5671},{""x"":299,""y"":360,""t"":5688},{""x"":352,""y"":389,""t"":5749},{""x"":389,""y"":391,""t"":5811},{""x"":428,""y"":383,""t"":5826}]",0,0.8854080444087079,0.11459195559129214,pt_b-last_b-longer,0
62-alternatives,1,90,exp_118,0.0,308.5,0.49,0.22,4.2,7.9,higher_p,higher_m,0,1,alternatives,0.0,False,2.058,1.738,0.3199999999999998,0.5866799156325713,0.4,0.6,0.5,0.5,1.0,1.0,higher_m,higher_m,True,"{""durations"":[1000,1500,1000,1500],""alternatives"":[0,1,0,1],""attributes"":[""all"",""all"",""all"",""all""]}","[{""x"":1208,""y"":854,""t"":-40},{""x"":1172,""y"":891,""t"":0},{""x"":1153,""y"":901,""t"":80},{""x"":1063,""y"":878,""t"":106},{""x"":957,""y"":860,""t"":202},{""x"":1010,""y"":894,""t"":218},{""x"":1001,""y"":910,""t"":260},{""x"":908,""y"":875,""t"":299},{""x"":860,""y"":846,""t"":339},{""x"":743,""y"":761,""t"":383},{""x"":607,""y"":662,""t"":446},{""x"":503,""y"":531,""t"":495},{""x"":402,""y"":456,""t"":511},{""x"":318,""y"":422,""t"":574},{""x"":283,""y"":405,""t"":590},{""x"":247,""y"":397,""t"":653},{""x"":204,""y"":449,""t"":681},{""x"":169,""y"":471,""t"":742},{""x"":171,""y"":511,""t"":760},{""x"":235,""y"":549,""t"":824},{""x"":260,""y"":558,""t"":852},{""x"":254,""y"":577,""t"":914},{""x"":247,""y"":586,""t"":928},{""x"":262,""y"":543,""t"":993},{""x"":261,""y"":501,""t"":1043},{""x"":254,""y"":467,""t"":1059},{""x"":270,""y"":443,""t"":1122},{""x"":231,""y"":487,""t"":1139},{""x"":278,""y"":546,""t"":1178},{""x"":268,""y"":570,""t"":1216},{""x"":280,""y"":598,""t"":1256},{""x"":253,""y"":563,""t"":1294},{""x"":395,""y"":585,""t"":1356},{""x"":505,""y"":559,""t"":1373},{""x"":690,""y"":514,""t"":1438},{""x"":815,""y"":460,""t"":1485},{""x"":892,""y"":424,""t"":1501},{""x"":1034,""y"":382,""t"":1565},{""x"":1061,""y"":387,""t"":1614},{""x"":1103,""y"":399,""t"":1633},{""x"":1109,""y"":410,""t"":1697},{""x"":1171,""y"":437,""t"":1713},{""x"":1108,""y"":469,""t"":1777},{""x"":1071,""y"":509,""t"":1803},{""x"":1032,""y"":533,""t"":1868},{""x"":982,""y"":550,""t"":1882},{""x"":922,""y"":524,""t"":1924},{""x"":831,""y"":510,""t"":1964},{""x"":806,""y"":443,""t"":2002},{""x"":746,""y"":408,""t"":2042},{""x"":755,""y"":404,""t"":2103},{""x"":752,""y"":409,""t"":2118},{""x"":760,""y"":410,""t"":2183},{""x"":766,""y"":410,""t"":2211},{""x"":773,""y"":411,""t"":2273},{""x"":791,""y"":411,""t"":2287},{""x"":759,""y"":425,""t"":2350},{""x"":516,""y"":439,""t"":2402},{""x"":353,""y"":450,""t"":2418},{""x"":191,""y"":419,""t"":2481},{""x"":169,""y"":403,""t"":2496},{""x"":113,""y"":393,""t"":2537},{""x"":100,""y"":375,""t"":2578},{""x"":46,""y"":383,""t"":2618},{""x"":5,""y"":392,""t"":2656},{""x"":11,""y"":414,""t"":2723},{""x"":-14,""y"":429,""t"":2775},{""x"":-30,""y"":441,""t"":2789},{""x"":50,""y"":424,""t"":2855},{""x"":51,""y"":415,""t"":2868},{""x"":100,""y"":409,""t"":2929},{""x"":103,""y"":425,""t"":2979},{""x"":64,""y"":410,""t"":2995},{""x"":87,""y"":397,""t"":3056},{""x"":117,""y"":380,""t"":3071},{""x"":132,""y"":372,""t"":3133},{""x"":260,""y"":375,""t"":3183},{""x"":383,""y"":369,""t"":3198},{""x"":535,""y"":372,""t"":3260},{""x"":678,""y"":374,""t"":3278},{""x"":735,""y"":395,""t"":3340},{""x"":737,""y"":377,""t"":3389},{""x"":713,""y"":399,""t"":3406},{""x"":694,""y"":403,""t"":3469},{""x"":713,""y"":404,""t"":3521},{""x"":731,""y"":407,""t"":3538},{""x"":721,""y"":411,""t"":3601},{""x"":730,""y"":412,""t"":3617},{""x"":743,""y"":412,""t"":3680},{""x"":733,""y"":409,""t"":3729},{""x"":770,""y"":409,""t"":3745},{""x"":770,""y"":436,""t"":3810},{""x"":743,""y"":341,""t"":3862},{""x"":759,""y"":281,""t"":3877},{""x"":794,""y"":208,""t"":3941},{""x"":795,""y"":146,""t"":3959},{""x"":801,""y"":71,""t"":3999},{""x"":821,""y"":54,""t"":4036},{""x"":858,""y"":21,""t"":4077},{""x"":900,""y"":12,""t"":4116},{""x"":873,""y"":20,""t"":4177},{""x"":847,""y"":30,""t"":4192},{""x"":808,""y"":87,""t"":4255},{""x"":724,""y"":145,""t"":4307},{""x"":632,""y"":210,""t"":4325},{""x"":561,""y"":260,""t"":4386},{""x"":524,""y"":309,""t"":4400},{""x"":508,""y"":339,""t"":4441},{""x"":467,""y"":359,""t"":4479},{""x"":429,""y"":345,""t"":4518},{""x"":353,""y"":318,""t"":4558},{""x"":383,""y"":316,""t"":4621},{""x"":334,""y"":304,""t"":4637},{""x"":363,""y"":302,""t"":4677},{""x"":386,""y"":300,""t"":4715},{""x"":396,""y"":279,""t"":4753},{""x"":408,""y"":283,""t"":4793},{""x"":369,""y"":297,""t"":4831},{""x"":347,""y"":324,""t"":4894},{""x"":347,""y"":356,""t"":4913},{""x"":320,""y"":353,""t"":4954},{""x"":330,""y"":338,""t"":4992},{""x"":336,""y"":331,""t"":5033},{""x"":363,""y"":336,""t"":5097},{""x"":370,""y"":325,""t"":5111},{""x"":378,""y"":321,""t"":5173},{""x"":414,""y"":354,""t"":5225},{""x"":445,""y"":382,""t"":5240},{""x"":456,""y"":382,""t"":5300},{""x"":463,""y"":383,""t"":5317},{""x"":498,""y"":373,""t"":5381},{""x"":497,""y"":404,""t"":5408},{""x"":529,""y"":414,""t"":5472},{""x"":489,""y"":410,""t"":5487},{""x"":460,""y"":379,""t"":5528},{""x"":375,""y"":355,""t"":5566},{""x"":329,""y"":378,""t"":5606},{""x"":312,""y"":372,""t"":5645},{""x"":278,""y"":377,""t"":5708},{""x"":286,""y"":384,""t"":5722},{""x"":310,""y"":404,""t"":5784},{""x"":344,""y"":395,""t"":5834},{""x"":392,""y"":383,""t"":5848}]",0,0.8915490110376821,0.10845098896231788,pt_b-last_b-longer,0
62-alternatives,1,92,exp_92,0.0,236.1000000014901,0.5,0.38,3.0,4.0,higher_p,higher_m,0,1,alternatives,0.0,False,1.5,1.52,-0.02,0.2367304922727919,0.4,0.6,0.5,0.5,1.0,0.0,higher_m,higher_p,True,"{""durations"":[1500,1000,1500,1000],""alternatives"":[1,0,1,0],""attributes"":[""all"",""all"",""all"",""all""]}","[{""x"":597,""y"":429,""t"":-20},{""x"":586,""y"":441,""t"":0},{""x"":546,""y"":465,""t"":78},{""x"":566,""y"":495,""t"":120},{""x"":609,""y"":511,""t"":164},{""x"":647,""y"":522,""t"":206},{""x"":664,""y"":517,""t"":266},{""x"":665,""y"":518,""t"":283},{""x"":768,""y"":499,""t"":347},{""x"":872,""y"":486,""t"":374},{""x"":925,""y"":460,""t"":438},{""x"":959,""y"":445,""t"":453},{""x"":1043,""y"":450,""t"":516},{""x"":1089,""y"":440,""t"":564},{""x"":1123,""y"":431,""t"":579},{""x"":1204,""y"":415,""t"":638},{""x"":1297,""y"":394,""t"":653},{""x"":1322,""y"":400,""t"":719},{""x"":1395,""y"":391,""t"":771},{""x"":1452,""y"":384,""t"":787},{""x"":1406,""y"":375,""t"":849},{""x"":1361,""y"":378,""t"":867},{""x"":1300,""y"":371,""t"":908},{""x"":1224,""y"":383,""t"":946},{""x"":1219,""y"":406,""t"":987},{""x"":1236,""y"":400,""t"":1050},{""x"":1245,""y"":405,""t"":1065},{""x"":1186,""y"":400,""t"":1128},{""x"":1229,""y"":404,""t"":1178},{""x"":1266,""y"":407,""t"":1192},{""x"":1211,""y"":399,""t"":1254},{""x"":1189,""y"":396,""t"":1272},{""x"":1120,""y"":385,""t"":1334},{""x"":1062,""y"":376,""t"":1361},{""x"":999,""y"":371,""t"":1424},{""x"":947,""y"":366,""t"":1438},{""x"":881,""y"":371,""t"":1501},{""x"":899,""y"":397,""t"":1551},{""x"":918,""y"":418,""t"":1569},{""x"":990,""y"":422,""t"":1630},{""x"":1056,""y"":422,""t"":1645},{""x"":1060,""y"":422,""t"":1708},{""x"":1094,""y"":414,""t"":1757},{""x"":1112,""y"":389,""t"":1772},{""x"":906,""y"":348,""t"":1835},{""x"":701,""y"":313,""t"":1853},{""x"":518,""y"":299,""t"":1891},{""x"":353,""y"":253,""t"":1930},{""x"":289,""y"":251,""t"":1971},{""x"":206,""y"":243,""t"":2013},{""x"":120,""y"":247,""t"":2075},{""x"":126,""y"":279,""t"":2123},{""x"":120,""y"":300,""t"":2143},{""x"":166,""y"":372,""t"":2205},{""x"":203,""y"":410,""t"":2222},{""x"":260,""y"":434,""t"":2285},{""x"":242,""y"":427,""t"":2332},{""x"":275,""y"":453,""t"":2350},{""x"":287,""y"":452,""t"":2414},{""x"":268,""y"":404,""t"":2427},{""x"":249,""y"":384,""t"":2471},{""x"":223,""y"":348,""t"":2510},{""x"":238,""y"":336,""t"":2549},{""x"":306,""y"":327,""t"":2591},{""x"":297,""y"":310,""t"":2651},{""x"":267,""y"":304,""t"":2665},{""x"":298,""y"":297,""t"":2726},{""x"":300,""y"":282,""t"":2756},{""x"":265,""y"":295,""t"":2817},{""x"":249,""y"":313,""t"":2832},{""x"":396,""y"":348,""t"":2894},{""x"":578,""y"":381,""t"":2942},{""x"":739,""y"":407,""t"":2959},{""x"":836,""y"":430,""t"":3019},{""x"":922,""y"":460,""t"":3035},{""x"":962,""y"":500,""t"":3098},{""x"":1071,""y"":480,""t"":3146},{""x"":1158,""y"":461,""t"":3163},{""x"":1244,""y"":440,""t"":3223},{""x"":1298,""y"":414,""t"":3239},{""x"":1379,""y"":401,""t"":3301},{""x"":1420,""y"":407,""t"":3349},{""x"":1447,""y"":409,""t"":3367},{""x"":1480,""y"":414,""t"":3431},{""x"":1445,""y"":428,""t"":3447},{""x"":1461,""y"":406,""t"":3510},{""x"":1384,""y"":398,""t"":3557},{""x"":1306,""y"":397,""t"":3574},{""x"":1234,""y"":358,""t"":3634},{""x"":1153,""y"":338,""t"":3649},{""x"":1078,""y"":333,""t"":3712},{""x"":1058,""y"":332,""t"":3741},{""x"":1013,""y"":342,""t"":3802},{""x"":978,""y"":352,""t"":3818},{""x"":734,""y"":333,""t"":3882},{""x"":541,""y"":357,""t"":3931},{""x"":402,""y"":353,""t"":3948},{""x"":276,""y"":338,""t"":4011},{""x"":240,""y"":330,""t"":4026},{""x"":175,""y"":357,""t"":4066},{""x"":123,""y"":373,""t"":4107},{""x"":80,""y"":378,""t"":4149},{""x"":83,""y"":375,""t"":4212},{""x"":56,""y"":375,""t"":4228},{""x"":50,""y"":399,""t"":4289},{""x"":39,""y"":379,""t"":4320},{""x"":95,""y"":359,""t"":4382},{""x"":148,""y"":341,""t"":4396},{""x"":219,""y"":320,""t"":4460},{""x"":277,""y"":297,""t"":4489},{""x"":315,""y"":247,""t"":4550},{""x"":342,""y"":212,""t"":4567},{""x"":365,""y"":202,""t"":4630},{""x"":362,""y"":187,""t"":4679},{""x"":357,""y"":176,""t"":4696},{""x"":369,""y"":183,""t"":4756},{""x"":378,""y"":191,""t"":4773},{""x"":357,""y"":195,""t"":4833},{""x"":364,""y"":207,""t"":4884},{""x"":370,""y"":218,""t"":4898},{""x"":348,""y"":265,""t"":4960},{""x"":311,""y"":298,""t"":4975},{""x"":308,""y"":322,""t"":5037},{""x"":271,""y"":361,""t"":5086},{""x"":239,""y"":393,""t"":5101},{""x"":292,""y"":424,""t"":5164},{""x"":322,""y"":423,""t"":5182},{""x"":326,""y"":450,""t"":5243},{""x"":331,""y"":464,""t"":5296},{""x"":300,""y"":483,""t"":5313},{""x"":357,""y"":449,""t"":5376},{""x"":407,""y"":437,""t"":5407},{""x"":398,""y"":409,""t"":5468},{""x"":388,""y"":384,""t"":5484},{""x"":424,""y"":379,""t"":5547},{""x"":486,""y"":376,""t"":5577},{""x"":508,""y"":372,""t"":5637},{""x"":483,""y"":388,""t"":5652},{""x"":507,""y"":396,""t"":5714},{""x"":524,""y"":392,""t"":5761},{""x"":542,""y"":360,""t"":5781},{""x"":497,""y"":361,""t"":5845}]",0,0.6452233813329541,0.3547766186670458,pt_b-last_b-longer,0
62-alternatives,1,95,exp_2,0.0,210.59999999403956,0.79,0.49,5.300000000000001,8.3,higher_p,higher_m,0,1,alternatives,0.0,False,4.187000000000001,4.067,0.120000000000001,0.3808273136562315,0.6,0.4,0.5,0.5,0.0,0.0,higher_p,higher_p,True,"{""durations"":[1000,1500,1000,1500],""alternatives"":[1,0,1,0],""attributes"":[""all"",""all"",""all"",""all""]}","[{""x"":962,""y"":729,""t"":-21},{""x"":1073,""y"":813,""t"":0},{""x"":1062,""y"":828,""t"":73},{""x"":1041,""y"":850,""t"":118},{""x"":991,""y"":834,""t"":161},{""x"":887,""y"":804,""t"":202},{""x"":796,""y"":771,""t"":243},{""x"":755,""y"":729,""t"":305},{""x"":654,""y"":666,""t"":321},{""x"":511,""y"":610,""t"":366},{""x"":414,""y"":535,""t"":405},{""x"":340,""y"":474,""t"":446},{""x"":238,""y"":416,""t"":510},{""x"":222,""y"":398,""t"":525},{""x"":224,""y"":387,""t"":565},{""x"":216,""y"":394,""t"":629},{""x"":212,""y"":398,""t"":669},{""x"":213,""y"":407,""t"":708},{""x"":209,""y"":427,""t"":748},{""x"":234,""y"":455,""t"":787},{""x"":216,""y"":365,""t"":847},{""x"":203,""y"":289,""t"":864},{""x"":212,""y"":250,""t"":927},{""x"":217,""y"":201,""t"":976},{""x"":220,""y"":160,""t"":992},{""x"":169,""y"":126,""t"":1057},{""x"":151,""y"":108,""t"":1105},{""x"":121,""y"":95,""t"":1124},{""x"":142,""y"":99,""t"":1184},{""x"":153,""y"":99,""t"":1200},{""x"":201,""y"":122,""t"":1265},{""x"":411,""y"":201,""t"":1315},{""x"":590,""y"":270,""t"":1334},{""x"":794,""y"":338,""t"":1395},{""x"":962,""y"":385,""t"":1443},{""x"":1070,""y"":421,""t"":1463},{""x"":1134,""y"":440,""t"":1524},{""x"":1149,""y"":436,""t"":1540},{""x"":1289,""y"":427,""t"":1604},{""x"":1447,""y"":424,""t"":1654},{""x"":1516,""y"":408,""t"":1669},{""x"":1519,""y"":399,""t"":1730},{""x"":1465,""y"":376,""t"":1746},{""x"":1475,""y"":356,""t"":1814},{""x"":1441,""y"":316,""t"":1837},{""x"":1446,""y"":310,""t"":1900},{""x"":1445,""y"":306,""t"":1916},{""x"":1365,""y"":302,""t"":1977},{""x"":1346,""y"":296,""t"":2007},{""x"":1334,""y"":316,""t"":2074},{""x"":1291,""y"":311,""t"":2127},{""x"":1242,""y"":318,""t"":2143},{""x"":1264,""y"":300,""t"":2207},{""x"":1284,""y"":286,""t"":2223},{""x"":1317,""y"":281,""t"":2284},{""x"":1319,""y"":289,""t"":2312},{""x"":1278,""y"":307,""t"":2375},{""x"":1242,""y"":322,""t"":2393},{""x"":1270,""y"":344,""t"":2459},{""x"":1283,""y"":371,""t"":2482},{""x"":1252,""y"":341,""t"":2545},{""x"":1248,""y"":342,""t"":2562},{""x"":1237,""y"":339,""t"":2604},{""x"":1292,""y"":346,""t"":2645},{""x"":1272,""y"":337,""t"":2685},{""x"":1255,""y"":328,""t"":2724},{""x"":1012,""y"":287,""t"":2786},{""x"":778,""y"":250,""t"":2802},{""x"":597,""y"":180,""t"":2842},{""x"":494,""y"":142,""t"":2883},{""x"":406,""y"":113,""t"":2922},{""x"":331,""y"":98,""t"":2962},{""x"":264,""y"":78,""t"":3026},{""x"":205,""y"":91,""t"":3042},{""x"":182,""y"":84,""t"":3084},{""x"":140,""y"":92,""t"":3125},{""x"":109,""y"":100,""t"":3163},{""x"":343,""y"":137,""t"":3227},{""x"":549,""y"":170,""t"":3243},{""x"":770,""y"":232,""t"":3305},{""x"":981,""y"":267,""t"":3353},{""x"":1154,""y"":294,""t"":3370},{""x"":1218,""y"":307,""t"":3433},{""x"":1338,""y"":330,""t"":3447},{""x"":1460,""y"":351,""t"":3489},{""x"":1511,""y"":360,""t"":3528},{""x"":1556,""y"":368,""t"":3568},{""x"":1584,""y"":373,""t"":3608},{""x"":1565,""y"":380,""t"":3672},{""x"":1583,""y"":392,""t"":3689},{""x"":1527,""y"":394,""t"":3729},{""x"":1439,""y"":378,""t"":3769},{""x"":1426,""y"":367,""t"":3808},{""x"":1393,""y"":360,""t"":3847},{""x"":1290,""y"":365,""t"":3911},{""x"":1193,""y"":392,""t"":3958},{""x"":1111,""y"":415,""t"":3980},{""x"":1062,""y"":450,""t"":4040},{""x"":1022,""y"":478,""t"":4059},{""x"":929,""y"":498,""t"":4120},{""x"":946,""y"":493,""t"":4169},{""x"":981,""y"":497,""t"":4186},{""x"":951,""y"":531,""t"":4247},{""x"":931,""y"":543,""t"":4263},{""x"":913,""y"":540,""t"":4325},{""x"":875,""y"":547,""t"":4393},{""x"":846,""y"":550,""t"":4420},{""x"":864,""y"":507,""t"":4480},{""x"":882,""y"":470,""t"":4497},{""x"":824,""y"":450,""t"":4558},{""x"":821,""y"":419,""t"":4606},{""x"":818,""y"":390,""t"":4625},{""x"":851,""y"":373,""t"":4685},{""x"":853,""y"":374,""t"":4701},{""x"":820,""y"":364,""t"":4764},{""x"":796,""y"":344,""t"":4811},{""x"":777,""y"":328,""t"":4829},{""x"":789,""y"":324,""t"":4893},{""x"":801,""y"":323,""t"":4909},{""x"":834,""y"":313,""t"":4970},{""x"":802,""y"":323,""t"":5020},{""x"":787,""y"":326,""t"":5037},{""x"":794,""y"":343,""t"":5101},{""x"":810,""y"":355,""t"":5152},{""x"":815,""y"":370,""t"":5170},{""x"":790,""y"":382,""t"":5230},{""x"":768,""y"":392,""t"":5246},{""x"":826,""y"":381,""t"":5309},{""x"":808,""y"":381,""t"":5358},{""x"":808,""y"":370,""t"":5373},{""x"":819,""y"":385,""t"":5437},{""x"":827,""y"":398,""t"":5451},{""x"":808,""y"":418,""t"":5513},{""x"":810,""y"":437,""t"":5563},{""x"":812,""y"":452,""t"":5578},{""x"":813,""y"":407,""t"":5641},{""x"":828,""y"":396,""t"":5657},{""x"":753,""y"":388,""t"":5722},{""x"":704,""y"":379,""t"":5747}]",0,0.9737613069562118,0.026238693043788255,pt_b-last_b-longer,0
62-alternatives,1,96,catch_14,1.0,59.0,0.22,0.28,4.1,7.9,dominated,dominant,1,1,alternatives,0.0,False,0.902,2.212,-1.3100000000000005,-1.0910187904746074,0.5,0.5,0.5,0.5,,1.0,,dominant,True,"{""durations"":[1250,1250,1250,1250],""attributes"":[""all"",""all"",""all"",""all""],""alternatives"":[0,1,0,1]}","[{""x"":413,""y"":284,""t"":-17},{""x"":358,""y"":283,""t"":0},{""x"":383,""y"":278,""t"":82},{""x"":407,""y"":293,""t"":125},{""x"":395,""y"":278,""t"":168},{""x"":388,""y"":274,""t"":209},{""x"":380,""y"":265,""t"":276},{""x"":369,""y"":296,""t"":323},{""x"":334,""y"":307,""t"":340},{""x"":276,""y"":311,""t"":403},{""x"":254,""y"":316,""t"":417},{""x"":284,""y"":311,""t"":480},{""x"":286,""y"":304,""t"":533},{""x"":291,""y"":321,""t"":549},{""x"":238,""y"":316,""t"":610},{""x"":194,""y"":271,""t"":626},{""x"":172,""y"":244,""t"":668},{""x"":147,""y"":209,""t"":706},{""x"":230,""y"":190,""t"":747},{""x"":290,""y"":177,""t"":785},{""x"":271,""y"":165,""t"":846},{""x"":255,""y"":157,""t"":863},{""x"":275,""y"":185,""t"":926},{""x"":306,""y"":232,""t"":975},{""x"":337,""y"":274,""t"":990},{""x"":328,""y"":310,""t"":1052},{""x"":334,""y"":371,""t"":1068},{""x"":325,""y"":379,""t"":1110},{""x"":325,""y"":337,""t"":1152},{""x"":328,""y"":309,""t"":1192},{""x"":297,""y"":278,""t"":1252},{""x"":342,""y"":217,""t"":1270},{""x"":394,""y"":181,""t"":1313},{""x"":386,""y"":160,""t"":1350},{""x"":370,""y"":141,""t"":1391},{""x"":327,""y"":120,""t"":1429},{""x"":329,""y"":104,""t"":1489},{""x"":305,""y"":114,""t"":1507},{""x"":504,""y"":185,""t"":1569},{""x"":741,""y"":240,""t"":1617},{""x"":933,""y"":277,""t"":1633},{""x"":1068,""y"":331,""t"":1695},{""x"":1175,""y"":376,""t"":1710},{""x"":1288,""y"":405,""t"":1773},{""x"":1357,""y"":399,""t"":1820},{""x"":1376,""y"":391,""t"":1837},{""x"":1529,""y"":400,""t"":1902},{""x"":1650,""y"":405,""t"":1916},{""x"":1690,""y"":387,""t"":1980},{""x"":1677,""y"":361,""t"":2008},{""x"":1597,""y"":360,""t"":2070},{""x"":1544,""y"":369,""t"":2087},{""x"":1555,""y"":363,""t"":2151},{""x"":1570,""y"":369,""t"":2199},{""x"":1594,""y"":366,""t"":2215},{""x"":1539,""y"":358,""t"":2279},{""x"":1508,""y"":382,""t"":2326},{""x"":1440,""y"":403,""t"":2348},{""x"":1361,""y"":429,""t"":2409},{""x"":1295,""y"":450,""t"":2427},{""x"":1267,""y"":436,""t"":2489},{""x"":1193,""y"":437,""t"":2517},{""x"":1077,""y"":433,""t"":2580},{""x"":1007,""y"":428,""t"":2596},{""x"":985,""y"":418,""t"":2658},{""x"":971,""y"":409,""t"":2687},{""x"":884,""y"":424,""t"":2749},{""x"":826,""y"":417,""t"":2764},{""x"":670,""y"":369,""t"":2830},{""x"":532,""y"":333,""t"":2857},{""x"":422,""y"":286,""t"":2919},{""x"":300,""y"":248,""t"":2934},{""x"":255,""y"":204,""t"":2997},{""x"":211,""y"":190,""t"":3049},{""x"":165,""y"":173,""t"":3066},{""x"":126,""y"":159,""t"":3129},{""x"":145,""y"":148,""t"":3176},{""x"":168,""y"":134,""t"":3197},{""x"":188,""y"":137,""t"":3259},{""x"":209,""y"":143,""t"":3274},{""x"":204,""y"":155,""t"":3338},{""x"":207,""y"":197,""t"":3388},{""x"":213,""y"":234,""t"":3404},{""x"":207,""y"":257,""t"":3465},{""x"":207,""y"":299,""t"":3481},{""x"":202,""y"":329,""t"":3523},{""x"":341,""y"":329,""t"":3561},{""x"":627,""y"":339,""t"":3601},{""x"":829,""y"":326,""t"":3640},{""x"":939,""y"":300,""t"":3701},{""x"":1096,""y"":305,""t"":3718},{""x"":1207,""y"":285,""t"":3779},{""x"":1281,""y"":258,""t"":3832},{""x"":1316,""y"":243,""t"":3847},{""x"":1327,""y"":260,""t"":3912},{""x"":1392,""y"":259,""t"":3958},{""x"":1439,""y"":259,""t"":3979},{""x"":1353,""y"":260,""t"":4038},{""x"":1276,""y"":249,""t"":4054},{""x"":1320,""y"":282,""t"":4115},{""x"":1443,""y"":262,""t"":4164},{""x"":1544,""y"":244,""t"":4184},{""x"":1528,""y"":215,""t"":4243},{""x"":1508,""y"":192,""t"":4261},{""x"":1522,""y"":208,""t"":4324},{""x"":1526,""y"":202,""t"":4372},{""x"":1526,""y"":197,""t"":4387},{""x"":1501,""y"":197,""t"":4447},{""x"":1473,""y"":206,""t"":4463},{""x"":1483,""y"":214,""t"":4524},{""x"":1436,""y"":224,""t"":4576},{""x"":1398,""y"":241,""t"":4591},{""x"":1441,""y"":267,""t"":4652},{""x"":1442,""y"":283,""t"":4670},{""x"":1367,""y"":283,""t"":4731},{""x"":1328,""y"":278,""t"":4783},{""x"":1331,""y"":288,""t"":4799},{""x"":1227,""y"":276,""t"":4861},{""x"":1212,""y"":285,""t"":4876},{""x"":1196,""y"":304,""t"":4918},{""x"":1273,""y"":295,""t"":4956},{""x"":1203,""y"":282,""t"":4995},{""x"":1219,""y"":275,""t"":5034},{""x"":1118,""y"":289,""t"":5099},{""x"":1064,""y"":274,""t"":5116},{""x"":1002,""y"":270,""t"":5157},{""x"":952,""y"":243,""t"":5197},{""x"":1010,""y"":240,""t"":5236},{""x"":1046,""y"":224,""t"":5276},{""x"":1052,""y"":253,""t"":5337},{""x"":996,""y"":260,""t"":5354},{""x"":1010,""y"":274,""t"":5395},{""x"":948,""y"":273,""t"":5433},{""x"":979,""y"":291,""t"":5473},{""x"":976,""y"":297,""t"":5513},{""x"":932,""y"":295,""t"":5575},{""x"":948,""y"":294,""t"":5591},{""x"":958,""y"":304,""t"":5632}]",1,0.04119326676356047,0.9588067332364396,pt_b-last_b-longer,0
62-alternatives,1,97,exp_6,1.0,59.10000000149012,0.79,0.49,5.300000000000001,8.3,higher_p,higher_m,0,1,alternatives,0.0,False,4.187000000000001,4.067,0.120000000000001,0.3808273136562315,0.4,0.6,0.5,0.5,1.0,1.0,higher_m,higher_m,False,"{""durations"":[1000,1500,1000,1500],""alternatives"":[0,1,0,1],""attributes"":[""all"",""all"",""all"",""all""]}","[{""x"":593,""y"":335,""t"":-19},{""x"":511,""y"":346,""t"":0},{""x"":481,""y"":324,""t"":65},{""x"":397,""y"":310,""t"":93},{""x"":286,""y"":289,""t"":150},{""x"":300,""y"":268,""t"":224},{""x"":280,""y"":208,""t"":267},{""x"":201,""y"":190,""t"":306},{""x"":197,""y"":177,""t"":349},{""x"":178,""y"":174,""t"":411},{""x"":166,""y"":171,""t"":464},{""x"":160,""y"":170,""t"":479},{""x"":194,""y"":150,""t"":541},{""x"":234,""y"":158,""t"":557},{""x"":243,""y"":145,""t"":620},{""x"":279,""y"":149,""t"":671},{""x"":304,""y"":143,""t"":686},{""x"":276,""y"":123,""t"":750},{""x"":277,""y"":107,""t"":798},{""x"":279,""y"":95,""t"":817},{""x"":215,""y"":88,""t"":878},{""x"":193,""y"":98,""t"":895},{""x"":237,""y"":137,""t"":959},{""x"":250,""y"":138,""t"":1005},{""x"":275,""y"":132,""t"":1024},{""x"":253,""y"":120,""t"":1089},{""x"":287,""y"":124,""t"":1140},{""x"":317,""y"":128,""t"":1157},{""x"":317,""y"":123,""t"":1222},{""x"":316,""y"":118,""t"":1238},{""x"":553,""y"":138,""t"":1302},{""x"":724,""y"":191,""t"":1328},{""x"":865,""y"":246,""t"":1388},{""x"":978,""y"":291,""t"":1404},{""x"":1159,""y"":328,""t"":1469},{""x"":1267,""y"":354,""t"":1520},{""x"":1349,""y"":374,""t"":1540},{""x"":1435,""y"":349,""t"":1606},{""x"":1459,""y"":336,""t"":1655},{""x"":1470,""y"":323,""t"":1672},{""x"":1502,""y"":305,""t"":1740},{""x"":1517,""y"":310,""t"":1798},{""x"":1486,""y"":301,""t"":1816},{""x"":1473,""y"":283,""t"":1861},{""x"":1471,""y"":277,""t"":1902},{""x"":1404,""y"":270,""t"":1943},{""x"":1421,""y"":260,""t"":2006},{""x"":1450,""y"":274,""t"":2026},{""x"":1440,""y"":258,""t"":2071},{""x"":1385,""y"":232,""t"":2112},{""x"":1368,""y"":228,""t"":2179},{""x"":1276,""y"":232,""t"":2230},{""x"":1251,""y"":237,""t"":2248},{""x"":953,""y"":213,""t"":2320},{""x"":749,""y"":205,""t"":2371},{""x"":645,""y"":199,""t"":2390},{""x"":511,""y"":174,""t"":2436},{""x"":426,""y"":141,""t"":2480},{""x"":392,""y"":119,""t"":2522},{""x"":337,""y"":115,""t"":2590},{""x"":206,""y"":132,""t"":2637},{""x"":200,""y"":138,""t"":2659},{""x"":177,""y"":146,""t"":2731},{""x"":119,""y"":147,""t"":2755},{""x"":172,""y"":167,""t"":2825},{""x"":198,""y"":169,""t"":2882},{""x"":216,""y"":167,""t"":2897},{""x"":211,""y"":155,""t"":2960},{""x"":228,""y"":140,""t"":3015},{""x"":244,""y"":127,""t"":3030},{""x"":185,""y"":167,""t"":3093},{""x"":163,""y"":200,""t"":3109},{""x"":186,""y"":245,""t"":3151},{""x"":189,""y"":267,""t"":3189},{""x"":124,""y"":295,""t"":3228},{""x"":96,""y"":307,""t"":3269},{""x"":118,""y"":319,""t"":3331},{""x"":287,""y"":348,""t"":3347},{""x"":441,""y"":351,""t"":3386},{""x"":675,""y"":352,""t"":3425},{""x"":887,""y"":375,""t"":3466},{""x"":970,""y"":372,""t"":3505},{""x"":1030,""y"":374,""t"":3567},{""x"":1163,""y"":348,""t"":3585},{""x"":1245,""y"":339,""t"":3626},{""x"":1303,""y"":321,""t"":3667},{""x"":1382,""y"":328,""t"":3706},{""x"":1360,""y"":318,""t"":3744},{""x"":1421,""y"":344,""t"":3805},{""x"":1414,""y"":338,""t"":3823},{""x"":1392,""y"":327,""t"":3863},{""x"":1332,""y"":335,""t"":3903},{""x"":1311,""y"":390,""t"":3940},{""x"":1312,""y"":413,""t"":3980},{""x"":1250,""y"":406,""t"":4042},{""x"":1219,""y"":409,""t"":4058},{""x"":1184,""y"":425,""t"":4119},{""x"":1138,""y"":441,""t"":4167},{""x"":1124,""y"":461,""t"":4182},{""x"":1188,""y"":423,""t"":4240},{""x"":1239,""y"":389,""t"":4256},{""x"":1283,""y"":331,""t"":4317},{""x"":1348,""y"":320,""t"":4334},{""x"":1411,""y"":322,""t"":4374},{""x"":1430,""y"":323,""t"":4412},{""x"":1418,""y"":308,""t"":4452},{""x"":1425,""y"":289,""t"":4490},{""x"":1324,""y"":308,""t"":4551},{""x"":1285,""y"":308,""t"":4566},{""x"":1215,""y"":295,""t"":4629},{""x"":1076,""y"":268,""t"":4686},{""x"":960,""y"":246,""t"":4702},{""x"":893,""y"":240,""t"":4764},{""x"":872,""y"":226,""t"":4814},{""x"":859,""y"":215,""t"":4830},{""x"":861,""y"":223,""t"":4892},{""x"":842,""y"":229,""t"":4910},{""x"":797,""y"":230,""t"":4949},{""x"":817,""y"":244,""t"":4989},{""x"":844,""y"":270,""t"":5034},{""x"":830,""y"":296,""t"":5097},{""x"":789,""y"":317,""t"":5115},{""x"":741,""y"":317,""t"":5158},{""x"":735,""y"":317,""t"":5197},{""x"":701,""y"":310,""t"":5237},{""x"":743,""y"":320,""t"":5300},{""x"":782,""y"":328,""t"":5317},{""x"":775,""y"":334,""t"":5379},{""x"":762,""y"":327,""t"":5407},{""x"":762,""y"":345,""t"":5470},{""x"":799,""y"":355,""t"":5485},{""x"":818,""y"":347,""t"":5548},{""x"":839,""y"":356,""t"":5594},{""x"":844,""y"":346,""t"":5612}]",0,0.9818131663656426,0.018186833634357375,pt_b-last_b-longer,0
62-alternatives,1,99,exp_4,0.0,242.89999999850988,0.79,0.49,5.300000000000001,8.3,higher_p,higher_m,0,1,alternatives,0.0,False,4.187000000000001,4.067,0.120000000000001,0.3808273136562315,0.4,0.6,0.5,0.5,1.0,0.0,higher_m,higher_p,True,"{""durations"":[1500,1000,1500,1000],""alternatives"":[1,0,1,0],""attributes"":[""all"",""all"",""all"",""all""]}","[{""x"":465,""y"":391,""t"":-18},{""x"":503,""y"":370,""t"":0},{""x"":565,""y"":379,""t"":79},{""x"":640,""y"":394,""t"":106},{""x"":658,""y"":409,""t"":209},{""x"":663,""y"":421,""t"":258},{""x"":666,""y"":426,""t"":274},{""x"":595,""y"":407,""t"":334},{""x"":504,""y"":381,""t"":350},{""x"":459,""y"":386,""t"":414},{""x"":429,""y"":375,""t"":464},{""x"":405,""y"":365,""t"":480},{""x"":426,""y"":354,""t"":541},{""x"":423,""y"":346,""t"":556},{""x"":366,""y"":311,""t"":618},{""x"":363,""y"":301,""t"":670},{""x"":313,""y"":278,""t"":687},{""x"":300,""y"":255,""t"":751},{""x"":254,""y"":237,""t"":803},{""x"":217,""y"":224,""t"":820},{""x"":260,""y"":180,""t"":881},{""x"":269,""y"":132,""t"":898},{""x"":321,""y"":96,""t"":962},{""x"":357,""y"":75,""t"":987},{""x"":366,""y"":68,""t"":1048},{""x"":371,""y"":59,""t"":1062},{""x"":438,""y"":75,""t"":1127},{""x"":401,""y"":55,""t"":1178},{""x"":373,""y"":40,""t"":1194},{""x"":396,""y"":46,""t"":1258},{""x"":334,""y"":55,""t"":1274},{""x"":351,""y"":76,""t"":1316},{""x"":355,""y"":101,""t"":1359},{""x"":347,""y"":115,""t"":1397},{""x"":366,""y"":134,""t"":1459},{""x"":339,""y"":151,""t"":1478},{""x"":380,""y"":160,""t"":1517},{""x"":423,""y"":274,""t"":1555},{""x"":391,""y"":361,""t"":1596},{""x"":342,""y"":378,""t"":1635},{""x"":320,""y"":396,""t"":1696},{""x"":302,""y"":408,""t"":1711},{""x"":345,""y"":439,""t"":1776},{""x"":339,""y"":466,""t"":1803},{""x"":444,""y"":474,""t"":1866},{""x"":633,""y"":502,""t"":1885},{""x"":759,""y"":526,""t"":1926},{""x"":919,""y"":552,""t"":1965},{""x"":1004,""y"":565,""t"":2008},{""x"":1087,""y"":536,""t"":2071},{""x"":1142,""y"":496,""t"":2088},{""x"":1208,""y"":478,""t"":2130},{""x"":1278,""y"":473,""t"":2170},{""x"":1315,""y"":455,""t"":2208},{""x"":1338,""y"":440,""t"":2249},{""x"":1295,""y"":428,""t"":2312},{""x"":1364,""y"":412,""t"":2327},{""x"":1408,""y"":423,""t"":2370},{""x"":1387,""y"":385,""t"":2411},{""x"":1413,""y"":383,""t"":2450},{""x"":1358,""y"":365,""t"":2512},{""x"":1337,""y"":359,""t"":2526},{""x"":1253,""y"":354,""t"":2587},{""x"":1246,""y"":358,""t"":2642},{""x"":1236,""y"":362,""t"":2658},{""x"":1272,""y"":366,""t"":2721},{""x"":1217,""y"":370,""t"":2769},{""x"":1169,""y"":374,""t"":2789},{""x"":1016,""y"":378,""t"":2851},{""x"":914,""y"":384,""t"":2866},{""x"":751,""y"":371,""t"":2931},{""x"":593,""y"":356,""t"":2978},{""x"":469,""y"":354,""t"":2994},{""x"":350,""y"":328,""t"":3057},{""x"":246,""y"":322,""t"":3073},{""x"":212,""y"":305,""t"":3115},{""x"":157,""y"":286,""t"":3154},{""x"":107,""y"":248,""t"":3192},{""x"":82,""y"":209,""t"":3232},{""x"":37,""y"":189,""t"":3296},{""x"":39,""y"":159,""t"":3310},{""x"":35,""y"":149,""t"":3374},{""x"":59,""y"":148,""t"":3400},{""x"":109,""y"":146,""t"":3461},{""x"":156,""y"":146,""t"":3476},{""x"":159,""y"":131,""t"":3538},{""x"":201,""y"":116,""t"":3585},{""x"":274,""y"":94,""t"":3604},{""x"":339,""y"":103,""t"":3668},{""x"":394,""y"":112,""t"":3683},{""x"":641,""y"":156,""t"":3746},{""x"":886,""y"":175,""t"":3797},{""x"":1096,""y"":196,""t"":3811},{""x"":1272,""y"":229,""t"":3876},{""x"":1471,""y"":267,""t"":3929},{""x"":1576,""y"":291,""t"":3945},{""x"":1604,""y"":277,""t"":4007},{""x"":1618,""y"":282,""t"":4024},{""x"":1539,""y"":298,""t"":4085},{""x"":1577,""y"":308,""t"":4134},{""x"":1600,""y"":309,""t"":4149},{""x"":1600,""y"":318,""t"":4210},{""x"":1613,""y"":322,""t"":4226},{""x"":1596,""y"":325,""t"":4287},{""x"":1538,""y"":319,""t"":4352},{""x"":1454,""y"":338,""t"":4398},{""x"":1381,""y"":354,""t"":4421},{""x"":1263,""y"":482,""t"":4481},{""x"":1162,""y"":590,""t"":4498},{""x"":1138,""y"":683,""t"":4560},{""x"":1041,""y"":736,""t"":4622},{""x"":947,""y"":796,""t"":4637},{""x"":870,""y"":770,""t"":4698},{""x"":796,""y"":759,""t"":4727},{""x"":761,""y"":724,""t"":4799},{""x"":727,""y"":703,""t"":4847},{""x"":731,""y"":679,""t"":4863},{""x"":728,""y"":621,""t"":4928},{""x"":730,""y"":571,""t"":4944},{""x"":763,""y"":544,""t"":5003},{""x"":778,""y"":504,""t"":5053},{""x"":793,""y"":472,""t"":5068},{""x"":767,""y"":471,""t"":5131},{""x"":778,""y"":442,""t"":5148},{""x"":841,""y"":420,""t"":5189},{""x"":839,""y"":413,""t"":5229},{""x"":837,""y"":409,""t"":5270},{""x"":917,""y"":405,""t"":5332},{""x"":966,""y"":400,""t"":5349},{""x"":949,""y"":410,""t"":5415},{""x"":896,""y"":413,""t"":5464},{""x"":883,""y"":397,""t"":5480},{""x"":904,""y"":400,""t"":5541},{""x"":883,""y"":384,""t"":5556},{""x"":983,""y"":384,""t"":5597},{""x"":1005,""y"":409,""t"":5635},{""x"":996,""y"":418,""t"":5674},{""x"":959,""y"":428,""t"":5715},{""x"":1148,""y"":558,""t"":5776},{""x"":1220,""y"":661,""t"":5792},{""x"":1326,""y"":685,""t"":5855}]",0,0.9792187681844184,0.020781231815581634,pt_b-last_b-longer,0
62-alternatives,1,100,exp_24,0.0,402.8000000044704,0.3,0.17,2.0,3.0,higher_p,higher_m,0,1,alternatives,0.0,False,0.6,0.51,0.0899999999999999,0.3499494233597793,0.6,0.4,0.5,0.5,0.0,1.0,higher_p,higher_m,True,"{""durations"":[1500,1000,1500,1000],""alternatives"":[0,1,0,1],""attributes"":[""all"",""all"",""all"",""all""]}","[{""x"":528,""y"":536,""t"":-18},{""x"":536,""y"":507,""t"":0},{""x"":523,""y"":486,""t"":82},{""x"":538,""y"":476,""t"":121},{""x"":551,""y"":465,""t"":164},{""x"":540,""y"":442,""t"":205},{""x"":577,""y"":433,""t"":270},{""x"":594,""y"":421,""t"":284},{""x"":709,""y"":423,""t"":347},{""x"":767,""y"":428,""t"":397},{""x"":806,""y"":440,""t"":412},{""x"":881,""y"":458,""t"":473},{""x"":943,""y"":474,""t"":487},{""x"":964,""y"":483,""t"":550},{""x"":1003,""y"":466,""t"":601},{""x"":1032,""y"":452,""t"":616},{""x"":1050,""y"":440,""t"":677},{""x"":1078,""y"":415,""t"":696},{""x"":1080,""y"":397,""t"":735},{""x"":1090,""y"":385,""t"":772},{""x"":1120,""y"":383,""t"":814},{""x"":1169,""y"":367,""t"":853},{""x"":1178,""y"":358,""t"":918},{""x"":1158,""y"":350,""t"":935},{""x"":1146,""y"":362,""t"":974},{""x"":1146,""y"":350,""t"":1012},{""x"":1141,""y"":339,""t"":1051},{""x"":1132,""y"":322,""t"":1089},{""x"":1114,""y"":326,""t"":1150},{""x"":1129,""y"":317,""t"":1167},{""x"":1103,""y"":330,""t"":1229},{""x"":1115,""y"":337,""t"":1281},{""x"":1124,""y"":344,""t"":1298},{""x"":1075,""y"":346,""t"":1357},{""x"":1052,""y"":351,""t"":1373},{""x"":992,""y"":338,""t"":1415},{""x"":1007,""y"":349,""t"":1453},{""x"":1049,""y"":325,""t"":1494},{""x"":1086,""y"":304,""t"":1533},{""x"":1112,""y"":312,""t"":1598},{""x"":1113,""y"":307,""t"":1615},{""x"":1145,""y"":343,""t"":1655},{""x"":1111,""y"":343,""t"":1695},{""x"":1162,""y"":357,""t"":1734},{""x"":1169,""y"":371,""t"":1774},{""x"":1015,""y"":356,""t"":1836},{""x"":813,""y"":332,""t"":1886},{""x"":671,""y"":317,""t"":1904},{""x"":558,""y"":294,""t"":1967},{""x"":443,""y"":278,""t"":1982},{""x"":297,""y"":303,""t"":2028},{""x"":157,""y"":283,""t"":2067},{""x"":84,""y"":283,""t"":2105},{""x"":49,""y"":268,""t"":2145},{""x"":31,""y"":250,""t"":2207},{""x"":66,""y"":239,""t"":2221},{""x"":74,""y"":250,""t"":2283},{""x"":98,""y"":256,""t"":2313},{""x"":60,""y"":279,""t"":2374},{""x"":85,""y"":261,""t"":2391},{""x"":147,""y"":259,""t"":2452},{""x"":193,""y"":313,""t"":2498},{""x"":202,""y"":333,""t"":2517},{""x"":218,""y"":345,""t"":2577},{""x"":227,""y"":363,""t"":2593},{""x"":259,""y"":346,""t"":2660},{""x"":230,""y"":319,""t"":2708},{""x"":169,""y"":307,""t"":2726},{""x"":185,""y"":297,""t"":2789},{""x"":173,""y"":277,""t"":2838},{""x"":164,""y"":260,""t"":2857},{""x"":381,""y"":296,""t"":2917},{""x"":596,""y"":338,""t"":2933},{""x"":755,""y"":365,""t"":2996},{""x"":885,""y"":384,""t"":3044},{""x"":1015,""y"":402,""t"":3062},{""x"":1189,""y"":405,""t"":3124},{""x"":1328,""y"":406,""t"":3139},{""x"":1378,""y"":424,""t"":3202},{""x"":1382,""y"":424,""t"":3252},{""x"":1376,""y"":408,""t"":3268},{""x"":1315,""y"":397,""t"":3331},{""x"":1291,""y"":383,""t"":3347},{""x"":1321,""y"":390,""t"":3388},{""x"":1306,""y"":383,""t"":3426},{""x"":1352,""y"":385,""t"":3468},{""x"":1387,""y"":386,""t"":3507},{""x"":1340,""y"":383,""t"":3569},{""x"":1305,""y"":391,""t"":3586},{""x"":1269,""y"":386,""t"":3625},{""x"":1227,""y"":366,""t"":3664},{""x"":1128,""y"":343,""t"":3703},{""x"":1105,""y"":328,""t"":3742},{""x"":1061,""y"":312,""t"":3803},{""x"":1025,""y"":300,""t"":3819},{""x"":1076,""y"":302,""t"":3879},{""x"":1130,""y"":300,""t"":3928},{""x"":1177,""y"":300,""t"":3945},{""x"":1204,""y"":317,""t"":4004},{""x"":1133,""y"":318,""t"":4021},{""x"":1162,""y"":328,""t"":4083},{""x"":973,""y"":313,""t"":4133},{""x"":838,""y"":312,""t"":4150},{""x"":651,""y"":278,""t"":4210},{""x"":498,""y"":249,""t"":4225},{""x"":363,""y"":234,""t"":4288},{""x"":219,""y"":213,""t"":4336},{""x"":98,""y"":215,""t"":4353},{""x"":34,""y"":214,""t"":4414},{""x"":-37,""y"":233,""t"":4430},{""x"":-87,""y"":237,""t"":4491},{""x"":-65,""y"":231,""t"":4540},{""x"":-69,""y"":226,""t"":4557},{""x"":-93,""y"":242,""t"":4617},{""x"":-79,""y"":253,""t"":4632},{""x"":-34,""y"":290,""t"":4695},{""x"":26,""y"":325,""t"":4742},{""x"":71,""y"":352,""t"":4761},{""x"":150,""y"":399,""t"":4823},{""x"":183,""y"":418,""t"":4837},{""x"":234,""y"":446,""t"":4882},{""x"":271,""y"":409,""t"":4923},{""x"":264,""y"":361,""t"":4961},{""x"":265,""y"":314,""t"":4999},{""x"":281,""y"":269,""t"":5063},{""x"":294,""y"":231,""t"":5078},{""x"":280,""y"":226,""t"":5141},{""x"":273,""y"":221,""t"":5170},{""x"":243,""y"":224,""t"":5231},{""x"":217,""y"":217,""t"":5247},{""x"":177,""y"":196,""t"":5310},{""x"":205,""y"":199,""t"":5358},{""x"":255,""y"":194,""t"":5373},{""x"":433,""y"":228,""t"":5437},{""x"":620,""y"":256,""t"":5452},{""x"":757,""y"":288,""t"":5512},{""x"":814,""y"":276,""t"":5564},{""x"":841,""y"":276,""t"":5581},{""x"":893,""y"":303,""t"":5640},{""x"":958,""y"":324,""t"":5655},{""x"":941,""y"":324,""t"":5715},{""x"":936,""y"":347,""t"":5765},{""x"":917,""y"":360,""t"":5782},{""x"":958,""y"":366,""t"":5845},{""x"":955,""y"":364,""t"":5862},{""x"":964,""y"":379,""t"":5923},{""x"":976,""y"":386,""t"":5950},{""x"":948,""y"":385,""t"":6011},{""x"":921,""y"":376,""t"":6027}]",1,0.6792719823255757,0.3207280176744243,pt_b-last_b-longer,0
62-alternatives,1,101,exp_16,0.0,227.69999999552965,0.28,0.17,4.3,8.3,higher_p,higher_m,0,1,alternatives,0.0,False,1.204,1.4110000000000005,-0.2070000000000003,0.0442583094249128,0.6,0.4,0.5,0.5,0.0,1.0,higher_p,higher_m,True,"{""durations"":[1500,1000,1500,1000],""alternatives"":[0,1,0,1],""attributes"":[""all"",""all"",""all"",""all""]}","[{""x"":639,""y"":359,""t"":-22},{""x"":609,""y"":347,""t"":0},{""x"":573,""y"":370,""t"":74},{""x"":505,""y"":359,""t"":118},{""x"":486,""y"":334,""t"":162},{""x"":474,""y"":313,""t"":207},{""x"":477,""y"":324,""t"":270},{""x"":459,""y"":330,""t"":286},{""x"":415,""y"":299,""t"":350},{""x"":387,""y"":270,""t"":375},{""x"":316,""y"":223,""t"":438},{""x"":270,""y"":200,""t"":454},{""x"":244,""y"":175,""t"":516},{""x"":237,""y"":162,""t"":565},{""x"":223,""y"":144,""t"":582},{""x"":252,""y"":171,""t"":646},{""x"":201,""y"":231,""t"":693},{""x"":158,""y"":284,""t"":715},{""x"":138,""y"":320,""t"":775},{""x"":123,""y"":357,""t"":791},{""x"":164,""y"":332,""t"":857},{""x"":163,""y"":297,""t"":884},{""x"":116,""y"":270,""t"":944},{""x"":119,""y"":224,""t"":960},{""x"":122,""y"":197,""t"":1023},{""x"":164,""y"":196,""t"":1070},{""x"":207,""y"":178,""t"":1088},{""x"":199,""y"":178,""t"":1153},{""x"":200,""y"":183,""t"":1168},{""x"":190,""y"":164,""t"":1233},{""x"":198,""y"":183,""t"":1260},{""x"":188,""y"":189,""t"":1321},{""x"":133,""y"":204,""t"":1336},{""x"":117,""y"":210,""t"":1401},{""x"":116,""y"":200,""t"":1460},{""x"":89,""y"":222,""t"":1474},{""x"":83,""y"":203,""t"":1536},{""x"":121,""y"":181,""t"":1565},{""x"":132,""y"":204,""t"":1629},{""x"":156,""y"":229,""t"":1643},{""x"":153,""y"":256,""t"":1705},{""x"":143,""y"":266,""t"":1754},{""x"":134,""y"":274,""t"":1768},{""x"":464,""y"":285,""t"":1829},{""x"":697,""y"":293,""t"":1848},{""x"":888,""y"":320,""t"":1913},{""x"":1022,""y"":344,""t"":1939},{""x"":1174,""y"":346,""t"":2000},{""x"":1293,""y"":346,""t"":2015},{""x"":1235,""y"":331,""t"":2078},{""x"":1295,""y"":352,""t"":2128},{""x"":1325,""y"":355,""t"":2143},{""x"":1364,""y"":364,""t"":2205},{""x"":1384,""y"":377,""t"":2221},{""x"":1370,""y"":396,""t"":2287},{""x"":1321,""y"":397,""t"":2335},{""x"":1273,""y"":396,""t"":2349},{""x"":1316,""y"":368,""t"":2411},{""x"":1314,""y"":339,""t"":2427},{""x"":1331,""y"":311,""t"":2468},{""x"":1358,""y"":294,""t"":2506},{""x"":1381,""y"":279,""t"":2547},{""x"":1376,""y"":261,""t"":2588},{""x"":1319,""y"":235,""t"":2653},{""x"":1009,""y"":212,""t"":2701},{""x"":791,""y"":215,""t"":2722},{""x"":584,""y"":217,""t"":2783},{""x"":424,""y"":216,""t"":2800},{""x"":296,""y"":195,""t"":2862},{""x"":210,""y"":194,""t"":2910},{""x"":130,""y"":206,""t"":2926},{""x"":62,""y"":201,""t"":2990},{""x"":16,""y"":197,""t"":3005},{""x"":21,""y"":197,""t"":3067},{""x"":14,""y"":151,""t"":3117},{""x"":17,""y"":113,""t"":3131},{""x"":90,""y"":106,""t"":3193},{""x"":159,""y"":102,""t"":3209},{""x"":139,""y"":88,""t"":3270},{""x"":127,""y"":105,""t"":3319},{""x"":120,""y"":117,""t"":3336},{""x"":64,""y"":174,""t"":3398},{""x"":91,""y"":206,""t"":3414},{""x"":87,""y"":218,""t"":3475},{""x"":98,""y"":258,""t"":3526},{""x"":108,""y"":292,""t"":3542},{""x"":117,""y"":306,""t"":3603},{""x"":144,""y"":317,""t"":3620},{""x"":152,""y"":314,""t"":3659},{""x"":147,""y"":331,""t"":3697},{""x"":194,""y"":329,""t"":3739},{""x"":201,""y"":312,""t"":3775},{""x"":227,""y"":283,""t"":3835},{""x"":262,""y"":256,""t"":3852},{""x"":280,""y"":224,""t"":3915},{""x"":330,""y"":198,""t"":3976},{""x"":283,""y"":174,""t"":3993},{""x"":248,""y"":165,""t"":4033},{""x"":340,""y"":177,""t"":4072},{""x"":628,""y"":195,""t"":4112},{""x"":867,""y"":193,""t"":4152},{""x"":982,""y"":206,""t"":4215},{""x"":1115,""y"":226,""t"":4231},{""x"":1282,""y"":252,""t"":4271},{""x"":1390,""y"":257,""t"":4311},{""x"":1470,""y"":261,""t"":4354},{""x"":1511,""y"":292,""t"":4415},{""x"":1532,""y"":320,""t"":4431},{""x"":1428,""y"":325,""t"":4495},{""x"":1373,""y"":325,""t"":4523},{""x"":1378,""y"":309,""t"":4584},{""x"":1379,""y"":294,""t"":4600},{""x"":1324,""y"":299,""t"":4663},{""x"":1333,""y"":285,""t"":4711},{""x"":1332,""y"":284,""t"":4727},{""x"":1366,""y"":302,""t"":4786},{""x"":1374,""y"":313,""t"":4802},{""x"":1361,""y"":312,""t"":4864},{""x"":1211,""y"":318,""t"":4915},{""x"":1092,""y"":305,""t"":4930},{""x"":952,""y"":320,""t"":4992},{""x"":817,""y"":343,""t"":5008},{""x"":744,""y"":306,""t"":5070},{""x"":719,""y"":310,""t"":5119},{""x"":692,""y"":305,""t"":5135},{""x"":717,""y"":309,""t"":5198},{""x"":743,""y"":313,""t"":5213},{""x"":743,""y"":324,""t"":5276},{""x"":741,""y"":320,""t"":5305},{""x"":791,""y"":316,""t"":5366},{""x"":850,""y"":325,""t"":5381},{""x"":701,""y"":333,""t"":5449},{""x"":575,""y"":340,""t"":5475},{""x"":455,""y"":343,""t"":5536},{""x"":373,""y"":327,""t"":5553},{""x"":340,""y"":303,""t"":5614},{""x"":284,""y"":292,""t"":5664},{""x"":242,""y"":283,""t"":5680},{""x"":200,""y"":262,""t"":5742},{""x"":294,""y"":254,""t"":5758},{""x"":307,""y"":248,""t"":5820},{""x"":369,""y"":376,""t"":5868}]",0,0.4720159132761523,0.5279840867238477,pt_b-last_b-longer,0
62-alternatives,1,103,exp_12,0.0,219.79999999701977,0.7,0.29,1.7999999999999998,5.0,higher_p,higher_m,0,1,alternatives,0.0,False,1.2599999999999998,1.45,-0.1900000000000001,0.0617557805929019,0.4,0.6,0.5,0.5,1.0,0.0,higher_m,higher_p,True,"{""durations"":[1500,1000,1500,1000],""alternatives"":[1,0,1,0],""attributes"":[""all"",""all"",""all"",""all""]}","[{""x"":646,""y"":316,""t"":-41},{""x"":586,""y"":290,""t"":0},{""x"":493,""y"":261,""t"":74},{""x"":417,""y"":236,""t"":103},{""x"":402,""y"":250,""t"":202},{""x"":370,""y"":256,""t"":218},{""x"":401,""y"":261,""t"":261},{""x"":328,""y"":226,""t"":300},{""x"":245,""y"":200,""t"":341},{""x"":239,""y"":184,""t"":405},{""x"":151,""y"":181,""t"":419},{""x"":162,""y"":158,""t"":482},{""x"":201,""y"":171,""t"":531},{""x"":205,""y"":182,""t"":548},{""x"":178,""y"":247,""t"":610},{""x"":161,""y"":282,""t"":626},{""x"":169,""y"":311,""t"":666},{""x"":170,""y"":302,""t"":704},{""x"":203,""y"":281,""t"":743},{""x"":165,""y"":262,""t"":782},{""x"":159,""y"":246,""t"":849},{""x"":162,""y"":240,""t"":865},{""x"":144,""y"":207,""t"":906},{""x"":120,""y"":187,""t"":943},{""x"":131,""y"":164,""t"":982},{""x"":168,""y"":172,""t"":1022},{""x"":137,""y"":163,""t"":1083},{""x"":150,""y"":143,""t"":1101},{""x"":157,""y"":129,""t"":1165},{""x"":177,""y"":168,""t"":1212},{""x"":195,""y"":203,""t"":1228},{""x"":184,""y"":260,""t"":1288},{""x"":175,""y"":308,""t"":1303},{""x"":189,""y"":327,""t"":1365},{""x"":230,""y"":371,""t"":1417},{""x"":275,""y"":404,""t"":1433},{""x"":211,""y"":415,""t"":1493},{""x"":189,""y"":413,""t"":1510},{""x"":186,""y"":430,""t"":1554},{""x"":159,""y"":424,""t"":1592},{""x"":153,""y"":412,""t"":1632},{""x"":145,""y"":404,""t"":1672},{""x"":163,""y"":399,""t"":1733},{""x"":255,""y"":409,""t"":1750},{""x"":397,""y"":407,""t"":1790},{""x"":718,""y"":428,""t"":1829},{""x"":943,""y"":431,""t"":1871},{""x"":1058,""y"":422,""t"":1932},{""x"":1242,""y"":422,""t"":1948},{""x"":1355,""y"":416,""t"":2013},{""x"":1367,""y"":391,""t"":2061},{""x"":1359,""y"":366,""t"":2077},{""x"":1319,""y"":360,""t"":2142},{""x"":1281,""y"":365,""t"":2192},{""x"":1238,""y"":370,""t"":2211},{""x"":1231,""y"":370,""t"":2276},{""x"":1192,""y"":401,""t"":2290},{""x"":1173,""y"":409,""t"":2354},{""x"":1172,""y"":409,""t"":2381},{""x"":1172,""y"":390,""t"":2445},{""x"":1230,""y"":376,""t"":2459},{""x"":1164,""y"":362,""t"":2524},{""x"":1115,""y"":351,""t"":2575},{""x"":1073,""y"":342,""t"":2589},{""x"":1092,""y"":344,""t"":2651},{""x"":1121,""y"":343,""t"":2666},{""x"":1161,""y"":338,""t"":2729},{""x"":1195,""y"":335,""t"":2755},{""x"":1069,""y"":307,""t"":2816},{""x"":961,""y"":285,""t"":2831},{""x"":726,""y"":240,""t"":2892},{""x"":545,""y"":185,""t"":2947},{""x"":398,""y"":139,""t"":2961},{""x"":284,""y"":129,""t"":3024},{""x"":165,""y"":141,""t"":3039},{""x"":86,""y"":126,""t"":3082},{""x"":93,""y"":134,""t"":3120},{""x"":46,""y"":128,""t"":3159},{""x"":54,""y"":124,""t"":3202},{""x"":44,""y"":144,""t"":3262},{""x"":54,""y"":179,""t"":3279},{""x"":121,""y"":362,""t"":3320},{""x"":464,""y"":507,""t"":3359},{""x"":743,""y"":643,""t"":3399},{""x"":917,""y"":768,""t"":3441},{""x"":893,""y"":831,""t"":3502},{""x"":867,""y"":864,""t"":3516},{""x"":815,""y"":876,""t"":3560},{""x"":688,""y"":880,""t"":3599},{""x"":628,""y"":880,""t"":3646},{""x"":614,""y"":852,""t"":3710},{""x"":578,""y"":827,""t"":3757},{""x"":547,""y"":803,""t"":3774},{""x"":507,""y"":786,""t"":3837},{""x"":475,""y"":770,""t"":3851},{""x"":423,""y"":724,""t"":3914},{""x"":441,""y"":667,""t"":3964},{""x"":457,""y"":624,""t"":3981},{""x"":449,""y"":583,""t"":4042},{""x"":493,""y"":548,""t"":4060},{""x"":578,""y"":519,""t"":4101},{""x"":615,""y"":484,""t"":4141},{""x"":667,""y"":466,""t"":4178},{""x"":679,""y"":455,""t"":4219},{""x"":681,""y"":479,""t"":4280},{""x"":678,""y"":504,""t"":4295},{""x"":729,""y"":481,""t"":4359},{""x"":753,""y"":478,""t"":4386},{""x"":779,""y"":494,""t"":4447},{""x"":799,""y"":508,""t"":4463},{""x"":798,""y"":525,""t"":4525},{""x"":816,""y"":535,""t"":4575},{""x"":806,""y"":539,""t"":4591},{""x"":905,""y"":521,""t"":4651},{""x"":991,""y"":515,""t"":4668},{""x"":999,""y"":539,""t"":4730},{""x"":1021,""y"":539,""t"":4781},{""x"":1020,""y"":575,""t"":4799},{""x"":979,""y"":579,""t"":4860},{""x"":902,""y"":558,""t"":4875},{""x"":859,""y"":516,""t"":4917},{""x"":837,""y"":505,""t"":4954},{""x"":719,""y"":486,""t"":4995},{""x"":649,""y"":466,""t"":5034},{""x"":635,""y"":452,""t"":5096},{""x"":631,""y"":440,""t"":5113},{""x"":612,""y"":445,""t"":5155},{""x"":591,""y"":456,""t"":5194},{""x"":603,""y"":444,""t"":5233},{""x"":617,""y"":451,""t"":5274},{""x"":621,""y"":459,""t"":5341},{""x"":586,""y"":457,""t"":5389},{""x"":558,""y"":464,""t"":5407},{""x"":595,""y"":472,""t"":5467},{""x"":570,""y"":505,""t"":5482},{""x"":559,""y"":505,""t"":5547},{""x"":566,""y"":528,""t"":5598},{""x"":574,""y"":548,""t"":5612},{""x"":563,""y"":565,""t"":5675},{""x"":592,""y"":535,""t"":5691},{""x"":662,""y"":499,""t"":5731},{""x"":688,""y"":456,""t"":5779}]",1,0.8733948029347768,0.12660519706522322,pt_b-last_b-longer,0
62-alternatives,1,104,exp_32,0.0,169.5,0.79,0.7,2.0,3.2,higher_p,higher_m,0,1,alternatives,0.0,False,1.58,2.24,-0.6599999999999997,-0.4219978340514986,0.6,0.4,0.5,0.5,0.0,1.0,higher_p,higher_m,True,"{""durations"":[1500,1000,1500,1000],""alternatives"":[0,1,0,1],""attributes"":[""all"",""all"",""all"",""all""]}","[{""x"":1161,""y"":819,""t"":-17},{""x"":1126,""y"":838,""t"":0},{""x"":1028,""y"":855,""t"":78},{""x"":942,""y"":866,""t"":104},{""x"":839,""y"":811,""t"":204},{""x"":729,""y"":749,""t"":220},{""x"":641,""y"":693,""t"":260},{""x"":545,""y"":633,""t"":299},{""x"":492,""y"":593,""t"":340},{""x"":397,""y"":586,""t"":404},{""x"":305,""y"":568,""t"":418},{""x"":265,""y"":555,""t"":484},{""x"":220,""y"":548,""t"":511},{""x"":175,""y"":559,""t"":573},{""x"":179,""y"":547,""t"":591},{""x"":218,""y"":497,""t"":654},{""x"":180,""y"":448,""t"":702},{""x"":187,""y"":410,""t"":717},{""x"":169,""y"":386,""t"":782},{""x"":171,""y"":342,""t"":832},{""x"":169,""y"":315,""t"":852},{""x"":149,""y"":288,""t"":912},{""x"":161,""y"":264,""t"":926},{""x"":137,""y"":257,""t"":989},{""x"":156,""y"":267,""t"":1052},{""x"":150,""y"":260,""t"":1066},{""x"":184,""y"":309,""t"":1128},{""x"":184,""y"":343,""t"":1156},{""x"":214,""y"":387,""t"":1220},{""x"":235,""y"":420,""t"":1235},{""x"":267,""y"":444,""t"":1297},{""x"":351,""y"":470,""t"":1345},{""x"":434,""y"":496,""t"":1361},{""x"":588,""y"":487,""t"":1422},{""x"":715,""y"":478,""t"":1437},{""x"":783,""y"":497,""t"":1501},{""x"":911,""y"":471,""t"":1551},{""x"":972,""y"":496,""t"":1568},{""x"":1027,""y"":488,""t"":1630},{""x"":1017,""y"":489,""t"":1647},{""x"":1056,""y"":484,""t"":1686},{""x"":1033,""y"":485,""t"":1727},{""x"":1081,""y"":484,""t"":1765},{""x"":1072,""y"":468,""t"":1805},{""x"":1049,""y"":458,""t"":1868},{""x"":976,""y"":456,""t"":1883},{""x"":1046,""y"":448,""t"":1947},{""x"":1057,""y"":450,""t"":1973},{""x"":1046,""y"":447,""t"":2034},{""x"":1035,""y"":445,""t"":2048},{""x"":1071,""y"":460,""t"":2111},{""x"":1067,""y"":434,""t"":2163},{""x"":1029,""y"":422,""t"":2179},{""x"":1042,""y"":417,""t"":2243},{""x"":1066,""y"":439,""t"":2257},{""x"":1028,""y"":468,""t"":2301},{""x"":1001,""y"":507,""t"":2342},{""x"":969,""y"":504,""t"":2379},{""x"":981,""y"":512,""t"":2418},{""x"":977,""y"":519,""t"":2482},{""x"":922,""y"":526,""t"":2499},{""x"":909,""y"":534,""t"":2537},{""x"":941,""y"":538,""t"":2577},{""x"":971,""y"":541,""t"":2621},{""x"":960,""y"":534,""t"":2683},{""x"":969,""y"":547,""t"":2698},{""x"":1010,""y"":553,""t"":2761},{""x"":1044,""y"":570,""t"":2790},{""x"":844,""y"":550,""t"":2850},{""x"":678,""y"":529,""t"":2867},{""x"":584,""y"":517,""t"":2929},{""x"":485,""y"":519,""t"":2993},{""x"":403,""y"":506,""t"":3043},{""x"":325,""y"":493,""t"":3061},{""x"":191,""y"":428,""t"":3123},{""x"":168,""y"":390,""t"":3139},{""x"":136,""y"":340,""t"":3202},{""x"":82,""y"":334,""t"":3249},{""x"":80,""y"":316,""t"":3264},{""x"":74,""y"":288,""t"":3327},{""x"":107,""y"":277,""t"":3342},{""x"":145,""y"":287,""t"":3406},{""x"":203,""y"":261,""t"":3454},{""x"":255,""y"":241,""t"":3469},{""x"":245,""y"":288,""t"":3529},{""x"":236,""y"":329,""t"":3543},{""x"":244,""y"":372,""t"":3608},{""x"":198,""y"":418,""t"":3656},{""x"":172,""y"":457,""t"":3674},{""x"":167,""y"":520,""t"":3737},{""x"":166,""y"":555,""t"":3752},{""x"":285,""y"":505,""t"":3815},{""x"":372,""y"":506,""t"":3843},{""x"":446,""y"":485,""t"":3902},{""x"":496,""y"":463,""t"":3917},{""x"":617,""y"":471,""t"":3981},{""x"":607,""y"":430,""t"":4032},{""x"":613,""y"":395,""t"":4047},{""x"":810,""y"":375,""t"":4110},{""x"":917,""y"":364,""t"":4131},{""x"":1001,""y"":338,""t"":4170},{""x"":1068,""y"":344,""t"":4209},{""x"":1082,""y"":350,""t"":4251},{""x"":1063,""y"":341,""t"":4314},{""x"":1040,""y"":316,""t"":4328},{""x"":1053,""y"":334,""t"":4390},{""x"":1052,""y"":350,""t"":4420},{""x"":1019,""y"":390,""t"":4481},{""x"":1008,""y"":425,""t"":4496},{""x"":1036,""y"":442,""t"":4560},{""x"":958,""y"":488,""t"":4621},{""x"":893,""y"":529,""t"":4637},{""x"":925,""y"":594,""t"":4699},{""x"":1029,""y"":700,""t"":4748},{""x"":1083,""y"":784,""t"":4762},{""x"":1229,""y"":825,""t"":4823},{""x"":1327,""y"":810,""t"":4841},{""x"":1301,""y"":852,""t"":4905},{""x"":1195,""y"":850,""t"":4951},{""x"":1095,""y"":839,""t"":4966},{""x"":988,""y"":823,""t"":5027},{""x"":900,""y"":817,""t"":5044},{""x"":857,""y"":814,""t"":5106},{""x"":822,""y"":809,""t"":5134},{""x"":709,""y"":789,""t"":5196},{""x"":621,""y"":767,""t"":5211},{""x"":584,""y"":696,""t"":5276},{""x"":555,""y"":638,""t"":5305},{""x"":475,""y"":603,""t"":5367},{""x"":475,""y"":585,""t"":5382},{""x"":462,""y"":549,""t"":5445},{""x"":493,""y"":546,""t"":5493},{""x"":495,""y"":528,""t"":5510},{""x"":556,""y"":504,""t"":5573},{""x"":574,""y"":510,""t"":5588},{""x"":553,""y"":498,""t"":5652},{""x"":537,""y"":486,""t"":5700},{""x"":524,""y"":477,""t"":5715}]",1,0.3789420992487159,0.6210579007512842,pt_b-last_b-longer,0
62-alternatives,1,106,exp_56,1.0,217.1000000014901,0.41,0.21,1.7999999999999998,6.2,higher_p,higher_m,0,1,alternatives,0.0,False,0.7379999999999999,1.302,-0.5640000000000002,-0.3231885851028555,0.6,0.4,0.5,0.5,0.0,1.0,higher_p,higher_m,False,"{""durations"":[1500,1000,1500,1000],""alternatives"":[0,1,0,1],""attributes"":[""all"",""all"",""all"",""all""]}","[{""x"":1160,""y"":830,""t"":-18},{""x"":1134,""y"":832,""t"":0},{""x"":1072,""y"":823,""t"":66},{""x"":998,""y"":760,""t"":82},{""x"":992,""y"":706,""t"":131},{""x"":896,""y"":659,""t"":187},{""x"":812,""y"":618,""t"":241},{""x"":771,""y"":569,""t"":305},{""x"":603,""y"":525,""t"":323},{""x"":434,""y"":420,""t"":363},{""x"":377,""y"":361,""t"":401},{""x"":308,""y"":304,""t"":442},{""x"":243,""y"":242,""t"":502},{""x"":211,""y"":207,""t"":518},{""x"":162,""y"":181,""t"":579},{""x"":190,""y"":208,""t"":632},{""x"":221,""y"":236,""t"":647},{""x"":264,""y"":278,""t"":705},{""x"":265,""y"":309,""t"":723},{""x"":271,""y"":344,""t"":787},{""x"":253,""y"":398,""t"":838},{""x"":256,""y"":419,""t"":855},{""x"":255,""y"":384,""t"":918},{""x"":209,""y"":347,""t"":967},{""x"":212,""y"":298,""t"":987},{""x"":252,""y"":263,""t"":1050},{""x"":278,""y"":260,""t"":1065},{""x"":256,""y"":254,""t"":1126},{""x"":300,""y"":245,""t"":1174},{""x"":289,""y"":227,""t"":1191},{""x"":291,""y"":235,""t"":1253},{""x"":296,""y"":251,""t"":1268},{""x"":326,""y"":255,""t"":1333},{""x"":370,""y"":303,""t"":1393},{""x"":515,""y"":334,""t"":1407},{""x"":663,""y"":304,""t"":1449},{""x"":868,""y"":320,""t"":1489},{""x"":989,""y"":333,""t"":1529},{""x"":1084,""y"":344,""t"":1570},{""x"":1147,""y"":349,""t"":1632},{""x"":1184,""y"":356,""t"":1679},{""x"":1188,""y"":367,""t"":1702},{""x"":1219,""y"":366,""t"":1765},{""x"":1238,""y"":364,""t"":1780},{""x"":1226,""y"":375,""t"":1842},{""x"":1201,""y"":372,""t"":1870},{""x"":1226,""y"":387,""t"":1932},{""x"":1251,""y"":398,""t"":1949},{""x"":1270,""y"":418,""t"":2013},{""x"":1267,""y"":438,""t"":2060},{""x"":1261,""y"":453,""t"":2076},{""x"":1224,""y"":420,""t"":2137},{""x"":1191,""y"":390,""t"":2153},{""x"":1224,""y"":375,""t"":2214},{""x"":1265,""y"":329,""t"":2266},{""x"":1304,""y"":296,""t"":2282},{""x"":1365,""y"":275,""t"":2343},{""x"":1395,""y"":288,""t"":2359},{""x"":1236,""y"":273,""t"":2400},{""x"":1033,""y"":277,""t"":2440},{""x"":755,""y"":229,""t"":2479},{""x"":536,""y"":214,""t"":2521},{""x"":366,""y"":205,""t"":2583},{""x"":285,""y"":180,""t"":2599},{""x"":173,""y"":192,""t"":2643},{""x"":164,""y"":221,""t"":2682},{""x"":166,""y"":224,""t"":2723},{""x"":108,""y"":192,""t"":2785},{""x"":44,""y"":199,""t"":2801},{""x"":51,""y"":209,""t"":2864},{""x"":64,""y"":224,""t"":2912},{""x"":81,""y"":237,""t"":2928},{""x"":136,""y"":241,""t"":2989},{""x"":106,""y"":286,""t"":3004},{""x"":473,""y"":382,""t"":3048},{""x"":772,""y"":465,""t"":3087},{""x"":963,""y"":544,""t"":3125},{""x"":1157,""y"":582,""t"":3166},{""x"":1166,""y"":697,""t"":3225},{""x"":1094,""y"":784,""t"":3242},{""x"":1037,""y"":808,""t"":3305},{""x"":925,""y"":809,""t"":3354},{""x"":811,""y"":797,""t"":3368},{""x"":764,""y"":783,""t"":3430},{""x"":695,""y"":759,""t"":3445},{""x"":616,""y"":728,""t"":3508},{""x"":550,""y"":700,""t"":3537},{""x"":591,""y"":585,""t"":3603},{""x"":578,""y"":496,""t"":3618},{""x"":616,""y"":410,""t"":3658},{""x"":630,""y"":364,""t"":3697},{""x"":700,""y"":301,""t"":3736},{""x"":725,""y"":260,""t"":3776},{""x"":699,""y"":229,""t"":3836},{""x"":658,""y"":203,""t"":3852},{""x"":647,""y"":175,""t"":3914},{""x"":674,""y"":160,""t"":3962},{""x"":750,""y"":189,""t"":3979},{""x"":897,""y"":202,""t"":4042},{""x"":1028,""y"":212,""t"":4056},{""x"":1197,""y"":238,""t"":4117},{""x"":1329,""y"":274,""t"":4150},{""x"":1397,""y"":281,""t"":4211},{""x"":1370,""y"":282,""t"":4228},{""x"":1355,""y"":292,""t"":4292},{""x"":1335,""y"":304,""t"":4338},{""x"":1330,""y"":301,""t"":4354},{""x"":1251,""y"":318,""t"":4416},{""x"":1291,""y"":337,""t"":4433},{""x"":1292,""y"":339,""t"":4494},{""x"":1280,""y"":330,""t"":4544},{""x"":1330,""y"":333,""t"":4560},{""x"":1301,""y"":335,""t"":4621},{""x"":1221,""y"":328,""t"":4638},{""x"":1274,""y"":464,""t"":4698},{""x"":1237,""y"":560,""t"":4726},{""x"":1267,""y"":647,""t"":4791},{""x"":1321,""y"":710,""t"":4805},{""x"":1132,""y"":754,""t"":4869},{""x"":993,""y"":810,""t"":4897},{""x"":844,""y"":798,""t"":4959},{""x"":722,""y"":782,""t"":4975},{""x"":638,""y"":762,""t"":5040},{""x"":516,""y"":734,""t"":5067},{""x"":470,""y"":711,""t"":5140},{""x"":416,""y"":704,""t"":5169},{""x"":373,""y"":672,""t"":5231},{""x"":343,""y"":645,""t"":5246},{""x"":339,""y"":610,""t"":5311},{""x"":299,""y"":595,""t"":5359},{""x"":272,""y"":583,""t"":5375},{""x"":341,""y"":566,""t"":5439},{""x"":334,""y"":562,""t"":5457},{""x"":364,""y"":556,""t"":5497},{""x"":406,""y"":525,""t"":5536},{""x"":462,""y"":499,""t"":5577},{""x"":528,""y"":485,""t"":5638},{""x"":548,""y"":483,""t"":5652},{""x"":564,""y"":461,""t"":5715},{""x"":582,""y"":452,""t"":5761},{""x"":609,""y"":464,""t"":5782},{""x"":662,""y"":450,""t"":5843}]",1,0.26172553345187477,0.7382744665481253,pt_b-last_b-longer,0
62-alternatives,1,114,exp_0,0.0,183.0,0.79,0.49,5.300000000000001,8.3,higher_p,higher_m,0,1,alternatives,0.0,False,4.187000000000001,4.067,0.120000000000001,0.3808273136562315,0.6,0.4,0.5,0.5,0.0,1.0,higher_p,higher_m,True,"{""durations"":[1500,1000,1500,1000],""alternatives"":[0,1,0,1],""attributes"":[""all"",""all"",""all"",""all""]}","[{""x"":565,""y"":360,""t"":-18},{""x"":542,""y"":376,""t"":0},{""x"":527,""y"":360,""t"":64},{""x"":521,""y"":345,""t"":94},{""x"":563,""y"":338,""t"":162},{""x"":578,""y"":334,""t"":208},{""x"":629,""y"":333,""t"":272},{""x"":635,""y"":357,""t"":288},{""x"":739,""y"":400,""t"":327},{""x"":783,""y"":415,""t"":368},{""x"":847,""y"":437,""t"":408},{""x"":870,""y"":444,""t"":447},{""x"":889,""y"":471,""t"":509},{""x"":899,""y"":480,""t"":524},{""x"":969,""y"":485,""t"":587},{""x"":1025,""y"":489,""t"":612},{""x"":1046,""y"":494,""t"":676},{""x"":1032,""y"":498,""t"":691},{""x"":1188,""y"":485,""t"":753},{""x"":1246,""y"":464,""t"":782},{""x"":1309,""y"":416,""t"":842},{""x"":1420,""y"":376,""t"":859},{""x"":1410,""y"":361,""t"":922},{""x"":1426,""y"":340,""t"":972},{""x"":1439,""y"":315,""t"":988},{""x"":1443,""y"":307,""t"":1053},{""x"":1443,""y"":302,""t"":1068},{""x"":1482,""y"":288,""t"":1130},{""x"":1525,""y"":264,""t"":1157},{""x"":1528,""y"":276,""t"":1219},{""x"":1527,""y"":289,""t"":1233},{""x"":1517,""y"":286,""t"":1299},{""x"":1490,""y"":284,""t"":1327},{""x"":1496,""y"":281,""t"":1389},{""x"":1500,""y"":280,""t"":1405},{""x"":1448,""y"":275,""t"":1467},{""x"":1472,""y"":297,""t"":1519},{""x"":1475,""y"":318,""t"":1536},{""x"":1497,""y"":316,""t"":1601},{""x"":1477,""y"":316,""t"":1649},{""x"":1477,""y"":314,""t"":1666},{""x"":1497,""y"":315,""t"":1726},{""x"":1514,""y"":304,""t"":1741},{""x"":1484,""y"":279,""t"":1802},{""x"":1521,""y"":283,""t"":1819},{""x"":1458,""y"":284,""t"":1857},{""x"":1430,""y"":297,""t"":1896},{""x"":1431,""y"":293,""t"":1937},{""x"":1371,""y"":289,""t"":1974},{""x"":1069,""y"":234,""t"":2036},{""x"":813,""y"":187,""t"":2052},{""x"":676,""y"":160,""t"":2116},{""x"":485,""y"":155,""t"":2163},{""x"":271,""y"":146,""t"":2180},{""x"":198,""y"":145,""t"":2244},{""x"":100,""y"":143,""t"":2259},{""x"":60,""y"":191,""t"":2301},{""x"":20,""y"":221,""t"":2339},{""x"":10,""y"":257,""t"":2378},{""x"":-15,""y"":281,""t"":2418},{""x"":-44,""y"":307,""t"":2479},{""x"":-23,""y"":335,""t"":2495},{""x"":53,""y"":370,""t"":2537},{""x"":30,""y"":341,""t"":2576},{""x"":107,""y"":306,""t"":2618},{""x"":144,""y"":259,""t"":2680},{""x"":177,""y"":218,""t"":2695},{""x"":241,""y"":191,""t"":2756},{""x"":244,""y"":148,""t"":2804},{""x"":288,""y"":112,""t"":2822},{""x"":363,""y"":93,""t"":2881},{""x"":373,""y"":90,""t"":2897},{""x"":396,""y"":108,""t"":2961},{""x"":683,""y"":139,""t"":3014},{""x"":956,""y"":174,""t"":3029},{""x"":1080,""y"":207,""t"":3088},{""x"":1222,""y"":232,""t"":3103},{""x"":1343,""y"":235,""t"":3168},{""x"":1417,""y"":254,""t"":3216},{""x"":1467,""y"":269,""t"":3232},{""x"":1524,""y"":292,""t"":3295},{""x"":1561,""y"":310,""t"":3309},{""x"":1532,""y"":315,""t"":3370},{""x"":1484,""y"":364,""t"":3420},{""x"":1422,""y"":405,""t"":3436},{""x"":1394,""y"":423,""t"":3497},{""x"":1336,""y"":433,""t"":3510},{""x"":1243,""y"":438,""t"":3576},{""x"":1206,""y"":440,""t"":3624},{""x"":1208,""y"":445,""t"":3640},{""x"":1221,""y"":423,""t"":3704},{""x"":1206,""y"":405,""t"":3720},{""x"":1201,""y"":402,""t"":3782},{""x"":1182,""y"":397,""t"":3830},{""x"":1172,""y"":383,""t"":3845},{""x"":1172,""y"":347,""t"":3907},{""x"":1173,""y"":316,""t"":3923},{""x"":1166,""y"":321,""t"":3985},{""x"":1188,""y"":321,""t"":4032},{""x"":1206,""y"":310,""t"":4049},{""x"":1249,""y"":335,""t"":4113},{""x"":1254,""y"":323,""t"":4132},{""x"":1247,""y"":324,""t"":4174},{""x"":1292,""y"":323,""t"":4213},{""x"":1314,""y"":336,""t"":4254},{""x"":1317,""y"":309,""t"":4316},{""x"":1301,""y"":288,""t"":4331},{""x"":1218,""y"":279,""t"":4393},{""x"":969,""y"":294,""t"":4422},{""x"":790,""y"":301,""t"":4476},{""x"":662,""y"":271,""t"":4512},{""x"":567,""y"":267,""t"":4550},{""x"":503,""y"":257,""t"":4590},{""x"":480,""y"":255,""t"":4651},{""x"":470,""y"":255,""t"":4665},{""x"":479,""y"":246,""t"":4728},{""x"":571,""y"":249,""t"":4779},{""x"":658,""y"":254,""t"":4795},{""x"":724,""y"":248,""t"":4856},{""x"":847,""y"":272,""t"":4872},{""x"":928,""y"":289,""t"":4935},{""x"":967,""y"":292,""t"":4984},{""x"":992,""y"":308,""t"":5000},{""x"":973,""y"":309,""t"":5061},{""x"":916,""y"":342,""t"":5077},{""x"":963,""y"":349,""t"":5140},{""x"":933,""y"":366,""t"":5188},{""x"":965,""y"":385,""t"":5205},{""x"":881,""y"":379,""t"":5268},{""x"":933,""y"":397,""t"":5284},{""x"":950,""y"":387,""t"":5325},{""x"":990,""y"":386,""t"":5367},{""x"":1009,""y"":384,""t"":5407},{""x"":1056,""y"":365,""t"":5469},{""x"":1076,""y"":354,""t"":5484},{""x"":1032,""y"":351,""t"":5549},{""x"":995,""y"":356,""t"":5595},{""x"":970,""y"":350,""t"":5612},{""x"":937,""y"":346,""t"":5678},{""x"":905,""y"":347,""t"":5692},{""x"":834,""y"":377,""t"":5732},{""x"":923,""y"":519,""t"":5772},{""x"":1036,""y"":598,""t"":5811}]",0,0.9770210443131496,0.022978955686850287,pt_b-last_b-longer,0
62-alternatives,1,115,exp_72,0.0,270.8999999985099,0.8,0.2,4.0,6.799999999999999,higher_p,higher_m,0,1,alternatives,0.0,False,3.2,1.36,1.8400000000000003,2.151159690652763,0.6,0.4,0.5,0.5,0.0,1.0,higher_p,higher_m,True,"{""durations"":[1500,1000,1500,1000],""alternatives"":[0,1,0,1],""attributes"":[""all"",""all"",""all"",""all""]}","[{""x"":502,""y"":438,""t"":-16},{""x"":506,""y"":438,""t"":0},{""x"":534,""y"":405,""t"":75},{""x"":540,""y"":384,""t"":103},{""x"":520,""y"":373,""t"":203},{""x"":470,""y"":372,""t"":220},{""x"":427,""y"":386,""t"":262},{""x"":423,""y"":400,""t"":302},{""x"":375,""y"":404,""t"":340},{""x"":336,""y"":407,""t"":380},{""x"":283,""y"":381,""t"":442},{""x"":287,""y"":401,""t"":492},{""x"":287,""y"":406,""t"":511},{""x"":243,""y"":397,""t"":575},{""x"":172,""y"":407,""t"":590},{""x"":175,""y"":399,""t"":652},{""x"":194,""y"":347,""t"":704},{""x"":212,""y"":301,""t"":721},{""x"":201,""y"":268,""t"":783},{""x"":176,""y"":228,""t"":832},{""x"":195,""y"":208,""t"":851},{""x"":194,""y"":184,""t"":914},{""x"":210,""y"":155,""t"":931},{""x"":189,""y"":146,""t"":994},{""x"":231,""y"":126,""t"":1045},{""x"":307,""y"":106,""t"":1061},{""x"":377,""y"":112,""t"":1122},{""x"":387,""y"":111,""t"":1137},{""x"":365,""y"":97,""t"":1179},{""x"":332,""y"":94,""t"":1219},{""x"":307,""y"":105,""t"":1258},{""x"":374,""y"":121,""t"":1320},{""x"":362,""y"":126,""t"":1336},{""x"":417,""y"":134,""t"":1398},{""x"":436,""y"":116,""t"":1428},{""x"":416,""y"":117,""t"":1492},{""x"":458,""y"":127,""t"":1506},{""x"":431,""y"":123,""t"":1551},{""x"":396,""y"":155,""t"":1590},{""x"":383,""y"":153,""t"":1630},{""x"":357,""y"":159,""t"":1670},{""x"":368,""y"":162,""t"":1730},{""x"":416,""y"":149,""t"":1746},{""x"":513,""y"":176,""t"":1809},{""x"":722,""y"":245,""t"":1859},{""x"":855,""y"":294,""t"":1874},{""x"":982,""y"":335,""t"":1937},{""x"":1093,""y"":376,""t"":1955},{""x"":1228,""y"":406,""t"":1993},{""x"":1311,""y"":423,""t"":2035},{""x"":1371,""y"":432,""t"":2075},{""x"":1511,""y"":399,""t"":2136},{""x"":1621,""y"":369,""t"":2152},{""x"":1616,""y"":380,""t"":2214},{""x"":1613,""y"":368,""t"":2266},{""x"":1613,""y"":367,""t"":2282},{""x"":1615,""y"":346,""t"":2345},{""x"":1605,""y"":345,""t"":2361},{""x"":1559,""y"":334,""t"":2400},{""x"":1583,""y"":314,""t"":2440},{""x"":1544,""y"":299,""t"":2479},{""x"":1481,""y"":284,""t"":2518},{""x"":1493,""y"":270,""t"":2586},{""x"":1508,""y"":250,""t"":2650},{""x"":1398,""y"":291,""t"":2666},{""x"":1263,""y"":420,""t"":2707},{""x"":1250,""y"":558,""t"":2746},{""x"":999,""y"":626,""t"":2785},{""x"":831,""y"":690,""t"":2825},{""x"":653,""y"":649,""t"":2888},{""x"":521,""y"":616,""t"":2903},{""x"":392,""y"":557,""t"":2966},{""x"":282,""y"":488,""t"":3013},{""x"":159,""y"":443,""t"":3029},{""x"":77,""y"":390,""t"":3095},{""x"":55,""y"":345,""t"":3148},{""x"":84,""y"":327,""t"":3164},{""x"":108,""y"":286,""t"":3228},{""x"":137,""y"":255,""t"":3242},{""x"":147,""y"":325,""t"":3306},{""x"":139,""y"":370,""t"":3332},{""x"":132,""y"":399,""t"":3395},{""x"":130,""y"":433,""t"":3410},{""x"":158,""y"":468,""t"":3474},{""x"":177,""y"":514,""t"":3524},{""x"":196,""y"":567,""t"":3538},{""x"":198,""y"":577,""t"":3602},{""x"":249,""y"":591,""t"":3619},{""x"":287,""y"":572,""t"":3660},{""x"":269,""y"":553,""t"":3698},{""x"":252,""y"":535,""t"":3741},{""x"":259,""y"":513,""t"":3803},{""x"":265,""y"":494,""t"":3816},{""x"":302,""y"":513,""t"":3881},{""x"":332,""y"":512,""t"":3929},{""x"":356,""y"":526,""t"":3945},{""x"":320,""y"":432,""t"":4006},{""x"":299,""y"":355,""t"":4024},{""x"":326,""y"":273,""t"":4088},{""x"":352,""y"":229,""t"":4135},{""x"":374,""y"":196,""t"":4153},{""x"":399,""y"":182,""t"":4213},{""x"":406,""y"":159,""t"":4229},{""x"":418,""y"":142,""t"":4291},{""x"":407,""y"":135,""t"":4338},{""x"":397,""y"":133,""t"":4356},{""x"":358,""y"":127,""t"":4418},{""x"":380,""y"":135,""t"":4433},{""x"":380,""y"":136,""t"":4474},{""x"":350,""y"":122,""t"":4513},{""x"":351,""y"":136,""t"":4551},{""x"":347,""y"":153,""t"":4590},{""x"":336,""y"":164,""t"":4650},{""x"":348,""y"":178,""t"":4667},{""x"":337,""y"":172,""t"":4729},{""x"":363,""y"":181,""t"":4780},{""x"":377,""y"":190,""t"":4797},{""x"":355,""y"":189,""t"":4859},{""x"":336,""y"":188,""t"":4873},{""x"":312,""y"":191,""t"":4937},{""x"":365,""y"":182,""t"":5000},{""x"":346,""y"":163,""t"":5048},{""x"":330,""y"":165,""t"":5068},{""x"":336,""y"":156,""t"":5132},{""x"":352,""y"":149,""t"":5148},{""x"":338,""y"":159,""t"":5219},{""x"":326,""y"":168,""t"":5237},{""x"":368,""y"":175,""t"":5311},{""x"":339,""y"":168,""t"":5362},{""x"":312,""y"":166,""t"":5376},{""x"":264,""y"":189,""t"":5443},{""x"":257,""y"":188,""t"":5495},{""x"":248,""y"":184,""t"":5511},{""x"":275,""y"":184,""t"":5573},{""x"":299,""y"":183,""t"":5589},{""x"":317,""y"":194,""t"":5652},{""x"":340,""y"":222,""t"":5697},{""x"":358,""y"":231,""t"":5714},{""x"":385,""y"":230,""t"":5775},{""x"":409,""y"":235,""t"":5792},{""x"":342,""y"":207,""t"":5854},{""x"":284,""y"":182,""t"":5884}]",0,0.9997406182748878,0.00025938172511220416,pt_b-last_b-longer,0
62-alternatives,1,116,exp_38,0.0,98.59999999403954,0.79,0.7,2.0,3.2,higher_p,higher_m,0,1,alternatives,0.0,False,1.58,2.24,-0.6599999999999997,-0.4219978340514986,0.4,0.6,0.5,0.5,1.0,1.0,higher_m,higher_m,True,"{""durations"":[1000,1500,1000,1500],""alternatives"":[0,1,0,1],""attributes"":[""all"",""all"",""all"",""all""]}","[{""x"":640,""y"":373,""t"":-39},{""x"":658,""y"":373,""t"":0},{""x"":689,""y"":392,""t"":74},{""x"":684,""y"":398,""t"":105},{""x"":689,""y"":394,""t"":205},{""x"":679,""y"":363,""t"":260},{""x"":669,""y"":336,""t"":277},{""x"":687,""y"":354,""t"":339},{""x"":702,""y"":353,""t"":355},{""x"":687,""y"":353,""t"":397},{""x"":742,""y"":355,""t"":437},{""x"":702,""y"":346,""t"":475},{""x"":709,""y"":350,""t"":514},{""x"":662,""y"":326,""t"":576},{""x"":622,""y"":293,""t"":591},{""x"":517,""y"":279,""t"":652},{""x"":467,""y"":251,""t"":702},{""x"":426,""y"":229,""t"":716},{""x"":365,""y"":222,""t"":777},{""x"":307,""y"":216,""t"":793},{""x"":287,""y"":204,""t"":859},{""x"":268,""y"":224,""t"":906},{""x"":259,""y"":230,""t"":920},{""x"":221,""y"":210,""t"":984},{""x"":200,""y"":191,""t"":1000},{""x"":167,""y"":183,""t"":1043},{""x"":173,""y"":186,""t"":1081},{""x"":237,""y"":193,""t"":1122},{""x"":295,""y"":199,""t"":1162},{""x"":265,""y"":175,""t"":1222},{""x"":262,""y"":180,""t"":1239},{""x"":250,""y"":192,""t"":1279},{""x"":280,""y"":189,""t"":1318},{""x"":516,""y"":249,""t"":1359},{""x"":707,""y"":296,""t"":1402},{""x"":883,""y"":336,""t"":1463},{""x"":1013,""y"":360,""t"":1530},{""x"":1133,""y"":379,""t"":1580},{""x"":1199,""y"":380,""t"":1599},{""x"":1273,""y"":386,""t"":1661},{""x"":1321,""y"":387,""t"":1676},{""x"":1400,""y"":398,""t"":1739},{""x"":1445,""y"":395,""t"":1786},{""x"":1473,""y"":390,""t"":1803},{""x"":1437,""y"":366,""t"":1866},{""x"":1399,""y"":344,""t"":1881},{""x"":1370,""y"":341,""t"":1944},{""x"":1438,""y"":350,""t"":1974},{""x"":1476,""y"":352,""t"":2036},{""x"":1474,""y"":341,""t"":2052},{""x"":1460,""y"":341,""t"":2115},{""x"":1455,""y"":336,""t"":2144},{""x"":1384,""y"":340,""t"":2205},{""x"":1348,""y"":349,""t"":2220},{""x"":1256,""y"":372,""t"":2284},{""x"":1128,""y"":386,""t"":2335},{""x"":1018,""y"":402,""t"":2349},{""x"":870,""y"":428,""t"":2412},{""x"":702,""y"":441,""t"":2428},{""x"":513,""y"":424,""t"":2487},{""x"":362,""y"":403,""t"":2538},{""x"":244,""y"":384,""t"":2554},{""x"":149,""y"":386,""t"":2615},{""x"":80,""y"":389,""t"":2631},{""x"":18,""y"":385,""t"":2695},{""x"":36,""y"":368,""t"":2742},{""x"":22,""y"":343,""t"":2758},{""x"":36,""y"":342,""t"":2818},{""x"":56,""y"":342,""t"":2835},{""x"":58,""y"":336,""t"":2897},{""x"":82,""y"":301,""t"":2947},{""x"":89,""y"":267,""t"":2963},{""x"":124,""y"":224,""t"":3026},{""x"":145,""y"":185,""t"":3042},{""x"":228,""y"":152,""t"":3084},{""x"":274,""y"":128,""t"":3123},{""x"":295,""y"":128,""t"":3162},{""x"":309,""y"":133,""t"":3222},{""x"":321,""y"":130,""t"":3237},{""x"":324,""y"":139,""t"":3302},{""x"":276,""y"":134,""t"":3351},{""x"":282,""y"":149,""t"":3367},{""x"":252,""y"":141,""t"":3428},{""x"":255,""y"":128,""t"":3443},{""x"":212,""y"":130,""t"":3506},{""x"":248,""y"":132,""t"":3555},{""x"":280,""y"":133,""t"":3572},{""x"":580,""y"":201,""t"":3637},{""x"":807,""y"":212,""t"":3652},{""x"":1037,""y"":237,""t"":3693},{""x"":1216,""y"":258,""t"":3731},{""x"":1350,""y"":306,""t"":3769},{""x"":1502,""y"":337,""t"":3810},{""x"":1592,""y"":357,""t"":3871},{""x"":1655,""y"":372,""t"":3887},{""x"":1669,""y"":360,""t"":3951},{""x"":1611,""y"":363,""t"":4000},{""x"":1552,""y"":364,""t"":4014},{""x"":1531,""y"":381,""t"":4077},{""x"":1520,""y"":409,""t"":4093},{""x"":1486,""y"":427,""t"":4155},{""x"":1409,""y"":442,""t"":4184},{""x"":1262,""y"":449,""t"":4248},{""x"":1161,""y"":455,""t"":4262},{""x"":1146,""y"":458,""t"":4324},{""x"":1119,""y"":467,""t"":4372},{""x"":1074,""y"":466,""t"":4387},{""x"":1139,""y"":432,""t"":4448},{""x"":1184,""y"":387,""t"":4465},{""x"":1180,""y"":368,""t"":4525},{""x"":1184,""y"":343,""t"":4594},{""x"":1230,""y"":337,""t"":4642},{""x"":1270,""y"":333,""t"":4658},{""x"":1251,""y"":335,""t"":4721},{""x"":1196,""y"":307,""t"":4736},{""x"":1027,""y"":287,""t"":4801},{""x"":915,""y"":274,""t"":4829},{""x"":797,""y"":235,""t"":4889},{""x"":726,""y"":218,""t"":4904},{""x"":599,""y"":230,""t"":4966},{""x"":487,""y"":216,""t"":5013},{""x"":403,""y"":214,""t"":5033},{""x"":352,""y"":214,""t"":5097},{""x"":343,""y"":234,""t"":5112},{""x"":295,""y"":221,""t"":5155},{""x"":303,""y"":236,""t"":5194},{""x"":255,""y"":220,""t"":5235},{""x"":270,""y"":228,""t"":5276},{""x"":257,""y"":243,""t"":5338},{""x"":289,""y"":261,""t"":5361},{""x"":330,""y"":287,""t"":5401},{""x"":326,""y"":311,""t"":5438},{""x"":312,""y"":317,""t"":5477},{""x"":257,""y"":316,""t"":5539},{""x"":192,""y"":302,""t"":5554},{""x"":196,""y"":327,""t"":5617},{""x"":174,""y"":336,""t"":5646}]",1,0.4365275056502855,0.5634724943497146,pt_b-last_b-longer,0
62-alternatives,1,122,exp_54,0.0,198.0,0.49,0.32,6.9,8.2,higher_p,higher_m,0,1,alternatives,0.0,False,3.381,2.624,0.7570000000000006,1.036467850950877,0.4,0.6,0.5,0.5,1.0,1.0,higher_m,higher_m,True,"{""durations"":[1000,1500,1000,1500],""alternatives"":[0,1,0,1],""attributes"":[""all"",""all"",""all"",""all""]}","[{""x"":535,""y"":544,""t"":-16},{""x"":540,""y"":531,""t"":0},{""x"":554,""y"":485,""t"":83},{""x"":546,""y"":443,""t"":127},{""x"":547,""y"":424,""t"":175},{""x"":572,""y"":406,""t"":240},{""x"":670,""y"":425,""t"":289},{""x"":754,""y"":443,""t"":308},{""x"":838,""y"":454,""t"":372},{""x"":941,""y"":458,""t"":388},{""x"":968,""y"":464,""t"":430},{""x"":1052,""y"":469,""t"":470},{""x"":1056,""y"":457,""t"":509},{""x"":1055,""y"":448,""t"":548},{""x"":1083,""y"":399,""t"":609},{""x"":1120,""y"":352,""t"":626},{""x"":1161,""y"":331,""t"":687},{""x"":1195,""y"":316,""t"":715},{""x"":1183,""y"":298,""t"":778},{""x"":1210,""y"":304,""t"":792},{""x"":1175,""y"":310,""t"":857},{""x"":1191,""y"":325,""t"":905},{""x"":1207,""y"":337,""t"":919},{""x"":1201,""y"":333,""t"":983},{""x"":1150,""y"":313,""t"":997},{""x"":1127,""y"":314,""t"":1042},{""x"":1155,""y"":331,""t"":1081},{""x"":1167,""y"":318,""t"":1122},{""x"":1130,""y"":321,""t"":1161},{""x"":1207,""y"":286,""t"":1223},{""x"":1198,""y"":277,""t"":1237},{""x"":1189,""y"":270,""t"":1281},{""x"":944,""y"":268,""t"":1318},{""x"":706,""y"":262,""t"":1357},{""x"":517,""y"":266,""t"":1398},{""x"":356,""y"":243,""t"":1448},{""x"":285,""y"":263,""t"":1487},{""x"":191,""y"":275,""t"":1527},{""x"":103,""y"":280,""t"":1566},{""x"":67,""y"":286,""t"":1627},{""x"":47,""y"":285,""t"":1643},{""x"":28,""y"":285,""t"":1706},{""x"":21,""y"":275,""t"":1754},{""x"":22,""y"":266,""t"":1768},{""x"":103,""y"":213,""t"":1833},{""x"":214,""y"":172,""t"":1850},{""x"":220,""y"":147,""t"":1912},{""x"":175,""y"":137,""t"":1961},{""x"":173,""y"":101,""t"":1978},{""x"":217,""y"":86,""t"":2039},{""x"":282,""y"":91,""t"":2055},{""x"":320,""y"":65,""t"":2096},{""x"":298,""y"":51,""t"":2134},{""x"":334,""y"":56,""t"":2174},{""x"":365,""y"":60,""t"":2212},{""x"":366,""y"":73,""t"":2273},{""x"":365,""y"":83,""t"":2289},{""x"":362,""y"":72,""t"":2355},{""x"":401,""y"":76,""t"":2380},{""x"":433,""y"":98,""t"":2440},{""x"":424,""y"":95,""t"":2457},{""x"":446,""y"":117,""t"":2519},{""x"":440,""y"":129,""t"":2569},{""x"":430,""y"":114,""t"":2585},{""x"":418,""y"":95,""t"":2646},{""x"":442,""y"":87,""t"":2662},{""x"":437,""y"":83,""t"":2726},{""x"":693,""y"":109,""t"":2771},{""x"":826,""y"":128,""t"":2790},{""x"":1011,""y"":163,""t"":2854},{""x"":1154,""y"":193,""t"":2869},{""x"":1292,""y"":211,""t"":2911},{""x"":1365,""y"":229,""t"":2950},{""x"":1408,""y"":265,""t"":2989},{""x"":1453,""y"":305,""t"":3029},{""x"":1415,""y"":343,""t"":3092},{""x"":1362,""y"":377,""t"":3108},{""x"":1318,""y"":407,""t"":3149},{""x"":1281,""y"":440,""t"":3186},{""x"":1249,""y"":464,""t"":3227},{""x"":1209,""y"":470,""t"":3266},{""x"":1169,""y"":526,""t"":3326},{""x"":1131,""y"":574,""t"":3342},{""x"":1146,""y"":689,""t"":3405},{""x"":1225,""y"":751,""t"":3456},{""x"":1282,""y"":796,""t"":3471},{""x"":1251,""y"":868,""t"":3532},{""x"":1165,""y"":890,""t"":3549},{""x"":1103,""y"":869,""t"":3591},{""x"":974,""y"":815,""t"":3630},{""x"":950,""y"":812,""t"":3670},{""x"":930,""y"":810,""t"":3709},{""x"":913,""y"":732,""t"":3772},{""x"":878,""y"":678,""t"":3788},{""x"":840,""y"":620,""t"":3851},{""x"":812,""y"":572,""t"":3877},{""x"":734,""y"":535,""t"":3940},{""x"":644,""y"":508,""t"":3958},{""x"":582,""y"":461,""t"":4020},{""x"":521,""y"":427,""t"":4046},{""x"":447,""y"":402,""t"":4108},{""x"":389,""y"":384,""t"":4126},{""x"":345,""y"":354,""t"":4187},{""x"":341,""y"":361,""t"":4235},{""x"":353,""y"":362,""t"":4252},{""x"":372,""y"":356,""t"":4313},{""x"":406,""y"":364,""t"":4327},{""x"":469,""y"":358,""t"":4390},{""x"":579,""y"":330,""t"":4440},{""x"":673,""y"":308,""t"":4455},{""x"":729,""y"":306,""t"":4516},{""x"":754,""y"":315,""t"":4532},{""x"":783,""y"":321,""t"":4593},{""x"":820,""y"":303,""t"":4643},{""x"":816,""y"":307,""t"":4659},{""x"":852,""y"":287,""t"":4721},{""x"":880,""y"":272,""t"":4737},{""x"":856,""y"":270,""t"":4800},{""x"":894,""y"":287,""t"":4850},{""x"":949,""y"":308,""t"":4866},{""x"":925,""y"":323,""t"":4927},{""x"":888,""y"":335,""t"":4942},{""x"":817,""y"":340,""t"":5003},{""x"":801,""y"":340,""t"":5056},{""x"":758,""y"":338,""t"":5072},{""x"":745,""y"":351,""t"":5134},{""x"":713,""y"":355,""t"":5150},{""x"":758,""y"":347,""t"":5191},{""x"":737,""y"":367,""t"":5229},{""x"":714,""y"":374,""t"":5269},{""x"":696,""y"":374,""t"":5313},{""x"":739,""y"":360,""t"":5373},{""x"":699,""y"":371,""t"":5421},{""x"":668,""y"":381,""t"":5440},{""x"":735,""y"":384,""t"":5500},{""x"":794,""y"":382,""t"":5516},{""x"":770,""y"":384,""t"":5576},{""x"":771,""y"":382,""t"":5593},{""x"":752,""y"":375,""t"":5631},{""x"":811,""y"":382,""t"":5670},{""x"":824,""y"":384,""t"":5714}]",0,0.9074966287438805,0.09250337125611956,pt_b-last_b-longer,0
62-alternatives,1,123,catch_18,1.0,97.10000000149012,0.19,0.37,3.1,3.8,dominated,dominant,1,1,alternatives,0.0,False,0.5890000000000001,1.406,-0.8169999999999998,-0.5835921266029264,0.5,0.5,0.5,0.5,,1.0,,dominant,True,"{""durations"":[1250,1250,1250,1250],""attributes"":[""all"",""all"",""all"",""all""],""alternatives"":[0,1,0,1]}","[{""x"":814,""y"":384,""t"":-16},{""x"":776,""y"":382,""t"":0},{""x"":761,""y"":375,""t"":82},{""x"":694,""y"":352,""t"":121},{""x"":676,""y"":349,""t"":162},{""x"":694,""y"":344,""t"":205},{""x"":723,""y"":341,""t"":268},{""x"":774,""y"":346,""t"":283},{""x"":827,""y"":383,""t"":347},{""x"":882,""y"":417,""t"":395},{""x"":928,""y"":446,""t"":412},{""x"":970,""y"":466,""t"":474},{""x"":1075,""y"":447,""t"":490},{""x"":1149,""y"":430,""t"":531},{""x"":1167,""y"":415,""t"":569},{""x"":1175,""y"":382,""t"":610},{""x"":1162,""y"":367,""t"":648},{""x"":1263,""y"":383,""t"":712},{""x"":1318,""y"":368,""t"":727},{""x"":1329,""y"":372,""t"":789},{""x"":1290,""y"":370,""t"":816},{""x"":1285,""y"":352,""t"":878},{""x"":1262,""y"":351,""t"":894},{""x"":1259,""y"":332,""t"":956},{""x"":1209,""y"":323,""t"":1026},{""x"":1181,""y"":313,""t"":1054},{""x"":1209,""y"":311,""t"":1118},{""x"":1208,""y"":300,""t"":1136},{""x"":1179,""y"":312,""t"":1196},{""x"":1146,""y"":305,""t"":1246},{""x"":1168,""y"":296,""t"":1264},{""x"":996,""y"":290,""t"":1328},{""x"":863,""y"":277,""t"":1376},{""x"":753,""y"":267,""t"":1396},{""x"":629,""y"":275,""t"":1457},{""x"":537,""y"":267,""t"":1472},{""x"":472,""y"":279,""t"":1536},{""x"":362,""y"":296,""t"":1583},{""x"":258,""y"":334,""t"":1598},{""x"":197,""y"":373,""t"":1663},{""x"":139,""y"":408,""t"":1678},{""x"":139,""y"":452,""t"":1742},{""x"":109,""y"":454,""t"":1791},{""x"":90,""y"":453,""t"":1806},{""x"":101,""y"":422,""t"":1871},{""x"":109,""y"":353,""t"":1921},{""x"":122,""y"":293,""t"":1939},{""x"":144,""y"":253,""t"":2000},{""x"":116,""y"":233,""t"":2014},{""x"":108,""y"":215,""t"":2078},{""x"":133,""y"":206,""t"":2128},{""x"":156,""y"":199,""t"":2143},{""x"":177,""y"":189,""t"":2205},{""x"":196,""y"":183,""t"":2221},{""x"":223,""y"":168,""t"":2283},{""x"":249,""y"":165,""t"":2335},{""x"":270,""y"":163,""t"":2352},{""x"":272,""y"":143,""t"":2414},{""x"":270,""y"":150,""t"":2463},{""x"":267,""y"":157,""t"":2483},{""x"":395,""y"":175,""t"":2545},{""x"":490,""y"":181,""t"":2564},{""x"":573,""y"":214,""t"":2606},{""x"":648,""y"":205,""t"":2643},{""x"":727,""y"":211,""t"":2685},{""x"":813,""y"":215,""t"":2723},{""x"":974,""y"":248,""t"":2785},{""x"":1061,""y"":281,""t"":2804},{""x"":1140,""y"":304,""t"":2842},{""x"":1226,""y"":328,""t"":2884},{""x"":1294,""y"":350,""t"":2925},{""x"":1317,""y"":374,""t"":2986},{""x"":1326,""y"":394,""t"":3001},{""x"":1276,""y"":429,""t"":3065},{""x"":1295,""y"":454,""t"":3113},{""x"":1306,""y"":474,""t"":3128},{""x"":1316,""y"":471,""t"":3189},{""x"":1332,""y"":477,""t"":3207},{""x"":1292,""y"":452,""t"":3269},{""x"":1312,""y"":431,""t"":3319},{""x"":1290,""y"":416,""t"":3334},{""x"":1252,""y"":391,""t"":3398},{""x"":1236,""y"":375,""t"":3411},{""x"":1205,""y"":363,""t"":3475},{""x"":1204,""y"":370,""t"":3535},{""x"":1112,""y"":381,""t"":3549},{""x"":1114,""y"":391,""t"":3590},{""x"":1075,""y"":399,""t"":3632},{""x"":1062,""y"":422,""t"":3671},{""x"":1043,""y"":451,""t"":3710},{""x"":1054,""y"":449,""t"":3772},{""x"":1064,""y"":449,""t"":3788},{""x"":833,""y"":427,""t"":3850},{""x"":659,""y"":398,""t"":3877},{""x"":516,""y"":388,""t"":3940},{""x"":389,""y"":387,""t"":3954},{""x"":275,""y"":367,""t"":4019},{""x"":194,""y"":359,""t"":4067},{""x"":135,""y"":353,""t"":4081},{""x"":96,""y"":352,""t"":4143},{""x"":83,""y"":356,""t"":4160},{""x"":41,""y"":363,""t"":4223},{""x"":30,""y"":344,""t"":4269},{""x"":28,""y"":328,""t"":4285},{""x"":160,""y"":388,""t"":4346},{""x"":251,""y"":447,""t"":4360},{""x"":406,""y"":549,""t"":4423},{""x"":446,""y"":637,""t"":4486},{""x"":504,""y"":657,""t"":4501},{""x"":536,""y"":674,""t"":4541},{""x"":520,""y"":690,""t"":4581},{""x"":488,""y"":665,""t"":4622},{""x"":458,""y"":642,""t"":4661},{""x"":393,""y"":608,""t"":4723},{""x"":394,""y"":574,""t"":4739},{""x"":394,""y"":524,""t"":4800},{""x"":384,""y"":480,""t"":4850},{""x"":375,""y"":443,""t"":4866},{""x"":303,""y"":407,""t"":4927},{""x"":296,""y"":378,""t"":4945},{""x"":296,""y"":348,""t"":4986},{""x"":325,""y"":334,""t"":5026},{""x"":359,""y"":311,""t"":5064},{""x"":350,""y"":300,""t"":5103},{""x"":322,""y"":289,""t"":5167},{""x"":322,""y"":270,""t"":5184},{""x"":344,""y"":259,""t"":5223},{""x"":348,""y"":252,""t"":5264},{""x"":329,""y"":231,""t"":5303},{""x"":321,""y"":226,""t"":5342},{""x"":317,""y"":235,""t"":5403},{""x"":314,""y"":245,""t"":5419},{""x"":289,""y"":258,""t"":5482},{""x"":279,""y"":248,""t"":5531},{""x"":254,""y"":250,""t"":5547},{""x"":274,""y"":275,""t"":5609},{""x"":264,""y"":263,""t"":5624},{""x"":303,""y"":239,""t"":5665},{""x"":363,""y"":198,""t"":5704}]",1,0.04221072993849154,0.9577892700615084,pt_b-last_b-longer,0
62-alternatives,1,125,exp_112,1.0,334.8999999985099,0.49,0.22,4.2,7.9,higher_p,higher_m,0,1,alternatives,0.0,False,2.058,1.738,0.3199999999999998,0.5866799156325713,0.6,0.4,0.5,0.5,0.0,1.0,higher_p,higher_m,False,"{""durations"":[1500,1000,1500,1000],""alternatives"":[0,1,0,1],""attributes"":[""all"",""all"",""all"",""all""]}","[{""x"":420,""y"":322,""t"":-43},{""x"":434,""y"":324,""t"":0},{""x"":436,""y"":331,""t"":79},{""x"":417,""y"":336,""t"":124},{""x"":380,""y"":334,""t"":164},{""x"":321,""y"":327,""t"":206},{""x"":309,""y"":319,""t"":270},{""x"":292,""y"":310,""t"":285},{""x"":539,""y"":338,""t"":348},{""x"":720,""y"":356,""t"":374},{""x"":893,""y"":374,""t"":436},{""x"":993,""y"":396,""t"":451},{""x"":1092,""y"":404,""t"":516},{""x"":1189,""y"":406,""t"":544},{""x"":1185,""y"":423,""t"":606},{""x"":1210,""y"":430,""t"":624},{""x"":1246,""y"":442,""t"":687},{""x"":1281,""y"":434,""t"":715},{""x"":1306,""y"":423,""t"":779},{""x"":1321,""y"":413,""t"":793},{""x"":1238,""y"":376,""t"":856},{""x"":1186,""y"":345,""t"":885},{""x"":1197,""y"":338,""t"":948},{""x"":1196,""y"":332,""t"":962},{""x"":1196,""y"":324,""t"":1025},{""x"":1215,""y"":331,""t"":1074},{""x"":1260,""y"":347,""t"":1089},{""x"":1247,""y"":340,""t"":1151},{""x"":1245,""y"":331,""t"":1167},{""x"":1295,""y"":333,""t"":1229},{""x"":1313,""y"":341,""t"":1279},{""x"":1323,""y"":345,""t"":1297},{""x"":1305,""y"":346,""t"":1360},{""x"":1243,""y"":326,""t"":1374},{""x"":1264,""y"":311,""t"":1417},{""x"":1276,""y"":319,""t"":1456},{""x"":1226,""y"":323,""t"":1496},{""x"":1215,""y"":335,""t"":1537},{""x"":1215,""y"":345,""t"":1599},{""x"":1202,""y"":333,""t"":1649},{""x"":1216,""y"":340,""t"":1668},{""x"":1196,""y"":347,""t"":1730},{""x"":1196,""y"":352,""t"":1745},{""x"":973,""y"":352,""t"":1810},{""x"":801,""y"":351,""t"":1855},{""x"":659,""y"":350,""t"":1870},{""x"":500,""y"":335,""t"":1933},{""x"":392,""y"":324,""t"":1949},{""x"":277,""y"":305,""t"":2014},{""x"":186,""y"":293,""t"":2041},{""x"":125,""y"":276,""t"":2103},{""x"":83,""y"":263,""t"":2118},{""x"":125,""y"":216,""t"":2180},{""x"":168,""y"":200,""t"":2232},{""x"":178,""y"":184,""t"":2248},{""x"":177,""y"":158,""t"":2311},{""x"":154,""y"":157,""t"":2327},{""x"":173,""y"":135,""t"":2369},{""x"":152,""y"":128,""t"":2408},{""x"":131,""y"":136,""t"":2447},{""x"":165,""y"":157,""t"":2486},{""x"":228,""y"":306,""t"":2547},{""x"":447,""y"":464,""t"":2564},{""x"":596,""y"":609,""t"":2607},{""x"":590,""y"":692,""t"":2648},{""x"":618,""y"":755,""t"":2689},{""x"":619,""y"":741,""t"":2751},{""x"":565,""y"":697,""t"":2767},{""x"":536,""y"":631,""t"":2809},{""x"":464,""y"":541,""t"":2849},{""x"":451,""y"":475,""t"":2889},{""x"":425,""y"":419,""t"":2927},{""x"":598,""y"":392,""t"":2989},{""x"":721,""y"":360,""t"":3004},{""x"":881,""y"":336,""t"":3069},{""x"":993,""y"":326,""t"":3117},{""x"":1085,""y"":311,""t"":3132},{""x"":1153,""y"":298,""t"":3199},{""x"":1207,""y"":290,""t"":3246},{""x"":1236,""y"":307,""t"":3264},{""x"":1315,""y"":315,""t"":3327},{""x"":1343,""y"":314,""t"":3343},{""x"":1305,""y"":317,""t"":3404},{""x"":1280,""y"":318,""t"":3434},{""x"":1234,""y"":316,""t"":3495},{""x"":1212,""y"":318,""t"":3512},{""x"":1180,""y"":304,""t"":3578},{""x"":1157,""y"":299,""t"":3605},{""x"":1139,""y"":332,""t"":3668},{""x"":1098,""y"":368,""t"":3683},{""x"":1098,""y"":402,""t"":3726},{""x"":1081,""y"":393,""t"":3763},{""x"":1067,""y"":398,""t"":3802},{""x"":1056,""y"":401,""t"":3842},{""x"":1072,""y"":436,""t"":3904},{""x"":1086,""y"":446,""t"":3920},{""x"":1151,""y"":439,""t"":3984},{""x"":1158,""y"":419,""t"":4038},{""x"":1217,""y"":406,""t"":4055},{""x"":1189,""y"":382,""t"":4114},{""x"":1165,""y"":363,""t"":4132},{""x"":1107,""y"":356,""t"":4174},{""x"":1111,""y"":336,""t"":4213},{""x"":1146,""y"":333,""t"":4251},{""x"":1160,""y"":349,""t"":4312},{""x"":1171,""y"":363,""t"":4325},{""x"":955,""y"":296,""t"":4389},{""x"":754,""y"":235,""t"":4440},{""x"":586,""y"":184,""t"":4454},{""x"":427,""y"":163,""t"":4516},{""x"":299,""y"":142,""t"":4533},{""x"":217,""y"":131,""t"":4595},{""x"":174,""y"":121,""t"":4644},{""x"":159,""y"":121,""t"":4660},{""x"":111,""y"":94,""t"":4722},{""x"":78,""y"":86,""t"":4738},{""x"":46,""y"":71,""t"":4799},{""x"":62,""y"":40,""t"":4850},{""x"":83,""y"":16,""t"":4868},{""x"":106,""y"":7,""t"":4932},{""x"":100,""y"":17,""t"":4985},{""x"":113,""y"":24,""t"":4999},{""x"":147,""y"":55,""t"":5060},{""x"":191,""y"":73,""t"":5078},{""x"":169,""y"":74,""t"":5142},{""x"":219,""y"":82,""t"":5189},{""x"":192,""y"":86,""t"":5205},{""x"":179,""y"":80,""t"":5266},{""x"":166,""y"":77,""t"":5280},{""x"":140,""y"":95,""t"":5341},{""x"":271,""y"":149,""t"":5394},{""x"":290,""y"":198,""t"":5410},{""x"":304,""y"":223,""t"":5474},{""x"":309,""y"":271,""t"":5493},{""x"":371,""y"":319,""t"":5535},{""x"":451,""y"":355,""t"":5572},{""x"":533,""y"":376,""t"":5613},{""x"":573,""y"":387,""t"":5675},{""x"":561,""y"":386,""t"":5689},{""x"":622,""y"":394,""t"":5732},{""x"":564,""y"":391,""t"":5769},{""x"":524,""y"":356,""t"":5808},{""x"":477,""y"":353,""t"":5849},{""x"":470,""y"":338,""t"":5909},{""x"":450,""y"":314,""t"":5923}]",0,0.8662137463084781,0.13378625369152175,pt_b-last_b-longer,0
62-alternatives,1,129,exp_110,0.0,40.10000000149012,0.78,0.4,2.1,3.0,higher_p,higher_m,0,1,alternatives,0.0,False,1.638,1.2000000000000002,0.4379999999999999,0.7081329507986125,0.4,0.6,0.5,0.5,1.0,1.0,higher_m,higher_m,True,"{""durations"":[1000,1500,1000,1500],""alternatives"":[0,1,0,1],""attributes"":[""all"",""all"",""all"",""all""]}","[{""x"":430,""y"":326,""t"":-24},{""x"":442,""y"":304,""t"":0},{""x"":429,""y"":298,""t"":82},{""x"":397,""y"":297,""t"":110},{""x"":357,""y"":317,""t"":183},{""x"":338,""y"":319,""t"":248},{""x"":402,""y"":336,""t"":274},{""x"":539,""y"":366,""t"":335},{""x"":657,""y"":390,""t"":350},{""x"":804,""y"":410,""t"":394},{""x"":968,""y"":410,""t"":433},{""x"":1061,""y"":425,""t"":473},{""x"":1131,""y"":427,""t"":512},{""x"":1176,""y"":442,""t"":575},{""x"":1205,""y"":454,""t"":589},{""x"":1226,""y"":423,""t"":654},{""x"":1212,""y"":374,""t"":703},{""x"":1193,""y"":332,""t"":717},{""x"":1141,""y"":313,""t"":779},{""x"":1135,""y"":312,""t"":796},{""x"":1118,""y"":286,""t"":858},{""x"":1175,""y"":280,""t"":885},{""x"":1224,""y"":288,""t"":949},{""x"":1236,""y"":279,""t"":963},{""x"":1293,""y"":293,""t"":1025},{""x"":1290,""y"":265,""t"":1073},{""x"":1249,""y"":262,""t"":1089},{""x"":1267,""y"":274,""t"":1151},{""x"":1243,""y"":277,""t"":1167},{""x"":1271,""y"":284,""t"":1230},{""x"":1308,""y"":292,""t"":1276},{""x"":1338,""y"":299,""t"":1293},{""x"":1046,""y"":300,""t"":1356},{""x"":799,""y"":291,""t"":1373},{""x"":584,""y"":300,""t"":1434},{""x"":430,""y"":285,""t"":1464},{""x"":281,""y"":274,""t"":1527},{""x"":192,""y"":251,""t"":1542},{""x"":92,""y"":218,""t"":1603},{""x"":35,""y"":187,""t"":1633},{""x"":43,""y"":184,""t"":1694},{""x"":61,""y"":184,""t"":1710},{""x"":50,""y"":170,""t"":1775},{""x"":47,""y"":159,""t"":1803},{""x"":28,""y"":166,""t"":1863},{""x"":17,""y"":173,""t"":1880},{""x"":24,""y"":168,""t"":1943},{""x"":39,""y"":150,""t"":1993},{""x"":56,""y"":135,""t"":2010},{""x"":118,""y"":148,""t"":2074},{""x"":212,""y"":156,""t"":2127},{""x"":292,""y"":164,""t"":2144},{""x"":502,""y"":192,""t"":2207},{""x"":741,""y"":225,""t"":2222},{""x"":914,""y"":251,""t"":2285},{""x"":1085,""y"":272,""t"":2333},{""x"":1220,""y"":289,""t"":2348},{""x"":1265,""y"":303,""t"":2411},{""x"":1351,""y"":324,""t"":2429},{""x"":1479,""y"":335,""t"":2491},{""x"":1509,""y"":342,""t"":2537},{""x"":1493,""y"":334,""t"":2556},{""x"":1456,""y"":324,""t"":2622},{""x"":1375,""y"":316,""t"":2670},{""x"":1300,""y"":310,""t"":2686},{""x"":1298,""y"":313,""t"":2749},{""x"":1314,""y"":306,""t"":2764},{""x"":1259,""y"":308,""t"":2827},{""x"":1212,""y"":314,""t"":2857},{""x"":1216,""y"":328,""t"":2918},{""x"":1206,""y"":321,""t"":2932},{""x"":1117,""y"":423,""t"":2995},{""x"":1110,""y"":557,""t"":3046},{""x"":1071,""y"":658,""t"":3061},{""x"":999,""y"":698,""t"":3123},{""x"":928,""y"":744,""t"":3138},{""x"":826,""y"":759,""t"":3204},{""x"":747,""y"":761,""t"":3231},{""x"":706,""y"":731,""t"":3292},{""x"":657,""y"":701,""t"":3309},{""x"":628,""y"":672,""t"":3371},{""x"":628,""y"":622,""t"":3421},{""x"":609,""y"":606,""t"":3439},{""x"":607,""y"":585,""t"":3502},{""x"":575,""y"":565,""t"":3516},{""x"":563,""y"":526,""t"":3557},{""x"":538,""y"":480,""t"":3596},{""x"":586,""y"":462,""t"":3638},{""x"":611,""y"":437,""t"":3678},{""x"":626,""y"":447,""t"":3737},{""x"":637,""y"":420,""t"":3753},{""x"":605,""y"":407,""t"":3794},{""x"":621,""y"":421,""t"":3834},{""x"":687,""y"":451,""t"":3873},{""x"":688,""y"":466,""t"":3913},{""x"":646,""y"":482,""t"":3973},{""x"":576,""y"":495,""t"":3989},{""x"":545,""y"":502,""t"":4052},{""x"":499,""y"":475,""t"":4120},{""x"":442,""y"":460,""t"":4166},{""x"":378,""y"":449,""t"":4183},{""x"":372,""y"":443,""t"":4245},{""x"":371,""y"":439,""t"":4260},{""x"":375,""y"":391,""t"":4326},{""x"":380,""y"":349,""t"":4353},{""x"":340,""y"":315,""t"":4417},{""x"":310,""y"":282,""t"":4434},{""x"":282,""y"":259,""t"":4474},{""x"":283,""y"":241,""t"":4513},{""x"":369,""y"":219,""t"":4552},{""x"":407,""y"":205,""t"":4590},{""x"":561,""y"":226,""t"":4653},{""x"":711,""y"":238,""t"":4671},{""x"":766,""y"":235,""t"":4734},{""x"":850,""y"":256,""t"":4782},{""x"":925,""y"":271,""t"":4800},{""x"":976,""y"":284,""t"":4864},{""x"":951,""y"":312,""t"":4916},{""x"":954,""y"":317,""t"":4931},{""x"":930,""y"":306,""t"":4992},{""x"":914,""y"":301,""t"":5008},{""x"":896,""y"":324,""t"":5071},{""x"":939,""y"":330,""t"":5122},{""x"":952,""y"":340,""t"":5137},{""x"":897,""y"":346,""t"":5203},{""x"":888,""y"":365,""t"":5252},{""x"":906,""y"":382,""t"":5271},{""x"":910,""y"":383,""t"":5334},{""x"":931,""y"":390,""t"":5350},{""x"":902,""y"":394,""t"":5415},{""x"":967,""y"":400,""t"":5441},{""x"":964,""y"":404,""t"":5502},{""x"":960,""y"":406,""t"":5516},{""x"":941,""y"":406,""t"":5578}]",0,0.9869280737600624,0.013071926239937522,pt_b-last_b-longer,0
62-alternatives,1,133,catch_12,1.0,223.1000000014901,0.23,0.47,5.0,6.0,dominated,dominant,1,1,alternatives,0.0,False,1.15,2.82,-1.6699999999999997,-1.4615534740320202,0.5,0.5,0.5,0.5,,1.0,,dominant,True,"{""durations"":[1250,1250,1250,1250],""attributes"":[""all"",""all"",""all"",""all""],""alternatives"":[0,1,0,1]}","[{""x"":727,""y"":385,""t"":-44},{""x"":681,""y"":386,""t"":0},{""x"":691,""y"":367,""t"":65},{""x"":742,""y"":422,""t"":94},{""x"":748,""y"":425,""t"":167},{""x"":713,""y"":424,""t"":213},{""x"":742,""y"":432,""t"":278},{""x"":746,""y"":444,""t"":328},{""x"":746,""y"":465,""t"":343},{""x"":645,""y"":421,""t"":405},{""x"":558,""y"":379,""t"":421},{""x"":460,""y"":351,""t"":463},{""x"":419,""y"":364,""t"":502},{""x"":336,""y"":397,""t"":542},{""x"":290,""y"":425,""t"":583},{""x"":253,""y"":466,""t"":645},{""x"":239,""y"":490,""t"":661},{""x"":236,""y"":495,""t"":702},{""x"":200,""y"":493,""t"":743},{""x"":203,""y"":490,""t"":784},{""x"":244,""y"":487,""t"":843},{""x"":267,""y"":465,""t"":859},{""x"":267,""y"":451,""t"":923},{""x"":225,""y"":388,""t"":971},{""x"":246,""y"":350,""t"":986},{""x"":205,""y"":329,""t"":1051},{""x"":222,""y"":306,""t"":1067},{""x"":194,""y"":278,""t"":1129},{""x"":201,""y"":258,""t"":1157},{""x"":237,""y"":234,""t"":1219},{""x"":265,""y"":244,""t"":1235},{""x"":273,""y"":257,""t"":1300},{""x"":242,""y"":256,""t"":1349},{""x"":218,""y"":240,""t"":1366},{""x"":203,""y"":258,""t"":1427},{""x"":220,""y"":269,""t"":1444},{""x"":252,""y"":276,""t"":1505},{""x"":220,""y"":273,""t"":1531},{""x"":426,""y"":333,""t"":1593},{""x"":587,""y"":379,""t"":1609},{""x"":754,""y"":396,""t"":1671},{""x"":896,""y"":424,""t"":1723},{""x"":980,""y"":446,""t"":1737},{""x"":1102,""y"":458,""t"":1800},{""x"":1161,""y"":481,""t"":1819},{""x"":1277,""y"":465,""t"":1857},{""x"":1373,""y"":448,""t"":1896},{""x"":1359,""y"":415,""t"":1937},{""x"":1419,""y"":413,""t"":1977},{""x"":1438,""y"":383,""t"":2038},{""x"":1400,""y"":352,""t"":2053},{""x"":1422,""y"":350,""t"":2095},{""x"":1374,""y"":346,""t"":2134},{""x"":1366,""y"":324,""t"":2174},{""x"":1345,""y"":332,""t"":2211},{""x"":1396,""y"":318,""t"":2271},{""x"":1378,""y"":308,""t"":2289},{""x"":1350,""y"":291,""t"":2353},{""x"":1328,""y"":291,""t"":2380},{""x"":1198,""y"":261,""t"":2443},{""x"":1058,""y"":227,""t"":2457},{""x"":770,""y"":196,""t"":2520},{""x"":614,""y"":201,""t"":2573},{""x"":479,""y"":182,""t"":2587},{""x"":327,""y"":175,""t"":2650},{""x"":218,""y"":193,""t"":2665},{""x"":135,""y"":215,""t"":2707},{""x"":122,""y"":212,""t"":2745},{""x"":74,""y"":180,""t"":2783},{""x"":42,""y"":178,""t"":2823},{""x"":50,""y"":183,""t"":2884},{""x"":28,""y"":172,""t"":2900},{""x"":92,""y"":150,""t"":2966},{""x"":73,""y"":151,""t"":3012},{""x"":88,""y"":155,""t"":3026},{""x"":145,""y"":267,""t"":3090},{""x"":294,""y"":420,""t"":3108},{""x"":572,""y"":555,""t"":3149},{""x"":894,""y"":656,""t"":3187},{""x"":1018,""y"":778,""t"":3228},{""x"":1082,""y"":859,""t"":3268},{""x"":1095,""y"":842,""t"":3327},{""x"":1090,""y"":817,""t"":3343},{""x"":1095,""y"":782,""t"":3405},{""x"":1082,""y"":732,""t"":3452},{""x"":1116,""y"":688,""t"":3470},{""x"":1066,""y"":634,""t"":3532},{""x"":1032,""y"":597,""t"":3549},{""x"":1005,""y"":570,""t"":3611},{""x"":1006,""y"":545,""t"":3660},{""x"":1007,""y"":515,""t"":3675},{""x"":1011,""y"":489,""t"":3739},{""x"":1004,""y"":444,""t"":3755},{""x"":997,""y"":387,""t"":3795},{""x"":999,""y"":356,""t"":3835},{""x"":979,""y"":339,""t"":3877},{""x"":964,""y"":335,""t"":3940},{""x"":943,""y"":321,""t"":3956},{""x"":889,""y"":337,""t"":4020},{""x"":891,""y"":322,""t"":4072},{""x"":894,""y"":310,""t"":4085},{""x"":889,""y"":322,""t"":4147},{""x"":896,""y"":329,""t"":4164},{""x"":889,""y"":323,""t"":4204},{""x"":864,""y"":324,""t"":4243},{""x"":835,""y"":323,""t"":4283},{""x"":838,""y"":308,""t"":4323},{""x"":847,""y"":316,""t"":4382},{""x"":856,""y"":324,""t"":4398},{""x"":896,""y"":336,""t"":4461},{""x"":922,""y"":359,""t"":4508},{""x"":923,""y"":374,""t"":4524},{""x"":886,""y"":397,""t"":4585},{""x"":854,""y"":416,""t"":4601},{""x"":899,""y"":414,""t"":4663},{""x"":959,""y"":418,""t"":4714},{""x"":1010,""y"":420,""t"":4729},{""x"":999,""y"":396,""t"":4790},{""x"":989,""y"":375,""t"":4807},{""x"":970,""y"":370,""t"":4871},{""x"":972,""y"":385,""t"":4919},{""x"":974,""y"":397,""t"":4936},{""x"":968,""y"":405,""t"":5001},{""x"":953,""y"":401,""t"":5052},{""x"":978,""y"":403,""t"":5068},{""x"":1005,""y"":386,""t"":5131},{""x"":1029,""y"":384,""t"":5148},{""x"":1007,""y"":371,""t"":5212},{""x"":987,""y"":361,""t"":5237},{""x"":1011,""y"":365,""t"":5300},{""x"":1032,""y"":369,""t"":5313},{""x"":933,""y"":373,""t"":5378},{""x"":785,""y"":373,""t"":5428},{""x"":661,""y"":374,""t"":5443},{""x"":613,""y"":394,""t"":5504},{""x"":577,""y"":410,""t"":5519},{""x"":561,""y"":418,""t"":5583},{""x"":553,""y"":423,""t"":5611},{""x"":594,""y"":421,""t"":5672},{""x"":613,""y"":418,""t"":5687},{""x"":612,""y"":425,""t"":5750},{""x"":596,""y"":445,""t"":5799}]",1,0.012343232099582869,0.9876567679004171,pt_b-last_b-longer,0
62-alternatives,1,136,exp_14,1.0,360.1000000014901,0.7,0.29,1.7999999999999998,5.0,higher_p,higher_m,0,1,alternatives,0.0,False,1.2599999999999998,1.45,-0.1900000000000001,0.0617557805929019,0.4,0.6,0.5,0.5,1.0,1.0,higher_m,higher_m,False,"{""durations"":[1000,1500,1000,1500],""alternatives"":[0,1,0,1],""attributes"":[""all"",""all"",""all"",""all""]}","[{""x"":598,""y"":380,""t"":-40},{""x"":606,""y"":383,""t"":0},{""x"":617,""y"":410,""t"":81},{""x"":632,""y"":437,""t"":109},{""x"":624,""y"":445,""t"":181},{""x"":629,""y"":442,""t"":247},{""x"":644,""y"":446,""t"":273},{""x"":532,""y"":410,""t"":335},{""x"":437,""y"":380,""t"":351},{""x"":352,""y"":339,""t"":414},{""x"":305,""y"":328,""t"":462},{""x"":289,""y"":323,""t"":478},{""x"":229,""y"":310,""t"":542},{""x"":185,""y"":312,""t"":558},{""x"":165,""y"":332,""t"":598},{""x"":121,""y"":375,""t"":639},{""x"":126,""y"":378,""t"":677},{""x"":124,""y"":389,""t"":716},{""x"":155,""y"":402,""t"":778},{""x"":176,""y"":399,""t"":794},{""x"":211,""y"":397,""t"":855},{""x"":246,""y"":388,""t"":884},{""x"":286,""y"":401,""t"":947},{""x"":306,""y"":412,""t"":961},{""x"":284,""y"":362,""t"":1025},{""x"":260,""y"":314,""t"":1074},{""x"":239,""y"":275,""t"":1088},{""x"":161,""y"":250,""t"":1150},{""x"":124,""y"":234,""t"":1167},{""x"":131,""y"":223,""t"":1231},{""x"":138,""y"":216,""t"":1259},{""x"":146,""y"":200,""t"":1328},{""x"":168,""y"":212,""t"":1378},{""x"":187,""y"":223,""t"":1395},{""x"":409,""y"":266,""t"":1456},{""x"":604,""y"":307,""t"":1472},{""x"":775,""y"":330,""t"":1533},{""x"":935,""y"":369,""t"":1585},{""x"":1058,""y"":385,""t"":1600},{""x"":1138,""y"":400,""t"":1662},{""x"":1297,""y"":425,""t"":1678},{""x"":1382,""y"":428,""t"":1720},{""x"":1429,""y"":415,""t"":1759},{""x"":1426,""y"":398,""t"":1797},{""x"":1419,""y"":379,""t"":1836},{""x"":1427,""y"":371,""t"":1898},{""x"":1426,""y"":364,""t"":1913},{""x"":1477,""y"":373,""t"":1977},{""x"":1336,""y"":335,""t"":2025},{""x"":1202,""y"":314,""t"":2040},{""x"":1213,""y"":290,""t"":2102},{""x"":1285,""y"":286,""t"":2120},{""x"":1221,""y"":279,""t"":2184},{""x"":1222,""y"":272,""t"":2211},{""x"":1230,""y"":267,""t"":2272},{""x"":1239,""y"":254,""t"":2289},{""x"":1150,""y"":241,""t"":2351},{""x"":1074,""y"":235,""t"":2399},{""x"":1034,""y"":229,""t"":2416},{""x"":874,""y"":228,""t"":2476},{""x"":740,""y"":228,""t"":2493},{""x"":537,""y"":220,""t"":2555},{""x"":377,""y"":173,""t"":2603},{""x"":274,""y"":153,""t"":2620},{""x"":144,""y"":124,""t"":2681},{""x"":44,""y"":100,""t"":2696},{""x"":-4,""y"":97,""t"":2759},{""x"":-24,""y"":107,""t"":2812},{""x"":-59,""y"":137,""t"":2827},{""x"":-69,""y"":167,""t"":2890},{""x"":-106,""y"":175,""t"":2907},{""x"":-69,""y"":178,""t"":2947},{""x"":-81,""y"":194,""t"":2986},{""x"":-8,""y"":278,""t"":3026},{""x"":16,""y"":343,""t"":3063},{""x"":336,""y"":460,""t"":3125},{""x"":551,""y"":562,""t"":3141},{""x"":787,""y"":689,""t"":3204},{""x"":1040,""y"":768,""t"":3232},{""x"":1085,""y"":866,""t"":3293},{""x"":1098,""y"":934,""t"":3309},{""x"":1036,""y"":946,""t"":3373},{""x"":1000,""y"":940,""t"":3400},{""x"":885,""y"":925,""t"":3461},{""x"":798,""y"":928,""t"":3477},{""x"":722,""y"":890,""t"":3541},{""x"":648,""y"":829,""t"":3588},{""x"":586,""y"":775,""t"":3605},{""x"":719,""y"":681,""t"":3670},{""x"":813,""y"":586,""t"":3685},{""x"":896,""y"":526,""t"":3746},{""x"":920,""y"":479,""t"":3775},{""x"":967,""y"":441,""t"":3837},{""x"":1004,""y"":412,""t"":3851},{""x"":1021,""y"":377,""t"":3916},{""x"":1036,""y"":380,""t"":3964},{""x"":1046,""y"":385,""t"":3981},{""x"":1053,""y"":373,""t"":4042},{""x"":1064,""y"":379,""t"":4059},{""x"":1120,""y"":387,""t"":4119},{""x"":1195,""y"":370,""t"":4168},{""x"":1220,""y"":351,""t"":4185},{""x"":1194,""y"":326,""t"":4248},{""x"":1155,""y"":314,""t"":4264},{""x"":1216,""y"":303,""t"":4305},{""x"":1203,""y"":307,""t"":4343},{""x"":1210,""y"":313,""t"":4382},{""x"":1193,""y"":312,""t"":4422},{""x"":1197,""y"":289,""t"":4485},{""x"":1215,""y"":269,""t"":4500},{""x"":1202,""y"":266,""t"":4564},{""x"":1193,""y"":261,""t"":4591},{""x"":1207,""y"":261,""t"":4653},{""x"":1202,""y"":247,""t"":4672},{""x"":1093,""y"":247,""t"":4711},{""x"":1106,""y"":268,""t"":4750},{""x"":1122,""y"":267,""t"":4789},{""x"":1149,""y"":266,""t"":4827},{""x"":1155,""y"":271,""t"":4869},{""x"":1041,""y"":288,""t"":4929},{""x"":993,""y"":304,""t"":4945},{""x"":926,""y"":296,""t"":4984},{""x"":900,""y"":333,""t"":5025},{""x"":866,""y"":348,""t"":5062},{""x"":794,""y"":322,""t"":5101},{""x"":714,""y"":335,""t"":5167},{""x"":702,""y"":350,""t"":5181},{""x"":712,""y"":358,""t"":5222},{""x"":678,""y"":367,""t"":5262},{""x"":691,""y"":390,""t"":5303},{""x"":687,""y"":400,""t"":5342},{""x"":705,""y"":401,""t"":5402},{""x"":723,""y"":400,""t"":5418},{""x"":712,""y"":394,""t"":5479},{""x"":698,""y"":373,""t"":5531},{""x"":692,""y"":348,""t"":5546},{""x"":700,""y"":363,""t"":5608},{""x"":725,""y"":355,""t"":5623},{""x"":735,""y"":378,""t"":5666},{""x"":689,""y"":406,""t"":5704},{""x"":704,""y"":397,""t"":5742},{""x"":764,""y"":397,""t"":5782},{""x"":794,""y"":401,""t"":5844},{""x"":835,""y"":397,""t"":5859},{""x"":788,""y"":391,""t"":5921},{""x"":789,""y"":389,""t"":5971}]",0,0.8876852906019419,0.11231470939805804,pt_b-last_b-longer,0
62-alternatives,1,137,exp_106,0.0,150.29999999701977,0.78,0.4,2.1,3.0,higher_p,higher_m,0,1,alternatives,0.0,False,1.638,1.2000000000000002,0.4379999999999999,0.7081329507986125,0.6,0.4,0.5,0.5,0.0,0.0,higher_p,higher_p,True,"{""durations"":[1000,1500,1000,1500],""alternatives"":[1,0,1,0],""attributes"":[""all"",""all"",""all"",""all""]}","[{""x"":616,""y"":399,""t"":-19},{""x"":613,""y"":405,""t"":0},{""x"":562,""y"":409,""t"":64},{""x"":562,""y"":444,""t"":95},{""x"":570,""y"":428,""t"":148},{""x"":532,""y"":416,""t"":210},{""x"":520,""y"":405,""t"":275},{""x"":601,""y"":426,""t"":327},{""x"":671,""y"":444,""t"":341},{""x"":777,""y"":461,""t"":402},{""x"":896,""y"":474,""t"":418},{""x"":960,""y"":497,""t"":481},{""x"":1035,""y"":502,""t"":533},{""x"":1018,""y"":504,""t"":548},{""x"":1026,""y"":495,""t"":609},{""x"":1088,""y"":474,""t"":626},{""x"":1190,""y"":451,""t"":667},{""x"":1249,""y"":437,""t"":706},{""x"":1261,""y"":421,""t"":745},{""x"":1288,""y"":411,""t"":784},{""x"":1305,""y"":392,""t"":846},{""x"":1314,""y"":377,""t"":862},{""x"":1279,""y"":370,""t"":924},{""x"":1258,""y"":361,""t"":973},{""x"":1252,""y"":346,""t"":989},{""x"":1215,""y"":391,""t"":1055},{""x"":1134,""y"":419,""t"":1108},{""x"":1119,""y"":443,""t"":1123},{""x"":1059,""y"":459,""t"":1187},{""x"":1010,""y"":472,""t"":1203},{""x"":1009,""y"":477,""t"":1264},{""x"":796,""y"":479,""t"":1320},{""x"":639,""y"":499,""t"":1336},{""x"":500,""y"":487,""t"":1400},{""x"":364,""y"":488,""t"":1450},{""x"":278,""y"":487,""t"":1466},{""x"":198,""y"":486,""t"":1530},{""x"":155,""y"":486,""t"":1545},{""x"":110,""y"":441,""t"":1587},{""x"":104,""y"":368,""t"":1627},{""x"":74,""y"":306,""t"":1665},{""x"":70,""y"":260,""t"":1706},{""x"":119,""y"":234,""t"":1770},{""x"":103,""y"":212,""t"":1817},{""x"":131,""y"":201,""t"":1837},{""x"":172,""y"":177,""t"":1900},{""x"":220,""y"":151,""t"":1914},{""x"":259,""y"":156,""t"":1977},{""x"":268,""y"":173,""t"":2006},{""x"":292,""y"":188,""t"":2068},{""x"":340,""y"":195,""t"":2082},{""x"":321,""y"":215,""t"":2148},{""x"":319,""y"":241,""t"":2198},{""x"":324,""y"":271,""t"":2212},{""x"":276,""y"":257,""t"":2275},{""x"":238,""y"":245,""t"":2293},{""x"":229,""y"":247,""t"":2334},{""x"":238,""y"":228,""t"":2372},{""x"":182,""y"":236,""t"":2411},{""x"":161,""y"":240,""t"":2451},{""x"":172,""y"":242,""t"":2512},{""x"":277,""y"":236,""t"":2529},{""x"":324,""y"":218,""t"":2601},{""x"":298,""y"":202,""t"":2619},{""x"":275,""y"":193,""t"":2682},{""x"":253,""y"":176,""t"":2698},{""x"":225,""y"":188,""t"":2759},{""x"":209,""y"":204,""t"":2808},{""x"":189,""y"":181,""t"":2823},{""x"":267,""y"":181,""t"":2883},{""x"":335,""y"":181,""t"":2899},{""x"":608,""y"":218,""t"":2964},{""x"":823,""y"":269,""t"":3024},{""x"":1044,""y"":309,""t"":3038},{""x"":1148,""y"":332,""t"":3081},{""x"":1230,""y"":345,""t"":3120},{""x"":1308,""y"":361,""t"":3158},{""x"":1338,""y"":369,""t"":3199},{""x"":1379,""y"":401,""t"":3261},{""x"":1390,""y"":416,""t"":3276},{""x"":1373,""y"":420,""t"":3342},{""x"":1383,""y"":423,""t"":3367},{""x"":1341,""y"":434,""t"":3429},{""x"":1301,""y"":441,""t"":3446},{""x"":1273,""y"":454,""t"":3509},{""x"":1256,""y"":463,""t"":3558},{""x"":1220,""y"":465,""t"":3575},{""x"":1188,""y"":477,""t"":3639},{""x"":1243,""y"":455,""t"":3687},{""x"":1155,""y"":432,""t"":3707},{""x"":1182,""y"":395,""t"":3770},{""x"":1205,""y"":363,""t"":3784},{""x"":1157,""y"":358,""t"":3848},{""x"":928,""y"":337,""t"":3898},{""x"":734,""y"":319,""t"":3913},{""x"":566,""y"":293,""t"":3974},{""x"":421,""y"":270,""t"":3990},{""x"":335,""y"":251,""t"":4031},{""x"":236,""y"":245,""t"":4069},{""x"":120,""y"":309,""t"":4108},{""x"":107,""y"":435,""t"":4147},{""x"":119,""y"":528,""t"":4186},{""x"":450,""y"":647,""t"":4249},{""x"":798,""y"":730,""t"":4266},{""x"":944,""y"":815,""t"":4307},{""x"":1052,""y"":885,""t"":4344},{""x"":1002,""y"":930,""t"":4382},{""x"":940,""y"":969,""t"":4422},{""x"":846,""y"":926,""t"":4484},{""x"":741,""y"":867,""t"":4500},{""x"":632,""y"":830,""t"":4561},{""x"":503,""y"":770,""t"":4612},{""x"":414,""y"":719,""t"":4627},{""x"":389,""y"":648,""t"":4690},{""x"":384,""y"":587,""t"":4705},{""x"":329,""y"":511,""t"":4767},{""x"":320,""y"":448,""t"":4794},{""x"":306,""y"":413,""t"":4855},{""x"":332,""y"":403,""t"":4872},{""x"":316,""y"":370,""t"":4936},{""x"":326,""y"":330,""t"":4987},{""x"":307,""y"":327,""t"":5002},{""x"":275,""y"":308,""t"":5067},{""x"":258,""y"":302,""t"":5117},{""x"":228,""y"":296,""t"":5135},{""x"":224,""y"":302,""t"":5202},{""x"":237,""y"":317,""t"":5217},{""x"":246,""y"":307,""t"":5257},{""x"":275,""y"":334,""t"":5296},{""x"":308,""y"":345,""t"":5334},{""x"":267,""y"":366,""t"":5374},{""x"":255,""y"":363,""t"":5437},{""x"":245,""y"":361,""t"":5453},{""x"":257,""y"":376,""t"":5515},{""x"":269,""y"":364,""t"":5563},{""x"":280,""y"":361,""t"":5577},{""x"":271,""y"":336,""t"":5639},{""x"":253,""y"":316,""t"":5654}]",0,0.9810971391179372,0.01890286088206277,pt_b-last_b-longer,0
