subject_id,block,trial,condition,choice,rt,p0,p1,m0,m1,label0,label1,higher_p,higher_m,presentation,presentation01,by_attribute,ev0,ev1,delta_ev,delta_ev_z,g0,g1,gp,gm,duration_favours,last_stage_favours,duration_favours_str,last_stage_favours_str,choose_higher_p,sequence,webgazer_data,predicted_choice,predicted_choiceprob_0,predicted_choiceprob_1,model,rep
4-alternatives,0,1,exp_22,1.0,758.1999999880791,0.28,0.17,4.3,8.3,higher_p,higher_m,0,1,alternatives,0.0,False,1.204,1.4110000000000005,-0.2070000000000003,0.0442583094249128,0.4,0.6,0.5,0.5,1.0,1.0,higher_m,higher_m,False,"{""durations"":[1000,1500,1000,1500],""alternatives"":[0,1,0,1],""attributes"":[""all"",""all"",""all"",""all""]}","[{""x"":939,""y"":640,""t"":-77},{""x"":899,""y"":647,""t"":0},{""x"":895,""y"":653,""t"":90},{""x"":855,""y"":614,""t"":171},{""x"":878,""y"":597,""t"":299},{""x"":874,""y"":579,""t"":380},{""x"":872,""y"":591,""t"":453},{""x"":842,""y"":602,""t"":528},{""x"":725,""y"":594,""t"":606},{""x"":609,""y"":604,""t"":682},{""x"":485,""y"":580,""t"":770},{""x"":397,""y"":612,""t"":874},{""x"":353,""y"":630,""t"":949},{""x"":249,""y"":688,""t"":1025},{""x"":231,""y"":670,""t"":1107},{""x"":159,""y"":683,""t"":1189},{""x"":112,""y"":676,""t"":1264},{""x"":64,""y"":702,""t"":1341},{""x"":49,""y"":682,""t"":1417},{""x"":339,""y"":646,""t"":1493},{""x"":520,""y"":609,""t"":1570},{""x"":743,""y"":581,""t"":1648},{""x"":969,""y"":528,""t"":1727},{""x"":1081,""y"":531,""t"":1803},{""x"":1181,""y"":490,""t"":1880},{""x"":1156,""y"":461,""t"":1955},{""x"":1151,""y"":462,""t"":2029},{""x"":1123,""y"":487,""t"":2112},{""x"":955,""y"":499,""t"":2186},{""x"":910,""y"":554,""t"":2260},{""x"":844,""y"":556,""t"":2352},{""x"":778,""y"":548,""t"":2425},{""x"":743,""y"":537,""t"":2503},{""x"":657,""y"":528,""t"":2579},{""x"":570,""y"":557,""t"":2657},{""x"":541,""y"":559,""t"":2745},{""x"":624,""y"":563,""t"":2820},{""x"":649,""y"":568,""t"":2894},{""x"":707,""y"":524,""t"":2971},{""x"":745,""y"":526,""t"":3047},{""x"":671,""y"":540,""t"":3126},{""x"":666,""y"":510,""t"":3202},{""x"":634,""y"":513,""t"":3278},{""x"":567,""y"":504,""t"":3354},{""x"":633,""y"":502,""t"":3436},{""x"":703,""y"":495,""t"":3510},{""x"":596,""y"":538,""t"":3584},{""x"":680,""y"":532,""t"":3664},{""x"":639,""y"":574,""t"":3743},{""x"":627,""y"":516,""t"":3826},{""x"":603,""y"":504,""t"":3904},{""x"":642,""y"":495,""t"":3980},{""x"":568,""y"":519,""t"":4052},{""x"":629,""y"":474,""t"":4129},{""x"":652,""y"":471,""t"":4205},{""x"":649,""y"":445,""t"":4280},{""x"":659,""y"":391,""t"":4356},{""x"":681,""y"":387,""t"":4430},{""x"":699,""y"":396,""t"":4506},{""x"":769,""y"":420,""t"":4582},{""x"":803,""y"":413,""t"":4657},{""x"":790,""y"":379,""t"":4737},{""x"":843,""y"":402,""t"":4814},{""x"":907,""y"":416,""t"":4889},{""x"":881,""y"":438,""t"":4967},{""x"":936,""y"":399,""t"":5042},{""x"":1004,""y"":382,""t"":5117},{""x"":1003,""y"":365,""t"":5193},{""x"":979,""y"":397,""t"":5271},{""x"":1058,""y"":395,""t"":5349},{""x"":1112,""y"":405,""t"":5427},{""x"":1042,""y"":354,""t"":5501},{""x"":978,""y"":315,""t"":5577},{""x"":919,""y"":278,""t"":5654},{""x"":825,""y"":238,""t"":5731},{""x"":826,""y"":249,""t"":5806},{""x"":802,""y"":302,""t"":5880},{""x"":833,""y"":324,""t"":5953},{""x"":822,""y"":322,""t"":6029},{""x"":830,""y"":377,""t"":6108},{""x"":810,""y"":382,""t"":6193},{""x"":832,""y"":431,""t"":6270},{""x"":936,""y"":436,""t"":6344},{""x"":851,""y"":478,""t"":6419},{""x"":773,""y"":523,""t"":6492},{""x"":754,""y"":537,""t"":6566}]",1,0.3568557682892524,0.6431442317107475,wa_dn,0
4-alternatives,0,2,exp_104,0.0,652.2000000178814,0.78,0.4,2.1,3.0,higher_p,higher_m,0,1,alternatives,0.0,False,1.638,1.2000000000000002,0.4379999999999999,0.7081329507986126,0.6,0.4,0.5,0.5,0.0,1.0,higher_p,higher_m,True,"{""durations"":[1500,1000,1500,1000],""alternatives"":[0,1,0,1],""attributes"":[""all"",""all"",""all"",""all""]}","[{""x"":997,""y"":509,""t"":-104},{""x"":1011,""y"":511,""t"":-32},{""x"":905,""y"":577,""t"":0},{""x"":868,""y"":611,""t"":149},{""x"":910,""y"":612,""t"":282},{""x"":852,""y"":579,""t"":358},{""x"":805,""y"":559,""t"":436},{""x"":788,""y"":535,""t"":511},{""x"":736,""y"":520,""t"":587},{""x"":602,""y"":548,""t"":662},{""x"":535,""y"":501,""t"":738},{""x"":514,""y"":489,""t"":815},{""x"":493,""y"":536,""t"":890},{""x"":459,""y"":551,""t"":965},{""x"":425,""y"":607,""t"":1039},{""x"":473,""y"":630,""t"":1114},{""x"":548,""y"":618,""t"":1190},{""x"":650,""y"":612,""t"":1264},{""x"":740,""y"":614,""t"":1342},{""x"":791,""y"":597,""t"":1421},{""x"":744,""y"":612,""t"":1497},{""x"":748,""y"":639,""t"":1579},{""x"":768,""y"":600,""t"":1656},{""x"":648,""y"":597,""t"":1732},{""x"":713,""y"":577,""t"":1808},{""x"":703,""y"":536,""t"":1887},{""x"":730,""y"":507,""t"":1964},{""x"":798,""y"":487,""t"":2038},{""x"":815,""y"":469,""t"":2134},{""x"":787,""y"":497,""t"":2213},{""x"":798,""y"":478,""t"":2290},{""x"":747,""y"":474,""t"":2367},{""x"":772,""y"":459,""t"":2445},{""x"":759,""y"":482,""t"":2519},{""x"":760,""y"":477,""t"":2595},{""x"":692,""y"":495,""t"":2678},{""x"":711,""y"":493,""t"":2756},{""x"":641,""y"":539,""t"":2831},{""x"":605,""y"":527,""t"":2906},{""x"":638,""y"":538,""t"":2984},{""x"":545,""y"":552,""t"":3062},{""x"":561,""y"":528,""t"":3138},{""x"":547,""y"":581,""t"":3222},{""x"":495,""y"":613,""t"":3297},{""x"":492,""y"":653,""t"":3374},{""x"":361,""y"":672,""t"":3458},{""x"":407,""y"":666,""t"":3533},{""x"":398,""y"":677,""t"":3654},{""x"":361,""y"":675,""t"":3733},{""x"":454,""y"":634,""t"":3811},{""x"":616,""y"":597,""t"":3899},{""x"":717,""y"":579,""t"":3978},{""x"":788,""y"":591,""t"":4054},{""x"":828,""y"":573,""t"":4131},{""x"":931,""y"":563,""t"":4207},{""x"":993,""y"":528,""t"":4289},{""x"":1063,""y"":500,""t"":4371},{""x"":1030,""y"":509,""t"":4450},{""x"":942,""y"":566,""t"":4525},{""x"":952,""y"":601,""t"":4600},{""x"":949,""y"":580,""t"":4675},{""x"":977,""y"":603,""t"":4752},{""x"":1039,""y"":568,""t"":4825},{""x"":1102,""y"":548,""t"":4900},{""x"":1034,""y"":556,""t"":4978},{""x"":951,""y"":524,""t"":5057},{""x"":899,""y"":514,""t"":5135},{""x"":896,""y"":471,""t"":5212},{""x"":928,""y"":466,""t"":5286},{""x"":938,""y"":445,""t"":5364},{""x"":865,""y"":526,""t"":5448},{""x"":878,""y"":512,""t"":5524},{""x"":859,""y"":541,""t"":5600},{""x"":904,""y"":539,""t"":5675},{""x"":876,""y"":565,""t"":5752},{""x"":828,""y"":545,""t"":5827},{""x"":863,""y"":533,""t"":5907},{""x"":841,""y"":502,""t"":5984},{""x"":846,""y"":492,""t"":6067},{""x"":877,""y"":485,""t"":6141},{""x"":867,""y"":479,""t"":6218},{""x"":872,""y"":479,""t"":6293},{""x"":905,""y"":458,""t"":6371},{""x"":946,""y"":455,""t"":6449}]",0,0.5106111077436916,0.4893888922563084,wa_dn,0
4-alternatives,0,4,catch_4,1.0,500.5,0.19,0.31,4.0,7.3,dominated,dominant,1,1,alternatives,0.0,False,0.76,2.263,-1.503,-1.289666551381776,0.5,0.5,0.5,0.5,,1.0,,dominant,True,"{""durations"":[1250,1250,1250,1250],""attributes"":[""all"",""all"",""all"",""all""],""alternatives"":[0,1,0,1]}","[{""x"":836,""y"":640,""t"":-74},{""x"":782,""y"":673,""t"":0},{""x"":815,""y"":691,""t"":165},{""x"":835,""y"":677,""t"":251},{""x"":802,""y"":664,""t"":325},{""x"":875,""y"":645,""t"":402},{""x"":867,""y"":654,""t"":476},{""x"":803,""y"":683,""t"":551},{""x"":755,""y"":712,""t"":624},{""x"":707,""y"":741,""t"":700},{""x"":712,""y"":613,""t"":776},{""x"":681,""y"":608,""t"":853},{""x"":709,""y"":539,""t"":926},{""x"":655,""y"":478,""t"":1002},{""x"":685,""y"":506,""t"":1078},{""x"":671,""y"":545,""t"":1155},{""x"":659,""y"":526,""t"":1230},{""x"":646,""y"":576,""t"":1311},{""x"":582,""y"":567,""t"":1394},{""x"":546,""y"":592,""t"":1470},{""x"":602,""y"":563,""t"":1546},{""x"":570,""y"":558,""t"":1621},{""x"":550,""y"":600,""t"":1697},{""x"":608,""y"":595,""t"":1773},{""x"":716,""y"":597,""t"":1849},{""x"":819,""y"":561,""t"":1925},{""x"":913,""y"":520,""t"":1999},{""x"":986,""y"":514,""t"":2078},{""x"":1098,""y"":502,""t"":2167},{""x"":1144,""y"":477,""t"":2243},{""x"":1174,""y"":455,""t"":2317},{""x"":1190,""y"":426,""t"":2392},{""x"":1274,""y"":377,""t"":2466},{""x"":1278,""y"":392,""t"":2540},{""x"":1357,""y"":431,""t"":2614},{""x"":1369,""y"":457,""t"":2695},{""x"":1412,""y"":467,""t"":2769},{""x"":1450,""y"":511,""t"":2848},{""x"":1363,""y"":515,""t"":2923},{""x"":1237,""y"":559,""t"":3001},{""x"":1107,""y"":578,""t"":3077},{""x"":987,""y"":614,""t"":3154},{""x"":913,""y"":621,""t"":3231},{""x"":759,""y"":585,""t"":3307},{""x"":618,""y"":616,""t"":3382},{""x"":577,""y"":532,""t"":3457},{""x"":546,""y"":505,""t"":3531},{""x"":472,""y"":517,""t"":3612},{""x"":384,""y"":483,""t"":3685},{""x"":388,""y"":481,""t"":3759},{""x"":390,""y"":553,""t"":3836},{""x"":421,""y"":597,""t"":3910},{""x"":525,""y"":671,""t"":3994},{""x"":602,""y"":660,""t"":4077},{""x"":593,""y"":696,""t"":4153},{""x"":682,""y"":760,""t"":4228},{""x"":782,""y"":756,""t"":4303},{""x"":910,""y"":625,""t"":4378},{""x"":1017,""y"":614,""t"":4452},{""x"":1081,""y"":546,""t"":4526},{""x"":1192,""y"":551,""t"":4601},{""x"":1322,""y"":544,""t"":4677},{""x"":1428,""y"":567,""t"":4764},{""x"":1453,""y"":574,""t"":4842},{""x"":1406,""y"":558,""t"":4919},{""x"":1407,""y"":582,""t"":4998},{""x"":1406,""y"":606,""t"":5083},{""x"":1362,""y"":570,""t"":5162},{""x"":1303,""y"":519,""t"":5237},{""x"":1327,""y"":521,""t"":5315},{""x"":1289,""y"":488,""t"":5392},{""x"":1234,""y"":482,""t"":5468},{""x"":1170,""y"":528,""t"":5542},{""x"":1139,""y"":526,""t"":5615},{""x"":1132,""y"":498,""t"":5691},{""x"":1126,""y"":529,""t"":5774},{""x"":1152,""y"":515,""t"":5869},{""x"":1104,""y"":509,""t"":5951},{""x"":1033,""y"":539,""t"":6045},{""x"":894,""y"":481,""t"":6134},{""x"":916,""y"":478,""t"":6208}]",1,0.18761821580422677,0.8123817841957732,wa_dn,0
4-alternatives,0,7,exp_60,1.0,526.5999999940395,0.41,0.21,1.7999999999999998,6.2,higher_p,higher_m,0,1,alternatives,0.0,False,0.7379999999999999,1.302,-0.5640000000000002,-0.3231885851028555,0.4,0.6,0.5,0.5,1.0,0.0,higher_m,higher_p,False,"{""durations"":[1500,1000,1500,1000],""alternatives"":[1,0,1,0],""attributes"":[""all"",""all"",""all"",""all""]}","[{""x"":772,""y"":498,""t"":-83},{""x"":737,""y"":568,""t"":0},{""x"":751,""y"":622,""t"":93},{""x"":805,""y"":676,""t"":180},{""x"":793,""y"":638,""t"":327},{""x"":706,""y"":701,""t"":408},{""x"":794,""y"":692,""t"":485},{""x"":744,""y"":685,""t"":559},{""x"":674,""y"":676,""t"":634},{""x"":662,""y"":654,""t"":709},{""x"":646,""y"":613,""t"":794},{""x"":561,""y"":642,""t"":869},{""x"":593,""y"":679,""t"":946},{""x"":596,""y"":642,""t"":1020},{""x"":593,""y"":561,""t"":1095},{""x"":598,""y"":423,""t"":1169},{""x"":544,""y"":360,""t"":1255},{""x"":535,""y"":293,""t"":1330},{""x"":471,""y"":294,""t"":1405},{""x"":441,""y"":345,""t"":1480},{""x"":555,""y"":300,""t"":1554},{""x"":552,""y"":323,""t"":1637},{""x"":692,""y"":280,""t"":1714},{""x"":795,""y"":305,""t"":1789},{""x"":884,""y"":384,""t"":1864},{""x"":1019,""y"":390,""t"":1940},{""x"":1020,""y"":407,""t"":2015},{""x"":1052,""y"":423,""t"":2090},{""x"":1184,""y"":463,""t"":2164},{""x"":1216,""y"":468,""t"":2242},{""x"":1257,""y"":468,""t"":2317},{""x"":1316,""y"":502,""t"":2392},{""x"":1342,""y"":407,""t"":2465},{""x"":1416,""y"":317,""t"":2541},{""x"":1437,""y"":268,""t"":2614},{""x"":1351,""y"":234,""t"":2694},{""x"":1314,""y"":216,""t"":2774},{""x"":1425,""y"":172,""t"":2850},{""x"":1255,""y"":233,""t"":2928},{""x"":1212,""y"":305,""t"":3007},{""x"":1208,""y"":384,""t"":3082},{""x"":1143,""y"":468,""t"":3160},{""x"":981,""y"":550,""t"":3236},{""x"":833,""y"":637,""t"":3313},{""x"":786,""y"":651,""t"":3388},{""x"":802,""y"":630,""t"":3463},{""x"":762,""y"":663,""t"":3537},{""x"":816,""y"":637,""t"":3612},{""x"":845,""y"":653,""t"":3687},{""x"":877,""y"":670,""t"":3761},{""x"":805,""y"":698,""t"":3834},{""x"":788,""y"":743,""t"":3909},{""x"":806,""y"":747,""t"":3988},{""x"":912,""y"":750,""t"":4064},{""x"":895,""y"":712,""t"":4141},{""x"":923,""y"":707,""t"":4216},{""x"":921,""y"":672,""t"":4291},{""x"":948,""y"":711,""t"":4367},{""x"":1003,""y"":660,""t"":4442},{""x"":1065,""y"":626,""t"":4517},{""x"":997,""y"":607,""t"":4591},{""x"":1032,""y"":589,""t"":4665},{""x"":1098,""y"":464,""t"":4739},{""x"":1062,""y"":414,""t"":4815},{""x"":1026,""y"":391,""t"":4888},{""x"":1006,""y"":385,""t"":4963},{""x"":998,""y"":429,""t"":5037},{""x"":1024,""y"":432,""t"":5111},{""x"":1030,""y"":543,""t"":5193},{""x"":1087,""y"":596,""t"":5268},{""x"":1094,""y"":639,""t"":5344},{""x"":1105,""y"":675,""t"":5422},{""x"":1116,""y"":638,""t"":5494},{""x"":1063,""y"":623,""t"":5568},{""x"":925,""y"":614,""t"":5642},{""x"":957,""y"":624,""t"":5716},{""x"":875,""y"":606,""t"":5794},{""x"":963,""y"":597,""t"":5866},{""x"":869,""y"":543,""t"":5951},{""x"":833,""y"":514,""t"":6026},{""x"":802,""y"":458,""t"":6102},{""x"":822,""y"":511,""t"":6178},{""x"":754,""y"":486,""t"":6255},{""x"":777,""y"":453,""t"":6329}]",0,0.22775425297310364,0.7722457470268964,wa_dn,0
4-alternatives,0,8,exp_30,1.0,264.80000001192093,0.3,0.17,2.0,3.0,higher_p,higher_m,0,1,alternatives,0.0,False,0.6,0.51,0.0899999999999999,0.3499494233597794,0.4,0.6,0.5,0.5,1.0,1.0,higher_m,higher_m,False,"{""durations"":[1000,1500,1000,1500],""alternatives"":[0,1,0,1],""attributes"":[""all"",""all"",""all"",""all""]}","[{""x"":670,""y"":488,""t"":-132},{""x"":707,""y"":446,""t"":-34},{""x"":726,""y"":457,""t"":0},{""x"":764,""y"":490,""t"":168},{""x"":847,""y"":509,""t"":341},{""x"":914,""y"":559,""t"":416},{""x"":880,""y"":549,""t"":490},{""x"":877,""y"":538,""t"":566},{""x"":832,""y"":584,""t"":643},{""x"":976,""y"":610,""t"":718},{""x"":911,""y"":618,""t"":794},{""x"":912,""y"":584,""t"":869},{""x"":872,""y"":541,""t"":943},{""x"":833,""y"":541,""t"":1033},{""x"":782,""y"":528,""t"":1113},{""x"":761,""y"":576,""t"":1240},{""x"":730,""y"":551,""t"":1316},{""x"":760,""y"":578,""t"":1392},{""x"":732,""y"":580,""t"":1468},{""x"":689,""y"":579,""t"":1542},{""x"":680,""y"":559,""t"":1616},{""x"":581,""y"":617,""t"":1691},{""x"":534,""y"":677,""t"":1767},{""x"":544,""y"":670,""t"":1842},{""x"":523,""y"":674,""t"":1920},{""x"":684,""y"":564,""t"":1996},{""x"":769,""y"":486,""t"":2074},{""x"":850,""y"":450,""t"":2154},{""x"":953,""y"":430,""t"":2230},{""x"":931,""y"":428,""t"":2323},{""x"":949,""y"":520,""t"":2400},{""x"":889,""y"":536,""t"":2474},{""x"":809,""y"":553,""t"":2548},{""x"":783,""y"":561,""t"":2624},{""x"":847,""y"":587,""t"":2699},{""x"":837,""y"":614,""t"":2779},{""x"":903,""y"":594,""t"":2855},{""x"":834,""y"":593,""t"":2932},{""x"":817,""y"":623,""t"":3006},{""x"":812,""y"":634,""t"":3081},{""x"":868,""y"":648,""t"":3161},{""x"":824,""y"":663,""t"":3237},{""x"":848,""y"":662,""t"":3315},{""x"":883,""y"":655,""t"":3392},{""x"":879,""y"":668,""t"":3464},{""x"":970,""y"":660,""t"":3540},{""x"":945,""y"":646,""t"":3614},{""x"":933,""y"":583,""t"":3698},{""x"":926,""y"":546,""t"":3776},{""x"":980,""y"":508,""t"":3857},{""x"":979,""y"":505,""t"":3936},{""x"":1016,""y"":516,""t"":4010},{""x"":1082,""y"":472,""t"":4084},{""x"":1089,""y"":504,""t"":4160},{""x"":1091,""y"":495,""t"":4241},{""x"":1088,""y"":517,""t"":4315},{""x"":1047,""y"":496,""t"":4389},{""x"":1028,""y"":532,""t"":4466},{""x"":1032,""y"":537,""t"":4540},{""x"":912,""y"":568,""t"":4614},{""x"":917,""y"":561,""t"":4689},{""x"":928,""y"":590,""t"":4761},{""x"":991,""y"":534,""t"":4838},{""x"":951,""y"":528,""t"":4916},{""x"":971,""y"":504,""t"":4990},{""x"":974,""y"":450,""t"":5065},{""x"":943,""y"":424,""t"":5140},{""x"":815,""y"":429,""t"":5216},{""x"":841,""y"":378,""t"":5288},{""x"":878,""y"":338,""t"":5366},{""x"":943,""y"":322,""t"":5446},{""x"":955,""y"":316,""t"":5520},{""x"":952,""y"":291,""t"":5598},{""x"":861,""y"":327,""t"":5679},{""x"":819,""y"":314,""t"":5752},{""x"":848,""y"":287,""t"":5826},{""x"":887,""y"":281,""t"":5902},{""x"":811,""y"":297,""t"":5977},{""x"":915,""y"":249,""t"":6052}]",0,0.46816967872985427,0.5318303212701457,wa_dn,0
4-alternatives,0,15,exp_96,0.0,734.7999999821186,0.58,0.38,4.9,6.9,higher_p,higher_m,0,1,alternatives,0.0,False,2.842,2.6220000000000003,0.2199999999999997,0.4837536146444008,0.6,0.4,0.5,0.5,0.0,1.0,higher_p,higher_m,True,"{""durations"":[1500,1000,1500,1000],""alternatives"":[0,1,0,1],""attributes"":[""all"",""all"",""all"",""all""]}","[{""x"":726,""y"":693,""t"":-80},{""x"":640,""y"":708,""t"":0},{""x"":692,""y"":726,""t"":86},{""x"":856,""y"":688,""t"":161},{""x"":863,""y"":683,""t"":313},{""x"":737,""y"":710,""t"":399},{""x"":714,""y"":724,""t"":472},{""x"":706,""y"":692,""t"":547},{""x"":691,""y"":674,""t"":622},{""x"":659,""y"":596,""t"":700},{""x"":653,""y"":595,""t"":776},{""x"":627,""y"":563,""t"":857},{""x"":596,""y"":559,""t"":930},{""x"":636,""y"":550,""t"":1008},{""x"":717,""y"":497,""t"":1084},{""x"":804,""y"":481,""t"":1162},{""x"":838,""y"":477,""t"":1237},{""x"":898,""y"":544,""t"":1315},{""x"":896,""y"":522,""t"":1390},{""x"":780,""y"":527,""t"":1466},{""x"":774,""y"":533,""t"":1544},{""x"":713,""y"":562,""t"":1626},{""x"":704,""y"":606,""t"":1703},{""x"":703,""y"":601,""t"":1778},{""x"":809,""y"":648,""t"":1855},{""x"":719,""y"":651,""t"":1930},{""x"":713,""y"":656,""t"":2023},{""x"":653,""y"":670,""t"":2100},{""x"":491,""y"":662,""t"":2175},{""x"":409,""y"":598,""t"":2286},{""x"":341,""y"":600,""t"":2376},{""x"":259,""y"":583,""t"":2451},{""x"":305,""y"":587,""t"":2525},{""x"":375,""y"":581,""t"":2604},{""x"":440,""y"":648,""t"":2682},{""x"":752,""y"":675,""t"":2764},{""x"":723,""y"":679,""t"":2842},{""x"":697,""y"":651,""t"":2915},{""x"":767,""y"":564,""t"":2991},{""x"":868,""y"":597,""t"":3066},{""x"":988,""y"":552,""t"":3139},{""x"":993,""y"":505,""t"":3214},{""x"":1010,""y"":528,""t"":3287},{""x"":1006,""y"":464,""t"":3360},{""x"":978,""y"":410,""t"":3436},{""x"":982,""y"":428,""t"":3514},{""x"":1035,""y"":462,""t"":3594},{""x"":1086,""y"":435,""t"":3673},{""x"":1100,""y"":436,""t"":3749},{""x"":1055,""y"":406,""t"":3826},{""x"":930,""y"":462,""t"":3906},{""x"":933,""y"":438,""t"":3984},{""x"":916,""y"":446,""t"":4060},{""x"":886,""y"":432,""t"":4139},{""x"":871,""y"":360,""t"":4215},{""x"":884,""y"":343,""t"":4303},{""x"":857,""y"":351,""t"":4390},{""x"":842,""y"":325,""t"":4463},{""x"":823,""y"":364,""t"":4543},{""x"":757,""y"":386,""t"":4620},{""x"":696,""y"":370,""t"":4699},{""x"":645,""y"":405,""t"":4779},{""x"":584,""y"":450,""t"":4858},{""x"":501,""y"":496,""t"":4937},{""x"":379,""y"":483,""t"":5017},{""x"":294,""y"":488,""t"":5095},{""x"":238,""y"":465,""t"":5173},{""x"":213,""y"":574,""t"":5251},{""x"":143,""y"":613,""t"":5338},{""x"":307,""y"":624,""t"":5414},{""x"":345,""y"":639,""t"":5494},{""x"":517,""y"":680,""t"":5576},{""x"":765,""y"":693,""t"":5654},{""x"":845,""y"":689,""t"":5730},{""x"":835,""y"":679,""t"":5806},{""x"":1064,""y"":679,""t"":5882},{""x"":1027,""y"":621,""t"":5958},{""x"":996,""y"":623,""t"":6034},{""x"":977,""y"":655,""t"":6111},{""x"":867,""y"":651,""t"":6198},{""x"":857,""y"":648,""t"":6281},{""x"":869,""y"":680,""t"":6359},{""x"":751,""y"":646,""t"":6434},{""x"":780,""y"":600,""t"":6511},{""x"":811,""y"":641,""t"":6588}]",1,0.4601231910941583,0.5398768089058418,wa_dn,0
4-alternatives,0,16,catch_8,1.0,642.4000000059605,0.22,0.32,3.7,5.0,dominated,dominant,1,1,alternatives,0.0,False,0.8140000000000001,1.6,-0.786,-0.5516849732965938,0.5,0.5,0.5,0.5,,1.0,,dominant,True,"{""durations"":[1250,1250,1250,1250],""attributes"":[""all"",""all"",""all"",""all""],""alternatives"":[0,1,0,1]}","[{""x"":700,""y"":595,""t"":-77},{""x"":713,""y"":597,""t"":0},{""x"":631,""y"":648,""t"":93},{""x"":699,""y"":657,""t"":286},{""x"":809,""y"":623,""t"":362},{""x"":803,""y"":622,""t"":439},{""x"":783,""y"":642,""t"":517},{""x"":846,""y"":669,""t"":609},{""x"":761,""y"":643,""t"":687},{""x"":890,""y"":579,""t"":767},{""x"":992,""y"":575,""t"":848},{""x"":874,""y"":652,""t"":925},{""x"":779,""y"":706,""t"":1003},{""x"":749,""y"":606,""t"":1082},{""x"":629,""y"":599,""t"":1159},{""x"":624,""y"":559,""t"":1242},{""x"":660,""y"":590,""t"":1322},{""x"":625,""y"":623,""t"":1405},{""x"":759,""y"":486,""t"":1487},{""x"":701,""y"":523,""t"":1563},{""x"":748,""y"":429,""t"":1645},{""x"":825,""y"":465,""t"":1724},{""x"":809,""y"":389,""t"":1809},{""x"":803,""y"":410,""t"":1888},{""x"":874,""y"":370,""t"":1964},{""x"":873,""y"":417,""t"":2041},{""x"":914,""y"":428,""t"":2122},{""x"":877,""y"":473,""t"":2204},{""x"":928,""y"":541,""t"":2286},{""x"":966,""y"":559,""t"":2361},{""x"":1014,""y"":491,""t"":2438},{""x"":1049,""y"":446,""t"":2514},{""x"":1013,""y"":409,""t"":2597},{""x"":1061,""y"":409,""t"":2696},{""x"":1032,""y"":411,""t"":2803},{""x"":1077,""y"":386,""t"":2891},{""x"":989,""y"":409,""t"":2971},{""x"":877,""y"":347,""t"":3050},{""x"":794,""y"":397,""t"":3132},{""x"":596,""y"":466,""t"":3214},{""x"":523,""y"":456,""t"":3292},{""x"":607,""y"":495,""t"":3383},{""x"":506,""y"":476,""t"":3472},{""x"":357,""y"":491,""t"":3551},{""x"":378,""y"":520,""t"":3629},{""x"":535,""y"":578,""t"":3714},{""x"":528,""y"":607,""t"":3795},{""x"":547,""y"":655,""t"":3882},{""x"":477,""y"":654,""t"":3958},{""x"":660,""y"":736,""t"":4038},{""x"":645,""y"":738,""t"":4124},{""x"":579,""y"":750,""t"":4203},{""x"":527,""y"":724,""t"":4285},{""x"":669,""y"":652,""t"":4363},{""x"":685,""y"":581,""t"":4448},{""x"":715,""y"":559,""t"":4528},{""x"":823,""y"":563,""t"":4605},{""x"":931,""y"":508,""t"":4699},{""x"":883,""y"":484,""t"":4781},{""x"":879,""y"":483,""t"":4865},{""x"":900,""y"":520,""t"":4945},{""x"":977,""y"":565,""t"":5023},{""x"":1098,""y"":509,""t"":5103},{""x"":946,""y"":505,""t"":5183},{""x"":864,""y"":580,""t"":5264},{""x"":747,""y"":597,""t"":5343},{""x"":644,""y"":626,""t"":5431},{""x"":654,""y"":625,""t"":5510},{""x"":634,""y"":639,""t"":5588},{""x"":582,""y"":617,""t"":5667},{""x"":536,""y"":670,""t"":5743},{""x"":705,""y"":635,""t"":5821},{""x"":694,""y"":639,""t"":5903},{""x"":747,""y"":625,""t"":5984},{""x"":749,""y"":602,""t"":6071},{""x"":766,""y"":599,""t"":6152},{""x"":718,""y"":557,""t"":6234},{""x"":661,""y"":537,""t"":6313},{""x"":586,""y"":509,""t"":6393},{""x"":547,""y"":535,""t"":6472}]",1,0.29445570119233383,0.7055442988076661,wa_dn,0
4-alternatives,0,17,exp_8,0.0,608.6000000238419,0.7,0.29,1.7999999999999998,5.0,higher_p,higher_m,0,1,alternatives,0.0,False,1.2599999999999998,1.45,-0.1900000000000001,0.0617557805929019,0.6,0.4,0.5,0.5,0.0,1.0,higher_p,higher_m,True,"{""durations"":[1500,1000,1500,1000],""alternatives"":[0,1,0,1],""attributes"":[""all"",""all"",""all"",""all""]}","[{""x"":775,""y"":547,""t"":-80},{""x"":793,""y"":553,""t"":0},{""x"":864,""y"":550,""t"":203},{""x"":833,""y"":527,""t"":283},{""x"":797,""y"":523,""t"":364},{""x"":715,""y"":500,""t"":448},{""x"":695,""y"":543,""t"":526},{""x"":774,""y"":565,""t"":604},{""x"":864,""y"":587,""t"":687},{""x"":948,""y"":542,""t"":768},{""x"":978,""y"":478,""t"":850},{""x"":1090,""y"":467,""t"":927},{""x"":1133,""y"":514,""t"":1012},{""x"":1245,""y"":557,""t"":1090},{""x"":1177,""y"":618,""t"":1170},{""x"":1142,""y"":657,""t"":1249},{""x"":1115,""y"":698,""t"":1328},{""x"":1069,""y"":640,""t"":1406},{""x"":1067,""y"":618,""t"":1487},{""x"":1111,""y"":572,""t"":1568},{""x"":1084,""y"":475,""t"":1663},{""x"":1148,""y"":389,""t"":1741},{""x"":1030,""y"":429,""t"":1820},{""x"":1167,""y"":333,""t"":1902},{""x"":952,""y"":317,""t"":1984},{""x"":768,""y"":320,""t"":2061},{""x"":613,""y"":315,""t"":2136},{""x"":419,""y"":398,""t"":2230},{""x"":452,""y"":452,""t"":2302},{""x"":543,""y"":503,""t"":2379},{""x"":489,""y"":617,""t"":2457},{""x"":473,""y"":661,""t"":2533},{""x"":456,""y"":705,""t"":2607},{""x"":516,""y"":700,""t"":2684},{""x"":472,""y"":713,""t"":2767},{""x"":398,""y"":729,""t"":2843},{""x"":426,""y"":705,""t"":2923},{""x"":568,""y"":604,""t"":3000},{""x"":630,""y"":529,""t"":3075},{""x"":662,""y"":504,""t"":3153},{""x"":779,""y"":465,""t"":3232},{""x"":867,""y"":506,""t"":3312},{""x"":856,""y"":521,""t"":3391},{""x"":937,""y"":471,""t"":3468},{""x"":1043,""y"":457,""t"":3544},{""x"":1155,""y"":368,""t"":3623},{""x"":1291,""y"":329,""t"":3702},{""x"":1342,""y"":318,""t"":3778},{""x"":1319,""y"":296,""t"":3856},{""x"":1338,""y"":274,""t"":3930},{""x"":1241,""y"":229,""t"":4006},{""x"":1116,""y"":245,""t"":4086},{""x"":1129,""y"":172,""t"":4160},{""x"":1044,""y"":194,""t"":4238},{""x"":1082,""y"":130,""t"":4324},{""x"":1077,""y"":179,""t"":4400},{""x"":1043,""y"":236,""t"":4474},{""x"":1041,""y"":259,""t"":4552},{""x"":949,""y"":351,""t"":4628},{""x"":841,""y"":367,""t"":4703},{""x"":863,""y"":490,""t"":4779},{""x"":797,""y"":526,""t"":4854},{""x"":794,""y"":575,""t"":4927},{""x"":745,""y"":668,""t"":5007},{""x"":801,""y"":721,""t"":5082},{""x"":622,""y"":783,""t"":5159},{""x"":645,""y"":789,""t"":5239},{""x"":805,""y"":788,""t"":5318},{""x"":879,""y"":770,""t"":5425},{""x"":986,""y"":630,""t"":5507},{""x"":1104,""y"":528,""t"":5585},{""x"":1199,""y"":462,""t"":5662},{""x"":1174,""y"":460,""t"":5742},{""x"":1060,""y"":495,""t"":5816},{""x"":913,""y"":495,""t"":5893},{""x"":941,""y"":515,""t"":5978},{""x"":898,""y"":530,""t"":6065},{""x"":873,""y"":562,""t"":6140},{""x"":853,""y"":561,""t"":6220},{""x"":788,""y"":522,""t"":6301},{""x"":800,""y"":553,""t"":6378}]",0,0.31642359345419513,0.6835764065458049,wa_dn,0
4-alternatives,0,18,exp_42,0.0,266.40000000596046,0.81,0.48,1.6999999999999995,7.9,higher_p,higher_m,0,1,alternatives,0.0,False,1.3769999999999998,3.792,-2.415,-2.2283544163938904,0.6,0.4,0.5,0.5,0.0,0.0,higher_p,higher_p,True,"{""durations"":[1000,1500,1000,1500],""alternatives"":[1,0,1,0],""attributes"":[""all"",""all"",""all"",""all""]}","[{""x"":710,""y"":469,""t"":-80},{""x"":676,""y"":531,""t"":0},{""x"":681,""y"":514,""t"":93},{""x"":689,""y"":478,""t"":169},{""x"":657,""y"":468,""t"":328},{""x"":625,""y"":485,""t"":459},{""x"":593,""y"":523,""t"":545},{""x"":537,""y"":514,""t"":629},{""x"":451,""y"":522,""t"":710},{""x"":577,""y"":513,""t"":789},{""x"":683,""y"":528,""t"":865},{""x"":638,""y"":567,""t"":941},{""x"":563,""y"":612,""t"":1020},{""x"":425,""y"":643,""t"":1100},{""x"":392,""y"":695,""t"":1184},{""x"":291,""y"":697,""t"":1261},{""x"":287,""y"":533,""t"":1336},{""x"":349,""y"":538,""t"":1411},{""x"":451,""y"":479,""t"":1497},{""x"":569,""y"":471,""t"":1572},{""x"":652,""y"":512,""t"":1650},{""x"":780,""y"":540,""t"":1726},{""x"":888,""y"":513,""t"":1801},{""x"":930,""y"":595,""t"":1880},{""x"":1000,""y"":528,""t"":1957},{""x"":1004,""y"":558,""t"":2029},{""x"":1130,""y"":572,""t"":2110},{""x"":1076,""y"":590,""t"":2186},{""x"":1088,""y"":566,""t"":2262},{""x"":1118,""y"":488,""t"":2338},{""x"":1223,""y"":463,""t"":2430},{""x"":1264,""y"":383,""t"":2503},{""x"":1234,""y"":345,""t"":2579},{""x"":1271,""y"":263,""t"":2660},{""x"":1317,""y"":254,""t"":2745},{""x"":1368,""y"":200,""t"":2820},{""x"":1381,""y"":114,""t"":2894},{""x"":1433,""y"":140,""t"":2967},{""x"":1476,""y"":117,""t"":3045},{""x"":1468,""y"":110,""t"":3123},{""x"":1451,""y"":162,""t"":3197},{""x"":1273,""y"":269,""t"":3273},{""x"":1205,""y"":350,""t"":3347},{""x"":1146,""y"":385,""t"":3424},{""x"":1125,""y"":339,""t"":3499},{""x"":976,""y"":450,""t"":3572},{""x"":1035,""y"":444,""t"":3653},{""x"":937,""y"":499,""t"":3728},{""x"":981,""y"":542,""t"":3806},{""x"":917,""y"":611,""t"":3890},{""x"":846,""y"":648,""t"":3963},{""x"":865,""y"":623,""t"":4038},{""x"":825,""y"":632,""t"":4112},{""x"":974,""y"":543,""t"":4191},{""x"":931,""y"":599,""t"":4268},{""x"":982,""y"":618,""t"":4341},{""x"":1021,""y"":621,""t"":4416},{""x"":1221,""y"":588,""t"":4490},{""x"":1142,""y"":545,""t"":4564},{""x"":1151,""y"":501,""t"":4640},{""x"":1106,""y"":472,""t"":4713},{""x"":1020,""y"":444,""t"":4787},{""x"":948,""y"":445,""t"":4864},{""x"":1079,""y"":452,""t"":4945},{""x"":1149,""y"":445,""t"":5021},{""x"":1183,""y"":470,""t"":5106},{""x"":1288,""y"":400,""t"":5182},{""x"":1296,""y"":443,""t"":5256},{""x"":1362,""y"":406,""t"":5332},{""x"":1397,""y"":410,""t"":5411},{""x"":1426,""y"":437,""t"":5491},{""x"":1267,""y"":497,""t"":5566},{""x"":1216,""y"":529,""t"":5640},{""x"":1048,""y"":562,""t"":5726},{""x"":941,""y"":592,""t"":5803},{""x"":991,""y"":587,""t"":5885},{""x"":991,""y"":628,""t"":5958},{""x"":920,""y"":654,""t"":6032},{""x"":849,""y"":636,""t"":6108}]",1,0.1573415121355355,0.8426584878644644,wa_dn,0
4-alternatives,0,19,exp_52,1.0,570.3000000119209,0.49,0.32,6.9,8.2,higher_p,higher_m,0,1,alternatives,0.0,False,3.381,2.624,0.7570000000000006,1.0364678509508771,0.4,0.6,0.5,0.5,1.0,0.0,higher_m,higher_p,False,"{""durations"":[1500,1000,1500,1000],""alternatives"":[1,0,1,0],""attributes"":[""all"",""all"",""all"",""all""]}","[{""x"":823,""y"":725,""t"":-110},{""x"":914,""y"":744,""t"":-35},{""x"":1003,""y"":767,""t"":0},{""x"":1098,""y"":749,""t"":161},{""x"":1271,""y"":746,""t"":292},{""x"":1273,""y"":689,""t"":367},{""x"":1204,""y"":708,""t"":443},{""x"":1141,""y"":669,""t"":519},{""x"":1091,""y"":670,""t"":594},{""x"":1059,""y"":647,""t"":669},{""x"":1091,""y"":631,""t"":745},{""x"":862,""y"":641,""t"":822},{""x"":767,""y"":603,""t"":902},{""x"":613,""y"":554,""t"":981},{""x"":536,""y"":512,""t"":1058},{""x"":458,""y"":453,""t"":1136},{""x"":420,""y"":521,""t"":1211},{""x"":414,""y"":567,""t"":1289},{""x"":547,""y"":484,""t"":1367},{""x"":639,""y"":414,""t"":1446},{""x"":701,""y"":359,""t"":1523},{""x"":598,""y"":428,""t"":1606},{""x"":565,""y"":454,""t"":1685},{""x"":508,""y"":462,""t"":1763},{""x"":446,""y"":459,""t"":1839},{""x"":595,""y"":442,""t"":1918},{""x"":699,""y"":457,""t"":1992},{""x"":858,""y"":500,""t"":2067},{""x"":1066,""y"":482,""t"":2143},{""x"":1148,""y"":500,""t"":2240},{""x"":1214,""y"":507,""t"":2320},{""x"":1328,""y"":516,""t"":2396},{""x"":1310,""y"":509,""t"":2470},{""x"":1338,""y"":545,""t"":2546},{""x"":1390,""y"":578,""t"":2624},{""x"":1343,""y"":523,""t"":2705},{""x"":1461,""y"":446,""t"":2788},{""x"":1487,""y"":430,""t"":2863},{""x"":1489,""y"":455,""t"":2941},{""x"":1337,""y"":508,""t"":3019},{""x"":1246,""y"":472,""t"":3102},{""x"":971,""y"":544,""t"":3177},{""x"":784,""y"":603,""t"":3262},{""x"":620,""y"":634,""t"":3336},{""x"":508,""y"":599,""t"":3416},{""x"":527,""y"":584,""t"":3509},{""x"":557,""y"":621,""t"":3596},{""x"":512,""y"":655,""t"":3674},{""x"":499,""y"":694,""t"":3773},{""x"":542,""y"":732,""t"":3848},{""x"":417,""y"":715,""t"":3926},{""x"":355,""y"":661,""t"":4003},{""x"":277,""y"":679,""t"":4082},{""x"":262,""y"":655,""t"":4162},{""x"":320,""y"":704,""t"":4240},{""x"":391,""y"":721,""t"":4325},{""x"":384,""y"":665,""t"":4401},{""x"":256,""y"":634,""t"":4477},{""x"":238,""y"":570,""t"":4554},{""x"":321,""y"":558,""t"":4630},{""x"":332,""y"":560,""t"":4708},{""x"":419,""y"":554,""t"":4786},{""x"":588,""y"":527,""t"":4861},{""x"":738,""y"":501,""t"":4940},{""x"":871,""y"":434,""t"":5014},{""x"":1071,""y"":395,""t"":5096},{""x"":1096,""y"":322,""t"":5173},{""x"":1247,""y"":305,""t"":5256},{""x"":1328,""y"":269,""t"":5331},{""x"":1223,""y"":349,""t"":5411},{""x"":1166,""y"":405,""t"":5489},{""x"":1139,""y"":454,""t"":5566},{""x"":1026,""y"":518,""t"":5643},{""x"":943,""y"":555,""t"":5718},{""x"":763,""y"":613,""t"":5792},{""x"":699,""y"":650,""t"":5868},{""x"":652,""y"":651,""t"":5944},{""x"":568,""y"":734,""t"":6028},{""x"":518,""y"":738,""t"":6103},{""x"":521,""y"":770,""t"":6180},{""x"":441,""y"":676,""t"":6261},{""x"":508,""y"":665,""t"":6336},{""x"":516,""y"":619,""t"":6409}]",1,0.5313497907771255,0.4686502092228745,wa_dn,0
4-alternatives,0,21,exp_78,0.0,840.9000000059605,0.8,0.2,4.0,6.799999999999999,higher_p,higher_m,0,1,alternatives,0.0,False,3.2,1.36,1.8400000000000003,2.151159690652763,0.4,0.6,0.5,0.5,1.0,1.0,higher_m,higher_m,True,"{""durations"":[1000,1500,1000,1500],""alternatives"":[0,1,0,1],""attributes"":[""all"",""all"",""all"",""all""]}","[{""x"":1153,""y"":612,""t"":-76},{""x"":1292,""y"":586,""t"":0},{""x"":1277,""y"":623,""t"":88},{""x"":1300,""y"":564,""t"":227},{""x"":1304,""y"":555,""t"":321},{""x"":1309,""y"":549,""t"":397},{""x"":1311,""y"":518,""t"":475},{""x"":1366,""y"":453,""t"":546},{""x"":1359,""y"":470,""t"":630},{""x"":1387,""y"":383,""t"":706},{""x"":1368,""y"":380,""t"":782},{""x"":1345,""y"":432,""t"":861},{""x"":1306,""y"":499,""t"":936},{""x"":1290,""y"":524,""t"":1011},{""x"":1322,""y"":553,""t"":1096},{""x"":1387,""y"":588,""t"":1174},{""x"":1374,""y"":605,""t"":1253},{""x"":1425,""y"":579,""t"":1330},{""x"":1365,""y"":569,""t"":1407},{""x"":1383,""y"":497,""t"":1484},{""x"":1319,""y"":497,""t"":1559},{""x"":1229,""y"":457,""t"":1639},{""x"":1019,""y"":516,""t"":1724},{""x"":909,""y"":491,""t"":1803},{""x"":749,""y"":515,""t"":1876},{""x"":577,""y"":514,""t"":1952},{""x"":690,""y"":428,""t"":2031},{""x"":523,""y"":462,""t"":2104},{""x"":540,""y"":438,""t"":2195},{""x"":419,""y"":463,""t"":2270},{""x"":534,""y"":369,""t"":2345},{""x"":458,""y"":365,""t"":2419},{""x"":537,""y"":324,""t"":2494},{""x"":439,""y"":372,""t"":2568},{""x"":412,""y"":344,""t"":2645},{""x"":456,""y"":220,""t"":2731},{""x"":352,""y"":269,""t"":2806},{""x"":361,""y"":287,""t"":2878},{""x"":339,""y"":293,""t"":2955},{""x"":312,""y"":322,""t"":3027},{""x"":283,""y"":329,""t"":3102},{""x"":332,""y"":380,""t"":3177},{""x"":411,""y"":468,""t"":3252},{""x"":522,""y"":545,""t"":3329},{""x"":685,""y"":560,""t"":3404},{""x"":902,""y"":459,""t"":3479},{""x"":1079,""y"":457,""t"":3553},{""x"":1115,""y"":444,""t"":3628},{""x"":1254,""y"":394,""t"":3705},{""x"":1290,""y"":430,""t"":3781},{""x"":1395,""y"":469,""t"":3862},{""x"":1344,""y"":429,""t"":3936},{""x"":1182,""y"":436,""t"":4012},{""x"":975,""y"":464,""t"":4084},{""x"":800,""y"":480,""t"":4159},{""x"":599,""y"":514,""t"":4238},{""x"":607,""y"":575,""t"":4352},{""x"":482,""y"":633,""t"":4433},{""x"":376,""y"":688,""t"":4528},{""x"":415,""y"":672,""t"":4608},{""x"":415,""y"":677,""t"":4700},{""x"":372,""y"":680,""t"":4816},{""x"":422,""y"":630,""t"":4898},{""x"":442,""y"":577,""t"":4974},{""x"":571,""y"":577,""t"":5049},{""x"":605,""y"":521,""t"":5126},{""x"":540,""y"":516,""t"":5199},{""x"":522,""y"":510,""t"":5272},{""x"":620,""y"":451,""t"":5356},{""x"":688,""y"":411,""t"":5437},{""x"":744,""y"":314,""t"":5512},{""x"":746,""y"":325,""t"":5586},{""x"":799,""y"":374,""t"":5660},{""x"":891,""y"":386,""t"":5748},{""x"":935,""y"":399,""t"":5823},{""x"":959,""y"":485,""t"":5896},{""x"":969,""y"":550,""t"":5968},{""x"":985,""y"":609,""t"":6040},{""x"":1082,""y"":569,""t"":6113},{""x"":1015,""y"":647,""t"":6191},{""x"":1019,""y"":635,""t"":6277},{""x"":919,""y"":719,""t"":6350},{""x"":962,""y"":726,""t"":6427},{""x"":1097,""y"":645,""t"":6501},{""x"":1123,""y"":669,""t"":6575}]",0,0.5779821868236893,0.4220178131763107,wa_dn,0
4-alternatives,0,22,exp_84,1.0,603.0999999940395,0.61,0.29,2.2,8.1,higher_p,higher_m,0,1,alternatives,0.0,False,1.342,2.349,-1.0069999999999997,-0.7791520984804502,0.4,0.6,0.5,0.5,1.0,0.0,higher_m,higher_p,False,"{""durations"":[1500,1000,1500,1000],""alternatives"":[1,0,1,0],""attributes"":[""all"",""all"",""all"",""all""]}","[{""x"":1076,""y"":585,""t"":-74},{""x"":1064,""y"":599,""t"":0},{""x"":1081,""y"":559,""t"":157},{""x"":994,""y"":572,""t"":252},{""x"":917,""y"":581,""t"":331},{""x"":858,""y"":613,""t"":409},{""x"":793,""y"":621,""t"":483},{""x"":894,""y"":571,""t"":558},{""x"":973,""y"":544,""t"":636},{""x"":1069,""y"":504,""t"":710},{""x"":1101,""y"":427,""t"":785},{""x"":1167,""y"":410,""t"":860},{""x"":1174,""y"":440,""t"":933},{""x"":1196,""y"":423,""t"":1007},{""x"":1332,""y"":369,""t"":1080},{""x"":1308,""y"":383,""t"":1157},{""x"":1359,""y"":425,""t"":1231},{""x"":1446,""y"":494,""t"":1306},{""x"":1483,""y"":534,""t"":1387},{""x"":1453,""y"":567,""t"":1462},{""x"":1401,""y"":590,""t"":1537},{""x"":1364,""y"":644,""t"":1632},{""x"":1378,""y"":696,""t"":1713},{""x"":1363,""y"":741,""t"":1827},{""x"":1374,""y"":770,""t"":1903},{""x"":1275,""y"":720,""t"":1979},{""x"":1259,""y"":700,""t"":2056},{""x"":1173,""y"":695,""t"":2131},{""x"":1017,""y"":724,""t"":2220},{""x"":939,""y"":750,""t"":2295},{""x"":854,""y"":791,""t"":2379},{""x"":712,""y"":792,""t"":2456},{""x"":728,""y"":804,""t"":2533},{""x"":664,""y"":841,""t"":2608},{""x"":620,""y"":816,""t"":2683},{""x"":594,""y"":827,""t"":2763},{""x"":553,""y"":826,""t"":2837},{""x"":407,""y"":811,""t"":2912},{""x"":650,""y"":771,""t"":2988},{""x"":766,""y"":705,""t"":3063},{""x"":932,""y"":729,""t"":3136},{""x"":1061,""y"":655,""t"":3209},{""x"":1117,""y"":657,""t"":3282},{""x"":1269,""y"":659,""t"":3357},{""x"":1316,""y"":601,""t"":3437},{""x"":1374,""y"":532,""t"":3512},{""x"":1437,""y"":453,""t"":3585},{""x"":1523,""y"":508,""t"":3659},{""x"":1646,""y"":499,""t"":3734},{""x"":1714,""y"":558,""t"":3807},{""x"":1742,""y"":608,""t"":3880},{""x"":1696,""y"":643,""t"":3953},{""x"":1744,""y"":685,""t"":4028},{""x"":1677,""y"":723,""t"":4102},{""x"":1603,""y"":741,""t"":4178},{""x"":1615,""y"":772,""t"":4250},{""x"":1596,""y"":783,""t"":4332},{""x"":1562,""y"":802,""t"":4404},{""x"":1527,""y"":816,""t"":4477},{""x"":1499,""y"":787,""t"":4551},{""x"":1366,""y"":772,""t"":4624},{""x"":1331,""y"":785,""t"":4700},{""x"":1281,""y"":788,""t"":4774},{""x"":1130,""y"":796,""t"":4847},{""x"":898,""y"":815,""t"":4922},{""x"":771,""y"":773,""t"":4998},{""x"":704,""y"":761,""t"":5071},{""x"":759,""y"":765,""t"":5143},{""x"":867,""y"":758,""t"":5215},{""x"":935,""y"":768,""t"":5288},{""x"":1010,""y"":755,""t"":5367},{""x"":1119,""y"":736,""t"":5449},{""x"":1182,""y"":711,""t"":5524},{""x"":1158,""y"":709,""t"":5596},{""x"":1105,""y"":725,""t"":5672},{""x"":1029,""y"":727,""t"":5744},{""x"":1030,""y"":718,""t"":5819},{""x"":1006,""y"":737,""t"":5895},{""x"":961,""y"":742,""t"":5970},{""x"":991,""y"":718,""t"":6049},{""x"":1046,""y"":690,""t"":6123},{""x"":1106,""y"":661,""t"":6198},{""x"":1147,""y"":622,""t"":6270},{""x"":1110,""y"":609,""t"":6345},{""x"":1157,""y"":580,""t"":6422}]",1,0.22569955984810572,0.7743004401518944,wa_dn,0
4-alternatives,0,24,exp_20,1.0,603.5,0.28,0.17,4.3,8.3,higher_p,higher_m,0,1,alternatives,0.0,False,1.204,1.4110000000000005,-0.2070000000000003,0.0442583094249128,0.4,0.6,0.5,0.5,1.0,0.0,higher_m,higher_p,False,"{""durations"":[1500,1000,1500,1000],""alternatives"":[1,0,1,0],""attributes"":[""all"",""all"",""all"",""all""]}","[{""x"":1193,""y"":713,""t"":-74},{""x"":1133,""y"":721,""t"":0},{""x"":1132,""y"":701,""t"":87},{""x"":1066,""y"":719,""t"":225},{""x"":952,""y"":736,""t"":326},{""x"":815,""y"":697,""t"":398},{""x"":704,""y"":706,""t"":473},{""x"":651,""y"":656,""t"":555},{""x"":614,""y"":665,""t"":632},{""x"":524,""y"":667,""t"":707},{""x"":538,""y"":665,""t"":780},{""x"":380,""y"":640,""t"":856},{""x"":258,""y"":655,""t"":929},{""x"":179,""y"":562,""t"":1004},{""x"":142,""y"":555,""t"":1078},{""x"":194,""y"":606,""t"":1151},{""x"":331,""y"":653,""t"":1225},{""x"":379,""y"":714,""t"":1300},{""x"":417,""y"":720,""t"":1373},{""x"":533,""y"":784,""t"":1447},{""x"":532,""y"":823,""t"":1520},{""x"":688,""y"":805,""t"":1601},{""x"":723,""y"":808,""t"":1676},{""x"":779,""y"":752,""t"":1757},{""x"":867,""y"":717,""t"":1831},{""x"":824,""y"":685,""t"":1904},{""x"":826,""y"":646,""t"":1977},{""x"":957,""y"":660,""t"":2051},{""x"":1144,""y"":599,""t"":2125},{""x"":1246,""y"":572,""t"":2197},{""x"":1340,""y"":533,""t"":2272},{""x"":1437,""y"":535,""t"":2350},{""x"":1502,""y"":537,""t"":2426},{""x"":1513,""y"":513,""t"":2499},{""x"":1505,""y"":556,""t"":2574},{""x"":1519,""y"":575,""t"":2649},{""x"":1606,""y"":618,""t"":2728},{""x"":1654,""y"":595,""t"":2801},{""x"":1571,""y"":631,""t"":2874},{""x"":1323,""y"":669,""t"":2946},{""x"":1147,""y"":658,""t"":3021},{""x"":1002,""y"":726,""t"":3095},{""x"":955,""y"":689,""t"":3169},{""x"":996,""y"":703,""t"":3243},{""x"":940,""y"":666,""t"":3320},{""x"":781,""y"":665,""t"":3392},{""x"":630,""y"":664,""t"":3465},{""x"":508,""y"":618,""t"":3539},{""x"":426,""y"":646,""t"":3613},{""x"":332,""y"":624,""t"":3688},{""x"":340,""y"":689,""t"":3761},{""x"":395,""y"":695,""t"":3836},{""x"":330,""y"":772,""t"":3910},{""x"":482,""y"":763,""t"":3984},{""x"":591,""y"":766,""t"":4058},{""x"":537,""y"":780,""t"":4131},{""x"":604,""y"":815,""t"":4208},{""x"":622,""y"":824,""t"":4296},{""x"":564,""y"":831,""t"":4376},{""x"":558,""y"":810,""t"":4459},{""x"":503,""y"":799,""t"":4542},{""x"":420,""y"":791,""t"":4629},{""x"":499,""y"":762,""t"":4710},{""x"":652,""y"":750,""t"":4784},{""x"":898,""y"":686,""t"":4859},{""x"":1067,""y"":601,""t"":4934},{""x"":1206,""y"":616,""t"":5007},{""x"":1224,""y"":583,""t"":5082},{""x"":1359,""y"":604,""t"":5155},{""x"":1354,""y"":570,""t"":5231},{""x"":1389,""y"":611,""t"":5305},{""x"":1192,""y"":641,""t"":5382},{""x"":1100,""y"":688,""t"":5462},{""x"":982,""y"":680,""t"":5533},{""x"":859,""y"":711,""t"":5607},{""x"":764,""y"":711,""t"":5683},{""x"":695,""y"":750,""t"":5758},{""x"":734,""y"":698,""t"":5834},{""x"":580,""y"":721,""t"":5908},{""x"":561,""y"":688,""t"":5986},{""x"":730,""y"":702,""t"":6066},{""x"":753,""y"":684,""t"":6139},{""x"":732,""y"":688,""t"":6216},{""x"":741,""y"":671,""t"":6293},{""x"":745,""y"":668,""t"":6368},{""x"":685,""y"":674,""t"":6442}]",1,0.3568557682892524,0.6431442317107475,wa_dn,0
4-alternatives,0,27,exp_26,1.0,716.7999999821186,0.3,0.17,2.0,3.0,higher_p,higher_m,0,1,alternatives,0.0,False,0.6,0.51,0.0899999999999999,0.3499494233597794,0.6,0.4,0.5,0.5,0.0,0.0,higher_p,higher_p,False,"{""durations"":[1000,1500,1000,1500],""alternatives"":[1,0,1,0],""attributes"":[""all"",""all"",""all"",""all""]}","[{""x"":1039,""y"":622,""t"":-79},{""x"":999,""y"":632,""t"":0},{""x"":975,""y"":643,""t"":112},{""x"":905,""y"":663,""t"":241},{""x"":927,""y"":742,""t"":314},{""x"":1004,""y"":768,""t"":389},{""x"":1128,""y"":724,""t"":465},{""x"":1146,""y"":719,""t"":538},{""x"":1237,""y"":709,""t"":613},{""x"":1324,""y"":655,""t"":691},{""x"":1367,""y"":660,""t"":766},{""x"":1444,""y"":660,""t"":840},{""x"":1432,""y"":646,""t"":914},{""x"":1218,""y"":655,""t"":994},{""x"":1012,""y"":625,""t"":1070},{""x"":1016,""y"":616,""t"":1148},{""x"":879,""y"":629,""t"":1221},{""x"":754,""y"":603,""t"":1293},{""x"":621,""y"":605,""t"":1368},{""x"":441,""y"":621,""t"":1441},{""x"":304,""y"":670,""t"":1521},{""x"":301,""y"":709,""t"":1596},{""x"":339,""y"":688,""t"":1672},{""x"":436,""y"":723,""t"":1744},{""x"":473,""y"":746,""t"":1819},{""x"":442,""y"":764,""t"":1892},{""x"":601,""y"":779,""t"":1972},{""x"":588,""y"":764,""t"":2048},{""x"":630,""y"":779,""t"":2121},{""x"":701,""y"":805,""t"":2195},{""x"":756,""y"":766,""t"":2267},{""x"":859,""y"":784,""t"":2341},{""x"":930,""y"":754,""t"":2414},{""x"":967,""y"":733,""t"":2489},{""x"":1080,""y"":676,""t"":2564},{""x"":1232,""y"":634,""t"":2640},{""x"":1350,""y"":571,""t"":2720},{""x"":1450,""y"":542,""t"":2800},{""x"":1504,""y"":515,""t"":2872},{""x"":1524,""y"":500,""t"":2946},{""x"":1500,""y"":582,""t"":3023},{""x"":1416,""y"":611,""t"":3095},{""x"":1406,""y"":617,""t"":3170},{""x"":1397,""y"":650,""t"":3243},{""x"":1423,""y"":605,""t"":3318},{""x"":1400,""y"":571,""t"":3391},{""x"":1315,""y"":592,""t"":3465},{""x"":1347,""y"":606,""t"":3547},{""x"":1311,""y"":581,""t"":3620},{""x"":1299,""y"":573,""t"":3694},{""x"":1348,""y"":569,""t"":3775},{""x"":1379,""y"":561,""t"":3850},{""x"":1384,""y"":540,""t"":3925},{""x"":1257,""y"":506,""t"":3997},{""x"":976,""y"":497,""t"":4072},{""x"":831,""y"":483,""t"":4145},{""x"":645,""y"":525,""t"":4217},{""x"":618,""y"":558,""t"":4292},{""x"":572,""y"":643,""t"":4368},{""x"":463,""y"":711,""t"":4444},{""x"":427,""y"":725,""t"":4520},{""x"":559,""y"":723,""t"":4593},{""x"":543,""y"":729,""t"":4670},{""x"":494,""y"":784,""t"":4748},{""x"":512,""y"":750,""t"":4824},{""x"":593,""y"":743,""t"":4900},{""x"":743,""y"":756,""t"":4979},{""x"":906,""y"":719,""t"":5054},{""x"":1110,""y"":719,""t"":5128},{""x"":1190,""y"":678,""t"":5205},{""x"":1281,""y"":661,""t"":5282},{""x"":1324,""y"":647,""t"":5359},{""x"":1437,""y"":681,""t"":5433},{""x"":1461,""y"":696,""t"":5509},{""x"":1506,""y"":711,""t"":5590},{""x"":1465,""y"":778,""t"":5667},{""x"":1448,""y"":748,""t"":5740},{""x"":1355,""y"":779,""t"":5816},{""x"":1256,""y"":755,""t"":5890},{""x"":1128,""y"":769,""t"":5964},{""x"":1068,""y"":766,""t"":6062},{""x"":1062,""y"":772,""t"":6170},{""x"":976,""y"":762,""t"":6247},{""x"":965,""y"":724,""t"":6323},{""x"":1083,""y"":685,""t"":6401}]",0,0.46816967872985427,0.5318303212701457,wa_dn,0
4-alternatives,0,28,exp_94,0.0,492.6999999880791,0.5,0.38,3.0,4.0,higher_p,higher_m,0,1,alternatives,0.0,False,1.5,1.52,-0.02,0.2367304922727919,0.4,0.6,0.5,0.5,1.0,1.0,higher_m,higher_m,True,"{""durations"":[1000,1500,1000,1500],""alternatives"":[0,1,0,1],""attributes"":[""all"",""all"",""all"",""all""]}","[{""x"":930,""y"":517,""t"":-79},{""x"":882,""y"":522,""t"":0},{""x"":842,""y"":582,""t"":151},{""x"":824,""y"":603,""t"":261},{""x"":828,""y"":598,""t"":337},{""x"":757,""y"":632,""t"":419},{""x"":856,""y"":614,""t"":496},{""x"":945,""y"":625,""t"":573},{""x"":1146,""y"":602,""t"":647},{""x"":1235,""y"":632,""t"":722},{""x"":1330,""y"":630,""t"":801},{""x"":1414,""y"":592,""t"":875},{""x"":1445,""y"":610,""t"":950},{""x"":1433,""y"":600,""t"":1026},{""x"":1430,""y"":587,""t"":1109},{""x"":1383,""y"":553,""t"":1185},{""x"":1334,""y"":570,""t"":1259},{""x"":1330,""y"":530,""t"":1338},{""x"":1051,""y"":573,""t"":1412},{""x"":903,""y"":642,""t"":1487},{""x"":738,""y"":653,""t"":1563},{""x"":752,""y"":644,""t"":1638},{""x"":647,""y"":666,""t"":1713},{""x"":600,""y"":671,""t"":1789},{""x"":574,""y"":699,""t"":1868},{""x"":465,""y"":662,""t"":1943},{""x"":460,""y"":684,""t"":2017},{""x"":345,""y"":672,""t"":2113},{""x"":403,""y"":713,""t"":2189},{""x"":461,""y"":708,""t"":2267},{""x"":574,""y"":752,""t"":2341},{""x"":499,""y"":748,""t"":2417},{""x"":435,""y"":769,""t"":2490},{""x"":376,""y"":738,""t"":2564},{""x"":280,""y"":745,""t"":2640},{""x"":254,""y"":730,""t"":2715},{""x"":314,""y"":723,""t"":2794},{""x"":344,""y"":761,""t"":2874},{""x"":485,""y"":796,""t"":2946},{""x"":638,""y"":746,""t"":3019},{""x"":835,""y"":675,""t"":3094},{""x"":1017,""y"":657,""t"":3170},{""x"":1094,""y"":660,""t"":3246},{""x"":1198,""y"":629,""t"":3321},{""x"":1289,""y"":631,""t"":3396},{""x"":1258,""y"":576,""t"":3475},{""x"":1314,""y"":589,""t"":3559},{""x"":1365,""y"":593,""t"":3633},{""x"":1370,""y"":583,""t"":3709},{""x"":1373,""y"":619,""t"":3788},{""x"":1372,""y"":623,""t"":3871},{""x"":1447,""y"":629,""t"":3944},{""x"":1438,""y"":630,""t"":4018},{""x"":1506,""y"":654,""t"":4090},{""x"":1544,""y"":627,""t"":4165},{""x"":1634,""y"":637,""t"":4241},{""x"":1538,""y"":585,""t"":4317},{""x"":1427,""y"":606,""t"":4392},{""x"":1268,""y"":657,""t"":4467},{""x"":1203,""y"":675,""t"":4542},{""x"":1143,""y"":688,""t"":4615},{""x"":982,""y"":681,""t"":4690},{""x"":790,""y"":690,""t"":4764},{""x"":568,""y"":683,""t"":4841},{""x"":525,""y"":663,""t"":4916},{""x"":568,""y"":658,""t"":4991},{""x"":559,""y"":653,""t"":5067},{""x"":703,""y"":647,""t"":5140},{""x"":792,""y"":679,""t"":5216},{""x"":920,""y"":648,""t"":5289},{""x"":1024,""y"":661,""t"":5366},{""x"":1114,""y"":716,""t"":5447},{""x"":1183,""y"":705,""t"":5524},{""x"":1307,""y"":712,""t"":5603},{""x"":1272,""y"":721,""t"":5678},{""x"":1183,""y"":684,""t"":5752},{""x"":1155,""y"":666,""t"":5827},{""x"":1109,""y"":673,""t"":5909},{""x"":1118,""y"":648,""t"":5986},{""x"":1051,""y"":612,""t"":6062},{""x"":1044,""y"":659,""t"":6138},{""x"":1003,""y"":655,""t"":6212},{""x"":1026,""y"":635,""t"":6287}]",1,0.44702907045127577,0.5529709295487242,wa_dn,0
4-alternatives,0,31,exp_58,1.0,664.5,0.41,0.21,1.7999999999999998,6.2,higher_p,higher_m,0,1,alternatives,0.0,False,0.7379999999999999,1.302,-0.5640000000000002,-0.3231885851028555,0.6,0.4,0.5,0.5,0.0,0.0,higher_p,higher_p,False,"{""durations"":[1000,1500,1000,1500],""alternatives"":[1,0,1,0],""attributes"":[""all"",""all"",""all"",""all""]}","[{""x"":777,""y"":626,""t"":-78},{""x"":814,""y"":666,""t"":0},{""x"":898,""y"":674,""t"":107},{""x"":954,""y"":688,""t"":232},{""x"":882,""y"":760,""t"":324},{""x"":723,""y"":740,""t"":400},{""x"":641,""y"":747,""t"":477},{""x"":650,""y"":714,""t"":552},{""x"":563,""y"":707,""t"":628},{""x"":487,""y"":712,""t"":704},{""x"":429,""y"":764,""t"":779},{""x"":516,""y"":773,""t"":857},{""x"":443,""y"":795,""t"":931},{""x"":435,""y"":761,""t"":1007},{""x"":556,""y"":748,""t"":1083},{""x"":559,""y"":771,""t"":1162},{""x"":564,""y"":777,""t"":1238},{""x"":550,""y"":770,""t"":1312},{""x"":556,""y"":715,""t"":1388},{""x"":532,""y"":711,""t"":1463},{""x"":690,""y"":624,""t"":1575},{""x"":688,""y"":610,""t"":1629},{""x"":850,""y"":568,""t"":1710},{""x"":880,""y"":549,""t"":1791},{""x"":1084,""y"":530,""t"":1864},{""x"":1155,""y"":541,""t"":1938},{""x"":1168,""y"":546,""t"":2010},{""x"":1234,""y"":607,""t"":2082},{""x"":1248,""y"":605,""t"":2158},{""x"":1313,""y"":639,""t"":2232},{""x"":1434,""y"":575,""t"":2307},{""x"":1460,""y"":617,""t"":2382},{""x"":1534,""y"":651,""t"":2458},{""x"":1576,""y"":656,""t"":2532},{""x"":1611,""y"":676,""t"":2606},{""x"":1494,""y"":718,""t"":2686},{""x"":1403,""y"":739,""t"":2765},{""x"":1255,""y"":765,""t"":2845},{""x"":954,""y"":771,""t"":2920},{""x"":802,""y"":782,""t"":2994},{""x"":717,""y"":792,""t"":3069},{""x"":594,""y"":812,""t"":3141},{""x"":528,""y"":768,""t"":3215},{""x"":423,""y"":719,""t"":3289},{""x"":323,""y"":674,""t"":3364},{""x"":187,""y"":694,""t"":3440},{""x"":115,""y"":626,""t"":3519},{""x"":299,""y"":617,""t"":3594},{""x"":366,""y"":644,""t"":3668},{""x"":426,""y"":710,""t"":3745},{""x"":469,""y"":748,""t"":3827},{""x"":696,""y"":725,""t"":3904},{""x"":888,""y"":728,""t"":3979},{""x"":1013,""y"":704,""t"":4053},{""x"":1165,""y"":702,""t"":4138},{""x"":1260,""y"":630,""t"":4216},{""x"":1288,""y"":623,""t"":4289},{""x"":1306,""y"":624,""t"":4365},{""x"":1400,""y"":635,""t"":4441},{""x"":1462,""y"":603,""t"":4516},{""x"":1448,""y"":598,""t"":4589},{""x"":1457,""y"":600,""t"":4664},{""x"":1474,""y"":637,""t"":4739},{""x"":1508,""y"":559,""t"":4812},{""x"":1377,""y"":560,""t"":4889},{""x"":1307,""y"":568,""t"":4964},{""x"":1259,""y"":602,""t"":5039},{""x"":1349,""y"":589,""t"":5115},{""x"":1318,""y"":630,""t"":5189},{""x"":1332,""y"":634,""t"":5265},{""x"":1334,""y"":672,""t"":5340},{""x"":1291,""y"":665,""t"":5427},{""x"":1209,""y"":723,""t"":5510},{""x"":1177,""y"":740,""t"":5585},{""x"":1017,""y"":748,""t"":5662},{""x"":969,""y"":699,""t"":5736},{""x"":925,""y"":700,""t"":5810},{""x"":887,""y"":733,""t"":5887},{""x"":754,""y"":732,""t"":5960},{""x"":732,""y"":685,""t"":6039},{""x"":840,""y"":711,""t"":6119},{""x"":790,""y"":710,""t"":6192},{""x"":742,""y"":677,""t"":6271},{""x"":738,""y"":661,""t"":6344},{""x"":716,""y"":623,""t"":6418},{""x"":729,""y"":589,""t"":6497}]",1,0.22775425297310364,0.7722457470268964,wa_dn,0
4-alternatives,0,32,exp_64,1.0,669.5,0.72,0.51,4.2,5.2,higher_p,higher_m,0,1,alternatives,0.0,False,3.024,2.652,0.3719999999999999,0.64020159214642,0.6,0.4,0.5,0.5,0.0,1.0,higher_p,higher_m,False,"{""durations"":[1500,1000,1500,1000],""alternatives"":[0,1,0,1],""attributes"":[""all"",""all"",""all"",""all""]}","[{""x"":1073,""y"":652,""t"":-107},{""x"":1050,""y"":642,""t"":-31},{""x"":984,""y"":613,""t"":0},{""x"":910,""y"":628,""t"":87},{""x"":870,""y"":641,""t"":288},{""x"":816,""y"":566,""t"":363},{""x"":701,""y"":589,""t"":441},{""x"":551,""y"":577,""t"":515},{""x"":504,""y"":524,""t"":608},{""x"":492,""y"":561,""t"":687},{""x"":603,""y"":617,""t"":760},{""x"":596,""y"":687,""t"":868},{""x"":548,""y"":745,""t"":941},{""x"":612,""y"":747,""t"":1015},{""x"":572,""y"":808,""t"":1092},{""x"":703,""y"":825,""t"":1165},{""x"":883,""y"":750,""t"":1240},{""x"":959,""y"":765,""t"":1314},{""x"":919,""y"":719,""t"":1387},{""x"":905,""y"":656,""t"":1462},{""x"":890,""y"":580,""t"":1537},{""x"":786,""y"":537,""t"":1625},{""x"":683,""y"":554,""t"":1703},{""x"":620,""y"":637,""t"":1779},{""x"":736,""y"":659,""t"":1853},{""x"":806,""y"":700,""t"":1929},{""x"":967,""y"":686,""t"":2010},{""x"":1016,""y"":632,""t"":2085},{""x"":1215,""y"":620,""t"":2163},{""x"":1282,""y"":610,""t"":2240},{""x"":1384,""y"":622,""t"":2315},{""x"":1472,""y"":587,""t"":2392},{""x"":1434,""y"":579,""t"":2468},{""x"":1427,""y"":519,""t"":2543},{""x"":1358,""y"":530,""t"":2630},{""x"":1375,""y"":512,""t"":2717},{""x"":1289,""y"":459,""t"":2806},{""x"":1160,""y"":508,""t"":2880},{""x"":1076,""y"":546,""t"":2960},{""x"":1014,""y"":531,""t"":3034},{""x"":849,""y"":534,""t"":3107},{""x"":762,""y"":566,""t"":3182},{""x"":621,""y"":583,""t"":3260},{""x"":535,""y"":570,""t"":3336},{""x"":501,""y"":594,""t"":3410},{""x"":493,""y"":649,""t"":3485},{""x"":454,""y"":679,""t"":3560},{""x"":485,""y"":731,""t"":3639},{""x"":443,""y"":793,""t"":3712},{""x"":415,""y"":809,""t"":3785},{""x"":502,""y"":777,""t"":3862},{""x"":561,""y"":756,""t"":3938},{""x"":579,""y"":794,""t"":4012},{""x"":683,""y"":819,""t"":4088},{""x"":867,""y"":798,""t"":4163},{""x"":1033,""y"":762,""t"":4241},{""x"":1207,""y"":709,""t"":4319},{""x"":1262,""y"":631,""t"":4398},{""x"":1350,""y"":589,""t"":4474},{""x"":1436,""y"":540,""t"":4550},{""x"":1548,""y"":522,""t"":4632},{""x"":1589,""y"":546,""t"":4706},{""x"":1569,""y"":517,""t"":4781},{""x"":1487,""y"":542,""t"":4856},{""x"":1522,""y"":568,""t"":4931},{""x"":1548,""y"":590,""t"":5007},{""x"":1570,""y"":633,""t"":5083},{""x"":1552,""y"":622,""t"":5158},{""x"":1488,""y"":656,""t"":5236},{""x"":1470,""y"":657,""t"":5308},{""x"":1477,""y"":689,""t"":5384},{""x"":1402,""y"":692,""t"":5466},{""x"":1327,""y"":671,""t"":5561},{""x"":1294,""y"":644,""t"":5645},{""x"":1162,""y"":688,""t"":5718},{""x"":1096,""y"":701,""t"":5793},{""x"":1089,""y"":760,""t"":5867},{""x"":1012,""y"":811,""t"":5943},{""x"":1009,""y"":772,""t"":6019},{""x"":939,""y"":758,""t"":6102},{""x"":929,""y"":799,""t"":6177},{""x"":904,""y"":779,""t"":6253},{""x"":824,""y"":748,""t"":6327},{""x"":901,""y"":744,""t"":6403},{""x"":1008,""y"":745,""t"":6478}]",0,0.49477277522929275,0.5052272247707073,wa_dn,0
4-alternatives,0,33,exp_36,0.0,307.90000000596046,0.79,0.7,2.0,3.2,higher_p,higher_m,0,1,alternatives,0.0,False,1.58,2.24,-0.6599999999999997,-0.4219978340514987,0.4,0.6,0.5,0.5,1.0,0.0,higher_m,higher_p,True,"{""durations"":[1500,1000,1500,1000],""alternatives"":[1,0,1,0],""attributes"":[""all"",""all"",""all"",""all""]}","[{""x"":1111,""y"":715,""t"":-79},{""x"":977,""y"":730,""t"":0},{""x"":963,""y"":735,""t"":106},{""x"":956,""y"":678,""t"":259},{""x"":919,""y"":638,""t"":334},{""x"":752,""y"":641,""t"":408},{""x"":763,""y"":626,""t"":494},{""x"":728,""y"":622,""t"":570},{""x"":815,""y"":600,""t"":644},{""x"":867,""y"":625,""t"":718},{""x"":885,""y"":626,""t"":793},{""x"":900,""y"":629,""t"":867},{""x"":944,""y"":634,""t"":942},{""x"":931,""y"":682,""t"":1017},{""x"":796,""y"":711,""t"":1092},{""x"":712,""y"":761,""t"":1168},{""x"":670,""y"":758,""t"":1242},{""x"":615,""y"":683,""t"":1315},{""x"":633,""y"":696,""t"":1390},{""x"":571,""y"":723,""t"":1466},{""x"":614,""y"":674,""t"":1542},{""x"":562,""y"":668,""t"":1627},{""x"":556,""y"":593,""t"":1701},{""x"":517,""y"":522,""t"":1777},{""x"":400,""y"":552,""t"":1850},{""x"":477,""y"":495,""t"":1923},{""x"":621,""y"":494,""t"":2013},{""x"":816,""y"":515,""t"":2089},{""x"":881,""y"":485,""t"":2163},{""x"":1016,""y"":507,""t"":2236},{""x"":1158,""y"":517,""t"":2310},{""x"":1199,""y"":550,""t"":2418},{""x"":1274,""y"":593,""t"":2499},{""x"":1317,""y"":633,""t"":2573},{""x"":1446,""y"":630,""t"":2648},{""x"":1497,""y"":662,""t"":2728},{""x"":1585,""y"":673,""t"":2802},{""x"":1626,""y"":698,""t"":2877},{""x"":1558,""y"":726,""t"":2950},{""x"":1424,""y"":816,""t"":3032},{""x"":1189,""y"":829,""t"":3106},{""x"":1095,""y"":827,""t"":3179},{""x"":930,""y"":823,""t"":3254},{""x"":831,""y"":813,""t"":3329},{""x"":695,""y"":844,""t"":3415},{""x"":597,""y"":845,""t"":3531},{""x"":518,""y"":846,""t"":3607},{""x"":450,""y"":871,""t"":3685},{""x"":440,""y"":923,""t"":3758},{""x"":376,""y"":918,""t"":3833},{""x"":439,""y"":908,""t"":3909},{""x"":479,""y"":854,""t"":3982},{""x"":419,""y"":850,""t"":4059},{""x"":274,""y"":813,""t"":4135},{""x"":325,""y"":750,""t"":4213},{""x"":316,""y"":700,""t"":4296},{""x"":392,""y"":642,""t"":4370},{""x"":593,""y"":621,""t"":4444},{""x"":718,""y"":623,""t"":4524},{""x"":908,""y"":625,""t"":4597},{""x"":1055,""y"":637,""t"":4675},{""x"":1182,""y"":656,""t"":4750},{""x"":1254,""y"":632,""t"":4826},{""x"":1335,""y"":538,""t"":4901},{""x"":1384,""y"":461,""t"":4976},{""x"":1425,""y"":462,""t"":5051},{""x"":1369,""y"":458,""t"":5125},{""x"":1406,""y"":494,""t"":5200},{""x"":1373,""y"":508,""t"":5274},{""x"":1411,""y"":564,""t"":5355},{""x"":1473,""y"":661,""t"":5431},{""x"":1409,""y"":693,""t"":5506},{""x"":1351,""y"":764,""t"":5583},{""x"":1285,""y"":834,""t"":5666},{""x"":1121,""y"":875,""t"":5742},{""x"":1021,""y"":819,""t"":5817},{""x"":1012,""y"":808,""t"":5891},{""x"":907,""y"":805,""t"":5966},{""x"":853,""y"":734,""t"":6042}]",0,0.3404608308593932,0.6595391691406067,wa_dn,0
4-alternatives,0,34,exp_108,0.0,687.0,0.78,0.4,2.1,3.0,higher_p,higher_m,0,1,alternatives,0.0,False,1.638,1.2000000000000002,0.4379999999999999,0.7081329507986126,0.4,0.6,0.5,0.5,1.0,0.0,higher_m,higher_p,True,"{""durations"":[1500,1000,1500,1000],""alternatives"":[1,0,1,0],""attributes"":[""all"",""all"",""all"",""all""]}","[{""x"":1059,""y"":643,""t"":-79},{""x"":1103,""y"":651,""t"":0},{""x"":1082,""y"":654,""t"":97},{""x"":992,""y"":654,""t"":251},{""x"":890,""y"":655,""t"":326},{""x"":821,""y"":643,""t"":402},{""x"":868,""y"":621,""t"":474},{""x"":896,""y"":634,""t"":548},{""x"":914,""y"":650,""t"":623},{""x"":1160,""y"":649,""t"":697},{""x"":1241,""y"":640,""t"":776},{""x"":1392,""y"":662,""t"":853},{""x"":1454,""y"":658,""t"":927},{""x"":1490,""y"":678,""t"":1005},{""x"":1488,""y"":653,""t"":1079},{""x"":1561,""y"":683,""t"":1153},{""x"":1500,""y"":727,""t"":1228},{""x"":1425,""y"":752,""t"":1308},{""x"":1429,""y"":748,""t"":1382},{""x"":1428,""y"":752,""t"":1457},{""x"":1402,""y"":714,""t"":1534},{""x"":1404,""y"":693,""t"":1614},{""x"":1453,""y"":673,""t"":1690},{""x"":1496,""y"":652,""t"":1765},{""x"":1402,""y"":665,""t"":1843},{""x"":1281,""y"":685,""t"":1918},{""x"":1074,""y"":756,""t"":1991},{""x"":1014,""y"":769,""t"":2064},{""x"":836,""y"":758,""t"":2140},{""x"":766,""y"":811,""t"":2212},{""x"":647,""y"":851,""t"":2288},{""x"":499,""y"":862,""t"":2362},{""x"":409,""y"":878,""t"":2435},{""x"":349,""y"":883,""t"":2511},{""x"":315,""y"":890,""t"":2587},{""x"":265,""y"":890,""t"":2664},{""x"":260,""y"":857,""t"":2750},{""x"":256,""y"":801,""t"":2826},{""x"":276,""y"":747,""t"":2899},{""x"":273,""y"":708,""t"":2974},{""x"":189,""y"":680,""t"":3051},{""x"":175,""y"":642,""t"":3124},{""x"":525,""y"":602,""t"":3199},{""x"":766,""y"":609,""t"":3282},{""x"":991,""y"":594,""t"":3354},{""x"":1086,""y"":603,""t"":3428},{""x"":1144,""y"":628,""t"":3504},{""x"":1235,""y"":633,""t"":3580},{""x"":1252,""y"":665,""t"":3654},{""x"":1127,""y"":670,""t"":3730},{""x"":987,""y"":714,""t"":3805},{""x"":925,""y"":748,""t"":3878},{""x"":830,""y"":739,""t"":3953},{""x"":681,""y"":750,""t"":4025},{""x"":524,""y"":754,""t"":4099},{""x"":410,""y"":786,""t"":4173},{""x"":439,""y"":804,""t"":4251},{""x"":343,""y"":803,""t"":4332},{""x"":414,""y"":828,""t"":4407},{""x"":401,""y"":848,""t"":4481},{""x"":438,""y"":872,""t"":4554},{""x"":484,""y"":897,""t"":4627},{""x"":531,""y"":896,""t"":4703},{""x"":624,""y"":853,""t"":4780},{""x"":573,""y"":881,""t"":4855},{""x"":587,""y"":846,""t"":4935},{""x"":551,""y"":786,""t"":5011},{""x"":585,""y"":753,""t"":5086},{""x"":501,""y"":718,""t"":5159},{""x"":443,""y"":647,""t"":5235},{""x"":407,""y"":688,""t"":5312},{""x"":412,""y"":677,""t"":5393},{""x"":600,""y"":679,""t"":5471},{""x"":559,""y"":676,""t"":5544},{""x"":621,""y"":658,""t"":5619},{""x"":685,""y"":695,""t"":5693},{""x"":794,""y"":661,""t"":5773},{""x"":816,""y"":669,""t"":5849},{""x"":854,""y"":735,""t"":5927},{""x"":853,""y"":716,""t"":6002},{""x"":848,""y"":710,""t"":6085},{""x"":923,""y"":710,""t"":6160},{""x"":815,""y"":725,""t"":6237},{""x"":816,""y"":671,""t"":6313},{""x"":851,""y"":658,""t"":6388},{""x"":795,""y"":646,""t"":6464}]",0,0.5106111077436916,0.4893888922563084,wa_dn,0
4-alternatives,0,38,exp_88,1.0,590.0999999940395,0.5,0.38,3.0,4.0,higher_p,higher_m,0,1,alternatives,0.0,False,1.5,1.52,-0.02,0.2367304922727919,0.6,0.4,0.5,0.5,0.0,1.0,higher_p,higher_m,False,"{""durations"":[1500,1000,1500,1000],""alternatives"":[0,1,0,1],""attributes"":[""all"",""all"",""all"",""all""]}","[{""x"":1057,""y"":555,""t"":-76},{""x"":1077,""y"":566,""t"":0},{""x"":1054,""y"":597,""t"":102},{""x"":976,""y"":637,""t"":233},{""x"":1007,""y"":646,""t"":326},{""x"":1039,""y"":624,""t"":399},{""x"":950,""y"":572,""t"":479},{""x"":1001,""y"":536,""t"":550},{""x"":931,""y"":500,""t"":623},{""x"":905,""y"":570,""t"":697},{""x"":784,""y"":647,""t"":770},{""x"":826,""y"":674,""t"":846},{""x"":792,""y"":700,""t"":920},{""x"":701,""y"":722,""t"":995},{""x"":688,""y"":657,""t"":1066},{""x"":741,""y"":599,""t"":1139},{""x"":812,""y"":577,""t"":1214},{""x"":694,""y"":552,""t"":1285},{""x"":751,""y"":508,""t"":1359},{""x"":699,""y"":479,""t"":1431},{""x"":790,""y"":430,""t"":1506},{""x"":901,""y"":454,""t"":1586},{""x"":944,""y"":405,""t"":1660},{""x"":919,""y"":417,""t"":1733},{""x"":1025,""y"":473,""t"":1806},{""x"":1108,""y"":511,""t"":1889},{""x"":1167,""y"":541,""t"":1962},{""x"":1207,""y"":505,""t"":2034},{""x"":1280,""y"":554,""t"":2107},{""x"":1298,""y"":593,""t"":2179},{""x"":1339,""y"":628,""t"":2251},{""x"":1381,""y"":691,""t"":2338},{""x"":1451,""y"":698,""t"":2412},{""x"":1446,""y"":670,""t"":2490},{""x"":1491,""y"":635,""t"":2599},{""x"":1520,""y"":596,""t"":2676},{""x"":1500,""y"":561,""t"":2754},{""x"":1541,""y"":535,""t"":2869},{""x"":1553,""y"":556,""t"":2896},{""x"":1488,""y"":588,""t"":2973},{""x"":1177,""y"":603,""t"":3045},{""x"":939,""y"":602,""t"":3119},{""x"":746,""y"":599,""t"":3191},{""x"":680,""y"":590,""t"":3265},{""x"":782,""y"":530,""t"":3376},{""x"":739,""y"":564,""t"":3403},{""x"":681,""y"":596,""t"":3483},{""x"":691,""y"":625,""t"":3561},{""x"":615,""y"":663,""t"":3633},{""x"":461,""y"":712,""t"":3706},{""x"":474,""y"":719,""t"":3818},{""x"":482,""y"":753,""t"":3849},{""x"":568,""y"":717,""t"":3930},{""x"":546,""y"":653,""t"":4005},{""x"":572,""y"":621,""t"":4078},{""x"":753,""y"":657,""t"":4152},{""x"":871,""y"":681,""t"":4230},{""x"":1018,""y"":670,""t"":4308},{""x"":1103,""y"":650,""t"":4381},{""x"":1232,""y"":648,""t"":4454},{""x"":1245,""y"":577,""t"":4533},{""x"":1308,""y"":537,""t"":4605},{""x"":1441,""y"":547,""t"":4680},{""x"":1483,""y"":534,""t"":4754},{""x"":1519,""y"":551,""t"":4825},{""x"":1572,""y"":571,""t"":4902},{""x"":1586,""y"":590,""t"":4974},{""x"":1584,""y"":621,""t"":5047},{""x"":1565,""y"":670,""t"":5122},{""x"":1571,""y"":661,""t"":5194},{""x"":1523,""y"":622,""t"":5269},{""x"":1463,""y"":632,""t"":5343},{""x"":1481,""y"":643,""t"":5422},{""x"":1466,""y"":636,""t"":5497},{""x"":1357,""y"":610,""t"":5569},{""x"":1243,""y"":592,""t"":5641},{""x"":1135,""y"":589,""t"":5712},{""x"":1143,""y"":563,""t"":5823},{""x"":1106,""y"":569,""t"":5853},{""x"":1033,""y"":565,""t"":5934},{""x"":975,""y"":572,""t"":6013},{""x"":993,""y"":582,""t"":6087},{""x"":999,""y"":588,""t"":6164},{""x"":926,""y"":587,""t"":6236},{""x"":924,""y"":592,""t"":6307},{""x"":1067,""y"":525,""t"":6378}]",1,0.44702907045127577,0.5529709295487242,wa_dn,0
4-alternatives,0,39,exp_116,1.0,532.4000000059605,0.49,0.22,4.2,7.9,higher_p,higher_m,0,1,alternatives,0.0,False,2.058,1.738,0.3199999999999998,0.5866799156325714,0.4,0.6,0.5,0.5,1.0,0.0,higher_m,higher_p,False,"{""durations"":[1500,1000,1500,1000],""alternatives"":[1,0,1,0],""attributes"":[""all"",""all"",""all"",""all""]}","[{""x"":976,""y"":530,""t"":-107},{""x"":983,""y"":604,""t"":-32},{""x"":1054,""y"":625,""t"":0},{""x"":1077,""y"":632,""t"":158},{""x"":988,""y"":654,""t"":305},{""x"":920,""y"":577,""t"":379},{""x"":770,""y"":630,""t"":455},{""x"":860,""y"":608,""t"":529},{""x"":984,""y"":557,""t"":605},{""x"":1094,""y"":546,""t"":679},{""x"":1133,""y"":505,""t"":753},{""x"":1286,""y"":467,""t"":827},{""x"":1342,""y"":491,""t"":900},{""x"":1405,""y"":463,""t"":973},{""x"":1333,""y"":481,""t"":1047},{""x"":1385,""y"":460,""t"":1121},{""x"":1445,""y"":496,""t"":1194},{""x"":1413,""y"":524,""t"":1268},{""x"":1447,""y"":527,""t"":1342},{""x"":1381,""y"":561,""t"":1419},{""x"":1425,""y"":544,""t"":1495},{""x"":1454,""y"":522,""t"":1568},{""x"":1429,""y"":560,""t"":1651},{""x"":1475,""y"":591,""t"":1730},{""x"":1559,""y"":617,""t"":1804},{""x"":1549,""y"":579,""t"":1886},{""x"":1360,""y"":594,""t"":1961},{""x"":1122,""y"":617,""t"":2034},{""x"":949,""y"":630,""t"":2110},{""x"":788,""y"":617,""t"":2201},{""x"":765,""y"":583,""t"":2277},{""x"":631,""y"":674,""t"":2351},{""x"":556,""y"":705,""t"":2425},{""x"":541,""y"":740,""t"":2499},{""x"":407,""y"":763,""t"":2573},{""x"":352,""y"":773,""t"":2648},{""x"":382,""y"":757,""t"":2728},{""x"":429,""y"":691,""t"":2801},{""x"":542,""y"":652,""t"":2875},{""x"":608,""y"":623,""t"":2949},{""x"":829,""y"":627,""t"":3024},{""x"":961,""y"":576,""t"":3099},{""x"":1159,""y"":520,""t"":3176},{""x"":1279,""y"":520,""t"":3249},{""x"":1346,""y"":492,""t"":3326},{""x"":1471,""y"":408,""t"":3402},{""x"":1507,""y"":448,""t"":3515},{""x"":1534,""y"":504,""t"":3546},{""x"":1541,""y"":560,""t"":3623},{""x"":1544,""y"":578,""t"":3696},{""x"":1594,""y"":647,""t"":3776},{""x"":1517,""y"":662,""t"":3851},{""x"":1558,""y"":656,""t"":3927},{""x"":1541,""y"":669,""t"":3999},{""x"":1446,""y"":628,""t"":4088},{""x"":1442,""y"":606,""t"":4163},{""x"":1319,""y"":603,""t"":4238},{""x"":1320,""y"":568,""t"":4318},{""x"":1338,""y"":553,""t"":4392},{""x"":1372,""y"":529,""t"":4467},{""x"":1403,""y"":559,""t"":4540},{""x"":1286,""y"":625,""t"":4614},{""x"":1197,""y"":606,""t"":4690},{""x"":1052,""y"":608,""t"":4763},{""x"":979,""y"":581,""t"":4837},{""x"":751,""y"":608,""t"":4913},{""x"":665,""y"":628,""t"":4987},{""x"":499,""y"":688,""t"":5058},{""x"":512,""y"":750,""t"":5132},{""x"":635,""y"":703,""t"":5222},{""x"":882,""y"":681,""t"":5295},{""x"":1081,""y"":667,""t"":5412},{""x"":1281,""y"":594,""t"":5487},{""x"":1451,""y"":599,""t"":5560},{""x"":1512,""y"":497,""t"":5636},{""x"":1504,""y"":533,""t"":5709},{""x"":1373,""y"":591,""t"":5785},{""x"":1302,""y"":582,""t"":5859},{""x"":1218,""y"":588,""t"":5942},{""x"":1153,""y"":602,""t"":6017},{""x"":1045,""y"":591,""t"":6090},{""x"":1062,""y"":581,""t"":6163},{""x"":1086,""y"":650,""t"":6237},{""x"":1111,""y"":629,""t"":6311}]",1,0.4305517457437961,0.5694482542562038,wa_dn,0
4-alternatives,0,40,exp_74,1.0,459.09999999403954,0.8,0.2,4.0,6.799999999999999,higher_p,higher_m,0,1,alternatives,0.0,False,3.2,1.36,1.8400000000000003,2.151159690652763,0.6,0.4,0.5,0.5,0.0,0.0,higher_p,higher_p,False,"{""durations"":[1000,1500,1000,1500],""alternatives"":[1,0,1,0],""attributes"":[""all"",""all"",""all"",""all""]}","[{""x"":942,""y"":710,""t"":-76},{""x"":900,""y"":682,""t"":0},{""x"":899,""y"":627,""t"":104},{""x"":892,""y"":680,""t"":240},{""x"":944,""y"":631,""t"":329},{""x"":1015,""y"":596,""t"":402},{""x"":1102,""y"":528,""t"":478},{""x"":1166,""y"":538,""t"":551},{""x"":1234,""y"":518,""t"":630},{""x"":1292,""y"":501,""t"":703},{""x"":1414,""y"":460,""t"":775},{""x"":1551,""y"":469,""t"":848},{""x"":1644,""y"":503,""t"":924},{""x"":1728,""y"":566,""t"":996},{""x"":1795,""y"":591,""t"":1075},{""x"":1819,""y"":597,""t"":1150},{""x"":1800,""y"":611,""t"":1225},{""x"":1658,""y"":625,""t"":1338},{""x"":1490,""y"":595,""t"":1369},{""x"":1422,""y"":552,""t"":1455},{""x"":1192,""y"":539,""t"":1527},{""x"":780,""y"":593,""t"":1600},{""x"":624,""y"":593,""t"":1675},{""x"":597,""y"":504,""t"":1749},{""x"":620,""y"":451,""t"":1823},{""x"":629,""y"":458,""t"":1894},{""x"":522,""y"":507,""t"":1974},{""x"":420,""y"":564,""t"":2083},{""x"":348,""y"":584,""t"":2113},{""x"":295,""y"":620,""t"":2189},{""x"":217,""y"":646,""t"":2261},{""x"":312,""y"":624,""t"":2335},{""x"":287,""y"":633,""t"":2411},{""x"":559,""y"":620,""t"":2486},{""x"":732,""y"":618,""t"":2561},{""x"":949,""y"":613,""t"":2636},{""x"":1173,""y"":526,""t"":2715},{""x"":1356,""y"":479,""t"":2788},{""x"":1455,""y"":510,""t"":2902},{""x"":1570,""y"":489,""t"":2930},{""x"":1626,""y"":469,""t"":3014},{""x"":1669,""y"":426,""t"":3088},{""x"":1631,""y"":463,""t"":3161},{""x"":1622,""y"":468,""t"":3237},{""x"":1670,""y"":493,""t"":3309},{""x"":1634,""y"":574,""t"":3382},{""x"":1630,""y"":609,""t"":3459},{""x"":1580,""y"":630,""t"":3533},{""x"":1524,""y"":642,""t"":3608},{""x"":1596,""y"":671,""t"":3686},{""x"":1647,""y"":674,""t"":3767},{""x"":1612,""y"":652,""t"":3840},{""x"":1633,""y"":617,""t"":3915},{""x"":1660,""y"":629,""t"":3994},{""x"":1589,""y"":632,""t"":4066},{""x"":1521,""y"":663,""t"":4142},{""x"":1470,""y"":659,""t"":4216},{""x"":1329,""y"":686,""t"":4292},{""x"":1303,""y"":669,""t"":4368},{""x"":1166,""y"":710,""t"":4441},{""x"":949,""y"":620,""t"":4515},{""x"":916,""y"":515,""t"":4590},{""x"":871,""y"":491,""t"":4709},{""x"":985,""y"":489,""t"":4738},{""x"":1007,""y"":505,""t"":4819},{""x"":1048,""y"":513,""t"":4897},{""x"":1123,""y"":495,""t"":5008},{""x"":1252,""y"":436,""t"":5041},{""x"":1357,""y"":472,""t"":5119},{""x"":1395,""y"":489,""t"":5194},{""x"":1476,""y"":466,""t"":5271},{""x"":1485,""y"":453,""t"":5350},{""x"":1458,""y"":441,""t"":5426},{""x"":1390,""y"":504,""t"":5503},{""x"":1293,""y"":531,""t"":5576},{""x"":1283,""y"":500,""t"":5649},{""x"":1365,""y"":498,""t"":5732},{""x"":1422,""y"":527,""t"":5810},{""x"":1430,""y"":502,""t"":5884},{""x"":1466,""y"":529,""t"":5960},{""x"":1468,""y"":541,""t"":6038},{""x"":1540,""y"":517,""t"":6111},{""x"":1543,""y"":487,""t"":6186}]",1,0.5779821868236893,0.4220178131763107,wa_dn,0
4-alternatives,0,42,exp_18,1.0,457.0,0.28,0.17,4.3,8.3,higher_p,higher_m,0,1,alternatives,0.0,False,1.204,1.4110000000000005,-0.2070000000000003,0.0442583094249128,0.6,0.4,0.5,0.5,0.0,0.0,higher_p,higher_p,False,"{""durations"":[1000,1500,1000,1500],""alternatives"":[1,0,1,0],""attributes"":[""all"",""all"",""all"",""all""]}","[{""x"":1099,""y"":667,""t"":-81},{""x"":1076,""y"":663,""t"":0},{""x"":1012,""y"":675,""t"":89},{""x"":966,""y"":694,""t"":179},{""x"":867,""y"":692,""t"":307},{""x"":800,""y"":684,""t"":407},{""x"":723,""y"":712,""t"":481},{""x"":841,""y"":718,""t"":560},{""x"":1044,""y"":697,""t"":638},{""x"":1237,""y"":609,""t"":719},{""x"":1364,""y"":580,""t"":792},{""x"":1460,""y"":556,""t"":865},{""x"":1512,""y"":551,""t"":937},{""x"":1607,""y"":562,""t"":1011},{""x"":1595,""y"":586,""t"":1091},{""x"":1630,""y"":655,""t"":1169},{""x"":1702,""y"":696,""t"":1243},{""x"":1684,""y"":724,""t"":1317},{""x"":1695,""y"":733,""t"":1392},{""x"":1646,""y"":746,""t"":1464},{""x"":1692,""y"":743,""t"":1540},{""x"":1658,""y"":732,""t"":1616},{""x"":1682,""y"":738,""t"":1691},{""x"":1699,""y"":726,""t"":1764},{""x"":1478,""y"":734,""t"":1838},{""x"":1218,""y"":692,""t"":1912},{""x"":1020,""y"":667,""t"":1991},{""x"":834,""y"":624,""t"":2063},{""x"":620,""y"":636,""t"":2135},{""x"":629,""y"":600,""t"":2210},{""x"":711,""y"":564,""t"":2324},{""x"":640,""y"":556,""t"":2352},{""x"":539,""y"":559,""t"":2437},{""x"":485,""y"":587,""t"":2512},{""x"":505,""y"":551,""t"":2591},{""x"":517,""y"":557,""t"":2668},{""x"":370,""y"":547,""t"":2746},{""x"":439,""y"":490,""t"":2818},{""x"":593,""y"":504,""t"":2893},{""x"":818,""y"":481,""t"":2965},{""x"":1042,""y"":465,""t"":3044},{""x"":1238,""y"":463,""t"":3120},{""x"":1353,""y"":473,""t"":3191},{""x"":1395,""y"":465,""t"":3264},{""x"":1487,""y"":521,""t"":3378},{""x"":1548,""y"":584,""t"":3409},{""x"":1639,""y"":632,""t"":3489},{""x"":1647,""y"":657,""t"":3563},{""x"":1571,""y"":605,""t"":3637},{""x"":1573,""y"":585,""t"":3711},{""x"":1577,""y"":546,""t"":3794},{""x"":1633,""y"":555,""t"":3869},{""x"":1679,""y"":561,""t"":3942},{""x"":1624,""y"":578,""t"":4033},{""x"":1622,""y"":595,""t"":4108},{""x"":1476,""y"":591,""t"":4189},{""x"":1360,""y"":614,""t"":4297},{""x"":1222,""y"":636,""t"":4374},{""x"":1096,""y"":670,""t"":4450},{""x"":1059,""y"":687,""t"":4529},{""x"":854,""y"":647,""t"":4602},{""x"":609,""y"":620,""t"":4675},{""x"":530,""y"":534,""t"":4750},{""x"":652,""y"":466,""t"":4826},{""x"":610,""y"":483,""t"":4899},{""x"":550,""y"":473,""t"":4974},{""x"":717,""y"":515,""t"":5051},{""x"":951,""y"":562,""t"":5123},{""x"":1093,""y"":534,""t"":5198},{""x"":1283,""y"":557,""t"":5269},{""x"":1348,""y"":543,""t"":5344},{""x"":1419,""y"":524,""t"":5425},{""x"":1463,""y"":489,""t"":5501},{""x"":1473,""y"":514,""t"":5573},{""x"":1431,""y"":525,""t"":5648},{""x"":1367,""y"":547,""t"":5723},{""x"":1375,""y"":502,""t"":5805},{""x"":1296,""y"":549,""t"":5883},{""x"":1377,""y"":507,""t"":5997},{""x"":1390,""y"":513,""t"":6025},{""x"":1412,""y"":525,""t"":6109},{""x"":1402,""y"":483,""t"":6185},{""x"":1322,""y"":449,""t"":6258}]",1,0.3568557682892524,0.6431442317107475,wa_dn,0
4-alternatives,0,45,exp_68,0.0,341.09999999403954,0.72,0.51,4.2,5.2,higher_p,higher_m,0,1,alternatives,0.0,False,3.024,2.652,0.3719999999999999,0.64020159214642,0.4,0.6,0.5,0.5,1.0,0.0,higher_m,higher_p,True,"{""durations"":[1500,1000,1500,1000],""alternatives"":[1,0,1,0],""attributes"":[""all"",""all"",""all"",""all""]}","[{""x"":1125,""y"":584,""t"":-104},{""x"":1159,""y"":591,""t"":-30},{""x"":1157,""y"":619,""t"":0},{""x"":1147,""y"":626,""t"":101},{""x"":1139,""y"":630,""t"":306},{""x"":1067,""y"":612,""t"":379},{""x"":1000,""y"":605,""t"":457},{""x"":909,""y"":621,""t"":534},{""x"":940,""y"":600,""t"":609},{""x"":888,""y"":604,""t"":682},{""x"":851,""y"":666,""t"":794},{""x"":755,""y"":727,""t"":825},{""x"":786,""y"":722,""t"":903},{""x"":746,""y"":757,""t"":977},{""x"":599,""y"":753,""t"":1053},{""x"":597,""y"":686,""t"":1128},{""x"":752,""y"":660,""t"":1201},{""x"":696,""y"":601,""t"":1284},{""x"":750,""y"":572,""t"":1357},{""x"":776,""y"":521,""t"":1433},{""x"":895,""y"":462,""t"":1507},{""x"":815,""y"":464,""t"":1585},{""x"":820,""y"":419,""t"":1665},{""x"":815,""y"":366,""t"":1740},{""x"":717,""y"":372,""t"":1813},{""x"":808,""y"":422,""t"":1888},{""x"":983,""y"":434,""t"":1961},{""x"":1089,""y"":460,""t"":2037},{""x"":1217,""y"":437,""t"":2111},{""x"":1333,""y"":431,""t"":2186},{""x"":1389,""y"":467,""t"":2260},{""x"":1467,""y"":544,""t"":2337},{""x"":1520,""y"":609,""t"":2411},{""x"":1572,""y"":647,""t"":2486},{""x"":1542,""y"":691,""t"":2563},{""x"":1410,""y"":631,""t"":2638},{""x"":1421,""y"":603,""t"":2718},{""x"":1471,""y"":555,""t"":2793},{""x"":1449,""y"":550,""t"":2866},{""x"":1208,""y"":547,""t"":2957},{""x"":1089,""y"":579,""t"":3064},{""x"":963,""y"":524,""t"":3137},{""x"":823,""y"":507,""t"":3213},{""x"":825,""y"":559,""t"":3287},{""x"":831,""y"":621,""t"":3365},{""x"":806,""y"":641,""t"":3440},{""x"":758,""y"":686,""t"":3514},{""x"":769,""y"":717,""t"":3591},{""x"":839,""y"":788,""t"":3667},{""x"":894,""y"":841,""t"":3741},{""x"":923,""y"":817,""t"":3853},{""x"":1026,""y"":740,""t"":3882},{""x"":1139,""y"":672,""t"":3961},{""x"":1256,""y"":628,""t"":4038},{""x"":1331,""y"":629,""t"":4111},{""x"":1416,""y"":558,""t"":4188},{""x"":1514,""y"":542,""t"":4267},{""x"":1589,""y"":503,""t"":4343},{""x"":1591,""y"":465,""t"":4418},{""x"":1550,""y"":437,""t"":4491},{""x"":1556,""y"":452,""t"":4566},{""x"":1564,""y"":481,""t"":4644},{""x"":1615,""y"":518,""t"":4721},{""x"":1658,""y"":561,""t"":4796},{""x"":1627,""y"":618,""t"":4871},{""x"":1660,""y"":674,""t"":4945},{""x"":1630,""y"":720,""t"":5017},{""x"":1605,""y"":744,""t"":5091},{""x"":1585,""y"":736,""t"":5164},{""x"":1575,""y"":740,""t"":5240},{""x"":1455,""y"":733,""t"":5319},{""x"":1427,""y"":724,""t"":5402},{""x"":1424,""y"":666,""t"":5479},{""x"":1386,""y"":652,""t"":5553},{""x"":1372,""y"":619,""t"":5627},{""x"":1322,""y"":587,""t"":5711},{""x"":1306,""y"":578,""t"":5787},{""x"":1326,""y"":566,""t"":5860},{""x"":1340,""y"":526,""t"":5934},{""x"":1256,""y"":562,""t"":6010},{""x"":1239,""y"":572,""t"":6085}]",0,0.49477277522929275,0.5052272247707073,wa_dn,0
4-alternatives,0,46,catch_0,0.0,769.0,0.19,0.72,2.0,3.0,dominated,dominant,1,1,alternatives,0.0,False,0.38,2.16,-1.7800000000000002,-1.5747724051190084,0.5,0.5,0.5,0.5,,1.0,,dominant,False,"{""durations"":[1250,1250,1250,1250],""attributes"":[""all"",""all"",""all"",""all""],""alternatives"":[0,1,0,1]}","[{""x"":1157,""y"":684,""t"":-94},{""x"":1113,""y"":667,""t"":0},{""x"":1091,""y"":705,""t"":88},{""x"":1065,""y"":727,""t"":163},{""x"":859,""y"":717,""t"":313},{""x"":853,""y"":709,""t"":408},{""x"":808,""y"":646,""t"":481},{""x"":760,""y"":643,""t"":560},{""x"":794,""y"":649,""t"":636},{""x"":841,""y"":612,""t"":712},{""x"":809,""y"":621,""t"":786},{""x"":705,""y"":630,""t"":865},{""x"":705,""y"":616,""t"":938},{""x"":636,""y"":600,""t"":1010},{""x"":636,""y"":575,""t"":1082},{""x"":573,""y"":571,""t"":1155},{""x"":534,""y"":582,""t"":1230},{""x"":520,""y"":640,""t"":1306},{""x"":558,""y"":656,""t"":1387},{""x"":519,""y"":707,""t"":1461},{""x"":536,""y"":748,""t"":1536},{""x"":743,""y"":739,""t"":1621},{""x"":975,""y"":721,""t"":1693},{""x"":1105,""y"":679,""t"":1767},{""x"":1250,""y"":644,""t"":1845},{""x"":1340,""y"":637,""t"":1920},{""x"":1466,""y"":605,""t"":1994},{""x"":1510,""y"":599,""t"":2067},{""x"":1525,""y"":594,""t"":2139},{""x"":1573,""y"":569,""t"":2212},{""x"":1560,""y"":511,""t"":2321},{""x"":1578,""y"":487,""t"":2352},{""x"":1526,""y"":492,""t"":2432},{""x"":1496,""y"":514,""t"":2510},{""x"":1552,""y"":495,""t"":2584},{""x"":1571,""y"":558,""t"":2663},{""x"":1576,""y"":640,""t"":2743},{""x"":1560,""y"":689,""t"":2815},{""x"":1496,""y"":726,""t"":2893},{""x"":1380,""y"":730,""t"":2967},{""x"":1270,""y"":735,""t"":3040},{""x"":974,""y"":740,""t"":3114},{""x"":968,""y"":705,""t"":3189},{""x"":839,""y"":661,""t"":3270},{""x"":665,""y"":682,""t"":3345},{""x"":689,""y"":632,""t"":3419},{""x"":710,""y"":612,""t"":3493},{""x"":666,""y"":615,""t"":3566},{""x"":649,""y"":575,""t"":3645},{""x"":653,""y"":526,""t"":3718},{""x"":837,""y"":588,""t"":3792},{""x"":976,""y"":569,""t"":3869},{""x"":1124,""y"":566,""t"":3941},{""x"":1218,""y"":543,""t"":4016},{""x"":1373,""y"":584,""t"":4095},{""x"":1441,""y"":554,""t"":4170},{""x"":1462,""y"":532,""t"":4243},{""x"":1487,""y"":552,""t"":4318},{""x"":1525,""y"":559,""t"":4394},{""x"":1526,""y"":617,""t"":4467},{""x"":1593,""y"":655,""t"":4543},{""x"":1582,""y"":701,""t"":4618},{""x"":1579,""y"":707,""t"":4692},{""x"":1582,""y"":704,""t"":4767},{""x"":1646,""y"":613,""t"":4840},{""x"":1600,""y"":624,""t"":4917},{""x"":1607,""y"":626,""t"":4992},{""x"":1553,""y"":668,""t"":5067},{""x"":1523,""y"":638,""t"":5142},{""x"":1465,""y"":653,""t"":5214},{""x"":1412,""y"":677,""t"":5287},{""x"":1397,""y"":655,""t"":5360},{""x"":1389,""y"":615,""t"":5439},{""x"":1334,""y"":589,""t"":5514},{""x"":1327,""y"":577,""t"":5587},{""x"":1242,""y"":605,""t"":5668},{""x"":1132,""y"":637,""t"":5742},{""x"":1038,""y"":668,""t"":5817},{""x"":1008,""y"":662,""t"":5892},{""x"":936,""y"":670,""t"":5965},{""x"":942,""y"":697,""t"":6040},{""x"":974,""y"":730,""t"":6130},{""x"":975,""y"":762,""t"":6210},{""x"":905,""y"":728,""t"":6287},{""x"":918,""y"":749,""t"":6394},{""x"":908,""y"":745,""t"":6468},{""x"":948,""y"":722,""t"":6542}]",1,0.13771878320320974,0.8622812167967903,wa_dn,0
4-alternatives,0,47,exp_102,1.0,602.3000000119209,0.58,0.38,4.9,6.9,higher_p,higher_m,0,1,alternatives,0.0,False,2.842,2.6220000000000003,0.2199999999999997,0.4837536146444008,0.4,0.6,0.5,0.5,1.0,1.0,higher_m,higher_m,False,"{""durations"":[1000,1500,1000,1500],""alternatives"":[0,1,0,1],""attributes"":[""all"",""all"",""all"",""all""]}","[{""x"":1070,""y"":696,""t"":-92},{""x"":1080,""y"":684,""t"":0},{""x"":1003,""y"":689,""t"":106},{""x"":974,""y"":694,""t"":238},{""x"":888,""y"":672,""t"":332},{""x"":839,""y"":654,""t"":408},{""x"":814,""y"":652,""t"":484},{""x"":905,""y"":639,""t"":558},{""x"":954,""y"":618,""t"":635},{""x"":1105,""y"":588,""t"":709},{""x"":1185,""y"":554,""t"":783},{""x"":1230,""y"":541,""t"":859},{""x"":1281,""y"":530,""t"":932},{""x"":1342,""y"":521,""t"":1008},{""x"":1368,""y"":567,""t"":1079},{""x"":1428,""y"":581,""t"":1162},{""x"":1548,""y"":625,""t"":1235},{""x"":1606,""y"":696,""t"":1309},{""x"":1625,""y"":717,""t"":1385},{""x"":1611,""y"":678,""t"":1462},{""x"":1421,""y"":707,""t"":1536},{""x"":1176,""y"":686,""t"":1615},{""x"":1007,""y"":631,""t"":1694},{""x"":879,""y"":572,""t"":1769},{""x"":750,""y"":589,""t"":1880},{""x"":553,""y"":575,""t"":1911},{""x"":557,""y"":536,""t"":1990},{""x"":481,""y"":545,""t"":2062},{""x"":577,""y"":512,""t"":2139},{""x"":535,""y"":488,""t"":2212},{""x"":492,""y"":559,""t"":2287},{""x"":452,""y"":626,""t"":2360},{""x"":547,""y"":728,""t"":2433},{""x"":608,""y"":754,""t"":2506},{""x"":535,""y"":807,""t"":2585},{""x"":684,""y"":821,""t"":2666},{""x"":714,""y"":776,""t"":2747},{""x"":650,""y"":761,""t"":2820},{""x"":680,""y"":699,""t"":2893},{""x"":879,""y"":639,""t"":2968},{""x"":996,""y"":596,""t"":3041},{""x"":1211,""y"":581,""t"":3116},{""x"":1306,""y"":574,""t"":3190},{""x"":1370,""y"":565,""t"":3264},{""x"":1366,""y"":604,""t"":3379},{""x"":1506,""y"":627,""t"":3409},{""x"":1501,""y"":638,""t"":3491},{""x"":1499,""y"":672,""t"":3564},{""x"":1505,""y"":730,""t"":3641},{""x"":1458,""y"":710,""t"":3716},{""x"":1411,""y"":680,""t"":3797},{""x"":1216,""y"":715,""t"":3869},{""x"":1135,""y"":708,""t"":3944},{""x"":996,""y"":648,""t"":4019},{""x"":929,""y"":614,""t"":4091},{""x"":946,""y"":592,""t"":4167},{""x"":924,""y"":574,""t"":4240},{""x"":942,""y"":580,""t"":4316},{""x"":854,""y"":532,""t"":4393},{""x"":810,""y"":475,""t"":4468},{""x"":787,""y"":441,""t"":4543},{""x"":771,""y"":453,""t"":4614},{""x"":691,""y"":472,""t"":4693},{""x"":653,""y"":535,""t"":4767},{""x"":650,""y"":610,""t"":4840},{""x"":736,""y"":583,""t"":4913},{""x"":823,""y"":611,""t"":4987},{""x"":990,""y"":644,""t"":5061},{""x"":1013,""y"":687,""t"":5135},{""x"":1148,""y"":661,""t"":5208},{""x"":1272,""y"":634,""t"":5286},{""x"":1322,""y"":638,""t"":5367},{""x"":1368,""y"":654,""t"":5439},{""x"":1410,""y"":648,""t"":5516},{""x"":1410,""y"":695,""t"":5589},{""x"":1415,""y"":660,""t"":5668},{""x"":1361,""y"":650,""t"":5739},{""x"":1329,""y"":652,""t"":5813},{""x"":1336,""y"":648,""t"":5890},{""x"":1289,""y"":625,""t"":5966},{""x"":1282,""y"":601,""t"":6042},{""x"":1254,""y"":637,""t"":6115},{""x"":1245,""y"":644,""t"":6189},{""x"":1208,""y"":638,""t"":6263},{""x"":1104,""y"":658,""t"":6337}]",0,0.4601231910941583,0.5398768089058418,wa_dn,0
4-alternatives,0,48,exp_90,0.0,598.8000000119209,0.5,0.38,3.0,4.0,higher_p,higher_m,0,1,alternatives,0.0,False,1.5,1.52,-0.02,0.2367304922727919,0.6,0.4,0.5,0.5,0.0,0.0,higher_p,higher_p,True,"{""durations"":[1000,1500,1000,1500],""alternatives"":[1,0,1,0],""attributes"":[""all"",""all"",""all"",""all""]}","[{""x"":1035,""y"":784,""t"":-89},{""x"":1042,""y"":813,""t"":1},{""x"":949,""y"":823,""t"":87},{""x"":902,""y"":806,""t"":190},{""x"":881,""y"":800,""t"":352},{""x"":856,""y"":793,""t"":427},{""x"":965,""y"":777,""t"":507},{""x"":1001,""y"":813,""t"":580},{""x"":1000,""y"":800,""t"":656},{""x"":1091,""y"":829,""t"":728},{""x"":1158,""y"":840,""t"":809},{""x"":1243,""y"":869,""t"":885},{""x"":1269,""y"":874,""t"":959},{""x"":1326,""y"":886,""t"":1033},{""x"":1420,""y"":880,""t"":1109},{""x"":1439,""y"":842,""t"":1192},{""x"":1499,""y"":802,""t"":1268},{""x"":1530,""y"":779,""t"":1340},{""x"":1453,""y"":759,""t"":1421},{""x"":1375,""y"":708,""t"":1495},{""x"":1169,""y"":681,""t"":1571},{""x"":1001,""y"":641,""t"":1650},{""x"":1014,""y"":637,""t"":1723},{""x"":973,""y"":611,""t"":1804},{""x"":916,""y"":614,""t"":1917},{""x"":872,""y"":673,""t"":1946},{""x"":928,""y"":653,""t"":2058},{""x"":990,""y"":655,""t"":2130},{""x"":945,""y"":698,""t"":2203},{""x"":871,""y"":720,""t"":2280},{""x"":683,""y"":747,""t"":2355},{""x"":608,""y"":758,""t"":2429},{""x"":612,""y"":740,""t"":2504},{""x"":640,""y"":735,""t"":2578},{""x"":637,""y"":737,""t"":2655},{""x"":571,""y"":720,""t"":2739},{""x"":561,""y"":703,""t"":2813},{""x"":485,""y"":678,""t"":2887},{""x"":508,""y"":646,""t"":2962},{""x"":800,""y"":658,""t"":3036},{""x"":999,""y"":640,""t"":3113},{""x"":1126,""y"":633,""t"":3184},{""x"":1295,""y"":656,""t"":3258},{""x"":1437,""y"":707,""t"":3335},{""x"":1532,""y"":730,""t"":3412},{""x"":1517,""y"":723,""t"":3486},{""x"":1568,""y"":731,""t"":3560},{""x"":1566,""y"":717,""t"":3634},{""x"":1590,""y"":711,""t"":3707},{""x"":1638,""y"":683,""t"":3784},{""x"":1594,""y"":649,""t"":3865},{""x"":1620,""y"":624,""t"":3940},{""x"":1620,""y"":626,""t"":4012},{""x"":1518,""y"":630,""t"":4087},{""x"":1269,""y"":643,""t"":4162},{""x"":1176,""y"":663,""t"":4238},{""x"":1040,""y"":686,""t"":4313},{""x"":984,""y"":683,""t"":4387},{""x"":843,""y"":673,""t"":4500},{""x"":682,""y"":703,""t"":4531},{""x"":560,""y"":720,""t"":4611},{""x"":518,""y"":721,""t"":4686},{""x"":544,""y"":724,""t"":4760},{""x"":515,""y"":728,""t"":4832},{""x"":394,""y"":726,""t"":4907},{""x"":428,""y"":681,""t"":4985},{""x"":504,""y"":627,""t"":5058},{""x"":557,""y"":612,""t"":5130},{""x"":659,""y"":627,""t"":5204},{""x"":831,""y"":686,""t"":5280},{""x"":889,""y"":679,""t"":5359},{""x"":1036,""y"":660,""t"":5437},{""x"":1165,""y"":664,""t"":5513},{""x"":1244,""y"":606,""t"":5584},{""x"":1258,""y"":627,""t"":5657},{""x"":1213,""y"":622,""t"":5734},{""x"":1257,""y"":618,""t"":5806},{""x"":1278,""y"":634,""t"":5880},{""x"":1257,""y"":644,""t"":5955},{""x"":1272,""y"":669,""t"":6035},{""x"":1328,""y"":645,""t"":6110},{""x"":1271,""y"":633,""t"":6185},{""x"":1237,""y"":621,""t"":6259},{""x"":1296,""y"":623,""t"":6333},{""x"":1380,""y"":638,""t"":6406}]",1,0.44702907045127577,0.5529709295487242,wa_dn,0
4-alternatives,0,49,exp_114,0.0,264.0,0.49,0.22,4.2,7.9,higher_p,higher_m,0,1,alternatives,0.0,False,2.058,1.738,0.3199999999999998,0.5866799156325714,0.6,0.4,0.5,0.5,0.0,0.0,higher_p,higher_p,True,"{""durations"":[1000,1500,1000,1500],""alternatives"":[1,0,1,0],""attributes"":[""all"",""all"",""all"",""all""]}","[{""x"":1199,""y"":716,""t"":-94},{""x"":1193,""y"":720,""t"":0},{""x"":1179,""y"":720,""t"":107},{""x"":1182,""y"":727,""t"":240},{""x"":1138,""y"":718,""t"":335},{""x"":1104,""y"":714,""t"":412},{""x"":1087,""y"":725,""t"":488},{""x"":1106,""y"":699,""t"":564},{""x"":1233,""y"":686,""t"":641},{""x"":1262,""y"":661,""t"":716},{""x"":1331,""y"":677,""t"":791},{""x"":1350,""y"":629,""t"":867},{""x"":1469,""y"":605,""t"":940},{""x"":1526,""y"":607,""t"":1014},{""x"":1606,""y"":582,""t"":1097},{""x"":1648,""y"":575,""t"":1174},{""x"":1655,""y"":639,""t"":1247},{""x"":1657,""y"":683,""t"":1321},{""x"":1546,""y"":694,""t"":1399},{""x"":1306,""y"":738,""t"":1471},{""x"":1257,""y"":751,""t"":1550},{""x"":1167,""y"":725,""t"":1623},{""x"":1022,""y"":682,""t"":1696},{""x"":900,""y"":654,""t"":1772},{""x"":821,""y"":657,""t"":1845},{""x"":746,""y"":667,""t"":1916},{""x"":596,""y"":712,""t"":1998},{""x"":563,""y"":740,""t"":2073},{""x"":553,""y"":736,""t"":2146},{""x"":594,""y"":742,""t"":2221},{""x"":595,""y"":754,""t"":2293},{""x"":633,""y"":715,""t"":2367},{""x"":725,""y"":654,""t"":2442},{""x"":971,""y"":647,""t"":2518},{""x"":1113,""y"":605,""t"":2596},{""x"":1201,""y"":593,""t"":2671},{""x"":1342,""y"":586,""t"":2748},{""x"":1410,""y"":539,""t"":2822},{""x"":1470,""y"":548,""t"":2896},{""x"":1584,""y"":483,""t"":2971},{""x"":1611,""y"":514,""t"":3046},{""x"":1714,""y"":544,""t"":3120},{""x"":1705,""y"":596,""t"":3216},{""x"":1713,""y"":602,""t"":3308},{""x"":1659,""y"":633,""t"":3383},{""x"":1655,""y"":680,""t"":3464},{""x"":1646,""y"":696,""t"":3542},{""x"":1697,""y"":761,""t"":3615},{""x"":1667,""y"":769,""t"":3690},{""x"":1640,""y"":795,""t"":3765},{""x"":1612,""y"":805,""t"":3847},{""x"":1616,""y"":818,""t"":3921},{""x"":1540,""y"":801,""t"":3999},{""x"":1534,""y"":791,""t"":4076},{""x"":1376,""y"":793,""t"":4154},{""x"":1109,""y"":775,""t"":4228},{""x"":1064,""y"":717,""t"":4305},{""x"":955,""y"":671,""t"":4380},{""x"":803,""y"":703,""t"":4456},{""x"":746,""y"":744,""t"":4531},{""x"":652,""y"":749,""t"":4614},{""x"":660,""y"":664,""t"":4686},{""x"":608,""y"":604,""t"":4799},{""x"":613,""y"":550,""t"":4873},{""x"":542,""y"":530,""t"":4945},{""x"":554,""y"":522,""t"":5021},{""x"":611,""y"":601,""t"":5099},{""x"":583,""y"":683,""t"":5174},{""x"":623,""y"":717,""t"":5249},{""x"":692,""y"":780,""t"":5329},{""x"":568,""y"":829,""t"":5408},{""x"":536,""y"":846,""t"":5485},{""x"":636,""y"":825,""t"":5559},{""x"":796,""y"":799,""t"":5641},{""x"":971,""y"":771,""t"":5718},{""x"":1118,""y"":765,""t"":5790},{""x"":1215,""y"":698,""t"":5867},{""x"":1283,""y"":687,""t"":5942},{""x"":1324,""y"":645,""t"":6012}]",1,0.4305517457437961,0.5694482542562038,wa_dn,0
4-alternatives,0,50,exp_82,1.0,599.2000000178814,0.61,0.29,2.2,8.1,higher_p,higher_m,0,1,alternatives,0.0,False,1.342,2.349,-1.0069999999999997,-0.7791520984804502,0.6,0.4,0.5,0.5,0.0,0.0,higher_p,higher_p,False,"{""durations"":[1000,1500,1000,1500],""alternatives"":[1,0,1,0],""attributes"":[""all"",""all"",""all"",""all""]}","[{""x"":1334,""y"":594,""t"":-105},{""x"":1302,""y"":614,""t"":-32},{""x"":1256,""y"":631,""t"":0},{""x"":1187,""y"":693,""t"":122},{""x"":1170,""y"":716,""t"":287},{""x"":1178,""y"":737,""t"":362},{""x"":1116,""y"":740,""t"":437},{""x"":1062,""y"":755,""t"":509},{""x"":1024,""y"":789,""t"":586},{""x"":1011,""y"":797,""t"":658},{""x"":960,""y"":796,""t"":732},{""x"":919,""y"":758,""t"":803},{""x"":939,""y"":692,""t"":878},{""x"":926,""y"":699,""t"":952},{""x"":974,""y"":708,""t"":1067},{""x"":964,""y"":678,""t"":1099},{""x"":971,""y"":672,""t"":1187},{""x"":955,""y"":633,""t"":1262},{""x"":890,""y"":638,""t"":1340},{""x"":952,""y"":643,""t"":1412},{""x"":1038,""y"":624,""t"":1484},{""x"":1154,""y"":639,""t"":1559},{""x"":1204,""y"":641,""t"":1634},{""x"":1337,""y"":635,""t"":1709},{""x"":1438,""y"":629,""t"":1787},{""x"":1514,""y"":621,""t"":1865},{""x"":1540,""y"":652,""t"":1938},{""x"":1611,""y"":657,""t"":2011},{""x"":1545,""y"":655,""t"":2086},{""x"":1620,""y"":685,""t"":2158},{""x"":1678,""y"":678,""t"":2235},{""x"":1683,""y"":696,""t"":2308},{""x"":1708,""y"":749,""t"":2383},{""x"":1614,""y"":760,""t"":2458},{""x"":1567,""y"":783,""t"":2530},{""x"":1445,""y"":765,""t"":2603},{""x"":1391,""y"":744,""t"":2678},{""x"":1379,""y"":800,""t"":2760},{""x"":1349,""y"":779,""t"":2834},{""x"":1304,""y"":782,""t"":2908},{""x"":1273,""y"":781,""t"":2985},{""x"":1105,""y"":765,""t"":3059},{""x"":929,""y"":709,""t"":3134},{""x"":808,""y"":718,""t"":3207},{""x"":671,""y"":685,""t"":3279},{""x"":615,""y"":676,""t"":3355},{""x"":623,""y"":648,""t"":3431},{""x"":604,""y"":640,""t"":3504},{""x"":587,""y"":627,""t"":3579},{""x"":590,""y"":618,""t"":3651},{""x"":571,""y"":684,""t"":3723},{""x"":595,""y"":707,""t"":3806},{""x"":621,""y"":720,""t"":3883},{""x"":568,""y"":738,""t"":3957},{""x"":594,""y"":748,""t"":4031},{""x"":627,""y"":757,""t"":4105},{""x"":662,""y"":749,""t"":4181},{""x"":850,""y"":761,""t"":4257},{""x"":1099,""y"":746,""t"":4339},{""x"":1232,""y"":745,""t"":4414},{""x"":1334,""y"":757,""t"":4490},{""x"":1447,""y"":773,""t"":4565},{""x"":1513,""y"":809,""t"":4639},{""x"":1607,""y"":815,""t"":4713},{""x"":1663,""y"":833,""t"":4789},{""x"":1497,""y"":842,""t"":4868},{""x"":1396,""y"":834,""t"":4942},{""x"":1269,""y"":806,""t"":5015},{""x"":1202,""y"":801,""t"":5086},{""x"":1037,""y"":792,""t"":5160},{""x"":1025,""y"":800,""t"":5234},{""x"":1015,""y"":770,""t"":5307},{""x"":937,""y"":726,""t"":5389},{""x"":915,""y"":706,""t"":5462},{""x"":855,""y"":719,""t"":5537},{""x"":898,""y"":709,""t"":5611},{""x"":963,""y"":689,""t"":5723},{""x"":1085,""y"":718,""t"":5755},{""x"":1145,""y"":715,""t"":5833},{""x"":1068,""y"":701,""t"":5908},{""x"":996,""y"":698,""t"":5989},{""x"":971,""y"":658,""t"":6063},{""x"":973,""y"":653,""t"":6140},{""x"":1013,""y"":640,""t"":6212},{""x"":1067,""y"":648,""t"":6285},{""x"":1077,""y"":647,""t"":6361}]",1,0.22569955984810572,0.7743004401518944,wa_dn,0
4-alternatives,0,51,exp_40,1.0,473.09999999403954,0.81,0.48,1.6999999999999995,7.9,higher_p,higher_m,0,1,alternatives,0.0,False,1.3769999999999998,3.792,-2.415,-2.2283544163938904,0.6,0.4,0.5,0.5,0.0,1.0,higher_p,higher_m,False,"{""durations"":[1500,1000,1500,1000],""alternatives"":[0,1,0,1],""attributes"":[""all"",""all"",""all"",""all""]}","[{""x"":1082,""y"":703,""t"":-76},{""x"":1101,""y"":719,""t"":0},{""x"":1058,""y"":728,""t"":88},{""x"":1032,""y"":709,""t"":236},{""x"":1049,""y"":737,""t"":331},{""x"":1014,""y"":790,""t"":405},{""x"":1083,""y"":769,""t"":480},{""x"":1107,""y"":774,""t"":555},{""x"":1157,""y"":792,""t"":627},{""x"":1170,""y"":813,""t"":702},{""x"":1214,""y"":847,""t"":798},{""x"":1261,""y"":861,""t"":876},{""x"":1333,""y"":908,""t"":991},{""x"":1392,""y"":911,""t"":1064},{""x"":1436,""y"":926,""t"":1136},{""x"":1441,""y"":924,""t"":1212},{""x"":1509,""y"":878,""t"":1288},{""x"":1528,""y"":864,""t"":1359},{""x"":1577,""y"":833,""t"":1434},{""x"":1516,""y"":813,""t"":1506},{""x"":1488,""y"":803,""t"":1585},{""x"":1456,""y"":764,""t"":1666},{""x"":1466,""y"":774,""t"":1747},{""x"":1453,""y"":774,""t"":1830},{""x"":1255,""y"":729,""t"":1907},{""x"":1089,""y"":701,""t"":1981},{""x"":994,""y"":694,""t"":2053},{""x"":913,""y"":675,""t"":2127},{""x"":819,""y"":670,""t"":2199},{""x"":741,""y"":747,""t"":2284},{""x"":579,""y"":813,""t"":2358},{""x"":519,""y"":852,""t"":2432},{""x"":492,""y"":887,""t"":2506},{""x"":596,""y"":896,""t"":2581},{""x"":643,""y"":898,""t"":2659},{""x"":739,""y"":926,""t"":2737},{""x"":748,""y"":927,""t"":2815},{""x"":791,""y"":909,""t"":2891},{""x"":823,""y"":888,""t"":2965},{""x"":765,""y"":802,""t"":3040},{""x"":1042,""y"":742,""t"":3113},{""x"":1133,""y"":712,""t"":3186},{""x"":1376,""y"":683,""t"":3259},{""x"":1483,""y"":654,""t"":3332},{""x"":1471,""y"":683,""t"":3442},{""x"":1539,""y"":706,""t"":3473},{""x"":1604,""y"":747,""t"":3551},{""x"":1656,""y"":770,""t"":3623},{""x"":1617,""y"":766,""t"":3696},{""x"":1488,""y"":799,""t"":3771},{""x"":1353,""y"":788,""t"":3854},{""x"":1223,""y"":750,""t"":3925},{""x"":1122,""y"":709,""t"":3997},{""x"":1067,""y"":648,""t"":4068},{""x"":987,""y"":619,""t"":4141},{""x"":873,""y"":602,""t"":4215},{""x"":685,""y"":583,""t"":4292},{""x"":589,""y"":554,""t"":4368},{""x"":539,""y"":559,""t"":4442},{""x"":508,""y"":567,""t"":4515},{""x"":522,""y"":565,""t"":4591},{""x"":486,""y"":608,""t"":4701},{""x"":517,""y"":629,""t"":4732},{""x"":495,""y"":692,""t"":4810},{""x"":476,""y"":770,""t"":4890},{""x"":443,""y"":796,""t"":4963},{""x"":403,""y"":839,""t"":5039},{""x"":439,""y"":888,""t"":5112},{""x"":515,""y"":825,""t"":5184},{""x"":587,""y"":748,""t"":5263},{""x"":690,""y"":697,""t"":5339},{""x"":813,""y"":626,""t"":5418},{""x"":696,""y"":668,""t"":5491},{""x"":700,""y"":675,""t"":5564},{""x"":662,""y"":708,""t"":5634},{""x"":708,""y"":704,""t"":5708},{""x"":764,""y"":715,""t"":5780},{""x"":838,""y"":717,""t"":5863},{""x"":821,""y"":753,""t"":5938},{""x"":901,""y"":747,""t"":6011},{""x"":1011,""y"":707,""t"":6084},{""x"":1095,""y"":676,""t"":6157},{""x"":1218,""y"":681,""t"":6231}]",1,0.1573415121355355,0.8426584878644644,wa_dn,0
4-alternatives,0,57,exp_80,1.0,1086.4000000059605,0.61,0.29,2.2,8.1,higher_p,higher_m,0,1,alternatives,0.0,False,1.342,2.349,-1.0069999999999997,-0.7791520984804502,0.6,0.4,0.5,0.5,0.0,1.0,higher_p,higher_m,False,"{""durations"":[1500,1000,1500,1000],""alternatives"":[0,1,0,1],""attributes"":[""all"",""all"",""all"",""all""]}","[{""x"":1086,""y"":686,""t"":-75},{""x"":985,""y"":729,""t"":0},{""x"":1046,""y"":732,""t"":117},{""x"":1115,""y"":695,""t"":248},{""x"":1087,""y"":697,""t"":322},{""x"":950,""y"":706,""t"":399},{""x"":821,""y"":713,""t"":477},{""x"":736,""y"":647,""t"":555},{""x"":658,""y"":600,""t"":628},{""x"":650,""y"":574,""t"":703},{""x"":661,""y"":617,""t"":779},{""x"":713,""y"":624,""t"":853},{""x"":744,""y"":678,""t"":927},{""x"":817,""y"":721,""t"":1001},{""x"":885,""y"":723,""t"":1075},{""x"":876,""y"":691,""t"":1151},{""x"":859,""y"":662,""t"":1225},{""x"":900,""y"":604,""t"":1299},{""x"":954,""y"":585,""t"":1374},{""x"":971,""y"":571,""t"":1452},{""x"":995,""y"":612,""t"":1528},{""x"":956,""y"":595,""t"":1607},{""x"":909,""y"":558,""t"":1684},{""x"":827,""y"":556,""t"":1756},{""x"":650,""y"":534,""t"":1834},{""x"":665,""y"":557,""t"":1909},{""x"":701,""y"":583,""t"":1983},{""x"":738,""y"":581,""t"":2057},{""x"":915,""y"":579,""t"":2129},{""x"":991,""y"":621,""t"":2203},{""x"":1189,""y"":590,""t"":2277},{""x"":1346,""y"":592,""t"":2351},{""x"":1409,""y"":541,""t"":2428},{""x"":1504,""y"":555,""t"":2500},{""x"":1609,""y"":565,""t"":2572},{""x"":1682,""y"":620,""t"":2646},{""x"":1728,""y"":662,""t"":2727},{""x"":1742,""y"":708,""t"":2804},{""x"":1768,""y"":758,""t"":2878},{""x"":1629,""y"":834,""t"":2953},{""x"":1451,""y"":826,""t"":3025},{""x"":1294,""y"":818,""t"":3098},{""x"":1081,""y"":830,""t"":3174},{""x"":972,""y"":846,""t"":3249},{""x"":832,""y"":838,""t"":3322},{""x"":714,""y"":775,""t"":3395},{""x"":631,""y"":734,""t"":3474},{""x"":570,""y"":727,""t"":3551},{""x"":579,""y"":698,""t"":3623},{""x"":536,""y"":704,""t"":3699},{""x"":481,""y"":707,""t"":3771},{""x"":546,""y"":690,""t"":3846},{""x"":544,""y"":685,""t"":3921},{""x"":578,""y"":715,""t"":3993},{""x"":626,""y"":750,""t"":4074},{""x"":724,""y"":765,""t"":4153},{""x"":959,""y"":756,""t"":4233},{""x"":1043,""y"":708,""t"":4338},{""x"":1215,""y"":638,""t"":4414},{""x"":1250,""y"":577,""t"":4493},{""x"":1353,""y"":510,""t"":4566},{""x"":1486,""y"":519,""t"":4639},{""x"":1568,""y"":545,""t"":4713},{""x"":1679,""y"":605,""t"":4788},{""x"":1746,""y"":664,""t"":4863},{""x"":1791,""y"":701,""t"":4976},{""x"":1782,""y"":736,""t"":5010},{""x"":1739,""y"":671,""t"":5089},{""x"":1748,""y"":626,""t"":5165},{""x"":1779,""y"":579,""t"":5240},{""x"":1776,""y"":537,""t"":5318},{""x"":1736,""y"":556,""t"":5397},{""x"":1740,""y"":538,""t"":5476},{""x"":1747,""y"":574,""t"":5550},{""x"":1664,""y"":589,""t"":5623},{""x"":1582,""y"":599,""t"":5697},{""x"":1526,""y"":574,""t"":5771},{""x"":1463,""y"":585,""t"":5844},{""x"":1313,""y"":597,""t"":5923},{""x"":1196,""y"":649,""t"":5996},{""x"":1070,""y"":659,""t"":6069},{""x"":1046,""y"":673,""t"":6143},{""x"":1045,""y"":688,""t"":6218},{""x"":1012,""y"":715,""t"":6291},{""x"":1035,""y"":721,""t"":6368},{""x"":1038,""y"":743,""t"":6454},{""x"":1100,""y"":731,""t"":6531},{""x"":1126,""y"":716,""t"":6604},{""x"":1117,""y"":724,""t"":6676},{""x"":1108,""y"":728,""t"":6750},{""x"":1140,""y"":752,""t"":6825}]",1,0.22569955984810572,0.7743004401518944,wa_dn,0
4-alternatives,0,58,exp_50,0.0,709.3000000119209,0.49,0.32,6.9,8.2,higher_p,higher_m,0,1,alternatives,0.0,False,3.381,2.624,0.7570000000000006,1.0364678509508771,0.6,0.4,0.5,0.5,0.0,0.0,higher_p,higher_p,True,"{""durations"":[1000,1500,1000,1500],""alternatives"":[1,0,1,0],""attributes"":[""all"",""all"",""all"",""all""]}","[{""x"":884,""y"":710,""t"":-111},{""x"":743,""y"":740,""t"":-31},{""x"":700,""y"":768,""t"":0},{""x"":661,""y"":735,""t"":112},{""x"":655,""y"":738,""t"":307},{""x"":668,""y"":735,""t"":385},{""x"":757,""y"":746,""t"":461},{""x"":824,""y"":738,""t"":536},{""x"":906,""y"":758,""t"":611},{""x"":1004,""y"":760,""t"":687},{""x"":1114,""y"":743,""t"":759},{""x"":1245,""y"":742,""t"":834},{""x"":1262,""y"":790,""t"":909},{""x"":1347,""y"":837,""t"":983},{""x"":1418,""y"":861,""t"":1056},{""x"":1451,""y"":884,""t"":1140},{""x"":1400,""y"":877,""t"":1215},{""x"":1331,""y"":876,""t"":1288},{""x"":1180,""y"":836,""t"":1365},{""x"":1135,""y"":834,""t"":1442},{""x"":966,""y"":756,""t"":1519},{""x"":834,""y"":702,""t"":1594},{""x"":765,""y"":694,""t"":1667},{""x"":514,""y"":674,""t"":1782},{""x"":534,""y"":724,""t"":1810},{""x"":515,""y"":771,""t"":1909},{""x"":494,""y"":786,""t"":1984},{""x"":530,""y"":780,""t"":2054},{""x"":481,""y"":767,""t"":2126},{""x"":429,""y"":731,""t"":2202},{""x"":498,""y"":687,""t"":2276},{""x"":534,""y"":619,""t"":2349},{""x"":553,""y"":600,""t"":2426},{""x"":776,""y"":614,""t"":2499},{""x"":883,""y"":573,""t"":2573},{""x"":1051,""y"":578,""t"":2647},{""x"":1235,""y"":577,""t"":2730},{""x"":1206,""y"":586,""t"":2804},{""x"":1386,""y"":619,""t"":2879},{""x"":1298,""y"":623,""t"":2954},{""x"":1215,""y"":598,""t"":3032},{""x"":1183,""y"":568,""t"":3108},{""x"":1261,""y"":585,""t"":3181},{""x"":1302,""y"":667,""t"":3255},{""x"":1392,""y"":680,""t"":3329},{""x"":1411,""y"":671,""t"":3404},{""x"":1369,""y"":712,""t"":3487},{""x"":1377,""y"":778,""t"":3561},{""x"":1348,""y"":806,""t"":3636},{""x"":1282,""y"":856,""t"":3709},{""x"":1229,""y"":883,""t"":3791},{""x"":1208,""y"":927,""t"":3870},{""x"":1234,""y"":921,""t"":3945},{""x"":1167,""y"":932,""t"":4058},{""x"":939,""y"":927,""t"":4086},{""x"":802,""y"":904,""t"":4166},{""x"":693,""y"":879,""t"":4241},{""x"":545,""y"":836,""t"":4313},{""x"":317,""y"":808,""t"":4387},{""x"":453,""y"":799,""t"":4501},{""x"":435,""y"":774,""t"":4531},{""x"":483,""y"":722,""t"":4608},{""x"":583,""y"":694,""t"":4693},{""x"":781,""y"":696,""t"":4770},{""x"":923,""y"":693,""t"":4845},{""x"":879,""y"":673,""t"":4922},{""x"":816,""y"":637,""t"":4997},{""x"":835,""y"":618,""t"":5073},{""x"":723,""y"":634,""t"":5148},{""x"":653,""y"":624,""t"":5220},{""x"":732,""y"":673,""t"":5294},{""x"":848,""y"":695,""t"":5373},{""x"":815,""y"":675,""t"":5454},{""x"":790,""y"":717,""t"":5526},{""x"":639,""y"":714,""t"":5599},{""x"":556,""y"":710,""t"":5674},{""x"":577,""y"":708,""t"":5747},{""x"":751,""y"":721,""t"":5823},{""x"":820,""y"":723,""t"":5898},{""x"":903,""y"":770,""t"":5976},{""x"":1072,""y"":765,""t"":6051},{""x"":1193,""y"":762,""t"":6130},{""x"":1194,""y"":756,""t"":6206},{""x"":1299,""y"":709,""t"":6281},{""x"":1177,""y"":712,""t"":6353},{""x"":1052,""y"":752,""t"":6430},{""x"":1106,""y"":722,""t"":6525}]",1,0.5313497907771255,0.4686502092228745,wa_dn,0
4-alternatives,0,59,exp_46,1.0,568.9000000059605,0.81,0.48,1.6999999999999995,7.9,higher_p,higher_m,0,1,alternatives,0.0,False,1.3769999999999998,3.792,-2.415,-2.2283544163938904,0.4,0.6,0.5,0.5,1.0,1.0,higher_m,higher_m,False,"{""durations"":[1000,1500,1000,1500],""alternatives"":[0,1,0,1],""attributes"":[""all"",""all"",""all"",""all""]}","[{""x"":1014,""y"":817,""t"":-75},{""x"":977,""y"":809,""t"":0},{""x"":1029,""y"":803,""t"":146},{""x"":1065,""y"":806,""t"":211},{""x"":1113,""y"":784,""t"":330},{""x"":1064,""y"":792,""t"":403},{""x"":1082,""y"":775,""t"":478},{""x"":1142,""y"":818,""t"":553},{""x"":1122,""y"":830,""t"":629},{""x"":1110,""y"":809,""t"":707},{""x"":1084,""y"":763,""t"":796},{""x"":1074,""y"":738,""t"":868},{""x"":1071,""y"":745,""t"":939},{""x"":1090,""y"":733,""t"":1013},{""x"":1157,""y"":678,""t"":1090},{""x"":1114,""y"":667,""t"":1167},{""x"":1034,""y"":688,""t"":1246},{""x"":1073,""y"":643,""t"":1323},{""x"":1049,""y"":641,""t"":1399},{""x"":1051,""y"":614,""t"":1470},{""x"":981,""y"":601,""t"":1543},{""x"":1013,""y"":577,""t"":1619},{""x"":921,""y"":588,""t"":1693},{""x"":874,""y"":558,""t"":1774},{""x"":791,""y"":545,""t"":1847},{""x"":725,""y"":602,""t"":1922},{""x"":781,""y"":646,""t"":1995},{""x"":703,""y"":630,""t"":2067},{""x"":691,""y"":606,""t"":2139},{""x"":713,""y"":584,""t"":2211},{""x"":724,""y"":563,""t"":2323},{""x"":667,""y"":581,""t"":2354},{""x"":659,""y"":549,""t"":2434},{""x"":699,""y"":502,""t"":2507},{""x"":612,""y"":520,""t"":2582},{""x"":578,""y"":529,""t"":2658},{""x"":676,""y"":512,""t"":2743},{""x"":668,""y"":474,""t"":2820},{""x"":650,""y"":367,""t"":2893},{""x"":643,""y"":339,""t"":2967},{""x"":698,""y"":349,""t"":3042},{""x"":773,""y"":414,""t"":3115},{""x"":660,""y"":404,""t"":3190},{""x"":701,""y"":323,""t"":3278},{""x"":778,""y"":213,""t"":3457},{""x"":763,""y"":278,""t"":3563},{""x"":832,""y"":311,""t"":3668},{""x"":730,""y"":105,""t"":3789},{""x"":470,""y"":137,""t"":3901},{""x"":373,""y"":223,""t"":4005},{""x"":475,""y"":282,""t"":4108},{""x"":323,""y"":242,""t"":4214},{""x"":340,""y"":98,""t"":4317},{""x"":330,""y"":122,""t"":4425},{""x"":528,""y"":231,""t"":4527},{""x"":660,""y"":326,""t"":4633},{""x"":683,""y"":389,""t"":4735},{""x"":675,""y"":510,""t"":4838},{""x"":773,""y"":621,""t"":4943},{""x"":556,""y"":431,""t"":5045},{""x"":439,""y"":338,""t"":5152},{""x"":517,""y"":375,""t"":5255},{""x"":337,""y"":350,""t"":5366},{""x"":229,""y"":258,""t"":5469},{""x"":148,""y"":121,""t"":5547},{""x"":224,""y"":232,""t"":5652},{""x"":387,""y"":355,""t"":5755},{""x"":517,""y"":470,""t"":5862},{""x"":633,""y"":552,""t"":5970},{""x"":687,""y"":664,""t"":6086},{""x"":691,""y"":762,""t"":6192},{""x"":726,""y"":846,""t"":6297},{""x"":712,""y"":879,""t"":6401}]",1,0.1573415121355355,0.8426584878644644,wa_dn,0
4-alternatives,0,60,exp_98,1.0,523.9000000059605,0.58,0.38,4.9,6.9,higher_p,higher_m,0,1,alternatives,0.0,False,2.842,2.6220000000000003,0.2199999999999997,0.4837536146444008,0.6,0.4,0.5,0.5,0.0,0.0,higher_p,higher_p,False,"{""durations"":[1000,1500,1000,1500],""alternatives"":[1,0,1,0],""attributes"":[""all"",""all"",""all"",""all""]}","[{""x"":817,""y"":836,""t"":-165},{""x"":715,""y"":829,""t"":-62},{""x"":877,""y"":821,""t"":0},{""x"":699,""y"":800,""t"":90},{""x"":520,""y"":736,""t"":299},{""x"":435,""y"":716,""t"":440},{""x"":456,""y"":656,""t"":548},{""x"":533,""y"":676,""t"":653},{""x"":395,""y"":633,""t"":762},{""x"":491,""y"":690,""t"":878},{""x"":596,""y"":755,""t"":1006},{""x"":702,""y"":762,""t"":1123},{""x"":760,""y"":791,""t"":1236},{""x"":688,""y"":769,""t"":1348},{""x"":815,""y"":718,""t"":1459},{""x"":855,""y"":680,""t"":1564},{""x"":965,""y"":660,""t"":1670},{""x"":961,""y"":620,""t"":1773},{""x"":1041,""y"":662,""t"":1890},{""x"":905,""y"":481,""t"":2012},{""x"":772,""y"":459,""t"":2129},{""x"":701,""y"":440,""t"":2265},{""x"":670,""y"":514,""t"":2371},{""x"":826,""y"":449,""t"":2479},{""x"":822,""y"":536,""t"":2585},{""x"":757,""y"":563,""t"":2689},{""x"":727,""y"":481,""t"":2806},{""x"":738,""y"":495,""t"":2912},{""x"":713,""y"":444,""t"":3013},{""x"":564,""y"":516,""t"":3155},{""x"":497,""y"":577,""t"":3277},{""x"":473,""y"":600,""t"":3383},{""x"":470,""y"":469,""t"":3510},{""x"":223,""y"":361,""t"":3621},{""x"":247,""y"":434,""t"":3741},{""x"":131,""y"":420,""t"":3847},{""x"":296,""y"":509,""t"":3957},{""x"":449,""y"":514,""t"":4062},{""x"":624,""y"":533,""t"":4166},{""x"":690,""y"":451,""t"":4275},{""x"":768,""y"":409,""t"":4383},{""x"":744,""y"":355,""t"":4485},{""x"":897,""y"":408,""t"":4589},{""x"":980,""y"":424,""t"":4693},{""x"":934,""y"":440,""t"":4795},{""x"":847,""y"":438,""t"":4898},{""x"":772,""y"":391,""t"":5001},{""x"":769,""y"":409,""t"":5111},{""x"":702,""y"":417,""t"":5219},{""x"":677,""y"":442,""t"":5320},{""x"":723,""y"":430,""t"":5426},{""x"":862,""y"":390,""t"":5535},{""x"":844,""y"":436,""t"":5638},{""x"":716,""y"":450,""t"":5742},{""x"":673,""y"":524,""t"":5845},{""x"":664,""y"":514,""t"":5950},{""x"":644,""y"":551,""t"":6059},{""x"":666,""y"":569,""t"":6163},{""x"":527,""y"":511,""t"":6269},{""x"":487,""y"":449,""t"":6381}]",1,0.4601231910941583,0.5398768089058418,wa_dn,0
4-alternatives,0,61,exp_10,1.0,627.8000000119209,0.7,0.29,1.7999999999999998,5.0,higher_p,higher_m,0,1,alternatives,0.0,False,1.2599999999999998,1.45,-0.1900000000000001,0.0617557805929019,0.6,0.4,0.5,0.5,0.0,0.0,higher_p,higher_p,False,"{""durations"":[1000,1500,1000,1500],""alternatives"":[1,0,1,0],""attributes"":[""all"",""all"",""all"",""all""]}","[{""x"":567,""y"":578,""t"":-165},{""x"":647,""y"":590,""t"":-61},{""x"":833,""y"":631,""t"":0},{""x"":948,""y"":578,""t"":89},{""x"":923,""y"":595,""t"":297},{""x"":858,""y"":633,""t"":413},{""x"":869,""y"":594,""t"":517},{""x"":861,""y"":488,""t"":623},{""x"":829,""y"":398,""t"":729},{""x"":711,""y"":389,""t"":833},{""x"":787,""y"":361,""t"":934},{""x"":808,""y"":350,""t"":1048},{""x"":833,""y"":355,""t"":1163},{""x"":763,""y"":465,""t"":1270},{""x"":805,""y"":431,""t"":1372},{""x"":799,""y"":398,""t"":1478},{""x"":793,""y"":494,""t"":1586},{""x"":792,""y"":462,""t"":1690},{""x"":784,""y"":559,""t"":1806},{""x"":730,""y"":558,""t"":1908},{""x"":683,""y"":507,""t"":2019},{""x"":704,""y"":435,""t"":2133},{""x"":634,""y"":431,""t"":2249},{""x"":557,""y"":412,""t"":2355},{""x"":549,""y"":428,""t"":2458},{""x"":244,""y"":450,""t"":2565},{""x"":121,""y"":468,""t"":2666},{""x"":115,""y"":480,""t"":2777},{""x"":126,""y"":460,""t"":2881},{""x"":158,""y"":429,""t"":2983},{""x"":114,""y"":456,""t"":3095},{""x"":186,""y"":425,""t"":3196},{""x"":343,""y"":441,""t"":3303},{""x"":588,""y"":431,""t"":3408},{""x"":712,""y"":436,""t"":3510},{""x"":740,""y"":424,""t"":3612},{""x"":683,""y"":372,""t"":3714},{""x"":747,""y"":381,""t"":3823},{""x"":739,""y"":438,""t"":3927},{""x"":728,""y"":410,""t"":4034},{""x"":653,""y"":432,""t"":4138},{""x"":666,""y"":511,""t"":4243},{""x"":698,""y"":605,""t"":4347},{""x"":673,""y"":616,""t"":4451},{""x"":572,""y"":594,""t"":4557},{""x"":588,""y"":571,""t"":4658},{""x"":419,""y"":547,""t"":4766},{""x"":351,""y"":522,""t"":4871},{""x"":417,""y"":486,""t"":4998},{""x"":509,""y"":517,""t"":5109},{""x"":532,""y"":457,""t"":5209},{""x"":559,""y"":473,""t"":5317},{""x"":454,""y"":404,""t"":5425},{""x"":452,""y"":389,""t"":5531},{""x"":392,""y"":387,""t"":5641},{""x"":422,""y"":355,""t"":5744},{""x"":385,""y"":325,""t"":5847},{""x"":470,""y"":327,""t"":5950},{""x"":309,""y"":290,""t"":6053},{""x"":408,""y"":322,""t"":6162},{""x"":541,""y"":347,""t"":6264},{""x"":682,""y"":396,""t"":6368},{""x"":683,""y"":377,""t"":6470}]",1,0.31642359345419513,0.6835764065458049,wa_dn,0
4-alternatives,0,65,catch_2,1.0,788.5,0.38,0.6,2.2,4.0,dominated,dominant,1,1,alternatives,0.0,False,0.8360000000000001,2.4,-1.5639999999999998,-1.35245159498456,0.5,0.5,0.5,0.5,,1.0,,dominant,True,"{""durations"":[1250,1250,1250,1250],""attributes"":[""all"",""all"",""all"",""all""],""alternatives"":[0,1,0,1]}","[{""x"":730,""y"":393,""t"":-124},{""x"":786,""y"":410,""t"":0},{""x"":766,""y"":412,""t"":126},{""x"":723,""y"":453,""t"":303},{""x"":676,""y"":450,""t"":419},{""x"":747,""y"":436,""t"":526},{""x"":847,""y"":407,""t"":647},{""x"":908,""y"":429,""t"":753},{""x"":962,""y"":406,""t"":856},{""x"":1009,""y"":389,""t"":964},{""x"":1127,""y"":346,""t"":1066},{""x"":1037,""y"":310,""t"":1173},{""x"":1088,""y"":265,""t"":1275},{""x"":1080,""y"":238,""t"":1387},{""x"":1106,""y"":228,""t"":1499},{""x"":1029,""y"":348,""t"":1606},{""x"":926,""y"":437,""t"":1709},{""x"":814,""y"":483,""t"":1814},{""x"":759,""y"":436,""t"":1916},{""x"":723,""y"":438,""t"":2018},{""x"":790,""y"":476,""t"":2122},{""x"":771,""y"":549,""t"":2229},{""x"":643,""y"":580,""t"":2332},{""x"":701,""y"":608,""t"":2437},{""x"":620,""y"":610,""t"":2543},{""x"":640,""y"":685,""t"":2643},{""x"":733,""y"":707,""t"":2746},{""x"":732,""y"":620,""t"":2854},{""x"":738,""y"":645,""t"":2958},{""x"":808,""y"":587,""t"":3059},{""x"":917,""y"":522,""t"":3160},{""x"":903,""y"":432,""t"":3262},{""x"":843,""y"":387,""t"":3371},{""x"":799,""y"":357,""t"":3474},{""x"":842,""y"":360,""t"":3578},{""x"":818,""y"":405,""t"":3683},{""x"":791,""y"":411,""t"":3786},{""x"":868,""y"":368,""t"":3888},{""x"":836,""y"":393,""t"":3991},{""x"":740,""y"":383,""t"":4096},{""x"":655,""y"":405,""t"":4202},{""x"":518,""y"":409,""t"":4306},{""x"":428,""y"":336,""t"":4407},{""x"":492,""y"":337,""t"":4516},{""x"":454,""y"":354,""t"":4622},{""x"":359,""y"":335,""t"":4723},{""x"":419,""y"":423,""t"":4826},{""x"":480,""y"":486,""t"":4927},{""x"":494,""y"":472,""t"":5031},{""x"":589,""y"":506,""t"":5133},{""x"":657,""y"":471,""t"":5258},{""x"":607,""y"":372,""t"":5362},{""x"":647,""y"":336,""t"":5466},{""x"":705,""y"":309,""t"":5604},{""x"":701,""y"":328,""t"":5708},{""x"":658,""y"":382,""t"":5810},{""x"":893,""y"":415,""t"":5916},{""x"":703,""y"":430,""t"":5988},{""x"":649,""y"":382,""t"":6094},{""x"":601,""y"":375,""t"":6196},{""x"":360,""y"":462,""t"":6302},{""x"":292,""y"":541,""t"":6408},{""x"":135,""y"":535,""t"":6513},{""x"":234,""y"":484,""t"":6615}]",0,0.19326334537469525,0.8067366546253046,wa_dn,0
4-alternatives,0,69,catch_6,0.0,528.2000000178814,0.23,0.59,1.9,2.7,dominated,dominant,1,1,alternatives,0.0,False,0.437,1.593,-1.156,-0.9325122869528244,0.5,0.5,0.5,0.5,,1.0,,dominant,False,"{""durations"":[1250,1250,1250,1250],""attributes"":[""all"",""all"",""all"",""all""],""alternatives"":[0,1,0,1]}","[{""x"":558,""y"":401,""t"":-163},{""x"":614,""y"":407,""t"":-61},{""x"":719,""y"":454,""t"":0},{""x"":709,""y"":417,""t"":120},{""x"":648,""y"":370,""t"":331},{""x"":622,""y"":462,""t"":435},{""x"":719,""y"":502,""t"":546},{""x"":766,""y"":520,""t"":652},{""x"":775,""y"":552,""t"":755},{""x"":760,""y"":565,""t"":857},{""x"":708,""y"":645,""t"":959},{""x"":767,""y"":631,""t"":1062},{""x"":808,""y"":620,""t"":1164},{""x"":844,""y"":602,""t"":1265},{""x"":823,""y"":590,""t"":1386},{""x"":869,""y"":631,""t"":1493},{""x"":913,""y"":594,""t"":1594},{""x"":937,""y"":568,""t"":1700},{""x"":1008,""y"":515,""t"":1800},{""x"":1032,""y"":482,""t"":1906},{""x"":957,""y"":459,""t"":2008},{""x"":1019,""y"":490,""t"":2112},{""x"":908,""y"":530,""t"":2213},{""x"":949,""y"":540,""t"":2317},{""x"":931,""y"":585,""t"":2422},{""x"":828,""y"":591,""t"":2521},{""x"":812,""y"":662,""t"":2626},{""x"":816,""y"":571,""t"":2728},{""x"":779,""y"":568,""t"":2851},{""x"":852,""y"":509,""t"":2953},{""x"":832,""y"":513,""t"":3056},{""x"":715,""y"":450,""t"":3157},{""x"":651,""y"":444,""t"":3258},{""x"":670,""y"":436,""t"":3364},{""x"":732,""y"":434,""t"":3475},{""x"":612,""y"":475,""t"":3579},{""x"":596,""y"":469,""t"":3684},{""x"":486,""y"":471,""t"":3784},{""x"":463,""y"":429,""t"":3886},{""x"":427,""y"":372,""t"":3991},{""x"":378,""y"":359,""t"":4104},{""x"":330,""y"":321,""t"":4210},{""x"":309,""y"":315,""t"":4314},{""x"":334,""y"":301,""t"":4424},{""x"":420,""y"":286,""t"":4524},{""x"":426,""y"":310,""t"":4630},{""x"":518,""y"":245,""t"":4731},{""x"":621,""y"":256,""t"":4835},{""x"":624,""y"":283,""t"":4938},{""x"":614,""y"":305,""t"":5041},{""x"":648,""y"":350,""t"":5147},{""x"":683,""y"":413,""t"":5252},{""x"":604,""y"":410,""t"":5353},{""x"":665,""y"":420,""t"":5469},{""x"":683,""y"":435,""t"":5581},{""x"":654,""y"":447,""t"":5684},{""x"":603,""y"":408,""t"":5786},{""x"":371,""y"":401,""t"":5890},{""x"":311,""y"":345,""t"":5997},{""x"":270,""y"":311,""t"":6124},{""x"":200,""y"":294,""t"":6264},{""x"":290,""y"":301,""t"":6373}]",1,0.18829511469278234,0.8117048853072176,wa_dn,0
4-alternatives,1,73,catch_18,1.0,456.10000002384186,0.19,0.37,3.1,3.8,dominated,dominant,1,1,alternatives,0.0,False,0.5890000000000001,1.406,-0.8169999999999998,-0.5835921266029265,0.5,0.5,0.5,0.5,,1.0,,dominant,True,"{""durations"":[1250,1250,1250,1250],""attributes"":[""all"",""all"",""all"",""all""],""alternatives"":[0,1,0,1]}","[{""x"":1046,""y"":352,""t"":-245},{""x"":966,""y"":410,""t"":-68},{""x"":1010,""y"":521,""t"":0},{""x"":821,""y"":531,""t"":100},{""x"":735,""y"":596,""t"":296},{""x"":633,""y"":626,""t"":403},{""x"":613,""y"":614,""t"":513},{""x"":504,""y"":621,""t"":614},{""x"":658,""y"":706,""t"":715},{""x"":525,""y"":718,""t"":816},{""x"":654,""y"":743,""t"":918},{""x"":693,""y"":732,""t"":1020},{""x"":753,""y"":743,""t"":1123},{""x"":743,""y"":684,""t"":1223},{""x"":806,""y"":592,""t"":1325},{""x"":810,""y"":572,""t"":1435},{""x"":904,""y"":509,""t"":1542},{""x"":1045,""y"":572,""t"":1642},{""x"":979,""y"":644,""t"":1740},{""x"":1037,""y"":671,""t"":1840},{""x"":1072,""y"":681,""t"":1941},{""x"":1169,""y"":715,""t"":2045},{""x"":1339,""y"":768,""t"":2146},{""x"":1362,""y"":851,""t"":2247},{""x"":1310,""y"":743,""t"":2436},{""x"":1486,""y"":730,""t"":2501},{""x"":1483,""y"":748,""t"":2593},{""x"":1698,""y"":793,""t"":2691},{""x"":1502,""y"":754,""t"":2798},{""x"":1634,""y"":654,""t"":2900},{""x"":1529,""y"":618,""t"":2999},{""x"":1296,""y"":559,""t"":3103},{""x"":917,""y"":546,""t"":3206},{""x"":740,""y"":514,""t"":3308},{""x"":590,""y"":524,""t"":3406},{""x"":388,""y"":484,""t"":3510},{""x"":449,""y"":475,""t"":3608},{""x"":202,""y"":541,""t"":3708},{""x"":411,""y"":567,""t"":3809},{""x"":258,""y"":550,""t"":3919},{""x"":183,""y"":544,""t"":4034},{""x"":321,""y"":547,""t"":4163},{""x"":517,""y"":541,""t"":4270},{""x"":648,""y"":593,""t"":4373},{""x"":626,""y"":616,""t"":4473},{""x"":668,""y"":586,""t"":4577},{""x"":725,""y"":646,""t"":4683},{""x"":817,""y"":639,""t"":4783},{""x"":817,""y"":673,""t"":4883},{""x"":798,""y"":678,""t"":4985},{""x"":869,""y"":664,""t"":5088},{""x"":920,""y"":674,""t"":5189},{""x"":957,""y"":716,""t"":5288},{""x"":932,""y"":685,""t"":5389},{""x"":919,""y"":700,""t"":5489},{""x"":1133,""y"":735,""t"":5613},{""x"":970,""y"":690,""t"":5715},{""x"":845,""y"":689,""t"":5813},{""x"":946,""y"":678,""t"":5913},{""x"":896,""y"":663,""t"":6017},{""x"":952,""y"":569,""t"":6121},{""x"":986,""y"":570,""t"":6219},{""x"":848,""y"":609,""t"":6324}]",0,0.27246785946057156,0.7275321405394285,wa_dn,0
4-alternatives,1,74,exp_0,1.0,404.90000000596046,0.79,0.49,5.300000000000001,8.3,higher_p,higher_m,0,1,alternatives,0.0,False,4.187000000000001,4.067,0.120000000000001,0.3808273136562316,0.6,0.4,0.5,0.5,0.0,1.0,higher_p,higher_m,False,"{""durations"":[1500,1000,1500,1000],""alternatives"":[0,1,0,1],""attributes"":[""all"",""all"",""all"",""all""]}","[{""x"":845,""y"":671,""t"":-127},{""x"":867,""y"":651,""t"":0},{""x"":856,""y"":646,""t"":199},{""x"":797,""y"":623,""t"":322},{""x"":720,""y"":565,""t"":424},{""x"":854,""y"":522,""t"":523},{""x"":758,""y"":541,""t"":626},{""x"":808,""y"":509,""t"":728},{""x"":880,""y"":442,""t"":831},{""x"":702,""y"":394,""t"":938},{""x"":613,""y"":378,""t"":1040},{""x"":679,""y"":288,""t"":1144},{""x"":710,""y"":326,""t"":1248},{""x"":752,""y"":455,""t"":1349},{""x"":575,""y"":515,""t"":1449},{""x"":641,""y"":537,""t"":1547},{""x"":743,""y"":638,""t"":1658},{""x"":873,""y"":653,""t"":1760},{""x"":680,""y"":567,""t"":1861},{""x"":594,""y"":573,""t"":1960},{""x"":718,""y"":589,""t"":2062},{""x"":724,""y"":693,""t"":2167},{""x"":809,""y"":690,""t"":2266},{""x"":828,""y"":693,""t"":2366},{""x"":766,""y"":689,""t"":2466},{""x"":590,""y"":745,""t"":2564},{""x"":625,""y"":778,""t"":2664},{""x"":747,""y"":844,""t"":2771},{""x"":989,""y"":837,""t"":2871},{""x"":1288,""y"":806,""t"":2970},{""x"":1300,""y"":789,""t"":3071},{""x"":1238,""y"":776,""t"":3179},{""x"":1173,""y"":686,""t"":3280},{""x"":943,""y"":578,""t"":3380},{""x"":921,""y"":519,""t"":3479},{""x"":838,""y"":561,""t"":3580},{""x"":643,""y"":586,""t"":3680},{""x"":692,""y"":617,""t"":3782},{""x"":567,""y"":590,""t"":3882},{""x"":550,""y"":579,""t"":3981},{""x"":743,""y"":550,""t"":4084},{""x"":746,""y"":596,""t"":4183},{""x"":775,""y"":610,""t"":4288},{""x"":734,""y"":509,""t"":4398},{""x"":750,""y"":555,""t"":4497},{""x"":755,""y"":563,""t"":4597},{""x"":850,""y"":460,""t"":4701},{""x"":1004,""y"":558,""t"":4801},{""x"":1005,""y"":586,""t"":4900},{""x"":911,""y"":560,""t"":4999},{""x"":1020,""y"":598,""t"":5099},{""x"":855,""y"":621,""t"":5201},{""x"":831,""y"":714,""t"":5300},{""x"":643,""y"":726,""t"":5402},{""x"":519,""y"":773,""t"":5508},{""x"":397,""y"":732,""t"":5608},{""x"":532,""y"":701,""t"":5711},{""x"":562,""y"":744,""t"":5809},{""x"":730,""y"":783,""t"":5915},{""x"":720,""y"":793,""t"":6015},{""x"":832,""y"":734,""t"":6116},{""x"":723,""y"":733,""t"":6215}]",0,0.4301870839362675,0.5698129160637325,wa_dn,0
4-alternatives,1,75,exp_70,1.0,809.5,0.72,0.51,4.2,5.2,higher_p,higher_m,0,1,alternatives,0.0,False,3.024,2.652,0.3719999999999999,0.64020159214642,0.4,0.6,0.5,0.5,1.0,1.0,higher_m,higher_m,False,"{""durations"":[1000,1500,1000,1500],""alternatives"":[0,1,0,1],""attributes"":[""all"",""all"",""all"",""all""]}","[{""x"":639,""y"":675,""t"":-112},{""x"":827,""y"":779,""t"":0},{""x"":690,""y"":727,""t"":94},{""x"":646,""y"":705,""t"":234},{""x"":675,""y"":664,""t"":366},{""x"":795,""y"":618,""t"":470},{""x"":845,""y"":653,""t"":573},{""x"":981,""y"":682,""t"":673},{""x"":796,""y"":641,""t"":772},{""x"":842,""y"":638,""t"":872},{""x"":807,""y"":706,""t"":972},{""x"":923,""y"":671,""t"":1071},{""x"":1059,""y"":734,""t"":1178},{""x"":997,""y"":624,""t"":1277},{""x"":1039,""y"":663,""t"":1379},{""x"":962,""y"":711,""t"":1478},{""x"":970,""y"":669,""t"":1583},{""x"":801,""y"":614,""t"":1682},{""x"":602,""y"":546,""t"":1782},{""x"":447,""y"":566,""t"":1881},{""x"":292,""y"":535,""t"":1980},{""x"":418,""y"":467,""t"":2079},{""x"":467,""y"":439,""t"":2178},{""x"":363,""y"":369,""t"":2278},{""x"":298,""y"":346,""t"":2383},{""x"":435,""y"":363,""t"":2481},{""x"":509,""y"":382,""t"":2583},{""x"":524,""y"":381,""t"":2685},{""x"":480,""y"":424,""t"":2795},{""x"":422,""y"":423,""t"":2903},{""x"":665,""y"":518,""t"":3003},{""x"":765,""y"":592,""t"":3107},{""x"":839,""y"":640,""t"":3207},{""x"":826,""y"":691,""t"":3308},{""x"":969,""y"":761,""t"":3409},{""x"":1134,""y"":758,""t"":3507},{""x"":1112,""y"":772,""t"":3606},{""x"":886,""y"":734,""t"":3713},{""x"":864,""y"":696,""t"":3811},{""x"":817,""y"":685,""t"":3918},{""x"":1132,""y"":727,""t"":4018},{""x"":874,""y"":732,""t"":4118},{""x"":980,""y"":741,""t"":4217},{""x"":1109,""y"":738,""t"":4318},{""x"":1291,""y"":696,""t"":4420},{""x"":1229,""y"":714,""t"":4519},{""x"":904,""y"":645,""t"":4617},{""x"":726,""y"":645,""t"":4724},{""x"":466,""y"":637,""t"":4823},{""x"":662,""y"":717,""t"":4922},{""x"":520,""y"":730,""t"":5020},{""x"":489,""y"":697,""t"":5121},{""x"":543,""y"":665,""t"":5220},{""x"":707,""y"":696,""t"":5319},{""x"":815,""y"":724,""t"":5421},{""x"":923,""y"":736,""t"":5532},{""x"":1019,""y"":682,""t"":5631},{""x"":1003,""y"":680,""t"":5733},{""x"":1149,""y"":777,""t"":5837},{""x"":929,""y"":842,""t"":5936},{""x"":905,""y"":814,""t"":6036},{""x"":805,""y"":718,""t"":6133},{""x"":680,""y"":661,""t"":6237},{""x"":556,""y"":645,""t"":6344},{""x"":337,""y"":585,""t"":6445},{""x"":325,""y"":609,""t"":6549},{""x"":513,""y"":550,""t"":6651}]",0,0.49477277522929275,0.5052272247707073,wa_dn,0
4-alternatives,1,76,exp_106,0.0,421.90000000596046,0.78,0.4,2.1,3.0,higher_p,higher_m,0,1,alternatives,0.0,False,1.638,1.2000000000000002,0.4379999999999999,0.7081329507986126,0.6,0.4,0.5,0.5,0.0,0.0,higher_p,higher_p,True,"{""durations"":[1000,1500,1000,1500],""alternatives"":[1,0,1,0],""attributes"":[""all"",""all"",""all"",""all""]}","[{""x"":936,""y"":448,""t"":-162},{""x"":834,""y"":435,""t"":-58},{""x"":1097,""y"":466,""t"":0},{""x"":1118,""y"":580,""t"":136},{""x"":999,""y"":600,""t"":315},{""x"":1000,""y"":656,""t"":424},{""x"":1050,""y"":654,""t"":527},{""x"":1160,""y"":726,""t"":628},{""x"":1128,""y"":740,""t"":731},{""x"":1213,""y"":736,""t"":830},{""x"":1235,""y"":814,""t"":931},{""x"":1018,""y"":762,""t"":1034},{""x"":1011,""y"":808,""t"":1145},{""x"":1017,""y"":849,""t"":1248},{""x"":951,""y"":839,""t"":1349},{""x"":948,""y"":776,""t"":1456},{""x"":884,""y"":756,""t"":1555},{""x"":727,""y"":721,""t"":1655},{""x"":784,""y"":689,""t"":1755},{""x"":440,""y"":642,""t"":1856},{""x"":413,""y"":639,""t"":1955},{""x"":336,""y"":673,""t"":2061},{""x"":357,""y"":724,""t"":2174},{""x"":414,""y"":749,""t"":2274},{""x"":438,""y"":653,""t"":2401},{""x"":311,""y"":581,""t"":2507},{""x"":392,""y"":451,""t"":2609},{""x"":405,""y"":401,""t"":2709},{""x"":354,""y"":335,""t"":2815},{""x"":460,""y"":389,""t"":2915},{""x"":569,""y"":329,""t"":3013},{""x"":660,""y"":436,""t"":3115},{""x"":820,""y"":390,""t"":3213},{""x"":823,""y"":346,""t"":3313},{""x"":1010,""y"":392,""t"":3411},{""x"":1179,""y"":455,""t"":3513},{""x"":1335,""y"":495,""t"":3614},{""x"":1773,""y"":577,""t"":3713},{""x"":1593,""y"":640,""t"":3811},{""x"":1372,""y"":694,""t"":3919},{""x"":1464,""y"":658,""t"":4018},{""x"":1293,""y"":682,""t"":4119},{""x"":1131,""y"":673,""t"":4219},{""x"":1079,""y"":707,""t"":4322},{""x"":810,""y"":732,""t"":4421},{""x"":476,""y"":669,""t"":4523},{""x"":327,""y"":648,""t"":4625},{""x"":261,""y"":692,""t"":4725},{""x"":171,""y"":696,""t"":4826},{""x"":98,""y"":672,""t"":4928},{""x"":-29,""y"":669,""t"":5034},{""x"":92,""y"":681,""t"":5138},{""x"":377,""y"":662,""t"":5240},{""x"":328,""y"":623,""t"":5342},{""x"":312,""y"":613,""t"":5480},{""x"":277,""y"":614,""t"":5589},{""x"":299,""y"":595,""t"":5693},{""x"":584,""y"":694,""t"":5795},{""x"":715,""y"":639,""t"":5903},{""x"":727,""y"":596,""t"":6013},{""x"":724,""y"":602,""t"":6121},{""x"":841,""y"":565,""t"":6223},{""x"":1073,""y"":573,""t"":6325}]",1,0.5106111077436916,0.4893888922563084,wa_dn,0
4-alternatives,1,77,exp_56,1.0,841.1999999880791,0.41,0.21,1.7999999999999998,6.2,higher_p,higher_m,0,1,alternatives,0.0,False,0.7379999999999999,1.302,-0.5640000000000002,-0.3231885851028555,0.6,0.4,0.5,0.5,0.0,1.0,higher_p,higher_m,False,"{""durations"":[1500,1000,1500,1000],""alternatives"":[0,1,0,1],""attributes"":[""all"",""all"",""all"",""all""]}","[{""x"":1433,""y"":723,""t"":-166},{""x"":1226,""y"":782,""t"":0},{""x"":1344,""y"":714,""t"":126},{""x"":1233,""y"":671,""t"":297},{""x"":1151,""y"":595,""t"":401},{""x"":1077,""y"":600,""t"":505},{""x"":863,""y"":580,""t"":609},{""x"":661,""y"":557,""t"":712},{""x"":585,""y"":607,""t"":817},{""x"":418,""y"":634,""t"":925},{""x"":194,""y"":578,""t"":1031},{""x"":280,""y"":583,""t"":1132},{""x"":176,""y"":521,""t"":1236},{""x"":464,""y"":555,""t"":1339},{""x"":580,""y"":613,""t"":1440},{""x"":682,""y"":657,""t"":1544},{""x"":1146,""y"":714,""t"":1662},{""x"":1011,""y"":764,""t"":1776},{""x"":1173,""y"":730,""t"":1883},{""x"":1301,""y"":715,""t"":1999},{""x"":1359,""y"":686,""t"":2111},{""x"":1620,""y"":663,""t"":2214},{""x"":1534,""y"":678,""t"":2318},{""x"":1529,""y"":702,""t"":2422},{""x"":1314,""y"":740,""t"":2537},{""x"":1506,""y"":699,""t"":2643},{""x"":1466,""y"":786,""t"":2748},{""x"":1301,""y"":746,""t"":2863},{""x"":1286,""y"":750,""t"":2978},{""x"":1233,""y"":818,""t"":3092},{""x"":1267,""y"":740,""t"":3199},{""x"":1232,""y"":651,""t"":3305},{""x"":1233,""y"":700,""t"":3413},{""x"":989,""y"":719,""t"":3524},{""x"":925,""y"":744,""t"":3634},{""x"":758,""y"":733,""t"":3738},{""x"":602,""y"":745,""t"":3844},{""x"":378,""y"":658,""t"":3951},{""x"":624,""y"":670,""t"":4057},{""x"":883,""y"":714,""t"":4163},{""x"":1078,""y"":783,""t"":4268},{""x"":1302,""y"":859,""t"":4378},{""x"":1340,""y"":905,""t"":4491},{""x"":1316,""y"":855,""t"":4604},{""x"":1290,""y"":824,""t"":4711},{""x"":1288,""y"":804,""t"":4817},{""x"":1358,""y"":723,""t"":4941},{""x"":1346,""y"":752,""t"":5047},{""x"":1455,""y"":722,""t"":5152},{""x"":1503,""y"":710,""t"":5285},{""x"":1337,""y"":746,""t"":5389},{""x"":1353,""y"":764,""t"":5494},{""x"":1293,""y"":798,""t"":5606},{""x"":1253,""y"":773,""t"":5709},{""x"":1169,""y"":762,""t"":5811},{""x"":1005,""y"":707,""t"":5925},{""x"":1213,""y"":678,""t"":6061},{""x"":1134,""y"":685,""t"":6172},{""x"":1354,""y"":696,""t"":6282},{""x"":1373,""y"":657,""t"":6396},{""x"":1364,""y"":627,""t"":6505},{""x"":1241,""y"":617,""t"":6615},{""x"":1151,""y"":606,""t"":6720},{""x"":1041,""y"":647,""t"":6824}]",0,0.22775425297310364,0.7722457470268964,wa_dn,0
4-alternatives,1,78,exp_118,1.0,657.3000000119209,0.49,0.22,4.2,7.9,higher_p,higher_m,0,1,alternatives,0.0,False,2.058,1.738,0.3199999999999998,0.5866799156325714,0.4,0.6,0.5,0.5,1.0,1.0,higher_m,higher_m,False,"{""durations"":[1000,1500,1000,1500],""alternatives"":[0,1,0,1],""attributes"":[""all"",""all"",""all"",""all""]}","[{""x"":1002,""y"":629,""t"":-138},{""x"":979,""y"":619,""t"":0},{""x"":841,""y"":609,""t"":159},{""x"":655,""y"":592,""t"":306},{""x"":380,""y"":523,""t"":416},{""x"":323,""y"":572,""t"":523},{""x"":547,""y"":549,""t"":629},{""x"":743,""y"":530,""t"":739},{""x"":690,""y"":507,""t"":844},{""x"":986,""y"":512,""t"":954},{""x"":1162,""y"":628,""t"":1060},{""x"":1222,""y"":738,""t"":1178},{""x"":1429,""y"":739,""t"":1283},{""x"":1496,""y"":811,""t"":1387},{""x"":1269,""y"":751,""t"":1492},{""x"":1414,""y"":770,""t"":1598},{""x"":1174,""y"":717,""t"":1700},{""x"":899,""y"":615,""t"":1807},{""x"":760,""y"":570,""t"":1912},{""x"":790,""y"":563,""t"":2021},{""x"":601,""y"":501,""t"":2124},{""x"":656,""y"":558,""t"":2228},{""x"":915,""y"":629,""t"":2336},{""x"":745,""y"":656,""t"":2445},{""x"":536,""y"":697,""t"":2548},{""x"":440,""y"":688,""t"":2651},{""x"":447,""y"":595,""t"":2759},{""x"":379,""y"":593,""t"":2868},{""x"":532,""y"":702,""t"":2977},{""x"":431,""y"":770,""t"":3085},{""x"":468,""y"":844,""t"":3187},{""x"":709,""y"":848,""t"":3293},{""x"":716,""y"":925,""t"":3397},{""x"":1013,""y"":849,""t"":3506},{""x"":1137,""y"":835,""t"":3611},{""x"":1148,""y"":849,""t"":3715},{""x"":1020,""y"":806,""t"":3818},{""x"":1103,""y"":819,""t"":3929},{""x"":1080,""y"":849,""t"":4029},{""x"":1265,""y"":834,""t"":4129},{""x"":1074,""y"":807,""t"":4228},{""x"":793,""y"":729,""t"":4331},{""x"":867,""y"":708,""t"":4434},{""x"":619,""y"":720,""t"":4534},{""x"":679,""y"":753,""t"":4638},{""x"":488,""y"":750,""t"":4734},{""x"":342,""y"":774,""t"":4837},{""x"":314,""y"":802,""t"":4939},{""x"":362,""y"":774,""t"":5042},{""x"":483,""y"":736,""t"":5141},{""x"":734,""y"":648,""t"":5242},{""x"":1068,""y"":642,""t"":5343},{""x"":1103,""y"":696,""t"":5443},{""x"":1169,""y"":679,""t"":5551},{""x"":1439,""y"":665,""t"":5652},{""x"":1256,""y"":728,""t"":5753},{""x"":1119,""y"":727,""t"":5853},{""x"":1045,""y"":671,""t"":5953},{""x"":1212,""y"":636,""t"":6054},{""x"":948,""y"":663,""t"":6159},{""x"":1009,""y"":563,""t"":6265},{""x"":971,""y"":547,""t"":6369},{""x"":853,""y"":625,""t"":6470},{""x"":849,""y"":645,""t"":6572}]",1,0.4305517457437961,0.5694482542562038,wa_dn,0
4-alternatives,1,79,exp_100,0.0,670.2999999821186,0.58,0.38,4.9,6.9,higher_p,higher_m,0,1,alternatives,0.0,False,2.842,2.6220000000000003,0.2199999999999997,0.4837536146444008,0.4,0.6,0.5,0.5,1.0,0.0,higher_m,higher_p,True,"{""durations"":[1500,1000,1500,1000],""alternatives"":[1,0,1,0],""attributes"":[""all"",""all"",""all"",""all""]}","[{""x"":496,""y"":567,""t"":-109},{""x"":556,""y"":557,""t"":0},{""x"":554,""y"":577,""t"":133},{""x"":518,""y"":571,""t"":285},{""x"":519,""y"":524,""t"":411},{""x"":472,""y"":562,""t"":515},{""x"":463,""y"":579,""t"":613},{""x"":484,""y"":655,""t"":721},{""x"":380,""y"":617,""t"":824},{""x"":446,""y"":616,""t"":924},{""x"":680,""y"":704,""t"":1023},{""x"":673,""y"":800,""t"":1125},{""x"":733,""y"":853,""t"":1226},{""x"":922,""y"":842,""t"":1328},{""x"":1048,""y"":864,""t"":1428},{""x"":1175,""y"":819,""t"":1528},{""x"":1301,""y"":819,""t"":1635},{""x"":1352,""y"":849,""t"":1742},{""x"":1375,""y"":806,""t"":1845},{""x"":1407,""y"":823,""t"":1946},{""x"":1299,""y"":852,""t"":2045},{""x"":1368,""y"":876,""t"":2150},{""x"":1451,""y"":825,""t"":2249},{""x"":1395,""y"":866,""t"":2348},{""x"":1487,""y"":763,""t"":2450},{""x"":1203,""y"":756,""t"":2549},{""x"":1154,""y"":708,""t"":2649},{""x"":1328,""y"":726,""t"":2751},{""x"":1363,""y"":684,""t"":2834},{""x"":1511,""y"":641,""t"":2954},{""x"":1370,""y"":581,""t"":3058},{""x"":1443,""y"":571,""t"":3165},{""x"":1253,""y"":454,""t"":3247},{""x"":1176,""y"":438,""t"":3351},{""x"":1008,""y"":541,""t"":3427},{""x"":766,""y"":581,""t"":3528},{""x"":764,""y"":595,""t"":3628},{""x"":834,""y"":590,""t"":3730},{""x"":721,""y"":592,""t"":3846},{""x"":716,""y"":569,""t"":3943},{""x"":658,""y"":520,""t"":4041},{""x"":730,""y"":516,""t"":4149},{""x"":824,""y"":590,""t"":4247},{""x"":914,""y"":507,""t"":4346},{""x"":1034,""y"":481,""t"":4453},{""x"":855,""y"":495,""t"":4552},{""x"":937,""y"":511,""t"":4652},{""x"":948,""y"":434,""t"":4750},{""x"":898,""y"":438,""t"":4854},{""x"":865,""y"":521,""t"":4955},{""x"":914,""y"":533,""t"":5052},{""x"":847,""y"":606,""t"":5157},{""x"":836,""y"":687,""t"":5254},{""x"":833,""y"":685,""t"":5354},{""x"":969,""y"":693,""t"":5460},{""x"":935,""y"":723,""t"":5564},{""x"":857,""y"":759,""t"":5665},{""x"":950,""y"":766,""t"":5765},{""x"":1101,""y"":815,""t"":5868},{""x"":1062,""y"":744,""t"":5970},{""x"":1035,""y"":783,""t"":6070},{""x"":846,""y"":778,""t"":6187},{""x"":847,""y"":797,""t"":6286},{""x"":891,""y"":695,""t"":6388},{""x"":960,""y"":648,""t"":6488}]",1,0.4601231910941583,0.5398768089058418,wa_dn,0
4-alternatives,1,83,catch_10,1.0,464.2000000178814,0.31,0.51,1.6999999999999995,3.2,dominated,dominant,1,1,alternatives,0.0,False,0.5269999999999999,1.632,-1.1050000000000002,-0.8800198734488578,0.5,0.5,0.5,0.5,,1.0,,dominant,True,"{""durations"":[1250,1250,1250,1250],""attributes"":[""all"",""all"",""all"",""all""],""alternatives"":[0,1,0,1]}","[{""x"":791,""y"":642,""t"":-104},{""x"":681,""y"":599,""t"":0},{""x"":810,""y"":552,""t"":113},{""x"":853,""y"":546,""t"":264},{""x"":984,""y"":497,""t"":413},{""x"":919,""y"":562,""t"":545},{""x"":864,""y"":592,""t"":648},{""x"":857,""y"":627,""t"":754},{""x"":951,""y"":634,""t"":852},{""x"":946,""y"":611,""t"":953},{""x"":872,""y"":580,""t"":1056},{""x"":835,""y"":573,""t"":1161},{""x"":886,""y"":629,""t"":1257},{""x"":976,""y"":645,""t"":1363},{""x"":1033,""y"":616,""t"":1468},{""x"":961,""y"":702,""t"":1568},{""x"":866,""y"":742,""t"":1669},{""x"":631,""y"":766,""t"":1770},{""x"":439,""y"":729,""t"":1868},{""x"":284,""y"":628,""t"":1972},{""x"":476,""y"":555,""t"":2073},{""x"":343,""y"":575,""t"":2151},{""x"":212,""y"":639,""t"":2259},{""x"":142,""y"":670,""t"":2371},{""x"":334,""y"":697,""t"":2484},{""x"":426,""y"":686,""t"":2593},{""x"":476,""y"":680,""t"":2698},{""x"":366,""y"":705,""t"":2802},{""x"":372,""y"":661,""t"":2903},{""x"":614,""y"":660,""t"":3002},{""x"":736,""y"":612,""t"":3102},{""x"":769,""y"":675,""t"":3205},{""x"":901,""y"":837,""t"":3307},{""x"":980,""y"":815,""t"":3408},{""x"":1010,""y"":862,""t"":3508},{""x"":994,""y"":865,""t"":3607},{""x"":732,""y"":808,""t"":3708},{""x"":668,""y"":724,""t"":3957},{""x"":630,""y"":638,""t"":4060},{""x"":560,""y"":649,""t"":4163},{""x"":523,""y"":590,""t"":4263},{""x"":688,""y"":540,""t"":4366},{""x"":467,""y"":548,""t"":4442},{""x"":390,""y"":568,""t"":4541},{""x"":343,""y"":548,""t"":4643},{""x"":349,""y"":575,""t"":4742},{""x"":369,""y"":610,""t"":4842},{""x"":385,""y"":600,""t"":4942},{""x"":599,""y"":517,""t"":5043},{""x"":672,""y"":556,""t"":5141},{""x"":812,""y"":555,""t"":5247},{""x"":1009,""y"":559,""t"":5344},{""x"":1178,""y"":535,""t"":5447},{""x"":1274,""y"":531,""t"":5552},{""x"":1281,""y"":584,""t"":5650},{""x"":1359,""y"":693,""t"":5750},{""x"":1301,""y"":724,""t"":5853},{""x"":1157,""y"":767,""t"":5958},{""x"":1064,""y"":733,""t"":6056},{""x"":1097,""y"":731,""t"":6159},{""x"":955,""y"":763,""t"":6263}]",1,0.17931331327214098,0.820686686727859,wa_dn,0
4-alternatives,1,84,exp_48,0.0,451.90000000596046,0.49,0.32,6.9,8.2,higher_p,higher_m,0,1,alternatives,0.0,False,3.381,2.624,0.7570000000000006,1.0364678509508771,0.6,0.4,0.5,0.5,0.0,1.0,higher_p,higher_m,True,"{""durations"":[1500,1000,1500,1000],""alternatives"":[0,1,0,1],""attributes"":[""all"",""all"",""all"",""all""]}","[{""x"":568,""y"":507,""t"":-100},{""x"":651,""y"":538,""t"":0},{""x"":601,""y"":482,""t"":116},{""x"":428,""y"":427,""t"":304},{""x"":373,""y"":461,""t"":415},{""x"":318,""y"":409,""t"":515},{""x"":265,""y"":385,""t"":617},{""x"":422,""y"":361,""t"":716},{""x"":383,""y"":316,""t"":818},{""x"":323,""y"":452,""t"":921},{""x"":279,""y"":534,""t"":1021},{""x"":216,""y"":571,""t"":1119},{""x"":449,""y"":599,""t"":1224},{""x"":307,""y"":612,""t"":1323},{""x"":318,""y"":596,""t"":1423},{""x"":331,""y"":676,""t"":1522},{""x"":355,""y"":648,""t"":1631},{""x"":335,""y"":615,""t"":1734},{""x"":458,""y"":587,""t"":1836},{""x"":759,""y"":629,""t"":1939},{""x"":886,""y"":705,""t"":2040},{""x"":860,""y"":750,""t"":2140},{""x"":861,""y"":748,""t"":2239},{""x"":925,""y"":752,""t"":2338},{""x"":810,""y"":814,""t"":2441},{""x"":961,""y"":755,""t"":2552},{""x"":986,""y"":742,""t"":2651},{""x"":1132,""y"":717,""t"":2758},{""x"":1086,""y"":751,""t"":2858},{""x"":1283,""y"":708,""t"":2958},{""x"":1146,""y"":638,""t"":3063},{""x"":916,""y"":622,""t"":3166},{""x"":770,""y"":550,""t"":3294},{""x"":611,""y"":576,""t"":3419},{""x"":406,""y"":581,""t"":3520},{""x"":326,""y"":591,""t"":3620},{""x"":327,""y"":498,""t"":3721},{""x"":402,""y"":454,""t"":3818},{""x"":445,""y"":443,""t"":3919},{""x"":345,""y"":389,""t"":4021},{""x"":389,""y"":439,""t"":4124},{""x"":445,""y"":466,""t"":4231},{""x"":485,""y"":510,""t"":4331},{""x"":486,""y"":603,""t"":4436},{""x"":365,""y"":653,""t"":4534},{""x"":414,""y"":666,""t"":4635},{""x"":299,""y"":650,""t"":4734},{""x"":314,""y"":681,""t"":4837},{""x"":382,""y"":739,""t"":4936},{""x"":511,""y"":751,""t"":5037},{""x"":837,""y"":838,""t"":5140},{""x"":808,""y"":941,""t"":5247},{""x"":771,""y"":943,""t"":5348},{""x"":730,""y"":982,""t"":5448},{""x"":738,""y"":996,""t"":5552},{""x"":668,""y"":891,""t"":5651},{""x"":740,""y"":777,""t"":5751},{""x"":733,""y"":753,""t"":5851},{""x"":627,""y"":671,""t"":5955},{""x"":719,""y"":607,""t"":6058},{""x"":741,""y"":514,""t"":6161},{""x"":859,""y"":564,""t"":6269},{""x"":1020,""y"":523,""t"":6373}]",0,0.5313497907771255,0.4686502092228745,wa_dn,0
4-alternatives,1,87,exp_44,1.0,809.4000000059605,0.81,0.48,1.6999999999999995,7.9,higher_p,higher_m,0,1,alternatives,0.0,False,1.3769999999999998,3.792,-2.415,-2.2283544163938904,0.4,0.6,0.5,0.5,1.0,0.0,higher_m,higher_p,False,"{""durations"":[1500,1000,1500,1000],""alternatives"":[1,0,1,0],""attributes"":[""all"",""all"",""all"",""all""]}","[{""x"":1170,""y"":776,""t"":-84},{""x"":1231,""y"":766,""t"":0},{""x"":1226,""y"":774,""t"":90},{""x"":1284,""y"":774,""t"":203},{""x"":1207,""y"":703,""t"":333},{""x"":1225,""y"":706,""t"":429},{""x"":1185,""y"":636,""t"":507},{""x"":1082,""y"":641,""t"":586},{""x"":1024,""y"":772,""t"":665},{""x"":1101,""y"":768,""t"":744},{""x"":1201,""y"":754,""t"":821},{""x"":1152,""y"":797,""t"":895},{""x"":1208,""y"":790,""t"":974},{""x"":1138,""y"":799,""t"":1050},{""x"":1042,""y"":798,""t"":1129},{""x"":1002,""y"":829,""t"":1202},{""x"":1039,""y"":806,""t"":1276},{""x"":1152,""y"":809,""t"":1350},{""x"":1245,""y"":817,""t"":1424},{""x"":1270,""y"":771,""t"":1502},{""x"":1191,""y"":755,""t"":1582},{""x"":1175,""y"":729,""t"":1660},{""x"":938,""y"":849,""t"":1742},{""x"":820,""y"":845,""t"":1829},{""x"":868,""y"":771,""t"":1905},{""x"":762,""y"":780,""t"":2021},{""x"":852,""y"":709,""t"":2096},{""x"":1013,""y"":711,""t"":2171},{""x"":1182,""y"":742,""t"":2247},{""x"":1357,""y"":708,""t"":2323},{""x"":1356,""y"":724,""t"":2398},{""x"":1333,""y"":722,""t"":2474},{""x"":1413,""y"":809,""t"":2548},{""x"":1390,""y"":825,""t"":2622},{""x"":1382,""y"":802,""t"":2706},{""x"":1488,""y"":798,""t"":2780},{""x"":1487,""y"":802,""t"":2854},{""x"":1549,""y"":752,""t"":2931},{""x"":1577,""y"":730,""t"":3010},{""x"":1601,""y"":687,""t"":3085},{""x"":1424,""y"":721,""t"":3160},{""x"":1237,""y"":709,""t"":3236},{""x"":1189,""y"":672,""t"":3311},{""x"":1063,""y"":674,""t"":3386},{""x"":981,""y"":695,""t"":3464},{""x"":884,""y"":682,""t"":3538},{""x"":1071,""y"":685,""t"":3613},{""x"":1109,""y"":698,""t"":3687},{""x"":1300,""y"":716,""t"":3764},{""x"":1506,""y"":762,""t"":3840},{""x"":1602,""y"":793,""t"":3915},{""x"":1777,""y"":780,""t"":3991},{""x"":1840,""y"":717,""t"":4074},{""x"":1810,""y"":740,""t"":4148},{""x"":1832,""y"":747,""t"":4223},{""x"":1599,""y"":779,""t"":4306},{""x"":1389,""y"":791,""t"":4381},{""x"":1382,""y"":751,""t"":4456},{""x"":1373,""y"":773,""t"":4532},{""x"":1384,""y"":735,""t"":4609},{""x"":1464,""y"":692,""t"":4683},{""x"":1443,""y"":737,""t"":4763},{""x"":1389,""y"":769,""t"":4838},{""x"":1481,""y"":807,""t"":4912},{""x"":1507,""y"":861,""t"":4992},{""x"":1387,""y"":840,""t"":5068},{""x"":1312,""y"":853,""t"":5142},{""x"":1249,""y"":878,""t"":5217},{""x"":1280,""y"":857,""t"":5294},{""x"":1096,""y"":810,""t"":5373},{""x"":1126,""y"":759,""t"":5455},{""x"":1164,""y"":803,""t"":5531},{""x"":1204,""y"":772,""t"":5607},{""x"":1327,""y"":737,""t"":5682},{""x"":1397,""y"":732,""t"":5759},{""x"":1468,""y"":697,""t"":5835},{""x"":1377,""y"":720,""t"":5916},{""x"":1356,""y"":762,""t"":5994},{""x"":1297,""y"":774,""t"":6075},{""x"":1384,""y"":711,""t"":6150},{""x"":1393,""y"":700,""t"":6230},{""x"":1411,""y"":717,""t"":6307},{""x"":1464,""y"":693,""t"":6383},{""x"":1511,""y"":654,""t"":6459},{""x"":1477,""y"":668,""t"":6537},{""x"":1412,""y"":706,""t"":6612}]",1,0.1573415121355355,0.8426584878644644,wa_dn,0
4-alternatives,1,88,exp_62,1.0,705.0,0.41,0.21,1.7999999999999998,6.2,higher_p,higher_m,0,1,alternatives,0.0,False,0.7379999999999999,1.302,-0.5640000000000002,-0.3231885851028555,0.4,0.6,0.5,0.5,1.0,1.0,higher_m,higher_m,False,"{""durations"":[1000,1500,1000,1500],""alternatives"":[0,1,0,1],""attributes"":[""all"",""all"",""all"",""all""]}","[{""x"":1402,""y"":807,""t"":-138},{""x"":1362,""y"":815,""t"":-64},{""x"":1212,""y"":756,""t"":1},{""x"":1061,""y"":792,""t"":128},{""x"":1051,""y"":805,""t"":318},{""x"":1051,""y"":785,""t"":400},{""x"":1124,""y"":707,""t"":480},{""x"":1085,""y"":724,""t"":557},{""x"":1135,""y"":715,""t"":644},{""x"":1110,""y"":722,""t"":721},{""x"":1006,""y"":735,""t"":798},{""x"":882,""y"":697,""t"":874},{""x"":835,""y"":675,""t"":951},{""x"":798,""y"":707,""t"":1030},{""x"":639,""y"":684,""t"":1107},{""x"":712,""y"":734,""t"":1193},{""x"":702,""y"":688,""t"":1272},{""x"":810,""y"":754,""t"":1349},{""x"":1016,""y"":725,""t"":1428},{""x"":1233,""y"":726,""t"":1504},{""x"":1381,""y"":730,""t"":1580},{""x"":1507,""y"":690,""t"":1660},{""x"":1583,""y"":652,""t"":1737},{""x"":1644,""y"":628,""t"":1813},{""x"":1638,""y"":581,""t"":1897},{""x"":1553,""y"":634,""t"":1972},{""x"":1567,""y"":669,""t"":2046},{""x"":1590,""y"":681,""t"":2120},{""x"":1641,""y"":692,""t"":2196},{""x"":1472,""y"":741,""t"":2270},{""x"":1471,""y"":795,""t"":2348},{""x"":1536,""y"":773,""t"":2430},{""x"":1544,""y"":756,""t"":2504},{""x"":1475,""y"":763,""t"":2578},{""x"":1418,""y"":700,""t"":2658},{""x"":1310,""y"":705,""t"":2742},{""x"":1440,""y"":674,""t"":2817},{""x"":1419,""y"":702,""t"":2892},{""x"":1528,""y"":708,""t"":2968},{""x"":1442,""y"":733,""t"":3043},{""x"":1421,""y"":717,""t"":3118},{""x"":1460,""y"":671,""t"":3199},{""x"":1332,""y"":676,""t"":3288},{""x"":1196,""y"":649,""t"":3369},{""x"":1048,""y"":643,""t"":3455},{""x"":1024,""y"":637,""t"":3532},{""x"":1040,""y"":604,""t"":3608},{""x"":1030,""y"":636,""t"":3684},{""x"":791,""y"":695,""t"":3768},{""x"":753,""y"":668,""t"":3849},{""x"":587,""y"":671,""t"":3926},{""x"":710,""y"":687,""t"":4001},{""x"":915,""y"":641,""t"":4076},{""x"":1156,""y"":577,""t"":4152},{""x"":1370,""y"":541,""t"":4230},{""x"":1508,""y"":521,""t"":4306},{""x"":1746,""y"":517,""t"":4383},{""x"":1832,""y"":490,""t"":4465},{""x"":1842,""y"":584,""t"":4573},{""x"":1637,""y"":658,""t"":4653},{""x"":1560,""y"":762,""t"":4731},{""x"":1544,""y"":774,""t"":4811},{""x"":1612,""y"":844,""t"":4886},{""x"":1531,""y"":859,""t"":4963},{""x"":1471,""y"":872,""t"":5039},{""x"":1460,""y"":891,""t"":5113},{""x"":1581,""y"":800,""t"":5188},{""x"":1674,""y"":762,""t"":5262},{""x"":1727,""y"":735,""t"":5342},{""x"":1699,""y"":747,""t"":5435},{""x"":1614,""y"":754,""t"":5510},{""x"":1478,""y"":681,""t"":5584},{""x"":1500,""y"":709,""t"":5659},{""x"":1459,""y"":759,""t"":5739},{""x"":1340,""y"":802,""t"":5819},{""x"":1380,""y"":829,""t"":5895},{""x"":1389,""y"":839,""t"":5968},{""x"":1484,""y"":813,""t"":6048},{""x"":1508,""y"":742,""t"":6127},{""x"":1475,""y"":719,""t"":6203},{""x"":1510,""y"":727,""t"":6280},{""x"":1434,""y"":742,""t"":6355},{""x"":1463,""y"":746,""t"":6436},{""x"":1363,""y"":733,""t"":6510}]",0,0.22775425297310364,0.7722457470268964,wa_dn,0
4-alternatives,1,89,exp_66,0.0,610.7999999821186,0.72,0.51,4.2,5.2,higher_p,higher_m,0,1,alternatives,0.0,False,3.024,2.652,0.3719999999999999,0.64020159214642,0.6,0.4,0.5,0.5,0.0,0.0,higher_p,higher_p,True,"{""durations"":[1000,1500,1000,1500],""alternatives"":[1,0,1,0],""attributes"":[""all"",""all"",""all"",""all""]}","[{""x"":1266,""y"":857,""t"":-113},{""x"":1211,""y"":830,""t"":-36},{""x"":1145,""y"":842,""t"":0},{""x"":1128,""y"":789,""t"":91},{""x"":1001,""y"":790,""t"":243},{""x"":1065,""y"":726,""t"":382},{""x"":1148,""y"":677,""t"":459},{""x"":1260,""y"":612,""t"":534},{""x"":1319,""y"":631,""t"":610},{""x"":1444,""y"":677,""t"":688},{""x"":1535,""y"":689,""t"":764},{""x"":1656,""y"":683,""t"":839},{""x"":1659,""y"":770,""t"":916},{""x"":1610,""y"":813,""t"":992},{""x"":1571,""y"":790,""t"":1074},{""x"":1519,""y"":763,""t"":1152},{""x"":1583,""y"":716,""t"":1229},{""x"":1558,""y"":733,""t"":1304},{""x"":1471,""y"":704,""t"":1380},{""x"":1433,""y"":712,""t"":1455},{""x"":1282,""y"":781,""t"":1531},{""x"":1327,""y"":808,""t"":1609},{""x"":1268,""y"":777,""t"":1681},{""x"":1250,""y"":782,""t"":1757},{""x"":1274,""y"":665,""t"":1833},{""x"":1077,""y"":628,""t"":1908},{""x"":1043,""y"":645,""t"":1984},{""x"":858,""y"":642,""t"":2062},{""x"":727,""y"":742,""t"":2139},{""x"":694,""y"":794,""t"":2214},{""x"":750,""y"":747,""t"":2297},{""x"":879,""y"":688,""t"":2374},{""x"":964,""y"":695,""t"":2451},{""x"":1151,""y"":611,""t"":2527},{""x"":1273,""y"":531,""t"":2602},{""x"":1279,""y"":498,""t"":2678},{""x"":1350,""y"":486,""t"":2762},{""x"":1572,""y"":486,""t"":2837},{""x"":1651,""y"":580,""t"":2911},{""x"":1790,""y"":587,""t"":2987},{""x"":1696,""y"":617,""t"":3064},{""x"":1688,""y"":646,""t"":3143},{""x"":1620,""y"":620,""t"":3218},{""x"":1632,""y"":623,""t"":3295},{""x"":1579,""y"":647,""t"":3372},{""x"":1520,""y"":694,""t"":3448},{""x"":1440,""y"":714,""t"":3526},{""x"":1400,""y"":702,""t"":3600},{""x"":1432,""y"":697,""t"":3679},{""x"":1473,""y"":707,""t"":3758},{""x"":1575,""y"":700,""t"":3839},{""x"":1677,""y"":719,""t"":3915},{""x"":1662,""y"":650,""t"":3992},{""x"":1554,""y"":710,""t"":4066},{""x"":1494,""y"":708,""t"":4144},{""x"":1408,""y"":659,""t"":4218},{""x"":1240,""y"":683,""t"":4295},{""x"":1174,""y"":705,""t"":4370},{""x"":1158,""y"":674,""t"":4447},{""x"":1041,""y"":765,""t"":4521},{""x"":875,""y"":793,""t"":4600},{""x"":732,""y"":770,""t"":4674},{""x"":734,""y"":733,""t"":4747},{""x"":632,""y"":704,""t"":4822},{""x"":540,""y"":683,""t"":4896},{""x"":488,""y"":616,""t"":5013},{""x"":571,""y"":590,""t"":5068},{""x"":758,""y"":616,""t"":5145},{""x"":934,""y"":633,""t"":5220},{""x"":1089,""y"":702,""t"":5295},{""x"":1045,""y"":672,""t"":5374},{""x"":954,""y"":699,""t"":5456},{""x"":1044,""y"":712,""t"":5531},{""x"":1058,""y"":662,""t"":5606},{""x"":1143,""y"":652,""t"":5681},{""x"":1284,""y"":687,""t"":5755},{""x"":1475,""y"":662,""t"":5830},{""x"":1446,""y"":691,""t"":5905},{""x"":1407,""y"":675,""t"":5985},{""x"":1201,""y"":634,""t"":6065},{""x"":1212,""y"":633,""t"":6144},{""x"":1185,""y"":616,""t"":6219},{""x"":1137,""y"":570,""t"":6295},{""x"":1158,""y"":537,""t"":6372}]",1,0.49477277522929275,0.5052272247707073,wa_dn,0
4-alternatives,1,91,catch_12,1.0,662.5999999940395,0.23,0.47,5.0,6.0,dominated,dominant,1,1,alternatives,0.0,False,1.15,2.82,-1.6699999999999997,-1.4615534740320204,0.5,0.5,0.5,0.5,,1.0,,dominant,True,"{""durations"":[1250,1250,1250,1250],""attributes"":[""all"",""all"",""all"",""all""],""alternatives"":[0,1,0,1]}","[{""x"":922,""y"":769,""t"":-84},{""x"":904,""y"":715,""t"":0},{""x"":935,""y"":644,""t"":122},{""x"":898,""y"":650,""t"":254},{""x"":925,""y"":653,""t"":354},{""x"":1054,""y"":703,""t"":430},{""x"":1046,""y"":750,""t"":506},{""x"":1161,""y"":760,""t"":581},{""x"":1343,""y"":738,""t"":658},{""x"":1518,""y"":770,""t"":739},{""x"":1666,""y"":717,""t"":814},{""x"":1700,""y"":711,""t"":888},{""x"":1798,""y"":693,""t"":964},{""x"":1708,""y"":723,""t"":1041},{""x"":1600,""y"":805,""t"":1116},{""x"":1569,""y"":846,""t"":1194},{""x"":1593,""y"":912,""t"":1268},{""x"":1565,""y"":1000,""t"":1355},{""x"":1395,""y"":1015,""t"":1433},{""x"":1403,""y"":976,""t"":1508},{""x"":1424,""y"":936,""t"":1583},{""x"":1306,""y"":894,""t"":1660},{""x"":1299,""y"":962,""t"":1737},{""x"":1319,""y"":944,""t"":1813},{""x"":1254,""y"":890,""t"":1887},{""x"":1240,""y"":836,""t"":1965},{""x"":1329,""y"":795,""t"":2040},{""x"":1351,""y"":753,""t"":2114},{""x"":1141,""y"":817,""t"":2191},{""x"":1028,""y"":793,""t"":2269},{""x"":949,""y"":741,""t"":2345},{""x"":751,""y"":722,""t"":2420},{""x"":621,""y"":639,""t"":2494},{""x"":653,""y"":590,""t"":2569},{""x"":676,""y"":665,""t"":2645},{""x"":755,""y"":609,""t"":2728},{""x"":840,""y"":587,""t"":2801},{""x"":880,""y"":598,""t"":2878},{""x"":922,""y"":606,""t"":2955},{""x"":1142,""y"":597,""t"":3029},{""x"":1241,""y"":617,""t"":3124},{""x"":1435,""y"":636,""t"":3198},{""x"":1511,""y"":630,""t"":3276},{""x"":1487,""y"":703,""t"":3387},{""x"":1476,""y"":759,""t"":3470},{""x"":1545,""y"":762,""t"":3545},{""x"":1480,""y"":781,""t"":3619},{""x"":1425,""y"":758,""t"":3693},{""x"":1449,""y"":752,""t"":3770},{""x"":1364,""y"":799,""t"":3845},{""x"":1435,""y"":779,""t"":3922},{""x"":1460,""y"":774,""t"":4001},{""x"":1471,""y"":716,""t"":4082},{""x"":1526,""y"":735,""t"":4157},{""x"":1601,""y"":724,""t"":4232},{""x"":1549,""y"":681,""t"":4309},{""x"":1556,""y"":694,""t"":4387},{""x"":1477,""y"":683,""t"":4463},{""x"":1389,""y"":674,""t"":4540},{""x"":1126,""y"":682,""t"":4614},{""x"":1022,""y"":639,""t"":4688},{""x"":1050,""y"":609,""t"":4765},{""x"":985,""y"":649,""t"":4839},{""x"":1006,""y"":611,""t"":4914},{""x"":1118,""y"":607,""t"":4996},{""x"":1052,""y"":631,""t"":5072},{""x"":1006,""y"":711,""t"":5147},{""x"":1030,""y"":674,""t"":5223},{""x"":1076,""y"":760,""t"":5297},{""x"":1138,""y"":775,""t"":5378},{""x"":1133,""y"":775,""t"":5455},{""x"":1143,""y"":771,""t"":5529},{""x"":1165,""y"":786,""t"":5605},{""x"":1267,""y"":802,""t"":5680},{""x"":1210,""y"":792,""t"":5754},{""x"":1272,""y"":747,""t"":5834},{""x"":1310,""y"":779,""t"":5909},{""x"":1326,""y"":757,""t"":5992},{""x"":1381,""y"":757,""t"":6072},{""x"":1409,""y"":824,""t"":6148},{""x"":1392,""y"":812,""t"":6224},{""x"":1367,""y"":804,""t"":6298},{""x"":1250,""y"":775,""t"":6388}]",1,0.2711031273135625,0.7288968726864374,wa_dn,0
4-alternatives,1,93,exp_28,0.0,691.3000000119209,0.3,0.17,2.0,3.0,higher_p,higher_m,0,1,alternatives,0.0,False,0.6,0.51,0.0899999999999999,0.3499494233597794,0.4,0.6,0.5,0.5,1.0,0.0,higher_m,higher_p,True,"{""durations"":[1500,1000,1500,1000],""alternatives"":[1,0,1,0],""attributes"":[""all"",""all"",""all"",""all""]}","[{""x"":1272,""y"":836,""t"":-77},{""x"":1214,""y"":859,""t"":0},{""x"":1207,""y"":832,""t"":90},{""x"":1133,""y"":816,""t"":210},{""x"":1112,""y"":848,""t"":346},{""x"":1173,""y"":858,""t"":422},{""x"":1206,""y"":868,""t"":497},{""x"":1049,""y"":855,""t"":572},{""x"":916,""y"":805,""t"":645},{""x"":915,""y"":833,""t"":728},{""x"":985,""y"":873,""t"":803},{""x"":960,""y"":815,""t"":880},{""x"":885,""y"":815,""t"":952},{""x"":694,""y"":855,""t"":1028},{""x"":547,""y"":810,""t"":1103},{""x"":497,""y"":775,""t"":1177},{""x"":524,""y"":694,""t"":1254},{""x"":573,""y"":675,""t"":1329},{""x"":624,""y"":674,""t"":1404},{""x"":779,""y"":644,""t"":1480},{""x"":845,""y"":661,""t"":1555},{""x"":755,""y"":648,""t"":1638},{""x"":688,""y"":676,""t"":1723},{""x"":669,""y"":668,""t"":1798},{""x"":744,""y"":611,""t"":1873},{""x"":986,""y"":632,""t"":1950},{""x"":1052,""y"":707,""t"":2024},{""x"":1105,""y"":768,""t"":2099},{""x"":1309,""y"":804,""t"":2175},{""x"":1429,""y"":833,""t"":2251},{""x"":1411,""y"":861,""t"":2325},{""x"":1396,""y"":913,""t"":2402},{""x"":1399,""y"":920,""t"":2478},{""x"":1414,""y"":982,""t"":2552},{""x"":1505,""y"":957,""t"":2627},{""x"":1471,""y"":925,""t"":2708},{""x"":1422,""y"":879,""t"":2789},{""x"":1517,""y"":821,""t"":2864},{""x"":1256,""y"":865,""t"":2941},{""x"":1095,""y"":873,""t"":3022},{""x"":1037,""y"":836,""t"":3097},{""x"":961,""y"":812,""t"":3173},{""x"":771,""y"":750,""t"":3249},{""x"":694,""y"":669,""t"":3325},{""x"":513,""y"":654,""t"":3400},{""x"":418,""y"":584,""t"":3475},{""x"":438,""y"":581,""t"":3552},{""x"":365,""y"":667,""t"":3627},{""x"":475,""y"":663,""t"":3703},{""x"":607,""y"":670,""t"":3782},{""x"":773,""y"":713,""t"":3859},{""x"":798,""y"":785,""t"":3937},{""x"":827,""y"":848,""t"":4016},{""x"":1136,""y"":866,""t"":4090},{""x"":1388,""y"":873,""t"":4169},{""x"":1614,""y"":793,""t"":4244},{""x"":1640,""y"":803,""t"":4321},{""x"":1742,""y"":791,""t"":4401},{""x"":1833,""y"":727,""t"":4477},{""x"":1858,""y"":750,""t"":4552},{""x"":1835,""y"":753,""t"":4628},{""x"":1758,""y"":815,""t"":4704},{""x"":1736,""y"":891,""t"":4786},{""x"":1742,""y"":930,""t"":4862},{""x"":1747,""y"":878,""t"":4938},{""x"":1735,""y"":876,""t"":5014},{""x"":1784,""y"":795,""t"":5090},{""x"":1746,""y"":735,""t"":5165},{""x"":1679,""y"":684,""t"":5245},{""x"":1580,""y"":730,""t"":5325},{""x"":1337,""y"":787,""t"":5412},{""x"":1278,""y"":815,""t"":5498},{""x"":1368,""y"":823,""t"":5572},{""x"":1262,""y"":863,""t"":5649},{""x"":1121,""y"":886,""t"":5733},{""x"":1135,""y"":845,""t"":5815},{""x"":1064,""y"":906,""t"":5948},{""x"":971,""y"":877,""t"":6023},{""x"":1087,""y"":883,""t"":6102},{""x"":1041,""y"":890,""t"":6182},{""x"":1092,""y"":882,""t"":6262},{""x"":1087,""y"":843,""t"":6337},{""x"":1095,""y"":890,""t"":6413},{""x"":1007,""y"":861,""t"":6488},{""x"":990,""y"":778,""t"":6563}]",1,0.46816967872985427,0.5318303212701457,wa_dn,0
4-alternatives,1,97,exp_24,0.0,544.2000000178814,0.3,0.17,2.0,3.0,higher_p,higher_m,0,1,alternatives,0.0,False,0.6,0.51,0.0899999999999999,0.3499494233597794,0.6,0.4,0.5,0.5,0.0,1.0,higher_p,higher_m,True,"{""durations"":[1500,1000,1500,1000],""alternatives"":[0,1,0,1],""attributes"":[""all"",""all"",""all"",""all""]}","[{""x"":1227,""y"":841,""t"":-81},{""x"":1213,""y"":858,""t"":0},{""x"":1165,""y"":945,""t"":89},{""x"":1249,""y"":975,""t"":167},{""x"":1384,""y"":975,""t"":294},{""x"":1554,""y"":948,""t"":445},{""x"":1657,""y"":964,""t"":524},{""x"":1759,""y"":984,""t"":637},{""x"":1743,""y"":920,""t"":714},{""x"":1737,""y"":833,""t"":789},{""x"":1756,""y"":751,""t"":872},{""x"":1659,""y"":742,""t"":950},{""x"":1661,""y"":716,""t"":1027},{""x"":1518,""y"":653,""t"":1106},{""x"":1470,""y"":650,""t"":1187},{""x"":1382,""y"":698,""t"":1264},{""x"":1302,""y"":739,""t"":1340},{""x"":1311,""y"":802,""t"":1415},{""x"":1267,""y"":778,""t"":1490},{""x"":1223,""y"":778,""t"":1567},{""x"":1360,""y"":761,""t"":1664},{""x"":1339,""y"":713,""t"":1738},{""x"":1366,""y"":748,""t"":1813},{""x"":1224,""y"":687,""t"":1887},{""x"":1196,""y"":642,""t"":1961},{""x"":1136,""y"":701,""t"":2037},{""x"":1017,""y"":689,""t"":2113},{""x"":996,""y"":697,""t"":2192},{""x"":806,""y"":706,""t"":2266},{""x"":680,""y"":776,""t"":2342},{""x"":626,""y"":812,""t"":2416},{""x"":579,""y"":873,""t"":2491},{""x"":649,""y"":906,""t"":2567},{""x"":545,""y"":933,""t"":2642},{""x"":600,""y"":873,""t"":2722},{""x"":496,""y"":835,""t"":2803},{""x"":606,""y"":757,""t"":2882},{""x"":656,""y"":735,""t"":2960},{""x"":828,""y"":756,""t"":3037},{""x"":974,""y"":789,""t"":3114},{""x"":1126,""y"":774,""t"":3190},{""x"":1263,""y"":875,""t"":3266},{""x"":1352,""y"":853,""t"":3342},{""x"":1459,""y"":841,""t"":3418},{""x"":1476,""y"":809,""t"":3493},{""x"":1537,""y"":802,""t"":3571},{""x"":1646,""y"":771,""t"":3649},{""x"":1620,""y"":735,""t"":3730},{""x"":1703,""y"":762,""t"":3806},{""x"":1816,""y"":783,""t"":3888},{""x"":1910,""y"":842,""t"":3970},{""x"":1715,""y"":827,""t"":4048},{""x"":1808,""y"":777,""t"":4129},{""x"":1733,""y"":834,""t"":4205},{""x"":1648,""y"":828,""t"":4279},{""x"":1734,""y"":838,""t"":4361},{""x"":1441,""y"":837,""t"":4437},{""x"":1368,""y"":781,""t"":4514},{""x"":1270,""y"":761,""t"":4588},{""x"":1152,""y"":793,""t"":4665},{""x"":1010,""y"":852,""t"":4740},{""x"":974,""y"":858,""t"":4814},{""x"":1031,""y"":863,""t"":4894},{""x"":1028,""y"":930,""t"":4970},{""x"":966,""y"":896,""t"":5046},{""x"":1069,""y"":869,""t"":5123},{""x"":1059,""y"":809,""t"":5200},{""x"":1073,""y"":735,""t"":5275},{""x"":1075,""y"":726,""t"":5362},{""x"":1240,""y"":657,""t"":5445},{""x"":1428,""y"":586,""t"":5522},{""x"":1572,""y"":563,""t"":5597},{""x"":1596,""y"":588,""t"":5674},{""x"":1644,""y"":584,""t"":5748},{""x"":1661,""y"":584,""t"":5823},{""x"":1648,""y"":547,""t"":5900},{""x"":1633,""y"":558,""t"":5986},{""x"":1567,""y"":670,""t"":6065},{""x"":1531,""y"":663,""t"":6143},{""x"":1515,""y"":690,""t"":6219},{""x"":1418,""y"":789,""t"":6293},{""x"":1389,""y"":839,""t"":6369}]",0,0.46816967872985427,0.5318303212701457,wa_dn,0
4-alternatives,1,98,exp_12,1.0,929.7000000178814,0.7,0.29,1.7999999999999998,5.0,higher_p,higher_m,0,1,alternatives,0.0,False,1.2599999999999998,1.45,-0.1900000000000001,0.0617557805929019,0.4,0.6,0.5,0.5,1.0,0.0,higher_m,higher_p,False,"{""durations"":[1500,1000,1500,1000],""alternatives"":[1,0,1,0],""attributes"":[""all"",""all"",""all"",""all""]}","[{""x"":1247,""y"":807,""t"":-84},{""x"":1257,""y"":792,""t"":0},{""x"":1358,""y"":830,""t"":109},{""x"":1424,""y"":772,""t"":240},{""x"":1308,""y"":691,""t"":347},{""x"":1456,""y"":689,""t"":426},{""x"":1444,""y"":733,""t"":507},{""x"":1412,""y"":709,""t"":582},{""x"":1364,""y"":696,""t"":663},{""x"":1349,""y"":621,""t"":745},{""x"":1318,""y"":621,""t"":822},{""x"":1390,""y"":681,""t"":901},{""x"":1409,""y"":629,""t"":979},{""x"":1384,""y"":678,""t"":1057},{""x"":1451,""y"":659,""t"":1134},{""x"":1386,""y"":702,""t"":1209},{""x"":1160,""y"":716,""t"":1286},{""x"":1083,""y"":751,""t"":1363},{""x"":1146,""y"":758,""t"":1440},{""x"":1224,""y"":740,""t"":1515},{""x"":1180,""y"":759,""t"":1602},{""x"":1201,""y"":730,""t"":1680},{""x"":1060,""y"":763,""t"":1757},{""x"":1016,""y"":726,""t"":1835},{""x"":1219,""y"":690,""t"":1910},{""x"":1342,""y"":689,""t"":1992},{""x"":1500,""y"":679,""t"":2068},{""x"":1504,""y"":709,""t"":2143},{""x"":1556,""y"":678,""t"":2218},{""x"":1643,""y"":759,""t"":2295},{""x"":1600,""y"":775,""t"":2373},{""x"":1564,""y"":762,""t"":2453},{""x"":1388,""y"":777,""t"":2528},{""x"":1341,""y"":815,""t"":2607},{""x"":1292,""y"":826,""t"":2683},{""x"":1290,""y"":834,""t"":2769},{""x"":1329,""y"":851,""t"":2846},{""x"":1230,""y"":871,""t"":2921},{""x"":1314,""y"":812,""t"":3001},{""x"":1280,""y"":799,""t"":3077},{""x"":1146,""y"":831,""t"":3162},{""x"":1189,""y"":775,""t"":3271},{""x"":1261,""y"":715,""t"":3346},{""x"":1291,""y"":658,""t"":3425},{""x"":1328,""y"":681,""t"":3501},{""x"":1229,""y"":785,""t"":3577},{""x"":1190,""y"":803,""t"":3658},{""x"":1145,""y"":775,""t"":3736},{""x"":1041,""y"":800,""t"":3812},{""x"":996,""y"":797,""t"":3887},{""x"":1046,""y"":798,""t"":3965},{""x"":1011,""y"":739,""t"":4042},{""x"":1018,""y"":687,""t"":4118},{""x"":1162,""y"":700,""t"":4197},{""x"":1475,""y"":692,""t"":4274},{""x"":1527,""y"":671,""t"":4355},{""x"":1594,""y"":694,""t"":4433},{""x"":1553,""y"":704,""t"":4509},{""x"":1591,""y"":684,""t"":4586},{""x"":1546,""y"":701,""t"":4664},{""x"":1398,""y"":673,""t"":4743},{""x"":1353,""y"":709,""t"":4828},{""x"":1300,""y"":756,""t"":4906},{""x"":1400,""y"":794,""t"":4986},{""x"":1275,""y"":866,""t"":5062},{""x"":1114,""y"":841,""t"":5138},{""x"":1244,""y"":897,""t"":5211},{""x"":1350,""y"":900,""t"":5285},{""x"":1313,""y"":880,""t"":5364},{""x"":1309,""y"":870,""t"":5447},{""x"":1396,""y"":816,""t"":5525},{""x"":1365,""y"":791,""t"":5598},{""x"":1426,""y"":766,""t"":5675},{""x"":1394,""y"":691,""t"":5753},{""x"":1405,""y"":733,""t"":5830},{""x"":1402,""y"":728,""t"":5907},{""x"":1485,""y"":740,""t"":5986},{""x"":1375,""y"":711,""t"":6063},{""x"":1343,""y"":770,""t"":6140},{""x"":1315,""y"":824,""t"":6214},{""x"":1218,""y"":762,""t"":6293},{""x"":1292,""y"":748,""t"":6376},{""x"":1243,""y"":738,""t"":6453},{""x"":1261,""y"":800,""t"":6532},{""x"":1158,""y"":757,""t"":6609},{""x"":1214,""y"":792,""t"":6687}]",1,0.31642359345419513,0.6835764065458049,wa_dn,0
4-alternatives,1,101,exp_112,0.0,765.9000000059605,0.49,0.22,4.2,7.9,higher_p,higher_m,0,1,alternatives,0.0,False,2.058,1.738,0.3199999999999998,0.5866799156325714,0.6,0.4,0.5,0.5,0.0,1.0,higher_p,higher_m,True,"{""durations"":[1500,1000,1500,1000],""alternatives"":[0,1,0,1],""attributes"":[""all"",""all"",""all"",""all""]}","[{""x"":1517,""y"":755,""t"":-78},{""x"":1326,""y"":740,""t"":0},{""x"":1396,""y"":768,""t"":122},{""x"":1424,""y"":830,""t"":272},{""x"":1430,""y"":852,""t"":364},{""x"":1398,""y"":880,""t"":442},{""x"":1415,""y"":853,""t"":522},{""x"":1442,""y"":790,""t"":600},{""x"":1509,""y"":768,""t"":680},{""x"":1512,""y"":808,""t"":754},{""x"":1430,""y"":758,""t"":829},{""x"":1339,""y"":697,""t"":907},{""x"":1255,""y"":655,""t"":984},{""x"":1199,""y"":742,""t"":1061},{""x"":1054,""y"":753,""t"":1145},{""x"":953,""y"":758,""t"":1221},{""x"":1113,""y"":766,""t"":1299},{""x"":1143,""y"":744,""t"":1376},{""x"":1199,""y"":687,""t"":1462},{""x"":1357,""y"":643,""t"":1538},{""x"":1338,""y"":637,""t"":1650},{""x"":1256,""y"":625,""t"":1734},{""x"":1118,""y"":685,""t"":1810},{""x"":1006,""y"":777,""t"":1886},{""x"":1241,""y"":798,""t"":1961},{""x"":1463,""y"":775,""t"":2039},{""x"":1726,""y"":805,""t"":2114},{""x"":1734,""y"":777,""t"":2192},{""x"":1753,""y"":753,""t"":2279},{""x"":1722,""y"":760,""t"":2359},{""x"":1765,""y"":778,""t"":2434},{""x"":1906,""y"":765,""t"":2508},{""x"":1931,""y"":818,""t"":2585},{""x"":1955,""y"":782,""t"":2664},{""x"":1813,""y"":763,""t"":2746},{""x"":1732,""y"":782,""t"":2826},{""x"":1610,""y"":838,""t"":2902},{""x"":1606,""y"":801,""t"":2978},{""x"":1431,""y"":787,""t"":3061},{""x"":1232,""y"":793,""t"":3145},{""x"":988,""y"":837,""t"":3222},{""x"":856,""y"":820,""t"":3299},{""x"":929,""y"":873,""t"":3373},{""x"":883,""y"":842,""t"":3450},{""x"":840,""y"":858,""t"":3526},{""x"":940,""y"":979,""t"":3604},{""x"":1128,""y"":922,""t"":3676},{""x"":1219,""y"":812,""t"":3753},{""x"":1247,""y"":772,""t"":3828},{""x"":1327,""y"":729,""t"":3902},{""x"":1238,""y"":642,""t"":3981},{""x"":1153,""y"":638,""t"":4056},{""x"":1075,""y"":611,""t"":4134},{""x"":1019,""y"":659,""t"":4215},{""x"":1060,""y"":741,""t"":4292},{""x"":1105,""y"":810,""t"":4373},{""x"":1264,""y"":824,""t"":4447},{""x"":1376,""y"":860,""t"":4524},{""x"":1581,""y"":808,""t"":4601},{""x"":1647,""y"":818,""t"":4679},{""x"":1780,""y"":820,""t"":4754},{""x"":1779,""y"":826,""t"":4840},{""x"":1685,""y"":843,""t"":4916},{""x"":1802,""y"":807,""t"":4991},{""x"":1872,""y"":810,""t"":5068},{""x"":1773,""y"":812,""t"":5149},{""x"":1856,""y"":795,""t"":5224},{""x"":1824,""y"":805,""t"":5298},{""x"":1838,""y"":788,""t"":5376},{""x"":1740,""y"":815,""t"":5458},{""x"":1824,""y"":747,""t"":5536},{""x"":1658,""y"":758,""t"":5609},{""x"":1660,""y"":843,""t"":5686},{""x"":1511,""y"":825,""t"":5762},{""x"":1396,""y"":797,""t"":5836},{""x"":1434,""y"":829,""t"":5913},{""x"":1401,""y"":844,""t"":5987},{""x"":1228,""y"":878,""t"":6063},{""x"":1103,""y"":876,""t"":6140},{""x"":981,""y"":840,""t"":6226},{""x"":988,""y"":811,""t"":6302},{""x"":993,""y"":903,""t"":6382},{""x"":1143,""y"":833,""t"":6460},{""x"":1209,""y"":769,""t"":6537},{""x"":1191,""y"":754,""t"":6613}]",0,0.4305517457437961,0.5694482542562038,wa_dn,0
4-alternatives,1,103,exp_38,1.0,506.5,0.79,0.7,2.0,3.2,higher_p,higher_m,0,1,alternatives,0.0,False,1.58,2.24,-0.6599999999999997,-0.4219978340514987,0.4,0.6,0.5,0.5,1.0,1.0,higher_m,higher_m,False,"{""durations"":[1000,1500,1000,1500],""alternatives"":[0,1,0,1],""attributes"":[""all"",""all"",""all"",""all""]}","[{""x"":938,""y"":720,""t"":-77},{""x"":964,""y"":757,""t"":0},{""x"":1027,""y"":748,""t"":89},{""x"":1161,""y"":723,""t"":210},{""x"":1145,""y"":689,""t"":347},{""x"":1163,""y"":736,""t"":447},{""x"":1142,""y"":731,""t"":521},{""x"":1135,""y"":737,""t"":598},{""x"":1156,""y"":785,""t"":672},{""x"":1044,""y"":774,""t"":747},{""x"":1040,""y"":770,""t"":824},{""x"":998,""y"":852,""t"":900},{""x"":855,""y"":844,""t"":978},{""x"":808,""y"":941,""t"":1051},{""x"":689,""y"":882,""t"":1138},{""x"":693,""y"":864,""t"":1215},{""x"":719,""y"":870,""t"":1292},{""x"":633,""y"":848,""t"":1368},{""x"":782,""y"":813,""t"":1445},{""x"":820,""y"":840,""t"":1522},{""x"":1028,""y"":777,""t"":1597},{""x"":1265,""y"":844,""t"":1672},{""x"":1495,""y"":819,""t"":1747},{""x"":1646,""y"":853,""t"":1822},{""x"":1824,""y"":787,""t"":1899},{""x"":1823,""y"":768,""t"":1974},{""x"":1687,""y"":781,""t"":2051},{""x"":1572,""y"":836,""t"":2127},{""x"":1441,""y"":835,""t"":2204},{""x"":1426,""y"":839,""t"":2279},{""x"":1230,""y"":846,""t"":2354},{""x"":1057,""y"":789,""t"":2431},{""x"":1101,""y"":758,""t"":2513},{""x"":992,""y"":733,""t"":2586},{""x"":1054,""y"":697,""t"":2669},{""x"":1096,""y"":646,""t"":2750},{""x"":1305,""y"":670,""t"":2827},{""x"":1522,""y"":668,""t"":2903},{""x"":1638,""y"":738,""t"":2979},{""x"":1540,""y"":722,""t"":3055},{""x"":1442,""y"":714,""t"":3136},{""x"":1471,""y"":662,""t"":3215},{""x"":1436,""y"":734,""t"":3291},{""x"":1409,""y"":765,""t"":3368},{""x"":1465,""y"":728,""t"":3444},{""x"":1433,""y"":743,""t"":3522},{""x"":1250,""y"":765,""t"":3597},{""x"":1209,""y"":726,""t"":3671},{""x"":1166,""y"":663,""t"":3748},{""x"":1161,""y"":636,""t"":3832},{""x"":966,""y"":676,""t"":3909},{""x"":997,""y"":706,""t"":3988},{""x"":1196,""y"":695,""t"":4064},{""x"":1305,""y"":734,""t"":4138},{""x"":1410,""y"":755,""t"":4214},{""x"":1512,""y"":793,""t"":4290},{""x"":1649,""y"":801,""t"":4367},{""x"":1766,""y"":800,""t"":4441},{""x"":1812,""y"":801,""t"":4514},{""x"":1855,""y"":728,""t"":4589},{""x"":1860,""y"":754,""t"":4664},{""x"":1793,""y"":765,""t"":4741},{""x"":1819,""y"":803,""t"":4816},{""x"":1877,""y"":840,""t"":4891},{""x"":1676,""y"":833,""t"":4969},{""x"":1616,""y"":803,""t"":5046},{""x"":1642,""y"":766,""t"":5127},{""x"":1694,""y"":739,""t"":5207},{""x"":1795,""y"":707,""t"":5280},{""x"":1931,""y"":710,""t"":5357},{""x"":1890,""y"":670,""t"":5439},{""x"":1929,""y"":658,""t"":5523},{""x"":1853,""y"":692,""t"":5597},{""x"":1840,""y"":731,""t"":5673},{""x"":1752,""y"":787,""t"":5748},{""x"":1637,""y"":780,""t"":5823},{""x"":1543,""y"":764,""t"":5910},{""x"":1411,""y"":776,""t"":5988},{""x"":1285,""y"":830,""t"":6064},{""x"":1220,""y"":863,""t"":6141},{""x"":1155,""y"":815,""t"":6217},{""x"":1225,""y"":810,""t"":6295}]",1,0.3404608308593932,0.6595391691406067,wa_dn,0
4-alternatives,1,104,exp_6,0.0,623.6999999880791,0.79,0.49,5.300000000000001,8.3,higher_p,higher_m,0,1,alternatives,0.0,False,4.187000000000001,4.067,0.120000000000001,0.3808273136562316,0.4,0.6,0.5,0.5,1.0,1.0,higher_m,higher_m,True,"{""durations"":[1000,1500,1000,1500],""alternatives"":[0,1,0,1],""attributes"":[""all"",""all"",""all"",""all""]}","[{""x"":1686,""y"":854,""t"":-83},{""x"":1664,""y"":899,""t"":0},{""x"":1441,""y"":907,""t"":133},{""x"":1315,""y"":879,""t"":224},{""x"":1325,""y"":836,""t"":363},{""x"":1382,""y"":793,""t"":439},{""x"":1201,""y"":811,""t"":516},{""x"":1188,""y"":747,""t"":589},{""x"":1088,""y"":786,""t"":667},{""x"":936,""y"":792,""t"":742},{""x"":931,""y"":772,""t"":816},{""x"":870,""y"":795,""t"":894},{""x"":871,""y"":814,""t"":969},{""x"":878,""y"":828,""t"":1044},{""x"":844,""y"":852,""t"":1137},{""x"":810,""y"":906,""t"":1211},{""x"":833,""y"":868,""t"":1286},{""x"":887,""y"":832,""t"":1360},{""x"":1060,""y"":864,""t"":1436},{""x"":1183,""y"":859,""t"":1511},{""x"":1256,""y"":887,""t"":1586},{""x"":1262,""y"":916,""t"":1662},{""x"":1357,""y"":893,""t"":1735},{""x"":1351,""y"":907,""t"":1812},{""x"":1336,""y"":867,""t"":1885},{""x"":1265,""y"":847,""t"":1959},{""x"":1202,""y"":824,""t"":2035},{""x"":1133,""y"":810,""t"":2112},{""x"":1020,""y"":777,""t"":2189},{""x"":922,""y"":807,""t"":2266},{""x"":1134,""y"":844,""t"":2341},{""x"":1129,""y"":874,""t"":2418},{""x"":1033,""y"":893,""t"":2497},{""x"":1094,""y"":941,""t"":2590},{""x"":947,""y"":963,""t"":2668},{""x"":948,""y"":904,""t"":2750},{""x"":978,""y"":879,""t"":2827},{""x"":809,""y"":860,""t"":2902},{""x"":593,""y"":848,""t"":2979},{""x"":532,""y"":823,""t"":3055},{""x"":507,""y"":804,""t"":3141},{""x"":387,""y"":818,""t"":3216},{""x"":410,""y"":810,""t"":3291},{""x"":450,""y"":835,""t"":3369},{""x"":470,""y"":822,""t"":3445},{""x"":637,""y"":845,""t"":3522},{""x"":679,""y"":808,""t"":3599},{""x"":860,""y"":736,""t"":3677},{""x"":1030,""y"":691,""t"":3759},{""x"":1104,""y"":673,""t"":3837},{""x"":1206,""y"":688,""t"":3913},{""x"":1299,""y"":688,""t"":3994},{""x"":1349,""y"":677,""t"":4067},{""x"":1506,""y"":749,""t"":4151},{""x"":1567,""y"":762,""t"":4226},{""x"":1705,""y"":788,""t"":4302},{""x"":1753,""y"":751,""t"":4379},{""x"":1657,""y"":788,""t"":4454},{""x"":1513,""y"":802,""t"":4530},{""x"":1372,""y"":772,""t"":4610},{""x"":1450,""y"":814,""t"":4685},{""x"":1430,""y"":823,""t"":4760},{""x"":1378,""y"":778,""t"":4836},{""x"":1483,""y"":779,""t"":4913},{""x"":1347,""y"":764,""t"":4990},{""x"":1202,""y"":828,""t"":5069},{""x"":1022,""y"":789,""t"":5145},{""x"":836,""y"":841,""t"":5221},{""x"":916,""y"":785,""t"":5297},{""x"":966,""y"":759,""t"":5381},{""x"":848,""y"":777,""t"":5458},{""x"":971,""y"":745,""t"":5534},{""x"":961,""y"":779,""t"":5613},{""x"":1013,""y"":863,""t"":5688},{""x"":1254,""y"":951,""t"":5763},{""x"":1369,""y"":981,""t"":5841},{""x"":1303,""y"":921,""t"":5918},{""x"":1309,""y"":964,""t"":6000},{""x"":1214,""y"":979,""t"":6078},{""x"":1100,""y"":962,""t"":6155},{""x"":1012,""y"":905,""t"":6235},{""x"":920,""y"":905,""t"":6313},{""x"":837,""y"":851,""t"":6388}]",1,0.4301870839362675,0.5698129160637325,wa_dn,0
4-alternatives,1,105,catch_16,0.0,864.0,0.32,0.37,6.799999999999999,7.800000000000001,dominated,dominant,1,1,alternatives,0.0,False,2.176,2.886,-0.7100000000000004,-0.4734609845455846,0.5,0.5,0.5,0.5,,1.0,,dominant,False,"{""durations"":[1250,1250,1250,1250],""attributes"":[""all"",""all"",""all"",""all""],""alternatives"":[0,1,0,1]}","[{""x"":1209,""y"":776,""t"":-78},{""x"":1185,""y"":697,""t"":0},{""x"":1082,""y"":626,""t"":124},{""x"":1006,""y"":727,""t"":242},{""x"":1078,""y"":664,""t"":352},{""x"":1095,""y"":691,""t"":431},{""x"":1061,""y"":781,""t"":506},{""x"":1200,""y"":755,""t"":581},{""x"":1079,""y"":763,""t"":658},{""x"":1230,""y"":784,""t"":734},{""x"":1251,""y"":772,""t"":812},{""x"":1262,""y"":735,""t"":887},{""x"":1187,""y"":724,""t"":964},{""x"":1221,""y"":731,""t"":1038},{""x"":1282,""y"":737,""t"":1115},{""x"":1347,""y"":756,""t"":1195},{""x"":1418,""y"":829,""t"":1271},{""x"":1444,""y"":805,""t"":1360},{""x"":1467,""y"":802,""t"":1441},{""x"":1405,""y"":775,""t"":1517},{""x"":1004,""y"":784,""t"":1593},{""x"":911,""y"":713,""t"":1670},{""x"":1146,""y"":704,""t"":1747},{""x"":1440,""y"":658,""t"":1823},{""x"":1487,""y"":720,""t"":1900},{""x"":1584,""y"":731,""t"":1974},{""x"":1526,""y"":820,""t"":2052},{""x"":1511,""y"":807,""t"":2128},{""x"":1546,""y"":828,""t"":2208},{""x"":1521,""y"":774,""t"":2287},{""x"":1546,""y"":748,""t"":2364},{""x"":1546,""y"":703,""t"":2439},{""x"":1553,""y"":826,""t"":2518},{""x"":1633,""y"":850,""t"":2595},{""x"":1589,""y"":798,""t"":2673},{""x"":1498,""y"":828,""t"":2758},{""x"":1475,""y"":857,""t"":2833},{""x"":1453,""y"":856,""t"":2918},{""x"":1381,""y"":888,""t"":2998},{""x"":1209,""y"":897,""t"":3075},{""x"":972,""y"":953,""t"":3156},{""x"":927,""y"":935,""t"":3270},{""x"":721,""y"":922,""t"":3395},{""x"":537,""y"":919,""t"":3476},{""x"":637,""y"":908,""t"":3552},{""x"":617,""y"":896,""t"":3630},{""x"":692,""y"":894,""t"":3704},{""x"":677,""y"":805,""t"":3779},{""x"":763,""y"":795,""t"":3855},{""x"":848,""y"":791,""t"":3933},{""x"":933,""y"":752,""t"":4015},{""x"":995,""y"":781,""t"":4094},{""x"":1117,""y"":800,""t"":4170},{""x"":1122,""y"":857,""t"":4247},{""x"":1100,""y"":848,""t"":4324},{""x"":1110,""y"":913,""t"":4401},{""x"":1054,""y"":915,""t"":4476},{""x"":1105,""y"":875,""t"":4554},{""x"":1042,""y"":872,""t"":4629},{""x"":1071,""y"":863,""t"":4704},{""x"":1026,""y"":826,""t"":4779},{""x"":1094,""y"":819,""t"":4853},{""x"":1232,""y"":861,""t"":4931},{""x"":1210,""y"":832,""t"":5006},{""x"":1168,""y"":838,""t"":5084},{""x"":1005,""y"":859,""t"":5168},{""x"":1062,""y"":848,""t"":5293},{""x"":1005,""y"":845,""t"":5325},{""x"":1105,""y"":812,""t"":5430},{""x"":1179,""y"":854,""t"":5504},{""x"":1251,""y"":888,""t"":5579},{""x"":1332,""y"":863,""t"":5653},{""x"":1307,""y"":858,""t"":5730},{""x"":1474,""y"":780,""t"":5805},{""x"":1547,""y"":763,""t"":5886},{""x"":1469,""y"":794,""t"":5959},{""x"":1202,""y"":790,""t"":6035},{""x"":1190,""y"":764,""t"":6111},{""x"":1099,""y"":700,""t"":6190},{""x"":1118,""y"":756,""t"":6273},{""x"":931,""y"":759,""t"":6350},{""x"":883,""y"":814,""t"":6427},{""x"":829,""y"":899,""t"":6504},{""x"":952,""y"":893,""t"":6578}]",0,0.4071238051516762,0.5928761948483238,wa_dn,0
4-alternatives,1,107,catch_14,1.0,542.5999999940395,0.22,0.28,4.1,7.9,dominated,dominant,1,1,alternatives,0.0,False,0.902,2.212,-1.3100000000000005,-1.0910187904746074,0.5,0.5,0.5,0.5,,1.0,,dominant,True,"{""durations"":[1250,1250,1250,1250],""attributes"":[""all"",""all"",""all"",""all""],""alternatives"":[0,1,0,1]}","[{""x"":1347,""y"":925,""t"":-81},{""x"":1329,""y"":939,""t"":0},{""x"":1262,""y"":975,""t"":97},{""x"":1229,""y"":958,""t"":214},{""x"":1184,""y"":879,""t"":374},{""x"":1236,""y"":951,""t"":452},{""x"":1147,""y"":887,""t"":530},{""x"":1121,""y"":882,""t"":608},{""x"":1011,""y"":781,""t"":684},{""x"":1003,""y"":797,""t"":762},{""x"":1101,""y"":772,""t"":851},{""x"":1145,""y"":750,""t"":929},{""x"":1143,""y"":792,""t"":1004},{""x"":991,""y"":756,""t"":1116},{""x"":1068,""y"":710,""t"":1192},{""x"":1240,""y"":678,""t"":1267},{""x"":1524,""y"":690,""t"":1348},{""x"":1591,""y"":719,""t"":1429},{""x"":1653,""y"":731,""t"":1507},{""x"":1747,""y"":790,""t"":1583},{""x"":1692,""y"":810,""t"":1657},{""x"":1720,""y"":838,""t"":1732},{""x"":1803,""y"":800,""t"":1809},{""x"":1791,""y"":701,""t"":1888},{""x"":1707,""y"":655,""t"":1968},{""x"":1604,""y"":634,""t"":2040},{""x"":1615,""y"":680,""t"":2116},{""x"":1560,""y"":696,""t"":2190},{""x"":1488,""y"":665,""t"":2265},{""x"":1521,""y"":596,""t"":2340},{""x"":1474,""y"":709,""t"":2416},{""x"":1470,""y"":743,""t"":2495},{""x"":1510,""y"":719,""t"":2570},{""x"":1351,""y"":825,""t"":2646},{""x"":1357,""y"":824,""t"":2727},{""x"":1354,""y"":821,""t"":2804},{""x"":1205,""y"":948,""t"":2883},{""x"":1005,""y"":908,""t"":2976},{""x"":791,""y"":872,""t"":3051},{""x"":571,""y"":862,""t"":3127},{""x"":578,""y"":905,""t"":3203},{""x"":488,""y"":842,""t"":3280},{""x"":631,""y"":808,""t"":3357},{""x"":680,""y"":902,""t"":3438},{""x"":850,""y"":888,""t"":3518},{""x"":972,""y"":879,""t"":3593},{""x"":1043,""y"":856,""t"":3669},{""x"":1213,""y"":814,""t"":3747},{""x"":1358,""y"":724,""t"":3827},{""x"":1539,""y"":639,""t"":3905},{""x"":1710,""y"":615,""t"":3978},{""x"":1809,""y"":601,""t"":4060},{""x"":1856,""y"":585,""t"":4134},{""x"":1954,""y"":595,""t"":4212},{""x"":1882,""y"":670,""t"":4289},{""x"":1900,""y"":686,""t"":4365},{""x"":1748,""y"":723,""t"":4440},{""x"":1709,""y"":771,""t"":4520},{""x"":1593,""y"":744,""t"":4597},{""x"":1443,""y"":711,""t"":4676},{""x"":1357,""y"":756,""t"":4753},{""x"":1345,""y"":747,""t"":4832},{""x"":1384,""y"":842,""t"":4910},{""x"":1367,""y"":820,""t"":4986},{""x"":1258,""y"":858,""t"":5073},{""x"":1146,""y"":796,""t"":5149},{""x"":1068,""y"":789,""t"":5225},{""x"":1006,""y"":754,""t"":5302},{""x"":761,""y"":752,""t"":5386},{""x"":803,""y"":717,""t"":5462},{""x"":814,""y"":894,""t"":5539},{""x"":713,""y"":863,""t"":5616},{""x"":869,""y"":829,""t"":5691},{""x"":855,""y"":807,""t"":5769},{""x"":967,""y"":795,""t"":5846},{""x"":1030,""y"":698,""t"":5930},{""x"":1045,""y"":746,""t"":6007},{""x"":1174,""y"":686,""t"":6084},{""x"":1210,""y"":682,""t"":6162},{""x"":1298,""y"":687,""t"":6239},{""x"":1345,""y"":637,""t"":6313}]",0,0.21240190189909153,0.7875980981009084,wa_dn,0
4-alternatives,1,110,exp_14,0.0,537.4000000059605,0.7,0.29,1.7999999999999998,5.0,higher_p,higher_m,0,1,alternatives,0.0,False,1.2599999999999998,1.45,-0.1900000000000001,0.0617557805929019,0.4,0.6,0.5,0.5,1.0,1.0,higher_m,higher_m,True,"{""durations"":[1000,1500,1000,1500],""alternatives"":[0,1,0,1],""attributes"":[""all"",""all"",""all"",""all""]}","[{""x"":1089,""y"":575,""t"":-115},{""x"":1041,""y"":534,""t"":-35},{""x"":1005,""y"":523,""t"":1},{""x"":986,""y"":523,""t"":144},{""x"":961,""y"":538,""t"":335},{""x"":982,""y"":613,""t"":412},{""x"":935,""y"":678,""t"":489},{""x"":924,""y"":632,""t"":565},{""x"":853,""y"":630,""t"":647},{""x"":900,""y"":630,""t"":722},{""x"":810,""y"":652,""t"":796},{""x"":805,""y"":670,""t"":872},{""x"":937,""y"":718,""t"":951},{""x"":786,""y"":733,""t"":1028},{""x"":775,""y"":758,""t"":1111},{""x"":663,""y"":756,""t"":1192},{""x"":548,""y"":806,""t"":1266},{""x"":484,""y"":901,""t"":1343},{""x"":480,""y"":854,""t"":1420},{""x"":634,""y"":814,""t"":1495},{""x"":884,""y"":788,""t"":1576},{""x"":1129,""y"":772,""t"":1653},{""x"":1340,""y"":735,""t"":1727},{""x"":1486,""y"":714,""t"":1803},{""x"":1668,""y"":685,""t"":1880},{""x"":1798,""y"":725,""t"":1956},{""x"":2016,""y"":673,""t"":2032},{""x"":2252,""y"":614,""t"":2107},{""x"":2198,""y"":642,""t"":2185},{""x"":2123,""y"":754,""t"":2258},{""x"":1895,""y"":780,""t"":2332},{""x"":1935,""y"":728,""t"":2410},{""x"":1782,""y"":716,""t"":2486},{""x"":1642,""y"":661,""t"":2568},{""x"":1650,""y"":660,""t"":2648},{""x"":1642,""y"":641,""t"":2729},{""x"":1446,""y"":667,""t"":2805},{""x"":1355,""y"":664,""t"":2880},{""x"":1078,""y"":712,""t"":2957},{""x"":889,""y"":679,""t"":3031},{""x"":736,""y"":684,""t"":3112},{""x"":681,""y"":681,""t"":3188},{""x"":471,""y"":784,""t"":3262},{""x"":477,""y"":767,""t"":3337},{""x"":597,""y"":774,""t"":3412},{""x"":399,""y"":851,""t"":3488},{""x"":454,""y"":776,""t"":3563},{""x"":534,""y"":773,""t"":3639},{""x"":596,""y"":772,""t"":3719},{""x"":707,""y"":746,""t"":3795},{""x"":887,""y"":725,""t"":3878},{""x"":868,""y"":645,""t"":3955},{""x"":970,""y"":595,""t"":4029},{""x"":1089,""y"":573,""t"":4106},{""x"":1326,""y"":562,""t"":4184},{""x"":1496,""y"":573,""t"":4259},{""x"":1591,""y"":641,""t"":4334},{""x"":1683,""y"":646,""t"":4409},{""x"":1747,""y"":638,""t"":4486},{""x"":1825,""y"":626,""t"":4562},{""x"":1909,""y"":615,""t"":4638},{""x"":2000,""y"":618,""t"":4711},{""x"":2039,""y"":602,""t"":4789},{""x"":1968,""y"":625,""t"":4865},{""x"":1835,""y"":672,""t"":4938},{""x"":1733,""y"":696,""t"":5021},{""x"":1727,""y"":731,""t"":5096},{""x"":1601,""y"":724,""t"":5175},{""x"":1541,""y"":771,""t"":5255},{""x"":1403,""y"":776,""t"":5328},{""x"":1538,""y"":756,""t"":5405},{""x"":1498,""y"":790,""t"":5485},{""x"":1417,""y"":750,""t"":5561},{""x"":1316,""y"":697,""t"":5638},{""x"":1367,""y"":703,""t"":5716},{""x"":1235,""y"":771,""t"":5791},{""x"":1168,""y"":749,""t"":5865},{""x"":1183,""y"":699,""t"":5942},{""x"":1165,""y"":763,""t"":6030},{""x"":1176,""y"":753,""t"":6105},{""x"":1150,""y"":735,""t"":6185},{""x"":1260,""y"":756,""t"":6260},{""x"":1177,""y"":685,""t"":6335}]",0,0.31642359345419513,0.6835764065458049,wa_dn,0
4-alternatives,1,112,exp_76,0.0,720.0,0.8,0.2,4.0,6.799999999999999,higher_p,higher_m,0,1,alternatives,0.0,False,3.2,1.36,1.8400000000000003,2.151159690652763,0.4,0.6,0.5,0.5,1.0,0.0,higher_m,higher_p,True,"{""durations"":[1500,1000,1500,1000],""alternatives"":[1,0,1,0],""attributes"":[""all"",""all"",""all"",""all""]}","[{""x"":1058,""y"":694,""t"":-77},{""x"":1048,""y"":666,""t"":0},{""x"":1164,""y"":648,""t"":90},{""x"":1188,""y"":657,""t"":187},{""x"":1070,""y"":715,""t"":286},{""x"":1122,""y"":679,""t"":428},{""x"":1176,""y"":652,""t"":507},{""x"":1234,""y"":664,""t"":584},{""x"":1119,""y"":717,""t"":659},{""x"":1115,""y"":789,""t"":733},{""x"":1089,""y"":759,""t"":811},{""x"":989,""y"":821,""t"":888},{""x"":832,""y"":833,""t"":964},{""x"":644,""y"":861,""t"":1040},{""x"":595,""y"":869,""t"":1125},{""x"":709,""y"":875,""t"":1199},{""x"":786,""y"":835,""t"":1276},{""x"":932,""y"":803,""t"":1357},{""x"":1166,""y"":745,""t"":1433},{""x"":1358,""y"":736,""t"":1518},{""x"":1579,""y"":730,""t"":1603},{""x"":1722,""y"":701,""t"":1681},{""x"":1784,""y"":692,""t"":1758},{""x"":1817,""y"":617,""t"":1835},{""x"":1862,""y"":602,""t"":1914},{""x"":1856,""y"":600,""t"":1992},{""x"":1770,""y"":607,""t"":2065},{""x"":1620,""y"":682,""t"":2142},{""x"":1593,""y"":626,""t"":2220},{""x"":1505,""y"":641,""t"":2297},{""x"":1577,""y"":691,""t"":2375},{""x"":1527,""y"":697,""t"":2450},{""x"":1572,""y"":683,""t"":2528},{""x"":1474,""y"":698,""t"":2602},{""x"":1557,""y"":654,""t"":2683},{""x"":1531,""y"":627,""t"":2764},{""x"":1603,""y"":645,""t"":2841},{""x"":1727,""y"":624,""t"":2918},{""x"":1783,""y"":626,""t"":2995},{""x"":1854,""y"":570,""t"":3070},{""x"":1832,""y"":510,""t"":3146},{""x"":1622,""y"":537,""t"":3222},{""x"":1436,""y"":477,""t"":3297},{""x"":1283,""y"":575,""t"":3375},{""x"":1126,""y"":588,""t"":3451},{""x"":1035,""y"":591,""t"":3529},{""x"":870,""y"":610,""t"":3604},{""x"":729,""y"":646,""t"":3679},{""x"":649,""y"":640,""t"":3756},{""x"":591,""y"":642,""t"":3834},{""x"":821,""y"":647,""t"":3912},{""x"":1042,""y"":664,""t"":3988},{""x"":1280,""y"":681,""t"":4062},{""x"":1345,""y"":667,""t"":4136},{""x"":1399,""y"":662,""t"":4210},{""x"":1483,""y"":689,""t"":4290},{""x"":1584,""y"":694,""t"":4370},{""x"":1708,""y"":640,""t"":4458},{""x"":1788,""y"":663,""t"":4539},{""x"":1797,""y"":647,""t"":4616},{""x"":1894,""y"":585,""t"":4694},{""x"":1969,""y"":643,""t"":4776},{""x"":1968,""y"":567,""t"":4850},{""x"":1930,""y"":587,""t"":4927},{""x"":1971,""y"":538,""t"":5004},{""x"":1956,""y"":484,""t"":5084},{""x"":2010,""y"":531,""t"":5162},{""x"":1974,""y"":544,""t"":5239},{""x"":2013,""y"":548,""t"":5335},{""x"":2054,""y"":544,""t"":5420},{""x"":2048,""y"":568,""t"":5537},{""x"":1970,""y"":636,""t"":5617},{""x"":1913,""y"":645,""t"":5694},{""x"":1893,""y"":616,""t"":5772},{""x"":1700,""y"":592,""t"":5851},{""x"":1676,""y"":601,""t"":5927},{""x"":1607,""y"":570,""t"":6004},{""x"":1567,""y"":574,""t"":6089},{""x"":1560,""y"":527,""t"":6173},{""x"":1546,""y"":529,""t"":6252},{""x"":1394,""y"":526,""t"":6327},{""x"":1482,""y"":574,""t"":6403},{""x"":1485,""y"":593,""t"":6479}]",0,0.5779821868236893,0.4220178131763107,wa_dn,0
4-alternatives,1,116,exp_92,0.0,531.0999999940395,0.5,0.38,3.0,4.0,higher_p,higher_m,0,1,alternatives,0.0,False,1.5,1.52,-0.02,0.2367304922727919,0.4,0.6,0.5,0.5,1.0,0.0,higher_m,higher_p,True,"{""durations"":[1500,1000,1500,1000],""alternatives"":[1,0,1,0],""attributes"":[""all"",""all"",""all"",""all""]}","[{""x"":1232,""y"":736,""t"":-80},{""x"":1188,""y"":733,""t"":0},{""x"":1205,""y"":726,""t"":94},{""x"":1186,""y"":798,""t"":206},{""x"":1171,""y"":760,""t"":349},{""x"":1189,""y"":680,""t"":444},{""x"":1137,""y"":672,""t"":522},{""x"":1127,""y"":588,""t"":599},{""x"":1001,""y"":702,""t"":676},{""x"":841,""y"":693,""t"":755},{""x"":756,""y"":699,""t"":832},{""x"":870,""y"":711,""t"":909},{""x"":905,""y"":723,""t"":986},{""x"":1024,""y"":746,""t"":1061},{""x"":1113,""y"":706,""t"":1142},{""x"":1050,""y"":718,""t"":1222},{""x"":1149,""y"":649,""t"":1300},{""x"":1096,""y"":697,""t"":1386},{""x"":1194,""y"":770,""t"":1463},{""x"":1226,""y"":752,""t"":1541},{""x"":1290,""y"":770,""t"":1628},{""x"":1257,""y"":721,""t"":1709},{""x"":1198,""y"":649,""t"":1787},{""x"":1156,""y"":585,""t"":1867},{""x"":1121,""y"":584,""t"":1945},{""x"":1218,""y"":542,""t"":2023},{""x"":1359,""y"":582,""t"":2101},{""x"":1549,""y"":581,""t"":2189},{""x"":1630,""y"":653,""t"":2267},{""x"":1688,""y"":726,""t"":2347},{""x"":1734,""y"":793,""t"":2428},{""x"":1739,""y"":813,""t"":2511},{""x"":1770,""y"":800,""t"":2591},{""x"":1675,""y"":767,""t"":2669},{""x"":1678,""y"":772,""t"":2752},{""x"":1711,""y"":752,""t"":2837},{""x"":1821,""y"":753,""t"":2929},{""x"":1905,""y"":725,""t"":3010},{""x"":1685,""y"":757,""t"":3095},{""x"":1649,""y"":695,""t"":3192},{""x"":1547,""y"":680,""t"":3271},{""x"":1243,""y"":747,""t"":3350},{""x"":1087,""y"":735,""t"":3431},{""x"":839,""y"":783,""t"":3511},{""x"":631,""y"":739,""t"":3593},{""x"":594,""y"":712,""t"":3670},{""x"":681,""y"":698,""t"":3749},{""x"":833,""y"":707,""t"":3829},{""x"":1064,""y"":696,""t"":3913},{""x"":1194,""y"":677,""t"":3994},{""x"":1339,""y"":695,""t"":4074},{""x"":1431,""y"":790,""t"":4154},{""x"":1632,""y"":786,""t"":4237},{""x"":1754,""y"":773,""t"":4356},{""x"":1768,""y"":698,""t"":4461},{""x"":1686,""y"":621,""t"":4541},{""x"":1662,""y"":528,""t"":4621},{""x"":1683,""y"":529,""t"":4702},{""x"":1807,""y"":503,""t"":4782},{""x"":1838,""y"":501,""t"":4864},{""x"":1741,""y"":526,""t"":4952},{""x"":1648,""y"":580,""t"":5034},{""x"":1580,""y"":568,""t"":5116},{""x"":1511,""y"":591,""t"":5200},{""x"":1565,""y"":618,""t"":5282},{""x"":1514,""y"":643,""t"":5363},{""x"":1630,""y"":647,""t"":5448},{""x"":1723,""y"":642,""t"":5534},{""x"":1804,""y"":655,""t"":5613},{""x"":1841,""y"":662,""t"":5694},{""x"":1775,""y"":651,""t"":5774},{""x"":1701,""y"":695,""t"":5856},{""x"":1640,""y"":709,""t"":5941},{""x"":1613,""y"":729,""t"":6031},{""x"":1592,""y"":705,""t"":6112},{""x"":1698,""y"":691,""t"":6201},{""x"":1625,""y"":635,""t"":6280},{""x"":1606,""y"":608,""t"":6359}]",1,0.44702907045127577,0.5529709295487242,wa_dn,0
4-alternatives,1,118,exp_54,0.0,590.8999999761581,0.49,0.32,6.9,8.2,higher_p,higher_m,0,1,alternatives,0.0,False,3.381,2.624,0.7570000000000006,1.0364678509508771,0.4,0.6,0.5,0.5,1.0,1.0,higher_m,higher_m,True,"{""durations"":[1000,1500,1000,1500],""alternatives"":[0,1,0,1],""attributes"":[""all"",""all"",""all"",""all""]}","[{""x"":1543,""y"":637,""t"":-80},{""x"":1499,""y"":652,""t"":0},{""x"":1417,""y"":628,""t"":132},{""x"":1443,""y"":599,""t"":275},{""x"":1490,""y"":586,""t"":352},{""x"":1416,""y"":564,""t"":429},{""x"":1414,""y"":527,""t"":507},{""x"":1544,""y"":555,""t"":584},{""x"":1656,""y"":544,""t"":661},{""x"":1868,""y"":507,""t"":738},{""x"":1871,""y"":534,""t"":819},{""x"":1887,""y"":542,""t"":900},{""x"":1939,""y"":603,""t"":981},{""x"":1928,""y"":664,""t"":1057},{""x"":1842,""y"":744,""t"":1140},{""x"":1750,""y"":775,""t"":1217},{""x"":1758,""y"":774,""t"":1293},{""x"":1737,""y"":737,""t"":1369},{""x"":1799,""y"":715,""t"":1447},{""x"":1752,""y"":725,""t"":1525},{""x"":1647,""y"":671,""t"":1606},{""x"":1642,""y"":621,""t"":1703},{""x"":1536,""y"":551,""t"":1804},{""x"":1424,""y"":511,""t"":1895},{""x"":1373,""y"":521,""t"":1988},{""x"":1175,""y"":553,""t"":2072},{""x"":1067,""y"":539,""t"":2152},{""x"":1056,""y"":549,""t"":2238},{""x"":1167,""y"":482,""t"":2336},{""x"":1233,""y"":488,""t"":2455},{""x"":1234,""y"":503,""t"":2566},{""x"":1382,""y"":461,""t"":2648},{""x"":1532,""y"":526,""t"":2738},{""x"":1629,""y"":543,""t"":2819},{""x"":1749,""y"":615,""t"":2903},{""x"":1903,""y"":638,""t"":2988},{""x"":1958,""y"":645,""t"":3078},{""x"":1869,""y"":752,""t"":3160},{""x"":1721,""y"":878,""t"":3238},{""x"":1655,""y"":918,""t"":3316},{""x"":1605,""y"":922,""t"":3391},{""x"":1597,""y"":900,""t"":3466},{""x"":1584,""y"":838,""t"":3542},{""x"":1630,""y"":801,""t"":3617},{""x"":1657,""y"":793,""t"":3694},{""x"":1654,""y"":728,""t"":3780},{""x"":1606,""y"":709,""t"":3863},{""x"":1703,""y"":741,""t"":3938},{""x"":1600,""y"":749,""t"":4017},{""x"":1510,""y"":677,""t"":4094},{""x"":1369,""y"":588,""t"":4169},{""x"":1294,""y"":555,""t"":4247},{""x"":1179,""y"":567,""t"":4326},{""x"":1039,""y"":555,""t"":4400},{""x"":972,""y"":505,""t"":4478},{""x"":880,""y"":511,""t"":4555},{""x"":752,""y"":495,""t"":4631},{""x"":789,""y"":459,""t"":4710},{""x"":928,""y"":449,""t"":4788},{""x"":894,""y"":493,""t"":4874},{""x"":968,""y"":483,""t"":4951},{""x"":1190,""y"":519,""t"":5031},{""x"":1384,""y"":543,""t"":5110},{""x"":1458,""y"":522,""t"":5188},{""x"":1608,""y"":528,""t"":5264},{""x"":1772,""y"":529,""t"":5339},{""x"":1928,""y"":553,""t"":5426},{""x"":2038,""y"":579,""t"":5500},{""x"":2104,""y"":577,""t"":5575},{""x"":1927,""y"":636,""t"":5653},{""x"":1821,""y"":659,""t"":5728},{""x"":1690,""y"":656,""t"":5807},{""x"":1624,""y"":664,""t"":5885},{""x"":1373,""y"":666,""t"":5964},{""x"":1309,""y"":646,""t"":6048},{""x"":1364,""y"":653,""t"":6125},{""x"":1348,""y"":719,""t"":6201},{""x"":1564,""y"":712,""t"":6275},{""x"":1603,""y"":705,""t"":6351}]",0,0.5313497907771255,0.4686502092228745,wa_dn,0
4-alternatives,1,122,exp_72,1.0,844.9000000059605,0.8,0.2,4.0,6.799999999999999,higher_p,higher_m,0,1,alternatives,0.0,False,3.2,1.36,1.8400000000000003,2.151159690652763,0.6,0.4,0.5,0.5,0.0,1.0,higher_p,higher_m,False,"{""durations"":[1500,1000,1500,1000],""alternatives"":[0,1,0,1],""attributes"":[""all"",""all"",""all"",""all""]}","[{""x"":598,""y"":874,""t"":-75},{""x"":488,""y"":920,""t"":0},{""x"":581,""y"":900,""t"":112},{""x"":857,""y"":872,""t"":237},{""x"":1059,""y"":857,""t"":420},{""x"":945,""y"":869,""t"":497},{""x"":1111,""y"":882,""t"":600},{""x"":1290,""y"":865,""t"":678},{""x"":1308,""y"":819,""t"":781},{""x"":1322,""y"":800,""t"":879},{""x"":1381,""y"":761,""t"":977},{""x"":1561,""y"":733,""t"":1078},{""x"":1262,""y"":734,""t"":1155},{""x"":1165,""y"":754,""t"":1255},{""x"":992,""y"":781,""t"":1335},{""x"":830,""y"":816,""t"":1435},{""x"":725,""y"":812,""t"":1510},{""x"":806,""y"":786,""t"":1619},{""x"":781,""y"":759,""t"":1704},{""x"":926,""y"":739,""t"":1805},{""x"":949,""y"":737,""t"":1879},{""x"":876,""y"":747,""t"":1956},{""x"":984,""y"":748,""t"":2033},{""x"":1009,""y"":716,""t"":2110},{""x"":958,""y"":702,""t"":2187},{""x"":1068,""y"":750,""t"":2264},{""x"":1188,""y"":749,""t"":2340},{""x"":1196,""y"":687,""t"":2417},{""x"":1365,""y"":657,""t"":2495},{""x"":1263,""y"":823,""t"":2572},{""x"":1208,""y"":821,""t"":2650},{""x"":1228,""y"":824,""t"":2737},{""x"":1243,""y"":756,""t"":2813},{""x"":1202,""y"":767,""t"":2887},{""x"":1179,""y"":758,""t"":2965},{""x"":1185,""y"":725,""t"":3041},{""x"":1151,""y"":754,""t"":3116},{""x"":1226,""y"":732,""t"":3191},{""x"":1225,""y"":732,""t"":3266},{""x"":1250,""y"":685,""t"":3344},{""x"":1214,""y"":654,""t"":3420},{""x"":1145,""y"":638,""t"":3496},{""x"":1101,""y"":702,""t"":3573},{""x"":1057,""y"":637,""t"":3650},{""x"":1071,""y"":648,""t"":3731},{""x"":1070,""y"":613,""t"":3816},{""x"":1158,""y"":620,""t"":3893},{""x"":1094,""y"":686,""t"":3970},{""x"":1035,""y"":689,""t"":4078},{""x"":1021,""y"":703,""t"":4154},{""x"":1024,""y"":705,""t"":4229},{""x"":1017,""y"":694,""t"":4314},{""x"":901,""y"":726,""t"":4389},{""x"":856,""y"":730,""t"":4470},{""x"":800,""y"":775,""t"":4551},{""x"":658,""y"":763,""t"":4629},{""x"":743,""y"":760,""t"":4709},{""x"":754,""y"":764,""t"":4785},{""x"":759,""y"":732,""t"":4862},{""x"":652,""y"":798,""t"":4936},{""x"":499,""y"":889,""t"":5013},{""x"":567,""y"":902,""t"":5090},{""x"":599,""y"":912,""t"":5167},{""x"":695,""y"":853,""t"":5244},{""x"":748,""y"":817,""t"":5326},{""x"":928,""y"":728,""t"":5405},{""x"":1013,""y"":650,""t"":5481},{""x"":1196,""y"":630,""t"":5558},{""x"":1284,""y"":689,""t"":5635},{""x"":1326,""y"":763,""t"":5711},{""x"":1427,""y"":821,""t"":5792},{""x"":1362,""y"":880,""t"":5865},{""x"":1375,""y"":891,""t"":5942},{""x"":1389,""y"":856,""t"":6018},{""x"":1427,""y"":842,""t"":6094},{""x"":1386,""y"":924,""t"":6172},{""x"":1188,""y"":911,""t"":6253},{""x"":1142,""y"":860,""t"":6335},{""x"":1210,""y"":760,""t"":6412},{""x"":1163,""y"":730,""t"":6487},{""x"":1001,""y"":758,""t"":6567}]",0,0.5779821868236893,0.4220178131763107,wa_dn,0
4-alternatives,1,123,exp_34,1.0,470.2999999821186,0.79,0.7,2.0,3.2,higher_p,higher_m,0,1,alternatives,0.0,False,1.58,2.24,-0.6599999999999997,-0.4219978340514987,0.6,0.4,0.5,0.5,0.0,0.0,higher_p,higher_p,False,"{""durations"":[1000,1500,1000,1500],""alternatives"":[1,0,1,0],""attributes"":[""all"",""all"",""all"",""all""]}","[{""x"":483,""y"":713,""t"":-78},{""x"":811,""y"":682,""t"":0},{""x"":925,""y"":744,""t"":130},{""x"":1082,""y"":820,""t"":223},{""x"":1190,""y"":978,""t"":379},{""x"":1267,""y"":957,""t"":460},{""x"":1397,""y"":904,""t"":538},{""x"":1501,""y"":831,""t"":614},{""x"":1543,""y"":745,""t"":692},{""x"":1645,""y"":663,""t"":770},{""x"":1658,""y"":657,""t"":848},{""x"":1743,""y"":763,""t"":929},{""x"":1769,""y"":798,""t"":1006},{""x"":1794,""y"":822,""t"":1092},{""x"":1739,""y"":893,""t"":1177},{""x"":1698,""y"":841,""t"":1257},{""x"":1650,""y"":774,""t"":1337},{""x"":1617,""y"":771,""t"":1418},{""x"":1348,""y"":819,""t"":1495},{""x"":1267,""y"":804,""t"":1572},{""x"":1181,""y"":837,""t"":1650},{""x"":1047,""y"":880,""t"":1729},{""x"":1096,""y"":808,""t"":1803},{""x"":1128,""y"":706,""t"":1881},{""x"":1062,""y"":649,""t"":1956},{""x"":1018,""y"":555,""t"":2034},{""x"":860,""y"":502,""t"":2111},{""x"":639,""y"":533,""t"":2190},{""x"":593,""y"":659,""t"":2266},{""x"":482,""y"":728,""t"":2341},{""x"":436,""y"":802,""t"":2419},{""x"":431,""y"":900,""t"":2496},{""x"":327,""y"":902,""t"":2572},{""x"":402,""y"":852,""t"":2652},{""x"":504,""y"":863,""t"":2733},{""x"":429,""y"":909,""t"":2813},{""x"":404,""y"":962,""t"":2892},{""x"":762,""y"":925,""t"":2969},{""x"":935,""y"":897,""t"":3049},{""x"":1164,""y"":910,""t"":3126},{""x"":1235,""y"":906,""t"":3202},{""x"":1222,""y"":911,""t"":3279},{""x"":1148,""y"":938,""t"":3355},{""x"":1049,""y"":920,""t"":3434},{""x"":1091,""y"":911,""t"":3510},{""x"":1011,""y"":945,""t"":3585},{""x"":942,""y"":925,""t"":3663},{""x"":763,""y"":894,""t"":3740},{""x"":730,""y"":941,""t"":3823},{""x"":709,""y"":980,""t"":3900},{""x"":762,""y"":1030,""t"":3975},{""x"":757,""y"":1055,""t"":4052},{""x"":622,""y"":1019,""t"":4132},{""x"":626,""y"":1088,""t"":4207},{""x"":667,""y"":1093,""t"":4282},{""x"":714,""y"":1080,""t"":4356},{""x"":727,""y"":1144,""t"":4433},{""x"":685,""y"":1071,""t"":4508},{""x"":643,""y"":1034,""t"":4587},{""x"":705,""y"":1063,""t"":4660},{""x"":688,""y"":1058,""t"":4737},{""x"":629,""y"":1020,""t"":4811},{""x"":682,""y"":1001,""t"":4887},{""x"":656,""y"":987,""t"":4962},{""x"":614,""y"":947,""t"":5039},{""x"":839,""y"":969,""t"":5117},{""x"":895,""y"":955,""t"":5196},{""x"":1035,""y"":942,""t"":5273},{""x"":1203,""y"":981,""t"":5352},{""x"":1191,""y"":951,""t"":5433},{""x"":1342,""y"":955,""t"":5512},{""x"":1355,""y"":942,""t"":5590},{""x"":1357,""y"":893,""t"":5664},{""x"":1203,""y"":903,""t"":5741},{""x"":1068,""y"":900,""t"":5822},{""x"":876,""y"":955,""t"":5906},{""x"":815,""y"":959,""t"":5982},{""x"":931,""y"":956,""t"":6059},{""x"":994,""y"":961,""t"":6139},{""x"":967,""y"":1057,""t"":6215}]",1,0.3404608308593932,0.6595391691406067,wa_dn,0
4-alternatives,1,125,exp_86,1.0,468.59999999403954,0.61,0.29,2.2,8.1,higher_p,higher_m,0,1,alternatives,0.0,False,1.342,2.349,-1.0069999999999997,-0.7791520984804502,0.4,0.6,0.5,0.5,1.0,1.0,higher_m,higher_m,False,"{""durations"":[1000,1500,1000,1500],""alternatives"":[0,1,0,1],""attributes"":[""all"",""all"",""all"",""all""]}","[{""x"":846,""y"":961,""t"":-80},{""x"":820,""y"":955,""t"":0},{""x"":868,""y"":974,""t"":100},{""x"":893,""y"":896,""t"":215},{""x"":1067,""y"":860,""t"":359},{""x"":1084,""y"":824,""t"":455},{""x"":1171,""y"":833,""t"":539},{""x"":1306,""y"":806,""t"":618},{""x"":1375,""y"":831,""t"":694},{""x"":1389,""y"":927,""t"":773},{""x"":1491,""y"":931,""t"":850},{""x"":1505,""y"":926,""t"":927},{""x"":1485,""y"":914,""t"":1003},{""x"":1440,""y"":937,""t"":1096},{""x"":1564,""y"":963,""t"":1175},{""x"":1627,""y"":921,""t"":1251},{""x"":1648,""y"":900,""t"":1329},{""x"":1343,""y"":859,""t"":1405},{""x"":987,""y"":864,""t"":1482},{""x"":811,""y"":824,""t"":1564},{""x"":629,""y"":844,""t"":1642},{""x"":673,""y"":891,""t"":1718},{""x"":595,""y"":815,""t"":1798},{""x"":570,""y"":799,""t"":1874},{""x"":472,""y"":805,""t"":1951},{""x"":400,""y"":808,""t"":2026},{""x"":373,""y"":816,""t"":2106},{""x"":349,""y"":832,""t"":2182},{""x"":357,""y"":887,""t"":2270},{""x"":571,""y"":875,""t"":2346},{""x"":742,""y"":875,""t"":2421},{""x"":951,""y"":825,""t"":2534},{""x"":1166,""y"":750,""t"":2617},{""x"":1351,""y"":739,""t"":2695},{""x"":1561,""y"":739,""t"":2779},{""x"":1580,""y"":792,""t"":2856},{""x"":1633,""y"":790,""t"":2932},{""x"":1606,""y"":834,""t"":3011},{""x"":1717,""y"":880,""t"":3091},{""x"":1691,""y"":889,""t"":3168},{""x"":1637,""y"":829,""t"":3246},{""x"":1611,""y"":847,""t"":3321},{""x"":1562,""y"":828,""t"":3397},{""x"":1527,""y"":889,""t"":3475},{""x"":1610,""y"":819,""t"":3555},{""x"":1612,""y"":809,""t"":3629},{""x"":1726,""y"":830,""t"":3708},{""x"":1696,""y"":910,""t"":3790},{""x"":1672,""y"":950,""t"":3871},{""x"":1489,""y"":872,""t"":3948},{""x"":1394,""y"":860,""t"":4023},{""x"":1271,""y"":836,""t"":4102},{""x"":1070,""y"":864,""t"":4176},{""x"":1005,""y"":854,""t"":4253},{""x"":832,""y"":848,""t"":4328},{""x"":608,""y"":851,""t"":4408},{""x"":447,""y"":913,""t"":4484},{""x"":301,""y"":875,""t"":4559},{""x"":146,""y"":858,""t"":4635},{""x"":132,""y"":845,""t"":4711},{""x"":-2,""y"":831,""t"":4790},{""x"":-18,""y"":891,""t"":4867},{""x"":-4,""y"":885,""t"":4959},{""x"":10,""y"":889,""t"":5045},{""x"":102,""y"":836,""t"":5126},{""x"":238,""y"":881,""t"":5208},{""x"":374,""y"":902,""t"":5283},{""x"":531,""y"":875,""t"":5362},{""x"":531,""y"":895,""t"":5443},{""x"":538,""y"":834,""t"":5519},{""x"":691,""y"":818,""t"":5596},{""x"":717,""y"":834,""t"":5672},{""x"":803,""y"":832,""t"":5750},{""x"":801,""y"":775,""t"":5831},{""x"":849,""y"":824,""t"":5915},{""x"":850,""y"":860,""t"":5992},{""x"":946,""y"":839,""t"":6071},{""x"":974,""y"":775,""t"":6150},{""x"":983,""y"":864,""t"":6226}]",1,0.22569955984810572,0.7743004401518944,wa_dn,0
4-alternatives,1,126,exp_2,0.0,517.2000000178814,0.79,0.49,5.300000000000001,8.3,higher_p,higher_m,0,1,alternatives,0.0,False,4.187000000000001,4.067,0.120000000000001,0.3808273136562316,0.6,0.4,0.5,0.5,0.0,0.0,higher_p,higher_p,True,"{""durations"":[1000,1500,1000,1500],""alternatives"":[1,0,1,0],""attributes"":[""all"",""all"",""all"",""all""]}","[{""x"":1092,""y"":876,""t"":-80},{""x"":1030,""y"":836,""t"":0},{""x"":976,""y"":791,""t"":89},{""x"":935,""y"":668,""t"":163},{""x"":934,""y"":799,""t"":281},{""x"":822,""y"":787,""t"":370},{""x"":787,""y"":799,""t"":513},{""x"":718,""y"":779,""t"":590},{""x"":797,""y"":780,""t"":670},{""x"":740,""y"":803,""t"":748},{""x"":765,""y"":791,""t"":823},{""x"":663,""y"":848,""t"":899},{""x"":506,""y"":863,""t"":975},{""x"":423,""y"":848,""t"":1054},{""x"":331,""y"":850,""t"":1147},{""x"":291,""y"":804,""t"":1222},{""x"":284,""y"":840,""t"":1298},{""x"":207,""y"":867,""t"":1374},{""x"":503,""y"":865,""t"":1450},{""x"":756,""y"":913,""t"":1526},{""x"":885,""y"":912,""t"":1602},{""x"":1123,""y"":910,""t"":1679},{""x"":1319,""y"":928,""t"":1757},{""x"":1426,""y"":896,""t"":1832},{""x"":1439,""y"":905,""t"":1907},{""x"":1507,""y"":876,""t"":1986},{""x"":1684,""y"":876,""t"":2062},{""x"":1770,""y"":842,""t"":2137},{""x"":1853,""y"":793,""t"":2216},{""x"":1887,""y"":817,""t"":2291},{""x"":1913,""y"":797,""t"":2365},{""x"":1974,""y"":742,""t"":2442},{""x"":2036,""y"":718,""t"":2517},{""x"":1857,""y"":835,""t"":2594},{""x"":1720,""y"":827,""t"":2686},{""x"":1649,""y"":829,""t"":2764},{""x"":1484,""y"":859,""t"":2839},{""x"":1500,""y"":814,""t"":2915},{""x"":1160,""y"":794,""t"":2991},{""x"":1144,""y"":831,""t"":3067},{""x"":849,""y"":888,""t"":3149},{""x"":654,""y"":868,""t"":3224},{""x"":476,""y"":863,""t"":3299},{""x"":414,""y"":881,""t"":3375},{""x"":294,""y"":964,""t"":3454},{""x"":246,""y"":949,""t"":3531},{""x"":204,""y"":904,""t"":3610},{""x"":176,""y"":945,""t"":3687},{""x"":322,""y"":839,""t"":3767},{""x"":445,""y"":755,""t"":3848},{""x"":434,""y"":748,""t"":3924},{""x"":763,""y"":657,""t"":4001},{""x"":990,""y"":723,""t"":4077},{""x"":1128,""y"":754,""t"":4158},{""x"":1187,""y"":831,""t"":4233},{""x"":1252,""y"":877,""t"":4308},{""x"":1327,""y"":868,""t"":4384},{""x"":1401,""y"":910,""t"":4460},{""x"":1380,""y"":899,""t"":4536},{""x"":1490,""y"":917,""t"":4616},{""x"":1575,""y"":884,""t"":4694},{""x"":1660,""y"":820,""t"":4770},{""x"":1734,""y"":818,""t"":4847},{""x"":1936,""y"":794,""t"":4925},{""x"":2069,""y"":752,""t"":5001},{""x"":2028,""y"":730,""t"":5080},{""x"":1989,""y"":765,""t"":5159},{""x"":1836,""y"":747,""t"":5236},{""x"":1621,""y"":859,""t"":5323},{""x"":1573,""y"":896,""t"":5406},{""x"":1485,""y"":991,""t"":5518},{""x"":1480,""y"":974,""t"":5594},{""x"":1456,""y"":990,""t"":5670},{""x"":1401,""y"":961,""t"":5754},{""x"":1260,""y"":961,""t"":5842},{""x"":1224,""y"":892,""t"":5927},{""x"":1300,""y"":815,""t"":6004},{""x"":1286,""y"":831,""t"":6081},{""x"":1323,""y"":774,""t"":6161},{""x"":1299,""y"":810,""t"":6237},{""x"":1210,""y"":780,""t"":6315}]",1,0.4301870839362675,0.5698129160637325,wa_dn,0
4-alternatives,1,127,exp_32,0.0,316.2000000178814,0.79,0.7,2.0,3.2,higher_p,higher_m,0,1,alternatives,0.0,False,1.58,2.24,-0.6599999999999997,-0.4219978340514987,0.6,0.4,0.5,0.5,0.0,1.0,higher_p,higher_m,True,"{""durations"":[1500,1000,1500,1000],""alternatives"":[0,1,0,1],""attributes"":[""all"",""all"",""all"",""all""]}","[{""x"":860,""y"":845,""t"":-80},{""x"":918,""y"":786,""t"":0},{""x"":984,""y"":763,""t"":117},{""x"":812,""y"":725,""t"":222},{""x"":769,""y"":785,""t"":364},{""x"":665,""y"":764,""t"":443},{""x"":747,""y"":716,""t"":524},{""x"":833,""y"":778,""t"":603},{""x"":867,""y"":809,""t"":684},{""x"":816,""y"":833,""t"":762},{""x"":826,""y"":809,""t"":840},{""x"":848,""y"":794,""t"":921},{""x"":743,""y"":848,""t"":999},{""x"":722,""y"":812,""t"":1079},{""x"":755,""y"":818,""t"":1173},{""x"":645,""y"":796,""t"":1253},{""x"":563,""y"":868,""t"":1333},{""x"":497,""y"":826,""t"":1411},{""x"":472,""y"":883,""t"":1489},{""x"":430,""y"":920,""t"":1567},{""x"":322,""y"":924,""t"":1656},{""x"":182,""y"":914,""t"":1737},{""x"":207,""y"":904,""t"":1816},{""x"":244,""y"":917,""t"":1891},{""x"":443,""y"":1014,""t"":1966},{""x"":623,""y"":1054,""t"":2043},{""x"":862,""y"":1029,""t"":2122},{""x"":1064,""y"":964,""t"":2201},{""x"":1197,""y"":997,""t"":2283},{""x"":1287,""y"":999,""t"":2359},{""x"":1395,""y"":974,""t"":2434},{""x"":1477,""y"":963,""t"":2509},{""x"":1540,""y"":938,""t"":2585},{""x"":1652,""y"":934,""t"":2666},{""x"":1771,""y"":959,""t"":2752},{""x"":1784,""y"":1016,""t"":2827},{""x"":1835,""y"":1006,""t"":2903},{""x"":1877,""y"":942,""t"":2978},{""x"":1926,""y"":1008,""t"":3057},{""x"":1717,""y"":1029,""t"":3134},{""x"":1500,""y"":979,""t"":3212},{""x"":1225,""y"":884,""t"":3289},{""x"":891,""y"":844,""t"":3364},{""x"":710,""y"":904,""t"":3441},{""x"":541,""y"":874,""t"":3517},{""x"":327,""y"":817,""t"":3594},{""x"":344,""y"":796,""t"":3672},{""x"":382,""y"":786,""t"":3755},{""x"":417,""y"":826,""t"":3830},{""x"":469,""y"":809,""t"":3905},{""x"":577,""y"":809,""t"":3981},{""x"":444,""y"":807,""t"":4060},{""x"":458,""y"":787,""t"":4138},{""x"":461,""y"":764,""t"":4218},{""x"":428,""y"":693,""t"":4300},{""x"":476,""y"":733,""t"":4378},{""x"":360,""y"":752,""t"":4453},{""x"":468,""y"":719,""t"":4529},{""x"":436,""y"":714,""t"":4605},{""x"":651,""y"":699,""t"":4682},{""x"":1027,""y"":725,""t"":4760},{""x"":1301,""y"":642,""t"":4836},{""x"":1489,""y"":648,""t"":4910},{""x"":1662,""y"":672,""t"":4988},{""x"":1698,""y"":742,""t"":5065},{""x"":1815,""y"":880,""t"":5144},{""x"":1704,""y"":843,""t"":5218},{""x"":1784,""y"":855,""t"":5294},{""x"":1794,""y"":918,""t"":5377},{""x"":1952,""y"":872,""t"":5454},{""x"":1914,""y"":886,""t"":5531},{""x"":1779,""y"":869,""t"":5608},{""x"":1537,""y"":852,""t"":5696},{""x"":1351,""y"":816,""t"":5774},{""x"":1260,""y"":777,""t"":5852},{""x"":1194,""y"":785,""t"":5930},{""x"":1266,""y"":794,""t"":6008},{""x"":1123,""y"":785,""t"":6088}]",1,0.3404608308593932,0.6595391691406067,wa_dn,0
4-alternatives,1,128,exp_16,1.0,774.5,0.28,0.17,4.3,8.3,higher_p,higher_m,0,1,alternatives,0.0,False,1.204,1.4110000000000005,-0.2070000000000003,0.0442583094249128,0.6,0.4,0.5,0.5,0.0,1.0,higher_p,higher_m,False,"{""durations"":[1500,1000,1500,1000],""alternatives"":[0,1,0,1],""attributes"":[""all"",""all"",""all"",""all""]}","[{""x"":1052,""y"":895,""t"":-78},{""x"":972,""y"":861,""t"":0},{""x"":1009,""y"":846,""t"":112},{""x"":794,""y"":876,""t"":213},{""x"":944,""y"":930,""t"":364},{""x"":901,""y"":939,""t"":439},{""x"":971,""y"":893,""t"":514},{""x"":968,""y"":824,""t"":592},{""x"":1130,""y"":792,""t"":669},{""x"":1073,""y"":785,""t"":745},{""x"":1140,""y"":796,""t"":821},{""x"":1316,""y"":787,""t"":902},{""x"":1426,""y"":818,""t"":976},{""x"":1625,""y"":821,""t"":1053},{""x"":1688,""y"":838,""t"":1131},{""x"":1722,""y"":826,""t"":1208},{""x"":1733,""y"":806,""t"":1291},{""x"":1648,""y"":788,""t"":1370},{""x"":1584,""y"":844,""t"":1460},{""x"":1648,""y"":776,""t"":1536},{""x"":1650,""y"":802,""t"":1649},{""x"":1638,""y"":808,""t"":1733},{""x"":1545,""y"":791,""t"":1808},{""x"":1438,""y"":793,""t"":1885},{""x"":1287,""y"":820,""t"":1961},{""x"":1064,""y"":891,""t"":2036},{""x"":970,""y"":909,""t"":2112},{""x"":913,""y"":865,""t"":2189},{""x"":759,""y"":899,""t"":2267},{""x"":732,""y"":911,""t"":2348},{""x"":716,""y"":881,""t"":2428},{""x"":785,""y"":793,""t"":2503},{""x"":868,""y"":773,""t"":2578},{""x"":912,""y"":781,""t"":2653},{""x"":954,""y"":803,""t"":2730},{""x"":714,""y"":875,""t"":2813},{""x"":667,""y"":1009,""t"":2892},{""x"":610,""y"":998,""t"":2967},{""x"":510,""y"":961,""t"":3047},{""x"":285,""y"":1004,""t"":3133},{""x"":498,""y"":977,""t"":3208},{""x"":796,""y"":986,""t"":3289},{""x"":1156,""y"":946,""t"":3368},{""x"":1398,""y"":876,""t"":3443},{""x"":1623,""y"":853,""t"":3518},{""x"":1837,""y"":824,""t"":3595},{""x"":1952,""y"":810,""t"":3672},{""x"":1994,""y"":808,""t"":3751},{""x"":2039,""y"":783,""t"":3832},{""x"":1957,""y"":799,""t"":3910},{""x"":1945,""y"":763,""t"":3987},{""x"":1890,""y"":830,""t"":4063},{""x"":1862,""y"":827,""t"":4139},{""x"":1725,""y"":867,""t"":4217},{""x"":1685,""y"":875,""t"":4296},{""x"":1733,""y"":945,""t"":4379},{""x"":1751,""y"":993,""t"":4454},{""x"":1752,""y"":1100,""t"":4529},{""x"":1737,""y"":1084,""t"":4606},{""x"":1532,""y"":993,""t"":4682},{""x"":1387,""y"":865,""t"":4761},{""x"":1320,""y"":811,""t"":4836},{""x"":1167,""y"":822,""t"":4914},{""x"":1051,""y"":788,""t"":4989},{""x"":999,""y"":759,""t"":5070},{""x"":841,""y"":790,""t"":5146},{""x"":711,""y"":855,""t"":5226},{""x"":627,""y"":849,""t"":5302},{""x"":416,""y"":895,""t"":5383},{""x"":280,""y"":941,""t"":5463},{""x"":139,""y"":982,""t"":5539},{""x"":230,""y"":954,""t"":5617},{""x"":438,""y"":942,""t"":5693},{""x"":623,""y"":897,""t"":5770},{""x"":740,""y"":914,""t"":5845},{""x"":872,""y"":944,""t"":5923},{""x"":1040,""y"":980,""t"":6000},{""x"":1088,""y"":968,""t"":6077},{""x"":1124,""y"":922,""t"":6157},{""x"":1100,""y"":863,""t"":6238},{""x"":1201,""y"":858,""t"":6315},{""x"":1275,""y"":845,""t"":6396},{""x"":1368,""y"":829,""t"":6472},{""x"":1365,""y"":781,""t"":6548}]",1,0.3568557682892524,0.6431442317107475,wa_dn,0
4-alternatives,1,133,exp_110,0.0,511.3000000119209,0.78,0.4,2.1,3.0,higher_p,higher_m,0,1,alternatives,0.0,False,1.638,1.2000000000000002,0.4379999999999999,0.7081329507986126,0.4,0.6,0.5,0.5,1.0,1.0,higher_m,higher_m,True,"{""durations"":[1000,1500,1000,1500],""alternatives"":[0,1,0,1],""attributes"":[""all"",""all"",""all"",""all""]}","[{""x"":898,""y"":848,""t"":-79},{""x"":1122,""y"":746,""t"":0},{""x"":1104,""y"":749,""t"":119},{""x"":1015,""y"":733,""t"":223},{""x"":886,""y"":728,""t"":367},{""x"":770,""y"":777,""t"":444},{""x"":702,""y"":762,""t"":527},{""x"":585,""y"":784,""t"":608},{""x"":575,""y"":863,""t"":687},{""x"":436,""y"":855,""t"":770},{""x"":194,""y"":893,""t"":846},{""x"":162,""y"":909,""t"":924},{""x"":173,""y"":884,""t"":1000},{""x"":289,""y"":861,""t"":1082},{""x"":377,""y"":821,""t"":1168},{""x"":446,""y"":787,""t"":1245},{""x"":456,""y"":814,""t"":1324},{""x"":598,""y"":821,""t"":1400},{""x"":614,""y"":856,""t"":1481},{""x"":725,""y"":856,""t"":1559},{""x"":1011,""y"":832,""t"":1640},{""x"":1316,""y"":805,""t"":1716},{""x"":1483,""y"":773,""t"":1796},{""x"":1604,""y"":709,""t"":1875},{""x"":1710,""y"":863,""t"":1951},{""x"":1797,""y"":774,""t"":2029},{""x"":1908,""y"":714,""t"":2106},{""x"":1857,""y"":771,""t"":2181},{""x"":1833,""y"":752,""t"":2259},{""x"":1679,""y"":773,""t"":2334},{""x"":1673,""y"":776,""t"":2409},{""x"":1722,""y"":843,""t"":2487},{""x"":1826,""y"":827,""t"":2563},{""x"":1902,""y"":796,""t"":2643},{""x"":1748,""y"":788,""t"":2723},{""x"":1793,""y"":782,""t"":2801},{""x"":1722,""y"":745,""t"":2879},{""x"":1612,""y"":749,""t"":2957},{""x"":1552,""y"":833,""t"":3031},{""x"":1425,""y"":742,""t"":3107},{""x"":1430,""y"":764,""t"":3183},{""x"":1393,""y"":748,""t"":3260},{""x"":1285,""y"":854,""t"":3335},{""x"":926,""y"":866,""t"":3410},{""x"":690,""y"":805,""t"":3488},{""x"":456,""y"":773,""t"":3566},{""x"":306,""y"":800,""t"":3646},{""x"":186,""y"":772,""t"":3723},{""x"":179,""y"":759,""t"":3809},{""x"":228,""y"":699,""t"":3884},{""x"":309,""y"":604,""t"":3962},{""x"":682,""y"":620,""t"":4040},{""x"":885,""y"":599,""t"":4114},{""x"":956,""y"":626,""t"":4191},{""x"":1186,""y"":629,""t"":4266},{""x"":1424,""y"":673,""t"":4341},{""x"":1564,""y"":702,""t"":4418},{""x"":1598,""y"":738,""t"":4500},{""x"":1552,""y"":808,""t"":4577},{""x"":1513,""y"":846,""t"":4656},{""x"":1485,""y"":852,""t"":4730},{""x"":1524,""y"":876,""t"":4808},{""x"":1447,""y"":912,""t"":4885},{""x"":1466,""y"":952,""t"":4960},{""x"":1234,""y"":865,""t"":5038},{""x"":1038,""y"":948,""t"":5114},{""x"":968,""y"":893,""t"":5188},{""x"":737,""y"":938,""t"":5264},{""x"":833,""y"":824,""t"":5359},{""x"":912,""y"":856,""t"":5437},{""x"":955,""y"":756,""t"":5513},{""x"":1039,""y"":732,""t"":5631},{""x"":913,""y"":799,""t"":5705},{""x"":917,""y"":738,""t"":5781},{""x"":934,""y"":725,""t"":5863},{""x"":926,""y"":753,""t"":5940},{""x"":872,""y"":829,""t"":6018},{""x"":883,""y"":816,""t"":6095},{""x"":736,""y"":832,""t"":6168},{""x"":781,""y"":811,""t"":6243}]",0,0.5106111077436916,0.4893888922563084,wa_dn,0
4-alternatives,1,135,exp_4,1.0,879.8000000119209,0.79,0.49,5.300000000000001,8.3,higher_p,higher_m,0,1,alternatives,0.0,False,4.187000000000001,4.067,0.120000000000001,0.3808273136562316,0.4,0.6,0.5,0.5,1.0,0.0,higher_m,higher_p,False,"{""durations"":[1500,1000,1500,1000],""alternatives"":[1,0,1,0],""attributes"":[""all"",""all"",""all"",""all""]}","[{""x"":1111,""y"":963,""t"":-79},{""x"":1128,""y"":972,""t"":0},{""x"":1194,""y"":941,""t"":126},{""x"":1200,""y"":824,""t"":274},{""x"":1041,""y"":843,""t"":369},{""x"":955,""y"":788,""t"":446},{""x"":946,""y"":741,""t"":525},{""x"":1023,""y"":733,""t"":606},{""x"":1192,""y"":678,""t"":685},{""x"":1432,""y"":686,""t"":766},{""x"":1612,""y"":705,""t"":848},{""x"":1630,""y"":756,""t"":926},{""x"":1751,""y"":755,""t"":1003},{""x"":1815,""y"":720,""t"":1082},{""x"":1940,""y"":715,""t"":1160},{""x"":2048,""y"":710,""t"":1237},{""x"":1949,""y"":668,""t"":1314},{""x"":1990,""y"":572,""t"":1404},{""x"":1899,""y"":518,""t"":1515},{""x"":1767,""y"":525,""t"":1604},{""x"":1681,""y"":563,""t"":1684},{""x"":1586,""y"":575,""t"":1765},{""x"":1532,""y"":617,""t"":1857},{""x"":1384,""y"":658,""t"":1934},{""x"":1261,""y"":657,""t"":2010},{""x"":1039,""y"":597,""t"":2085},{""x"":863,""y"":540,""t"":2162},{""x"":662,""y"":550,""t"":2236},{""x"":647,""y"":474,""t"":2314},{""x"":627,""y"":448,""t"":2388},{""x"":581,""y"":402,""t"":2464},{""x"":585,""y"":425,""t"":2539},{""x"":463,""y"":483,""t"":2618},{""x"":413,""y"":574,""t"":2702},{""x"":472,""y"":617,""t"":2788},{""x"":540,""y"":580,""t"":2875},{""x"":670,""y"":580,""t"":2951},{""x"":968,""y"":592,""t"":3027},{""x"":1126,""y"":629,""t"":3106},{""x"":1232,""y"":666,""t"":3181},{""x"":1408,""y"":679,""t"":3258},{""x"":1638,""y"":693,""t"":3335},{""x"":1827,""y"":685,""t"":3413},{""x"":1806,""y"":693,""t"":3489},{""x"":1871,""y"":724,""t"":3565},{""x"":1884,""y"":735,""t"":3643},{""x"":1907,""y"":732,""t"":3718},{""x"":1830,""y"":783,""t"":3797},{""x"":1741,""y"":788,""t"":3878},{""x"":1611,""y"":820,""t"":3953},{""x"":1460,""y"":825,""t"":4034},{""x"":1360,""y"":827,""t"":4109},{""x"":1319,""y"":852,""t"":4186},{""x"":1253,""y"":820,""t"":4265},{""x"":1281,""y"":888,""t"":4347},{""x"":1118,""y"":956,""t"":4422},{""x"":808,""y"":994,""t"":4499},{""x"":564,""y"":950,""t"":4577},{""x"":330,""y"":1005,""t"":4654},{""x"":197,""y"":1006,""t"":4727},{""x"":190,""y"":945,""t"":4807},{""x"":101,""y"":956,""t"":4882},{""x"":88,""y"":972,""t"":4959},{""x"":-16,""y"":903,""t"":5036},{""x"":-28,""y"":950,""t"":5112},{""x"":30,""y"":845,""t"":5187},{""x"":129,""y"":732,""t"":5262},{""x"":214,""y"":674,""t"":5339},{""x"":433,""y"":650,""t"":5419},{""x"":556,""y"":614,""t"":5495},{""x"":680,""y"":629,""t"":5573},{""x"":785,""y"":660,""t"":5648},{""x"":986,""y"":676,""t"":5724},{""x"":1006,""y"":716,""t"":5801},{""x"":946,""y"":701,""t"":5879},{""x"":940,""y"":722,""t"":5957},{""x"":1021,""y"":770,""t"":6034},{""x"":884,""y"":775,""t"":6108},{""x"":825,""y"":898,""t"":6185},{""x"":806,""y"":958,""t"":6268},{""x"":680,""y"":932,""t"":6352},{""x"":660,""y"":886,""t"":6430},{""x"":846,""y"":875,""t"":6504},{""x"":973,""y"":843,""t"":6582},{""x"":1127,""y"":818,""t"":6657}]",0,0.4301870839362675,0.5698129160637325,wa_dn,0
