subject_id,block,trial,condition,choice,rt,p0,p1,m0,m1,label0,label1,higher_p,higher_m,presentation,presentation01,by_attribute,ev0,ev1,delta_ev,delta_ev_z,g0,g1,gp,gm,duration_favours,last_stage_favours,duration_favours_str,last_stage_favours_str,choose_higher_p,sequence,webgazer_data,predicted_choice,predicted_choiceprob_0,predicted_choiceprob_1,model,rep
126-alternatives,0,0,exp_88,0.0,878.9000000059605,0.5,0.38,3.0,4.0,higher_p,higher_m,0,1,alternatives,0.0,False,1.5,1.52,-0.02,0.2367304922727919,0.6,0.4,0.5,0.5,0.0,1.0,higher_p,higher_m,True,"{""durations"":[1500,1000,1500,1000],""alternatives"":[0,1,0,1],""attributes"":[""all"",""all"",""all"",""all""]}","[{""x"":639,""y"":371,""t"":-21},{""x"":567,""y"":483,""t"":0},{""x"":520,""y"":558,""t"":107},{""x"":516,""y"":594,""t"":186},{""x"":519,""y"":600,""t"":205},{""x"":513,""y"":616,""t"":274},{""x"":515,""y"":605,""t"":328},{""x"":519,""y"":600,""t"":344},{""x"":495,""y"":580,""t"":410},{""x"":479,""y"":590,""t"":462},{""x"":481,""y"":567,""t"":479},{""x"":476,""y"":549,""t"":547},{""x"":479,""y"":522,""t"":598},{""x"":505,""y"":481,""t"":614},{""x"":581,""y"":434,""t"":681},{""x"":629,""y"":401,""t"":731},{""x"":697,""y"":342,""t"":748},{""x"":755,""y"":292,""t"":816},{""x"":823,""y"":250,""t"":866},{""x"":871,""y"":226,""t"":886},{""x"":895,""y"":218,""t"":954},{""x"":890,""y"":187,""t"":1005},{""x"":882,""y"":163,""t"":1021},{""x"":878,""y"":174,""t"":1089},{""x"":889,""y"":186,""t"":1139},{""x"":907,""y"":190,""t"":1157},{""x"":895,""y"":237,""t"":1226},{""x"":845,""y"":319,""t"":1277},{""x"":800,""y"":388,""t"":1293},{""x"":796,""y"":451,""t"":1361},{""x"":814,""y"":496,""t"":1415},{""x"":829,""y"":532,""t"":1432},{""x"":822,""y"":489,""t"":1499},{""x"":840,""y"":439,""t"":1552},{""x"":827,""y"":405,""t"":1568},{""x"":805,""y"":373,""t"":1635},{""x"":784,""y"":355,""t"":1688},{""x"":798,""y"":319,""t"":1705},{""x"":775,""y"":308,""t"":1777},{""x"":682,""y"":320,""t"":1827},{""x"":592,""y"":294,""t"":1843},{""x"":519,""y"":289,""t"":1912},{""x"":424,""y"":312,""t"":1961},{""x"":335,""y"":349,""t"":1978},{""x"":289,""y"":368,""t"":2047},{""x"":241,""y"":357,""t"":2097},{""x"":207,""y"":347,""t"":2113},{""x"":197,""y"":371,""t"":2182},{""x"":180,""y"":346,""t"":2232},{""x"":170,""y"":325,""t"":2248},{""x"":180,""y"":309,""t"":2316},{""x"":241,""y"":277,""t"":2368},{""x"":264,""y"":252,""t"":2383},{""x"":280,""y"":217,""t"":2451},{""x"":262,""y"":193,""t"":2501},{""x"":269,""y"":161,""t"":2518},{""x"":299,""y"":146,""t"":2587},{""x"":285,""y"":167,""t"":2641},{""x"":274,""y"":186,""t"":2657},{""x"":258,""y"":261,""t"":2725},{""x"":265,""y"":271,""t"":2778},{""x"":256,""y"":303,""t"":2792},{""x"":268,""y"":327,""t"":2859},{""x"":364,""y"":376,""t"":2912},{""x"":476,""y"":409,""t"":2927},{""x"":570,""y"":452,""t"":2994},{""x"":654,""y"":501,""t"":3045},{""x"":721,""y"":540,""t"":3061},{""x"":767,""y"":549,""t"":3128},{""x"":823,""y"":571,""t"":3179},{""x"":866,""y"":587,""t"":3197},{""x"":895,""y"":595,""t"":3263},{""x"":930,""y"":620,""t"":3281},{""x"":944,""y"":631,""t"":3322},{""x"":932,""y"":625,""t"":3363},{""x"":917,""y"":617,""t"":3408},{""x"":936,""y"":546,""t"":3475},{""x"":973,""y"":479,""t"":3527},{""x"":1002,""y"":421,""t"":3544},{""x"":1014,""y"":369,""t"":3611},{""x"":881,""y"":356,""t"":3664},{""x"":750,""y"":357,""t"":3680},{""x"":587,""y"":351,""t"":3750},{""x"":473,""y"":358,""t"":3800},{""x"":393,""y"":339,""t"":3817},{""x"":303,""y"":330,""t"":3886},{""x"":251,""y"":322,""t"":3935},{""x"":214,""y"":317,""t"":3952},{""x"":137,""y"":353,""t"":4020},{""x"":144,""y"":349,""t"":4070},{""x"":135,""y"":344,""t"":4087},{""x"":154,""y"":373,""t"":4156},{""x"":172,""y"":395,""t"":4182},{""x"":204,""y"":389,""t"":4250},{""x"":225,""y"":419,""t"":4266},{""x"":251,""y"":424,""t"":4308},{""x"":235,""y"":439,""t"":4351},{""x"":253,""y"":462,""t"":4394},{""x"":251,""y"":438,""t"":4462},{""x"":258,""y"":415,""t"":4512},{""x"":273,""y"":396,""t"":4529},{""x"":279,""y"":440,""t"":4598},{""x"":331,""y"":498,""t"":4649},{""x"":367,""y"":536,""t"":4666},{""x"":404,""y"":546,""t"":4732},{""x"":393,""y"":533,""t"":4783},{""x"":370,""y"":509,""t"":4799},{""x"":379,""y"":544,""t"":4865},{""x"":390,""y"":552,""t"":4918},{""x"":398,""y"":557,""t"":4933},{""x"":349,""y"":518,""t"":5037},{""x"":336,""y"":496,""t"":5088},{""x"":305,""y"":471,""t"":5105},{""x"":329,""y"":440,""t"":5172},{""x"":445,""y"":423,""t"":5222},{""x"":544,""y"":410,""t"":5237},{""x"":629,""y"":390,""t"":5305},{""x"":736,""y"":345,""t"":5359},{""x"":784,""y"":345,""t"":5373},{""x"":838,""y"":341,""t"":5442},{""x"":888,""y"":299,""t"":5494},{""x"":931,""y"":286,""t"":5511},{""x"":897,""y"":277,""t"":5577},{""x"":809,""y"":265,""t"":5631},{""x"":731,""y"":257,""t"":5647},{""x"":691,""y"":258,""t"":5713},{""x"":681,""y"":266,""t"":5767},{""x"":673,""y"":274,""t"":5782},{""x"":639,""y"":275,""t"":5849},{""x"":572,""y"":384,""t"":5899},{""x"":515,""y"":478,""t"":5918},{""x"":512,""y"":551,""t"":5989},{""x"":504,""y"":628,""t"":6040},{""x"":500,""y"":669,""t"":6057},{""x"":537,""y"":664,""t"":6126},{""x"":558,""y"":644,""t"":6178},{""x"":577,""y"":612,""t"":6194},{""x"":623,""y"":599,""t"":6262},{""x"":664,""y"":586,""t"":6311},{""x"":685,""y"":574,""t"":6327},{""x"":699,""y"":562,""t"":6396}]",0,0.8000006038828251,0.1999993961171749,mcutoff_b-last,0
126-alternatives,0,2,exp_74,0.0,356.90000000596046,0.8,0.2,4.0,6.799999999999999,higher_p,higher_m,0,1,alternatives,0.0,False,3.2,1.36,1.8400000000000003,2.151159690652763,0.6,0.4,0.5,0.5,0.0,0.0,higher_p,higher_p,True,"{""durations"":[1000,1500,1000,1500],""alternatives"":[1,0,1,0],""attributes"":[""all"",""all"",""all"",""all""]}","[{""x"":481,""y"":538,""t"":-22},{""x"":476,""y"":539,""t"":0},{""x"":471,""y"":502,""t"":110},{""x"":467,""y"":471,""t"":144},{""x"":465,""y"":456,""t"":215},{""x"":442,""y"":426,""t"":238},{""x"":445,""y"":399,""t"":306},{""x"":478,""y"":409,""t"":324},{""x"":553,""y"":396,""t"":367},{""x"":650,""y"":364,""t"":409},{""x"":716,""y"":337,""t"":480},{""x"":809,""y"":290,""t"":528},{""x"":859,""y"":257,""t"":544},{""x"":920,""y"":235,""t"":614},{""x"":955,""y"":225,""t"":664},{""x"":979,""y"":219,""t"":680},{""x"":1035,""y"":196,""t"":750},{""x"":1054,""y"":183,""t"":799},{""x"":1065,""y"":174,""t"":817},{""x"":1077,""y"":194,""t"":884},{""x"":1021,""y"":259,""t"":898},{""x"":955,""y"":308,""t"":940},{""x"":971,""y"":369,""t"":983},{""x"":984,""y"":420,""t"":1025},{""x"":975,""y"":475,""t"":1096},{""x"":975,""y"":478,""t"":1148},{""x"":974,""y"":477,""t"":1163},{""x"":973,""y"":429,""t"":1235},{""x"":972,""y"":386,""t"":1258},{""x"":979,""y"":331,""t"":1325},{""x"":976,""y"":307,""t"":1342},{""x"":974,""y"":283,""t"":1385},{""x"":821,""y"":302,""t"":1427},{""x"":682,""y"":288,""t"":1471},{""x"":554,""y"":278,""t"":1540},{""x"":466,""y"":248,""t"":1590},{""x"":397,""y"":224,""t"":1607},{""x"":362,""y"":238,""t"":1676},{""x"":339,""y"":251,""t"":1701},{""x"":293,""y"":302,""t"":1773},{""x"":271,""y"":346,""t"":1823},{""x"":258,""y"":382,""t"":1840},{""x"":246,""y"":393,""t"":1910},{""x"":222,""y"":423,""t"":1962},{""x"":231,""y"":416,""t"":1978},{""x"":235,""y"":404,""t"":2046},{""x"":275,""y"":356,""t"":2097},{""x"":288,""y"":320,""t"":2114},{""x"":304,""y"":286,""t"":2182},{""x"":300,""y"":263,""t"":2232},{""x"":307,""y"":264,""t"":2248},{""x"":297,""y"":230,""t"":2317},{""x"":317,""y"":231,""t"":2366},{""x"":301,""y"":230,""t"":2384},{""x"":324,""y"":237,""t"":2454},{""x"":356,""y"":245,""t"":2505},{""x"":327,""y"":250,""t"":2521},{""x"":516,""y"":229,""t"":2588},{""x"":691,""y"":226,""t"":2641},{""x"":838,""y"":224,""t"":2656},{""x"":946,""y"":219,""t"":2723},{""x"":1028,""y"":219,""t"":2775},{""x"":1090,""y"":219,""t"":2791},{""x"":1097,""y"":216,""t"":2860},{""x"":1090,""y"":209,""t"":2913},{""x"":1078,""y"":205,""t"":2928},{""x"":1080,""y"":196,""t"":2996},{""x"":1101,""y"":193,""t"":3048},{""x"":1113,""y"":182,""t"":3064},{""x"":1117,""y"":177,""t"":3133},{""x"":973,""y"":204,""t"":3184},{""x"":874,""y"":234,""t"":3200},{""x"":736,""y"":338,""t"":3267},{""x"":612,""y"":378,""t"":3319},{""x"":503,""y"":427,""t"":3335},{""x"":433,""y"":442,""t"":3401},{""x"":366,""y"":479,""t"":3453},{""x"":274,""y"":474,""t"":3469},{""x"":244,""y"":474,""t"":3537},{""x"":230,""y"":468,""t"":3590},{""x"":224,""y"":435,""t"":3607},{""x"":172,""y"":431,""t"":3675},{""x"":129,""y"":432,""t"":3727},{""x"":75,""y"":432,""t"":3742},{""x"":77,""y"":416,""t"":3808},{""x"":62,""y"":441,""t"":3825},{""x"":58,""y"":414,""t"":3867},{""x"":57,""y"":447,""t"":3909},{""x"":103,""y"":449,""t"":3954},{""x"":137,""y"":491,""t"":4022},{""x"":142,""y"":521,""t"":4072},{""x"":179,""y"":531,""t"":4088},{""x"":213,""y"":572,""t"":4156},{""x"":251,""y"":645,""t"":4206},{""x"":316,""y"":678,""t"":4224},{""x"":408,""y"":675,""t"":4293},{""x"":398,""y"":620,""t"":4341},{""x"":386,""y"":570,""t"":4359},{""x"":341,""y"":543,""t"":4425},{""x"":328,""y"":498,""t"":4478},{""x"":316,""y"":461,""t"":4495},{""x"":324,""y"":444,""t"":4562},{""x"":398,""y"":363,""t"":4612},{""x"":492,""y"":314,""t"":4630},{""x"":551,""y"":268,""t"":4699},{""x"":619,""y"":246,""t"":4749},{""x"":665,""y"":235,""t"":4765},{""x"":683,""y"":219,""t"":4832},{""x"":725,""y"":222,""t"":4883},{""x"":753,""y"":237,""t"":4898},{""x"":738,""y"":219,""t"":4964},{""x"":765,""y"":235,""t"":5016},{""x"":786,""y"":251,""t"":5033},{""x"":724,""y"":268,""t"":5099},{""x"":685,""y"":290,""t"":5118},{""x"":630,""y"":296,""t"":5160},{""x"":577,""y"":294,""t"":5205},{""x"":520,""y"":285,""t"":5273},{""x"":497,""y"":272,""t"":5325},{""x"":464,""y"":249,""t"":5339},{""x"":457,""y"":258,""t"":5407},{""x"":498,""y"":251,""t"":5461},{""x"":534,""y"":245,""t"":5475},{""x"":577,""y"":267,""t"":5544},{""x"":600,""y"":268,""t"":5595},{""x"":600,""y"":268,""t"":5612},{""x"":542,""y"":263,""t"":5685},{""x"":478,""y"":309,""t"":5733},{""x"":425,""y"":348,""t"":5750},{""x"":400,""y"":351,""t"":5816},{""x"":357,""y"":387,""t"":5871},{""x"":308,""y"":437,""t"":5887},{""x"":276,""y"":494,""t"":5952}]",0,0.8000006038828251,0.1999993961171749,mcutoff_b-last,0
126-alternatives,0,3,exp_8,1.0,582.2000000029802,0.7,0.29,1.7999999999999998,5.0,higher_p,higher_m,0,1,alternatives,0.0,False,1.2599999999999998,1.45,-0.1900000000000001,0.0617557805929019,0.6,0.4,0.5,0.5,0.0,1.0,higher_p,higher_m,False,"{""durations"":[1500,1000,1500,1000],""alternatives"":[0,1,0,1],""attributes"":[""all"",""all"",""all"",""all""]}","[{""x"":692,""y"":599,""t"":-26},{""x"":656,""y"":576,""t"":0},{""x"":617,""y"":560,""t"":73},{""x"":588,""y"":543,""t"":139},{""x"":552,""y"":503,""t"":170},{""x"":521,""y"":455,""t"":248},{""x"":495,""y"":414,""t"":273},{""x"":483,""y"":374,""t"":341},{""x"":463,""y"":337,""t"":390},{""x"":472,""y"":297,""t"":410},{""x"":432,""y"":276,""t"":480},{""x"":382,""y"":233,""t"":536},{""x"":350,""y"":212,""t"":552},{""x"":466,""y"":182,""t"":620},{""x"":568,""y"":159,""t"":646},{""x"":660,""y"":152,""t"":721},{""x"":755,""y"":143,""t"":773},{""x"":824,""y"":137,""t"":790},{""x"":897,""y"":148,""t"":858},{""x"":984,""y"":162,""t"":907},{""x"":1073,""y"":157,""t"":924},{""x"":1098,""y"":184,""t"":990},{""x"":1092,""y"":154,""t"":1040},{""x"":1082,""y"":129,""t"":1055},{""x"":1056,""y"":155,""t"":1121},{""x"":1026,""y"":143,""t"":1138},{""x"":1027,""y"":146,""t"":1181},{""x"":1026,""y"":150,""t"":1229},{""x"":1037,""y"":151,""t"":1297},{""x"":1045,""y"":190,""t"":1348},{""x"":1050,""y"":224,""t"":1364},{""x"":860,""y"":273,""t"":1431},{""x"":714,""y"":264,""t"":1485},{""x"":570,""y"":270,""t"":1502},{""x"":490,""y"":277,""t"":1579},{""x"":392,""y"":282,""t"":1599},{""x"":314,""y"":297,""t"":1667},{""x"":279,""y"":300,""t"":1717},{""x"":257,""y"":301,""t"":1736},{""x"":331,""y"":292,""t"":1805},{""x"":450,""y"":300,""t"":1855},{""x"":590,""y"":286,""t"":1873},{""x"":694,""y"":257,""t"":1941},{""x"":800,""y"":243,""t"":1992},{""x"":862,""y"":246,""t"":2010},{""x"":934,""y"":321,""t"":2080},{""x"":972,""y"":366,""t"":2130},{""x"":999,""y"":402,""t"":2150},{""x"":1010,""y"":450,""t"":2222},{""x"":1015,""y"":489,""t"":2245},{""x"":1001,""y"":525,""t"":2315},{""x"":1016,""y"":552,""t"":2363},{""x"":1026,""y"":572,""t"":2381},{""x"":1042,""y"":513,""t"":2450},{""x"":1041,""y"":441,""t"":2499},{""x"":1037,""y"":378,""t"":2518},{""x"":1041,""y"":329,""t"":2588},{""x"":1027,""y"":273,""t"":2639},{""x"":1014,""y"":227,""t"":2654},{""x"":1028,""y"":258,""t"":2722},{""x"":1036,""y"":292,""t"":2776},{""x"":1043,""y"":323,""t"":2791},{""x"":972,""y"":362,""t"":2860},{""x"":798,""y"":402,""t"":2911},{""x"":635,""y"":434,""t"":2929},{""x"":521,""y"":453,""t"":2996},{""x"":409,""y"":459,""t"":3047},{""x"":320,""y"":463,""t"":3063},{""x"":257,""y"":461,""t"":3129},{""x"":223,""y"":485,""t"":3182},{""x"":185,""y"":490,""t"":3196},{""x"":179,""y"":432,""t"":3264},{""x"":212,""y"":381,""t"":3280},{""x"":255,""y"":349,""t"":3323},{""x"":259,""y"":300,""t"":3365},{""x"":288,""y"":267,""t"":3407},{""x"":306,""y"":260,""t"":3476},{""x"":334,""y"":236,""t"":3527},{""x"":370,""y"":223,""t"":3542},{""x"":367,""y"":229,""t"":3622},{""x"":378,""y"":245,""t"":3639},{""x"":386,""y"":212,""t"":3707},{""x"":457,""y"":214,""t"":3758},{""x"":503,""y"":206,""t"":3774},{""x"":635,""y"":211,""t"":3841},{""x"":753,""y"":205,""t"":3857},{""x"":863,""y"":218,""t"":3899},{""x"":947,""y"":230,""t"":3942},{""x"":1009,""y"":237,""t"":3985},{""x"":1076,""y"":226,""t"":4053},{""x"":1137,""y"":195,""t"":4109},{""x"":1183,""y"":168,""t"":4125},{""x"":1212,""y"":146,""t"":4192},{""x"":1230,""y"":128,""t"":4218},{""x"":1218,""y"":122,""t"":4285},{""x"":1228,""y"":114,""t"":4337},{""x"":1226,""y"":113,""t"":4353},{""x"":1219,""y"":115,""t"":4420},{""x"":1224,""y"":147,""t"":4472},{""x"":1226,""y"":175,""t"":4489},{""x"":1237,""y"":242,""t"":4560},{""x"":1230,""y"":329,""t"":4616},{""x"":1232,""y"":411,""t"":4631},{""x"":1159,""y"":451,""t"":4698},{""x"":1142,""y"":494,""t"":4750},{""x"":1098,""y"":521,""t"":4767},{""x"":1013,""y"":537,""t"":4835},{""x"":878,""y"":594,""t"":4886},{""x"":743,""y"":638,""t"":4901},{""x"":648,""y"":700,""t"":4967},{""x"":618,""y"":698,""t"":5021},{""x"":646,""y"":704,""t"":5037},{""x"":648,""y"":682,""t"":5106},{""x"":640,""y"":602,""t"":5157},{""x"":639,""y"":546,""t"":5175},{""x"":667,""y"":465,""t"":5242},{""x"":730,""y"":396,""t"":5293},{""x"":784,""y"":339,""t"":5309},{""x"":842,""y"":286,""t"":5376},{""x"":852,""y"":266,""t"":5429},{""x"":829,""y"":233,""t"":5445},{""x"":700,""y"":248,""t"":5513},{""x"":613,""y"":338,""t"":5564},{""x"":570,""y"":433,""t"":5582},{""x"":493,""y"":468,""t"":5651},{""x"":459,""y"":458,""t"":5704},{""x"":451,""y"":446,""t"":5723},{""x"":469,""y"":444,""t"":5790},{""x"":435,""y"":425,""t"":5815},{""x"":425,""y"":425,""t"":5883},{""x"":426,""y"":415,""t"":5934},{""x"":446,""y"":397,""t"":5952},{""x"":476,""y"":432,""t"":6022},{""x"":506,""y"":526,""t"":6070},{""x"":520,""y"":584,""t"":6088},{""x"":533,""y"":602,""t"":6156}]",0,0.8000006038828251,0.1999993961171749,mcutoff_b-last,0
126-alternatives,0,6,exp_42,1.0,305.5,0.81,0.48,1.6999999999999995,7.9,higher_p,higher_m,0,1,alternatives,0.0,False,1.3769999999999998,3.792,-2.415,-2.2283544163938904,0.6,0.4,0.5,0.5,0.0,0.0,higher_p,higher_p,False,"{""durations"":[1000,1500,1000,1500],""alternatives"":[1,0,1,0],""attributes"":[""all"",""all"",""all"",""all""]}","[{""x"":650,""y"":513,""t"":-28},{""x"":642,""y"":473,""t"":0},{""x"":630,""y"":419,""t"":107},{""x"":619,""y"":375,""t"":138},{""x"":621,""y"":352,""t"":215},{""x"":590,""y"":354,""t"":239},{""x"":598,""y"":345,""t"":307},{""x"":617,""y"":334,""t"":360},{""x"":598,""y"":327,""t"":376},{""x"":607,""y"":315,""t"":443},{""x"":615,""y"":281,""t"":494},{""x"":623,""y"":255,""t"":510},{""x"":636,""y"":265,""t"":580},{""x"":666,""y"":279,""t"":633},{""x"":691,""y"":292,""t"":650},{""x"":762,""y"":314,""t"":715},{""x"":829,""y"":299,""t"":769},{""x"":883,""y"":287,""t"":784},{""x"":884,""y"":280,""t"":849},{""x"":840,""y"":293,""t"":866},{""x"":804,""y"":302,""t"":909},{""x"":775,""y"":305,""t"":952},{""x"":747,""y"":260,""t"":1020},{""x"":731,""y"":279,""t"":1075},{""x"":705,""y"":241,""t"":1092},{""x"":727,""y"":244,""t"":1159},{""x"":758,""y"":214,""t"":1211},{""x"":776,""y"":203,""t"":1229},{""x"":823,""y"":210,""t"":1300},{""x"":726,""y"":215,""t"":1350},{""x"":631,""y"":250,""t"":1366},{""x"":532,""y"":257,""t"":1434},{""x"":484,""y"":248,""t"":1486},{""x"":448,""y"":240,""t"":1502},{""x"":405,""y"":241,""t"":1570},{""x"":353,""y"":241,""t"":1621},{""x"":313,""y"":241,""t"":1637},{""x"":293,""y"":278,""t"":1705},{""x"":248,""y"":346,""t"":1756},{""x"":247,""y"":438,""t"":1771},{""x"":242,""y"":503,""t"":1839},{""x"":219,""y"":578,""t"":1889},{""x"":195,""y"":594,""t"":1905},{""x"":198,""y"":638,""t"":1972},{""x"":196,""y"":611,""t"":2028},{""x"":196,""y"":593,""t"":2043},{""x"":207,""y"":537,""t"":2110},{""x"":196,""y"":496,""t"":2159},{""x"":225,""y"":471,""t"":2176},{""x"":238,""y"":464,""t"":2245},{""x"":262,""y"":440,""t"":2296},{""x"":317,""y"":408,""t"":2312},{""x"":337,""y"":398,""t"":2380},{""x"":315,""y"":391,""t"":2396},{""x"":290,""y"":371,""t"":2438},{""x"":268,""y"":397,""t"":2480},{""x"":269,""y"":397,""t"":2523},{""x"":302,""y"":417,""t"":2596},{""x"":308,""y"":433,""t"":2619},{""x"":419,""y"":401,""t"":2686},{""x"":560,""y"":370,""t"":2702},{""x"":696,""y"":320,""t"":2745},{""x"":818,""y"":315,""t"":2785},{""x"":915,""y"":312,""t"":2826},{""x"":992,""y"":323,""t"":2896},{""x"":1039,""y"":343,""t"":2944},{""x"":1024,""y"":375,""t"":2960},{""x"":1081,""y"":363,""t"":3026},{""x"":1117,""y"":347,""t"":3043},{""x"":1110,""y"":348,""t"":3085},{""x"":1028,""y"":293,""t"":3128},{""x"":991,""y"":245,""t"":3172},{""x"":1020,""y"":206,""t"":3240},{""x"":1029,""y"":179,""t"":3288},{""x"":1009,""y"":204,""t"":3306},{""x"":1040,""y"":191,""t"":3372},{""x"":1004,""y"":177,""t"":3422},{""x"":991,""y"":167,""t"":3439},{""x"":960,""y"":240,""t"":3508},{""x"":1013,""y"":338,""t"":3558},{""x"":1068,""y"":415,""t"":3578},{""x"":1052,""y"":509,""t"":3647},{""x"":1050,""y"":540,""t"":3697},{""x"":1047,""y"":563,""t"":3713},{""x"":1029,""y"":574,""t"":3781},{""x"":885,""y"":559,""t"":3831},{""x"":763,""y"":510,""t"":3847},{""x"":666,""y"":494,""t"":3914},{""x"":575,""y"":469,""t"":3963},{""x"":503,""y"":446,""t"":3980},{""x"":522,""y"":456,""t"":4048},{""x"":561,""y"":489,""t"":4097},{""x"":576,""y"":521,""t"":4115},{""x"":611,""y"":509,""t"":4182},{""x"":670,""y"":501,""t"":4197},{""x"":738,""y"":478,""t"":4241},{""x"":759,""y"":485,""t"":4283},{""x"":771,""y"":472,""t"":4327},{""x"":768,""y"":467,""t"":4395},{""x"":764,""y"":463,""t"":4421},{""x"":746,""y"":461,""t"":4489},{""x"":719,""y"":453,""t"":4543},{""x"":695,""y"":447,""t"":4558},{""x"":749,""y"":449,""t"":4625},{""x"":753,""y"":457,""t"":4678},{""x"":756,""y"":464,""t"":4695},{""x"":741,""y"":409,""t"":4762},{""x"":745,""y"":394,""t"":4812},{""x"":722,""y"":374,""t"":4828},{""x"":697,""y"":385,""t"":4894},{""x"":671,""y"":380,""t"":4913},{""x"":664,""y"":373,""t"":4955},{""x"":653,""y"":367,""t"":4997},{""x"":626,""y"":374,""t"":5040},{""x"":630,""y"":354,""t"":5108},{""x"":630,""y"":348,""t"":5159},{""x"":630,""y"":343,""t"":5177},{""x"":609,""y"":348,""t"":5245},{""x"":631,""y"":347,""t"":5293},{""x"":650,""y"":346,""t"":5311},{""x"":651,""y"":330,""t"":5379},{""x"":669,""y"":320,""t"":5429},{""x"":653,""y"":318,""t"":5448},{""x"":651,""y"":338,""t"":5517},{""x"":680,""y"":341,""t"":5565},{""x"":705,""y"":344,""t"":5583},{""x"":759,""y"":350,""t"":5651},{""x"":811,""y"":386,""t"":5699},{""x"":777,""y"":395,""t"":5717},{""x"":793,""y"":423,""t"":5784},{""x"":760,""y"":424,""t"":5836},{""x"":791,""y"":430,""t"":5853}]",0,0.8000006038828251,0.1999993961171749,mcutoff_b-last,0
126-alternatives,0,7,catch_0,1.0,375.7000000029802,0.19,0.72,2.0,3.0,dominated,dominant,1,1,alternatives,0.0,False,0.38,2.16,-1.7800000000000002,-1.5747724051190084,0.5,0.5,0.5,0.5,,1.0,,dominant,True,"{""durations"":[1250,1250,1250,1250],""attributes"":[""all"",""all"",""all"",""all""],""alternatives"":[0,1,0,1]}","[{""x"":552,""y"":346,""t"":-21},{""x"":504,""y"":360,""t"":0},{""x"":514,""y"":371,""t"":84},{""x"":531,""y"":371,""t"":122},{""x"":541,""y"":364,""t"":172},{""x"":517,""y"":353,""t"":248},{""x"":518,""y"":344,""t"":273},{""x"":525,""y"":334,""t"":340},{""x"":571,""y"":332,""t"":358},{""x"":647,""y"":349,""t"":400},{""x"":706,""y"":390,""t"":441},{""x"":771,""y"":435,""t"":485},{""x"":838,""y"":445,""t"":553},{""x"":888,""y"":461,""t"":580},{""x"":945,""y"":492,""t"":650},{""x"":931,""y"":506,""t"":703},{""x"":915,""y"":516,""t"":718},{""x"":899,""y"":498,""t"":786},{""x"":871,""y"":488,""t"":839},{""x"":845,""y"":479,""t"":854},{""x"":862,""y"":436,""t"":923},{""x"":864,""y"":419,""t"":975},{""x"":865,""y"":405,""t"":992},{""x"":801,""y"":415,""t"":1059},{""x"":846,""y"":438,""t"":1112},{""x"":884,""y"":459,""t"":1128},{""x"":910,""y"":500,""t"":1193},{""x"":915,""y"":516,""t"":1247},{""x"":936,""y"":512,""t"":1263},{""x"":986,""y"":527,""t"":1333},{""x"":989,""y"":538,""t"":1383},{""x"":989,""y"":541,""t"":1400},{""x"":979,""y"":553,""t"":1468},{""x"":933,""y"":560,""t"":1519},{""x"":893,""y"":565,""t"":1537},{""x"":734,""y"":536,""t"":1604},{""x"":601,""y"":511,""t"":1656},{""x"":492,""y"":489,""t"":1674},{""x"":394,""y"":492,""t"":1742},{""x"":313,""y"":498,""t"":1792},{""x"":240,""y"":483,""t"":1810},{""x"":213,""y"":470,""t"":1878},{""x"":159,""y"":429,""t"":1926},{""x"":159,""y"":414,""t"":1944},{""x"":190,""y"":396,""t"":2012},{""x"":211,""y"":367,""t"":2062},{""x"":233,""y"":344,""t"":2078},{""x"":252,""y"":328,""t"":2146},{""x"":238,""y"":324,""t"":2196},{""x"":228,""y"":323,""t"":2214},{""x"":224,""y"":330,""t"":2282},{""x"":239,""y"":359,""t"":2330},{""x"":263,""y"":383,""t"":2349},{""x"":264,""y"":437,""t"":2414},{""x"":281,""y"":477,""t"":2429},{""x"":288,""y"":481,""t"":2473},{""x"":311,""y"":513,""t"":2516},{""x"":353,""y"":493,""t"":2561},{""x"":382,""y"":461,""t"":2607},{""x"":407,""y"":414,""t"":2650},{""x"":427,""y"":374,""t"":2692},{""x"":438,""y"":376,""t"":2761},{""x"":548,""y"":341,""t"":2813},{""x"":640,""y"":312,""t"":2828},{""x"":752,""y"":276,""t"":2896},{""x"":844,""y"":248,""t"":2925},{""x"":926,""y"":244,""t"":2993},{""x"":962,""y"":241,""t"":3044},{""x"":1025,""y"":259,""t"":3061},{""x"":1037,""y"":290,""t"":3128},{""x"":1062,""y"":363,""t"":3181},{""x"":1078,""y"":426,""t"":3197},{""x"":1079,""y"":487,""t"":3263},{""x"":1025,""y"":511,""t"":3281},{""x"":937,""y"":542,""t"":3324},{""x"":829,""y"":569,""t"":3367},{""x"":716,""y"":534,""t"":3437},{""x"":582,""y"":527,""t"":3487},{""x"":481,""y"":526,""t"":3504},{""x"":410,""y"":485,""t"":3571},{""x"":349,""y"":450,""t"":3623},{""x"":292,""y"":425,""t"":3640},{""x"":257,""y"":406,""t"":3706},{""x"":233,""y"":384,""t"":3722},{""x"":217,""y"":355,""t"":3765},{""x"":257,""y"":299,""t"":3807},{""x"":234,""y"":287,""t"":3851},{""x"":231,""y"":264,""t"":3924},{""x"":232,""y"":247,""t"":3945},{""x"":264,""y"":229,""t"":4012},{""x"":297,""y"":231,""t"":4029},{""x"":312,""y"":240,""t"":4071},{""x"":344,""y"":228,""t"":4114},{""x"":367,""y"":221,""t"":4157},{""x"":343,""y"":246,""t"":4224},{""x"":317,""y"":242,""t"":4274},{""x"":295,""y"":239,""t"":4291},{""x"":270,""y"":318,""t"":4358},{""x"":302,""y"":368,""t"":4408},{""x"":278,""y"":385,""t"":4425},{""x"":306,""y"":435,""t"":4493},{""x"":302,""y"":462,""t"":4546},{""x"":298,""y"":483,""t"":4563},{""x"":291,""y"":495,""t"":4630},{""x"":275,""y"":517,""t"":4682},{""x"":262,""y"":534,""t"":4696},{""x"":221,""y"":582,""t"":4763},{""x"":283,""y"":529,""t"":4818},{""x"":280,""y"":485,""t"":4833},{""x"":327,""y"":440,""t"":4900},{""x"":347,""y"":385,""t"":4951},{""x"":362,""y"":339,""t"":4967},{""x"":378,""y"":324,""t"":5035},{""x"":432,""y"":280,""t"":5086},{""x"":476,""y"":244,""t"":5101},{""x"":518,""y"":204,""t"":5172},{""x"":593,""y"":172,""t"":5226},{""x"":655,""y"":148,""t"":5242},{""x"":662,""y"":181,""t"":5309},{""x"":686,""y"":220,""t"":5340},{""x"":651,""y"":242,""t"":5409},{""x"":675,""y"":233,""t"":5461},{""x"":712,""y"":257,""t"":5476},{""x"":704,""y"":247,""t"":5545},{""x"":674,""y"":262,""t"":5600},{""x"":647,""y"":274,""t"":5615},{""x"":611,""y"":303,""t"":5683},{""x"":595,""y"":317,""t"":5735},{""x"":590,""y"":315,""t"":5753},{""x"":573,""y"":334,""t"":5819},{""x"":591,""y"":316,""t"":5872},{""x"":586,""y"":312,""t"":5888},{""x"":619,""y"":432,""t"":5955}]",1,0.1999993961171749,0.8000006038828251,mcutoff_b-last,0
126-alternatives,0,8,catch_4,1.0,472.2000000029802,0.19,0.31,4.0,7.3,dominated,dominant,1,1,alternatives,0.0,False,0.76,2.263,-1.503,-1.289666551381776,0.5,0.5,0.5,0.5,,1.0,,dominant,True,"{""durations"":[1250,1250,1250,1250],""attributes"":[""all"",""all"",""all"",""all""],""alternatives"":[0,1,0,1]}","[{""x"":481,""y"":817,""t"":-51},{""x"":487,""y"":819,""t"":0},{""x"":486,""y"":764,""t"":72},{""x"":518,""y"":708,""t"":142},{""x"":545,""y"":672,""t"":172},{""x"":533,""y"":628,""t"":249},{""x"":528,""y"":592,""t"":273},{""x"":542,""y"":568,""t"":341},{""x"":568,""y"":525,""t"":404},{""x"":569,""y"":467,""t"":421},{""x"":647,""y"":445,""t"":467},{""x"":713,""y"":429,""t"":512},{""x"":771,""y"":393,""t"":582},{""x"":757,""y"":417,""t"":636},{""x"":742,""y"":439,""t"":653},{""x"":753,""y"":477,""t"":722},{""x"":737,""y"":499,""t"":749},{""x"":744,""y"":488,""t"":817},{""x"":700,""y"":583,""t"":868},{""x"":685,""y"":655,""t"":885},{""x"":637,""y"":709,""t"":958},{""x"":599,""y"":745,""t"":1011},{""x"":568,""y"":772,""t"":1029},{""x"":559,""y"":809,""t"":1099},{""x"":555,""y"":814,""t"":1122},{""x"":548,""y"":836,""t"":1188},{""x"":572,""y"":848,""t"":1204},{""x"":632,""y"":800,""t"":1252},{""x"":653,""y"":736,""t"":1296},{""x"":612,""y"":649,""t"":1366},{""x"":666,""y"":606,""t"":1417},{""x"":691,""y"":558,""t"":1434},{""x"":722,""y"":502,""t"":1501},{""x"":733,""y"":457,""t"":1552},{""x"":741,""y"":423,""t"":1568},{""x"":763,""y"":431,""t"":1635},{""x"":777,""y"":435,""t"":1685},{""x"":777,""y"":429,""t"":1701},{""x"":797,""y"":414,""t"":1768},{""x"":736,""y"":320,""t"":1819},{""x"":696,""y"":252,""t"":1837},{""x"":627,""y"":234,""t"":1902},{""x"":520,""y"":222,""t"":1919},{""x"":477,""y"":248,""t"":1961},{""x"":455,""y"":248,""t"":2002},{""x"":422,""y"":239,""t"":2046},{""x"":371,""y"":249,""t"":2115},{""x"":362,""y"":255,""t"":2142},{""x"":329,""y"":250,""t"":2212},{""x"":325,""y"":243,""t"":2264},{""x"":325,""y"":238,""t"":2279},{""x"":308,""y"":220,""t"":2347},{""x"":424,""y"":233,""t"":2401},{""x"":493,""y"":225,""t"":2416},{""x"":616,""y"":213,""t"":2486},{""x"":689,""y"":224,""t"":2539},{""x"":749,""y"":234,""t"":2559},{""x"":804,""y"":211,""t"":2633},{""x"":848,""y"":192,""t"":2653},{""x"":843,""y"":211,""t"":2722},{""x"":821,""y"":219,""t"":2795},{""x"":859,""y"":192,""t"":2851},{""x"":894,""y"":162,""t"":2870},{""x"":945,""y"":151,""t"":2915},{""x"":964,""y"":167,""t"":2959},{""x"":1014,""y"":156,""t"":3026},{""x"":992,""y"":221,""t"":3079},{""x"":970,""y"":277,""t"":3095},{""x"":833,""y"":391,""t"":3162},{""x"":788,""y"":475,""t"":3216},{""x"":737,""y"":557,""t"":3235},{""x"":614,""y"":530,""t"":3304},{""x"":545,""y"":535,""t"":3354},{""x"":489,""y"":535,""t"":3370},{""x"":411,""y"":519,""t"":3439},{""x"":454,""y"":478,""t"":3490},{""x"":480,""y"":437,""t"":3507},{""x"":579,""y"":428,""t"":3575},{""x"":631,""y"":417,""t"":3627},{""x"":676,""y"":407,""t"":3644},{""x"":557,""y"":374,""t"":3713},{""x"":455,""y"":357,""t"":3766},{""x"":370,""y"":343,""t"":3781},{""x"":326,""y"":367,""t"":3850},{""x"":279,""y"":329,""t"":3877},{""x"":220,""y"":358,""t"":3945},{""x"":201,""y"":339,""t"":3994},{""x"":177,""y"":362,""t"":4012},{""x"":180,""y"":384,""t"":4080},{""x"":191,""y"":372,""t"":4095},{""x"":190,""y"":374,""t"":4139},{""x"":183,""y"":360,""t"":4180},{""x"":180,""y"":348,""t"":4225},{""x"":172,""y"":345,""t"":4294},{""x"":168,""y"":342,""t"":4319},{""x"":208,""y"":356,""t"":4387},{""x"":251,""y"":337,""t"":4439},{""x"":267,""y"":317,""t"":4456},{""x"":257,""y"":341,""t"":4522},{""x"":204,""y"":379,""t"":4541},{""x"":217,""y"":401,""t"":4584},{""x"":222,""y"":408,""t"":4627},{""x"":227,""y"":397,""t"":4695},{""x"":250,""y"":427,""t"":4747},{""x"":269,""y"":452,""t"":4763},{""x"":272,""y"":451,""t"":4828},{""x"":277,""y"":448,""t"":4882},{""x"":280,""y"":445,""t"":4899},{""x"":299,""y"":461,""t"":4968},{""x"":313,""y"":451,""t"":5020},{""x"":317,""y"":439,""t"":5037},{""x"":300,""y"":412,""t"":5107},{""x"":359,""y"":425,""t"":5158},{""x"":384,""y"":448,""t"":5174},{""x"":473,""y"":432,""t"":5244},{""x"":528,""y"":449,""t"":5293},{""x"":596,""y"":455,""t"":5311},{""x"":707,""y"":445,""t"":5379},{""x"":771,""y"":445,""t"":5427},{""x"":812,""y"":454,""t"":5444},{""x"":751,""y"":397,""t"":5512},{""x"":719,""y"":376,""t"":5561},{""x"":664,""y"":351,""t"":5578},{""x"":636,""y"":354,""t"":5650},{""x"":587,""y"":338,""t"":5701},{""x"":565,""y"":333,""t"":5716},{""x"":544,""y"":317,""t"":5786},{""x"":521,""y"":305,""t"":5835},{""x"":494,""y"":292,""t"":5852},{""x"":480,""y"":288,""t"":5920},{""x"":488,""y"":333,""t"":5969},{""x"":488,""y"":430,""t"":5985},{""x"":448,""y"":501,""t"":6054}]",1,0.1999993961171749,0.8000006038828251,mcutoff_b-last,0
126-alternatives,0,10,exp_26,0.0,286.70000000298023,0.3,0.17,2.0,3.0,higher_p,higher_m,0,1,alternatives,0.0,False,0.6,0.51,0.0899999999999999,0.3499494233597794,0.6,0.4,0.5,0.5,0.0,0.0,higher_p,higher_p,True,"{""durations"":[1000,1500,1000,1500],""alternatives"":[1,0,1,0],""attributes"":[""all"",""all"",""all"",""all""]}","[{""x"":925,""y"":522,""t"":-25},{""x"":876,""y"":517,""t"":0},{""x"":880,""y"":572,""t"":106},{""x"":822,""y"":541,""t"":138},{""x"":815,""y"":506,""t"":210},{""x"":785,""y"":488,""t"":266},{""x"":794,""y"":454,""t"":283},{""x"":793,""y"":431,""t"":352},{""x"":792,""y"":408,""t"":375},{""x"":720,""y"":413,""t"":442},{""x"":620,""y"":407,""t"":494},{""x"":536,""y"":404,""t"":511},{""x"":449,""y"":358,""t"":579},{""x"":370,""y"":337,""t"":630},{""x"":345,""y"":324,""t"":647},{""x"":283,""y"":318,""t"":713},{""x"":267,""y"":327,""t"":731},{""x"":303,""y"":351,""t"":774},{""x"":368,""y"":388,""t"":817},{""x"":433,""y"":375,""t"":888},{""x"":483,""y"":363,""t"":938},{""x"":514,""y"":356,""t"":957},{""x"":586,""y"":356,""t"":1026},{""x"":570,""y"":344,""t"":1077},{""x"":494,""y"":351,""t"":1093},{""x"":453,""y"":375,""t"":1162},{""x"":435,""y"":348,""t"":1211},{""x"":422,""y"":351,""t"":1227},{""x"":381,""y"":337,""t"":1300},{""x"":363,""y"":379,""t"":1351},{""x"":317,""y"":364,""t"":1366},{""x"":411,""y"":413,""t"":1433},{""x"":518,""y"":448,""t"":1484},{""x"":608,""y"":477,""t"":1499},{""x"":655,""y"":474,""t"":1566},{""x"":692,""y"":443,""t"":1619},{""x"":719,""y"":416,""t"":1634},{""x"":787,""y"":395,""t"":1700},{""x"":841,""y"":385,""t"":1752},{""x"":882,""y"":376,""t"":1769},{""x"":962,""y"":438,""t"":1846},{""x"":967,""y"":447,""t"":1871},{""x"":997,""y"":460,""t"":1942},{""x"":1052,""y"":476,""t"":1996},{""x"":1096,""y"":489,""t"":2011},{""x"":1064,""y"":483,""t"":2081},{""x"":1009,""y"":472,""t"":2109},{""x"":966,""y"":479,""t"":2176},{""x"":828,""y"":450,""t"":2194},{""x"":682,""y"":432,""t"":2236},{""x"":566,""y"":394,""t"":2278},{""x"":449,""y"":429,""t"":2351},{""x"":386,""y"":395,""t"":2404},{""x"":326,""y"":376,""t"":2419},{""x"":285,""y"":384,""t"":2485},{""x"":261,""y"":379,""t"":2537},{""x"":246,""y"":376,""t"":2556},{""x"":186,""y"":403,""t"":2626},{""x"":198,""y"":380,""t"":2677},{""x"":147,""y"":368,""t"":2696},{""x"":140,""y"":359,""t"":2763},{""x"":112,""y"":333,""t"":2814},{""x"":87,""y"":304,""t"":2832},{""x"":136,""y"":352,""t"":2901},{""x"":125,""y"":342,""t"":2924},{""x"":137,""y"":380,""t"":2992},{""x"":169,""y"":429,""t"":3007},{""x"":226,""y"":478,""t"":3050},{""x"":271,""y"":520,""t"":3094},{""x"":301,""y"":560,""t"":3164},{""x"":374,""y"":587,""t"":3214},{""x"":406,""y"":603,""t"":3232},{""x"":419,""y"":663,""t"":3300},{""x"":465,""y"":761,""t"":3351},{""x"":529,""y"":823,""t"":3370},{""x"":569,""y"":822,""t"":3437},{""x"":650,""y"":800,""t"":3491},{""x"":724,""y"":797,""t"":3508},{""x"":756,""y"":744,""t"":3577},{""x"":794,""y"":715,""t"":3628},{""x"":821,""y"":690,""t"":3644},{""x"":832,""y"":645,""t"":3713},{""x"":866,""y"":602,""t"":3766},{""x"":891,""y"":566,""t"":3782},{""x"":876,""y"":558,""t"":3851},{""x"":877,""y"":539,""t"":3877},{""x"":900,""y"":516,""t"":3945},{""x"":915,""y"":522,""t"":3997},{""x"":911,""y"":499,""t"":4013},{""x"":885,""y"":444,""t"":4080},{""x"":845,""y"":428,""t"":4132},{""x"":832,""y"":428,""t"":4149},{""x"":859,""y"":411,""t"":4216},{""x"":791,""y"":368,""t"":4269},{""x"":733,""y"":333,""t"":4284},{""x"":649,""y"":335,""t"":4352},{""x"":595,""y"":331,""t"":4369},{""x"":573,""y"":324,""t"":4412},{""x"":542,""y"":332,""t"":4455},{""x"":576,""y"":300,""t"":4523},{""x"":570,""y"":293,""t"":4576},{""x"":566,""y"":289,""t"":4591},{""x"":565,""y"":303,""t"":4659},{""x"":602,""y"":313,""t"":4715},{""x"":605,""y"":307,""t"":4734},{""x"":608,""y"":306,""t"":4802},{""x"":596,""y"":292,""t"":4852},{""x"":592,""y"":284,""t"":4873},{""x"":608,""y"":297,""t"":4921},{""x"":595,""y"":302,""t"":4966},{""x"":586,""y"":302,""t"":5033},{""x"":627,""y"":303,""t"":5087},{""x"":666,""y"":315,""t"":5106},{""x"":657,""y"":331,""t"":5175},{""x"":639,""y"":333,""t"":5223},{""x"":623,""y"":335,""t"":5241},{""x"":639,""y"":357,""t"":5309},{""x"":637,""y"":349,""t"":5358},{""x"":610,""y"":342,""t"":5376},{""x"":610,""y"":340,""t"":5446},{""x"":607,""y"":364,""t"":5496},{""x"":590,""y"":393,""t"":5513},{""x"":576,""y"":401,""t"":5581},{""x"":603,""y"":397,""t"":5634},{""x"":617,""y"":397,""t"":5648},{""x"":647,""y"":383,""t"":5717},{""x"":648,""y"":357,""t"":5768},{""x"":647,""y"":335,""t"":5783},{""x"":645,""y"":373,""t"":5848}]",0,0.8000006038828251,0.1999993961171749,mcutoff_b-last,0
126-alternatives,0,11,exp_18,0.0,440.7000000029802,0.28,0.17,4.3,8.3,higher_p,higher_m,0,1,alternatives,0.0,False,1.204,1.4110000000000005,-0.2070000000000003,0.0442583094249128,0.6,0.4,0.5,0.5,0.0,0.0,higher_p,higher_p,True,"{""durations"":[1000,1500,1000,1500],""alternatives"":[1,0,1,0],""attributes"":[""all"",""all"",""all"",""all""]}","[{""x"":575,""y"":559,""t"":-22},{""x"":576,""y"":474,""t"":0},{""x"":569,""y"":433,""t"":84},{""x"":582,""y"":405,""t"":119},{""x"":571,""y"":385,""t"":167},{""x"":562,""y"":371,""t"":214},{""x"":530,""y"":359,""t"":282},{""x"":535,""y"":332,""t"":308},{""x"":536,""y"":293,""t"":376},{""x"":558,""y"":281,""t"":429},{""x"":578,""y"":275,""t"":446},{""x"":531,""y"":263,""t"":511},{""x"":489,""y"":222,""t"":562},{""x"":454,""y"":189,""t"":579},{""x"":444,""y"":181,""t"":645},{""x"":429,""y"":175,""t"":663},{""x"":403,""y"":156,""t"":706},{""x"":382,""y"":141,""t"":748},{""x"":347,""y"":154,""t"":815},{""x"":309,""y"":239,""t"":833},{""x"":293,""y"":280,""t"":875},{""x"":298,""y"":333,""t"":917},{""x"":307,""y"":344,""t"":962},{""x"":328,""y"":357,""t"":1030},{""x"":340,""y"":370,""t"":1055},{""x"":323,""y"":362,""t"":1124},{""x"":364,""y"":350,""t"":1175},{""x"":399,""y"":339,""t"":1192},{""x"":400,""y"":319,""t"":1261},{""x"":416,""y"":305,""t"":1312},{""x"":429,""y"":292,""t"":1328},{""x"":576,""y"":264,""t"":1397},{""x"":721,""y"":243,""t"":1447},{""x"":841,""y"":227,""t"":1464},{""x"":891,""y"":253,""t"":1532},{""x"":968,""y"":299,""t"":1582},{""x"":1031,""y"":320,""t"":1599},{""x"":1118,""y"":355,""t"":1668},{""x"":1181,""y"":379,""t"":1718},{""x"":1151,""y"":429,""t"":1735},{""x"":1107,""y"":452,""t"":1803},{""x"":1054,""y"":473,""t"":1851},{""x"":1006,""y"":497,""t"":1871},{""x"":1002,""y"":506,""t"":1939},{""x"":936,""y"":467,""t"":1988},{""x"":898,""y"":428,""t"":2007},{""x"":905,""y"":384,""t"":2076},{""x"":924,""y"":291,""t"":2126},{""x"":901,""y"":264,""t"":2143},{""x"":918,""y"":242,""t"":2212},{""x"":892,""y"":225,""t"":2266},{""x"":870,""y"":214,""t"":2280},{""x"":864,""y"":228,""t"":2348},{""x"":782,""y"":245,""t"":2402},{""x"":713,""y"":261,""t"":2418},{""x"":598,""y"":249,""t"":2486},{""x"":438,""y"":252,""t"":2538},{""x"":324,""y"":216,""t"":2556},{""x"":286,""y"":227,""t"":2625},{""x"":237,""y"":168,""t"":2676},{""x"":178,""y"":174,""t"":2691},{""x"":179,""y"":180,""t"":2759},{""x"":172,""y"":182,""t"":2809},{""x"":154,""y"":222,""t"":2825},{""x"":184,""y"":228,""t"":2902},{""x"":218,""y"":240,""t"":2924},{""x"":173,""y"":275,""t"":3037},{""x"":185,""y"":350,""t"":3084},{""x"":179,""y"":401,""t"":3101},{""x"":190,""y"":468,""t"":3170},{""x"":186,""y"":492,""t"":3221},{""x"":229,""y"":514,""t"":3236},{""x"":291,""y"":517,""t"":3304},{""x"":310,""y"":557,""t"":3354},{""x"":372,""y"":564,""t"":3370},{""x"":445,""y"":614,""t"":3439},{""x"":480,""y"":602,""t"":3488},{""x"":462,""y"":645,""t"":3504},{""x"":495,""y"":674,""t"":3573},{""x"":594,""y"":590,""t"":3623},{""x"":672,""y"":596,""t"":3640},{""x"":755,""y"":517,""t"":3708},{""x"":795,""y"":411,""t"":3758},{""x"":824,""y"":322,""t"":3775},{""x"":852,""y"":247,""t"":3842},{""x"":859,""y"":254,""t"":3893},{""x"":868,""y"":289,""t"":3912},{""x"":876,""y"":300,""t"":3980},{""x"":918,""y"":306,""t"":4029},{""x"":940,""y"":328,""t"":4047},{""x"":916,""y"":303,""t"":4115},{""x"":924,""y"":273,""t"":4165},{""x"":903,""y"":267,""t"":4184},{""x"":895,""y"":259,""t"":4252},{""x"":874,""y"":250,""t"":4302},{""x"":853,""y"":246,""t"":4319},{""x"":842,""y"":288,""t"":4386},{""x"":861,""y"":318,""t"":4404},{""x"":878,""y"":367,""t"":4447},{""x"":873,""y"":400,""t"":4488},{""x"":909,""y"":417,""t"":4531},{""x"":901,""y"":445,""t"":4599},{""x"":921,""y"":470,""t"":4651},{""x"":937,""y"":489,""t"":4669},{""x"":960,""y"":502,""t"":4736},{""x"":975,""y"":524,""t"":4760},{""x"":938,""y"":474,""t"":4828},{""x"":907,""y"":448,""t"":4845},{""x"":894,""y"":401,""t"":4888},{""x"":884,""y"":361,""t"":4931},{""x"":920,""y"":319,""t"":4998},{""x"":897,""y"":340,""t"":5014},{""x"":850,""y"":367,""t"":5057},{""x"":879,""y"":396,""t"":5100},{""x"":847,""y"":417,""t"":5144},{""x"":849,""y"":425,""t"":5215},{""x"":893,""y"":438,""t"":5237},{""x"":914,""y"":456,""t"":5302},{""x"":914,""y"":487,""t"":5319},{""x"":928,""y"":487,""t"":5361},{""x"":861,""y"":453,""t"":5404},{""x"":772,""y"":416,""t"":5447},{""x"":732,""y"":395,""t"":5516},{""x"":743,""y"":489,""t"":5566},{""x"":683,""y"":549,""t"":5584},{""x"":616,""y"":622,""t"":5654},{""x"":592,""y"":673,""t"":5703},{""x"":578,""y"":701,""t"":5720},{""x"":559,""y"":715,""t"":5788},{""x"":553,""y"":690,""t"":5839},{""x"":550,""y"":665,""t"":5855},{""x"":539,""y"":614,""t"":5922},{""x"":542,""y"":569,""t"":5973},{""x"":566,""y"":520,""t"":5987}]",1,0.8000006038828251,0.1999993961171749,mcutoff_b-last,0
126-alternatives,0,13,exp_50,0.0,286.90000000596046,0.49,0.32,6.9,8.2,higher_p,higher_m,0,1,alternatives,0.0,False,3.381,2.624,0.7570000000000006,1.0364678509508771,0.6,0.4,0.5,0.5,0.0,0.0,higher_p,higher_p,True,"{""durations"":[1000,1500,1000,1500],""alternatives"":[1,0,1,0],""attributes"":[""all"",""all"",""all"",""all""]}","[{""x"":597,""y"":740,""t"":-19},{""x"":608,""y"":740,""t"":0},{""x"":613,""y"":690,""t"":71},{""x"":673,""y"":671,""t"":103},{""x"":711,""y"":652,""t"":209},{""x"":702,""y"":611,""t"":239},{""x"":733,""y"":612,""t"":309},{""x"":709,""y"":605,""t"":360},{""x"":662,""y"":592,""t"":380},{""x"":663,""y"":570,""t"":452},{""x"":664,""y"":553,""t"":476},{""x"":612,""y"":538,""t"":552},{""x"":637,""y"":566,""t"":602},{""x"":635,""y"":589,""t"":619},{""x"":612,""y"":636,""t"":688},{""x"":594,""y"":675,""t"":716},{""x"":605,""y"":721,""t"":784},{""x"":622,""y"":686,""t"":836},{""x"":637,""y"":655,""t"":854},{""x"":636,""y"":609,""t"":922},{""x"":641,""y"":540,""t"":974},{""x"":654,""y"":489,""t"":990},{""x"":692,""y"":467,""t"":1061},{""x"":705,""y"":437,""t"":1111},{""x"":743,""y"":413,""t"":1128},{""x"":789,""y"":413,""t"":1196},{""x"":795,""y"":421,""t"":1248},{""x"":825,""y"":429,""t"":1264},{""x"":851,""y"":441,""t"":1332},{""x"":782,""y"":434,""t"":1382},{""x"":752,""y"":440,""t"":1396},{""x"":618,""y"":434,""t"":1463},{""x"":512,""y"":460,""t"":1517},{""x"":424,""y"":483,""t"":1530},{""x"":358,""y"":450,""t"":1598},{""x"":285,""y"":451,""t"":1613},{""x"":234,""y"":456,""t"":1656},{""x"":187,""y"":438,""t"":1697},{""x"":153,""y"":424,""t"":1740},{""x"":163,""y"":416,""t"":1810},{""x"":201,""y"":373,""t"":1860},{""x"":238,""y"":336,""t"":1876},{""x"":363,""y"":299,""t"":1943},{""x"":473,""y"":296,""t"":1995},{""x"":546,""y"":274,""t"":2010},{""x"":658,""y"":293,""t"":2077},{""x"":781,""y"":312,""t"":2129},{""x"":850,""y"":392,""t"":2146},{""x"":903,""y"":466,""t"":2216},{""x"":978,""y"":524,""t"":2267},{""x"":1022,""y"":552,""t"":2284},{""x"":1067,""y"":602,""t"":2353},{""x"":1028,""y"":610,""t"":2409},{""x"":1055,""y"":606,""t"":2431},{""x"":1077,""y"":575,""t"":2483},{""x"":1100,""y"":562,""t"":2561},{""x"":1116,""y"":550,""t"":2585},{""x"":1083,""y"":568,""t"":2671},{""x"":1051,""y"":583,""t"":2692},{""x"":1068,""y"":606,""t"":2767},{""x"":1042,""y"":591,""t"":2788},{""x"":986,""y"":568,""t"":2855},{""x"":986,""y"":576,""t"":2871},{""x"":979,""y"":577,""t"":2915},{""x"":978,""y"":547,""t"":2958},{""x"":992,""y"":571,""t"":3026},{""x"":945,""y"":495,""t"":3043},{""x"":953,""y"":386,""t"":3084},{""x"":967,""y"":292,""t"":3126},{""x"":980,""y"":214,""t"":3169},{""x"":979,""y"":190,""t"":3236},{""x"":1023,""y"":136,""t"":3286},{""x"":1060,""y"":95,""t"":3303},{""x"":1060,""y"":94,""t"":3371},{""x"":1007,""y"":190,""t"":3423},{""x"":995,""y"":291,""t"":3439},{""x"":990,""y"":403,""t"":3506},{""x"":992,""y"":462,""t"":3559},{""x"":993,""y"":509,""t"":3574},{""x"":1000,""y"":555,""t"":3644},{""x"":824,""y"":531,""t"":3699},{""x"":675,""y"":508,""t"":3714},{""x"":556,""y"":493,""t"":3781},{""x"":477,""y"":466,""t"":3833},{""x"":416,""y"":443,""t"":3849},{""x"":340,""y"":457,""t"":3917},{""x"":266,""y"":457,""t"":3968},{""x"":211,""y"":456,""t"":3986},{""x"":219,""y"":426,""t"":4054},{""x"":232,""y"":400,""t"":4081},{""x"":263,""y"":369,""t"":4147},{""x"":255,""y"":339,""t"":4164},{""x"":276,""y"":311,""t"":4206},{""x"":301,""y"":295,""t"":4247},{""x"":342,""y"":271,""t"":4291},{""x"":341,""y"":227,""t"":4360},{""x"":382,""y"":207,""t"":4409},{""x"":381,""y"":214,""t"":4427},{""x"":472,""y"":215,""t"":4495},{""x"":566,""y"":207,""t"":4545},{""x"":644,""y"":201,""t"":4563},{""x"":731,""y"":233,""t"":4631},{""x"":753,""y"":239,""t"":4680},{""x"":737,""y"":228,""t"":4700},{""x"":650,""y"":307,""t"":4766},{""x"":560,""y"":376,""t"":4817},{""x"":482,""y"":433,""t"":4835},{""x"":449,""y"":493,""t"":4902},{""x"":412,""y"":518,""t"":4951},{""x"":382,""y"":536,""t"":4970},{""x"":377,""y"":554,""t"":5040},{""x"":360,""y"":535,""t"":5088},{""x"":357,""y"":543,""t"":5107},{""x"":304,""y"":576,""t"":5175},{""x"":323,""y"":580,""t"":5225},{""x"":342,""y"":582,""t"":5242},{""x"":346,""y"":586,""t"":5309},{""x"":361,""y"":565,""t"":5359},{""x"":402,""y"":581,""t"":5376},{""x"":453,""y"":546,""t"":5449},{""x"":524,""y"":508,""t"":5499},{""x"":582,""y"":476,""t"":5517},{""x"":599,""y"":435,""t"":5584},{""x"":624,""y"":379,""t"":5636},{""x"":597,""y"":385,""t"":5651},{""x"":585,""y"":384,""t"":5719},{""x"":559,""y"":458,""t"":5770},{""x"":593,""y"":527,""t"":5785},{""x"":603,""y"":601,""t"":5852}]",1,0.8000006038828251,0.1999993961171749,mcutoff_b-last,0
126-alternatives,0,14,exp_116,0.0,676.1000000089407,0.49,0.22,4.2,7.9,higher_p,higher_m,0,1,alternatives,0.0,False,2.058,1.738,0.3199999999999998,0.5866799156325714,0.4,0.6,0.5,0.5,1.0,0.0,higher_m,higher_p,True,"{""durations"":[1500,1000,1500,1000],""alternatives"":[1,0,1,0],""attributes"":[""all"",""all"",""all"",""all""]}","[{""x"":741,""y"":849,""t"":-19},{""x"":693,""y"":772,""t"":0},{""x"":648,""y"":689,""t"":71},{""x"":633,""y"":640,""t"":117},{""x"":630,""y"":554,""t"":164},{""x"":585,""y"":534,""t"":211},{""x"":598,""y"":489,""t"":280},{""x"":625,""y"":444,""t"":328},{""x"":642,""y"":455,""t"":347},{""x"":689,""y"":401,""t"":414},{""x"":724,""y"":354,""t"":462},{""x"":738,""y"":343,""t"":480},{""x"":770,""y"":343,""t"":548},{""x"":777,""y"":353,""t"":597},{""x"":780,""y"":359,""t"":615},{""x"":848,""y"":406,""t"":683},{""x"":922,""y"":443,""t"":733},{""x"":961,""y"":496,""t"":750},{""x"":977,""y"":540,""t"":819},{""x"":989,""y"":548,""t"":867},{""x"":960,""y"":546,""t"":886},{""x"":956,""y"":508,""t"":953},{""x"":975,""y"":489,""t"":1004},{""x"":946,""y"":496,""t"":1021},{""x"":918,""y"":513,""t"":1088},{""x"":894,""y"":471,""t"":1105},{""x"":852,""y"":459,""t"":1148},{""x"":786,""y"":445,""t"":1188},{""x"":784,""y"":433,""t"":1236},{""x"":773,""y"":400,""t"":1302},{""x"":779,""y"":398,""t"":1328},{""x"":765,""y"":382,""t"":1395},{""x"":828,""y"":362,""t"":1448},{""x"":832,""y"":362,""t"":1462},{""x"":813,""y"":332,""t"":1530},{""x"":862,""y"":332,""t"":1549},{""x"":858,""y"":328,""t"":1593},{""x"":860,""y"":354,""t"":1636},{""x"":882,""y"":369,""t"":1703},{""x"":909,""y"":409,""t"":1757},{""x"":949,""y"":414,""t"":1773},{""x"":881,""y"":403,""t"":1839},{""x"":730,""y"":415,""t"":1892},{""x"":606,""y"":413,""t"":1907},{""x"":498,""y"":421,""t"":1975},{""x"":424,""y"":416,""t"":2028},{""x"":372,""y"":385,""t"":2044},{""x"":312,""y"":432,""t"":2113},{""x"":283,""y"":482,""t"":2163},{""x"":287,""y"":510,""t"":2180},{""x"":288,""y"":556,""t"":2248},{""x"":271,""y"":571,""t"":2299},{""x"":289,""y"":571,""t"":2315},{""x"":278,""y"":577,""t"":2383},{""x"":312,""y"":609,""t"":2435},{""x"":341,""y"":606,""t"":2451},{""x"":315,""y"":576,""t"":2519},{""x"":321,""y"":552,""t"":2570},{""x"":324,""y"":538,""t"":2587},{""x"":350,""y"":528,""t"":2655},{""x"":392,""y"":544,""t"":2711},{""x"":442,""y"":554,""t"":2726},{""x"":505,""y"":582,""t"":2792},{""x"":576,""y"":564,""t"":2844},{""x"":605,""y"":557,""t"":2859},{""x"":622,""y"":556,""t"":2925},{""x"":669,""y"":539,""t"":2973},{""x"":704,""y"":500,""t"":2993},{""x"":726,""y"":515,""t"":3063},{""x"":769,""y"":543,""t"":3116},{""x"":804,""y"":567,""t"":3132},{""x"":821,""y"":529,""t"":3199},{""x"":765,""y"":505,""t"":3251},{""x"":733,""y"":503,""t"":3266},{""x"":639,""y"":495,""t"":3333},{""x"":568,""y"":496,""t"":3384},{""x"":509,""y"":498,""t"":3401},{""x"":458,""y"":523,""t"":3467},{""x"":433,""y"":512,""t"":3485},{""x"":413,""y"":516,""t"":3525},{""x"":392,""y"":529,""t"":3569},{""x"":385,""y"":514,""t"":3611},{""x"":400,""y"":520,""t"":3679},{""x"":395,""y"":501,""t"":3729},{""x"":392,""y"":485,""t"":3745},{""x"":406,""y"":480,""t"":3812},{""x"":435,""y"":449,""t"":3862},{""x"":461,""y"":423,""t"":3881},{""x"":462,""y"":407,""t"":3947},{""x"":519,""y"":485,""t"":3998},{""x"":571,""y"":549,""t"":4015},{""x"":584,""y"":587,""t"":4081},{""x"":590,""y"":599,""t"":4133},{""x"":601,""y"":590,""t"":4151},{""x"":582,""y"":567,""t"":4218},{""x"":559,""y"":540,""t"":4268},{""x"":516,""y"":544,""t"":4285},{""x"":501,""y"":513,""t"":4354},{""x"":485,""y"":505,""t"":4405},{""x"":471,""y"":498,""t"":4421},{""x"":420,""y"":488,""t"":4489},{""x"":374,""y"":489,""t"":4540},{""x"":348,""y"":491,""t"":4557},{""x"":325,""y"":495,""t"":4624},{""x"":315,""y"":471,""t"":4675},{""x"":309,""y"":452,""t"":4693},{""x"":297,""y"":428,""t"":4758},{""x"":281,""y"":411,""t"":4775},{""x"":264,""y"":405,""t"":4817},{""x"":262,""y"":383,""t"":4858},{""x"":261,""y"":371,""t"":4901},{""x"":278,""y"":365,""t"":4968},{""x"":299,""y"":350,""t"":5019},{""x"":318,""y"":338,""t"":5037},{""x"":353,""y"":336,""t"":5105},{""x"":369,""y"":325,""t"":5157},{""x"":381,""y"":317,""t"":5172},{""x"":501,""y"":318,""t"":5240},{""x"":579,""y"":308,""t"":5293},{""x"":643,""y"":300,""t"":5309},{""x"":738,""y"":312,""t"":5375},{""x"":789,""y"":346,""t"":5427},{""x"":828,""y"":375,""t"":5447},{""x"":848,""y"":360,""t"":5515},{""x"":762,""y"":346,""t"":5566},{""x"":683,""y"":335,""t"":5582},{""x"":652,""y"":327,""t"":5648},{""x"":598,""y"":330,""t"":5700},{""x"":553,""y"":332,""t"":5716},{""x"":507,""y"":351,""t"":5782},{""x"":461,""y"":377,""t"":5844},{""x"":423,""y"":399,""t"":5862},{""x"":385,""y"":383,""t"":5929},{""x"":355,""y"":369,""t"":5950},{""x"":330,""y"":365,""t"":6024},{""x"":328,""y"":350,""t"":6073},{""x"":329,""y"":338,""t"":6090},{""x"":313,""y"":347,""t"":6158},{""x"":312,""y"":374,""t"":6208},{""x"":314,""y"":397,""t"":6225}]",0,0.8000006038828251,0.1999993961171749,mcutoff_b-last,0
126-alternatives,0,15,catch_8,1.0,397.59999999403954,0.22,0.32,3.7,5.0,dominated,dominant,1,1,alternatives,0.0,False,0.8140000000000001,1.6,-0.786,-0.5516849732965938,0.5,0.5,0.5,0.5,,1.0,,dominant,True,"{""durations"":[1250,1250,1250,1250],""attributes"":[""all"",""all"",""all"",""all""],""alternatives"":[0,1,0,1]}","[{""x"":542,""y"":414,""t"":-25},{""x"":555,""y"":345,""t"":0},{""x"":557,""y"":299,""t"":70},{""x"":569,""y"":271,""t"":133},{""x"":578,""y"":250,""t"":175},{""x"":611,""y"":225,""t"":253},{""x"":646,""y"":205,""t"":274},{""x"":665,""y"":189,""t"":345},{""x"":645,""y"":186,""t"":394},{""x"":628,""y"":175,""t"":413},{""x"":698,""y"":222,""t"":484},{""x"":715,""y"":255,""t"":534},{""x"":748,""y"":291,""t"":550},{""x"":776,""y"":320,""t"":620},{""x"":644,""y"":357,""t"":669},{""x"":554,""y"":381,""t"":686},{""x"":474,""y"":393,""t"":756},{""x"":382,""y"":465,""t"":806},{""x"":333,""y"":508,""t"":822},{""x"":296,""y"":479,""t"":890},{""x"":283,""y"":482,""t"":943},{""x"":302,""y"":501,""t"":958},{""x"":286,""y"":465,""t"":1024},{""x"":248,""y"":482,""t"":1075},{""x"":219,""y"":496,""t"":1092},{""x"":224,""y"":478,""t"":1158},{""x"":208,""y"":483,""t"":1210},{""x"":197,""y"":487,""t"":1225},{""x"":178,""y"":529,""t"":1291},{""x"":179,""y"":537,""t"":1311},{""x"":200,""y"":554,""t"":1354},{""x"":220,""y"":567,""t"":1396},{""x"":230,""y"":587,""t"":1465},{""x"":233,""y"":565,""t"":1516},{""x"":236,""y"":545,""t"":1530},{""x"":369,""y"":492,""t"":1598},{""x"":518,""y"":458,""t"":1616},{""x"":616,""y"":396,""t"":1658},{""x"":713,""y"":376,""t"":1700},{""x"":769,""y"":353,""t"":1744},{""x"":834,""y"":362,""t"":1811},{""x"":912,""y"":397,""t"":1859},{""x"":969,""y"":430,""t"":1878},{""x"":1037,""y"":470,""t"":1946},{""x"":1084,""y"":504,""t"":1997},{""x"":1111,""y"":532,""t"":2016},{""x"":1133,""y"":592,""t"":2083},{""x"":1138,""y"":618,""t"":2134},{""x"":1138,""y"":643,""t"":2151},{""x"":1146,""y"":670,""t"":2218},{""x"":1126,""y"":675,""t"":2268},{""x"":1128,""y"":652,""t"":2285},{""x"":1122,""y"":664,""t"":2353},{""x"":970,""y"":642,""t"":2402},{""x"":812,""y"":612,""t"":2420},{""x"":680,""y"":612,""t"":2488},{""x"":564,""y"":616,""t"":2541},{""x"":493,""y"":628,""t"":2558},{""x"":428,""y"":611,""t"":2628},{""x"":358,""y"":537,""t"":2677},{""x"":306,""y"":475,""t"":2693},{""x"":286,""y"":446,""t"":2761},{""x"":285,""y"":453,""t"":2810},{""x"":289,""y"":462,""t"":2827},{""x"":327,""y"":495,""t"":2896},{""x"":390,""y"":538,""t"":2947},{""x"":414,""y"":565,""t"":2964},{""x"":433,""y"":601,""t"":3030},{""x"":422,""y"":617,""t"":3077},{""x"":445,""y"":641,""t"":3096},{""x"":413,""y"":624,""t"":3164},{""x"":388,""y"":593,""t"":3213},{""x"":376,""y"":536,""t"":3231},{""x"":378,""y"":476,""t"":3300},{""x"":357,""y"":475,""t"":3352},{""x"":340,""y"":476,""t"":3367},{""x"":384,""y"":429,""t"":3435},{""x"":506,""y"":418,""t"":3487},{""x"":584,""y"":405,""t"":3503},{""x"":683,""y"":408,""t"":3571},{""x"":754,""y"":429,""t"":3624},{""x"":811,""y"":448,""t"":3641},{""x"":893,""y"":432,""t"":3707},{""x"":951,""y"":429,""t"":3758},{""x"":996,""y"":427,""t"":3775},{""x"":1037,""y"":418,""t"":3842},{""x"":1073,""y"":428,""t"":3860},{""x"":1030,""y"":412,""t"":3903},{""x"":1004,""y"":402,""t"":3945},{""x"":983,""y"":379,""t"":4014},{""x"":978,""y"":401,""t"":4067},{""x"":964,""y"":401,""t"":4082},{""x"":951,""y"":395,""t"":4148},{""x"":930,""y"":364,""t"":4166},{""x"":936,""y"":387,""t"":4208},{""x"":981,""y"":482,""t"":4250},{""x"":980,""y"":541,""t"":4293},{""x"":978,""y"":614,""t"":4360},{""x"":960,""y"":650,""t"":4409},{""x"":946,""y"":674,""t"":4426},{""x"":947,""y"":688,""t"":4499},{""x"":952,""y"":653,""t"":4547},{""x"":957,""y"":621,""t"":4565},{""x"":1003,""y"":555,""t"":4632},{""x"":1012,""y"":526,""t"":4682},{""x"":998,""y"":487,""t"":4699},{""x"":985,""y"":461,""t"":4767},{""x"":977,""y"":435,""t"":4817},{""x"":989,""y"":415,""t"":4834},{""x"":983,""y"":436,""t"":4903},{""x"":971,""y"":412,""t"":4956},{""x"":960,""y"":393,""t"":4973},{""x"":800,""y"":381,""t"":5042},{""x"":673,""y"":348,""t"":5067},{""x"":598,""y"":339,""t"":5136},{""x"":491,""y"":334,""t"":5192},{""x"":410,""y"":339,""t"":5208},{""x"":378,""y"":341,""t"":5276},{""x"":431,""y"":336,""t"":5330},{""x"":501,""y"":326,""t"":5346},{""x"":568,""y"":373,""t"":5412},{""x"":669,""y"":419,""t"":5464},{""x"":755,""y"":458,""t"":5480},{""x"":766,""y"":460,""t"":5550},{""x"":755,""y"":475,""t"":5577},{""x"":740,""y"":487,""t"":5645},{""x"":744,""y"":483,""t"":5700},{""x"":747,""y"":479,""t"":5717},{""x"":734,""y"":483,""t"":5784},{""x"":727,""y"":481,""t"":5835},{""x"":721,""y"":478,""t"":5852},{""x"":680,""y"":544,""t"":5936},{""x"":693,""y"":597,""t"":5951},{""x"":653,""y"":703,""t"":6018}]",1,0.1999993961171749,0.8000006038828251,mcutoff_b-last,0
126-alternatives,0,16,exp_104,0.0,441.3999999910593,0.78,0.4,2.1,3.0,higher_p,higher_m,0,1,alternatives,0.0,False,1.638,1.2000000000000002,0.4379999999999999,0.7081329507986126,0.6,0.4,0.5,0.5,0.0,1.0,higher_p,higher_m,True,"{""durations"":[1500,1000,1500,1000],""alternatives"":[0,1,0,1],""attributes"":[""all"",""all"",""all"",""all""]}","[{""x"":693,""y"":623,""t"":-50},{""x"":730,""y"":584,""t"":0},{""x"":706,""y"":526,""t"":80},{""x"":655,""y"":463,""t"":120},{""x"":601,""y"":403,""t"":169},{""x"":579,""y"":384,""t"":215},{""x"":581,""y"":365,""t"":261},{""x"":584,""y"":348,""t"":303},{""x"":573,""y"":352,""t"":347},{""x"":640,""y"":346,""t"":417},{""x"":711,""y"":339,""t"":466},{""x"":757,""y"":330,""t"":481},{""x"":807,""y"":359,""t"":549},{""x"":896,""y"":404,""t"":598},{""x"":968,""y"":443,""t"":615},{""x"":1014,""y"":490,""t"":683},{""x"":1054,""y"":537,""t"":733},{""x"":1086,""y"":572,""t"":750},{""x"":1127,""y"":612,""t"":818},{""x"":1057,""y"":558,""t"":867},{""x"":1033,""y"":501,""t"":885},{""x"":1004,""y"":477,""t"":952},{""x"":977,""y"":454,""t"":1002},{""x"":951,""y"":411,""t"":1022},{""x"":949,""y"":417,""t"":1091},{""x"":957,""y"":450,""t"":1141},{""x"":963,""y"":440,""t"":1156},{""x"":954,""y"":422,""t"":1226},{""x"":958,""y"":379,""t"":1274},{""x"":962,""y"":343,""t"":1292},{""x"":822,""y"":344,""t"":1362},{""x"":692,""y"":336,""t"":1413},{""x"":573,""y"":344,""t"":1429},{""x"":449,""y"":353,""t"":1495},{""x"":399,""y"":351,""t"":1514},{""x"":325,""y"":346,""t"":1559},{""x"":269,""y"":343,""t"":1600},{""x"":271,""y"":327,""t"":1671},{""x"":386,""y"":337,""t"":1722},{""x"":498,""y"":346,""t"":1739},{""x"":579,""y"":394,""t"":1808},{""x"":649,""y"":435,""t"":1838},{""x"":561,""y"":488,""t"":1919},{""x"":484,""y"":532,""t"":1939},{""x"":482,""y"":578,""t"":2015},{""x"":480,""y"":615,""t"":2074},{""x"":437,""y"":543,""t"":2138},{""x"":401,""y"":471,""t"":2162},{""x"":394,""y"":408,""t"":2218},{""x"":353,""y"":400,""t"":2278},{""x"":320,""y"":360,""t"":2329},{""x"":283,""y"":340,""t"":2376},{""x"":272,""y"":352,""t"":2431},{""x"":278,""y"":371,""t"":2491},{""x"":286,""y"":369,""t"":2587},{""x"":277,""y"":381,""t"":2652},{""x"":260,""y"":405,""t"":2673},{""x"":301,""y"":394,""t"":2730},{""x"":390,""y"":386,""t"":2787},{""x"":438,""y"":379,""t"":2835},{""x"":520,""y"":393,""t"":2877},{""x"":636,""y"":403,""t"":2920},{""x"":727,""y"":434,""t"":2966},{""x"":809,""y"":450,""t"":3037},{""x"":874,""y"":462,""t"":3061},{""x"":914,""y"":443,""t"":3128},{""x"":822,""y"":439,""t"":3188},{""x"":744,""y"":435,""t"":3203},{""x"":648,""y"":427,""t"":3273},{""x"":569,""y"":421,""t"":3299},{""x"":502,""y"":405,""t"":3366},{""x"":527,""y"":397,""t"":3414},{""x"":530,""y"":398,""t"":3434},{""x"":591,""y"":422,""t"":3503},{""x"":665,""y"":501,""t"":3559},{""x"":728,""y"":567,""t"":3577},{""x"":793,""y"":626,""t"":3644},{""x"":812,""y"":627,""t"":3695},{""x"":847,""y"":622,""t"":3710},{""x"":818,""y"":633,""t"":3778},{""x"":693,""y"":633,""t"":3830},{""x"":585,""y"":631,""t"":3847},{""x"":469,""y"":662,""t"":3913},{""x"":390,""y"":707,""t"":3965},{""x"":327,""y"":744,""t"":3982},{""x"":283,""y"":770,""t"":4048},{""x"":270,""y"":771,""t"":4099},{""x"":239,""y"":762,""t"":4117},{""x"":234,""y"":696,""t"":4193},{""x"":234,""y"":639,""t"":4217},{""x"":227,""y"":591,""t"":4283},{""x"":210,""y"":576,""t"":4300},{""x"":218,""y"":564,""t"":4344},{""x"":226,""y"":531,""t"":4386},{""x"":235,""y"":504,""t"":4430},{""x"":247,""y"":495,""t"":4499},{""x"":286,""y"":479,""t"":4523},{""x"":334,""y"":508,""t"":4595},{""x"":379,""y"":510,""t"":4647},{""x"":416,""y"":512,""t"":4667},{""x"":444,""y"":538,""t"":4738},{""x"":467,""y"":561,""t"":4761},{""x"":467,""y"":570,""t"":4829},{""x"":437,""y"":565,""t"":4882},{""x"":410,""y"":561,""t"":4899},{""x"":386,""y"":541,""t"":4967},{""x"":370,""y"":546,""t"":5019},{""x"":356,""y"":550,""t"":5037},{""x"":334,""y"":532,""t"":5109},{""x"":316,""y"":517,""t"":5134},{""x"":341,""y"":532,""t"":5213},{""x"":349,""y"":586,""t"":5237},{""x"":374,""y"":608,""t"":5315},{""x"":402,""y"":657,""t"":5339},{""x"":410,""y"":653,""t"":5431},{""x"":475,""y"":663,""t"":5452},{""x"":516,""y"":673,""t"":5519},{""x"":584,""y"":686,""t"":5596},{""x"":640,""y"":696,""t"":5612},{""x"":649,""y"":705,""t"":5694},{""x"":654,""y"":710,""t"":5713},{""x"":677,""y"":682,""t"":5790},{""x"":751,""y"":653,""t"":5815},{""x"":745,""y"":640,""t"":5883},{""x"":723,""y"":640,""t"":5937},{""x"":708,""y"":644,""t"":5955},{""x"":681,""y"":648,""t"":6023}]",0,0.8000006038828251,0.1999993961171749,mcutoff_b-last,0
126-alternatives,0,17,exp_58,1.0,675.7000000029802,0.41,0.21,1.7999999999999998,6.2,higher_p,higher_m,0,1,alternatives,0.0,False,0.7379999999999999,1.302,-0.5640000000000002,-0.3231885851028555,0.6,0.4,0.5,0.5,0.0,0.0,higher_p,higher_p,False,"{""durations"":[1000,1500,1000,1500],""alternatives"":[1,0,1,0],""attributes"":[""all"",""all"",""all"",""all""]}","[{""x"":748,""y"":590,""t"":-28},{""x"":717,""y"":562,""t"":0},{""x"":684,""y"":540,""t"":89},{""x"":660,""y"":497,""t"":127},{""x"":640,""y"":462,""t"":173},{""x"":608,""y"":437,""t"":247},{""x"":586,""y"":430,""t"":298},{""x"":568,""y"":427,""t"":317},{""x"":638,""y"":408,""t"":389},{""x"":699,""y"":394,""t"":409},{""x"":760,""y"":390,""t"":479},{""x"":783,""y"":402,""t"":529},{""x"":820,""y"":389,""t"":545},{""x"":847,""y"":463,""t"":612},{""x"":894,""y"":532,""t"":628},{""x"":902,""y"":557,""t"":670},{""x"":912,""y"":588,""t"":712},{""x"":954,""y"":597,""t"":756},{""x"":923,""y"":582,""t"":827},{""x"":905,""y"":548,""t"":852},{""x"":941,""y"":528,""t"":921},{""x"":955,""y"":508,""t"":972},{""x"":966,""y"":473,""t"":989},{""x"":974,""y"":461,""t"":1060},{""x"":975,""y"":430,""t"":1109},{""x"":975,""y"":405,""t"":1125},{""x"":984,""y"":409,""t"":1196},{""x"":954,""y"":410,""t"":1246},{""x"":928,""y"":413,""t"":1269},{""x"":763,""y"":392,""t"":1338},{""x"":666,""y"":391,""t"":1361},{""x"":548,""y"":365,""t"":1435},{""x"":453,""y"":343,""t"":1463},{""x"":390,""y"":316,""t"":1529},{""x"":348,""y"":309,""t"":1545},{""x"":292,""y"":408,""t"":1589},{""x"":291,""y"":480,""t"":1630},{""x"":246,""y"":549,""t"":1673},{""x"":226,""y"":611,""t"":1744},{""x"":215,""y"":661,""t"":1770},{""x"":235,""y"":708,""t"":1841},{""x"":328,""y"":703,""t"":1895},{""x"":411,""y"":695,""t"":1909},{""x"":490,""y"":685,""t"":1976},{""x"":590,""y"":666,""t"":2029},{""x"":674,""y"":647,""t"":2046},{""x"":773,""y"":642,""t"":2113},{""x"":814,""y"":582,""t"":2163},{""x"":845,""y"":531,""t"":2179},{""x"":851,""y"":502,""t"":2247},{""x"":867,""y"":490,""t"":2298},{""x"":877,""y"":482,""t"":2315},{""x"":897,""y"":440,""t"":2382},{""x"":924,""y"":423,""t"":2433},{""x"":945,""y"":411,""t"":2450},{""x"":929,""y"":395,""t"":2516},{""x"":915,""y"":408,""t"":2569},{""x"":907,""y"":405,""t"":2584},{""x"":902,""y"":422,""t"":2667},{""x"":896,""y"":437,""t"":2692},{""x"":945,""y"":413,""t"":2765},{""x"":922,""y"":405,""t"":2789},{""x"":956,""y"":413,""t"":2874},{""x"":949,""y"":413,""t"":2894},{""x"":939,""y"":412,""t"":2967},{""x"":903,""y"":430,""t"":2993},{""x"":885,""y"":507,""t"":3062},{""x"":860,""y"":628,""t"":3112},{""x"":846,""y"":731,""t"":3130},{""x"":844,""y"":787,""t"":3199},{""x"":802,""y"":834,""t"":3251},{""x"":780,""y"":853,""t"":3268},{""x"":780,""y"":845,""t"":3336},{""x"":766,""y"":841,""t"":3385},{""x"":739,""y"":851,""t"":3404},{""x"":765,""y"":865,""t"":3474},{""x"":762,""y"":815,""t"":3523},{""x"":760,""y"":769,""t"":3541},{""x"":784,""y"":697,""t"":3612},{""x"":805,""y"":624,""t"":3664},{""x"":823,""y"":563,""t"":3681},{""x"":828,""y"":540,""t"":3748},{""x"":828,""y"":530,""t"":3799},{""x"":796,""y"":525,""t"":3817},{""x"":727,""y"":467,""t"":3888},{""x"":663,""y"":427,""t"":3912},{""x"":580,""y"":366,""t"":3978},{""x"":523,""y"":331,""t"":3995},{""x"":476,""y"":313,""t"":4036},{""x"":429,""y"":331,""t"":4079},{""x"":389,""y"":346,""t"":4122},{""x"":355,""y"":389,""t"":4190},{""x"":330,""y"":435,""t"":4247},{""x"":319,""y"":528,""t"":4266},{""x"":316,""y"":583,""t"":4309},{""x"":325,""y"":633,""t"":4350},{""x"":337,""y"":673,""t"":4394},{""x"":351,""y"":672,""t"":4459},{""x"":388,""y"":702,""t"":4509},{""x"":420,""y"":726,""t"":4525},{""x"":438,""y"":688,""t"":4592},{""x"":435,""y"":646,""t"":4643},{""x"":414,""y"":611,""t"":4660},{""x"":399,""y"":565,""t"":4726},{""x"":361,""y"":547,""t"":4780},{""x"":351,""y"":547,""t"":4795},{""x"":344,""y"":530,""t"":4862},{""x"":357,""y"":545,""t"":4917},{""x"":371,""y"":571,""t"":4935},{""x"":387,""y"":624,""t"":5003},{""x"":419,""y"":640,""t"":5053},{""x"":435,""y"":646,""t"":5072},{""x"":549,""y"":590,""t"":5141},{""x"":669,""y"":542,""t"":5189},{""x"":769,""y"":502,""t"":5206},{""x"":879,""y"":494,""t"":5273},{""x"":944,""y"":491,""t"":5322},{""x"":1008,""y"":480,""t"":5340},{""x"":1071,""y"":456,""t"":5407},{""x"":1110,""y"":462,""t"":5456},{""x"":1135,""y"":469,""t"":5475},{""x"":1135,""y"":456,""t"":5542},{""x"":1133,""y"":456,""t"":5590},{""x"":1126,""y"":458,""t"":5612},{""x"":1073,""y"":447,""t"":5680},{""x"":1043,""y"":473,""t"":5729},{""x"":1011,""y"":510,""t"":5748},{""x"":962,""y"":497,""t"":5819},{""x"":961,""y"":520,""t"":5872},{""x"":961,""y"":539,""t"":5892},{""x"":928,""y"":536,""t"":5958},{""x"":874,""y"":563,""t"":6011},{""x"":835,""y"":580,""t"":6026},{""x"":788,""y"":613,""t"":6092},{""x"":769,""y"":659,""t"":6143},{""x"":755,""y"":697,""t"":6159}]",0,0.8000006038828251,0.1999993961171749,mcutoff_b-last,0
126-alternatives,0,20,exp_46,1.0,282.8999999910593,0.81,0.48,1.6999999999999995,7.9,higher_p,higher_m,0,1,alternatives,0.0,False,1.3769999999999998,3.792,-2.415,-2.2283544163938904,0.4,0.6,0.5,0.5,1.0,1.0,higher_m,higher_m,False,"{""durations"":[1000,1500,1000,1500],""alternatives"":[0,1,0,1],""attributes"":[""all"",""all"",""all"",""all""]}","[{""x"":486,""y"":543,""t"":-19},{""x"":461,""y"":554,""t"":0},{""x"":488,""y"":496,""t"":78},{""x"":537,""y"":454,""t"":130},{""x"":592,""y"":427,""t"":181},{""x"":649,""y"":404,""t"":249},{""x"":697,""y"":387,""t"":273},{""x"":725,""y"":391,""t"":338},{""x"":737,""y"":403,""t"":355},{""x"":692,""y"":393,""t"":397},{""x"":598,""y"":428,""t"":440},{""x"":527,""y"":477,""t"":482},{""x"":436,""y"":518,""t"":551},{""x"":432,""y"":556,""t"":601},{""x"":440,""y"":588,""t"":617},{""x"":404,""y"":626,""t"":686},{""x"":378,""y"":597,""t"":737},{""x"":335,""y"":584,""t"":752},{""x"":318,""y"":588,""t"":822},{""x"":312,""y"":561,""t"":870},{""x"":343,""y"":516,""t"":886},{""x"":337,""y"":479,""t"":955},{""x"":455,""y"":480,""t"":1003},{""x"":556,""y"":482,""t"":1020},{""x"":640,""y"":499,""t"":1090},{""x"":725,""y"":477,""t"":1140},{""x"":794,""y"":459,""t"":1158},{""x"":826,""y"":419,""t"":1227},{""x"":842,""y"":405,""t"":1277},{""x"":896,""y"":387,""t"":1294},{""x"":878,""y"":412,""t"":1363},{""x"":942,""y"":441,""t"":1412},{""x"":992,""y"":498,""t"":1430},{""x"":1038,""y"":547,""t"":1496},{""x"":1071,""y"":578,""t"":1514},{""x"":1120,""y"":587,""t"":1555},{""x"":1128,""y"":599,""t"":1596},{""x"":1148,""y"":615,""t"":1639},{""x"":1124,""y"":588,""t"":1706},{""x"":1034,""y"":582,""t"":1757},{""x"":955,""y"":577,""t"":1774},{""x"":942,""y"":565,""t"":1839},{""x"":879,""y"":578,""t"":1892},{""x"":827,""y"":589,""t"":1907},{""x"":790,""y"":586,""t"":1974},{""x"":796,""y"":539,""t"":2025},{""x"":804,""y"":498,""t"":2041},{""x"":823,""y"":469,""t"":2108},{""x"":825,""y"":436,""t"":2158},{""x"":828,""y"":409,""t"":2177},{""x"":685,""y"":462,""t"":2242},{""x"":564,""y"":509,""t"":2258},{""x"":496,""y"":509,""t"":2327},{""x"":419,""y"":541,""t"":2347},{""x"":324,""y"":555,""t"":2414},{""x"":293,""y"":526,""t"":2429},{""x"":267,""y"":506,""t"":2472},{""x"":212,""y"":468,""t"":2513},{""x"":170,""y"":436,""t"":2555},{""x"":143,""y"":457,""t"":2629},{""x"":123,""y"":483,""t"":2653},{""x"":122,""y"":520,""t"":2721},{""x"":104,""y"":496,""t"":2775},{""x"":113,""y"":455,""t"":2792},{""x"":142,""y"":445,""t"":2859},{""x"":165,""y"":446,""t"":2908},{""x"":182,""y"":469,""t"":2926},{""x"":227,""y"":510,""t"":2991},{""x"":237,""y"":607,""t"":3009},{""x"":299,""y"":623,""t"":3050},{""x"":297,""y"":667,""t"":3091},{""x"":308,""y"":680,""t"":3135},{""x"":346,""y"":702,""t"":3203},{""x"":359,""y"":712,""t"":3254},{""x"":369,""y"":718,""t"":3269},{""x"":389,""y"":701,""t"":3338},{""x"":384,""y"":673,""t"":3387},{""x"":378,""y"":647,""t"":3401},{""x"":384,""y"":623,""t"":3472},{""x"":363,""y"":619,""t"":3522},{""x"":360,""y"":627,""t"":3538},{""x"":370,""y"":565,""t"":3604},{""x"":393,""y"":513,""t"":3624},{""x"":393,""y"":475,""t"":3666},{""x"":396,""y"":482,""t"":3707},{""x"":393,""y"":485,""t"":3776},{""x"":395,""y"":505,""t"":3828},{""x"":412,""y"":501,""t"":3844},{""x"":418,""y"":524,""t"":3910},{""x"":446,""y"":518,""t"":3928},{""x"":540,""y"":542,""t"":3969},{""x"":610,""y"":497,""t"":4011},{""x"":676,""y"":494,""t"":4055},{""x"":743,""y"":471,""t"":4123},{""x"":822,""y"":454,""t"":4173},{""x"":884,""y"":441,""t"":4191},{""x"":905,""y"":463,""t"":4258},{""x"":917,""y"":484,""t"":4286},{""x"":944,""y"":540,""t"":4354},{""x"":968,""y"":577,""t"":4404},{""x"":984,""y"":607,""t"":4421},{""x"":985,""y"":595,""t"":4486},{""x"":1014,""y"":563,""t"":4504},{""x"":1008,""y"":579,""t"":4546},{""x"":1002,""y"":546,""t"":4588},{""x"":995,""y"":517,""t"":4631},{""x"":980,""y"":529,""t"":4701},{""x"":1006,""y"":507,""t"":4751},{""x"":1026,""y"":490,""t"":4768},{""x"":1031,""y"":463,""t"":4837},{""x"":994,""y"":546,""t"":4886},{""x"":1014,""y"":595,""t"":4904},{""x"":996,""y"":611,""t"":4971},{""x"":1020,""y"":640,""t"":5023},{""x"":1023,""y"":660,""t"":5041},{""x"":1012,""y"":686,""t"":5109},{""x"":967,""y"":708,""t"":5134},{""x"":938,""y"":707,""t"":5204},{""x"":935,""y"":735,""t"":5260},{""x"":933,""y"":757,""t"":5274},{""x"":942,""y"":766,""t"":5342},{""x"":909,""y"":738,""t"":5394},{""x"":890,""y"":710,""t"":5410},{""x"":855,""y"":678,""t"":5481},{""x"":865,""y"":646,""t"":5534},{""x"":876,""y"":618,""t"":5550},{""x"":814,""y"":653,""t"":5617},{""x"":810,""y"":639,""t"":5669},{""x"":809,""y"":628,""t"":5685},{""x"":802,""y"":619,""t"":5752},{""x"":794,""y"":614,""t"":5804},{""x"":801,""y"":601,""t"":5819}]",1,0.8000006038828251,0.1999993961171749,mcutoff_b-last,0
126-alternatives,0,21,exp_94,1.0,769.8999999910593,0.5,0.38,3.0,4.0,higher_p,higher_m,0,1,alternatives,0.0,False,1.5,1.52,-0.02,0.2367304922727919,0.4,0.6,0.5,0.5,1.0,1.0,higher_m,higher_m,False,"{""durations"":[1000,1500,1000,1500],""alternatives"":[0,1,0,1],""attributes"":[""all"",""all"",""all"",""all""]}","[{""x"":680,""y"":579,""t"":-43},{""x"":641,""y"":552,""t"":0},{""x"":648,""y"":541,""t"":79},{""x"":622,""y"":498,""t"":132},{""x"":607,""y"":455,""t"":186},{""x"":572,""y"":444,""t"":229},{""x"":582,""y"":431,""t"":270},{""x"":593,""y"":422,""t"":314},{""x"":673,""y"":407,""t"":383},{""x"":727,""y"":411,""t"":409},{""x"":765,""y"":409,""t"":478},{""x"":836,""y"":400,""t"":529},{""x"":880,""y"":443,""t"":546},{""x"":936,""y"":563,""t"":613},{""x"":981,""y"":604,""t"":668},{""x"":1016,""y"":637,""t"":683},{""x"":1038,""y"":689,""t"":750},{""x"":1065,""y"":695,""t"":801},{""x"":1085,""y"":697,""t"":817},{""x"":1071,""y"":721,""t"":884},{""x"":960,""y"":687,""t"":934},{""x"":848,""y"":650,""t"":952},{""x"":836,""y"":612,""t"":1018},{""x"":843,""y"":584,""t"":1037},{""x"":807,""y"":563,""t"":1080},{""x"":784,""y"":567,""t"":1124},{""x"":825,""y"":532,""t"":1193},{""x"":871,""y"":499,""t"":1247},{""x"":895,""y"":467,""t"":1263},{""x"":743,""y"":466,""t"":1333},{""x"":628,""y"":492,""t"":1361},{""x"":534,""y"":455,""t"":1427},{""x"":452,""y"":499,""t"":1444},{""x"":396,""y"":529,""t"":1485},{""x"":343,""y"":536,""t"":1528},{""x"":304,""y"":542,""t"":1572},{""x"":283,""y"":544,""t"":1640},{""x"":242,""y"":499,""t"":1691},{""x"":209,""y"":487,""t"":1707},{""x"":191,""y"":491,""t"":1775},{""x"":195,""y"":532,""t"":1826},{""x"":202,""y"":566,""t"":1845},{""x"":219,""y"":563,""t"":1913},{""x"":198,""y"":563,""t"":1964},{""x"":201,""y"":556,""t"":1978},{""x"":363,""y"":533,""t"":2046},{""x"":533,""y"":510,""t"":2099},{""x"":676,""y"":491,""t"":2115},{""x"":796,""y"":473,""t"":2182},{""x"":855,""y"":453,""t"":2232},{""x"":898,""y"":437,""t"":2248},{""x"":879,""y"":425,""t"":2315},{""x"":873,""y"":390,""t"":2367},{""x"":862,""y"":361,""t"":2383},{""x"":873,""y"":361,""t"":2449},{""x"":939,""y"":370,""t"":2501},{""x"":993,""y"":327,""t"":2516},{""x"":988,""y"":335,""t"":2585},{""x"":981,""y"":320,""t"":2638},{""x"":963,""y"":331,""t"":2655},{""x"":967,""y"":325,""t"":2722},{""x"":981,""y"":339,""t"":2777},{""x"":964,""y"":346,""t"":2792},{""x"":931,""y"":345,""t"":2861},{""x"":907,""y"":357,""t"":2909},{""x"":886,""y"":367,""t"":2925},{""x"":892,""y"":398,""t"":2991},{""x"":926,""y"":397,""t"":3009},{""x"":891,""y"":382,""t"":3050},{""x"":843,""y"":497,""t"":3091},{""x"":781,""y"":621,""t"":3134},{""x"":734,""y"":646,""t"":3201},{""x"":716,""y"":732,""t"":3250},{""x"":727,""y"":808,""t"":3267},{""x"":773,""y"":800,""t"":3335},{""x"":773,""y"":831,""t"":3384},{""x"":786,""y"":836,""t"":3402},{""x"":780,""y"":876,""t"":3469},{""x"":783,""y"":881,""t"":3519},{""x"":786,""y"":881,""t"":3537},{""x"":746,""y"":871,""t"":3605},{""x"":699,""y"":818,""t"":3656},{""x"":640,""y"":779,""t"":3675},{""x"":549,""y"":707,""t"":3744},{""x"":530,""y"":658,""t"":3794},{""x"":525,""y"":611,""t"":3811},{""x"":448,""y"":583,""t"":3878},{""x"":400,""y"":596,""t"":3928},{""x"":362,""y"":608,""t"":3945},{""x"":351,""y"":555,""t"":4013},{""x"":330,""y"":493,""t"":4065},{""x"":316,""y"":442,""t"":4081},{""x"":310,""y"":409,""t"":4148},{""x"":298,""y"":444,""t"":4163},{""x"":309,""y"":475,""t"":4206},{""x"":304,""y"":493,""t"":4249},{""x"":302,""y"":503,""t"":4293},{""x"":299,""y"":525,""t"":4359},{""x"":290,""y"":566,""t"":4413},{""x"":284,""y"":601,""t"":4428},{""x"":279,""y"":632,""t"":4494},{""x"":274,""y"":644,""t"":4544},{""x"":271,""y"":654,""t"":4561},{""x"":277,""y"":669,""t"":4630},{""x"":342,""y"":654,""t"":4681},{""x"":398,""y"":640,""t"":4697},{""x"":513,""y"":627,""t"":4763},{""x"":623,""y"":629,""t"":4817},{""x"":689,""y"":619,""t"":4860},{""x"":793,""y"":631,""t"":4910},{""x"":849,""y"":610,""t"":4954},{""x"":879,""y"":626,""t"":4995},{""x"":899,""y"":639,""t"":5038},{""x"":908,""y"":634,""t"":5107},{""x"":911,""y"":663,""t"":5156},{""x"":909,""y"":638,""t"":5173},{""x"":895,""y"":657,""t"":5239},{""x"":884,""y"":627,""t"":5288},{""x"":887,""y"":628,""t"":5306},{""x"":880,""y"":634,""t"":5377},{""x"":865,""y"":647,""t"":5429},{""x"":859,""y"":664,""t"":5446},{""x"":828,""y"":666,""t"":5513},{""x"":821,""y"":659,""t"":5566},{""x"":790,""y"":675,""t"":5583},{""x"":765,""y"":704,""t"":5652},{""x"":792,""y"":738,""t"":5700},{""x"":836,""y"":758,""t"":5715},{""x"":851,""y"":770,""t"":5783},{""x"":868,""y"":801,""t"":5832},{""x"":867,""y"":810,""t"":5848},{""x"":866,""y"":757,""t"":5920},{""x"":791,""y"":714,""t"":5971},{""x"":709,""y"":696,""t"":5986},{""x"":662,""y"":733,""t"":6055},{""x"":630,""y"":786,""t"":6106},{""x"":605,""y"":831,""t"":6121},{""x"":575,""y"":828,""t"":6186},{""x"":574,""y"":853,""t"":6202},{""x"":628,""y"":863,""t"":6245},{""x"":611,""y"":848,""t"":6286},{""x"":625,""y"":810,""t"":6328}]",0,0.8000006038828251,0.1999993961171749,mcutoff_b-last,0
126-alternatives,0,23,exp_108,0.0,440.8999999910593,0.78,0.4,2.1,3.0,higher_p,higher_m,0,1,alternatives,0.0,False,1.638,1.2000000000000002,0.4379999999999999,0.7081329507986126,0.4,0.6,0.5,0.5,1.0,0.0,higher_m,higher_p,True,"{""durations"":[1500,1000,1500,1000],""alternatives"":[1,0,1,0],""attributes"":[""all"",""all"",""all"",""all""]}","[{""x"":511,""y"":454,""t"":-24},{""x"":494,""y"":448,""t"":0},{""x"":489,""y"":461,""t"":81},{""x"":516,""y"":438,""t"":154},{""x"":542,""y"":419,""t"":174},{""x"":552,""y"":442,""t"":244},{""x"":556,""y"":444,""t"":296},{""x"":559,""y"":447,""t"":311},{""x"":564,""y"":434,""t"":379},{""x"":613,""y"":408,""t"":433},{""x"":654,""y"":386,""t"":448},{""x"":662,""y"":402,""t"":514},{""x"":719,""y"":424,""t"":567},{""x"":765,""y"":444,""t"":582},{""x"":794,""y"":454,""t"":647},{""x"":826,""y"":476,""t"":700},{""x"":860,""y"":482,""t"":716},{""x"":915,""y"":572,""t"":782},{""x"":961,""y"":604,""t"":797},{""x"":1022,""y"":611,""t"":839},{""x"":1043,""y"":596,""t"":882},{""x"":1043,""y"":609,""t"":924},{""x"":1089,""y"":597,""t"":992},{""x"":1124,""y"":585,""t"":1022},{""x"":1064,""y"":609,""t"":1090},{""x"":1052,""y"":619,""t"":1139},{""x"":1003,""y"":617,""t"":1193},{""x"":953,""y"":552,""t"":1262},{""x"":932,""y"":482,""t"":1314},{""x"":913,""y"":451,""t"":1332},{""x"":901,""y"":468,""t"":1399},{""x"":898,""y"":484,""t"":1450},{""x"":876,""y"":486,""t"":1466},{""x"":915,""y"":514,""t"":1535},{""x"":904,""y"":591,""t"":1587},{""x"":895,""y"":657,""t"":1603},{""x"":898,""y"":658,""t"":1672},{""x"":929,""y"":667,""t"":1722},{""x"":991,""y"":661,""t"":1739},{""x"":819,""y"":663,""t"":1806},{""x"":665,""y"":661,""t"":1855},{""x"":535,""y"":658,""t"":1871},{""x"":469,""y"":666,""t"":1938},{""x"":383,""y"":671,""t"":1988},{""x"":316,""y"":675,""t"":2006},{""x"":260,""y"":669,""t"":2074},{""x"":231,""y"":647,""t"":2089},{""x"":239,""y"":613,""t"":2132},{""x"":232,""y"":582,""t"":2173},{""x"":241,""y"":556,""t"":2214},{""x"":215,""y"":539,""t"":2284},{""x"":231,""y"":523,""t"":2334},{""x"":255,""y"":521,""t"":2349},{""x"":239,""y"":507,""t"":2417},{""x"":244,""y"":474,""t"":2467},{""x"":258,""y"":479,""t"":2483},{""x"":285,""y"":466,""t"":2550},{""x"":385,""y"":449,""t"":2567},{""x"":470,""y"":421,""t"":2611},{""x"":541,""y"":399,""t"":2653},{""x"":638,""y"":423,""t"":2720},{""x"":788,""y"":434,""t"":2773},{""x"":911,""y"":444,""t"":2788},{""x"":969,""y"":441,""t"":2856},{""x"":1038,""y"":423,""t"":2872},{""x"":1049,""y"":437,""t"":2914},{""x"":1030,""y"":428,""t"":2955},{""x"":991,""y"":431,""t"":2998},{""x"":976,""y"":431,""t"":3065},{""x"":991,""y"":418,""t"":3116},{""x"":1001,""y"":408,""t"":3133},{""x"":991,""y"":406,""t"":3201},{""x"":951,""y"":522,""t"":3252},{""x"":888,""y"":610,""t"":3268},{""x"":866,""y"":647,""t"":3336},{""x"":851,""y"":722,""t"":3389},{""x"":855,""y"":789,""t"":3404},{""x"":858,""y"":821,""t"":3477},{""x"":849,""y"":840,""t"":3503},{""x"":827,""y"":848,""t"":3571},{""x"":821,""y"":825,""t"":3625},{""x"":817,""y"":824,""t"":3641},{""x"":807,""y"":828,""t"":3710},{""x"":833,""y"":813,""t"":3759},{""x"":856,""y"":798,""t"":3776},{""x"":855,""y"":807,""t"":3844},{""x"":844,""y"":757,""t"":3894},{""x"":791,""y"":662,""t"":3910},{""x"":795,""y"":606,""t"":3978},{""x"":811,""y"":551,""t"":3994},{""x"":818,""y"":520,""t"":4037},{""x"":834,""y"":472,""t"":4078},{""x"":874,""y"":446,""t"":4122},{""x"":886,""y"":462,""t"":4191},{""x"":865,""y"":466,""t"":4241},{""x"":828,""y"":495,""t"":4258},{""x"":693,""y"":476,""t"":4324},{""x"":608,""y"":453,""t"":4375},{""x"":512,""y"":439,""t"":4390},{""x"":461,""y"":419,""t"":4458},{""x"":404,""y"":411,""t"":4508},{""x"":360,""y"":407,""t"":4524},{""x"":342,""y"":407,""t"":4591},{""x"":292,""y"":454,""t"":4646},{""x"":255,""y"":495,""t"":4662},{""x"":218,""y"":517,""t"":4728},{""x"":262,""y"":523,""t"":4782},{""x"":299,""y"":536,""t"":4797},{""x"":374,""y"":585,""t"":4864},{""x"":463,""y"":636,""t"":4916},{""x"":515,""y"":679,""t"":4930},{""x"":513,""y"":703,""t"":4998},{""x"":502,""y"":729,""t"":5014},{""x"":549,""y"":736,""t"":5058},{""x"":578,""y"":715,""t"":5100},{""x"":601,""y"":695,""t"":5142},{""x"":675,""y"":712,""t"":5214},{""x"":708,""y"":705,""t"":5237},{""x"":728,""y"":679,""t"":5303},{""x"":771,""y"":694,""t"":5320},{""x"":730,""y"":658,""t"":5362},{""x"":709,""y"":670,""t"":5406},{""x"":644,""y"":651,""t"":5447},{""x"":622,""y"":627,""t"":5521},{""x"":603,""y"":607,""t"":5542},{""x"":553,""y"":594,""t"":5611},{""x"":507,""y"":582,""t"":5661},{""x"":469,""y"":572,""t"":5679},{""x"":465,""y"":598,""t"":5747},{""x"":444,""y"":578,""t"":5796},{""x"":458,""y"":551,""t"":5815},{""x"":448,""y"":534,""t"":5891},{""x"":432,""y"":522,""t"":5917},{""x"":428,""y"":517,""t"":5984},{""x"":536,""y"":531,""t"":6000},{""x"":569,""y"":588,""t"":6043},{""x"":622,""y"":607,""t"":6084}]",0,0.8000006038828251,0.1999993961171749,mcutoff_b-last,0
126-alternatives,0,24,exp_68,0.0,686.6000000089407,0.72,0.51,4.2,5.2,higher_p,higher_m,0,1,alternatives,0.0,False,3.024,2.652,0.3719999999999999,0.64020159214642,0.4,0.6,0.5,0.5,1.0,0.0,higher_m,higher_p,True,"{""durations"":[1500,1000,1500,1000],""alternatives"":[1,0,1,0],""attributes"":[""all"",""all"",""all"",""all""]}","[{""x"":646,""y"":523,""t"":-25},{""x"":616,""y"":504,""t"":0},{""x"":588,""y"":462,""t"":69},{""x"":596,""y"":410,""t"":138},{""x"":604,""y"":368,""t"":170},{""x"":600,""y"":332,""t"":247},{""x"":597,""y"":305,""t"":273},{""x"":590,""y"":284,""t"":344},{""x"":561,""y"":281,""t"":394},{""x"":556,""y"":279,""t"":411},{""x"":512,""y"":299,""t"":480},{""x"":469,""y"":325,""t"":534},{""x"":433,""y"":349,""t"":551},{""x"":390,""y"":368,""t"":618},{""x"":317,""y"":417,""t"":670},{""x"":258,""y"":457,""t"":685},{""x"":226,""y"":500,""t"":759},{""x"":203,""y"":534,""t"":783},{""x"":198,""y"":525,""t"":851},{""x"":218,""y"":578,""t"":903},{""x"":204,""y"":595,""t"":919},{""x"":200,""y"":586,""t"":986},{""x"":219,""y"":540,""t"":1040},{""x"":267,""y"":489,""t"":1057},{""x"":220,""y"":486,""t"":1126},{""x"":278,""y"":457,""t"":1180},{""x"":327,""y"":433,""t"":1195},{""x"":485,""y"":422,""t"":1263},{""x"":624,""y"":417,""t"":1318},{""x"":740,""y"":414,""t"":1335},{""x"":865,""y"":384,""t"":1404},{""x"":965,""y"":359,""t"":1429},{""x"":943,""y"":361,""t"":1498},{""x"":943,""y"":357,""t"":1550},{""x"":937,""y"":355,""t"":1566},{""x"":967,""y"":341,""t"":1632},{""x"":973,""y"":338,""t"":1649},{""x"":970,""y"":341,""t"":1692},{""x"":980,""y"":342,""t"":1736},{""x"":973,""y"":339,""t"":1805},{""x"":984,""y"":372,""t"":1856},{""x"":991,""y"":401,""t"":1873},{""x"":1005,""y"":417,""t"":1943},{""x"":1033,""y"":456,""t"":1994},{""x"":1055,""y"":489,""t"":2010},{""x"":1044,""y"":547,""t"":2080},{""x"":1042,""y"":548,""t"":2129},{""x"":1012,""y"":566,""t"":2149},{""x"":1035,""y"":551,""t"":2219},{""x"":1031,""y"":544,""t"":2269},{""x"":1045,""y"":534,""t"":2286},{""x"":953,""y"":555,""t"":2354},{""x"":806,""y"":514,""t"":2404},{""x"":681,""y"":478,""t"":2419},{""x"":565,""y"":459,""t"":2492},{""x"":471,""y"":444,""t"":2516},{""x"":407,""y"":427,""t"":2585},{""x"":362,""y"":449,""t"":2634},{""x"":330,""y"":445,""t"":2653},{""x"":427,""y"":416,""t"":2720},{""x"":504,""y"":401,""t"":2736},{""x"":572,""y"":396,""t"":2779},{""x"":571,""y"":374,""t"":2820},{""x"":499,""y"":368,""t"":2863},{""x"":437,""y"":362,""t"":2932},{""x"":423,""y"":362,""t"":2984},{""x"":414,""y"":363,""t"":2999},{""x"":406,""y"":473,""t"":3066},{""x"":422,""y"":579,""t"":3096},{""x"":451,""y"":642,""t"":3165},{""x"":457,""y"":677,""t"":3217},{""x"":462,""y"":704,""t"":3233},{""x"":452,""y"":710,""t"":3300},{""x"":379,""y"":755,""t"":3351},{""x"":350,""y"":778,""t"":3366},{""x"":322,""y"":757,""t"":3431},{""x"":301,""y"":737,""t"":3448},{""x"":287,""y"":726,""t"":3516},{""x"":276,""y"":716,""t"":3537},{""x"":276,""y"":683,""t"":3604},{""x"":282,""y"":629,""t"":3620},{""x"":261,""y"":628,""t"":3663},{""x"":262,""y"":606,""t"":3706},{""x"":269,""y"":631,""t"":3749},{""x"":273,""y"":629,""t"":3819},{""x"":278,""y"":627,""t"":3843},{""x"":372,""y"":582,""t"":3909},{""x"":466,""y"":562,""t"":3925},{""x"":550,""y"":576,""t"":3968},{""x"":662,""y"":611,""t"":4012},{""x"":747,""y"":675,""t"":4083},{""x"":811,""y"":697,""t"":4134},{""x"":895,""y"":715,""t"":4151},{""x"":898,""y"":687,""t"":4218},{""x"":910,""y"":681,""t"":4270},{""x"":898,""y"":688,""t"":4289},{""x"":927,""y"":685,""t"":4357},{""x"":923,""y"":673,""t"":4398},{""x"":922,""y"":692,""t"":4442},{""x"":906,""y"":700,""t"":4485},{""x"":933,""y"":691,""t"":4543},{""x"":928,""y"":612,""t"":4584},{""x"":923,""y"":545,""t"":4627},{""x"":899,""y"":523,""t"":4695},{""x"":891,""y"":478,""t"":4745},{""x"":884,""y"":443,""t"":4760},{""x"":878,""y"":409,""t"":4830},{""x"":863,""y"":425,""t"":4880},{""x"":850,""y"":442,""t"":4897},{""x"":787,""y"":447,""t"":4965},{""x"":645,""y"":467,""t"":5016},{""x"":525,""y"":486,""t"":5034},{""x"":444,""y"":488,""t"":5102},{""x"":368,""y"":489,""t"":5154},{""x"":297,""y"":492,""t"":5170},{""x"":261,""y"":513,""t"":5237},{""x"":215,""y"":507,""t"":5290},{""x"":182,""y"":501,""t"":5306},{""x"":151,""y"":478,""t"":5373},{""x"":184,""y"":468,""t"":5425},{""x"":217,""y"":461,""t"":5441},{""x"":222,""y"":438,""t"":5507},{""x"":222,""y"":428,""t"":5524},{""x"":219,""y"":423,""t"":5564},{""x"":232,""y"":410,""t"":5609},{""x"":244,""y"":400,""t"":5653},{""x"":368,""y"":383,""t"":5720},{""x"":441,""y"":377,""t"":5770},{""x"":501,""y"":373,""t"":5788},{""x"":623,""y"":351,""t"":5858},{""x"":723,""y"":334,""t"":5883},{""x"":768,""y"":367,""t"":5949},{""x"":771,""y"":362,""t"":5965},{""x"":792,""y"":376,""t"":6033},{""x"":798,""y"":373,""t"":6054},{""x"":805,""y"":419,""t"":6119},{""x"":770,""y"":445,""t"":6135},{""x"":736,""y"":470,""t"":6178},{""x"":684,""y"":501,""t"":6221},{""x"":638,""y"":525,""t"":6261}]",0,0.8000006038828251,0.1999993961171749,mcutoff_b-last,0
126-alternatives,0,25,exp_40,1.0,310.5,0.81,0.48,1.6999999999999995,7.9,higher_p,higher_m,0,1,alternatives,0.0,False,1.3769999999999998,3.792,-2.415,-2.2283544163938904,0.6,0.4,0.5,0.5,0.0,1.0,higher_p,higher_m,False,"{""durations"":[1500,1000,1500,1000],""alternatives"":[0,1,0,1],""attributes"":[""all"",""all"",""all"",""all""]}","[{""x"":547,""y"":365,""t"":-20},{""x"":493,""y"":364,""t"":0},{""x"":505,""y"":350,""t"":69},{""x"":461,""y"":319,""t"":124},{""x"":428,""y"":292,""t"":152},{""x"":453,""y"":261,""t"":258},{""x"":493,""y"":265,""t"":276},{""x"":521,""y"":260,""t"":346},{""x"":654,""y"":290,""t"":396},{""x"":737,""y"":286,""t"":413},{""x"":848,""y"":313,""t"":483},{""x"":916,""y"":383,""t"":533},{""x"":970,""y"":444,""t"":550},{""x"":988,""y"":485,""t"":618},{""x"":1021,""y"":546,""t"":669},{""x"":1044,""y"":596,""t"":685},{""x"":1079,""y"":635,""t"":753},{""x"":1079,""y"":655,""t"":805},{""x"":1075,""y"":668,""t"":821},{""x"":1055,""y"":668,""t"":889},{""x"":1010,""y"":613,""t"":939},{""x"":970,""y"":564,""t"":954},{""x"":946,""y"":544,""t"":1021},{""x"":964,""y"":551,""t"":1072},{""x"":944,""y"":529,""t"":1088},{""x"":936,""y"":521,""t"":1156},{""x"":765,""y"":482,""t"":1205},{""x"":621,""y"":474,""t"":1224},{""x"":520,""y"":444,""t"":1291},{""x"":438,""y"":420,""t"":1307},{""x"":354,""y"":376,""t"":1374},{""x"":288,""y"":339,""t"":1394},{""x"":250,""y"":350,""t"":1461},{""x"":225,""y"":361,""t"":1477},{""x"":188,""y"":363,""t"":1543},{""x"":163,""y"":366,""t"":1564},{""x"":146,""y"":369,""t"":1632},{""x"":148,""y"":361,""t"":1684},{""x"":155,""y"":354,""t"":1701},{""x"":160,""y"":343,""t"":1769},{""x"":172,""y"":366,""t"":1821},{""x"":185,""y"":387,""t"":1838},{""x"":211,""y"":410,""t"":1905},{""x"":237,""y"":423,""t"":1955},{""x"":259,""y"":435,""t"":1973},{""x"":256,""y"":416,""t"":2041},{""x"":273,""y"":470,""t"":2094},{""x"":287,""y"":515,""t"":2110},{""x"":300,""y"":556,""t"":2179},{""x"":324,""y"":597,""t"":2229},{""x"":344,""y"":630,""t"":2245},{""x"":329,""y"":591,""t"":2315},{""x"":365,""y"":550,""t"":2366},{""x"":379,""y"":540,""t"":2383},{""x"":371,""y"":469,""t"":2452},{""x"":395,""y"":437,""t"":2501},{""x"":414,""y"":411,""t"":2517},{""x"":488,""y"":421,""t"":2584},{""x"":560,""y"":411,""t"":2600},{""x"":637,""y"":425,""t"":2644},{""x"":710,""y"":429,""t"":2685},{""x"":767,""y"":433,""t"":2729},{""x"":831,""y"":465,""t"":2797},{""x"":903,""y"":431,""t"":2847},{""x"":959,""y"":402,""t"":2864},{""x"":997,""y"":420,""t"":2933},{""x"":954,""y"":440,""t"":2983},{""x"":912,""y"":457,""t"":2998},{""x"":906,""y"":523,""t"":3068},{""x"":913,""y"":558,""t"":3117},{""x"":891,""y"":617,""t"":3133},{""x"":918,""y"":647,""t"":3201},{""x"":887,""y"":698,""t"":3251},{""x"":905,""y"":730,""t"":3266},{""x"":870,""y"":677,""t"":3334},{""x"":874,""y"":623,""t"":3385},{""x"":878,""y"":576,""t"":3402},{""x"":842,""y"":514,""t"":3468},{""x"":893,""y"":501,""t"":3516},{""x"":937,""y"":491,""t"":3537},{""x"":943,""y"":451,""t"":3607},{""x"":909,""y"":447,""t"":3659},{""x"":878,""y"":446,""t"":3675},{""x"":803,""y"":438,""t"":3742},{""x"":752,""y"":461,""t"":3794},{""x"":711,""y"":483,""t"":3809},{""x"":611,""y"":496,""t"":3877},{""x"":517,""y"":536,""t"":3929},{""x"":428,""y"":553,""t"":3945},{""x"":382,""y"":559,""t"":4011},{""x"":326,""y"":572,""t"":4028},{""x"":292,""y"":578,""t"":4069},{""x"":279,""y"":587,""t"":4112},{""x"":248,""y"":581,""t"":4155},{""x"":256,""y"":585,""t"":4225},{""x"":240,""y"":602,""t"":4275},{""x"":231,""y"":615,""t"":4292},{""x"":234,""y"":621,""t"":4361},{""x"":240,""y"":613,""t"":4411},{""x"":242,""y"":631,""t"":4428},{""x"":257,""y"":617,""t"":4495},{""x"":278,""y"":606,""t"":4546},{""x"":273,""y"":593,""t"":4562},{""x"":296,""y"":562,""t"":4629},{""x"":298,""y"":514,""t"":4679},{""x"":305,""y"":485,""t"":4696},{""x"":314,""y"":438,""t"":4764},{""x"":315,""y"":442,""t"":4813},{""x"":316,""y"":447,""t"":4831},{""x"":316,""y"":413,""t"":4899},{""x"":326,""y"":411,""t"":4950},{""x"":350,""y"":389,""t"":4965},{""x"":358,""y"":375,""t"":5032},{""x"":372,""y"":397,""t"":5048},{""x"":428,""y"":457,""t"":5090},{""x"":487,""y"":492,""t"":5133},{""x"":513,""y"":520,""t"":5175},{""x"":589,""y"":511,""t"":5246},{""x"":620,""y"":501,""t"":5272},{""x"":681,""y"":471,""t"":5340},{""x"":728,""y"":481,""t"":5389},{""x"":764,""y"":489,""t"":5407},{""x"":787,""y"":490,""t"":5476},{""x"":808,""y"":505,""t"":5528},{""x"":822,""y"":518,""t"":5543},{""x"":810,""y"":534,""t"":5612},{""x"":803,""y"":539,""t"":5665},{""x"":794,""y"":543,""t"":5680},{""x"":790,""y"":558,""t"":5749},{""x"":826,""y"":599,""t"":5802},{""x"":811,""y"":621,""t"":5818},{""x"":787,""y"":636,""t"":5885},{""x"":777,""y"":705,""t"":5941},{""x"":768,""y"":762,""t"":5956}]",0,0.8000006038828251,0.1999993961171749,mcutoff_b-last,0
126-alternatives,0,27,exp_90,0.0,543.0,0.5,0.38,3.0,4.0,higher_p,higher_m,0,1,alternatives,0.0,False,1.5,1.52,-0.02,0.2367304922727919,0.6,0.4,0.5,0.5,0.0,0.0,higher_p,higher_p,True,"{""durations"":[1000,1500,1000,1500],""alternatives"":[1,0,1,0],""attributes"":[""all"",""all"",""all"",""all""]}","[{""x"":735,""y"":545,""t"":-35},{""x"":706,""y"":518,""t"":0},{""x"":619,""y"":489,""t"":74},{""x"":560,""y"":491,""t"":103},{""x"":552,""y"":455,""t"":207},{""x"":541,""y"":461,""t"":263},{""x"":528,""y"":462,""t"":280},{""x"":604,""y"":412,""t"":350},{""x"":534,""y"":382,""t"":400},{""x"":475,""y"":358,""t"":419},{""x"":397,""y"":348,""t"":487},{""x"":352,""y"":370,""t"":536},{""x"":327,""y"":384,""t"":554},{""x"":299,""y"":398,""t"":624},{""x"":291,""y"":412,""t"":647},{""x"":391,""y"":399,""t"":715},{""x"":493,""y"":373,""t"":766},{""x"":606,""y"":362,""t"":783},{""x"":692,""y"":387,""t"":851},{""x"":788,""y"":370,""t"":902},{""x"":866,""y"":401,""t"":920},{""x"":797,""y"":422,""t"":989},{""x"":724,""y"":433,""t"":1040},{""x"":670,""y"":459,""t"":1056},{""x"":582,""y"":456,""t"":1124},{""x"":476,""y"":481,""t"":1175},{""x"":387,""y"":529,""t"":1191},{""x"":342,""y"":535,""t"":1259},{""x"":469,""y"":481,""t"":1309},{""x"":538,""y"":458,""t"":1326},{""x"":650,""y"":460,""t"":1395},{""x"":738,""y"":453,""t"":1444},{""x"":811,""y"":447,""t"":1463},{""x"":866,""y"":471,""t"":1530},{""x"":913,""y"":453,""t"":1579},{""x"":949,""y"":438,""t"":1600},{""x"":938,""y"":461,""t"":1666},{""x"":931,""y"":472,""t"":1715},{""x"":932,""y"":464,""t"":1736},{""x"":937,""y"":496,""t"":1803},{""x"":901,""y"":503,""t"":1853},{""x"":873,""y"":504,""t"":1872},{""x"":727,""y"":495,""t"":1938},{""x"":613,""y"":491,""t"":1954},{""x"":524,""y"":467,""t"":1996},{""x"":465,""y"":458,""t"":2038},{""x"":419,""y"":451,""t"":2080},{""x"":361,""y"":407,""t"":2147},{""x"":317,""y"":371,""t"":2177},{""x"":266,""y"":417,""t"":2244},{""x"":221,""y"":453,""t"":2261},{""x"":200,""y"":486,""t"":2304},{""x"":179,""y"":493,""t"":2345},{""x"":154,""y"":517,""t"":2390},{""x"":164,""y"":527,""t"":2457},{""x"":314,""y"":510,""t"":2510},{""x"":436,""y"":482,""t"":2528},{""x"":523,""y"":451,""t"":2597},{""x"":595,""y"":424,""t"":2619},{""x"":671,""y"":436,""t"":2685},{""x"":736,""y"":440,""t"":2703},{""x"":792,""y"":445,""t"":2744},{""x"":723,""y"":403,""t"":2786},{""x"":658,""y"":391,""t"":2831},{""x"":577,""y"":391,""t"":2900},{""x"":507,""y"":382,""t"":2950},{""x"":448,""y"":374,""t"":2966},{""x"":420,""y"":367,""t"":3034},{""x"":387,""y"":382,""t"":3084},{""x"":372,""y"":417,""t"":3101},{""x"":458,""y"":487,""t"":3172},{""x"":537,""y"":503,""t"":3196},{""x"":604,""y"":554,""t"":3264},{""x"":695,""y"":566,""t"":3315},{""x"":754,""y"":549,""t"":3334},{""x"":796,""y"":541,""t"":3404},{""x"":852,""y"":561,""t"":3453},{""x"":901,""y"":555,""t"":3469},{""x"":931,""y"":571,""t"":3539},{""x"":968,""y"":547,""t"":3595},{""x"":991,""y"":533,""t"":3613},{""x"":992,""y"":534,""t"":3682},{""x"":985,""y"":521,""t"":3707},{""x"":988,""y"":480,""t"":3777},{""x"":950,""y"":488,""t"":3829},{""x"":958,""y"":489,""t"":3881},{""x"":941,""y"":489,""t"":3949},{""x"":901,""y"":485,""t"":4000},{""x"":840,""y"":498,""t"":4017},{""x"":816,""y"":492,""t"":4084},{""x"":808,""y"":494,""t"":4138},{""x"":802,""y"":495,""t"":4154},{""x"":751,""y"":547,""t"":4221},{""x"":678,""y"":513,""t"":4274},{""x"":612,""y"":488,""t"":4290},{""x"":495,""y"":520,""t"":4356},{""x"":429,""y"":547,""t"":4406},{""x"":377,""y"":569,""t"":4422},{""x"":388,""y"":583,""t"":4489},{""x"":390,""y"":583,""t"":4541},{""x"":396,""y"":581,""t"":4557},{""x"":404,""y"":575,""t"":4623},{""x"":406,""y"":571,""t"":4641},{""x"":397,""y"":582,""t"":4681},{""x"":357,""y"":561,""t"":4723},{""x"":338,""y"":559,""t"":4766},{""x"":324,""y"":541,""t"":4833},{""x"":343,""y"":488,""t"":4883},{""x"":361,""y"":446,""t"":4900},{""x"":382,""y"":448,""t"":4967},{""x"":421,""y"":451,""t"":5017},{""x"":455,""y"":439,""t"":5035},{""x"":468,""y"":443,""t"":5105},{""x"":492,""y"":447,""t"":5155},{""x"":507,""y"":463,""t"":5173},{""x"":498,""y"":457,""t"":5241},{""x"":489,""y"":483,""t"":5289},{""x"":480,""y"":505,""t"":5306},{""x"":473,""y"":506,""t"":5375},{""x"":523,""y"":464,""t"":5425},{""x"":517,""y"":485,""t"":5443},{""x"":534,""y"":456,""t"":5511},{""x"":622,""y"":491,""t"":5560},{""x"":663,""y"":491,""t"":5576},{""x"":729,""y"":463,""t"":5648},{""x"":769,""y"":454,""t"":5699},{""x"":799,""y"":446,""t"":5716},{""x"":843,""y"":426,""t"":5782},{""x"":859,""y"":424,""t"":5834},{""x"":845,""y"":445,""t"":5849},{""x"":860,""y"":473,""t"":5916},{""x"":866,""y"":541,""t"":5933},{""x"":945,""y"":600,""t"":5975},{""x"":868,""y"":673,""t"":6017},{""x"":800,""y"":733,""t"":6060}]",0,0.8000006038828251,0.1999993961171749,mcutoff_b-last,0
126-alternatives,0,28,exp_52,0.0,301.70000000298023,0.49,0.32,6.9,8.2,higher_p,higher_m,0,1,alternatives,0.0,False,3.381,2.624,0.7570000000000006,1.0364678509508771,0.4,0.6,0.5,0.5,1.0,0.0,higher_m,higher_p,True,"{""durations"":[1500,1000,1500,1000],""alternatives"":[1,0,1,0],""attributes"":[""all"",""all"",""all"",""all""]}","[{""x"":492,""y"":665,""t"":-17},{""x"":461,""y"":635,""t"":0},{""x"":489,""y"":619,""t"":82},{""x"":515,""y"":607,""t"":117},{""x"":577,""y"":558,""t"":191},{""x"":630,""y"":518,""t"":207},{""x"":629,""y"":490,""t"":277},{""x"":647,""y"":453,""t"":329},{""x"":662,""y"":424,""t"":347},{""x"":665,""y"":401,""t"":414},{""x"":633,""y"":397,""t"":469},{""x"":605,""y"":397,""t"":484},{""x"":560,""y"":394,""t"":550},{""x"":496,""y"":366,""t"":603},{""x"":442,""y"":343,""t"":617},{""x"":387,""y"":361,""t"":691},{""x"":342,""y"":378,""t"":715},{""x"":476,""y"":436,""t"":783},{""x"":606,""y"":530,""t"":834},{""x"":716,""y"":609,""t"":852},{""x"":839,""y"":676,""t"":919},{""x"":917,""y"":760,""t"":971},{""x"":978,""y"":827,""t"":986},{""x"":1001,""y"":880,""t"":1053},{""x"":1027,""y"":917,""t"":1069},{""x"":1057,""y"":946,""t"":1111},{""x"":1057,""y"":960,""t"":1154},{""x"":1053,""y"":966,""t"":1199},{""x"":1101,""y"":973,""t"":1268},{""x"":1000,""y"":893,""t"":1318},{""x"":898,""y"":869,""t"":1334},{""x"":768,""y"":762,""t"":1401},{""x"":626,""y"":686,""t"":1454},{""x"":517,""y"":614,""t"":1470},{""x"":391,""y"":600,""t"":1539},{""x"":329,""y"":565,""t"":1590},{""x"":281,""y"":531,""t"":1606},{""x"":213,""y"":488,""t"":1675},{""x"":195,""y"":456,""t"":1724},{""x"":199,""y"":417,""t"":1741},{""x"":240,""y"":387,""t"":1808},{""x"":376,""y"":333,""t"":1858},{""x"":499,""y"":315,""t"":1874},{""x"":590,""y"":336,""t"":1944},{""x"":657,""y"":345,""t"":1973},{""x"":709,""y"":332,""t"":2041},{""x"":732,""y"":301,""t"":2090},{""x"":780,""y"":310,""t"":2110},{""x"":824,""y"":302,""t"":2178},{""x"":860,""y"":335,""t"":2228},{""x"":886,""y"":365,""t"":2245},{""x"":911,""y"":366,""t"":2313},{""x"":916,""y"":385,""t"":2363},{""x"":924,""y"":395,""t"":2381},{""x"":941,""y"":472,""t"":2448},{""x"":996,""y"":534,""t"":2463},{""x"":1015,""y"":604,""t"":2512},{""x"":1027,""y"":661,""t"":2553},{""x"":1035,""y"":651,""t"":2625},{""x"":1041,""y"":666,""t"":2677},{""x"":1037,""y"":651,""t"":2692},{""x"":928,""y"":627,""t"":2758},{""x"":776,""y"":612,""t"":2812},{""x"":638,""y"":579,""t"":2828},{""x"":564,""y"":534,""t"":2893},{""x"":477,""y"":518,""t"":2946},{""x"":407,""y"":494,""t"":2962},{""x"":367,""y"":519,""t"":3028},{""x"":356,""y"":547,""t"":3080},{""x"":326,""y"":585,""t"":3095},{""x"":270,""y"":592,""t"":3162},{""x"":258,""y"":592,""t"":3214},{""x"":253,""y"":591,""t"":3231},{""x"":218,""y"":549,""t"":3297},{""x"":239,""y"":506,""t"":3313},{""x"":227,""y"":489,""t"":3356},{""x"":252,""y"":456,""t"":3398},{""x"":284,""y"":422,""t"":3443},{""x"":418,""y"":391,""t"":3512},{""x"":533,""y"":366,""t"":3537},{""x"":684,""y"":414,""t"":3607},{""x"":798,""y"":433,""t"":3657},{""x"":871,""y"":455,""t"":3673},{""x"":959,""y"":477,""t"":3740},{""x"":970,""y"":445,""t"":3791},{""x"":978,""y"":418,""t"":3810},{""x"":1029,""y"":430,""t"":3876},{""x"":1042,""y"":419,""t"":3892},{""x"":1060,""y"":384,""t"":3935},{""x"":1079,""y"":395,""t"":3977},{""x"":1093,""y"":397,""t"":4020},{""x"":1084,""y"":373,""t"":4088},{""x"":1056,""y"":387,""t"":4138},{""x"":1033,""y"":388,""t"":4156},{""x"":1023,""y"":387,""t"":4223},{""x"":988,""y"":398,""t"":4271},{""x"":984,""y"":379,""t"":4287},{""x"":970,""y"":366,""t"":4354},{""x"":933,""y"":379,""t"":4404},{""x"":902,""y"":390,""t"":4422},{""x"":897,""y"":408,""t"":4491},{""x"":931,""y"":478,""t"":4540},{""x"":990,""y"":488,""t"":4557},{""x"":958,""y"":567,""t"":4625},{""x"":977,""y"":641,""t"":4673},{""x"":959,""y"":713,""t"":4693},{""x"":927,""y"":738,""t"":4761},{""x"":892,""y"":746,""t"":4813},{""x"":867,""y"":768,""t"":4829},{""x"":845,""y"":783,""t"":4896},{""x"":820,""y"":694,""t"":4912},{""x"":805,""y"":673,""t"":4953},{""x"":801,""y"":638,""t"":4995},{""x"":797,""y"":618,""t"":5039},{""x"":819,""y"":585,""t"":5105},{""x"":722,""y"":527,""t"":5157},{""x"":640,""y"":478,""t"":5173},{""x"":570,""y"":441,""t"":5240},{""x"":496,""y"":425,""t"":5292},{""x"":455,""y"":388,""t"":5307},{""x"":509,""y"":362,""t"":5373},{""x"":546,""y"":370,""t"":5424},{""x"":581,""y"":380,""t"":5442},{""x"":612,""y"":385,""t"":5509},{""x"":597,""y"":497,""t"":5563},{""x"":591,""y"":541,""t"":5585},{""x"":587,""y"":571,""t"":5656},{""x"":608,""y"":586,""t"":5679},{""x"":582,""y"":623,""t"":5744},{""x"":592,""y"":660,""t"":5761},{""x"":607,""y"":664,""t"":5803},{""x"":654,""y"":673,""t"":5843},{""x"":654,""y"":658,""t"":5886}]",1,0.8000006038828251,0.1999993961171749,mcutoff_b-last,0
126-alternatives,0,29,exp_30,0.0,781.2000000029802,0.3,0.17,2.0,3.0,higher_p,higher_m,0,1,alternatives,0.0,False,0.6,0.51,0.0899999999999999,0.3499494233597794,0.4,0.6,0.5,0.5,1.0,1.0,higher_m,higher_m,True,"{""durations"":[1000,1500,1000,1500],""alternatives"":[0,1,0,1],""attributes"":[""all"",""all"",""all"",""all""]}","[{""x"":668,""y"":689,""t"":-43},{""x"":637,""y"":668,""t"":0},{""x"":603,""y"":702,""t"":79},{""x"":610,""y"":708,""t"":135},{""x"":615,""y"":735,""t"":181},{""x"":652,""y"":708,""t"":251},{""x"":685,""y"":685,""t"":273},{""x"":695,""y"":658,""t"":348},{""x"":732,""y"":626,""t"":400},{""x"":763,""y"":599,""t"":417},{""x"":825,""y"":553,""t"":488},{""x"":876,""y"":515,""t"":511},{""x"":868,""y"":506,""t"":581},{""x"":901,""y"":509,""t"":626},{""x"":949,""y"":502,""t"":695},{""x"":987,""y"":498,""t"":714},{""x"":990,""y"":516,""t"":789},{""x"":952,""y"":568,""t"":839},{""x"":934,""y"":596,""t"":855},{""x"":955,""y"":645,""t"":922},{""x"":938,""y"":672,""t"":973},{""x"":936,""y"":728,""t"":989},{""x"":906,""y"":671,""t"":1061},{""x"":879,""y"":624,""t"":1111},{""x"":865,""y"":595,""t"":1127},{""x"":861,""y"":535,""t"":1196},{""x"":837,""y"":507,""t"":1244},{""x"":834,""y"":478,""t"":1260},{""x"":709,""y"":435,""t"":1329},{""x"":605,""y"":403,""t"":1377},{""x"":517,""y"":380,""t"":1395},{""x"":435,""y"":364,""t"":1462},{""x"":368,""y"":351,""t"":1513},{""x"":302,""y"":379,""t"":1531},{""x"":260,""y"":416,""t"":1597},{""x"":225,""y"":446,""t"":1613},{""x"":211,""y"":495,""t"":1654},{""x"":185,""y"":542,""t"":1695},{""x"":186,""y"":555,""t"":1737},{""x"":212,""y"":552,""t"":1804},{""x"":246,""y"":547,""t"":1857},{""x"":257,""y"":565,""t"":1871},{""x"":220,""y"":578,""t"":1940},{""x"":242,""y"":576,""t"":1992},{""x"":274,""y"":566,""t"":2007},{""x"":307,""y"":566,""t"":2075},{""x"":338,""y"":515,""t"":2127},{""x"":325,""y"":484,""t"":2142},{""x"":489,""y"":464,""t"":2215},{""x"":609,""y"":467,""t"":2268},{""x"":709,""y"":470,""t"":2284},{""x"":784,""y"":500,""t"":2350},{""x"":852,""y"":474,""t"":2403},{""x"":891,""y"":458,""t"":2420},{""x"":935,""y"":455,""t"":2491},{""x"":967,""y"":453,""t"":2517},{""x"":988,""y"":479,""t"":2588},{""x"":864,""y"":470,""t"":2638},{""x"":743,""y"":472,""t"":2655},{""x"":639,""y"":436,""t"":2723},{""x"":543,""y"":456,""t"":2774},{""x"":450,""y"":473,""t"":2791},{""x"":502,""y"":476,""t"":2859},{""x"":570,""y"":455,""t"":2908},{""x"":631,""y"":436,""t"":2924},{""x"":763,""y"":465,""t"":2995},{""x"":806,""y"":456,""t"":3044},{""x"":875,""y"":455,""t"":3061},{""x"":915,""y"":508,""t"":3130},{""x"":948,""y"":555,""t"":3184},{""x"":962,""y"":616,""t"":3201},{""x"":983,""y"":643,""t"":3270},{""x"":981,""y"":645,""t"":3320},{""x"":976,""y"":644,""t"":3337},{""x"":959,""y"":666,""t"":3405},{""x"":958,""y"":642,""t"":3460},{""x"":956,""y"":619,""t"":3475},{""x"":974,""y"":560,""t"":3542},{""x"":929,""y"":503,""t"":3596},{""x"":890,""y"":455,""t"":3612},{""x"":855,""y"":435,""t"":3681},{""x"":809,""y"":409,""t"":3707},{""x"":794,""y"":381,""t"":3774},{""x"":739,""y"":373,""t"":3825},{""x"":718,""y"":372,""t"":3843},{""x"":608,""y"":390,""t"":3910},{""x"":500,""y"":416,""t"":3961},{""x"":441,""y"":422,""t"":3979},{""x"":397,""y"":435,""t"":4047},{""x"":331,""y"":457,""t"":4099},{""x"":281,""y"":476,""t"":4115},{""x"":252,""y"":506,""t"":4182},{""x"":304,""y"":542,""t"":4199},{""x"":392,""y"":592,""t"":4241},{""x"":479,""y"":617,""t"":4282},{""x"":535,""y"":633,""t"":4327},{""x"":620,""y"":649,""t"":4394},{""x"":692,""y"":661,""t"":4421},{""x"":703,""y"":678,""t"":4488},{""x"":640,""y"":654,""t"":4544},{""x"":592,""y"":657,""t"":4561},{""x"":537,""y"":670,""t"":4628},{""x"":476,""y"":685,""t"":4679},{""x"":424,""y"":684,""t"":4696},{""x"":396,""y"":721,""t"":4764},{""x"":361,""y"":750,""t"":4813},{""x"":343,""y"":769,""t"":4830},{""x"":412,""y"":762,""t"":4898},{""x"":489,""y"":736,""t"":4948},{""x"":563,""y"":707,""t"":4967},{""x"":621,""y"":676,""t"":5035},{""x"":669,""y"":662,""t"":5085},{""x"":677,""y"":645,""t"":5103},{""x"":736,""y"":625,""t"":5171},{""x"":768,""y"":617,""t"":5221},{""x"":813,""y"":603,""t"":5237},{""x"":826,""y"":584,""t"":5305},{""x"":863,""y"":559,""t"":5355},{""x"":897,""y"":543,""t"":5372},{""x"":889,""y"":539,""t"":5440},{""x"":875,""y"":519,""t"":5455},{""x"":813,""y"":517,""t"":5497},{""x"":778,""y"":548,""t"":5538},{""x"":769,""y"":558,""t"":5580},{""x"":752,""y"":576,""t"":5649},{""x"":748,""y"":557,""t"":5699},{""x"":754,""y"":557,""t"":5715},{""x"":786,""y"":545,""t"":5782},{""x"":783,""y"":547,""t"":5831},{""x"":775,""y"":562,""t"":5849},{""x"":755,""y"":567,""t"":5917},{""x"":733,""y"":556,""t"":5968},{""x"":715,""y"":547,""t"":5985},{""x"":689,""y"":569,""t"":6058},{""x"":688,""y"":583,""t"":6110},{""x"":689,""y"":595,""t"":6126},{""x"":681,""y"":579,""t"":6193},{""x"":699,""y"":583,""t"":6245},{""x"":714,""y"":585,""t"":6260},{""x"":709,""y"":580,""t"":6327}]",1,0.8000006038828251,0.1999993961171749,mcutoff_b-last,0
126-alternatives,0,32,exp_64,0.0,1089.0,0.72,0.51,4.2,5.2,higher_p,higher_m,0,1,alternatives,0.0,False,3.024,2.652,0.3719999999999999,0.64020159214642,0.6,0.4,0.5,0.5,0.0,1.0,higher_p,higher_m,True,"{""durations"":[1500,1000,1500,1000],""alternatives"":[0,1,0,1],""attributes"":[""all"",""all"",""all"",""all""]}","[{""x"":669,""y"":682,""t"":-46},{""x"":682,""y"":637,""t"":0},{""x"":645,""y"":569,""t"":98},{""x"":632,""y"":499,""t"":150},{""x"":592,""y"":484,""t"":230},{""x"":560,""y"":455,""t"":273},{""x"":547,""y"":446,""t"":340},{""x"":567,""y"":452,""t"":357},{""x"":635,""y"":509,""t"":398},{""x"":708,""y"":538,""t"":440},{""x"":769,""y"":564,""t"":485},{""x"":796,""y"":597,""t"":555},{""x"":817,""y"":625,""t"":579},{""x"":831,""y"":624,""t"":646},{""x"":807,""y"":610,""t"":663},{""x"":776,""y"":621,""t"":703},{""x"":770,""y"":689,""t"":746},{""x"":803,""y"":738,""t"":789},{""x"":728,""y"":738,""t"":857},{""x"":674,""y"":812,""t"":906},{""x"":628,""y"":874,""t"":922},{""x"":651,""y"":854,""t"":993},{""x"":646,""y"":842,""t"":1044},{""x"":666,""y"":795,""t"":1061},{""x"":661,""y"":796,""t"":1129},{""x"":669,""y"":779,""t"":1179},{""x"":691,""y"":782,""t"":1195},{""x"":709,""y"":760,""t"":1262},{""x"":696,""y"":752,""t"":1312},{""x"":673,""y"":740,""t"":1329},{""x"":635,""y"":674,""t"":1396},{""x"":636,""y"":621,""t"":1448},{""x"":634,""y"":565,""t"":1464},{""x"":604,""y"":501,""t"":1533},{""x"":588,""y"":472,""t"":1589},{""x"":545,""y"":455,""t"":1603},{""x"":551,""y"":433,""t"":1670},{""x"":570,""y"":435,""t"":1721},{""x"":588,""y"":438,""t"":1738},{""x"":583,""y"":429,""t"":1806},{""x"":567,""y"":404,""t"":1858},{""x"":554,""y"":385,""t"":1872},{""x"":488,""y"":392,""t"":1940},{""x"":424,""y"":403,""t"":1993},{""x"":371,""y"":414,""t"":2008},{""x"":304,""y"":438,""t"":2075},{""x"":313,""y"":458,""t"":2126},{""x"":328,""y"":485,""t"":2143},{""x"":329,""y"":499,""t"":2211},{""x"":394,""y"":513,""t"":2264},{""x"":451,""y"":525,""t"":2279},{""x"":444,""y"":573,""t"":2346},{""x"":424,""y"":603,""t"":2362},{""x"":415,""y"":620,""t"":2405},{""x"":418,""y"":591,""t"":2447},{""x"":383,""y"":564,""t"":2492},{""x"":392,""y"":498,""t"":2558},{""x"":405,""y"":447,""t"":2585},{""x"":398,""y"":407,""t"":2652},{""x"":393,""y"":402,""t"":2668},{""x"":408,""y"":396,""t"":2710},{""x"":469,""y"":394,""t"":2754},{""x"":491,""y"":344,""t"":2797},{""x"":582,""y"":355,""t"":2865},{""x"":645,""y"":343,""t"":2916},{""x"":691,""y"":354,""t"":2932},{""x"":747,""y"":385,""t"":3000},{""x"":790,""y"":437,""t"":3051},{""x"":820,""y"":475,""t"":3068},{""x"":847,""y"":525,""t"":3135},{""x"":837,""y"":505,""t"":3185},{""x"":823,""y"":478,""t"":3201},{""x"":839,""y"":441,""t"":3269},{""x"":875,""y"":425,""t"":3321},{""x"":877,""y"":401,""t"":3336},{""x"":896,""y"":396,""t"":3406},{""x"":913,""y"":366,""t"":3456},{""x"":938,""y"":350,""t"":3472},{""x"":982,""y"":308,""t"":3541},{""x"":871,""y"":320,""t"":3591},{""x"":772,""y"":314,""t"":3607},{""x"":664,""y"":307,""t"":3674},{""x"":547,""y"":316,""t"":3724},{""x"":492,""y"":303,""t"":3741},{""x"":424,""y"":315,""t"":3809},{""x"":377,""y"":310,""t"":3859},{""x"":337,""y"":330,""t"":3877},{""x"":258,""y"":358,""t"":3944},{""x"":196,""y"":381,""t"":3959},{""x"":166,""y"":415,""t"":4026},{""x"":144,""y"":415,""t"":4047},{""x"":140,""y"":415,""t"":4117},{""x"":151,""y"":411,""t"":4169},{""x"":155,""y"":425,""t"":4184},{""x"":191,""y"":419,""t"":4251},{""x"":211,""y"":416,""t"":4304},{""x"":244,""y"":410,""t"":4319},{""x"":234,""y"":437,""t"":4386},{""x"":216,""y"":423,""t"":4403},{""x"":237,""y"":410,""t"":4444},{""x"":248,""y"":398,""t"":4486},{""x"":258,""y"":351,""t"":4528},{""x"":279,""y"":378,""t"":4597},{""x"":332,""y"":404,""t"":4645},{""x"":376,""y"":426,""t"":4662},{""x"":463,""y"":473,""t"":4727},{""x"":483,""y"":517,""t"":4782},{""x"":481,""y"":539,""t"":4798},{""x"":437,""y"":605,""t"":4865},{""x"":407,""y"":623,""t"":4916},{""x"":379,""y"":635,""t"":4931},{""x"":367,""y"":665,""t"":5006},{""x"":354,""y"":622,""t"":5054},{""x"":367,""y"":570,""t"":5071},{""x"":366,""y"":578,""t"":5140},{""x"":373,""y"":553,""t"":5189},{""x"":380,""y"":532,""t"":5209},{""x"":382,""y"":503,""t"":5276},{""x"":507,""y"":460,""t"":5326},{""x"":618,""y"":437,""t"":5342},{""x"":705,""y"":400,""t"":5411},{""x"":825,""y"":371,""t"":5459},{""x"":859,""y"":345,""t"":5480},{""x"":938,""y"":335,""t"":5550},{""x"":947,""y"":354,""t"":5602},{""x"":948,""y"":372,""t"":5617},{""x"":911,""y"":387,""t"":5686},{""x"":882,""y"":391,""t"":5739},{""x"":853,""y"":396,""t"":5754},{""x"":861,""y"":396,""t"":5822},{""x"":905,""y"":406,""t"":5874},{""x"":942,""y"":415,""t"":5888},{""x"":952,""y"":443,""t"":5955},{""x"":1000,""y"":445,""t"":6009},{""x"":1011,""y"":460,""t"":6024},{""x"":1028,""y"":468,""t"":6090},{""x"":960,""y"":465,""t"":6141},{""x"":900,""y"":462,""t"":6157},{""x"":849,""y"":439,""t"":6225},{""x"":818,""y"":454,""t"":6278},{""x"":793,""y"":467,""t"":6294},{""x"":755,""y"":483,""t"":6360},{""x"":715,""y"":481,""t"":6416},{""x"":700,""y"":477,""t"":6431},{""x"":688,""y"":452,""t"":6497},{""x"":692,""y"":411,""t"":6549},{""x"":679,""y"":382,""t"":6566},{""x"":679,""y"":378,""t"":6634},{""x"":719,""y"":388,""t"":6686},{""x"":757,""y"":385,""t"":6701}]",1,0.8000006038828251,0.1999993961171749,mcutoff_b-last,0
126-alternatives,0,36,exp_10,1.0,441.29999999701977,0.7,0.29,1.7999999999999998,5.0,higher_p,higher_m,0,1,alternatives,0.0,False,1.2599999999999998,1.45,-0.1900000000000001,0.0617557805929019,0.6,0.4,0.5,0.5,0.0,0.0,higher_p,higher_p,False,"{""durations"":[1000,1500,1000,1500],""alternatives"":[1,0,1,0],""attributes"":[""all"",""all"",""all"",""all""]}","[{""x"":625,""y"":385,""t"":-19},{""x"":596,""y"":395,""t"":0},{""x"":559,""y"":385,""t"":73},{""x"":550,""y"":346,""t"":136},{""x"":528,""y"":296,""t"":152},{""x"":544,""y"":271,""t"":200},{""x"":523,""y"":245,""t"":243},{""x"":504,""y"":244,""t"":313},{""x"":521,""y"":237,""t"":365},{""x"":537,""y"":232,""t"":381},{""x"":503,""y"":204,""t"":451},{""x"":476,""y"":182,""t"":477},{""x"":480,""y"":174,""t"":546},{""x"":432,""y"":189,""t"":596},{""x"":411,""y"":219,""t"":613},{""x"":391,""y"":241,""t"":682},{""x"":378,""y"":247,""t"":733},{""x"":371,""y"":240,""t"":749},{""x"":385,""y"":237,""t"":817},{""x"":451,""y"":243,""t"":870},{""x"":509,""y"":249,""t"":886},{""x"":595,""y"":232,""t"":955},{""x"":639,""y"":242,""t"":1007},{""x"":684,""y"":250,""t"":1025},{""x"":730,""y"":246,""t"":1093},{""x"":824,""y"":261,""t"":1144},{""x"":911,""y"":242,""t"":1159},{""x"":946,""y"":249,""t"":1226},{""x"":971,""y"":243,""t"":1277},{""x"":987,""y"":238,""t"":1298},{""x"":1011,""y"":296,""t"":1372},{""x"":1038,""y"":310,""t"":1395},{""x"":1000,""y"":335,""t"":1462},{""x"":929,""y"":368,""t"":1480},{""x"":881,""y"":456,""t"":1523},{""x"":812,""y"":518,""t"":1564},{""x"":786,""y"":585,""t"":1632},{""x"":741,""y"":568,""t"":1685},{""x"":695,""y"":557,""t"":1700},{""x"":687,""y"":521,""t"":1767},{""x"":699,""y"":506,""t"":1783},{""x"":729,""y"":510,""t"":1825},{""x"":731,""y"":492,""t"":1867},{""x"":713,""y"":456,""t"":1908},{""x"":721,""y"":394,""t"":1977},{""x"":763,""y"":315,""t"":2026},{""x"":799,""y"":249,""t"":2043},{""x"":834,""y"":210,""t"":2113},{""x"":718,""y"":195,""t"":2163},{""x"":619,""y"":186,""t"":2179},{""x"":510,""y"":174,""t"":2247},{""x"":442,""y"":150,""t"":2296},{""x"":358,""y"":120,""t"":2313},{""x"":360,""y"":126,""t"":2381},{""x"":340,""y"":136,""t"":2431},{""x"":299,""y"":134,""t"":2448},{""x"":286,""y"":138,""t"":2515},{""x"":279,""y"":140,""t"":2531},{""x"":304,""y"":152,""t"":2576},{""x"":330,""y"":162,""t"":2619},{""x"":325,""y"":217,""t"":2688},{""x"":315,""y"":236,""t"":2739},{""x"":307,""y"":252,""t"":2755},{""x"":303,""y"":214,""t"":2823},{""x"":287,""y"":206,""t"":2874},{""x"":274,""y"":198,""t"":2891},{""x"":298,""y"":207,""t"":2956},{""x"":292,""y"":200,""t"":2973},{""x"":296,""y"":209,""t"":3041},{""x"":323,""y"":201,""t"":3061},{""x"":337,""y"":221,""t"":3128},{""x"":348,""y"":239,""t"":3145},{""x"":362,""y"":272,""t"":3190},{""x"":373,""y"":299,""t"":3232},{""x"":371,""y"":282,""t"":3300},{""x"":388,""y"":250,""t"":3351},{""x"":402,""y"":222,""t"":3367},{""x"":420,""y"":203,""t"":3433},{""x"":431,""y"":183,""t"":3449},{""x"":421,""y"":161,""t"":3491},{""x"":406,""y"":189,""t"":3532},{""x"":397,""y"":201,""t"":3575},{""x"":406,""y"":164,""t"":3645},{""x"":502,""y"":184,""t"":3695},{""x"":572,""y"":186,""t"":3712},{""x"":614,""y"":190,""t"":3781},{""x"":653,""y"":183,""t"":3832},{""x"":741,""y"":172,""t"":3849},{""x"":836,""y"":134,""t"":3917},{""x"":910,""y"":133,""t"":3967},{""x"":966,""y"":118,""t"":3983},{""x"":947,""y"":126,""t"":4050},{""x"":909,""y"":208,""t"":4100},{""x"":862,""y"":294,""t"":4116},{""x"":803,""y"":326,""t"":4184},{""x"":768,""y"":352,""t"":4233},{""x"":770,""y"":383,""t"":4251},{""x"":777,""y"":411,""t"":4319},{""x"":752,""y"":450,""t"":4368},{""x"":731,""y"":500,""t"":4388},{""x"":703,""y"":580,""t"":4457},{""x"":675,""y"":653,""t"":4506},{""x"":643,""y"":710,""t"":4523},{""x"":669,""y"":646,""t"":4591},{""x"":702,""y"":609,""t"":4641},{""x"":727,""y"":576,""t"":4659},{""x"":748,""y"":542,""t"":4728},{""x"":671,""y"":529,""t"":4777},{""x"":605,""y"":518,""t"":4794},{""x"":515,""y"":496,""t"":4861},{""x"":470,""y"":478,""t"":4876},{""x"":433,""y"":460,""t"":4919},{""x"":380,""y"":474,""t"":4962},{""x"":352,""y"":460,""t"":5004},{""x"":351,""y"":436,""t"":5072},{""x"":340,""y"":398,""t"":5124},{""x"":334,""y"":368,""t"":5139},{""x"":353,""y"":334,""t"":5205},{""x"":379,""y"":323,""t"":5257},{""x"":403,""y"":316,""t"":5273},{""x"":390,""y"":330,""t"":5341},{""x"":400,""y"":340,""t"":5391},{""x"":409,""y"":350,""t"":5407},{""x"":426,""y"":363,""t"":5473},{""x"":523,""y"":349,""t"":5491},{""x"":611,""y"":336,""t"":5535},{""x"":684,""y"":325,""t"":5579},{""x"":698,""y"":307,""t"":5646},{""x"":701,""y"":298,""t"":5699},{""x"":705,""y"":292,""t"":5715},{""x"":705,""y"":324,""t"":5784},{""x"":718,""y"":324,""t"":5833},{""x"":728,""y"":325,""t"":5851},{""x"":758,""y"":332,""t"":5920},{""x"":759,""y"":356,""t"":5970},{""x"":751,""y"":373,""t"":5987}]",1,0.8000006038828251,0.1999993961171749,mcutoff_b-last,0
126-alternatives,0,40,exp_102,0.0,277.59999999403954,0.58,0.38,4.9,6.9,higher_p,higher_m,0,1,alternatives,0.0,False,2.842,2.6220000000000003,0.2199999999999997,0.4837536146444008,0.4,0.6,0.5,0.5,1.0,1.0,higher_m,higher_m,True,"{""durations"":[1000,1500,1000,1500],""alternatives"":[0,1,0,1],""attributes"":[""all"",""all"",""all"",""all""]}","[{""x"":637,""y"":582,""t"":-25},{""x"":645,""y"":519,""t"":0},{""x"":626,""y"":461,""t"":85},{""x"":603,""y"":430,""t"":124},{""x"":560,""y"":419,""t"":173},{""x"":544,""y"":428,""t"":246},{""x"":530,""y"":424,""t"":273},{""x"":526,""y"":405,""t"":339},{""x"":539,""y"":421,""t"":356},{""x"":602,""y"":406,""t"":399},{""x"":664,""y"":416,""t"":441},{""x"":708,""y"":450,""t"":483},{""x"":723,""y"":457,""t"":561},{""x"":734,""y"":464,""t"":580},{""x"":796,""y"":512,""t"":648},{""x"":856,""y"":512,""t"":702},{""x"":872,""y"":446,""t"":744},{""x"":864,""y"":414,""t"":786},{""x"":877,""y"":384,""t"":854},{""x"":858,""y"":373,""t"":907},{""x"":840,""y"":364,""t"":922},{""x"":831,""y"":367,""t"":988},{""x"":840,""y"":343,""t"":1041},{""x"":847,""y"":323,""t"":1056},{""x"":843,""y"":384,""t"":1124},{""x"":848,""y"":377,""t"":1176},{""x"":838,""y"":382,""t"":1192},{""x"":835,""y"":443,""t"":1261},{""x"":731,""y"":452,""t"":1314},{""x"":642,""y"":459,""t"":1330},{""x"":597,""y"":442,""t"":1395},{""x"":541,""y"":425,""t"":1445},{""x"":497,""y"":410,""t"":1463},{""x"":446,""y"":352,""t"":1529},{""x"":406,""y"":292,""t"":1546},{""x"":386,""y"":247,""t"":1587},{""x"":355,""y"":249,""t"":1630},{""x"":333,""y"":252,""t"":1674},{""x"":305,""y"":256,""t"":1743},{""x"":298,""y"":265,""t"":1769},{""x"":299,""y"":267,""t"":1836},{""x"":304,""y"":274,""t"":1852},{""x"":323,""y"":295,""t"":1894},{""x"":337,""y"":236,""t"":1937},{""x"":347,""y"":238,""t"":1979},{""x"":339,""y"":235,""t"":2048},{""x"":318,""y"":233,""t"":2098},{""x"":304,""y"":239,""t"":2115},{""x"":337,""y"":223,""t"":2182},{""x"":332,""y"":221,""t"":2233},{""x"":339,""y"":217,""t"":2249},{""x"":357,""y"":200,""t"":2317},{""x"":352,""y"":184,""t"":2366},{""x"":369,""y"":190,""t"":2383},{""x"":370,""y"":170,""t"":2450},{""x"":412,""y"":212,""t"":2499},{""x"":437,""y"":251,""t"":2519},{""x"":531,""y"":296,""t"":2588},{""x"":637,""y"":312,""t"":2641},{""x"":725,""y"":324,""t"":2655},{""x"":787,""y"":356,""t"":2725},{""x"":835,""y"":368,""t"":2783},{""x"":871,""y"":378,""t"":2798},{""x"":912,""y"":375,""t"":2866},{""x"":943,""y"":371,""t"":2891},{""x"":923,""y"":436,""t"":2961},{""x"":934,""y"":484,""t"":3015},{""x"":940,""y"":524,""t"":3031},{""x"":909,""y"":528,""t"":3101},{""x"":831,""y"":574,""t"":3155},{""x"":764,""y"":611,""t"":3172},{""x"":704,""y"":614,""t"":3241},{""x"":691,""y"":668,""t"":3290},{""x"":681,""y"":711,""t"":3305},{""x"":671,""y"":710,""t"":3372},{""x"":625,""y"":682,""t"":3423},{""x"":626,""y"":665,""t"":3438},{""x"":664,""y"":615,""t"":3509},{""x"":698,""y"":571,""t"":3536},{""x"":668,""y"":579,""t"":3603},{""x"":661,""y"":587,""t"":3620},{""x"":640,""y"":574,""t"":3662},{""x"":626,""y"":571,""t"":3703},{""x"":613,""y"":583,""t"":3745},{""x"":536,""y"":613,""t"":3814},{""x"":446,""y"":620,""t"":3864},{""x"":399,""y"":641,""t"":3881},{""x"":345,""y"":631,""t"":3948},{""x"":315,""y"":648,""t"":3998},{""x"":312,""y"":660,""t"":4015},{""x"":294,""y"":653,""t"":4082},{""x"":289,""y"":642,""t"":4132},{""x"":287,""y"":632,""t"":4150},{""x"":287,""y"":652,""t"":4216},{""x"":315,""y"":602,""t"":4266},{""x"":331,""y"":574,""t"":4285},{""x"":323,""y"":514,""t"":4351},{""x"":309,""y"":484,""t"":4367},{""x"":326,""y"":441,""t"":4409},{""x"":448,""y"":456,""t"":4452},{""x"":522,""y"":416,""t"":4493},{""x"":623,""y"":416,""t"":4562},{""x"":735,""y"":421,""t"":4614},{""x"":826,""y"":427,""t"":4628},{""x"":915,""y"":434,""t"":4695},{""x"":982,""y"":413,""t"":4744},{""x"":1033,""y"":396,""t"":4762},{""x"":1053,""y"":402,""t"":4829},{""x"":1071,""y"":409,""t"":4883},{""x"":1080,""y"":415,""t"":4898},{""x"":1066,""y"":394,""t"":4965},{""x"":1015,""y"":391,""t"":5016},{""x"":960,""y"":395,""t"":5033},{""x"":929,""y"":383,""t"":5101},{""x"":904,""y"":383,""t"":5153},{""x"":882,""y"":384,""t"":5168},{""x"":868,""y"":378,""t"":5235},{""x"":867,""y"":380,""t"":5253},{""x"":832,""y"":406,""t"":5294},{""x"":826,""y"":416,""t"":5336},{""x"":822,""y"":424,""t"":5379},{""x"":817,""y"":397,""t"":5447},{""x"":750,""y"":402,""t"":5498},{""x"":668,""y"":430,""t"":5514},{""x"":656,""y"":432,""t"":5580},{""x"":608,""y"":432,""t"":5631},{""x"":621,""y"":404,""t"":5647},{""x"":577,""y"":427,""t"":5713},{""x"":544,""y"":509,""t"":5764},{""x"":546,""y"":559,""t"":5781}]",0,0.8000006038828251,0.1999993961171749,mcutoff_b-last,0
126-alternatives,0,42,exp_60,1.0,436.6000000089407,0.41,0.21,1.7999999999999998,6.2,higher_p,higher_m,0,1,alternatives,0.0,False,0.7379999999999999,1.302,-0.5640000000000002,-0.3231885851028555,0.4,0.6,0.5,0.5,1.0,0.0,higher_m,higher_p,False,"{""durations"":[1500,1000,1500,1000],""alternatives"":[1,0,1,0],""attributes"":[""all"",""all"",""all"",""all""]}","[{""x"":502,""y"":466,""t"":-17},{""x"":522,""y"":456,""t"":0},{""x"":527,""y"":435,""t"":84},{""x"":537,""y"":402,""t"":112},{""x"":546,""y"":374,""t"":183},{""x"":567,""y"":343,""t"":233},{""x"":568,""y"":338,""t"":277},{""x"":571,""y"":329,""t"":351},{""x"":573,""y"":323,""t"":375},{""x"":628,""y"":330,""t"":442},{""x"":703,""y"":282,""t"":491},{""x"":741,""y"":294,""t"":510},{""x"":775,""y"":294,""t"":577},{""x"":778,""y"":259,""t"":594},{""x"":796,""y"":286,""t"":636},{""x"":834,""y"":246,""t"":677},{""x"":880,""y"":237,""t"":719},{""x"":875,""y"":207,""t"":788},{""x"":924,""y"":277,""t"":840},{""x"":962,""y"":339,""t"":855},{""x"":987,""y"":378,""t"":924},{""x"":974,""y"":383,""t"":975},{""x"":959,""y"":387,""t"":990},{""x"":958,""y"":398,""t"":1058},{""x"":982,""y"":398,""t"":1109},{""x"":1014,""y"":439,""t"":1125},{""x"":1004,""y"":416,""t"":1192},{""x"":951,""y"":374,""t"":1244},{""x"":888,""y"":356,""t"":1259},{""x"":822,""y"":343,""t"":1327},{""x"":779,""y"":335,""t"":1379},{""x"":745,""y"":329,""t"":1394},{""x"":683,""y"":302,""t"":1461},{""x"":617,""y"":291,""t"":1477},{""x"":533,""y"":261,""t"":1519},{""x"":484,""y"":237,""t"":1562},{""x"":467,""y"":199,""t"":1607},{""x"":397,""y"":184,""t"":1675},{""x"":352,""y"":165,""t"":1725},{""x"":318,""y"":151,""t"":1742},{""x"":290,""y"":175,""t"":1810},{""x"":287,""y"":191,""t"":1860},{""x"":280,""y"":180,""t"":1877},{""x"":271,""y"":197,""t"":1943},{""x"":259,""y"":196,""t"":1992},{""x"":247,""y"":183,""t"":2010},{""x"":229,""y"":204,""t"":2078},{""x"":324,""y"":320,""t"":2127},{""x"":406,""y"":399,""t"":2145},{""x"":455,""y"":493,""t"":2212},{""x"":510,""y"":551,""t"":2262},{""x"":568,""y"":597,""t"":2278},{""x"":564,""y"":653,""t"":2345},{""x"":593,""y"":680,""t"":2361},{""x"":574,""y"":677,""t"":2403},{""x"":583,""y"":711,""t"":2446},{""x"":596,""y"":719,""t"":2488},{""x"":581,""y"":726,""t"":2555},{""x"":532,""y"":735,""t"":2605},{""x"":490,""y"":766,""t"":2620},{""x"":474,""y"":749,""t"":2689},{""x"":447,""y"":654,""t"":2738},{""x"":424,""y"":572,""t"":2756},{""x"":417,""y"":489,""t"":2824},{""x"":419,""y"":434,""t"":2873},{""x"":410,""y"":382,""t"":2892},{""x"":507,""y"":333,""t"":2960},{""x"":611,""y"":325,""t"":3010},{""x"":673,""y"":295,""t"":3027},{""x"":752,""y"":261,""t"":3097},{""x"":793,""y"":242,""t"":3148},{""x"":813,""y"":234,""t"":3163},{""x"":839,""y"":238,""t"":3231},{""x"":906,""y"":244,""t"":3282},{""x"":952,""y"":269,""t"":3299},{""x"":969,""y"":281,""t"":3364},{""x"":989,""y"":343,""t"":3381},{""x"":1007,""y"":345,""t"":3424},{""x"":984,""y"":334,""t"":3464},{""x"":937,""y"":342,""t"":3507},{""x"":941,""y"":317,""t"":3575},{""x"":913,""y"":317,""t"":3626},{""x"":916,""y"":263,""t"":3641},{""x"":890,""y"":254,""t"":3706},{""x"":893,""y"":228,""t"":3723},{""x"":883,""y"":223,""t"":3764},{""x"":855,""y"":268,""t"":3808},{""x"":875,""y"":321,""t"":3852},{""x"":877,""y"":400,""t"":3922},{""x"":846,""y"":434,""t"":3945},{""x"":905,""y"":467,""t"":4011},{""x"":913,""y"":510,""t"":4029},{""x"":914,""y"":522,""t"":4070},{""x"":902,""y"":518,""t"":4116},{""x"":912,""y"":517,""t"":4184},{""x"":799,""y"":509,""t"":4233},{""x"":703,""y"":500,""t"":4252},{""x"":581,""y"":508,""t"":4318},{""x"":504,""y"":497,""t"":4369},{""x"":438,""y"":506,""t"":4386},{""x"":389,""y"":470,""t"":4454},{""x"":339,""y"":479,""t"":4469},{""x"":302,""y"":505,""t"":4511},{""x"":297,""y"":519,""t"":4553},{""x"":298,""y"":531,""t"":4595},{""x"":313,""y"":461,""t"":4663},{""x"":308,""y"":428,""t"":4713},{""x"":323,""y"":388,""t"":4732},{""x"":343,""y"":359,""t"":4806},{""x"":338,""y"":364,""t"":4828},{""x"":342,""y"":351,""t"":4896},{""x"":320,""y"":321,""t"":4912},{""x"":327,""y"":282,""t"":4954},{""x"":323,""y"":255,""t"":4995},{""x"":319,""y"":234,""t"":5040},{""x"":306,""y"":246,""t"":5109},{""x"":360,""y"":216,""t"":5161},{""x"":406,""y"":192,""t"":5178},{""x"":499,""y"":192,""t"":5244},{""x"":607,""y"":202,""t"":5296},{""x"":707,""y"":213,""t"":5311},{""x"":790,""y"":241,""t"":5377},{""x"":810,""y"":247,""t"":5428},{""x"":822,""y"":253,""t"":5443},{""x"":869,""y"":264,""t"":5510},{""x"":830,""y"":273,""t"":5562},{""x"":808,""y"":283,""t"":5579},{""x"":764,""y"":289,""t"":5648},{""x"":728,""y"":305,""t"":5700},{""x"":695,""y"":319,""t"":5715},{""x"":709,""y"":319,""t"":5781},{""x"":723,""y"":288,""t"":5836},{""x"":722,""y"":280,""t"":5852},{""x"":694,""y"":302,""t"":5918},{""x"":674,""y"":398,""t"":5970},{""x"":664,""y"":477,""t"":5986}]",1,0.8000006038828251,0.1999993961171749,mcutoff_b-last,0
126-alternatives,0,43,exp_20,1.0,752.7000000029802,0.28,0.17,4.3,8.3,higher_p,higher_m,0,1,alternatives,0.0,False,1.204,1.4110000000000005,-0.2070000000000003,0.0442583094249128,0.4,0.6,0.5,0.5,1.0,0.0,higher_m,higher_p,False,"{""durations"":[1500,1000,1500,1000],""alternatives"":[1,0,1,0],""attributes"":[""all"",""all"",""all"",""all""]}","[{""x"":606,""y"":533,""t"":-17},{""x"":585,""y"":521,""t"":0},{""x"":591,""y"":516,""t"":78},{""x"":576,""y"":520,""t"":105},{""x"":585,""y"":459,""t"":209},{""x"":589,""y"":407,""t"":262},{""x"":593,""y"":364,""t"":277},{""x"":579,""y"":332,""t"":344},{""x"":627,""y"":292,""t"":394},{""x"":672,""y"":246,""t"":408},{""x"":735,""y"":213,""t"":477},{""x"":802,""y"":218,""t"":531},{""x"":857,""y"":226,""t"":546},{""x"":907,""y"":203,""t"":614},{""x"":945,""y"":190,""t"":664},{""x"":974,""y"":182,""t"":681},{""x"":976,""y"":258,""t"":749},{""x"":1023,""y"":302,""t"":805},{""x"":1060,""y"":339,""t"":820},{""x"":1105,""y"":363,""t"":886},{""x"":1125,""y"":381,""t"":940},{""x"":1095,""y"":415,""t"":982},{""x"":1065,""y"":443,""t"":1025},{""x"":1004,""y"":414,""t"":1094},{""x"":933,""y"":361,""t"":1145},{""x"":872,""y"":315,""t"":1161},{""x"":860,""y"":270,""t"":1229},{""x"":908,""y"":229,""t"":1279},{""x"":951,""y"":195,""t"":1293},{""x"":963,""y"":163,""t"":1361},{""x"":949,""y"":132,""t"":1416},{""x"":953,""y"":97,""t"":1434},{""x"":977,""y"":90,""t"":1503},{""x"":987,""y"":136,""t"":1531},{""x"":989,""y"":111,""t"":1599},{""x"":877,""y"":108,""t"":1647},{""x"":782,""y"":128,""t"":1667},{""x"":669,""y"":146,""t"":1735},{""x"":590,""y"":119,""t"":1784},{""x"":520,""y"":143,""t"":1804},{""x"":463,""y"":136,""t"":1872},{""x"":409,""y"":156,""t"":1923},{""x"":369,""y"":173,""t"":1938},{""x"":321,""y"":156,""t"":2006},{""x"":272,""y"":168,""t"":2021},{""x"":265,""y"":168,""t"":2063},{""x"":260,""y"":193,""t"":2106},{""x"":261,""y"":214,""t"":2149},{""x"":268,""y"":213,""t"":2217},{""x"":261,""y"":199,""t"":2266},{""x"":258,""y"":187,""t"":2281},{""x"":293,""y"":179,""t"":2349},{""x"":290,""y"":173,""t"":2402},{""x"":288,""y"":167,""t"":2417},{""x"":280,""y"":171,""t"":2485},{""x"":293,""y"":148,""t"":2534},{""x"":305,""y"":128,""t"":2551},{""x"":323,""y"":132,""t"":2620},{""x"":327,""y"":140,""t"":2672},{""x"":347,""y"":121,""t"":2686},{""x"":354,""y"":122,""t"":2754},{""x"":483,""y"":157,""t"":2804},{""x"":548,""y"":177,""t"":2823},{""x"":617,""y"":193,""t"":2890},{""x"":723,""y"":170,""t"":2942},{""x"":809,""y"":150,""t"":2959},{""x"":878,""y"":137,""t"":3026},{""x"":954,""y"":200,""t"":3043},{""x"":1039,""y"":270,""t"":3085},{""x"":1077,""y"":323,""t"":3127},{""x"":1103,""y"":366,""t"":3169},{""x"":1171,""y"":381,""t"":3237},{""x"":1206,""y"":417,""t"":3287},{""x"":1230,""y"":446,""t"":3303},{""x"":1201,""y"":443,""t"":3370},{""x"":1192,""y"":446,""t"":3421},{""x"":1181,""y"":446,""t"":3437},{""x"":1149,""y"":452,""t"":3504},{""x"":985,""y"":478,""t"":3555},{""x"":844,""y"":499,""t"":3574},{""x"":713,""y"":478,""t"":3640},{""x"":602,""y"":502,""t"":3689},{""x"":513,""y"":521,""t"":3706},{""x"":438,""y"":538,""t"":3772},{""x"":383,""y"":551,""t"":3789},{""x"":330,""y"":553,""t"":3829},{""x"":299,""y"":546,""t"":3873},{""x"":280,""y"":539,""t"":3915},{""x"":295,""y"":482,""t"":3983},{""x"":319,""y"":381,""t"":4036},{""x"":324,""y"":326,""t"":4052},{""x"":334,""y"":261,""t"":4122},{""x"":431,""y"":221,""t"":4172},{""x"":511,""y"":211,""t"":4187},{""x"":588,""y"":168,""t"":4255},{""x"":665,""y"":172,""t"":4305},{""x"":748,""y"":114,""t"":4322},{""x"":700,""y"":143,""t"":4389},{""x"":659,""y"":128,""t"":4443},{""x"":622,""y"":118,""t"":4457},{""x"":577,""y"":103,""t"":4525},{""x"":536,""y"":130,""t"":4577},{""x"":478,""y"":150,""t"":4591},{""x"":432,""y"":190,""t"":4659},{""x"":409,""y"":216,""t"":4708},{""x"":391,""y"":238,""t"":4728},{""x"":361,""y"":253,""t"":4794},{""x"":381,""y"":226,""t"":4810},{""x"":382,""y"":188,""t"":4852},{""x"":365,""y"":182,""t"":4893},{""x"":382,""y"":173,""t"":4934},{""x"":375,""y"":167,""t"":5003},{""x"":379,""y"":180,""t"":5054},{""x"":398,""y"":180,""t"":5070},{""x"":369,""y"":199,""t"":5138},{""x"":361,""y"":280,""t"":5190},{""x"":355,""y"":349,""t"":5206},{""x"":356,""y"":379,""t"":5272},{""x"":370,""y"":440,""t"":5330},{""x"":362,""y"":472,""t"":5346},{""x"":357,""y"":476,""t"":5413},{""x"":410,""y"":486,""t"":5464},{""x"":464,""y"":504,""t"":5481},{""x"":540,""y"":566,""t"":5549},{""x"":598,""y"":558,""t"":5599},{""x"":672,""y"":509,""t"":5616},{""x"":706,""y"":476,""t"":5683},{""x"":797,""y"":448,""t"":5734},{""x"":883,""y"":440,""t"":5751},{""x"":919,""y"":436,""t"":5818},{""x"":935,""y"":422,""t"":5874},{""x"":943,""y"":410,""t"":5890},{""x"":975,""y"":389,""t"":5959},{""x"":992,""y"":362,""t"":6009},{""x"":1002,""y"":341,""t"":6025},{""x"":972,""y"":329,""t"":6093},{""x"":1006,""y"":333,""t"":6143},{""x"":1000,""y"":320,""t"":6161},{""x"":922,""y"":316,""t"":6227},{""x"":841,""y"":425,""t"":6278},{""x"":760,""y"":495,""t"":6294}]",1,0.8000006038828251,0.1999993961171749,mcutoff_b-last,0
126-alternatives,0,49,exp_96,0.0,577.5999999940395,0.58,0.38,4.9,6.9,higher_p,higher_m,0,1,alternatives,0.0,False,2.842,2.6220000000000003,0.2199999999999997,0.4837536146444008,0.6,0.4,0.5,0.5,0.0,1.0,higher_p,higher_m,True,"{""durations"":[1500,1000,1500,1000],""alternatives"":[0,1,0,1],""attributes"":[""all"",""all"",""all"",""all""]}","[{""x"":506,""y"":542,""t"":-20},{""x"":467,""y"":491,""t"":0},{""x"":455,""y"":431,""t"":63},{""x"":450,""y"":372,""t"":128},{""x"":457,""y"":335,""t"":177},{""x"":450,""y"":301,""t"":251},{""x"":446,""y"":274,""t"":273},{""x"":441,""y"":333,""t"":340},{""x"":509,""y"":406,""t"":358},{""x"":517,""y"":489,""t"":399},{""x"":546,""y"":560,""t"":442},{""x"":577,""y"":635,""t"":485},{""x"":588,""y"":682,""t"":552},{""x"":531,""y"":648,""t"":602},{""x"":486,""y"":627,""t"":618},{""x"":473,""y"":628,""t"":687},{""x"":446,""y"":596,""t"":739},{""x"":424,""y"":568,""t"":754},{""x"":417,""y"":548,""t"":824},{""x"":378,""y"":503,""t"":873},{""x"":347,""y"":465,""t"":888},{""x"":327,""y"":453,""t"":954},{""x"":318,""y"":459,""t"":1008},{""x"":301,""y"":470,""t"":1023},{""x"":322,""y"":486,""t"":1089},{""x"":335,""y"":460,""t"":1140},{""x"":335,""y"":449,""t"":1157},{""x"":341,""y"":382,""t"":1224},{""x"":327,""y"":348,""t"":1278},{""x"":338,""y"":339,""t"":1292},{""x"":388,""y"":301,""t"":1360},{""x"":477,""y"":287,""t"":1414},{""x"":552,""y"":242,""t"":1456},{""x"":597,""y"":257,""t"":1499},{""x"":656,""y"":290,""t"":1569},{""x"":693,""y"":284,""t"":1622},{""x"":725,""y"":289,""t"":1637},{""x"":740,""y"":298,""t"":1703},{""x"":740,""y"":290,""t"":1754},{""x"":737,""y"":284,""t"":1770},{""x"":798,""y"":314,""t"":1835},{""x"":812,""y"":370,""t"":1851},{""x"":833,""y"":385,""t"":1893},{""x"":843,""y"":425,""t"":1935},{""x"":855,""y"":467,""t"":1977},{""x"":860,""y"":476,""t"":2043},{""x"":850,""y"":478,""t"":2094},{""x"":839,""y"":478,""t"":2109},{""x"":859,""y"":532,""t"":2178},{""x"":857,""y"":519,""t"":2229},{""x"":875,""y"":538,""t"":2245},{""x"":856,""y"":523,""t"":2314},{""x"":852,""y"":464,""t"":2363},{""x"":822,""y"":419,""t"":2381},{""x"":831,""y"":402,""t"":2449},{""x"":833,""y"":364,""t"":2501},{""x"":852,""y"":332,""t"":2517},{""x"":861,""y"":291,""t"":2586},{""x"":870,""y"":246,""t"":2634},{""x"":897,""y"":218,""t"":2654},{""x"":898,""y"":224,""t"":2721},{""x"":902,""y"":192,""t"":2769},{""x"":905,""y"":174,""t"":2789},{""x"":776,""y"":161,""t"":2858},{""x"":673,""y"":173,""t"":2910},{""x"":561,""y"":189,""t"":2926},{""x"":465,""y"":177,""t"":2993},{""x"":385,""y"":213,""t"":3047},{""x"":323,""y"":245,""t"":3061},{""x"":299,""y"":265,""t"":3129},{""x"":260,""y"":327,""t"":3178},{""x"":232,""y"":379,""t"":3197},{""x"":214,""y"":414,""t"":3263},{""x"":178,""y"":434,""t"":3279},{""x"":156,""y"":473,""t"":3321},{""x"":165,""y"":500,""t"":3362},{""x"":164,""y"":503,""t"":3405},{""x"":212,""y"":464,""t"":3478},{""x"":255,""y"":415,""t"":3530},{""x"":257,""y"":380,""t"":3546},{""x"":289,""y"":363,""t"":3619},{""x"":300,""y"":357,""t"":3639},{""x"":320,""y"":346,""t"":3707},{""x"":341,""y"":318,""t"":3761},{""x"":359,""y"":294,""t"":3777},{""x"":444,""y"":243,""t"":3846},{""x"":552,""y"":215,""t"":3898},{""x"":642,""y"":193,""t"":3913},{""x"":715,""y"":168,""t"":3980},{""x"":800,""y"":169,""t"":4032},{""x"":849,""y"":190,""t"":4048},{""x"":919,""y"":181,""t"":4118},{""x"":903,""y"":213,""t"":4169},{""x"":932,""y"":192,""t"":4187},{""x"":938,""y"":190,""t"":4253},{""x"":936,""y"":175,""t"":4304},{""x"":917,""y"":141,""t"":4321},{""x"":934,""y"":118,""t"":4388},{""x"":903,""y"":84,""t"":4438},{""x"":877,""y"":61,""t"":4455},{""x"":814,""y"":84,""t"":4523},{""x"":818,""y"":94,""t"":4573},{""x"":805,""y"":126,""t"":4591},{""x"":760,""y"":231,""t"":4659},{""x"":726,""y"":324,""t"":4709},{""x"":737,""y"":413,""t"":4726},{""x"":716,""y"":487,""t"":4793},{""x"":720,""y"":551,""t"":4808},{""x"":695,""y"":605,""t"":4851},{""x"":708,""y"":652,""t"":4892},{""x"":715,""y"":693,""t"":4935},{""x"":746,""y"":710,""t"":5004},{""x"":760,""y"":708,""t"":5055},{""x"":773,""y"":702,""t"":5069},{""x"":788,""y"":642,""t"":5136},{""x"":792,""y"":559,""t"":5186},{""x"":799,""y"":479,""t"":5204},{""x"":804,""y"":389,""t"":5271},{""x"":826,""y"":335,""t"":5320},{""x"":838,""y"":286,""t"":5339},{""x"":817,""y"":273,""t"":5406},{""x"":804,""y"":304,""t"":5459},{""x"":793,""y"":334,""t"":5475},{""x"":745,""y"":325,""t"":5542},{""x"":681,""y"":339,""t"":5560},{""x"":619,""y"":329,""t"":5602},{""x"":566,""y"":342,""t"":5644},{""x"":523,""y"":375,""t"":5687},{""x"":505,""y"":366,""t"":5758},{""x"":489,""y"":338,""t"":5782},{""x"":456,""y"":331,""t"":5847},{""x"":440,""y"":319,""t"":5864},{""x"":437,""y"":289,""t"":5907},{""x"":425,""y"":275,""t"":5948},{""x"":417,""y"":263,""t"":5990},{""x"":425,""y"":271,""t"":6056},{""x"":427,""y"":273,""t"":6107},{""x"":432,""y"":283,""t"":6124},{""x"":440,""y"":294,""t"":6193}]",1,0.8000006038828251,0.1999993961171749,mcutoff_b-last,0
126-alternatives,0,53,exp_82,0.0,278.5,0.61,0.29,2.2,8.1,higher_p,higher_m,0,1,alternatives,0.0,False,1.342,2.349,-1.0069999999999997,-0.7791520984804502,0.6,0.4,0.5,0.5,0.0,0.0,higher_p,higher_p,True,"{""durations"":[1000,1500,1000,1500],""alternatives"":[1,0,1,0],""attributes"":[""all"",""all"",""all"",""all""]}","[{""x"":606,""y"":482,""t"":-16},{""x"":589,""y"":465,""t"":0},{""x"":540,""y"":456,""t"":82},{""x"":553,""y"":439,""t"":109},{""x"":546,""y"":421,""t"":183},{""x"":581,""y"":370,""t"":234},{""x"":579,""y"":332,""t"":275},{""x"":576,""y"":307,""t"":344},{""x"":653,""y"":281,""t"":393},{""x"":725,""y"":273,""t"":410},{""x"":756,""y"":233,""t"":479},{""x"":760,""y"":160,""t"":529},{""x"":764,""y"":166,""t"":545},{""x"":760,""y"":142,""t"":615},{""x"":768,""y"":111,""t"":665},{""x"":796,""y"":81,""t"":680},{""x"":849,""y"":144,""t"":749},{""x"":890,""y"":195,""t"":803},{""x"":923,""y"":240,""t"":819},{""x"":935,""y"":275,""t"":888},{""x"":829,""y"":276,""t"":940},{""x"":736,""y"":276,""t"":955},{""x"":662,""y"":263,""t"":1022},{""x"":592,""y"":218,""t"":1075},{""x"":518,""y"":227,""t"":1089},{""x"":455,""y"":198,""t"":1156},{""x"":429,""y"":207,""t"":1208},{""x"":411,""y"":215,""t"":1224},{""x"":371,""y"":197,""t"":1292},{""x"":331,""y"":182,""t"":1309},{""x"":261,""y"":161,""t"":1351},{""x"":254,""y"":204,""t"":1392},{""x"":236,""y"":186,""t"":1434},{""x"":258,""y"":167,""t"":1503},{""x"":223,""y"":161,""t"":1556},{""x"":203,""y"":166,""t"":1573},{""x"":204,""y"":223,""t"":1641},{""x"":231,""y"":252,""t"":1667},{""x"":255,""y"":275,""t"":1735},{""x"":260,""y"":323,""t"":1787},{""x"":295,""y"":315,""t"":1803},{""x"":310,""y"":320,""t"":1870},{""x"":336,""y"":333,""t"":1887},{""x"":363,""y"":338,""t"":1929},{""x"":386,""y"":341,""t"":1972},{""x"":392,""y"":312,""t"":2043},{""x"":391,""y"":300,""t"":2097},{""x"":391,""y"":284,""t"":2114},{""x"":417,""y"":304,""t"":2181},{""x"":413,""y"":306,""t"":2231},{""x"":418,""y"":293,""t"":2248},{""x"":511,""y"":291,""t"":2318},{""x"":612,""y"":268,""t"":2372},{""x"":657,""y"":225,""t"":2388},{""x"":738,""y"":226,""t"":2456},{""x"":802,""y"":267,""t"":2505},{""x"":901,""y"":260,""t"":2523},{""x"":932,""y"":196,""t"":2594},{""x"":945,""y"":164,""t"":2645},{""x"":950,""y"":138,""t"":2661},{""x"":984,""y"":110,""t"":2727},{""x"":1022,""y"":120,""t"":2779},{""x"":1050,""y"":130,""t"":2794},{""x"":1077,""y"":152,""t"":2862},{""x"":1026,""y"":214,""t"":2913},{""x"":988,""y"":222,""t"":2928},{""x"":991,""y"":300,""t"":2996},{""x"":921,""y"":336,""t"":3047},{""x"":859,""y"":364,""t"":3062},{""x"":840,""y"":382,""t"":3129},{""x"":796,""y"":321,""t"":3180},{""x"":761,""y"":266,""t"":3197},{""x"":749,""y"":232,""t"":3265},{""x"":716,""y"":240,""t"":3317},{""x"":690,""y"":249,""t"":3333},{""x"":643,""y"":349,""t"":3401},{""x"":606,""y"":434,""t"":3454},{""x"":577,""y"":504,""t"":3469},{""x"":572,""y"":499,""t"":3536},{""x"":561,""y"":457,""t"":3552},{""x"":550,""y"":429,""t"":3596},{""x"":543,""y"":404,""t"":3641},{""x"":549,""y"":343,""t"":3708},{""x"":591,""y"":319,""t"":3761},{""x"":629,""y"":299,""t"":3776},{""x"":528,""y"":304,""t"":3847},{""x"":458,""y"":308,""t"":3902},{""x"":400,""y"":312,""t"":3956},{""x"":361,""y"":289,""t"":4025},{""x"":322,""y"":275,""t"":4046},{""x"":272,""y"":264,""t"":4113},{""x"":263,""y"":310,""t"":4129},{""x"":237,""y"":331,""t"":4171},{""x"":220,""y"":367,""t"":4213},{""x"":209,""y"":397,""t"":4256},{""x"":203,""y"":414,""t"":4324},{""x"":241,""y"":403,""t"":4374},{""x"":276,""y"":392,""t"":4390},{""x"":251,""y"":378,""t"":4458},{""x"":242,""y"":373,""t"":4510},{""x"":235,""y"":370,""t"":4525},{""x"":276,""y"":337,""t"":4593},{""x"":301,""y"":283,""t"":4641},{""x"":321,""y"":237,""t"":4658},{""x"":338,""y"":229,""t"":4726},{""x"":379,""y"":189,""t"":4741},{""x"":392,""y"":185,""t"":4785},{""x"":380,""y"":205,""t"":4826},{""x"":369,""y"":224,""t"":4868},{""x"":387,""y"":204,""t"":4936},{""x"":416,""y"":195,""t"":4987},{""x"":439,""y"":189,""t"":5001},{""x"":462,""y"":202,""t"":5072},{""x"":476,""y"":210,""t"":5126},{""x"":469,""y"":211,""t"":5141},{""x"":477,""y"":202,""t"":5211},{""x"":453,""y"":188,""t"":5237},{""x"":426,""y"":160,""t"":5306},{""x"":444,""y"":186,""t"":5358},{""x"":414,""y"":190,""t"":5376},{""x"":432,""y"":188,""t"":5445},{""x"":491,""y"":242,""t"":5500},{""x"":561,""y"":296,""t"":5515},{""x"":557,""y"":374,""t"":5582},{""x"":534,""y"":415,""t"":5633},{""x"":513,""y"":458,""t"":5648},{""x"":505,""y"":480,""t"":5718},{""x"":498,""y"":492,""t"":5770},{""x"":492,""y"":499,""t"":5786}]",0,0.8000006038828251,0.1999993961171749,mcutoff_b-last,0
126-alternatives,0,57,exp_98,0.0,744.0,0.58,0.38,4.9,6.9,higher_p,higher_m,0,1,alternatives,0.0,False,2.842,2.6220000000000003,0.2199999999999997,0.4837536146444008,0.6,0.4,0.5,0.5,0.0,0.0,higher_p,higher_p,True,"{""durations"":[1000,1500,1000,1500],""alternatives"":[1,0,1,0],""attributes"":[""all"",""all"",""all"",""all""]}","[{""x"":514,""y"":417,""t"":-18},{""x"":488,""y"":408,""t"":0},{""x"":519,""y"":341,""t"":86},{""x"":553,""y"":280,""t"":126},{""x"":583,""y"":230,""t"":172},{""x"":600,""y"":229,""t"":247},{""x"":622,""y"":238,""t"":273},{""x"":568,""y"":256,""t"":340},{""x"":553,""y"":229,""t"":357},{""x"":502,""y"":237,""t"":399},{""x"":489,""y"":249,""t"":440},{""x"":479,""y"":260,""t"":483},{""x"":466,""y"":255,""t"":551},{""x"":521,""y"":250,""t"":606},{""x"":570,""y"":247,""t"":620},{""x"":629,""y"":227,""t"":688},{""x"":692,""y"":260,""t"":740},{""x"":744,""y"":288,""t"":757},{""x"":776,""y"":270,""t"":825},{""x"":756,""y"":250,""t"":876},{""x"":729,""y"":222,""t"":892},{""x"":701,""y"":213,""t"":959},{""x"":645,""y"":179,""t"":1010},{""x"":597,""y"":152,""t"":1026},{""x"":572,""y"":169,""t"":1095},{""x"":552,""y"":185,""t"":1123},{""x"":499,""y"":172,""t"":1190},{""x"":447,""y"":175,""t"":1208},{""x"":414,""y"":165,""t"":1250},{""x"":344,""y"":157,""t"":1292},{""x"":298,""y"":188,""t"":1335},{""x"":398,""y"":167,""t"":1403},{""x"":501,""y"":139,""t"":1452},{""x"":577,""y"":120,""t"":1469},{""x"":671,""y"":106,""t"":1538},{""x"":739,""y"":106,""t"":1587},{""x"":803,""y"":96,""t"":1603},{""x"":859,""y"":203,""t"":1673},{""x"":891,""y"":269,""t"":1720},{""x"":935,""y"":315,""t"":1738},{""x"":934,""y"":360,""t"":1806},{""x"":921,""y"":353,""t"":1859},{""x"":920,""y"":328,""t"":1874},{""x"":915,""y"":305,""t"":1942},{""x"":925,""y"":292,""t"":1991},{""x"":932,""y"":280,""t"":2007},{""x"":914,""y"":275,""t"":2075},{""x"":912,""y"":258,""t"":2125},{""x"":970,""y"":219,""t"":2148},{""x"":931,""y"":222,""t"":2217},{""x"":826,""y"":232,""t"":2269},{""x"":724,""y"":226,""t"":2283},{""x"":625,""y"":225,""t"":2350},{""x"":546,""y"":223,""t"":2403},{""x"":482,""y"":222,""t"":2418},{""x"":435,""y"":241,""t"":2484},{""x"":390,""y"":255,""t"":2535},{""x"":363,""y"":263,""t"":2551},{""x"":304,""y"":280,""t"":2622},{""x"":283,""y"":259,""t"":2678},{""x"":278,""y"":266,""t"":2694},{""x"":291,""y"":256,""t"":2762},{""x"":291,""y"":273,""t"":2815},{""x"":288,""y"":260,""t"":2831},{""x"":298,""y"":256,""t"":2899},{""x"":316,""y"":246,""t"":2950},{""x"":310,""y"":206,""t"":2965},{""x"":320,""y"":254,""t"":3030},{""x"":314,""y"":297,""t"":3083},{""x"":310,""y"":334,""t"":3098},{""x"":350,""y"":382,""t"":3164},{""x"":335,""y"":411,""t"":3216},{""x"":322,""y"":433,""t"":3232},{""x"":361,""y"":396,""t"":3299},{""x"":372,""y"":359,""t"":3350},{""x"":381,""y"":326,""t"":3368},{""x"":427,""y"":283,""t"":3433},{""x"":419,""y"":247,""t"":3449},{""x"":400,""y"":201,""t"":3491},{""x"":538,""y"":183,""t"":3532},{""x"":645,""y"":140,""t"":3576},{""x"":742,""y"":138,""t"":3647},{""x"":807,""y"":172,""t"":3695},{""x"":852,""y"":179,""t"":3711},{""x"":901,""y"":185,""t"":3778},{""x"":948,""y"":181,""t"":3828},{""x"":966,""y"":174,""t"":3845},{""x"":981,""y"":186,""t"":3914},{""x"":995,""y"":193,""t"":3963},{""x"":987,""y"":216,""t"":3980},{""x"":989,""y"":227,""t"":4046},{""x"":947,""y"":234,""t"":4096},{""x"":937,""y"":229,""t"":4115},{""x"":910,""y"":219,""t"":4181},{""x"":788,""y"":267,""t"":4198},{""x"":691,""y"":327,""t"":4241},{""x"":613,""y"":358,""t"":4282},{""x"":541,""y"":351,""t"":4325},{""x"":464,""y"":353,""t"":4394},{""x"":401,""y"":371,""t"":4445},{""x"":353,""y"":385,""t"":4460},{""x"":435,""y"":396,""t"":4528},{""x"":497,""y"":387,""t"":4579},{""x"":554,""y"":377,""t"":4594},{""x"":611,""y"":406,""t"":4662},{""x"":638,""y"":430,""t"":4714},{""x"":679,""y"":425,""t"":4730},{""x"":743,""y"":443,""t"":4798},{""x"":780,""y"":468,""t"":4849},{""x"":807,""y"":482,""t"":4864},{""x"":841,""y"":494,""t"":4932},{""x"":869,""y"":504,""t"":4985},{""x"":857,""y"":480,""t"":5000},{""x"":872,""y"":498,""t"":5068},{""x"":880,""y"":519,""t"":5123},{""x"":884,""y"":536,""t"":5138},{""x"":857,""y"":551,""t"":5204},{""x"":871,""y"":553,""t"":5254},{""x"":909,""y"":546,""t"":5271},{""x"":817,""y"":506,""t"":5336},{""x"":690,""y"":470,""t"":5354},{""x"":596,""y"":451,""t"":5396},{""x"":543,""y"":405,""t"":5438},{""x"":528,""y"":340,""t"":5481},{""x"":478,""y"":384,""t"":5549},{""x"":455,""y"":404,""t"":5600},{""x"":458,""y"":453,""t"":5618},{""x"":428,""y"":437,""t"":5686},{""x"":412,""y"":434,""t"":5737},{""x"":406,""y"":442,""t"":5754},{""x"":402,""y"":434,""t"":5822},{""x"":489,""y"":416,""t"":5872},{""x"":556,""y"":405,""t"":5889},{""x"":615,""y"":376,""t"":5958},{""x"":626,""y"":387,""t"":6007},{""x"":633,""y"":397,""t"":6023},{""x"":646,""y"":386,""t"":6092},{""x"":671,""y"":344,""t"":6141},{""x"":691,""y"":312,""t"":6158},{""x"":639,""y"":355,""t"":6228},{""x"":574,""y"":497,""t"":6277},{""x"":552,""y"":594,""t"":6294}]",0,0.8000006038828251,0.1999993961171749,mcutoff_b-last,0
126-alternatives,0,58,exp_78,0.0,374.8000000119209,0.8,0.2,4.0,6.799999999999999,higher_p,higher_m,0,1,alternatives,0.0,False,3.2,1.36,1.8400000000000003,2.151159690652763,0.4,0.6,0.5,0.5,1.0,1.0,higher_m,higher_m,True,"{""durations"":[1000,1500,1000,1500],""alternatives"":[0,1,0,1],""attributes"":[""all"",""all"",""all"",""all""]}","[{""x"":518,""y"":392,""t"":-45},{""x"":467,""y"":417,""t"":0},{""x"":486,""y"":419,""t"":115},{""x"":506,""y"":400,""t"":136},{""x"":539,""y"":393,""t"":207},{""x"":549,""y"":359,""t"":259},{""x"":555,""y"":360,""t"":274},{""x"":551,""y"":364,""t"":342},{""x"":505,""y"":355,""t"":396},{""x"":465,""y"":348,""t"":412},{""x"":442,""y"":317,""t"":480},{""x"":393,""y"":292,""t"":530},{""x"":355,""y"":280,""t"":546},{""x"":343,""y"":286,""t"":614},{""x"":346,""y"":290,""t"":647},{""x"":359,""y"":325,""t"":713},{""x"":354,""y"":394,""t"":729},{""x"":343,""y"":386,""t"":809},{""x"":320,""y"":396,""t"":851},{""x"":335,""y"":378,""t"":919},{""x"":352,""y"":367,""t"":969},{""x"":355,""y"":379,""t"":987},{""x"":327,""y"":364,""t"":1059},{""x"":338,""y"":323,""t"":1115},{""x"":347,""y"":287,""t"":1130},{""x"":329,""y"":264,""t"":1198},{""x"":307,""y"":269,""t"":1226},{""x"":289,""y"":304,""t"":1293},{""x"":373,""y"":295,""t"":1344},{""x"":446,""y"":289,""t"":1361},{""x"":546,""y"":279,""t"":1428},{""x"":686,""y"":248,""t"":1445},{""x"":777,""y"":215,""t"":1485},{""x"":813,""y"":231,""t"":1529},{""x"":860,""y"":219,""t"":1571},{""x"":923,""y"":259,""t"":1638},{""x"":1018,""y"":315,""t"":1690},{""x"":1094,""y"":362,""t"":1705},{""x"":1073,""y"":356,""t"":1772},{""x"":1025,""y"":370,""t"":1821},{""x"":979,""y"":384,""t"":1837},{""x"":957,""y"":372,""t"":1905},{""x"":946,""y"":393,""t"":1958},{""x"":934,""y"":410,""t"":1975},{""x"":921,""y"":391,""t"":2041},{""x"":890,""y"":307,""t"":2091},{""x"":872,""y"":264,""t"":2109},{""x"":889,""y"":246,""t"":2175},{""x"":864,""y"":227,""t"":2190},{""x"":787,""y"":214,""t"":2232},{""x"":656,""y"":220,""t"":2274},{""x"":546,""y"":227,""t"":2318},{""x"":467,""y"":233,""t"":2385},{""x"":406,""y"":229,""t"":2434},{""x"":360,""y"":227,""t"":2451},{""x"":303,""y"":220,""t"":2519},{""x"":280,""y"":221,""t"":2571},{""x"":278,""y"":209,""t"":2587},{""x"":282,""y"":210,""t"":2656},{""x"":259,""y"":221,""t"":2704},{""x"":254,""y"":230,""t"":2724},{""x"":245,""y"":247,""t"":2793},{""x"":243,""y"":246,""t"":2844},{""x"":244,""y"":246,""t"":2859},{""x"":260,""y"":255,""t"":2930},{""x"":271,""y"":275,""t"":2982},{""x"":282,""y"":288,""t"":2997},{""x"":290,""y"":292,""t"":3066},{""x"":263,""y"":326,""t"":3118},{""x"":241,""y"":374,""t"":3132},{""x"":262,""y"":467,""t"":3202},{""x"":280,""y"":537,""t"":3254},{""x"":283,""y"":589,""t"":3271},{""x"":313,""y"":624,""t"":3338},{""x"":357,""y"":659,""t"":3390},{""x"":395,""y"":685,""t"":3405},{""x"":492,""y"":652,""t"":3470},{""x"":595,""y"":601,""t"":3523},{""x"":657,""y"":552,""t"":3539},{""x"":726,""y"":540,""t"":3608},{""x"":776,""y"":523,""t"":3660},{""x"":835,""y"":490,""t"":3677},{""x"":867,""y"":444,""t"":3745},{""x"":877,""y"":441,""t"":3797},{""x"":880,""y"":440,""t"":3812},{""x"":864,""y"":447,""t"":3878},{""x"":893,""y"":465,""t"":3931},{""x"":915,""y"":481,""t"":3947},{""x"":932,""y"":486,""t"":4014},{""x"":909,""y"":508,""t"":4065},{""x"":886,""y"":527,""t"":4081},{""x"":889,""y"":529,""t"":4149},{""x"":927,""y"":480,""t"":4199},{""x"":902,""y"":441,""t"":4217},{""x"":925,""y"":402,""t"":4284},{""x"":888,""y"":368,""t"":4338},{""x"":850,""y"":319,""t"":4355},{""x"":861,""y"":288,""t"":4421},{""x"":754,""y"":293,""t"":4472},{""x"":615,""y"":324,""t"":4489},{""x"":491,""y"":325,""t"":4556},{""x"":408,""y"":310,""t"":4605},{""x"":339,""y"":305,""t"":4625},{""x"":276,""y"":292,""t"":4690},{""x"":242,""y"":278,""t"":4706},{""x"":252,""y"":287,""t"":4748},{""x"":267,""y"":292,""t"":4790},{""x"":280,""y"":284,""t"":4832},{""x"":291,""y"":292,""t"":4901},{""x"":285,""y"":279,""t"":4952},{""x"":288,""y"":274,""t"":4967},{""x"":292,""y"":294,""t"":5033},{""x"":294,""y"":291,""t"":5088},{""x"":298,""y"":288,""t"":5103},{""x"":332,""y"":299,""t"":5169},{""x"":325,""y"":310,""t"":5221},{""x"":320,""y"":319,""t"":5236},{""x"":319,""y"":336,""t"":5302},{""x"":319,""y"":349,""t"":5318},{""x"":368,""y"":340,""t"":5386},{""x"":410,""y"":332,""t"":5407},{""x"":463,""y"":321,""t"":5476},{""x"":491,""y"":328,""t"":5528},{""x"":504,""y"":325,""t"":5544},{""x"":499,""y"":325,""t"":5611},{""x"":477,""y"":335,""t"":5661},{""x"":457,""y"":344,""t"":5679},{""x"":437,""y"":350,""t"":5746},{""x"":415,""y"":342,""t"":5762},{""x"":460,""y"":329,""t"":5804},{""x"":460,""y"":332,""t"":5847},{""x"":459,""y"":334,""t"":5891}]",0,0.8000006038828251,0.1999993961171749,mcutoff_b-last,0
126-alternatives,0,60,catch_2,1.0,237.9000000059605,0.38,0.6,2.2,4.0,dominated,dominant,1,1,alternatives,0.0,False,0.8360000000000001,2.4,-1.5639999999999998,-1.35245159498456,0.5,0.5,0.5,0.5,,1.0,,dominant,True,"{""durations"":[1250,1250,1250,1250],""attributes"":[""all"",""all"",""all"",""all""],""alternatives"":[0,1,0,1]}","[{""x"":621,""y"":417,""t"":-18},{""x"":601,""y"":423,""t"":0},{""x"":606,""y"":407,""t"":77},{""x"":609,""y"":395,""t"":103},{""x"":596,""y"":383,""t"":207},{""x"":596,""y"":380,""t"":260},{""x"":579,""y"":354,""t"":276},{""x"":553,""y"":324,""t"":343},{""x"":522,""y"":304,""t"":399},{""x"":497,""y"":289,""t"":413},{""x"":479,""y"":282,""t"":481},{""x"":479,""y"":290,""t"":534},{""x"":482,""y"":299,""t"":549},{""x"":476,""y"":274,""t"":616},{""x"":479,""y"":271,""t"":669},{""x"":482,""y"":269,""t"":685},{""x"":505,""y"":290,""t"":751},{""x"":499,""y"":276,""t"":802},{""x"":465,""y"":309,""t"":817},{""x"":403,""y"":288,""t"":884},{""x"":410,""y"":310,""t"":900},{""x"":516,""y"":289,""t"":943},{""x"":586,""y"":301,""t"":985},{""x"":667,""y"":315,""t"":1027},{""x"":747,""y"":313,""t"":1094},{""x"":833,""y"":294,""t"":1143},{""x"":903,""y"":277,""t"":1164},{""x"":916,""y"":274,""t"":1232},{""x"":922,""y"":272,""t"":1259},{""x"":917,""y"":240,""t"":1327},{""x"":872,""y"":223,""t"":1377},{""x"":859,""y"":194,""t"":1394},{""x"":868,""y"":170,""t"":1461},{""x"":874,""y"":151,""t"":1476},{""x"":892,""y"":168,""t"":1544},{""x"":891,""y"":176,""t"":1564},{""x"":917,""y"":183,""t"":1630},{""x"":938,""y"":175,""t"":1644},{""x"":947,""y"":170,""t"":1713},{""x"":942,""y"":173,""t"":1735},{""x"":908,""y"":270,""t"":1803},{""x"":852,""y"":356,""t"":1856},{""x"":804,""y"":425,""t"":1872},{""x"":775,""y"":474,""t"":1940},{""x"":759,""y"":519,""t"":1990},{""x"":736,""y"":539,""t"":2006},{""x"":737,""y"":554,""t"":2073},{""x"":716,""y"":482,""t"":2089},{""x"":740,""y"":446,""t"":2132},{""x"":792,""y"":413,""t"":2172},{""x"":813,""y"":386,""t"":2214},{""x"":804,""y"":390,""t"":2282},{""x"":814,""y"":361,""t"":2333},{""x"":818,""y"":358,""t"":2348},{""x"":830,""y"":314,""t"":2416},{""x"":860,""y"":323,""t"":2467},{""x"":885,""y"":332,""t"":2483},{""x"":912,""y"":299,""t"":2552},{""x"":780,""y"":273,""t"":2604},{""x"":667,""y"":252,""t"":2620},{""x"":570,""y"":283,""t"":2688},{""x"":476,""y"":297,""t"":2738},{""x"":413,""y"":300,""t"":2755},{""x"":364,""y"":329,""t"":2822},{""x"":337,""y"":385,""t"":2839},{""x"":316,""y"":439,""t"":2880},{""x"":305,""y"":476,""t"":2923},{""x"":310,""y"":491,""t"":2965},{""x"":320,""y"":509,""t"":3031},{""x"":339,""y"":514,""t"":3083},{""x"":357,""y"":515,""t"":3097},{""x"":372,""y"":479,""t"":3164},{""x"":354,""y"":447,""t"":3215},{""x"":339,""y"":419,""t"":3230},{""x"":372,""y"":366,""t"":3297},{""x"":358,""y"":347,""t"":3314},{""x"":381,""y"":303,""t"":3354},{""x"":384,""y"":308,""t"":3397},{""x"":379,""y"":328,""t"":3440},{""x"":413,""y"":298,""t"":3506},{""x"":398,""y"":303,""t"":3557},{""x"":382,""y"":315,""t"":3573},{""x"":405,""y"":319,""t"":3639},{""x"":473,""y"":337,""t"":3690},{""x"":530,""y"":353,""t"":3707},{""x"":645,""y"":331,""t"":3774},{""x"":714,""y"":331,""t"":3789},{""x"":787,""y"":312,""t"":3833},{""x"":845,""y"":296,""t"":3878},{""x"":913,""y"":274,""t"":3947},{""x"":938,""y"":277,""t"":3995},{""x"":950,""y"":298,""t"":4013},{""x"":984,""y"":334,""t"":4081},{""x"":1014,""y"":368,""t"":4135},{""x"":1039,""y"":405,""t"":4150},{""x"":1006,""y"":451,""t"":4218},{""x"":973,""y"":481,""t"":4267},{""x"":947,""y"":504,""t"":4285},{""x"":916,""y"":467,""t"":4353},{""x"":874,""y"":458,""t"":4401},{""x"":838,""y"":449,""t"":4421},{""x"":820,""y"":467,""t"":4487},{""x"":762,""y"":477,""t"":4505},{""x"":738,""y"":471,""t"":4547},{""x"":735,""y"":468,""t"":4588},{""x"":733,""y"":465,""t"":4632},{""x"":744,""y"":461,""t"":4699},{""x"":722,""y"":491,""t"":4750},{""x"":723,""y"":508,""t"":4765},{""x"":776,""y"":515,""t"":4832},{""x"":809,""y"":507,""t"":4883},{""x"":828,""y"":502,""t"":4898},{""x"":852,""y"":508,""t"":4964},{""x"":879,""y"":518,""t"":5016},{""x"":901,""y"":526,""t"":5032},{""x"":862,""y"":537,""t"":5100},{""x"":788,""y"":539,""t"":5151},{""x"":736,""y"":542,""t"":5170},{""x"":689,""y"":530,""t"":5237},{""x"":674,""y"":518,""t"":5292},{""x"":664,""y"":507,""t"":5311},{""x"":647,""y"":511,""t"":5380},{""x"":630,""y"":485,""t"":5428},{""x"":618,""y"":463,""t"":5447},{""x"":672,""y"":478,""t"":5514},{""x"":719,""y"":496,""t"":5563},{""x"":760,""y"":512,""t"":5581},{""x"":775,""y"":502,""t"":5647},{""x"":744,""y"":525,""t"":5697},{""x"":720,""y"":583,""t"":5715},{""x"":720,""y"":635,""t"":5782}]",0,0.1999993961171749,0.8000006038828251,mcutoff_b-last,0
126-alternatives,0,61,exp_80,0.0,564.5999999940395,0.61,0.29,2.2,8.1,higher_p,higher_m,0,1,alternatives,0.0,False,1.342,2.349,-1.0069999999999997,-0.7791520984804502,0.6,0.4,0.5,0.5,0.0,1.0,higher_p,higher_m,True,"{""durations"":[1500,1000,1500,1000],""alternatives"":[0,1,0,1],""attributes"":[""all"",""all"",""all"",""all""]}","[{""x"":764,""y"":558,""t"":-18},{""x"":795,""y"":549,""t"":0},{""x"":720,""y"":476,""t"":82},{""x"":641,""y"":423,""t"":109},{""x"":595,""y"":402,""t"":215},{""x"":557,""y"":386,""t"":239},{""x"":545,""y"":361,""t"":309},{""x"":515,""y"":391,""t"":356},{""x"":508,""y"":400,""t"":375},{""x"":579,""y"":342,""t"":444},{""x"":629,""y"":307,""t"":493},{""x"":665,""y"":284,""t"":511},{""x"":699,""y"":269,""t"":583},{""x"":732,""y"":251,""t"":633},{""x"":759,""y"":238,""t"":648},{""x"":793,""y"":255,""t"":716},{""x"":829,""y"":249,""t"":765},{""x"":862,""y"":262,""t"":783},{""x"":880,""y"":276,""t"":852},{""x"":885,""y"":314,""t"":901},{""x"":874,""y"":328,""t"":919},{""x"":886,""y"":389,""t"":987},{""x"":908,""y"":433,""t"":1038},{""x"":925,""y"":470,""t"":1055},{""x"":811,""y"":428,""t"":1122},{""x"":713,""y"":401,""t"":1174},{""x"":630,""y"":377,""t"":1191},{""x"":590,""y"":352,""t"":1268},{""x"":541,""y"":340,""t"":1321},{""x"":503,""y"":331,""t"":1363},{""x"":459,""y"":311,""t"":1433},{""x"":412,""y"":293,""t"":1484},{""x"":366,""y"":288,""t"":1501},{""x"":342,""y"":287,""t"":1569},{""x"":347,""y"":234,""t"":1623},{""x"":338,""y"":211,""t"":1640},{""x"":339,""y"":181,""t"":1707},{""x"":331,""y"":212,""t"":1758},{""x"":327,""y"":240,""t"":1776},{""x"":320,""y"":245,""t"":1844},{""x"":343,""y"":230,""t"":1894},{""x"":364,""y"":217,""t"":1911},{""x"":382,""y"":223,""t"":1979},{""x"":356,""y"":256,""t"":2029},{""x"":334,""y"":284,""t"":2046},{""x"":328,""y"":301,""t"":2115},{""x"":317,""y"":346,""t"":2166},{""x"":347,""y"":376,""t"":2183},{""x"":377,""y"":412,""t"":2251},{""x"":369,""y"":367,""t"":2301},{""x"":342,""y"":339,""t"":2317},{""x"":348,""y"":316,""t"":2384},{""x"":363,""y"":291,""t"":2433},{""x"":378,""y"":271,""t"":2449},{""x"":382,""y"":275,""t"":2519},{""x"":379,""y"":270,""t"":2570},{""x"":358,""y"":246,""t"":2587},{""x"":348,""y"":293,""t"":2654},{""x"":334,""y"":350,""t"":2706},{""x"":338,""y"":378,""t"":2724},{""x"":346,""y"":407,""t"":2793},{""x"":324,""y"":409,""t"":2845},{""x"":329,""y"":404,""t"":2860},{""x"":389,""y"":466,""t"":2927},{""x"":409,""y"":527,""t"":2977},{""x"":425,""y"":577,""t"":2993},{""x"":523,""y"":616,""t"":3060},{""x"":617,""y"":633,""t"":3078},{""x"":669,""y"":570,""t"":3120},{""x"":751,""y"":518,""t"":3161},{""x"":787,""y"":473,""t"":3204},{""x"":784,""y"":355,""t"":3271},{""x"":843,""y"":280,""t"":3321},{""x"":871,""y"":191,""t"":3337},{""x"":880,""y"":144,""t"":3403},{""x"":917,""y"":123,""t"":3454},{""x"":945,""y"":109,""t"":3469},{""x"":955,""y"":123,""t"":3536},{""x"":955,""y"":139,""t"":3587},{""x"":952,""y"":155,""t"":3606},{""x"":966,""y"":240,""t"":3671},{""x"":991,""y"":328,""t"":3686},{""x"":1004,""y"":368,""t"":3729},{""x"":1018,""y"":436,""t"":3771},{""x"":1028,""y"":491,""t"":3815},{""x"":1019,""y"":503,""t"":3883},{""x"":994,""y"":416,""t"":3934},{""x"":963,""y"":366,""t"":3950},{""x"":944,""y"":337,""t"":4018},{""x"":912,""y"":279,""t"":4069},{""x"":896,""y"":302,""t"":4085},{""x"":787,""y"":264,""t"":4156},{""x"":677,""y"":248,""t"":4203},{""x"":586,""y"":237,""t"":4218},{""x"":529,""y"":221,""t"":4286},{""x"":457,""y"":205,""t"":4336},{""x"":401,""y"":192,""t"":4354},{""x"":360,""y"":243,""t"":4422},{""x"":334,""y"":285,""t"":4472},{""x"":324,""y"":309,""t"":4488},{""x"":297,""y"":317,""t"":4556},{""x"":285,""y"":292,""t"":4605},{""x"":279,""y"":271,""t"":4624},{""x"":310,""y"":294,""t"":4692},{""x"":338,""y"":328,""t"":4743},{""x"":354,""y"":360,""t"":4762},{""x"":349,""y"":359,""t"":4829},{""x"":381,""y"":322,""t"":4877},{""x"":401,""y"":306,""t"":4896},{""x"":384,""y"":271,""t"":4964},{""x"":375,""y"":267,""t"":4979},{""x"":343,""y"":247,""t"":5023},{""x"":382,""y"":191,""t"":5065},{""x"":384,""y"":157,""t"":5110},{""x"":363,""y"":154,""t"":5176},{""x"":318,""y"":182,""t"":5227},{""x"":300,""y"":164,""t"":5242},{""x"":307,""y"":155,""t"":5309},{""x"":384,""y"":135,""t"":5362},{""x"":437,""y"":162,""t"":5377},{""x"":512,""y"":121,""t"":5444},{""x"":610,""y"":181,""t"":5494},{""x"":680,""y"":271,""t"":5510},{""x"":727,""y"":335,""t"":5576},{""x"":760,""y"":389,""t"":5629},{""x"":766,""y"":433,""t"":5646},{""x"":775,""y"":469,""t"":5714},{""x"":784,""y"":488,""t"":5766},{""x"":789,""y"":500,""t"":5781},{""x"":809,""y"":531,""t"":5850},{""x"":783,""y"":631,""t"":5908},{""x"":796,""y"":700,""t"":5925},{""x"":843,""y"":748,""t"":5993},{""x"":864,""y"":752,""t"":6042},{""x"":889,""y"":740,""t"":6060}]",0,0.8000006038828251,0.1999993961171749,mcutoff_b-last,0
126-alternatives,0,62,catch_6,1.0,325.20000000298023,0.23,0.59,1.9,2.7,dominated,dominant,1,1,alternatives,0.0,False,0.437,1.593,-1.156,-0.9325122869528244,0.5,0.5,0.5,0.5,,1.0,,dominant,True,"{""durations"":[1250,1250,1250,1250],""attributes"":[""all"",""all"",""all"",""all""],""alternatives"":[0,1,0,1]}","[{""x"":723,""y"":417,""t"":-16},{""x"":715,""y"":409,""t"":0},{""x"":681,""y"":394,""t"":88},{""x"":638,""y"":374,""t"":128},{""x"":618,""y"":367,""t"":176},{""x"":596,""y"":334,""t"":250},{""x"":577,""y"":335,""t"":272},{""x"":595,""y"":314,""t"":339},{""x"":589,""y"":308,""t"":356},{""x"":552,""y"":268,""t"":397},{""x"":491,""y"":283,""t"":439},{""x"":445,""y"":265,""t"":482},{""x"":416,""y"":271,""t"":551},{""x"":409,""y"":280,""t"":599},{""x"":436,""y"":263,""t"":614},{""x"":500,""y"":276,""t"":682},{""x"":582,""y"":233,""t"":734},{""x"":675,""y"":228,""t"":750},{""x"":707,""y"":240,""t"":822},{""x"":718,""y"":239,""t"":872},{""x"":735,""y"":193,""t"":886},{""x"":755,""y"":202,""t"":953},{""x"":823,""y"":224,""t"":1002},{""x"":879,""y"":245,""t"":1020},{""x"":869,""y"":250,""t"":1087},{""x"":871,""y"":253,""t"":1104},{""x"":845,""y"":229,""t"":1146},{""x"":813,""y"":218,""t"":1187},{""x"":774,""y"":204,""t"":1227},{""x"":782,""y"":178,""t"":1295},{""x"":808,""y"":180,""t"":1347},{""x"":813,""y"":187,""t"":1362},{""x"":823,""y"":174,""t"":1430},{""x"":840,""y"":185,""t"":1484},{""x"":852,""y"":188,""t"":1500},{""x"":850,""y"":211,""t"":1565},{""x"":848,""y"":232,""t"":1615},{""x"":845,""y"":251,""t"":1632},{""x"":842,""y"":268,""t"":1698},{""x"":820,""y"":257,""t"":1716},{""x"":819,""y"":237,""t"":1757},{""x"":816,""y"":232,""t"":1800},{""x"":828,""y"":273,""t"":1843},{""x"":858,""y"":322,""t"":1909},{""x"":825,""y"":408,""t"":1961},{""x"":797,""y"":479,""t"":1978},{""x"":792,""y"":517,""t"":2046},{""x"":786,""y"":508,""t"":2095},{""x"":782,""y"":497,""t"":2113},{""x"":755,""y"":501,""t"":2181},{""x"":740,""y"":510,""t"":2231},{""x"":734,""y"":521,""t"":2249},{""x"":713,""y"":511,""t"":2316},{""x"":704,""y"":501,""t"":2366},{""x"":679,""y"":502,""t"":2383},{""x"":670,""y"":489,""t"":2452},{""x"":699,""y"":510,""t"":2502},{""x"":702,""y"":516,""t"":2519},{""x"":725,""y"":506,""t"":2586},{""x"":760,""y"":496,""t"":2636},{""x"":789,""y"":486,""t"":2653},{""x"":787,""y"":481,""t"":2721},{""x"":681,""y"":465,""t"":2768},{""x"":585,""y"":451,""t"":2790},{""x"":528,""y"":414,""t"":2855},{""x"":484,""y"":379,""t"":2871},{""x"":449,""y"":365,""t"":2914},{""x"":425,""y"":335,""t"":2955},{""x"":408,""y"":318,""t"":2998},{""x"":348,""y"":332,""t"":3067},{""x"":303,""y"":359,""t"":3119},{""x"":268,""y"":383,""t"":3134},{""x"":255,""y"":398,""t"":3201},{""x"":281,""y"":408,""t"":3256},{""x"":307,""y"":416,""t"":3271},{""x"":314,""y"":446,""t"":3338},{""x"":302,""y"":419,""t"":3388},{""x"":294,""y"":415,""t"":3405},{""x"":302,""y"":419,""t"":3472},{""x"":323,""y"":399,""t"":3523},{""x"":336,""y"":394,""t"":3538},{""x"":349,""y"":418,""t"":3605},{""x"":348,""y"":435,""t"":3658},{""x"":377,""y"":464,""t"":3672},{""x"":459,""y"":413,""t"":3739},{""x"":529,""y"":368,""t"":3755},{""x"":600,""y"":361,""t"":3823},{""x"":657,""y"":356,""t"":3842},{""x"":703,""y"":351,""t"":3913},{""x"":693,""y"":364,""t"":3965},{""x"":680,""y"":376,""t"":3980},{""x"":712,""y"":349,""t"":4046},{""x"":768,""y"":313,""t"":4098},{""x"":814,""y"":283,""t"":4115},{""x"":873,""y"":253,""t"":4182},{""x"":870,""y"":256,""t"":4198},{""x"":866,""y"":242,""t"":4240},{""x"":858,""y"":229,""t"":4285},{""x"":872,""y"":223,""t"":4354},{""x"":816,""y"":277,""t"":4403},{""x"":766,""y"":324,""t"":4421},{""x"":752,""y"":438,""t"":4489},{""x"":744,""y"":488,""t"":4540},{""x"":747,""y"":549,""t"":4559},{""x"":755,""y"":590,""t"":4628},{""x"":742,""y"":604,""t"":4677},{""x"":758,""y"":639,""t"":4731},{""x"":709,""y"":665,""t"":4798},{""x"":650,""y"":679,""t"":4850},{""x"":600,""y"":687,""t"":4866},{""x"":586,""y"":648,""t"":4935},{""x"":595,""y"":626,""t"":4983},{""x"":617,""y"":576,""t"":5001},{""x"":646,""y"":500,""t"":5068},{""x"":666,""y"":454,""t"":5119},{""x"":683,""y"":415,""t"":5135},{""x"":692,""y"":370,""t"":5204},{""x"":680,""y"":346,""t"":5254},{""x"":669,""y"":329,""t"":5270},{""x"":670,""y"":339,""t"":5339},{""x"":632,""y"":358,""t"":5388},{""x"":600,""y"":375,""t"":5407},{""x"":585,""y"":393,""t"":5477},{""x"":566,""y"":396,""t"":5532},{""x"":542,""y"":423,""t"":5548},{""x"":563,""y"":464,""t"":5616},{""x"":558,""y"":479,""t"":5669},{""x"":555,""y"":492,""t"":5683},{""x"":554,""y"":464,""t"":5749},{""x"":580,""y"":447,""t"":5801},{""x"":592,""y"":434,""t"":5816},{""x"":640,""y"":433,""t"":5884},{""x"":679,""y"":420,""t"":5934},{""x"":711,""y"":408,""t"":5951}]",1,0.1999993961171749,0.8000006038828251,mcutoff_b-last,0
126-alternatives,0,65,exp_22,0.0,705.3000000119209,0.28,0.17,4.3,8.3,higher_p,higher_m,0,1,alternatives,0.0,False,1.204,1.4110000000000005,-0.2070000000000003,0.0442583094249128,0.4,0.6,0.5,0.5,1.0,1.0,higher_m,higher_m,True,"{""durations"":[1000,1500,1000,1500],""alternatives"":[0,1,0,1],""attributes"":[""all"",""all"",""all"",""all""]}","[{""x"":569,""y"":139,""t"":-43},{""x"":539,""y"":132,""t"":0},{""x"":496,""y"":130,""t"":89},{""x"":534,""y"":107,""t"":127},{""x"":568,""y"":88,""t"":176},{""x"":571,""y"":95,""t"":249},{""x"":573,""y"":103,""t"":273},{""x"":562,""y"":105,""t"":340},{""x"":601,""y"":98,""t"":356},{""x"":626,""y"":96,""t"":399},{""x"":672,""y"":120,""t"":439},{""x"":696,""y"":142,""t"":482},{""x"":790,""y"":108,""t"":549},{""x"":857,""y"":194,""t"":600},{""x"":922,""y"":225,""t"":615},{""x"":932,""y"":310,""t"":682},{""x"":953,""y"":369,""t"":735},{""x"":957,""y"":454,""t"":750},{""x"":929,""y"":376,""t"":817},{""x"":939,""y"":321,""t"":869},{""x"":946,""y"":273,""t"":884},{""x"":955,""y"":253,""t"":951},{""x"":935,""y"":229,""t"":967},{""x"":901,""y"":182,""t"":1051},{""x"":853,""y"":172,""t"":1070},{""x"":744,""y"":162,""t"":1113},{""x"":632,""y"":174,""t"":1155},{""x"":560,""y"":158,""t"":1200},{""x"":491,""y"":153,""t"":1268},{""x"":469,""y"":170,""t"":1318},{""x"":455,""y"":186,""t"":1336},{""x"":396,""y"":196,""t"":1404},{""x"":366,""y"":185,""t"":1454},{""x"":328,""y"":199,""t"":1470},{""x"":295,""y"":204,""t"":1539},{""x"":295,""y"":280,""t"":1588},{""x"":299,""y"":343,""t"":1604},{""x"":326,""y"":405,""t"":1671},{""x"":331,""y"":481,""t"":1720},{""x"":338,""y"":542,""t"":1737},{""x"":369,""y"":599,""t"":1804},{""x"":371,""y"":551,""t"":1854},{""x"":354,""y"":507,""t"":1871},{""x"":343,""y"":453,""t"":1938},{""x"":353,""y"":393,""t"":1987},{""x"":362,""y"":343,""t"":2007},{""x"":368,""y"":298,""t"":2074},{""x"":395,""y"":238,""t"":2088},{""x"":520,""y"":175,""t"":2131},{""x"":644,""y"":156,""t"":2172},{""x"":746,""y"":144,""t"":2214},{""x"":845,""y"":76,""t"":2282},{""x"":904,""y"":17,""t"":2334},{""x"":948,""y"":-29,""t"":2348},{""x"":956,""y"":-20,""t"":2415},{""x"":947,""y"":-5,""t"":2466},{""x"":950,""y"":2,""t"":2483},{""x"":959,""y"":2,""t"":2549},{""x"":962,""y"":4,""t"":2564},{""x"":961,""y"":28,""t"":2636},{""x"":958,""y"":49,""t"":2653},{""x"":971,""y"":63,""t"":2720},{""x"":991,""y"":68,""t"":2739},{""x"":995,""y"":91,""t"":2780},{""x"":1002,""y"":88,""t"":2821},{""x"":1020,""y"":101,""t"":2864},{""x"":1025,""y"":106,""t"":2931},{""x"":1032,""y"":138,""t"":2983},{""x"":1037,""y"":165,""t"":2999},{""x"":1011,""y"":161,""t"":3065},{""x"":988,""y"":155,""t"":3117},{""x"":938,""y"":121,""t"":3132},{""x"":900,""y"":158,""t"":3199},{""x"":862,""y"":248,""t"":3249},{""x"":830,""y"":324,""t"":3265},{""x"":801,""y"":413,""t"":3332},{""x"":796,""y"":504,""t"":3347},{""x"":775,""y"":577,""t"":3415},{""x"":758,""y"":634,""t"":3435},{""x"":734,""y"":667,""t"":3501},{""x"":683,""y"":663,""t"":3517},{""x"":666,""y"":649,""t"":3559},{""x"":637,""y"":623,""t"":3600},{""x"":614,""y"":597,""t"":3644},{""x"":649,""y"":559,""t"":3716},{""x"":632,""y"":616,""t"":3766},{""x"":598,""y"":658,""t"":3784},{""x"":597,""y"":734,""t"":3852},{""x"":648,""y"":741,""t"":3901},{""x"":693,""y"":751,""t"":3917},{""x"":700,""y"":715,""t"":3986},{""x"":705,""y"":681,""t"":4013},{""x"":709,""y"":629,""t"":4082},{""x"":725,""y"":557,""t"":4132},{""x"":729,""y"":498,""t"":4148},{""x"":704,""y"":443,""t"":4216},{""x"":613,""y"":433,""t"":4231},{""x"":523,""y"":418,""t"":4274},{""x"":470,""y"":406,""t"":4317},{""x"":417,""y"":386,""t"":4359},{""x"":395,""y"":386,""t"":4427},{""x"":381,""y"":388,""t"":4455},{""x"":381,""y"":366,""t"":4524},{""x"":369,""y"":299,""t"":4577},{""x"":371,""y"":247,""t"":4594},{""x"":377,""y"":226,""t"":4662},{""x"":401,""y"":208,""t"":4715},{""x"":423,""y"":195,""t"":4730},{""x"":515,""y"":130,""t"":4800},{""x"":612,""y"":101,""t"":4854},{""x"":714,""y"":105,""t"":4895},{""x"":809,""y"":99,""t"":4939},{""x"":799,""y"":94,""t"":5006},{""x"":829,""y"":51,""t"":5056},{""x"":834,""y"":39,""t"":5070},{""x"":857,""y"":100,""t"":5138},{""x"":837,""y"":159,""t"":5190},{""x"":816,""y"":211,""t"":5205},{""x"":791,""y"":263,""t"":5272},{""x"":767,""y"":221,""t"":5325},{""x"":746,""y"":184,""t"":5342},{""x"":730,""y"":199,""t"":5408},{""x"":681,""y"":214,""t"":5462},{""x"":692,""y"":210,""t"":5478},{""x"":678,""y"":250,""t"":5546},{""x"":645,""y"":258,""t"":5596},{""x"":623,""y"":261,""t"":5613},{""x"":652,""y"":220,""t"":5684},{""x"":701,""y"":192,""t"":5732},{""x"":723,""y"":206,""t"":5750},{""x"":780,""y"":210,""t"":5817},{""x"":804,""y"":232,""t"":5868},{""x"":852,""y"":215,""t"":5887},{""x"":907,""y"":260,""t"":5957},{""x"":952,""y"":298,""t"":5985},{""x"":904,""y"":427,""t"":6054},{""x"":903,""y"":600,""t"":6106},{""x"":885,""y"":719,""t"":6122},{""x"":802,""y"":762,""t"":6190},{""x"":758,""y"":730,""t"":6240},{""x"":721,""y"":697,""t"":6257},{""x"":725,""y"":657,""t"":6326}]",1,0.8000006038828251,0.1999993961171749,mcutoff_b-last,0
126-alternatives,0,66,exp_114,0.0,344.0,0.49,0.22,4.2,7.9,higher_p,higher_m,0,1,alternatives,0.0,False,2.058,1.738,0.3199999999999998,0.5866799156325714,0.6,0.4,0.5,0.5,0.0,0.0,higher_p,higher_p,True,"{""durations"":[1000,1500,1000,1500],""alternatives"":[1,0,1,0],""attributes"":[""all"",""all"",""all"",""all""]}","[{""x"":574,""y"":215,""t"":-25},{""x"":585,""y"":194,""t"":0},{""x"":596,""y"":173,""t"":72},{""x"":595,""y"":166,""t"":128},{""x"":605,""y"":159,""t"":170},{""x"":623,""y"":154,""t"":220},{""x"":695,""y"":159,""t"":270},{""x"":688,""y"":158,""t"":316},{""x"":773,""y"":161,""t"":387},{""x"":800,""y"":159,""t"":409},{""x"":818,""y"":150,""t"":478},{""x"":877,""y"":212,""t"":527},{""x"":918,""y"":246,""t"":544},{""x"":998,""y"":280,""t"":616},{""x"":1000,""y"":340,""t"":664},{""x"":993,""y"":404,""t"":681},{""x"":956,""y"":379,""t"":751},{""x"":941,""y"":363,""t"":803},{""x"":927,""y"":347,""t"":820},{""x"":923,""y"":293,""t"":888},{""x"":941,""y"":265,""t"":940},{""x"":956,""y"":242,""t"":955},{""x"":956,""y"":218,""t"":1023},{""x"":999,""y"":240,""t"":1077},{""x"":1010,""y"":276,""t"":1093},{""x"":1066,""y"":309,""t"":1161},{""x"":1085,""y"":358,""t"":1211},{""x"":1098,""y"":399,""t"":1226},{""x"":1103,""y"":428,""t"":1295},{""x"":958,""y"":438,""t"":1347},{""x"":833,""y"":444,""t"":1362},{""x"":726,""y"":438,""t"":1429},{""x"":614,""y"":434,""t"":1485},{""x"":522,""y"":430,""t"":1501},{""x"":455,""y"":415,""t"":1568},{""x"":428,""y"":353,""t"":1622},{""x"":406,""y"":304,""t"":1639},{""x"":353,""y"":253,""t"":1706},{""x"":331,""y"":236,""t"":1757},{""x"":318,""y"":224,""t"":1774},{""x"":311,""y"":250,""t"":1842},{""x"":336,""y"":245,""t"":1893},{""x"":346,""y"":252,""t"":1910},{""x"":346,""y"":232,""t"":1977},{""x"":371,""y"":180,""t"":2028},{""x"":376,""y"":182,""t"":2044},{""x"":431,""y"":192,""t"":2112},{""x"":483,""y"":190,""t"":2162},{""x"":498,""y"":184,""t"":2177},{""x"":526,""y"":165,""t"":2244},{""x"":627,""y"":147,""t"":2294},{""x"":700,""y"":128,""t"":2313},{""x"":792,""y"":111,""t"":2380},{""x"":795,""y"":127,""t"":2431},{""x"":793,""y"":141,""t"":2449},{""x"":851,""y"":134,""t"":2516},{""x"":845,""y"":139,""t"":2567},{""x"":854,""y"":129,""t"":2586},{""x"":877,""y"":93,""t"":2653},{""x"":852,""y"":85,""t"":2703},{""x"":892,""y"":74,""t"":2720},{""x"":888,""y"":57,""t"":2790},{""x"":909,""y"":86,""t"":2843},{""x"":918,""y"":116,""t"":2858},{""x"":905,""y"":109,""t"":2925},{""x"":904,""y"":104,""t"":2975},{""x"":904,""y"":106,""t"":2994},{""x"":817,""y"":134,""t"":3061},{""x"":766,""y"":170,""t"":3111},{""x"":723,""y"":199,""t"":3130},{""x"":676,""y"":227,""t"":3198},{""x"":628,""y"":271,""t"":3251},{""x"":589,""y"":307,""t"":3266},{""x"":559,""y"":372,""t"":3332},{""x"":556,""y"":425,""t"":3383},{""x"":556,""y"":467,""t"":3400},{""x"":521,""y"":492,""t"":3468},{""x"":497,""y"":493,""t"":3524},{""x"":479,""y"":491,""t"":3548},{""x"":437,""y"":509,""t"":3619},{""x"":404,""y"":522,""t"":3639},{""x"":355,""y"":512,""t"":3706},{""x"":342,""y"":525,""t"":3721},{""x"":330,""y"":506,""t"":3764},{""x"":318,""y"":485,""t"":3806},{""x"":304,""y"":469,""t"":3848},{""x"":312,""y"":480,""t"":3914},{""x"":277,""y"":506,""t"":3963},{""x"":249,""y"":527,""t"":3980},{""x"":295,""y"":596,""t"":4051},{""x"":412,""y"":616,""t"":4102},{""x"":486,""y"":581,""t"":4118},{""x"":471,""y"":550,""t"":4185},{""x"":465,""y"":518,""t"":4234},{""x"":458,""y"":490,""t"":4251},{""x"":450,""y"":466,""t"":4318},{""x"":463,""y"":448,""t"":4333},{""x"":451,""y"":419,""t"":4376},{""x"":530,""y"":440,""t"":4418},{""x"":569,""y"":472,""t"":4460},{""x"":568,""y"":511,""t"":4529},{""x"":535,""y"":529,""t"":4576},{""x"":582,""y"":548,""t"":4591},{""x"":560,""y"":573,""t"":4660},{""x"":530,""y"":542,""t"":4710},{""x"":501,""y"":530,""t"":4727},{""x"":488,""y"":524,""t"":4796},{""x"":457,""y"":488,""t"":4845},{""x"":431,""y"":458,""t"":4863},{""x"":442,""y"":433,""t"":4930},{""x"":416,""y"":415,""t"":4944},{""x"":389,""y"":410,""t"":4987},{""x"":380,""y"":424,""t"":5029},{""x"":369,""y"":416,""t"":5071},{""x"":411,""y"":394,""t"":5141},{""x"":450,""y"":386,""t"":5169},{""x"":491,""y"":331,""t"":5237},{""x"":556,""y"":291,""t"":5289},{""x"":616,""y"":246,""t"":5305},{""x"":645,""y"":253,""t"":5372},{""x"":618,""y"":225,""t"":5426},{""x"":624,""y"":214,""t"":5441},{""x"":633,""y"":200,""t"":5510},{""x"":627,""y"":200,""t"":5561},{""x"":621,""y"":203,""t"":5578},{""x"":616,""y"":180,""t"":5645},{""x"":619,""y"":187,""t"":5696},{""x"":620,""y"":194,""t"":5714},{""x"":628,""y"":214,""t"":5780},{""x"":618,""y"":260,""t"":5797},{""x"":605,""y"":348,""t"":5838},{""x"":580,""y"":486,""t"":5881},{""x"":558,""y"":602,""t"":5924}]",0,0.8000006038828251,0.1999993961171749,mcutoff_b-last,0
126-alternatives,0,67,exp_36,1.0,273.79999999701977,0.79,0.7,2.0,3.2,higher_p,higher_m,0,1,alternatives,0.0,False,1.58,2.24,-0.6599999999999997,-0.4219978340514987,0.4,0.6,0.5,0.5,1.0,0.0,higher_m,higher_p,False,"{""durations"":[1500,1000,1500,1000],""alternatives"":[1,0,1,0],""attributes"":[""all"",""all"",""all"",""all""]}","[{""x"":661,""y"":313,""t"":-43},{""x"":661,""y"":319,""t"":0},{""x"":656,""y"":280,""t"":71},{""x"":650,""y"":250,""t"":103},{""x"":637,""y"":220,""t"":209},{""x"":662,""y"":181,""t"":266},{""x"":648,""y"":148,""t"":282},{""x"":662,""y"":134,""t"":350},{""x"":681,""y"":116,""t"":376},{""x"":689,""y"":117,""t"":445},{""x"":723,""y"":128,""t"":498},{""x"":751,""y"":141,""t"":513},{""x"":789,""y"":121,""t"":579},{""x"":815,""y"":126,""t"":629},{""x"":835,""y"":133,""t"":647},{""x"":873,""y"":217,""t"":714},{""x"":894,""y"":257,""t"":730},{""x"":916,""y"":302,""t"":771},{""x"":926,""y"":325,""t"":815},{""x"":929,""y"":354,""t"":858},{""x"":936,""y"":309,""t"":927},{""x"":942,""y"":320,""t"":978},{""x"":945,""y"":328,""t"":994},{""x"":939,""y"":328,""t"":1064},{""x"":933,""y"":326,""t"":1088},{""x"":955,""y"":292,""t"":1154},{""x"":917,""y"":323,""t"":1170},{""x"":871,""y"":362,""t"":1212},{""x"":835,""y"":372,""t"":1253},{""x"":835,""y"":395,""t"":1297},{""x"":862,""y"":389,""t"":1383},{""x"":887,""y"":382,""t"":1400},{""x"":908,""y"":380,""t"":1466},{""x"":947,""y"":387,""t"":1520},{""x"":967,""y"":406,""t"":1565},{""x"":975,""y"":350,""t"":1642},{""x"":986,""y"":310,""t"":1668},{""x"":967,""y"":277,""t"":1736},{""x"":914,""y"":232,""t"":1786},{""x"":878,""y"":198,""t"":1803},{""x"":811,""y"":180,""t"":1872},{""x"":702,""y"":165,""t"":1921},{""x"":612,""y"":153,""t"":1938},{""x"":543,""y"":122,""t"":2005},{""x"":485,""y"":107,""t"":2021},{""x"":426,""y"":106,""t"":2064},{""x"":377,""y"":130,""t"":2106},{""x"":336,""y"":167,""t"":2149},{""x"":297,""y"":209,""t"":2219},{""x"":296,""y"":268,""t"":2245},{""x"":266,""y"":324,""t"":2313},{""x"":244,""y"":355,""t"":2365},{""x"":230,""y"":379,""t"":2380},{""x"":250,""y"":355,""t"":2447},{""x"":278,""y"":343,""t"":2465},{""x"":297,""y"":350,""t"":2506},{""x"":280,""y"":332,""t"":2547},{""x"":291,""y"":310,""t"":2590},{""x"":321,""y"":287,""t"":2660},{""x"":331,""y"":256,""t"":2710},{""x"":339,""y"":230,""t"":2725},{""x"":354,""y"":227,""t"":2792},{""x"":363,""y"":219,""t"":2844},{""x"":370,""y"":213,""t"":2860},{""x"":498,""y"":197,""t"":2929},{""x"":622,""y"":177,""t"":2979},{""x"":724,""y"":161,""t"":2995},{""x"":799,""y"":147,""t"":3063},{""x"":870,""y"":162,""t"":3116},{""x"":925,""y"":176,""t"":3132},{""x"":920,""y"":248,""t"":3200},{""x"":923,""y"":297,""t"":3250},{""x"":918,""y"":334,""t"":3267},{""x"":929,""y"":378,""t"":3334},{""x"":933,""y"":374,""t"":3388},{""x"":941,""y"":382,""t"":3408},{""x"":962,""y"":419,""t"":3475},{""x"":937,""y"":429,""t"":3526},{""x"":906,""y"":436,""t"":3542},{""x"":897,""y"":426,""t"":3609},{""x"":879,""y"":446,""t"":3661},{""x"":858,""y"":471,""t"":3677},{""x"":830,""y"":427,""t"":3745},{""x"":818,""y"":425,""t"":3794},{""x"":808,""y"":422,""t"":3810},{""x"":799,""y"":406,""t"":3878},{""x"":792,""y"":367,""t"":3925},{""x"":807,""y"":290,""t"":3944},{""x"":819,""y"":248,""t"":4012},{""x"":814,""y"":204,""t"":4027},{""x"":823,""y"":174,""t"":4070},{""x"":829,""y"":131,""t"":4112},{""x"":840,""y"":106,""t"":4156},{""x"":786,""y"":143,""t"":4224},{""x"":813,""y"":148,""t"":4275},{""x"":783,""y"":166,""t"":4289},{""x"":800,""y"":190,""t"":4356},{""x"":691,""y"":171,""t"":4410},{""x"":649,""y"":176,""t"":4425},{""x"":593,""y"":198,""t"":4492},{""x"":505,""y"":227,""t"":4542},{""x"":451,""y"":237,""t"":4559},{""x"":460,""y"":252,""t"":4625},{""x"":432,""y"":235,""t"":4677},{""x"":431,""y"":241,""t"":4694},{""x"":417,""y"":232,""t"":4759},{""x"":418,""y"":233,""t"":4776},{""x"":480,""y"":210,""t"":4816},{""x"":555,""y"":204,""t"":4858},{""x"":619,""y"":199,""t"":4901},{""x"":649,""y"":232,""t"":4966},{""x"":711,""y"":243,""t"":5019},{""x"":763,""y"":252,""t"":5035},{""x"":776,""y"":251,""t"":5103},{""x"":813,""y"":239,""t"":5154},{""x"":843,""y"":229,""t"":5174},{""x"":828,""y"":240,""t"":5243},{""x"":820,""y"":286,""t"":5292},{""x"":811,""y"":324,""t"":5310},{""x"":803,""y"":315,""t"":5378},{""x"":832,""y"":314,""t"":5429},{""x"":804,""y"":338,""t"":5446},{""x"":754,""y"":398,""t"":5514},{""x"":669,""y"":441,""t"":5565},{""x"":598,""y"":476,""t"":5582},{""x"":601,""y"":500,""t"":5651},{""x"":604,""y"":511,""t"":5700},{""x"":623,""y"":480,""t"":5715},{""x"":589,""y"":478,""t"":5785},{""x"":598,""y"":453,""t"":5833},{""x"":624,""y"":424,""t"":5850}]",0,0.8000006038828251,0.1999993961171749,mcutoff_b-last,0
126-alternatives,0,69,exp_84,0.0,302.29999999701977,0.61,0.29,2.2,8.1,higher_p,higher_m,0,1,alternatives,0.0,False,1.342,2.349,-1.0069999999999997,-0.7791520984804502,0.4,0.6,0.5,0.5,1.0,0.0,higher_m,higher_p,True,"{""durations"":[1500,1000,1500,1000],""alternatives"":[1,0,1,0],""attributes"":[""all"",""all"",""all"",""all""]}","[{""x"":695,""y"":324,""t"":-17},{""x"":675,""y"":304,""t"":0},{""x"":629,""y"":329,""t"":86},{""x"":604,""y"":336,""t"":129},{""x"":583,""y"":342,""t"":179},{""x"":567,""y"":314,""t"":251},{""x"":570,""y"":299,""t"":273},{""x"":568,""y"":294,""t"":340},{""x"":567,""y"":294,""t"":358},{""x"":578,""y"":279,""t"":400},{""x"":523,""y"":229,""t"":442},{""x"":477,""y"":187,""t"":485},{""x"":451,""y"":159,""t"":552},{""x"":430,""y"":137,""t"":579},{""x"":421,""y"":110,""t"":649},{""x"":378,""y"":75,""t"":702},{""x"":343,""y"":48,""t"":716},{""x"":431,""y"":27,""t"":784},{""x"":540,""y"":20,""t"":836},{""x"":633,""y"":16,""t"":852},{""x"":693,""y"":33,""t"":920},{""x"":782,""y"":28,""t"":972},{""x"":869,""y"":6,""t"":988},{""x"":935,""y"":8,""t"":1055},{""x"":985,""y"":-7,""t"":1107},{""x"":1022,""y"":-18,""t"":1123},{""x"":1049,""y"":13,""t"":1190},{""x"":1034,""y"":32,""t"":1206},{""x"":1046,""y"":60,""t"":1248},{""x"":916,""y"":118,""t"":1290},{""x"":802,""y"":166,""t"":1334},{""x"":658,""y"":250,""t"":1400},{""x"":582,""y"":340,""t"":1449},{""x"":529,""y"":414,""t"":1465},{""x"":479,""y"":442,""t"":1531},{""x"":443,""y"":484,""t"":1584},{""x"":391,""y"":521,""t"":1600},{""x"":363,""y"":511,""t"":1667},{""x"":358,""y"":463,""t"":1717},{""x"":354,""y"":426,""t"":1735},{""x"":335,""y"":378,""t"":1802},{""x"":440,""y"":313,""t"":1816},{""x"":546,""y"":244,""t"":1858},{""x"":666,""y"":194,""t"":1898},{""x"":768,""y"":154,""t"":1941},{""x"":845,""y"":137,""t"":2009},{""x"":835,""y"":98,""t"":2061},{""x"":852,""y"":109,""t"":2076},{""x"":890,""y"":133,""t"":2144},{""x"":957,""y"":174,""t"":2193},{""x"":1010,""y"":209,""t"":2211},{""x"":1007,""y"":306,""t"":2278},{""x"":1001,""y"":384,""t"":2328},{""x"":1011,""y"":415,""t"":2347},{""x"":1009,""y"":456,""t"":2415},{""x"":949,""y"":503,""t"":2466},{""x"":895,""y"":528,""t"":2483},{""x"":876,""y"":576,""t"":2550},{""x"":879,""y"":556,""t"":2567},{""x"":870,""y"":525,""t"":2609},{""x"":849,""y"":490,""t"":2652},{""x"":862,""y"":453,""t"":2695},{""x"":845,""y"":459,""t"":2761},{""x"":776,""y"":491,""t"":2812},{""x"":718,""y"":518,""t"":2827},{""x"":678,""y"":552,""t"":2895},{""x"":612,""y"":546,""t"":2946},{""x"":559,""y"":556,""t"":2961},{""x"":490,""y"":484,""t"":3028},{""x"":453,""y"":441,""t"":3081},{""x"":402,""y"":398,""t"":3097},{""x"":385,""y"":451,""t"":3162},{""x"":387,""y"":477,""t"":3179},{""x"":360,""y"":528,""t"":3221},{""x"":425,""y"":605,""t"":3262},{""x"":489,""y"":647,""t"":3305},{""x"":531,""y"":702,""t"":3372},{""x"":598,""y"":803,""t"":3422},{""x"":654,""y"":886,""t"":3437},{""x"":736,""y"":895,""t"":3503},{""x"":764,""y"":800,""t"":3554},{""x"":785,""y"":714,""t"":3571},{""x"":749,""y"":678,""t"":3638},{""x"":734,""y"":664,""t"":3653},{""x"":723,""y"":683,""t"":3695},{""x"":668,""y"":680,""t"":3738},{""x"":621,""y"":677,""t"":3781},{""x"":566,""y"":647,""t"":3850},{""x"":521,""y"":621,""t"":3877},{""x"":536,""y"":583,""t"":3946},{""x"":580,""y"":564,""t"":3996},{""x"":602,""y"":543,""t"":4013},{""x"":618,""y"":567,""t"":4081},{""x"":664,""y"":566,""t"":4132},{""x"":702,""y"":566,""t"":4150},{""x"":694,""y"":586,""t"":4218},{""x"":727,""y"":566,""t"":4269},{""x"":754,""y"":550,""t"":4286},{""x"":787,""y"":566,""t"":4354},{""x"":797,""y"":585,""t"":4406},{""x"":817,""y"":595,""t"":4423},{""x"":832,""y"":593,""t"":4493},{""x"":829,""y"":594,""t"":4544},{""x"":825,""y"":594,""t"":4558},{""x"":808,""y"":523,""t"":4625},{""x"":834,""y"":464,""t"":4675},{""x"":872,""y"":403,""t"":4694},{""x"":845,""y"":354,""t"":4761},{""x"":814,""y"":339,""t"":4811},{""x"":786,""y"":330,""t"":4829},{""x"":747,""y"":281,""t"":4895},{""x"":693,""y"":272,""t"":4910},{""x"":675,""y"":229,""t"":4952},{""x"":660,""y"":200,""t"":4994},{""x"":618,""y"":179,""t"":5036},{""x"":613,""y"":176,""t"":5104},{""x"":606,""y"":193,""t"":5155},{""x"":602,""y"":210,""t"":5170},{""x"":615,""y"":224,""t"":5236},{""x"":630,""y"":254,""t"":5253},{""x"":640,""y"":254,""t"":5295},{""x"":640,""y"":250,""t"":5338},{""x"":641,""y"":247,""t"":5381},{""x"":618,""y"":262,""t"":5452},{""x"":623,""y"":279,""t"":5475},{""x"":597,""y"":322,""t"":5542},{""x"":590,""y"":330,""t"":5558},{""x"":609,""y"":334,""t"":5600},{""x"":600,""y"":334,""t"":5642},{""x"":570,""y"":331,""t"":5684},{""x"":587,""y"":324,""t"":5753},{""x"":610,""y"":311,""t"":5802},{""x"":629,""y"":300,""t"":5819},{""x"":713,""y"":280,""t"":5886}]",0,0.8000006038828251,0.1999993961171749,mcutoff_b-last,0
126-alternatives,1,76,exp_44,1.0,468.0,0.81,0.48,1.6999999999999995,7.9,higher_p,higher_m,0,1,alternatives,0.0,False,1.3769999999999998,3.792,-2.415,-2.2283544163938904,0.4,0.6,0.5,0.5,1.0,0.0,higher_m,higher_p,False,"{""durations"":[1500,1000,1500,1000],""alternatives"":[1,0,1,0],""attributes"":[""all"",""all"",""all"",""all""]}","[{""x"":848,""y"":569,""t"":-18},{""x"":851,""y"":573,""t"":0},{""x"":829,""y"":570,""t"":95},{""x"":840,""y"":588,""t"":154},{""x"":845,""y"":599,""t"":205},{""x"":818,""y"":600,""t"":292},{""x"":792,""y"":628,""t"":312},{""x"":735,""y"":627,""t"":384},{""x"":737,""y"":622,""t"":409},{""x"":691,""y"":605,""t"":476},{""x"":613,""y"":596,""t"":493},{""x"":540,""y"":578,""t"":534},{""x"":532,""y"":567,""t"":576},{""x"":529,""y"":559,""t"":620},{""x"":468,""y"":546,""t"":687},{""x"":488,""y"":545,""t"":738},{""x"":508,""y"":544,""t"":753},{""x"":610,""y"":499,""t"":823},{""x"":704,""y"":464,""t"":875},{""x"":767,""y"":458,""t"":893},{""x"":857,""y"":462,""t"":959},{""x"":903,""y"":455,""t"":1006},{""x"":956,""y"":467,""t"":1024},{""x"":999,""y"":457,""t"":1090},{""x"":1018,""y"":440,""t"":1142},{""x"":985,""y"":420,""t"":1159},{""x"":962,""y"":413,""t"":1227},{""x"":990,""y"":403,""t"":1278},{""x"":975,""y"":389,""t"":1294},{""x"":1018,""y"":366,""t"":1363},{""x"":984,""y"":403,""t"":1413},{""x"":1010,""y"":417,""t"":1429},{""x"":1026,""y"":427,""t"":1497},{""x"":1015,""y"":456,""t"":1548},{""x"":1039,""y"":465,""t"":1565},{""x"":930,""y"":447,""t"":1632},{""x"":844,""y"":451,""t"":1682},{""x"":772,""y"":455,""t"":1701},{""x"":730,""y"":423,""t"":1766},{""x"":705,""y"":419,""t"":1782},{""x"":762,""y"":422,""t"":1823},{""x"":827,""y"":411,""t"":1863},{""x"":836,""y"":411,""t"":1905},{""x"":876,""y"":406,""t"":1973},{""x"":948,""y"":432,""t"":2023},{""x"":1002,""y"":443,""t"":2041},{""x"":1022,""y"":503,""t"":2108},{""x"":1012,""y"":531,""t"":2165},{""x"":1001,""y"":553,""t"":2180},{""x"":1022,""y"":576,""t"":2248},{""x"":1022,""y"":588,""t"":2301},{""x"":1020,""y"":595,""t"":2316},{""x"":1014,""y"":599,""t"":2386},{""x"":1009,""y"":615,""t"":2439},{""x"":1005,""y"":628,""t"":2455},{""x"":949,""y"":642,""t"":2521},{""x"":817,""y"":643,""t"":2576},{""x"":705,""y"":643,""t"":2590},{""x"":685,""y"":622,""t"":2657},{""x"":625,""y"":630,""t"":2709},{""x"":592,""y"":635,""t"":2725},{""x"":612,""y"":625,""t"":2792},{""x"":680,""y"":619,""t"":2842},{""x"":745,""y"":582,""t"":2862},{""x"":732,""y"":556,""t"":2929},{""x"":665,""y"":554,""t"":2981},{""x"":617,""y"":547,""t"":2996},{""x"":565,""y"":527,""t"":3062},{""x"":518,""y"":560,""t"":3112},{""x"":470,""y"":609,""t"":3128},{""x"":494,""y"":636,""t"":3194},{""x"":484,""y"":671,""t"":3210},{""x"":485,""y"":662,""t"":3278},{""x"":494,""y"":657,""t"":3298},{""x"":521,""y"":639,""t"":3363},{""x"":533,""y"":628,""t"":3379},{""x"":532,""y"":596,""t"":3446},{""x"":504,""y"":563,""t"":3469},{""x"":500,""y"":542,""t"":3536},{""x"":523,""y"":527,""t"":3586},{""x"":501,""y"":509,""t"":3604},{""x"":487,""y"":509,""t"":3672},{""x"":536,""y"":472,""t"":3688},{""x"":621,""y"":419,""t"":3729},{""x"":752,""y"":397,""t"":3771},{""x"":804,""y"":417,""t"":3813},{""x"":878,""y"":465,""t"":3882},{""x"":878,""y"":478,""t"":3933},{""x"":904,""y"":466,""t"":3947},{""x"":821,""y"":485,""t"":4016},{""x"":772,""y"":504,""t"":4067},{""x"":734,""y"":510,""t"":4083},{""x"":687,""y"":518,""t"":4152},{""x"":618,""y"":527,""t"":4204},{""x"":561,""y"":534,""t"":4218},{""x"":516,""y"":522,""t"":4287},{""x"":645,""y"":516,""t"":4338},{""x"":758,""y"":510,""t"":4354},{""x"":833,""y"":491,""t"":4421},{""x"":942,""y"":490,""t"":4473},{""x"":1033,""y"":490,""t"":4488},{""x"":1073,""y"":484,""t"":4555},{""x"":1082,""y"":491,""t"":4573},{""x"":1102,""y"":496,""t"":4614},{""x"":1070,""y"":492,""t"":4656},{""x"":1039,""y"":488,""t"":4699},{""x"":961,""y"":435,""t"":4766},{""x"":829,""y"":424,""t"":4816},{""x"":716,""y"":416,""t"":4832},{""x"":676,""y"":473,""t"":4897},{""x"":724,""y"":487,""t"":4948},{""x"":748,""y"":485,""t"":4964},{""x"":820,""y"":485,""t"":5030},{""x"":894,""y"":487,""t"":5047},{""x"":944,""y"":493,""t"":5090},{""x"":992,""y"":520,""t"":5133},{""x"":1031,""y"":543,""t"":5175},{""x"":1039,""y"":545,""t"":5242},{""x"":937,""y"":559,""t"":5292},{""x"":884,""y"":548,""t"":5309},{""x"":792,""y"":547,""t"":5377},{""x"":739,""y"":543,""t"":5428},{""x"":660,""y"":547,""t"":5445},{""x"":577,""y"":525,""t"":5511},{""x"":492,""y"":525,""t"":5563},{""x"":401,""y"":506,""t"":5579},{""x"":380,""y"":456,""t"":5648},{""x"":295,""y"":442,""t"":5697},{""x"":232,""y"":383,""t"":5715},{""x"":212,""y"":387,""t"":5782},{""x"":256,""y"":384,""t"":5833},{""x"":299,""y"":375,""t"":5849},{""x"":261,""y"":362,""t"":5917},{""x"":257,""y"":371,""t"":5965},{""x"":233,""y"":363,""t"":5985}]",0,0.8000006038828251,0.1999993961171749,mcutoff_b-last,0
126-alternatives,1,82,exp_38,1.0,308.0,0.79,0.7,2.0,3.2,higher_p,higher_m,0,1,alternatives,0.0,False,1.58,2.24,-0.6599999999999997,-0.4219978340514987,0.4,0.6,0.5,0.5,1.0,1.0,higher_m,higher_m,False,"{""durations"":[1000,1500,1000,1500],""alternatives"":[0,1,0,1],""attributes"":[""all"",""all"",""all"",""all""]}","[{""x"":865,""y"":661,""t"":-43},{""x"":858,""y"":670,""t"":0},{""x"":828,""y"":695,""t"":80},{""x"":799,""y"":702,""t"":107},{""x"":776,""y"":706,""t"":181},{""x"":710,""y"":670,""t"":256},{""x"":655,""y"":638,""t"":274},{""x"":660,""y"":590,""t"":342},{""x"":662,""y"":544,""t"":392},{""x"":667,""y"":505,""t"":410},{""x"":706,""y"":492,""t"":477},{""x"":779,""y"":477,""t"":528},{""x"":840,""y"":462,""t"":545},{""x"":883,""y"":486,""t"":611},{""x"":902,""y"":502,""t"":627},{""x"":924,""y"":528,""t"":669},{""x"":973,""y"":526,""t"":712},{""x"":1009,""y"":529,""t"":756},{""x"":1002,""y"":542,""t"":824},{""x"":999,""y"":544,""t"":875},{""x"":1001,""y"":537,""t"":890},{""x"":1036,""y"":547,""t"":958},{""x"":1039,""y"":555,""t"":1006},{""x"":1033,""y"":565,""t"":1024},{""x"":1031,""y"":573,""t"":1096},{""x"":1044,""y"":563,""t"":1145},{""x"":1055,""y"":555,""t"":1161},{""x"":1036,""y"":552,""t"":1229},{""x"":1031,""y"":568,""t"":1278},{""x"":1031,""y"":596,""t"":1294},{""x"":937,""y"":609,""t"":1363},{""x"":827,""y"":614,""t"":1414},{""x"":740,""y"":631,""t"":1430},{""x"":706,""y"":613,""t"":1499},{""x"":605,""y"":607,""t"":1547},{""x"":529,""y"":599,""t"":1566},{""x"":440,""y"":586,""t"":1633},{""x"":444,""y"":583,""t"":1682},{""x"":454,""y"":580,""t"":1701},{""x"":429,""y"":611,""t"":1770},{""x"":378,""y"":630,""t"":1822},{""x"":346,""y"":646,""t"":1837},{""x"":315,""y"":650,""t"":1903},{""x"":331,""y"":669,""t"":1920},{""x"":373,""y"":671,""t"":1961},{""x"":408,""y"":663,""t"":2003},{""x"":415,""y"":646,""t"":2047},{""x"":431,""y"":619,""t"":2115},{""x"":415,""y"":591,""t"":2165},{""x"":431,""y"":566,""t"":2179},{""x"":418,""y"":546,""t"":2247},{""x"":433,""y"":546,""t"":2298},{""x"":447,""y"":547,""t"":2314},{""x"":409,""y"":571,""t"":2384},{""x"":391,""y"":583,""t"":2435},{""x"":376,""y"":593,""t"":2451},{""x"":381,""y"":630,""t"":2517},{""x"":499,""y"":599,""t"":2569},{""x"":599,""y"":572,""t"":2585},{""x"":713,""y"":532,""t"":2651},{""x"":814,""y"":501,""t"":2667},{""x"":881,""y"":510,""t"":2734},{""x"":954,""y"":515,""t"":2755},{""x"":1027,""y"":509,""t"":2823},{""x"":1060,""y"":508,""t"":2873},{""x"":1082,""y"":507,""t"":2891},{""x"":1126,""y"":494,""t"":2959},{""x"":1139,""y"":492,""t"":3009},{""x"":1144,""y"":491,""t"":3027},{""x"":1140,""y"":521,""t"":3094},{""x"":1133,""y"":529,""t"":3150},{""x"":1124,""y"":535,""t"":3166},{""x"":1120,""y"":543,""t"":3234},{""x"":1092,""y"":526,""t"":3284},{""x"":1063,""y"":505,""t"":3301},{""x"":1054,""y"":515,""t"":3369},{""x"":1051,""y"":495,""t"":3418},{""x"":1048,""y"":482,""t"":3435},{""x"":1043,""y"":479,""t"":3502},{""x"":1038,""y"":444,""t"":3553},{""x"":1038,""y"":410,""t"":3571},{""x"":950,""y"":426,""t"":3647},{""x"":877,""y"":448,""t"":3672},{""x"":734,""y"":497,""t"":3740},{""x"":626,""y"":499,""t"":3757},{""x"":532,""y"":500,""t"":3799},{""x"":478,""y"":494,""t"":3841},{""x"":451,""y"":486,""t"":3882},{""x"":397,""y"":497,""t"":3950},{""x"":365,""y"":515,""t"":4002},{""x"":344,""y"":530,""t"":4017},{""x"":330,""y"":568,""t"":4084},{""x"":335,""y"":589,""t"":4139},{""x"":344,""y"":606,""t"":4155},{""x"":327,""y"":646,""t"":4223},{""x"":334,""y"":667,""t"":4275},{""x"":343,""y"":682,""t"":4290},{""x"":393,""y"":670,""t"":4358},{""x"":397,""y"":651,""t"":4410},{""x"":381,""y"":641,""t"":4425},{""x"":380,""y"":658,""t"":4492},{""x"":368,""y"":653,""t"":4544},{""x"":386,""y"":639,""t"":4559},{""x"":407,""y"":625,""t"":4625},{""x"":407,""y"":633,""t"":4677},{""x"":406,""y"":639,""t"":4693},{""x"":459,""y"":629,""t"":4760},{""x"":486,""y"":596,""t"":4812},{""x"":508,""y"":567,""t"":4829},{""x"":526,""y"":554,""t"":4895},{""x"":536,""y"":563,""t"":4911},{""x"":650,""y"":533,""t"":4954},{""x"":738,""y"":501,""t"":4998},{""x"":817,""y"":487,""t"":5040},{""x"":844,""y"":483,""t"":5112},{""x"":894,""y"":499,""t"":5135},{""x"":915,""y"":498,""t"":5201},{""x"":929,""y"":499,""t"":5215},{""x"":884,""y"":508,""t"":5283},{""x"":877,""y"":514,""t"":5304},{""x"":856,""y"":516,""t"":5374},{""x"":829,""y"":546,""t"":5425},{""x"":841,""y"":557,""t"":5442},{""x"":794,""y"":575,""t"":5510},{""x"":741,""y"":593,""t"":5561},{""x"":749,""y"":585,""t"":5577},{""x"":746,""y"":598,""t"":5644},{""x"":769,""y"":598,""t"":5695},{""x"":781,""y"":592,""t"":5714},{""x"":758,""y"":500,""t"":5783},{""x"":718,""y"":482,""t"":5831},{""x"":684,""y"":467,""t"":5848}]",1,0.1999993961171749,0.8000006038828251,mcutoff_b-last,0
126-alternatives,1,85,exp_62,0.0,681.4000000059605,0.41,0.21,1.7999999999999998,6.2,higher_p,higher_m,0,1,alternatives,0.0,False,0.7379999999999999,1.302,-0.5640000000000002,-0.3231885851028555,0.4,0.6,0.5,0.5,1.0,1.0,higher_m,higher_m,True,"{""durations"":[1000,1500,1000,1500],""alternatives"":[0,1,0,1],""attributes"":[""all"",""all"",""all"",""all""]}","[{""x"":713,""y"":580,""t"":-43},{""x"":719,""y"":599,""t"":0},{""x"":738,""y"":607,""t"":94},{""x"":743,""y"":610,""t"":134},{""x"":787,""y"":589,""t"":182},{""x"":823,""y"":562,""t"":233},{""x"":840,""y"":561,""t"":275},{""x"":805,""y"":560,""t"":344},{""x"":754,""y"":564,""t"":398},{""x"":709,""y"":567,""t"":414},{""x"":673,""y"":593,""t"":480},{""x"":646,""y"":606,""t"":531},{""x"":601,""y"":620,""t"":547},{""x"":563,""y"":658,""t"":615},{""x"":495,""y"":674,""t"":670},{""x"":440,""y"":686,""t"":687},{""x"":442,""y"":694,""t"":753},{""x"":461,""y"":705,""t"":805},{""x"":434,""y"":726,""t"":822},{""x"":474,""y"":737,""t"":890},{""x"":456,""y"":707,""t"":941},{""x"":458,""y"":693,""t"":960},{""x"":485,""y"":674,""t"":1027},{""x"":514,""y"":626,""t"":1079},{""x"":539,""y"":585,""t"":1096},{""x"":532,""y"":599,""t"":1164},{""x"":531,""y"":600,""t"":1214},{""x"":541,""y"":581,""t"":1230},{""x"":569,""y"":572,""t"":1300},{""x"":598,""y"":538,""t"":1350},{""x"":621,""y"":511,""t"":1366},{""x"":685,""y"":516,""t"":1434},{""x"":751,""y"":477,""t"":1485},{""x"":805,""y"":445,""t"":1500},{""x"":863,""y"":457,""t"":1568},{""x"":915,""y"":442,""t"":1617},{""x"":956,""y"":431,""t"":1633},{""x"":955,""y"":429,""t"":1702},{""x"":1020,""y"":436,""t"":1751},{""x"":1046,""y"":476,""t"":1770},{""x"":1063,""y"":518,""t"":1836},{""x"":1083,""y"":513,""t"":1886},{""x"":1096,""y"":509,""t"":1906},{""x"":1015,""y"":462,""t"":1973},{""x"":916,""y"":448,""t"":2028},{""x"":832,""y"":437,""t"":2044},{""x"":684,""y"":436,""t"":2111},{""x"":567,""y"":460,""t"":2164},{""x"":472,""y"":481,""t"":2180},{""x"":510,""y"":498,""t"":2247},{""x"":578,""y"":512,""t"":2299},{""x"":641,""y"":524,""t"":2314},{""x"":715,""y"":510,""t"":2381},{""x"":682,""y"":539,""t"":2434},{""x"":654,""y"":563,""t"":2449},{""x"":620,""y"":600,""t"":2516},{""x"":592,""y"":634,""t"":2532},{""x"":599,""y"":638,""t"":2574},{""x"":584,""y"":652,""t"":2618},{""x"":544,""y"":663,""t"":2686},{""x"":538,""y"":646,""t"":2704},{""x"":523,""y"":644,""t"":2745},{""x"":499,""y"":628,""t"":2787},{""x"":479,""y"":614,""t"":2832},{""x"":460,""y"":633,""t"":2900},{""x"":461,""y"":616,""t"":2949},{""x"":460,""y"":613,""t"":2966},{""x"":446,""y"":619,""t"":3035},{""x"":465,""y"":524,""t"":3083},{""x"":504,""y"":462,""t"":3100},{""x"":523,""y"":453,""t"":3167},{""x"":491,""y"":459,""t"":3217},{""x"":463,""y"":466,""t"":3234},{""x"":418,""y"":451,""t"":3301},{""x"":366,""y"":452,""t"":3352},{""x"":387,""y"":410,""t"":3370},{""x"":318,""y"":415,""t"":3439},{""x"":350,""y"":427,""t"":3490},{""x"":379,""y"":466,""t"":3506},{""x"":477,""y"":468,""t"":3574},{""x"":621,""y"":468,""t"":3624},{""x"":746,""y"":470,""t"":3642},{""x"":815,""y"":469,""t"":3709},{""x"":882,""y"":480,""t"":3763},{""x"":944,""y"":503,""t"":3777},{""x"":990,""y"":538,""t"":3845},{""x"":1036,""y"":535,""t"":3895},{""x"":1070,""y"":531,""t"":3911},{""x"":1069,""y"":528,""t"":3978},{""x"":1084,""y"":514,""t"":4029},{""x"":1072,""y"":528,""t"":4048},{""x"":1082,""y"":497,""t"":4128},{""x"":1084,""y"":496,""t"":4150},{""x"":1039,""y"":478,""t"":4219},{""x"":974,""y"":401,""t"":4269},{""x"":857,""y"":370,""t"":4285},{""x"":691,""y"":358,""t"":4352},{""x"":546,""y"":406,""t"":4370},{""x"":474,""y"":454,""t"":4410},{""x"":406,""y"":488,""t"":4451},{""x"":361,""y"":517,""t"":4493},{""x"":369,""y"":528,""t"":4560},{""x"":370,""y"":542,""t"":4614},{""x"":376,""y"":553,""t"":4632},{""x"":393,""y"":571,""t"":4697},{""x"":432,""y"":557,""t"":4749},{""x"":469,""y"":543,""t"":4764},{""x"":533,""y"":548,""t"":4831},{""x"":506,""y"":561,""t"":4882},{""x"":479,""y"":571,""t"":4897},{""x"":513,""y"":575,""t"":4963},{""x"":509,""y"":602,""t"":4979},{""x"":507,""y"":626,""t"":5021},{""x"":491,""y"":620,""t"":5064},{""x"":478,""y"":614,""t"":5109},{""x"":479,""y"":629,""t"":5180},{""x"":519,""y"":618,""t"":5204},{""x"":526,""y"":609,""t"":5271},{""x"":558,""y"":622,""t"":5322},{""x"":585,""y"":633,""t"":5339},{""x"":606,""y"":656,""t"":5408},{""x"":650,""y"":630,""t"":5457},{""x"":670,""y"":588,""t"":5474},{""x"":683,""y"":597,""t"":5541},{""x"":714,""y"":608,""t"":5558},{""x"":731,""y"":601,""t"":5599},{""x"":761,""y"":596,""t"":5641},{""x"":775,""y"":594,""t"":5683},{""x"":738,""y"":589,""t"":5752},{""x"":728,""y"":556,""t"":5801},{""x"":722,""y"":565,""t"":5817},{""x"":691,""y"":570,""t"":5888},{""x"":662,""y"":581,""t"":5938},{""x"":637,""y"":591,""t"":5953},{""x"":644,""y"":610,""t"":6022},{""x"":633,""y"":614,""t"":6074},{""x"":624,""y"":616,""t"":6090},{""x"":600,""y"":636,""t"":6157},{""x"":626,""y"":542,""t"":6209},{""x"":662,""y"":501,""t"":6224},{""x"":722,""y"":492,""t"":6291}]",0,0.8000006038828251,0.1999993961171749,mcutoff_b-last,0
126-alternatives,1,87,catch_14,1.0,306.79999999701977,0.22,0.28,4.1,7.9,dominated,dominant,1,1,alternatives,0.0,False,0.902,2.212,-1.3100000000000005,-1.0910187904746074,0.5,0.5,0.5,0.5,,1.0,,dominant,True,"{""durations"":[1250,1250,1250,1250],""attributes"":[""all"",""all"",""all"",""all""],""alternatives"":[0,1,0,1]}","[{""x"":749,""y"":559,""t"":-30},{""x"":719,""y"":540,""t"":0},{""x"":705,""y"":544,""t"":71},{""x"":675,""y"":591,""t"":128},{""x"":651,""y"":632,""t"":155},{""x"":698,""y"":632,""t"":259},{""x"":703,""y"":613,""t"":279},{""x"":708,""y"":590,""t"":349},{""x"":751,""y"":578,""t"":399},{""x"":804,""y"":568,""t"":415},{""x"":861,""y"":571,""t"":485},{""x"":893,""y"":573,""t"":536},{""x"":910,""y"":587,""t"":552},{""x"":951,""y"":569,""t"":622},{""x"":1009,""y"":546,""t"":671},{""x"":1055,""y"":526,""t"":686},{""x"":1082,""y"":520,""t"":756},{""x"":1097,""y"":522,""t"":809},{""x"":1106,""y"":526,""t"":824},{""x"":1115,""y"":538,""t"":896},{""x"":1096,""y"":536,""t"":918},{""x"":1110,""y"":541,""t"":985},{""x"":1128,""y"":547,""t"":1002},{""x"":1095,""y"":545,""t"":1045},{""x"":1082,""y"":549,""t"":1090},{""x"":1073,""y"":563,""t"":1159},{""x"":1080,""y"":584,""t"":1211},{""x"":1071,""y"":622,""t"":1227},{""x"":1062,""y"":625,""t"":1296},{""x"":1059,""y"":619,""t"":1347},{""x"":1046,""y"":614,""t"":1363},{""x"":946,""y"":594,""t"":1434},{""x"":807,""y"":600,""t"":1489},{""x"":712,""y"":595,""t"":1505},{""x"":652,""y"":605,""t"":1573},{""x"":615,""y"":604,""t"":1625},{""x"":589,""y"":604,""t"":1642},{""x"":546,""y"":587,""t"":1710},{""x"":514,""y"":572,""t"":1735},{""x"":506,""y"":606,""t"":1803},{""x"":517,""y"":634,""t"":1854},{""x"":531,""y"":658,""t"":1871},{""x"":516,""y"":657,""t"":1938},{""x"":483,""y"":663,""t"":1954},{""x"":485,""y"":693,""t"":1996},{""x"":476,""y"":682,""t"":2040},{""x"":465,""y"":680,""t"":2082},{""x"":449,""y"":684,""t"":2151},{""x"":449,""y"":675,""t"":2202},{""x"":451,""y"":667,""t"":2219},{""x"":450,""y"":684,""t"":2288},{""x"":463,""y"":691,""t"":2314},{""x"":503,""y"":678,""t"":2382},{""x"":500,""y"":660,""t"":2431},{""x"":515,""y"":680,""t"":2449},{""x"":550,""y"":682,""t"":2516},{""x"":555,""y"":685,""t"":2570},{""x"":521,""y"":668,""t"":2590},{""x"":531,""y"":651,""t"":2660},{""x"":630,""y"":607,""t"":2712},{""x"":701,""y"":555,""t"":2729},{""x"":753,""y"":512,""t"":2798},{""x"":794,""y"":477,""t"":2823},{""x"":875,""y"":501,""t"":2889},{""x"":884,""y"":509,""t"":2906},{""x"":942,""y"":519,""t"":2949},{""x"":953,""y"":527,""t"":2991},{""x"":997,""y"":533,""t"":3036},{""x"":1014,""y"":514,""t"":3107},{""x"":1024,""y"":498,""t"":3129},{""x"":1042,""y"":478,""t"":3197},{""x"":899,""y"":462,""t"":3247},{""x"":766,""y"":506,""t"":3265},{""x"":716,""y"":487,""t"":3335},{""x"":633,""y"":459,""t"":3386},{""x"":564,""y"":437,""t"":3401},{""x"":498,""y"":392,""t"":3473},{""x"":391,""y"":405,""t"":3526},{""x"":317,""y"":385,""t"":3542},{""x"":326,""y"":417,""t"":3611},{""x"":324,""y"":456,""t"":3663},{""x"":327,""y"":490,""t"":3680},{""x"":344,""y"":495,""t"":3747},{""x"":373,""y"":518,""t"":3800},{""x"":401,""y"":536,""t"":3818},{""x"":431,""y"":571,""t"":3887},{""x"":468,""y"":596,""t"":3911},{""x"":510,""y"":616,""t"":3980},{""x"":535,""y"":596,""t"":4036},{""x"":556,""y"":577,""t"":4051},{""x"":619,""y"":541,""t"":4124},{""x"":670,""y"":544,""t"":4175},{""x"":712,""y"":547,""t"":4228},{""x"":700,""y"":552,""t"":4298},{""x"":687,""y"":556,""t"":4318},{""x"":648,""y"":586,""t"":4389},{""x"":611,""y"":597,""t"":4440},{""x"":582,""y"":589,""t"":4458},{""x"":561,""y"":584,""t"":4529},{""x"":507,""y"":573,""t"":4580},{""x"":446,""y"":578,""t"":4596},{""x"":446,""y"":537,""t"":4667},{""x"":427,""y"":519,""t"":4718},{""x"":413,""y"":504,""t"":4734},{""x"":452,""y"":526,""t"":4806},{""x"":469,""y"":603,""t"":4829},{""x"":521,""y"":636,""t"":4899},{""x"":549,""y"":641,""t"":4950},{""x"":580,""y"":668,""t"":4966},{""x"":603,""y"":687,""t"":5036},{""x"":621,""y"":682,""t"":5089},{""x"":641,""y"":688,""t"":5103},{""x"":675,""y"":704,""t"":5172},{""x"":707,""y"":694,""t"":5229},{""x"":732,""y"":683,""t"":5245},{""x"":743,""y"":667,""t"":5314},{""x"":750,""y"":620,""t"":5339},{""x"":776,""y"":573,""t"":5409},{""x"":799,""y"":545,""t"":5460},{""x"":817,""y"":523,""t"":5477},{""x"":836,""y"":524,""t"":5550},{""x"":848,""y"":538,""t"":5603},{""x"":850,""y"":474,""t"":5620},{""x"":827,""y"":479,""t"":5691},{""x"":819,""y"":513,""t"":5713},{""x"":816,""y"":532,""t"":5785},{""x"":858,""y"":490,""t"":5840},{""x"":892,""y"":454,""t"":5855},{""x"":884,""y"":488,""t"":5924}]",0,0.1999993961171749,0.8000006038828251,mcutoff_b-last,0
126-alternatives,1,89,exp_24,0.0,429.7000000029802,0.3,0.17,2.0,3.0,higher_p,higher_m,0,1,alternatives,0.0,False,0.6,0.51,0.0899999999999999,0.3499494233597794,0.6,0.4,0.5,0.5,0.0,1.0,higher_p,higher_m,True,"{""durations"":[1500,1000,1500,1000],""alternatives"":[0,1,0,1],""attributes"":[""all"",""all"",""all"",""all""]}","[{""x"":657,""y"":519,""t"":-197},{""x"":688,""y"":519,""t"":-72},{""x"":728,""y"":528,""t"":0},{""x"":761,""y"":481,""t"":139},{""x"":684,""y"":514,""t"":347},{""x"":686,""y"":538,""t"":472},{""x"":642,""y"":594,""t"":1165},{""x"":692,""y"":630,""t"":1241},{""x"":753,""y"":640,""t"":1295},{""x"":801,""y"":613,""t"":1376},{""x"":894,""y"":566,""t"":1395},{""x"":944,""y"":587,""t"":1473},{""x"":986,""y"":573,""t"":1498},{""x"":1019,""y"":590,""t"":1581},{""x"":1025,""y"":594,""t"":1599},{""x"":1032,""y"":613,""t"":1678},{""x"":1056,""y"":590,""t"":1701},{""x"":1054,""y"":591,""t"":1769},{""x"":1055,""y"":601,""t"":1818},{""x"":1053,""y"":608,""t"":1837},{""x"":1050,""y"":588,""t"":1910},{""x"":1051,""y"":578,""t"":1961},{""x"":1052,""y"":570,""t"":1977},{""x"":1051,""y"":565,""t"":2044},{""x"":1052,""y"":556,""t"":2096},{""x"":1053,""y"":548,""t"":2112},{""x"":1037,""y"":565,""t"":2179},{""x"":1021,""y"":546,""t"":2230},{""x"":1007,""y"":531,""t"":2245},{""x"":920,""y"":508,""t"":2310},{""x"":846,""y"":489,""t"":2326},{""x"":776,""y"":476,""t"":2393},{""x"":718,""y"":466,""t"":2414},{""x"":609,""y"":468,""t"":2480},{""x"":520,""y"":471,""t"":2497},{""x"":471,""y"":516,""t"":2565},{""x"":435,""y"":555,""t"":2585},{""x"":452,""y"":557,""t"":2653},{""x"":469,""y"":538,""t"":2705},{""x"":488,""y"":521,""t"":2720},{""x"":585,""y"":545,""t"":2787},{""x"":671,""y"":579,""t"":2803},{""x"":731,""y"":582,""t"":2845},{""x"":676,""y"":592,""t"":2885},{""x"":627,""y"":599,""t"":2927},{""x"":613,""y"":592,""t"":2992},{""x"":606,""y"":587,""t"":3044},{""x"":581,""y"":601,""t"":3060},{""x"":533,""y"":587,""t"":3125},{""x"":507,""y"":585,""t"":3142},{""x"":527,""y"":627,""t"":3210},{""x"":546,""y"":662,""t"":3232},{""x"":590,""y"":660,""t"":3299},{""x"":529,""y"":642,""t"":3347},{""x"":477,""y"":625,""t"":3367},{""x"":535,""y"":605,""t"":3434},{""x"":562,""y"":575,""t"":3482},{""x"":578,""y"":588,""t"":3502},{""x"":542,""y"":548,""t"":3572},{""x"":511,""y"":494,""t"":3622},{""x"":554,""y"":415,""t"":3639},{""x"":537,""y"":357,""t"":3709},{""x"":449,""y"":358,""t"":3758},{""x"":403,""y"":341,""t"":3775},{""x"":353,""y"":377,""t"":3843},{""x"":335,""y"":417,""t"":3893},{""x"":322,""y"":452,""t"":3911},{""x"":367,""y"":441,""t"":3979},{""x"":394,""y"":434,""t"":4031},{""x"":419,""y"":429,""t"":4047},{""x"":384,""y"":447,""t"":4116},{""x"":358,""y"":468,""t"":4171},{""x"":337,""y"":486,""t"":4187},{""x"":352,""y"":531,""t"":4255},{""x"":365,""y"":568,""t"":4285},{""x"":394,""y"":595,""t"":4353},{""x"":516,""y"":599,""t"":4404},{""x"":614,""y"":581,""t"":4420},{""x"":720,""y"":591,""t"":4488},{""x"":811,""y"":597,""t"":4505},{""x"":885,""y"":553,""t"":4548},{""x"":953,""y"":566,""t"":4590},{""x"":977,""y"":550,""t"":4635},{""x"":1010,""y"":547,""t"":4703},{""x"":1014,""y"":497,""t"":4728},{""x"":1042,""y"":469,""t"":4798},{""x"":1048,""y"":457,""t"":4847},{""x"":1050,""y"":447,""t"":4862},{""x"":962,""y"":415,""t"":4930},{""x"":880,""y"":454,""t"":4947},{""x"":780,""y"":472,""t"":4990},{""x"":695,""y"":488,""t"":5034},{""x"":669,""y"":498,""t"":5106},{""x"":616,""y"":543,""t"":5160},{""x"":574,""y"":581,""t"":5176},{""x"":540,""y"":542,""t"":5244},{""x"":524,""y"":539,""t"":5271},{""x"":521,""y"":559,""t"":5337},{""x"":544,""y"":566,""t"":5354},{""x"":532,""y"":595,""t"":5396},{""x"":549,""y"":599,""t"":5438},{""x"":565,""y"":602,""t"":5481},{""x"":639,""y"":570,""t"":5552},{""x"":671,""y"":570,""t"":5577},{""x"":684,""y"":586,""t"":5645},{""x"":700,""y"":582,""t"":5694},{""x"":712,""y"":577,""t"":5714},{""x"":719,""y"":547,""t"":5782},{""x"":756,""y"":547,""t"":5831},{""x"":767,""y"":563,""t"":5850},{""x"":777,""y"":587,""t"":5918},{""x"":781,""y"":609,""t"":5972},{""x"":782,""y"":627,""t"":5987}]",0,0.8000006038828251,0.1999993961171749,mcutoff_b-last,0
126-alternatives,1,90,exp_14,0.0,325.40000000596046,0.7,0.29,1.7999999999999998,5.0,higher_p,higher_m,0,1,alternatives,0.0,False,1.2599999999999998,1.45,-0.1900000000000001,0.0617557805929019,0.4,0.6,0.5,0.5,1.0,1.0,higher_m,higher_m,True,"{""durations"":[1000,1500,1000,1500],""alternatives"":[0,1,0,1],""attributes"":[""all"",""all"",""all"",""all""]}","[{""x"":726,""y"":583,""t"":-20},{""x"":740,""y"":560,""t"":0},{""x"":719,""y"":557,""t"":78},{""x"":730,""y"":518,""t"":107},{""x"":727,""y"":498,""t"":172},{""x"":695,""y"":475,""t"":244},{""x"":668,""y"":489,""t"":296},{""x"":646,""y"":501,""t"":311},{""x"":629,""y"":497,""t"":381},{""x"":660,""y"":501,""t"":434},{""x"":685,""y"":513,""t"":449},{""x"":791,""y"":498,""t"":517},{""x"":872,""y"":511,""t"":570},{""x"":921,""y"":533,""t"":585},{""x"":990,""y"":530,""t"":653},{""x"":1022,""y"":553,""t"":681},{""x"":1046,""y"":517,""t"":752},{""x"":1077,""y"":501,""t"":802},{""x"":1100,""y"":487,""t"":818},{""x"":1086,""y"":480,""t"":886},{""x"":1094,""y"":516,""t"":939},{""x"":1098,""y"":546,""t"":954},{""x"":1125,""y"":544,""t"":1022},{""x"":1111,""y"":551,""t"":1075},{""x"":1097,""y"":556,""t"":1091},{""x"":1053,""y"":553,""t"":1179},{""x"":1025,""y"":547,""t"":1195},{""x"":1022,""y"":539,""t"":1262},{""x"":997,""y"":510,""t"":1315},{""x"":959,""y"":503,""t"":1331},{""x"":810,""y"":483,""t"":1398},{""x"":674,""y"":466,""t"":1451},{""x"":535,""y"":470,""t"":1467},{""x"":452,""y"":476,""t"":1538},{""x"":392,""y"":477,""t"":1588},{""x"":332,""y"":478,""t"":1604},{""x"":314,""y"":507,""t"":1672},{""x"":323,""y"":568,""t"":1722},{""x"":325,""y"":592,""t"":1737},{""x"":331,""y"":591,""t"":1806},{""x"":322,""y"":566,""t"":1859},{""x"":316,""y"":553,""t"":1874},{""x"":306,""y"":547,""t"":1943},{""x"":322,""y"":528,""t"":1998},{""x"":339,""y"":511,""t"":2012},{""x"":463,""y"":524,""t"":2083},{""x"":584,""y"":534,""t"":2109},{""x"":698,""y"":526,""t"":2178},{""x"":775,""y"":495,""t"":2233},{""x"":835,""y"":470,""t"":2247},{""x"":910,""y"":481,""t"":2315},{""x"":980,""y"":478,""t"":2369},{""x"":1035,""y"":477,""t"":2383},{""x"":1067,""y"":486,""t"":2452},{""x"":1065,""y"":503,""t"":2505},{""x"":1095,""y"":492,""t"":2520},{""x"":1086,""y"":497,""t"":2596},{""x"":1108,""y"":507,""t"":2620},{""x"":1084,""y"":506,""t"":2687},{""x"":1080,""y"":501,""t"":2742},{""x"":1067,""y"":489,""t"":2757},{""x"":1071,""y"":490,""t"":2826},{""x"":1060,""y"":500,""t"":2882},{""x"":1050,""y"":509,""t"":2899},{""x"":1058,""y"":519,""t"":2966},{""x"":1078,""y"":532,""t"":2993},{""x"":1086,""y"":519,""t"":3063},{""x"":1084,""y"":541,""t"":3119},{""x"":1082,""y"":559,""t"":3135},{""x"":1098,""y"":586,""t"":3204},{""x"":1072,""y"":610,""t"":3256},{""x"":1046,""y"":621,""t"":3273},{""x"":1035,""y"":603,""t"":3339},{""x"":1025,""y"":586,""t"":3367},{""x"":1020,""y"":591,""t"":3436},{""x"":1019,""y"":616,""t"":3487},{""x"":1018,""y"":637,""t"":3503},{""x"":1008,""y"":630,""t"":3572},{""x"":1028,""y"":622,""t"":3628},{""x"":1045,""y"":615,""t"":3644},{""x"":1019,""y"":601,""t"":3713},{""x"":994,""y"":590,""t"":3762},{""x"":989,""y"":560,""t"":3778},{""x"":980,""y"":561,""t"":3846},{""x"":981,""y"":478,""t"":3897},{""x"":982,""y"":409,""t"":3914},{""x"":855,""y"":348,""t"":3984},{""x"":772,""y"":329,""t"":4035},{""x"":703,""y"":293,""t"":4050},{""x"":585,""y"":274,""t"":4125},{""x"":479,""y"":253,""t"":4149},{""x"":384,""y"":333,""t"":4219},{""x"":371,""y"":396,""t"":4265},{""x"":371,""y"":460,""t"":4308},{""x"":384,""y"":497,""t"":4349},{""x"":399,""y"":527,""t"":4392},{""x"":378,""y"":562,""t"":4462},{""x"":386,""y"":587,""t"":4513},{""x"":397,""y"":607,""t"":4529},{""x"":430,""y"":651,""t"":4597},{""x"":489,""y"":697,""t"":4647},{""x"":541,""y"":734,""t"":4662},{""x"":580,""y"":721,""t"":4732},{""x"":628,""y"":753,""t"":4785},{""x"":668,""y"":778,""t"":4800},{""x"":748,""y"":758,""t"":4868},{""x"":834,""y"":704,""t"":4918},{""x"":916,""y"":655,""t"":4934},{""x"":991,""y"":623,""t"":5003},{""x"":990,""y"":599,""t"":5058},{""x"":984,""y"":579,""t"":5075},{""x"":977,""y"":580,""t"":5147},{""x"":966,""y"":582,""t"":5169},{""x"":947,""y"":581,""t"":5239},{""x"":947,""y"":579,""t"":5290},{""x"":946,""y"":579,""t"":5305},{""x"":910,""y"":598,""t"":5374},{""x"":910,""y"":590,""t"":5426},{""x"":909,""y"":583,""t"":5445},{""x"":873,""y"":567,""t"":5515},{""x"":875,""y"":571,""t"":5565},{""x"":876,""y"":576,""t"":5582},{""x"":862,""y"":561,""t"":5651},{""x"":840,""y"":547,""t"":5701},{""x"":858,""y"":555,""t"":5717},{""x"":866,""y"":584,""t"":5788},{""x"":850,""y"":569,""t"":5839},{""x"":849,""y"":554,""t"":5856}]",1,0.8000006038828251,0.1999993961171749,mcutoff_b-last,0
126-alternatives,1,91,exp_12,0.0,294.5,0.7,0.29,1.7999999999999998,5.0,higher_p,higher_m,0,1,alternatives,0.0,False,1.2599999999999998,1.45,-0.1900000000000001,0.0617557805929019,0.4,0.6,0.5,0.5,1.0,0.0,higher_m,higher_p,True,"{""durations"":[1500,1000,1500,1000],""alternatives"":[1,0,1,0],""attributes"":[""all"",""all"",""all"",""all""]}","[{""x"":747,""y"":537,""t"":-20},{""x"":755,""y"":557,""t"":0},{""x"":770,""y"":565,""t"":92},{""x"":745,""y"":598,""t"":134},{""x"":719,""y"":616,""t"":179},{""x"":667,""y"":611,""t"":250},{""x"":640,""y"":594,""t"":273},{""x"":676,""y"":573,""t"":344},{""x"":753,""y"":549,""t"":398},{""x"":794,""y"":526,""t"":428},{""x"":834,""y"":522,""t"":470},{""x"":880,""y"":520,""t"":512},{""x"":934,""y"":555,""t"":581},{""x"":987,""y"":608,""t"":633},{""x"":1032,""y"":639,""t"":648},{""x"":1072,""y"":629,""t"":715},{""x"":1096,""y"":610,""t"":768},{""x"":1113,""y"":593,""t"":784},{""x"":1104,""y"":581,""t"":854},{""x"":1099,""y"":570,""t"":906},{""x"":1093,""y"":560,""t"":922},{""x"":1089,""y"":573,""t"":990},{""x"":1072,""y"":570,""t"":1041},{""x"":1062,""y"":554,""t"":1055},{""x"":1064,""y"":557,""t"":1123},{""x"":1074,""y"":581,""t"":1176},{""x"":1074,""y"":573,""t"":1191},{""x"":1063,""y"":610,""t"":1259},{""x"":1055,""y"":630,""t"":1310},{""x"":1037,""y"":641,""t"":1327},{""x"":1037,""y"":619,""t"":1394},{""x"":1027,""y"":575,""t"":1446},{""x"":1019,""y"":537,""t"":1463},{""x"":1016,""y"":497,""t"":1529},{""x"":1026,""y"":464,""t"":1548},{""x"":1002,""y"":475,""t"":1590},{""x"":982,""y"":486,""t"":1634},{""x"":984,""y"":467,""t"":1702},{""x"":995,""y"":468,""t"":1753},{""x"":1006,""y"":470,""t"":1769},{""x"":908,""y"":451,""t"":1836},{""x"":757,""y"":442,""t"":1887},{""x"":630,""y"":436,""t"":1905},{""x"":524,""y"":445,""t"":1971},{""x"":457,""y"":456,""t"":1987},{""x"":416,""y"":453,""t"":2056},{""x"":351,""y"":440,""t"":2075},{""x"":346,""y"":523,""t"":2143},{""x"":348,""y"":561,""t"":2197},{""x"":359,""y"":608,""t"":2213},{""x"":394,""y"":649,""t"":2281},{""x"":427,""y"":682,""t"":2313},{""x"":404,""y"":704,""t"":2380},{""x"":425,""y"":692,""t"":2431},{""x"":415,""y"":683,""t"":2450},{""x"":395,""y"":672,""t"":2518},{""x"":369,""y"":670,""t"":2569},{""x"":353,""y"":674,""t"":2586},{""x"":332,""y"":655,""t"":2655},{""x"":301,""y"":629,""t"":2705},{""x"":337,""y"":620,""t"":2722},{""x"":372,""y"":659,""t"":2792},{""x"":389,""y"":679,""t"":2845},{""x"":405,""y"":719,""t"":2862},{""x"":536,""y"":661,""t"":2938},{""x"":657,""y"":622,""t"":2960},{""x"":745,""y"":593,""t"":3029},{""x"":854,""y"":542,""t"":3081},{""x"":941,""y"":499,""t"":3095},{""x"":1001,""y"":487,""t"":3168},{""x"":1034,""y"":494,""t"":3223},{""x"":1056,""y"":502,""t"":3238},{""x"":1066,""y"":529,""t"":3308},{""x"":1087,""y"":542,""t"":3360},{""x"":1100,""y"":554,""t"":3375},{""x"":1105,""y"":535,""t"":3447},{""x"":1105,""y"":518,""t"":3469},{""x"":1084,""y"":524,""t"":3538},{""x"":1086,""y"":528,""t"":3589},{""x"":1080,""y"":532,""t"":3604},{""x"":1011,""y"":527,""t"":3674},{""x"":870,""y"":517,""t"":3725},{""x"":749,""y"":509,""t"":3742},{""x"":596,""y"":512,""t"":3808},{""x"":501,""y"":529,""t"":3824},{""x"":425,""y"":505,""t"":3867},{""x"":368,""y"":485,""t"":3911},{""x"":321,""y"":498,""t"":3979},{""x"":351,""y"":514,""t"":4032},{""x"":388,""y"":539,""t"":4048},{""x"":374,""y"":551,""t"":4118},{""x"":376,""y"":590,""t"":4167},{""x"":381,""y"":623,""t"":4183},{""x"":358,""y"":609,""t"":4252},{""x"":354,""y"":609,""t"":4303},{""x"":335,""y"":603,""t"":4320},{""x"":332,""y"":595,""t"":4389},{""x"":368,""y"":580,""t"":4439},{""x"":399,""y"":567,""t"":4456},{""x"":326,""y"":566,""t"":4524},{""x"":386,""y"":550,""t"":4575},{""x"":416,""y"":547,""t"":4591},{""x"":458,""y"":468,""t"":4659},{""x"":429,""y"":411,""t"":4712},{""x"":413,""y"":360,""t"":4728},{""x"":419,""y"":381,""t"":4797},{""x"":475,""y"":412,""t"":4847},{""x"":492,""y"":426,""t"":4863},{""x"":523,""y"":451,""t"":4931},{""x"":601,""y"":492,""t"":4982},{""x"":655,""y"":517,""t"":5000},{""x"":723,""y"":553,""t"":5069},{""x"":775,""y"":588,""t"":5122},{""x"":818,""y"":619,""t"":5149},{""x"":813,""y"":627,""t"":5194},{""x"":804,""y"":606,""t"":5235},{""x"":784,""y"":608,""t"":5278},{""x"":783,""y"":620,""t"":5348},{""x"":781,""y"":629,""t"":5374},{""x"":807,""y"":622,""t"":5444},{""x"":811,""y"":602,""t"":5500},{""x"":797,""y"":595,""t"":5515},{""x"":802,""y"":583,""t"":5583},{""x"":769,""y"":597,""t"":5635},{""x"":739,""y"":608,""t"":5652},{""x"":734,""y"":573,""t"":5720},{""x"":755,""y"":569,""t"":5772},{""x"":763,""y"":573,""t"":5800},{""x"":756,""y"":582,""t"":5843},{""x"":750,""y"":591,""t"":5886}]",0,0.8000006038828251,0.1999993961171749,mcutoff_b-last,0
126-alternatives,1,92,exp_66,0.0,431.5,0.72,0.51,4.2,5.2,higher_p,higher_m,0,1,alternatives,0.0,False,3.024,2.652,0.3719999999999999,0.64020159214642,0.6,0.4,0.5,0.5,0.0,0.0,higher_p,higher_p,True,"{""durations"":[1000,1500,1000,1500],""alternatives"":[1,0,1,0],""attributes"":[""all"",""all"",""all"",""all""]}","[{""x"":724,""y"":570,""t"":-23},{""x"":726,""y"":571,""t"":0},{""x"":752,""y"":573,""t"":83},{""x"":783,""y"":583,""t"":136},{""x"":778,""y"":542,""t"":303},{""x"":715,""y"":540,""t"":320},{""x"":731,""y"":532,""t"":366},{""x"":670,""y"":516,""t"":411},{""x"":599,""y"":517,""t"":470},{""x"":539,""y"":519,""t"":517},{""x"":506,""y"":527,""t"":590},{""x"":483,""y"":530,""t"":643},{""x"":467,""y"":532,""t"":659},{""x"":543,""y"":536,""t"":730},{""x"":612,""y"":539,""t"":748},{""x"":703,""y"":510,""t"":821},{""x"":768,""y"":507,""t"":874},{""x"":822,""y"":505,""t"":891},{""x"":843,""y"":500,""t"":961},{""x"":858,""y"":497,""t"":987},{""x"":868,""y"":459,""t"":1079},{""x"":866,""y"":473,""t"":1119},{""x"":873,""y"":492,""t"":1136},{""x"":857,""y"":484,""t"":1231},{""x"":841,""y"":478,""t"":1259},{""x"":853,""y"":518,""t"":1326},{""x"":860,""y"":497,""t"":1379},{""x"":889,""y"":477,""t"":1395},{""x"":915,""y"":475,""t"":1465},{""x"":937,""y"":474,""t"":1497},{""x"":940,""y"":487,""t"":1564},{""x"":954,""y"":515,""t"":1618},{""x"":976,""y"":529,""t"":1632},{""x"":940,""y"":492,""t"":1704},{""x"":865,""y"":512,""t"":1759},{""x"":805,""y"":524,""t"":1775},{""x"":773,""y"":471,""t"":1844},{""x"":677,""y"":493,""t"":1895},{""x"":576,""y"":493,""t"":1910},{""x"":580,""y"":498,""t"":1978},{""x"":642,""y"":528,""t"":2028},{""x"":701,""y"":530,""t"":2044},{""x"":761,""y"":550,""t"":2113},{""x"":814,""y"":567,""t"":2143},{""x"":862,""y"":567,""t"":2212},{""x"":886,""y"":593,""t"":2265},{""x"":919,""y"":606,""t"":2280},{""x"":930,""y"":651,""t"":2350},{""x"":930,""y"":676,""t"":2401},{""x"":936,""y"":671,""t"":2416},{""x"":959,""y"":649,""t"":2486},{""x"":948,""y"":625,""t"":2539},{""x"":938,""y"":604,""t"":2554},{""x"":908,""y"":585,""t"":2626},{""x"":884,""y"":590,""t"":2654},{""x"":894,""y"":563,""t"":2723},{""x"":898,""y"":551,""t"":2776},{""x"":902,""y"":542,""t"":2792},{""x"":808,""y"":542,""t"":2860},{""x"":767,""y"":516,""t"":2915},{""x"":733,""y"":494,""t"":2930},{""x"":641,""y"":523,""t"":2997},{""x"":578,""y"":515,""t"":3048},{""x"":505,""y"":519,""t"":3063},{""x"":460,""y"":548,""t"":3133},{""x"":468,""y"":545,""t"":3184},{""x"":480,""y"":543,""t"":3200},{""x"":447,""y"":550,""t"":3269},{""x"":412,""y"":547,""t"":3320},{""x"":385,""y"":545,""t"":3335},{""x"":335,""y"":554,""t"":3404},{""x"":331,""y"":521,""t"":3454},{""x"":332,""y"":492,""t"":3469},{""x"":329,""y"":503,""t"":3538},{""x"":329,""y"":513,""t"":3572},{""x"":444,""y"":528,""t"":3642},{""x"":566,""y"":530,""t"":3693},{""x"":697,""y"":503,""t"":3708},{""x"":787,""y"":508,""t"":3778},{""x"":885,""y"":486,""t"":3832},{""x"":936,""y"":495,""t"":3849},{""x"":968,""y"":506,""t"":3917},{""x"":1030,""y"":513,""t"":3968},{""x"":1050,""y"":519,""t"":3984},{""x"":1089,""y"":543,""t"":4053},{""x"":1115,""y"":564,""t"":4107},{""x"":1131,""y"":575,""t"":4121},{""x"":1099,""y"":621,""t"":4190},{""x"":1061,""y"":643,""t"":4241},{""x"":1026,""y"":660,""t"":4256},{""x"":875,""y"":582,""t"":4327},{""x"":729,""y"":502,""t"":4378},{""x"":607,""y"":434,""t"":4393},{""x"":522,""y"":433,""t"":4461},{""x"":469,""y"":461,""t"":4489},{""x"":461,""y"":487,""t"":4559},{""x"":501,""y"":539,""t"":4611},{""x"":541,""y"":537,""t"":4638},{""x"":576,""y"":537,""t"":4706},{""x"":628,""y"":543,""t"":4728},{""x"":684,""y"":569,""t"":4797},{""x"":693,""y"":555,""t"":4848},{""x"":700,""y"":542,""t"":4863},{""x"":677,""y"":532,""t"":4931},{""x"":657,""y"":523,""t"":4966},{""x"":655,""y"":506,""t"":5034},{""x"":697,""y"":513,""t"":5090},{""x"":733,""y"":519,""t"":5107},{""x"":781,""y"":522,""t"":5177},{""x"":822,""y"":539,""t"":5204},{""x"":858,""y"":565,""t"":5273},{""x"":884,""y"":568,""t"":5326},{""x"":904,""y"":539,""t"":5341},{""x"":880,""y"":551,""t"":5409},{""x"":873,""y"":579,""t"":5460},{""x"":865,""y"":603,""t"":5476},{""x"":873,""y"":609,""t"":5547},{""x"":857,""y"":601,""t"":5597},{""x"":842,""y"":593,""t"":5613},{""x"":828,""y"":557,""t"":5682},{""x"":825,""y"":579,""t"":5737},{""x"":823,""y"":599,""t"":5754},{""x"":795,""y"":600,""t"":5821},{""x"":778,""y"":614,""t"":5849},{""x"":729,""y"":584,""t"":5916},{""x"":720,""y"":561,""t"":5968},{""x"":715,""y"":542,""t"":5984}]",0,0.8000006038828251,0.1999993961171749,mcutoff_b-last,0
126-alternatives,1,94,catch_18,1.0,264.70000000298023,0.19,0.37,3.1,3.8,dominated,dominant,1,1,alternatives,0.0,False,0.5890000000000001,1.406,-0.8169999999999998,-0.5835921266029265,0.5,0.5,0.5,0.5,,1.0,,dominant,True,"{""durations"":[1250,1250,1250,1250],""attributes"":[""all"",""all"",""all"",""all""],""alternatives"":[0,1,0,1]}","[{""x"":812,""y"":565,""t"":-19},{""x"":795,""y"":562,""t"":0},{""x"":801,""y"":566,""t"":66},{""x"":817,""y"":538,""t"":152},{""x"":813,""y"":518,""t"":200},{""x"":808,""y"":501,""t"":245},{""x"":824,""y"":488,""t"":318},{""x"":836,""y"":479,""t"":341},{""x"":798,""y"":477,""t"":412},{""x"":707,""y"":486,""t"":466},{""x"":630,""y"":494,""t"":482},{""x"":560,""y"":523,""t"":552},{""x"":493,""y"":518,""t"":602},{""x"":417,""y"":536,""t"":619},{""x"":359,""y"":544,""t"":689},{""x"":314,""y"":551,""t"":714},{""x"":351,""y"":545,""t"":785},{""x"":398,""y"":560,""t"":836},{""x"":442,""y"":573,""t"":853},{""x"":501,""y"":579,""t"":921},{""x"":520,""y"":599,""t"":973},{""x"":536,""y"":615,""t"":989},{""x"":506,""y"":597,""t"":1058},{""x"":483,""y"":603,""t"":1111},{""x"":482,""y"":618,""t"":1127},{""x"":464,""y"":616,""t"":1195},{""x"":479,""y"":618,""t"":1246},{""x"":459,""y"":618,""t"":1262},{""x"":484,""y"":616,""t"":1332},{""x"":588,""y"":603,""t"":1383},{""x"":682,""y"":573,""t"":1398},{""x"":751,""y"":539,""t"":1467},{""x"":811,""y"":524,""t"":1517},{""x"":858,""y"":513,""t"":1533},{""x"":913,""y"":511,""t"":1601},{""x"":981,""y"":546,""t"":1657},{""x"":1013,""y"":585,""t"":1671},{""x"":1039,""y"":639,""t"":1739},{""x"":1075,""y"":672,""t"":1793},{""x"":1078,""y"":707,""t"":1811},{""x"":1122,""y"":696,""t"":1879},{""x"":1156,""y"":686,""t"":1906},{""x"":1132,""y"":681,""t"":1978},{""x"":1093,""y"":692,""t"":2030},{""x"":1056,""y"":700,""t"":2045},{""x"":1028,""y"":710,""t"":2114},{""x"":996,""y"":715,""t"":2169},{""x"":986,""y"":704,""t"":2185},{""x"":999,""y"":687,""t"":2253},{""x"":982,""y"":681,""t"":2304},{""x"":968,""y"":677,""t"":2319},{""x"":891,""y"":621,""t"":2387},{""x"":800,""y"":618,""t"":2442},{""x"":737,""y"":594,""t"":2457},{""x"":777,""y"":575,""t"":2527},{""x"":814,""y"":561,""t"":2552},{""x"":827,""y"":569,""t"":2620},{""x"":738,""y"":558,""t"":2671},{""x"":682,""y"":540,""t"":2687},{""x"":624,""y"":554,""t"":2755},{""x"":557,""y"":564,""t"":2809},{""x"":504,""y"":574,""t"":2826},{""x"":486,""y"":566,""t"":2896},{""x"":496,""y"":565,""t"":2951},{""x"":515,""y"":569,""t"":2966},{""x"":592,""y"":571,""t"":3036},{""x"":658,""y"":591,""t"":3086},{""x"":715,""y"":608,""t"":3102},{""x"":760,""y"":641,""t"":3172},{""x"":798,""y"":669,""t"":3197},{""x"":771,""y"":643,""t"":3267},{""x"":775,""y"":659,""t"":3319},{""x"":764,""y"":647,""t"":3334},{""x"":772,""y"":639,""t"":3389},{""x"":762,""y"":638,""t"":3432},{""x"":762,""y"":649,""t"":3474},{""x"":718,""y"":631,""t"":3545},{""x"":679,""y"":616,""t"":3571},{""x"":684,""y"":598,""t"":3640},{""x"":684,""y"":592,""t"":3691},{""x"":684,""y"":588,""t"":3719},{""x"":689,""y"":582,""t"":3788},{""x"":727,""y"":546,""t"":3810},{""x"":742,""y"":550,""t"":3882},{""x"":798,""y"":562,""t"":3934},{""x"":845,""y"":574,""t"":3950},{""x"":865,""y"":561,""t"":4020},{""x"":891,""y"":569,""t"":4074},{""x"":911,""y"":577,""t"":4089},{""x"":934,""y"":562,""t"":4156},{""x"":951,""y"":556,""t"":4208},{""x"":963,""y"":551,""t"":4224},{""x"":938,""y"":563,""t"":4292},{""x"":922,""y"":593,""t"":4320},{""x"":920,""y"":612,""t"":4388},{""x"":922,""y"":609,""t"":4441},{""x"":922,""y"":606,""t"":4456},{""x"":915,""y"":622,""t"":4525},{""x"":874,""y"":636,""t"":4576},{""x"":838,""y"":648,""t"":4592},{""x"":803,""y"":630,""t"":4660},{""x"":801,""y"":607,""t"":4714},{""x"":800,""y"":588,""t"":4729},{""x"":796,""y"":568,""t"":4798},{""x"":794,""y"":581,""t"":4849},{""x"":785,""y"":573,""t"":4865},{""x"":798,""y"":612,""t"":4921},{""x"":807,""y"":637,""t"":4963},{""x"":820,""y"":639,""t"":5004},{""x"":816,""y"":626,""t"":5073},{""x"":813,""y"":614,""t"":5102},{""x"":812,""y"":636,""t"":5170},{""x"":798,""y"":634,""t"":5219},{""x"":796,""y"":632,""t"":5237},{""x"":811,""y"":630,""t"":5305},{""x"":824,""y"":628,""t"":5338},{""x"":829,""y"":643,""t"":5411},{""x"":820,""y"":657,""t"":5462},{""x"":810,""y"":667,""t"":5479},{""x"":844,""y"":675,""t"":5549},{""x"":861,""y"":674,""t"":5601},{""x"":866,""y"":654,""t"":5616},{""x"":854,""y"":626,""t"":5686},{""x"":843,""y"":601,""t"":5713},{""x"":828,""y"":595,""t"":5784}]",1,0.1999993961171749,0.8000006038828251,mcutoff_b-last,0
126-alternatives,1,95,exp_6,1.0,430.8999999910593,0.79,0.49,5.300000000000001,8.3,higher_p,higher_m,0,1,alternatives,0.0,False,4.187000000000001,4.067,0.120000000000001,0.3808273136562316,0.4,0.6,0.5,0.5,1.0,1.0,higher_m,higher_m,False,"{""durations"":[1000,1500,1000,1500],""alternatives"":[0,1,0,1],""attributes"":[""all"",""all"",""all"",""all""]}","[{""x"":849,""y"":544,""t"":-96},{""x"":812,""y"":558,""t"":2},{""x"":808,""y"":565,""t"":158},{""x"":846,""y"":577,""t"":314},{""x"":877,""y"":555,""t"":835},{""x"":895,""y"":550,""t"":994},{""x"":906,""y"":550,""t"":1070},{""x"":914,""y"":550,""t"":1088},{""x"":950,""y"":522,""t"":1154},{""x"":968,""y"":521,""t"":1192},{""x"":978,""y"":539,""t"":1262},{""x"":921,""y"":502,""t"":1315},{""x"":871,""y"":472,""t"":1331},{""x"":753,""y"":445,""t"":1402},{""x"":671,""y"":428,""t"":1429},{""x"":616,""y"":414,""t"":1503},{""x"":499,""y"":431,""t"":1574},{""x"":440,""y"":444,""t"":1624},{""x"":408,""y"":432,""t"":1643},{""x"":374,""y"":439,""t"":1712},{""x"":349,""y"":445,""t"":1735},{""x"":427,""y"":434,""t"":1805},{""x"":386,""y"":454,""t"":1857},{""x"":357,""y"":409,""t"":1873},{""x"":410,""y"":438,""t"":1945},{""x"":418,""y"":490,""t"":1997},{""x"":398,""y"":529,""t"":2012},{""x"":431,""y"":536,""t"":2082},{""x"":436,""y"":564,""t"":2108},{""x"":438,""y"":576,""t"":2180},{""x"":435,""y"":549,""t"":2234},{""x"":432,""y"":524,""t"":2251},{""x"":440,""y"":518,""t"":2323},{""x"":449,""y"":494,""t"":2348},{""x"":444,""y"":497,""t"":2421},{""x"":463,""y"":512,""t"":2475},{""x"":477,""y"":523,""t"":2491},{""x"":518,""y"":500,""t"":2560},{""x"":553,""y"":481,""t"":2584},{""x"":681,""y"":466,""t"":2658},{""x"":747,""y"":482,""t"":2712},{""x"":800,""y"":496,""t"":2727},{""x"":863,""y"":489,""t"":2799},{""x"":921,""y"":504,""t"":2822},{""x"":938,""y"":549,""t"":2895},{""x"":960,""y"":564,""t"":2949},{""x"":974,""y"":557,""t"":2967},{""x"":984,""y"":558,""t"":3039},{""x"":978,""y"":577,""t"":3062},{""x"":968,""y"":560,""t"":3135},{""x"":969,""y"":588,""t"":3187},{""x"":963,""y"":612,""t"":3205},{""x"":980,""y"":602,""t"":3274},{""x"":994,""y"":593,""t"":3299},{""x"":980,""y"":601,""t"":3370},{""x"":984,""y"":599,""t"":3422},{""x"":985,""y"":597,""t"":3440},{""x"":975,""y"":620,""t"":3510},{""x"":944,""y"":637,""t"":3562},{""x"":918,""y"":651,""t"":3578},{""x"":911,""y"":643,""t"":3649},{""x"":921,""y"":594,""t"":3673},{""x"":872,""y"":537,""t"":3742},{""x"":777,""y"":518,""t"":3793},{""x"":728,""y"":476,""t"":3809},{""x"":648,""y"":476,""t"":3879},{""x"":566,""y"":479,""t"":3933},{""x"":501,""y"":483,""t"":3949},{""x"":449,""y"":529,""t"":4022},{""x"":410,""y"":569,""t"":4047},{""x"":407,""y"":619,""t"":4118},{""x"":423,""y"":657,""t"":4170},{""x"":441,""y"":687,""t"":4184},{""x"":460,""y"":688,""t"":4254},{""x"":449,""y"":669,""t"":4308},{""x"":442,""y"":651,""t"":4323},{""x"":440,""y"":602,""t"":4393},{""x"":428,""y"":556,""t"":4420},{""x"":394,""y"":534,""t"":4504},{""x"":363,""y"":498,""t"":4522},{""x"":477,""y"":496,""t"":4594},{""x"":591,""y"":482,""t"":4645},{""x"":687,""y"":471,""t"":4662},{""x"":750,""y"":514,""t"":4731},{""x"":823,""y"":545,""t"":4786},{""x"":888,""y"":568,""t"":4802},{""x"":934,""y"":570,""t"":4872},{""x"":939,""y"":562,""t"":4923},{""x"":938,""y"":554,""t"":4939},{""x"":928,""y"":576,""t"":5011},{""x"":916,""y"":594,""t"":5034},{""x"":933,""y"":591,""t"":5102},{""x"":928,""y"":598,""t"":5156},{""x"":923,""y"":608,""t"":5173},{""x"":919,""y"":625,""t"":5243},{""x"":854,""y"":592,""t"":5294},{""x"":797,""y"":563,""t"":5313},{""x"":734,""y"":544,""t"":5382},{""x"":671,""y"":530,""t"":5406},{""x"":612,""y"":528,""t"":5475},{""x"":667,""y"":531,""t"":5533},{""x"":688,""y"":554,""t"":5551},{""x"":722,""y"":561,""t"":5622},{""x"":739,""y"":587,""t"":5646},{""x"":731,""y"":608,""t"":5717},{""x"":708,""y"":592,""t"":5767},{""x"":688,""y"":577,""t"":5783},{""x"":646,""y"":600,""t"":5852},{""x"":647,""y"":603,""t"":5907},{""x"":634,""y"":591,""t"":5923},{""x"":688,""y"":593,""t"":5994},{""x"":736,""y"":595,""t"":6019}]",0,0.8000006038828251,0.1999993961171749,mcutoff_b-last,0
126-alternatives,1,96,exp_4,0.0,316.40000000596046,0.79,0.49,5.300000000000001,8.3,higher_p,higher_m,0,1,alternatives,0.0,False,4.187000000000001,4.067,0.120000000000001,0.3808273136562316,0.4,0.6,0.5,0.5,1.0,0.0,higher_m,higher_p,True,"{""durations"":[1500,1000,1500,1000],""alternatives"":[1,0,1,0],""attributes"":[""all"",""all"",""all"",""all""]}","[{""x"":695,""y"":544,""t"":-21},{""x"":642,""y"":535,""t"":0},{""x"":645,""y"":522,""t"":87},{""x"":673,""y"":510,""t"":115},{""x"":714,""y"":489,""t"":175},{""x"":739,""y"":491,""t"":248},{""x"":804,""y"":502,""t"":273},{""x"":825,""y"":505,""t"":345},{""x"":871,""y"":530,""t"":398},{""x"":911,""y"":523,""t"":414},{""x"":963,""y"":498,""t"":487},{""x"":1012,""y"":474,""t"":512},{""x"":1012,""y"":481,""t"":584},{""x"":1045,""y"":531,""t"":638},{""x"":1066,""y"":562,""t"":654},{""x"":1082,""y"":589,""t"":725},{""x"":1093,""y"":611,""t"":750},{""x"":1081,""y"":620,""t"":822},{""x"":1059,""y"":637,""t"":877},{""x"":1038,""y"":650,""t"":894},{""x"":1009,""y"":595,""t"":966},{""x"":984,""y"":529,""t"":987},{""x"":961,""y"":491,""t"":1066},{""x"":941,""y"":439,""t"":1089},{""x"":941,""y"":419,""t"":1162},{""x"":960,""y"":431,""t"":1215},{""x"":977,""y"":444,""t"":1230},{""x"":980,""y"":442,""t"":1301},{""x"":983,""y"":441,""t"":1326},{""x"":855,""y"":450,""t"":1400},{""x"":747,""y"":459,""t"":1428},{""x"":653,""y"":439,""t"":1499},{""x"":552,""y"":418,""t"":1551},{""x"":471,""y"":400,""t"":1574},{""x"":369,""y"":420,""t"":1647},{""x"":289,""y"":438,""t"":1667},{""x"":228,""y"":454,""t"":1740},{""x"":183,""y"":477,""t"":1793},{""x"":163,""y"":465,""t"":1811},{""x"":144,""y"":477,""t"":1881},{""x"":156,""y"":497,""t"":1904},{""x"":174,""y"":482,""t"":1974},{""x"":204,""y"":486,""t"":2024},{""x"":227,""y"":481,""t"":2042},{""x"":234,""y"":498,""t"":2113},{""x"":261,""y"":538,""t"":2165},{""x"":329,""y"":583,""t"":2181},{""x"":393,""y"":598,""t"":2253},{""x"":449,""y"":613,""t"":2307},{""x"":438,""y"":639,""t"":2323},{""x"":478,""y"":603,""t"":2394},{""x"":480,""y"":575,""t"":2415},{""x"":452,""y"":570,""t"":2486},{""x"":458,""y"":509,""t"":2543},{""x"":461,""y"":457,""t"":2560},{""x"":480,""y"":448,""t"":2632},{""x"":492,""y"":449,""t"":2653},{""x"":477,""y"":462,""t"":2725},{""x"":600,""y"":492,""t"":2780},{""x"":705,""y"":519,""t"":2796},{""x"":804,""y"":509,""t"":2866},{""x"":866,""y"":517,""t"":2891},{""x"":918,""y"":536,""t"":2962},{""x"":948,""y"":545,""t"":3017},{""x"":974,""y"":519,""t"":3033},{""x"":994,""y"":553,""t"":3102},{""x"":932,""y"":501,""t"":3156},{""x"":874,""y"":453,""t"":3172},{""x"":797,""y"":476,""t"":3245},{""x"":803,""y"":470,""t"":3265},{""x"":798,""y"":503,""t"":3336},{""x"":777,""y"":535,""t"":3388},{""x"":759,""y"":563,""t"":3404},{""x"":662,""y"":550,""t"":3474},{""x"":651,""y"":517,""t"":3525},{""x"":644,""y"":488,""t"":3541},{""x"":575,""y"":495,""t"":3611},{""x"":555,""y"":496,""t"":3663},{""x"":521,""y"":512,""t"":3681},{""x"":501,""y"":511,""t"":3750},{""x"":521,""y"":527,""t"":3801},{""x"":545,""y"":534,""t"":3819},{""x"":534,""y"":533,""t"":3889},{""x"":498,""y"":548,""t"":3911},{""x"":455,""y"":579,""t"":3985},{""x"":468,""y"":572,""t"":4013},{""x"":402,""y"":567,""t"":4086},{""x"":361,""y"":558,""t"":4139},{""x"":329,""y"":551,""t"":4154},{""x"":373,""y"":514,""t"":4225},{""x"":366,""y"":490,""t"":4252},{""x"":396,""y"":559,""t"":4347},{""x"":458,""y"":573,""t"":4518},{""x"":515,""y"":576,""t"":4923},{""x"":573,""y"":582,""t"":4969},{""x"":609,""y"":584,""t"":5038},{""x"":670,""y"":584,""t"":5110},{""x"":721,""y"":592,""t"":5182},{""x"":744,""y"":578,""t"":5203},{""x"":775,""y"":590,""t"":5275},{""x"":798,""y"":608,""t"":5328},{""x"":777,""y"":611,""t"":5344},{""x"":768,""y"":611,""t"":5413},{""x"":775,""y"":622,""t"":5466},{""x"":764,""y"":620,""t"":5481},{""x"":777,""y"":600,""t"":5550},{""x"":770,""y"":599,""t"":5602},{""x"":777,""y"":608,""t"":5620},{""x"":768,""y"":607,""t"":5689},{""x"":780,""y"":622,""t"":5714},{""x"":786,""y"":577,""t"":5784},{""x"":765,""y"":525,""t"":5841},{""x"":746,""y"":481,""t"":5858}]",0,0.8000006038828251,0.1999993961171749,mcutoff_b-last,0
126-alternatives,1,97,exp_2,0.0,242.79999999701977,0.79,0.49,5.300000000000001,8.3,higher_p,higher_m,0,1,alternatives,0.0,False,4.187000000000001,4.067,0.120000000000001,0.3808273136562316,0.6,0.4,0.5,0.5,0.0,0.0,higher_p,higher_p,True,"{""durations"":[1000,1500,1000,1500],""alternatives"":[1,0,1,0],""attributes"":[""all"",""all"",""all"",""all""]}","[{""x"":786,""y"":548,""t"":-47},{""x"":805,""y"":526,""t"":0},{""x"":771,""y"":552,""t"":94},{""x"":761,""y"":556,""t"":122},{""x"":738,""y"":563,""t"":233},{""x"":719,""y"":568,""t"":279},{""x"":676,""y"":569,""t"":355},{""x"":652,""y"":593,""t"":375},{""x"":628,""y"":584,""t"":450},{""x"":593,""y"":572,""t"":506},{""x"":516,""y"":554,""t"":522},{""x"":532,""y"":581,""t"":598},{""x"":550,""y"":605,""t"":613},{""x"":507,""y"":663,""t"":689},{""x"":450,""y"":674,""t"":744},{""x"":414,""y"":701,""t"":760},{""x"":368,""y"":691,""t"":835},{""x"":332,""y"":681,""t"":851},{""x"":303,""y"":681,""t"":927},{""x"":300,""y"":672,""t"":953},{""x"":312,""y"":642,""t"":1029},{""x"":326,""y"":615,""t"":1055},{""x"":474,""y"":568,""t"":1128},{""x"":627,""y"":549,""t"":1184},{""x"":756,""y"":535,""t"":1201},{""x"":859,""y"":519,""t"":1275},{""x"":938,""y"":525,""t"":1293},{""x"":1005,""y"":505,""t"":1365},{""x"":1094,""y"":479,""t"":1417},{""x"":1163,""y"":458,""t"":1436},{""x"":1205,""y"":476,""t"":1509},{""x"":1238,""y"":495,""t"":1531},{""x"":1229,""y"":500,""t"":1605},{""x"":1204,""y"":541,""t"":1659},{""x"":1177,""y"":577,""t"":1675},{""x"":1153,""y"":603,""t"":1747},{""x"":1131,""y"":624,""t"":1769},{""x"":1071,""y"":615,""t"":1841},{""x"":1018,""y"":606,""t"":1871},{""x"":995,""y"":571,""t"":1944},{""x"":1002,""y"":557,""t"":1997},{""x"":1009,""y"":545,""t"":2013},{""x"":1010,""y"":554,""t"":2085},{""x"":1010,""y"":546,""t"":2110},{""x"":978,""y"":552,""t"":2182},{""x"":993,""y"":556,""t"":2234},{""x"":1007,""y"":560,""t"":2251},{""x"":1025,""y"":569,""t"":2324},{""x"":1040,""y"":577,""t"":2347},{""x"":980,""y"":566,""t"":2421},{""x"":942,""y"":567,""t"":2475},{""x"":918,""y"":552,""t"":2491},{""x"":890,""y"":563,""t"":2563},{""x"":863,""y"":572,""t"":2585},{""x"":830,""y"":595,""t"":2659},{""x"":801,""y"":568,""t"":2714},{""x"":777,""y"":544,""t"":2729},{""x"":708,""y"":543,""t"":2798},{""x"":651,""y"":544,""t"":2823},{""x"":576,""y"":548,""t"":2895},{""x"":512,""y"":549,""t"":2948},{""x"":462,""y"":551,""t"":2964},{""x"":409,""y"":518,""t"":3035},{""x"":369,""y"":491,""t"":3061},{""x"":345,""y"":496,""t"":3137},{""x"":413,""y"":509,""t"":3190},{""x"":488,""y"":503,""t"":3206},{""x"":574,""y"":521,""t"":3276},{""x"":648,""y"":538,""t"":3299},{""x"":745,""y"":547,""t"":3370},{""x"":823,""y"":555,""t"":3422},{""x"":886,""y"":562,""t"":3439},{""x"":933,""y"":587,""t"":3516},{""x"":999,""y"":603,""t"":3538},{""x"":1046,""y"":603,""t"":3610},{""x"":1033,""y"":601,""t"":3665},{""x"":1022,""y"":604,""t"":3681},{""x"":998,""y"":607,""t"":3753},{""x"":976,""y"":601,""t"":3774},{""x"":957,""y"":585,""t"":3848},{""x"":973,""y"":585,""t"":3901},{""x"":967,""y"":574,""t"":3916},{""x"":1005,""y"":571,""t"":3988},{""x"":1030,""y"":567,""t"":4040},{""x"":1033,""y"":567,""t"":4056},{""x"":1014,""y"":556,""t"":4130},{""x"":996,""y"":548,""t"":4148},{""x"":996,""y"":524,""t"":4223},{""x"":961,""y"":532,""t"":4276},{""x"":937,""y"":547,""t"":4292},{""x"":955,""y"":539,""t"":4363},{""x"":971,""y"":532,""t"":4387},{""x"":880,""y"":513,""t"":4459},{""x"":840,""y"":533,""t"":4517},{""x"":818,""y"":528,""t"":4534},{""x"":801,""y"":516,""t"":4606},{""x"":788,""y"":505,""t"":4625},{""x"":781,""y"":531,""t"":4696},{""x"":752,""y"":529,""t"":4752},{""x"":728,""y"":527,""t"":4766},{""x"":749,""y"":508,""t"":4836},{""x"":781,""y"":475,""t"":4863},{""x"":824,""y"":495,""t"":4933},{""x"":882,""y"":492,""t"":4986},{""x"":932,""y"":491,""t"":5002},{""x"":952,""y"":476,""t"":5075},{""x"":942,""y"":477,""t"":5101},{""x"":915,""y"":493,""t"":5160},{""x"":908,""y"":512,""t"":5211},{""x"":867,""y"":516,""t"":5290},{""x"":851,""y"":539,""t"":5311},{""x"":828,""y"":519,""t"":5385},{""x"":799,""y"":514,""t"":5408},{""x"":792,""y"":512,""t"":5481},{""x"":809,""y"":512,""t"":5535},{""x"":781,""y"":508,""t"":5553},{""x"":797,""y"":500,""t"":5625},{""x"":811,""y"":494,""t"":5645},{""x"":774,""y"":516,""t"":5722},{""x"":772,""y"":515,""t"":5747},{""x"":766,""y"":457,""t"":5824},{""x"":688,""y"":445,""t"":5849}]",0,0.8000006038828251,0.1999993961171749,mcutoff_b-last,0
126-alternatives,1,98,exp_100,0.0,289.5,0.58,0.38,4.9,6.9,higher_p,higher_m,0,1,alternatives,0.0,False,2.842,2.6220000000000003,0.2199999999999997,0.4837536146444008,0.4,0.6,0.5,0.5,1.0,0.0,higher_m,higher_p,True,"{""durations"":[1500,1000,1500,1000],""alternatives"":[1,0,1,0],""attributes"":[""all"",""all"",""all"",""all""]}","[{""x"":697,""y"":536,""t"":-72},{""x"":671,""y"":541,""t"":0},{""x"":697,""y"":545,""t"":97},{""x"":723,""y"":547,""t"":120},{""x"":709,""y"":540,""t"":195},{""x"":677,""y"":525,""t"":307},{""x"":649,""y"":544,""t"":391},{""x"":625,""y"":559,""t"":410},{""x"":555,""y"":554,""t"":497},{""x"":496,""y"":548,""t"":514},{""x"":471,""y"":552,""t"":595},{""x"":434,""y"":559,""t"":613},{""x"":398,""y"":593,""t"":692},{""x"":370,""y"":622,""t"":716},{""x"":408,""y"":641,""t"":801},{""x"":385,""y"":656,""t"":829},{""x"":392,""y"":670,""t"":888},{""x"":426,""y"":625,""t"":976},{""x"":471,""y"":581,""t"":998},{""x"":428,""y"":591,""t"":1052},{""x"":426,""y"":590,""t"":1104},{""x"":395,""y"":563,""t"":1156},{""x"":396,""y"":541,""t"":1205},{""x"":408,""y"":513,""t"":1254},{""x"":420,""y"":489,""t"":1303},{""x"":420,""y"":486,""t"":1382},{""x"":421,""y"":484,""t"":1400},{""x"":543,""y"":471,""t"":1477},{""x"":647,""y"":461,""t"":1499},{""x"":749,""y"":439,""t"":1579},{""x"":840,""y"":453,""t"":1598},{""x"":921,""y"":457,""t"":1676},{""x"":962,""y"":452,""t"":1701},{""x"":993,""y"":442,""t"":1786},{""x"":1048,""y"":463,""t"":1803},{""x"":1061,""y"":477,""t"":1917},{""x"":1101,""y"":528,""t"":1993},{""x"":1130,""y"":572,""t"":2010},{""x"":1119,""y"":596,""t"":2088},{""x"":1105,""y"":615,""t"":2109},{""x"":1115,""y"":621,""t"":2185},{""x"":1089,""y"":656,""t"":2211},{""x"":946,""y"":605,""t"":2289},{""x"":830,""y"":571,""t"":2313},{""x"":749,""y"":554,""t"":2394},{""x"":700,""y"":529,""t"":2414},{""x"":578,""y"":537,""t"":2489},{""x"":478,""y"":544,""t"":2517},{""x"":518,""y"":550,""t"":2599},{""x"":564,""y"":545,""t"":2619},{""x"":649,""y"":521,""t"":2695},{""x"":729,""y"":511,""t"":2750},{""x"":778,""y"":507,""t"":2767},{""x"":812,""y"":521,""t"":2843},{""x"":845,""y"":538,""t"":2859},{""x"":763,""y"":554,""t"":2933},{""x"":709,""y"":558,""t"":2960},{""x"":638,""y"":556,""t"":3033},{""x"":582,""y"":555,""t"":3088},{""x"":528,""y"":568,""t"":3105},{""x"":535,""y"":584,""t"":3177},{""x"":545,""y"":597,""t"":3196},{""x"":469,""y"":600,""t"":3269},{""x"":410,""y"":579,""t"":3321},{""x"":347,""y"":584,""t"":3339},{""x"":319,""y"":558,""t"":3411},{""x"":318,""y"":553,""t"":3435},{""x"":325,""y"":545,""t"":3509},{""x"":327,""y"":522,""t"":3563},{""x"":332,""y"":503,""t"":3578},{""x"":387,""y"":542,""t"":3651},{""x"":424,""y"":545,""t"":3673},{""x"":494,""y"":567,""t"":3744},{""x"":544,""y"":604,""t"":3800},{""x"":590,""y"":643,""t"":3816},{""x"":625,""y"":662,""t"":3888},{""x"":605,""y"":639,""t"":3910},{""x"":634,""y"":645,""t"":3985},{""x"":626,""y"":620,""t"":4038},{""x"":618,""y"":597,""t"":4054},{""x"":590,""y"":603,""t"":4127},{""x"":581,""y"":604,""t"":4149},{""x"":626,""y"":600,""t"":4224},{""x"":663,""y"":613,""t"":4252},{""x"":636,""y"":604,""t"":4324},{""x"":605,""y"":597,""t"":4377},{""x"":600,""y"":632,""t"":4393},{""x"":654,""y"":622,""t"":4462},{""x"":717,""y"":624,""t"":4514},{""x"":770,""y"":626,""t"":4529},{""x"":842,""y"":596,""t"":4600},{""x"":888,""y"":570,""t"":4624},{""x"":791,""y"":542,""t"":4699},{""x"":708,""y"":514,""t"":4751},{""x"":640,""y"":492,""t"":4767},{""x"":573,""y"":491,""t"":4836},{""x"":518,""y"":492,""t"":4863},{""x"":552,""y"":515,""t"":4933},{""x"":634,""y"":523,""t"":4989},{""x"":691,""y"":550,""t"":5005},{""x"":731,""y"":532,""t"":5076},{""x"":765,""y"":516,""t"":5101},{""x"":792,""y"":535,""t"":5174},{""x"":803,""y"":563,""t"":5227},{""x"":810,""y"":586,""t"":5244},{""x"":822,""y"":577,""t"":5318},{""x"":830,""y"":568,""t"":5339},{""x"":832,""y"":565,""t"":5413},{""x"":826,""y"":590,""t"":5466},{""x"":820,""y"":611,""t"":5483},{""x"":808,""y"":621,""t"":5554},{""x"":801,""y"":644,""t"":5577},{""x"":817,""y"":620,""t"":5649},{""x"":824,""y"":636,""t"":5704},{""x"":827,""y"":636,""t"":5719},{""x"":825,""y"":630,""t"":5792},{""x"":823,""y"":624,""t"":5815},{""x"":813,""y"":627,""t"":5888},{""x"":827,""y"":596,""t"":5941},{""x"":853,""y"":566,""t"":5956}]",1,0.8000006038828251,0.1999993961171749,mcutoff_b-last,0
126-alternatives,1,102,catch_12,1.0,267.8999999910593,0.23,0.47,5.0,6.0,dominated,dominant,1,1,alternatives,0.0,False,1.15,2.82,-1.6699999999999997,-1.4615534740320204,0.5,0.5,0.5,0.5,,1.0,,dominant,True,"{""durations"":[1250,1250,1250,1250],""attributes"":[""all"",""all"",""all"",""all""],""alternatives"":[0,1,0,1]}","[{""x"":769,""y"":562,""t"":-51},{""x"":775,""y"":564,""t"":0},{""x"":773,""y"":580,""t"":108},{""x"":773,""y"":557,""t"":137},{""x"":794,""y"":532,""t"":283},{""x"":806,""y"":517,""t"":306},{""x"":789,""y"":529,""t"":385},{""x"":774,""y"":518,""t"":409},{""x"":722,""y"":505,""t"":489},{""x"":650,""y"":470,""t"":512},{""x"":588,""y"":497,""t"":591},{""x"":497,""y"":510,""t"":613},{""x"":428,""y"":557,""t"":693},{""x"":373,""y"":598,""t"":715},{""x"":350,""y"":611,""t"":795},{""x"":310,""y"":627,""t"":817},{""x"":326,""y"":617,""t"":898},{""x"":366,""y"":582,""t"":919},{""x"":380,""y"":561,""t"":1000},{""x"":394,""y"":543,""t"":1020},{""x"":382,""y"":552,""t"":1101},{""x"":373,""y"":559,""t"":1122},{""x"":396,""y"":578,""t"":1200},{""x"":438,""y"":586,""t"":1256},{""x"":482,""y"":605,""t"":1274},{""x"":486,""y"":650,""t"":1322},{""x"":519,""y"":695,""t"":1370},{""x"":608,""y"":674,""t"":1449},{""x"":701,""y"":614,""t"":1468},{""x"":775,""y"":581,""t"":1547},{""x"":826,""y"":533,""t"":1564},{""x"":875,""y"":557,""t"":1641},{""x"":917,""y"":598,""t"":1667},{""x"":928,""y"":602,""t"":1743},{""x"":964,""y"":579,""t"":1798},{""x"":1031,""y"":573,""t"":1815},{""x"":1023,""y"":570,""t"":1890},{""x"":1002,""y"":562,""t"":1908},{""x"":1008,""y"":540,""t"":1985},{""x"":1034,""y"":500,""t"":2006},{""x"":1032,""y"":483,""t"":2083},{""x"":1028,""y"":471,""t"":2109},{""x"":1020,""y"":476,""t"":2185},{""x"":1043,""y"":478,""t"":2211},{""x"":1021,""y"":464,""t"":2287},{""x"":996,""y"":497,""t"":2341},{""x"":987,""y"":523,""t"":2360},{""x"":884,""y"":519,""t"":2433},{""x"":825,""y"":527,""t"":2448},{""x"":759,""y"":513,""t"":2523},{""x"":720,""y"":511,""t"":2579},{""x"":689,""y"":510,""t"":2597},{""x"":704,""y"":532,""t"":2672},{""x"":720,""y"":551,""t"":2687},{""x"":728,""y"":561,""t"":2763},{""x"":752,""y"":578,""t"":2818},{""x"":764,""y"":604,""t"":2837},{""x"":774,""y"":596,""t"":2882},{""x"":779,""y"":579,""t"":2926},{""x"":786,""y"":593,""t"":3001},{""x"":804,""y"":591,""t"":3027},{""x"":825,""y"":600,""t"":3101},{""x"":833,""y"":599,""t"":3155},{""x"":839,""y"":598,""t"":3172},{""x"":749,""y"":600,""t"":3247},{""x"":676,""y"":606,""t"":3264},{""x"":620,""y"":613,""t"":3341},{""x"":574,""y"":619,""t"":3366},{""x"":530,""y"":626,""t"":3447},{""x"":495,""y"":632,""t"":3468},{""x"":497,""y"":670,""t"":3547},{""x"":513,""y"":689,""t"":3571},{""x"":563,""y"":692,""t"":3650},{""x"":593,""y"":701,""t"":3673},{""x"":625,""y"":691,""t"":3756},{""x"":653,""y"":682,""t"":3775},{""x"":715,""y"":689,""t"":3858},{""x"":740,""y"":700,""t"":3876},{""x"":705,""y"":674,""t"":3954},{""x"":763,""y"":646,""t"":3978},{""x"":786,""y"":625,""t"":4058},{""x"":781,""y"":619,""t"":4081},{""x"":785,""y"":604,""t"":4158},{""x"":791,""y"":588,""t"":4182},{""x"":802,""y"":577,""t"":4259},{""x"":811,""y"":569,""t"":4285},{""x"":818,""y"":550,""t"":4360},{""x"":814,""y"":552,""t"":4414},{""x"":818,""y"":555,""t"":4442},{""x"":800,""y"":551,""t"":4487},{""x"":799,""y"":559,""t"":4531},{""x"":813,""y"":542,""t"":4606},{""x"":824,""y"":528,""t"":4624},{""x"":798,""y"":539,""t"":4699},{""x"":807,""y"":557,""t"":4754},{""x"":814,""y"":572,""t"":4770},{""x"":801,""y"":578,""t"":4842},{""x"":790,""y"":583,""t"":4863},{""x"":799,""y"":594,""t"":4937},{""x"":779,""y"":604,""t"":4965},{""x"":775,""y"":610,""t"":5039},{""x"":756,""y"":599,""t"":5094},{""x"":742,""y"":590,""t"":5112},{""x"":730,""y"":607,""t"":5186},{""x"":712,""y"":600,""t"":5202},{""x"":742,""y"":588,""t"":5289},{""x"":768,""y"":577,""t"":5305},{""x"":779,""y"":562,""t"":5379},{""x"":778,""y"":560,""t"":5435},{""x"":782,""y"":566,""t"":5452},{""x"":792,""y"":563,""t"":5526},{""x"":801,""y"":561,""t"":5544},{""x"":827,""y"":560,""t"":5617},{""x"":819,""y"":557,""t"":5678},{""x"":804,""y"":571,""t"":5712},{""x"":778,""y"":557,""t"":5786},{""x"":771,""y"":534,""t"":5839},{""x"":774,""y"":547,""t"":5855}]",1,0.1999993961171749,0.8000006038828251,mcutoff_b-last,0
126-alternatives,1,104,exp_112,0.0,1086.0999999940395,0.49,0.22,4.2,7.9,higher_p,higher_m,0,1,alternatives,0.0,False,2.058,1.738,0.3199999999999998,0.5866799156325714,0.6,0.4,0.5,0.5,0.0,1.0,higher_p,higher_m,True,"{""durations"":[1500,1000,1500,1000],""alternatives"":[0,1,0,1],""attributes"":[""all"",""all"",""all"",""all""]}","[{""x"":597,""y"":615,""t"":-18},{""x"":633,""y"":602,""t"":0},{""x"":634,""y"":577,""t"":97},{""x"":652,""y"":571,""t"":138},{""x"":678,""y"":560,""t"":215},{""x"":672,""y"":548,""t"":239},{""x"":657,""y"":565,""t"":318},{""x"":661,""y"":571,""t"":340},{""x"":695,""y"":560,""t"":420},{""x"":766,""y"":558,""t"":443},{""x"":803,""y"":542,""t"":505},{""x"":853,""y"":546,""t"":552},{""x"":892,""y"":558,""t"":630},{""x"":928,""y"":581,""t"":648},{""x"":912,""y"":581,""t"":723},{""x"":927,""y"":567,""t"":749},{""x"":959,""y"":552,""t"":827},{""x"":984,""y"":539,""t"":851},{""x"":1005,""y"":514,""t"":928},{""x"":1026,""y"":509,""t"":953},{""x"":1034,""y"":539,""t"":1031},{""x"":1039,""y"":566,""t"":1058},{""x"":953,""y"":555,""t"":1133},{""x"":854,""y"":570,""t"":1156},{""x"":778,""y"":588,""t"":1230},{""x"":694,""y"":587,""t"":1285},{""x"":600,""y"":583,""t"":1301},{""x"":543,""y"":575,""t"":1377},{""x"":520,""y"":575,""t"":1405},{""x"":478,""y"":598,""t"":1455},{""x"":388,""y"":623,""t"":1502},{""x"":327,""y"":644,""t"":1581},{""x"":280,""y"":661,""t"":1599},{""x"":341,""y"":628,""t"":1675},{""x"":397,""y"":599,""t"":1701},{""x"":513,""y"":582,""t"":1778},{""x"":595,""y"":579,""t"":1803},{""x"":561,""y"":563,""t"":1879},{""x"":528,""y"":550,""t"":1904},{""x"":496,""y"":556,""t"":1981},{""x"":492,""y"":546,""t"":2037},{""x"":518,""y"":547,""t"":2054},{""x"":536,""y"":559,""t"":2110},{""x"":523,""y"":600,""t"":2212},{""x"":499,""y"":638,""t"":2284},{""x"":479,""y"":669,""t"":2313},{""x"":435,""y"":652,""t"":2406},{""x"":438,""y"":630,""t"":2425},{""x"":433,""y"":612,""t"":2480},{""x"":493,""y"":618,""t"":2531},{""x"":567,""y"":587,""t"":2584},{""x"":661,""y"":591,""t"":2674},{""x"":732,""y"":602,""t"":2693},{""x"":808,""y"":596,""t"":2780},{""x"":868,""y"":591,""t"":2797},{""x"":910,""y"":567,""t"":2879},{""x"":940,""y"":547,""t"":2897},{""x"":952,""y"":546,""t"":2979},{""x"":940,""y"":564,""t"":2998},{""x"":925,""y"":559,""t"":3081},{""x"":919,""y"":558,""t"":3098},{""x"":922,""y"":568,""t"":3177},{""x"":929,""y"":576,""t"":3197},{""x"":893,""y"":586,""t"":3277},{""x"":845,""y"":586,""t"":3299},{""x"":789,""y"":577,""t"":3381},{""x"":741,""y"":570,""t"":3401},{""x"":723,""y"":543,""t"":3480},{""x"":710,""y"":520,""t"":3503},{""x"":763,""y"":528,""t"":3580},{""x"":812,""y"":519,""t"":3605},{""x"":804,""y"":529,""t"":3681},{""x"":797,""y"":538,""t"":3707},{""x"":809,""y"":559,""t"":3783},{""x"":819,""y"":578,""t"":3811},{""x"":807,""y"":570,""t"":3885},{""x"":831,""y"":564,""t"":3938},{""x"":820,""y"":571,""t"":3954},{""x"":815,""y"":598,""t"":4027},{""x"":810,""y"":621,""t"":4047},{""x"":828,""y"":606,""t"":4122},{""x"":848,""y"":598,""t"":4178},{""x"":802,""y"":575,""t"":4207},{""x"":762,""y"":556,""t"":4251},{""x"":764,""y"":566,""t"":4325},{""x"":781,""y"":566,""t"":4378},{""x"":790,""y"":562,""t"":4395},{""x"":765,""y"":570,""t"":4471},{""x"":763,""y"":576,""t"":4489},{""x"":747,""y"":573,""t"":4567},{""x"":735,""y"":570,""t"":4591},{""x"":770,""y"":561,""t"":4667},{""x"":791,""y"":570,""t"":4693},{""x"":810,""y"":549,""t"":4768},{""x"":819,""y"":568,""t"":4823},{""x"":826,""y"":584,""t"":4840},{""x"":739,""y"":569,""t"":4913},{""x"":665,""y"":555,""t"":4932},{""x"":594,""y"":573,""t"":5005},{""x"":558,""y"":573,""t"":5061},{""x"":529,""y"":573,""t"":5077},{""x"":467,""y"":592,""t"":5149},{""x"":417,""y"":608,""t"":5170},{""x"":391,""y"":616,""t"":5244},{""x"":385,""y"":626,""t"":5298},{""x"":384,""y"":633,""t"":5314},{""x"":371,""y"":659,""t"":5389},{""x"":363,""y"":680,""t"":5407},{""x"":367,""y"":672,""t"":5480},{""x"":387,""y"":659,""t"":5533},{""x"":405,""y"":647,""t"":5549},{""x"":520,""y"":590,""t"":5623},{""x"":596,""y"":570,""t"":5645},{""x"":690,""y"":569,""t"":5717},{""x"":794,""y"":570,""t"":5772},{""x"":878,""y"":572,""t"":5789},{""x"":928,""y"":559,""t"":5863},{""x"":966,""y"":548,""t"":5883},{""x"":989,""y"":552,""t"":5955},{""x"":986,""y"":578,""t"":6007},{""x"":979,""y"":601,""t"":6025},{""x"":944,""y"":620,""t"":6100},{""x"":931,""y"":622,""t"":6120},{""x"":933,""y"":628,""t"":6195},{""x"":930,""y"":635,""t"":6253},{""x"":914,""y"":630,""t"":6270},{""x"":905,""y"":626,""t"":6345},{""x"":900,""y"":611,""t"":6362},{""x"":898,""y"":644,""t"":6436},{""x"":896,""y"":673,""t"":6462},{""x"":902,""y"":675,""t"":6534},{""x"":837,""y"":585,""t"":6589},{""x"":783,""y"":508,""t"":6604},{""x"":710,""y"":508,""t"":6678},{""x"":619,""y"":456,""t"":6699}]",0,0.8000006038828251,0.1999993961171749,mcutoff_b-last,0
126-alternatives,1,105,exp_0,0.0,297.0,0.79,0.49,5.300000000000001,8.3,higher_p,higher_m,0,1,alternatives,0.0,False,4.187000000000001,4.067,0.120000000000001,0.3808273136562316,0.6,0.4,0.5,0.5,0.0,1.0,higher_p,higher_m,True,"{""durations"":[1500,1000,1500,1000],""alternatives"":[0,1,0,1],""attributes"":[""all"",""all"",""all"",""all""]}","[{""x"":859,""y"":620,""t"":-52},{""x"":861,""y"":648,""t"":0},{""x"":842,""y"":634,""t"":92},{""x"":835,""y"":621,""t"":121},{""x"":836,""y"":636,""t"":204},{""x"":817,""y"":625,""t"":235},{""x"":834,""y"":620,""t"":251},{""x"":832,""y"":625,""t"":320},{""x"":839,""y"":602,""t"":388},{""x"":845,""y"":582,""t"":409},{""x"":883,""y"":548,""t"":476},{""x"":908,""y"":530,""t"":494},{""x"":934,""y"":513,""t"":541},{""x"":950,""y"":490,""t"":583},{""x"":957,""y"":499,""t"":652},{""x"":938,""y"":496,""t"":704},{""x"":920,""y"":495,""t"":725},{""x"":919,""y"":492,""t"":797},{""x"":917,""y"":490,""t"":817},{""x"":945,""y"":489,""t"":890},{""x"":969,""y"":490,""t"":921},{""x"":961,""y"":507,""t"":989},{""x"":969,""y"":485,""t"":1040},{""x"":996,""y"":485,""t"":1057},{""x"":1001,""y"":504,""t"":1123},{""x"":933,""y"":502,""t"":1171},{""x"":914,""y"":539,""t"":1192},{""x"":908,""y"":595,""t"":1259},{""x"":894,""y"":631,""t"":1307},{""x"":902,""y"":658,""t"":1326},{""x"":866,""y"":663,""t"":1393},{""x"":854,""y"":616,""t"":1423},{""x"":879,""y"":598,""t"":1465},{""x"":886,""y"":619,""t"":1532},{""x"":909,""y"":613,""t"":1583},{""x"":868,""y"":603,""t"":1602},{""x"":901,""y"":606,""t"":1671},{""x"":908,""y"":611,""t"":1722},{""x"":911,""y"":607,""t"":1738},{""x"":897,""y"":614,""t"":1806},{""x"":809,""y"":594,""t"":1859},{""x"":734,""y"":577,""t"":1874},{""x"":693,""y"":548,""t"":1941},{""x"":644,""y"":555,""t"":1974},{""x"":635,""y"":551,""t"":2042},{""x"":641,""y"":551,""t"":2091},{""x"":650,""y"":551,""t"":2109},{""x"":609,""y"":528,""t"":2176},{""x"":585,""y"":493,""t"":2193},{""x"":561,""y"":490,""t"":2235},{""x"":525,""y"":493,""t"":2277},{""x"":543,""y"":504,""t"":2322},{""x"":503,""y"":528,""t"":2390},{""x"":531,""y"":545,""t"":2438},{""x"":508,""y"":562,""t"":2455},{""x"":505,""y"":494,""t"":2522},{""x"":490,""y"":478,""t"":2573},{""x"":467,""y"":457,""t"":2591},{""x"":449,""y"":442,""t"":2659},{""x"":438,""y"":433,""t"":2687},{""x"":495,""y"":433,""t"":2751},{""x"":545,""y"":434,""t"":2768},{""x"":627,""y"":451,""t"":2836},{""x"":697,""y"":478,""t"":2857},{""x"":798,""y"":496,""t"":2923},{""x"":837,""y"":522,""t"":2940},{""x"":809,""y"":479,""t"":2981},{""x"":801,""y"":444,""t"":3025},{""x"":783,""y"":420,""t"":3067},{""x"":770,""y"":410,""t"":3136},{""x"":726,""y"":466,""t"":3186},{""x"":745,""y"":453,""t"":3202},{""x"":731,""y"":440,""t"":3270},{""x"":683,""y"":449,""t"":3321},{""x"":642,""y"":457,""t"":3337},{""x"":641,""y"":449,""t"":3405},{""x"":615,""y"":410,""t"":3455},{""x"":614,""y"":386,""t"":3472},{""x"":622,""y"":341,""t"":3537},{""x"":632,""y"":312,""t"":3590},{""x"":630,""y"":291,""t"":3606},{""x"":648,""y"":311,""t"":3673},{""x"":688,""y"":324,""t"":3726},{""x"":722,""y"":337,""t"":3741},{""x"":663,""y"":346,""t"":3808},{""x"":661,""y"":366,""t"":3862},{""x"":667,""y"":373,""t"":3876},{""x"":699,""y"":388,""t"":3945},{""x"":711,""y"":409,""t"":3997},{""x"":694,""y"":424,""t"":4013},{""x"":681,""y"":416,""t"":4079},{""x"":692,""y"":444,""t"":4107},{""x"":699,""y"":441,""t"":4152},{""x"":683,""y"":448,""t"":4217},{""x"":690,""y"":461,""t"":4269},{""x"":691,""y"":458,""t"":4285},{""x"":719,""y"":443,""t"":4351},{""x"":776,""y"":455,""t"":4367},{""x"":829,""y"":474,""t"":4409},{""x"":774,""y"":475,""t"":4451},{""x"":753,""y"":469,""t"":4495},{""x"":744,""y"":513,""t"":4563},{""x"":748,""y"":506,""t"":4614},{""x"":711,""y"":461,""t"":4642},{""x"":644,""y"":426,""t"":4702},{""x"":600,""y"":396,""t"":4771},{""x"":581,""y"":428,""t"":4838},{""x"":595,""y"":422,""t"":4887},{""x"":609,""y"":417,""t"":4903},{""x"":601,""y"":434,""t"":4971},{""x"":607,""y"":446,""t"":5020},{""x"":614,""y"":457,""t"":5036},{""x"":630,""y"":472,""t"":5104},{""x"":658,""y"":505,""t"":5159},{""x"":683,""y"":532,""t"":5175},{""x"":664,""y"":525,""t"":5244},{""x"":684,""y"":504,""t"":5294},{""x"":667,""y"":537,""t"":5334},{""x"":663,""y"":573,""t"":5374},{""x"":702,""y"":567,""t"":5458},{""x"":734,""y"":561,""t"":5475},{""x"":747,""y"":551,""t"":5543},{""x"":760,""y"":575,""t"":5593},{""x"":773,""y"":584,""t"":5611},{""x"":775,""y"":616,""t"":5679},{""x"":778,""y"":551,""t"":5732},{""x"":757,""y"":560,""t"":5748},{""x"":743,""y"":550,""t"":5814},{""x"":696,""y"":577,""t"":5829},{""x"":733,""y"":513,""t"":5872}]",1,0.8000006038828251,0.1999993961171749,mcutoff_b-last,0
126-alternatives,1,106,exp_56,0.0,258.19999998807907,0.41,0.21,1.7999999999999998,6.2,higher_p,higher_m,0,1,alternatives,0.0,False,0.7379999999999999,1.302,-0.5640000000000002,-0.3231885851028555,0.6,0.4,0.5,0.5,0.0,1.0,higher_p,higher_m,True,"{""durations"":[1500,1000,1500,1000],""alternatives"":[0,1,0,1],""attributes"":[""all"",""all"",""all"",""all""]}","[{""x"":979,""y"":333,""t"":-73},{""x"":994,""y"":346,""t"":-17},{""x"":1003,""y"":359,""t"":0},{""x"":994,""y"":376,""t"":113},{""x"":997,""y"":415,""t"":139},{""x"":1019,""y"":457,""t"":204},{""x"":1025,""y"":489,""t"":247},{""x"":1000,""y"":524,""t"":317},{""x"":979,""y"":541,""t"":341},{""x"":984,""y"":543,""t"":410},{""x"":978,""y"":548,""t"":461},{""x"":973,""y"":550,""t"":477},{""x"":861,""y"":579,""t"":548},{""x"":799,""y"":560,""t"":602},{""x"":748,""y"":541,""t"":616},{""x"":710,""y"":549,""t"":685},{""x"":688,""y"":587,""t"":738},{""x"":680,""y"":599,""t"":753},{""x"":656,""y"":571,""t"":823},{""x"":663,""y"":572,""t"":874},{""x"":663,""y"":556,""t"":890},{""x"":662,""y"":587,""t"":957},{""x"":663,""y"":614,""t"":988},{""x"":666,""y"":599,""t"":1054},{""x"":686,""y"":605,""t"":1071},{""x"":641,""y"":584,""t"":1112},{""x"":642,""y"":538,""t"":1155},{""x"":645,""y"":499,""t"":1198},{""x"":678,""y"":467,""t"":1269},{""x"":714,""y"":428,""t"":1296},{""x"":733,""y"":471,""t"":1365},{""x"":766,""y"":444,""t"":1417},{""x"":798,""y"":408,""t"":1435},{""x"":862,""y"":409,""t"":1503},{""x"":868,""y"":409,""t"":1554},{""x"":870,""y"":409,""t"":1571},{""x"":890,""y"":417,""t"":1638},{""x"":914,""y"":395,""t"":1691},{""x"":903,""y"":415,""t"":1718},{""x"":892,""y"":430,""t"":1761},{""x"":900,""y"":425,""t"":1802},{""x"":844,""y"":435,""t"":1842},{""x"":814,""y"":443,""t"":1910},{""x"":846,""y"":416,""t"":1961},{""x"":839,""y"":423,""t"":1977},{""x"":756,""y"":410,""t"":2045},{""x"":706,""y"":413,""t"":2075},{""x"":695,""y"":464,""t"":2144},{""x"":702,""y"":383,""t"":2197},{""x"":731,""y"":324,""t"":2213},{""x"":715,""y"":289,""t"":2279},{""x"":646,""y"":371,""t"":2331},{""x"":718,""y"":377,""t"":2348},{""x"":711,""y"":380,""t"":2414},{""x"":690,""y"":378,""t"":2430},{""x"":709,""y"":408,""t"":2472},{""x"":654,""y"":449,""t"":2512},{""x"":603,""y"":488,""t"":2555},{""x"":593,""y"":541,""t"":2624},{""x"":591,""y"":558,""t"":2653},{""x"":653,""y"":523,""t"":2721},{""x"":692,""y"":476,""t"":2773},{""x"":727,""y"":434,""t"":2790},{""x"":709,""y"":408,""t"":2855},{""x"":667,""y"":381,""t"":2873},{""x"":598,""y"":364,""t"":2913},{""x"":585,""y"":391,""t"":2954},{""x"":571,""y"":433,""t"":2996},{""x"":554,""y"":456,""t"":3062},{""x"":540,""y"":470,""t"":3113},{""x"":525,""y"":488,""t"":3128},{""x"":526,""y"":500,""t"":3196},{""x"":513,""y"":511,""t"":3223},{""x"":525,""y"":518,""t"":3265},{""x"":541,""y"":528,""t"":3333},{""x"":519,""y"":555,""t"":3383},{""x"":524,""y"":533,""t"":3401},{""x"":572,""y"":515,""t"":3465},{""x"":632,""y"":501,""t"":3481},{""x"":646,""y"":512,""t"":3548},{""x"":659,""y"":513,""t"":3571},{""x"":679,""y"":499,""t"":3639},{""x"":740,""y"":474,""t"":3688},{""x"":790,""y"":454,""t"":3707},{""x"":800,""y"":435,""t"":3775},{""x"":806,""y"":428,""t"":3826},{""x"":808,""y"":423,""t"":3843},{""x"":847,""y"":410,""t"":3910},{""x"":913,""y"":413,""t"":3925},{""x"":968,""y"":412,""t"":3968},{""x"":1012,""y"":426,""t"":4010},{""x"":1052,""y"":416,""t"":4051},{""x"":1048,""y"":402,""t"":4121},{""x"":1041,""y"":390,""t"":4149},{""x"":1076,""y"":400,""t"":4215},{""x"":1038,""y"":436,""t"":4232},{""x"":1021,""y"":439,""t"":4274},{""x"":1019,""y"":451,""t"":4314},{""x"":1001,""y"":483,""t"":4355},{""x"":998,""y"":477,""t"":4423},{""x"":1012,""y"":466,""t"":4477},{""x"":979,""y"":488,""t"":4493},{""x"":944,""y"":495,""t"":4560},{""x"":912,""y"":501,""t"":4618},{""x"":894,""y"":520,""t"":4634},{""x"":906,""y"":529,""t"":4699},{""x"":889,""y"":500,""t"":4749},{""x"":876,""y"":475,""t"":4765},{""x"":880,""y"":490,""t"":4832},{""x"":876,""y"":491,""t"":4886},{""x"":876,""y"":520,""t"":4900},{""x"":861,""y"":479,""t"":4966},{""x"":797,""y"":494,""t"":5019},{""x"":769,""y"":513,""t"":5035},{""x"":750,""y"":550,""t"":5100},{""x"":733,""y"":590,""t"":5154},{""x"":701,""y"":605,""t"":5169},{""x"":734,""y"":618,""t"":5236},{""x"":777,""y"":603,""t"":5253},{""x"":767,""y"":575,""t"":5294},{""x"":746,""y"":565,""t"":5337},{""x"":722,""y"":552,""t"":5380},{""x"":742,""y"":547,""t"":5449},{""x"":744,""y"":547,""t"":5499},{""x"":747,""y"":547,""t"":5516},{""x"":742,""y"":557,""t"":5583},{""x"":742,""y"":550,""t"":5634},{""x"":742,""y"":545,""t"":5650},{""x"":768,""y"":543,""t"":5717},{""x"":714,""y"":543,""t"":5767},{""x"":657,""y"":540,""t"":5785},{""x"":613,""y"":530,""t"":5852}]",0,0.8000006038828251,0.1999993961171749,mcutoff_b-last,0
126-alternatives,1,107,exp_70,1.0,264.29999999701977,0.72,0.51,4.2,5.2,higher_p,higher_m,0,1,alternatives,0.0,False,3.024,2.652,0.3719999999999999,0.64020159214642,0.4,0.6,0.5,0.5,1.0,1.0,higher_m,higher_m,False,"{""durations"":[1000,1500,1000,1500],""alternatives"":[0,1,0,1],""attributes"":[""all"",""all"",""all"",""all""]}","[{""x"":674,""y"":537,""t"":-17},{""x"":730,""y"":555,""t"":0},{""x"":761,""y"":569,""t"":70},{""x"":812,""y"":563,""t"":123},{""x"":828,""y"":569,""t"":150},{""x"":832,""y"":569,""t"":202},{""x"":825,""y"":565,""t"":274},{""x"":834,""y"":569,""t"":347},{""x"":807,""y"":570,""t"":397},{""x"":799,""y"":555,""t"":426},{""x"":773,""y"":566,""t"":468},{""x"":768,""y"":566,""t"":511},{""x"":779,""y"":550,""t"":578},{""x"":765,""y"":544,""t"":630},{""x"":729,""y"":528,""t"":648},{""x"":722,""y"":546,""t"":716},{""x"":800,""y"":534,""t"":770},{""x"":870,""y"":512,""t"":785},{""x"":900,""y"":486,""t"":850},{""x"":945,""y"":504,""t"":905},{""x"":982,""y"":520,""t"":920},{""x"":1016,""y"":545,""t"":986},{""x"":1053,""y"":559,""t"":1002},{""x"":1072,""y"":578,""t"":1046},{""x"":1085,""y"":612,""t"":1090},{""x"":1058,""y"":606,""t"":1158},{""x"":1045,""y"":613,""t"":1209},{""x"":1032,""y"":617,""t"":1226},{""x"":989,""y"":606,""t"":1293},{""x"":992,""y"":585,""t"":1345},{""x"":994,""y"":581,""t"":1362},{""x"":991,""y"":582,""t"":1431},{""x"":1000,""y"":554,""t"":1481},{""x"":1004,""y"":566,""t"":1501},{""x"":1002,""y"":559,""t"":1572},{""x"":990,""y"":549,""t"":1600},{""x"":982,""y"":547,""t"":1666},{""x"":967,""y"":536,""t"":1716},{""x"":960,""y"":560,""t"":1737},{""x"":927,""y"":558,""t"":1805},{""x"":956,""y"":532,""t"":1856},{""x"":970,""y"":571,""t"":1876},{""x"":964,""y"":571,""t"":1946},{""x"":960,""y"":571,""t"":1973},{""x"":1002,""y"":555,""t"":2041},{""x"":1003,""y"":528,""t"":2099},{""x"":1004,""y"":506,""t"":2117},{""x"":952,""y"":497,""t"":2184},{""x"":880,""y"":488,""t"":2238},{""x"":819,""y"":481,""t"":2253},{""x"":784,""y"":495,""t"":2321},{""x"":778,""y"":547,""t"":2373},{""x"":768,""y"":545,""t"":2415},{""x"":709,""y"":558,""t"":2483},{""x"":673,""y"":603,""t"":2537},{""x"":627,""y"":622,""t"":2554},{""x"":604,""y"":641,""t"":2621},{""x"":583,""y"":644,""t"":2673},{""x"":569,""y"":645,""t"":2688},{""x"":553,""y"":673,""t"":2753},{""x"":561,""y"":685,""t"":2769},{""x"":568,""y"":671,""t"":2811},{""x"":605,""y"":667,""t"":2852},{""x"":611,""y"":675,""t"":2896},{""x"":615,""y"":681,""t"":2950},{""x"":569,""y"":688,""t"":2994},{""x"":579,""y"":685,""t"":3061},{""x"":611,""y"":709,""t"":3115},{""x"":639,""y"":685,""t"":3130},{""x"":662,""y"":679,""t"":3195},{""x"":671,""y"":640,""t"":3210},{""x"":680,""y"":642,""t"":3277},{""x"":678,""y"":627,""t"":3300},{""x"":691,""y"":613,""t"":3366},{""x"":665,""y"":577,""t"":3415},{""x"":667,""y"":567,""t"":3435},{""x"":662,""y"":558,""t"":3502},{""x"":621,""y"":572,""t"":3517},{""x"":623,""y"":552,""t"":3560},{""x"":675,""y"":578,""t"":3601},{""x"":708,""y"":566,""t"":3644},{""x"":760,""y"":527,""t"":3712},{""x"":764,""y"":504,""t"":3762},{""x"":802,""y"":507,""t"":3777},{""x"":849,""y"":514,""t"":3844},{""x"":881,""y"":512,""t"":3893},{""x"":905,""y"":511,""t"":3911},{""x"":928,""y"":495,""t"":3977},{""x"":896,""y"":509,""t"":3991},{""x"":940,""y"":521,""t"":4035},{""x"":953,""y"":541,""t"":4076},{""x"":961,""y"":558,""t"":4118},{""x"":979,""y"":574,""t"":4184},{""x"":995,""y"":599,""t"":4234},{""x"":1007,""y"":618,""t"":4251},{""x"":966,""y"":606,""t"":4316},{""x"":961,""y"":582,""t"":4332},{""x"":980,""y"":561,""t"":4398},{""x"":995,""y"":542,""t"":4421},{""x"":934,""y"":522,""t"":4487},{""x"":813,""y"":515,""t"":4503},{""x"":764,""y"":469,""t"":4570},{""x"":724,""y"":430,""t"":4591},{""x"":681,""y"":409,""t"":4658},{""x"":616,""y"":460,""t"":4712},{""x"":564,""y"":506,""t"":4728},{""x"":578,""y"":499,""t"":4793},{""x"":603,""y"":508,""t"":4810},{""x"":639,""y"":520,""t"":4851},{""x"":702,""y"":509,""t"":4892},{""x"":751,""y"":542,""t"":4933},{""x"":741,""y"":548,""t"":5012},{""x"":732,""y"":553,""t"":5032},{""x"":759,""y"":572,""t"":5100},{""x"":763,""y"":586,""t"":5114},{""x"":760,""y"":607,""t"":5158},{""x"":777,""y"":589,""t"":5201},{""x"":762,""y"":545,""t"":5243},{""x"":783,""y"":537,""t"":5309},{""x"":793,""y"":542,""t"":5363},{""x"":796,""y"":523,""t"":5378},{""x"":764,""y"":513,""t"":5447},{""x"":783,""y"":540,""t"":5498},{""x"":770,""y"":553,""t"":5515},{""x"":770,""y"":601,""t"":5569},{""x"":783,""y"":596,""t"":5612},{""x"":781,""y"":555,""t"":5679},{""x"":797,""y"":556,""t"":5728},{""x"":802,""y"":535,""t"":5748},{""x"":808,""y"":548,""t"":5813},{""x"":725,""y"":506,""t"":5828},{""x"":714,""y"":516,""t"":5870}]",0,0.8000006038828251,0.1999993961171749,mcutoff_b-last,0
126-alternatives,1,108,exp_86,0.0,254.4000000059605,0.61,0.29,2.2,8.1,higher_p,higher_m,0,1,alternatives,0.0,False,1.342,2.349,-1.0069999999999997,-0.7791520984804502,0.4,0.6,0.5,0.5,1.0,1.0,higher_m,higher_m,True,"{""durations"":[1000,1500,1000,1500],""alternatives"":[0,1,0,1],""attributes"":[""all"",""all"",""all"",""all""]}","[{""x"":810,""y"":542,""t"":-19},{""x"":827,""y"":576,""t"":0},{""x"":847,""y"":585,""t"":88},{""x"":876,""y"":613,""t"":131},{""x"":885,""y"":648,""t"":181},{""x"":885,""y"":655,""t"":251},{""x"":885,""y"":658,""t"":272},{""x"":861,""y"":629,""t"":339},{""x"":864,""y"":583,""t"":358},{""x"":867,""y"":550,""t"":401},{""x"":890,""y"":527,""t"":443},{""x"":929,""y"":517,""t"":514},{""x"":925,""y"":502,""t"":566},{""x"":921,""y"":488,""t"":582},{""x"":930,""y"":526,""t"":651},{""x"":951,""y"":559,""t"":703},{""x"":968,""y"":588,""t"":718},{""x"":976,""y"":577,""t"":786},{""x"":1012,""y"":577,""t"":837},{""x"":1014,""y"":549,""t"":853},{""x"":939,""y"":533,""t"":921},{""x"":928,""y"":510,""t"":976},{""x"":919,""y"":490,""t"":993},{""x"":879,""y"":508,""t"":1063},{""x"":850,""y"":506,""t"":1115},{""x"":816,""y"":503,""t"":1132},{""x"":765,""y"":509,""t"":1198},{""x"":712,""y"":484,""t"":1249},{""x"":673,""y"":460,""t"":1265},{""x"":653,""y"":443,""t"":1332},{""x"":649,""y"":425,""t"":1381},{""x"":649,""y"":411,""t"":1396},{""x"":685,""y"":418,""t"":1462},{""x"":672,""y"":437,""t"":1513},{""x"":675,""y"":466,""t"":1531},{""x"":701,""y"":509,""t"":1596},{""x"":706,""y"":516,""t"":1611},{""x"":702,""y"":532,""t"":1678},{""x"":709,""y"":553,""t"":1701},{""x"":696,""y"":561,""t"":1769},{""x"":708,""y"":579,""t"":1823},{""x"":743,""y"":539,""t"":1839},{""x"":713,""y"":572,""t"":1905},{""x"":726,""y"":542,""t"":1956},{""x"":731,""y"":512,""t"":1973},{""x"":686,""y"":515,""t"":2052},{""x"":649,""y"":518,""t"":2076},{""x"":640,""y"":536,""t"":2142},{""x"":607,""y"":573,""t"":2157},{""x"":584,""y"":577,""t"":2199},{""x"":560,""y"":594,""t"":2240},{""x"":542,""y"":608,""t"":2281},{""x"":535,""y"":639,""t"":2348},{""x"":552,""y"":649,""t"":2402},{""x"":559,""y"":650,""t"":2417},{""x"":563,""y"":667,""t"":2484},{""x"":557,""y"":695,""t"":2537},{""x"":569,""y"":659,""t"":2552},{""x"":575,""y"":671,""t"":2621},{""x"":559,""y"":682,""t"":2676},{""x"":545,""y"":691,""t"":2691},{""x"":546,""y"":681,""t"":2757},{""x"":617,""y"":593,""t"":2808},{""x"":674,""y"":565,""t"":2823},{""x"":708,""y"":557,""t"":2889},{""x"":699,""y"":504,""t"":2906},{""x"":745,""y"":457,""t"":2946},{""x"":805,""y"":423,""t"":2989},{""x"":842,""y"":448,""t"":3031},{""x"":904,""y"":427,""t"":3098},{""x"":883,""y"":451,""t"":3150},{""x"":862,""y"":473,""t"":3166},{""x"":809,""y"":541,""t"":3232},{""x"":758,""y"":519,""t"":3281},{""x"":714,""y"":500,""t"":3299},{""x"":629,""y"":505,""t"":3365},{""x"":557,""y"":509,""t"":3380},{""x"":523,""y"":553,""t"":3447},{""x"":497,""y"":591,""t"":3469},{""x"":476,""y"":575,""t"":3534},{""x"":462,""y"":560,""t"":3550},{""x"":439,""y"":559,""t"":3620},{""x"":423,""y"":558,""t"":3638},{""x"":443,""y"":576,""t"":3707},{""x"":548,""y"":577,""t"":3758},{""x"":640,""y"":577,""t"":3776},{""x"":727,""y"":601,""t"":3848},{""x"":720,""y"":572,""t"":3901},{""x"":735,""y"":530,""t"":3917},{""x"":749,""y"":536,""t"":3988},{""x"":758,""y"":532,""t"":4013},{""x"":758,""y"":535,""t"":4080},{""x"":773,""y"":510,""t"":4097},{""x"":753,""y"":493,""t"":4144},{""x"":735,""y"":479,""t"":4188},{""x"":723,""y"":467,""t"":4255},{""x"":709,""y"":491,""t"":4309},{""x"":667,""y"":507,""t"":4323},{""x"":673,""y"":534,""t"":4389},{""x"":650,""y"":584,""t"":4444},{""x"":647,""y"":594,""t"":4474},{""x"":661,""y"":600,""t"":4516},{""x"":673,""y"":595,""t"":4559},{""x"":677,""y"":562,""t"":4629},{""x"":694,""y"":535,""t"":4682},{""x"":703,""y"":541,""t"":4701},{""x"":688,""y"":532,""t"":4770},{""x"":675,""y"":524,""t"":4796},{""x"":729,""y"":502,""t"":4865},{""x"":774,""y"":487,""t"":4919},{""x"":822,""y"":473,""t"":4940},{""x"":856,""y"":457,""t"":5008},{""x"":883,""y"":445,""t"":5038},{""x"":854,""y"":451,""t"":5112},{""x"":827,""y"":457,""t"":5135},{""x"":841,""y"":458,""t"":5209},{""x"":856,""y"":467,""t"":5237},{""x"":838,""y"":473,""t"":5307},{""x"":831,""y"":459,""t"":5366},{""x"":822,""y"":485,""t"":5385},{""x"":851,""y"":470,""t"":5432},{""x"":852,""y"":510,""t"":5486},{""x"":850,""y"":514,""t"":5556},{""x"":801,""y"":518,""t"":5576},{""x"":811,""y"":529,""t"":5647},{""x"":792,""y"":561,""t"":5703},{""x"":723,""y"":539,""t"":5718},{""x"":689,""y"":537,""t"":5797},{""x"":671,""y"":481,""t"":5840}]",0,0.8000006038828251,0.1999993961171749,mcutoff_b-last,0
126-alternatives,1,109,exp_16,0.0,324.5,0.28,0.17,4.3,8.3,higher_p,higher_m,0,1,alternatives,0.0,False,1.204,1.4110000000000005,-0.2070000000000003,0.0442583094249128,0.6,0.4,0.5,0.5,0.0,1.0,higher_p,higher_m,True,"{""durations"":[1500,1000,1500,1000],""alternatives"":[0,1,0,1],""attributes"":[""all"",""all"",""all"",""all""]}","[{""x"":564,""y"":505,""t"":-43},{""x"":536,""y"":506,""t"":0},{""x"":573,""y"":489,""t"":90},{""x"":608,""y"":476,""t"":116},{""x"":635,""y"":450,""t"":187},{""x"":649,""y"":465,""t"":233},{""x"":661,""y"":478,""t"":274},{""x"":706,""y"":493,""t"":342},{""x"":726,""y"":530,""t"":394},{""x"":742,""y"":561,""t"":408},{""x"":741,""y"":552,""t"":476},{""x"":737,""y"":536,""t"":529},{""x"":732,""y"":521,""t"":544},{""x"":747,""y"":535,""t"":611},{""x"":741,""y"":500,""t"":627},{""x"":753,""y"":465,""t"":700},{""x"":763,""y"":436,""t"":714},{""x"":740,""y"":453,""t"":781},{""x"":752,""y"":454,""t"":798},{""x"":742,""y"":468,""t"":839},{""x"":760,""y"":501,""t"":881},{""x"":782,""y"":490,""t"":922},{""x"":814,""y"":522,""t"":989},{""x"":828,""y"":542,""t"":1041},{""x"":822,""y"":504,""t"":1057},{""x"":782,""y"":522,""t"":1123},{""x"":778,""y"":535,""t"":1172},{""x"":816,""y"":496,""t"":1191},{""x"":787,""y"":500,""t"":1264},{""x"":799,""y"":504,""t"":1312},{""x"":802,""y"":516,""t"":1328},{""x"":777,""y"":527,""t"":1394},{""x"":758,""y"":544,""t"":1444},{""x"":743,""y"":558,""t"":1464},{""x"":745,""y"":541,""t"":1528},{""x"":777,""y"":521,""t"":1544},{""x"":795,""y"":488,""t"":1588},{""x"":815,""y"":476,""t"":1630},{""x"":814,""y"":490,""t"":1671},{""x"":753,""y"":501,""t"":1739},{""x"":748,""y"":486,""t"":1794},{""x"":744,""y"":474,""t"":1807},{""x"":766,""y"":460,""t"":1875},{""x"":796,""y"":474,""t"":1928},{""x"":821,""y"":486,""t"":1942},{""x"":857,""y"":497,""t"":2009},{""x"":823,""y"":465,""t"":2063},{""x"":802,""y"":435,""t"":2079},{""x"":711,""y"":482,""t"":2146},{""x"":663,""y"":491,""t"":2198},{""x"":605,""y"":493,""t"":2212},{""x"":612,""y"":465,""t"":2281},{""x"":520,""y"":483,""t"":2332},{""x"":443,""y"":500,""t"":2347},{""x"":514,""y"":474,""t"":2412},{""x"":506,""y"":458,""t"":2438},{""x"":524,""y"":438,""t"":2480},{""x"":517,""y"":446,""t"":2523},{""x"":597,""y"":480,""t"":2589},{""x"":680,""y"":519,""t"":2640},{""x"":751,""y"":552,""t"":2655},{""x"":813,""y"":587,""t"":2722},{""x"":796,""y"":577,""t"":2772},{""x"":778,""y"":566,""t"":2800},{""x"":764,""y"":557,""t"":2867},{""x"":750,""y"":548,""t"":2890},{""x"":738,""y"":539,""t"":2957},{""x"":746,""y"":529,""t"":2971},{""x"":758,""y"":528,""t"":3038},{""x"":748,""y"":542,""t"":3061},{""x"":725,""y"":535,""t"":3125},{""x"":752,""y"":533,""t"":3140},{""x"":758,""y"":553,""t"":3209},{""x"":729,""y"":553,""t"":3231},{""x"":695,""y"":575,""t"":3297},{""x"":657,""y"":586,""t"":3313},{""x"":665,""y"":568,""t"":3354},{""x"":696,""y"":523,""t"":3396},{""x"":723,""y"":484,""t"":3437},{""x"":730,""y"":479,""t"":3503},{""x"":727,""y"":512,""t"":3551},{""x"":723,""y"":541,""t"":3571},{""x"":731,""y"":518,""t"":3636},{""x"":732,""y"":510,""t"":3652},{""x"":737,""y"":495,""t"":3694},{""x"":745,""y"":484,""t"":3735},{""x"":730,""y"":484,""t"":3776},{""x"":713,""y"":504,""t"":3844},{""x"":696,""y"":515,""t"":3896},{""x"":708,""y"":503,""t"":3911},{""x"":765,""y"":518,""t"":3979},{""x"":813,""y"":523,""t"":4028},{""x"":862,""y"":531,""t"":4046},{""x"":898,""y"":544,""t"":4113},{""x"":924,""y"":531,""t"":4129},{""x"":947,""y"":522,""t"":4173},{""x"":991,""y"":505,""t"":4213},{""x"":1012,""y"":483,""t"":4255},{""x"":1030,""y"":513,""t"":4322},{""x"":1030,""y"":526,""t"":4374},{""x"":1028,""y"":537,""t"":4390},{""x"":1041,""y"":563,""t"":4459},{""x"":984,""y"":557,""t"":4513},{""x"":934,""y"":551,""t"":4528},{""x"":883,""y"":555,""t"":4594},{""x"":846,""y"":583,""t"":4647},{""x"":815,""y"":607,""t"":4663},{""x"":830,""y"":618,""t"":4729},{""x"":857,""y"":580,""t"":4779},{""x"":881,""y"":548,""t"":4794},{""x"":925,""y"":552,""t"":4860},{""x"":963,""y"":557,""t"":4875},{""x"":946,""y"":550,""t"":4942},{""x"":930,""y"":544,""t"":4965},{""x"":841,""y"":450,""t"":5031},{""x"":730,""y"":366,""t"":5046},{""x"":657,""y"":397,""t"":5113},{""x"":583,""y"":449,""t"":5134},{""x"":556,""y"":432,""t"":5200},{""x"":531,""y"":468,""t"":5216},{""x"":517,""y"":491,""t"":5283},{""x"":497,""y"":494,""t"":5305},{""x"":476,""y"":505,""t"":5371},{""x"":461,""y"":514,""t"":5386},{""x"":478,""y"":500,""t"":5455},{""x"":496,""y"":487,""t"":5476},{""x"":537,""y"":535,""t"":5541},{""x"":607,""y"":567,""t"":5556},{""x"":632,""y"":575,""t"":5611},{""x"":708,""y"":539,""t"":5678},{""x"":694,""y"":530,""t"":5693},{""x"":679,""y"":528,""t"":5736},{""x"":745,""y"":457,""t"":5776},{""x"":736,""y"":504,""t"":5817},{""x"":687,""y"":548,""t"":5885}]",1,0.8000006038828251,0.1999993961171749,mcutoff_b-last,0
126-alternatives,1,113,exp_76,0.0,260.0,0.8,0.2,4.0,6.799999999999999,higher_p,higher_m,0,1,alternatives,0.0,False,3.2,1.36,1.8400000000000003,2.151159690652763,0.4,0.6,0.5,0.5,1.0,0.0,higher_m,higher_p,True,"{""durations"":[1500,1000,1500,1000],""alternatives"":[1,0,1,0],""attributes"":[""all"",""all"",""all"",""all""]}","[{""x"":759,""y"":459,""t"":-16},{""x"":804,""y"":458,""t"":0},{""x"":810,""y"":453,""t"":83},{""x"":856,""y"":450,""t"":110},{""x"":853,""y"":456,""t"":163},{""x"":866,""y"":454,""t"":230},{""x"":867,""y"":456,""t"":276},{""x"":865,""y"":441,""t"":347},{""x"":851,""y"":460,""t"":399},{""x"":838,""y"":477,""t"":415},{""x"":775,""y"":515,""t"":484},{""x"":720,""y"":547,""t"":511},{""x"":699,""y"":602,""t"":580},{""x"":709,""y"":620,""t"":631},{""x"":683,""y"":629,""t"":647},{""x"":690,""y"":644,""t"":714},{""x"":676,""y"":634,""t"":765},{""x"":669,""y"":620,""t"":783},{""x"":638,""y"":637,""t"":850},{""x"":646,""y"":657,""t"":866},{""x"":633,""y"":654,""t"":908},{""x"":633,""y"":671,""t"":950},{""x"":634,""y"":685,""t"":992},{""x"":625,""y"":664,""t"":1060},{""x"":629,""y"":670,""t"":1109},{""x"":633,""y"":674,""t"":1125},{""x"":637,""y"":672,""t"":1192},{""x"":647,""y"":666,""t"":1245},{""x"":623,""y"":655,""t"":1261},{""x"":650,""y"":636,""t"":1329},{""x"":660,""y"":622,""t"":1380},{""x"":667,""y"":610,""t"":1399},{""x"":715,""y"":583,""t"":1466},{""x"":774,""y"":516,""t"":1517},{""x"":821,""y"":470,""t"":1548},{""x"":903,""y"":392,""t"":1592},{""x"":971,""y"":329,""t"":1636},{""x"":979,""y"":333,""t"":1704},{""x"":974,""y"":340,""t"":1754},{""x"":979,""y"":362,""t"":1772},{""x"":952,""y"":397,""t"":1844},{""x"":940,""y"":421,""t"":1870},{""x"":969,""y"":456,""t"":1940},{""x"":975,""y"":457,""t"":1996},{""x"":979,""y"":457,""t"":2013},{""x"":863,""y"":435,""t"":2082},{""x"":806,""y"":416,""t"":2115},{""x"":790,""y"":423,""t"":2168},{""x"":823,""y"":422,""t"":2403},{""x"":817,""y"":448,""t"":2538},{""x"":805,""y"":469,""t"":2669},{""x"":801,""y"":511,""t"":2792},{""x"":811,""y"":552,""t"":2882},{""x"":814,""y"":563,""t"":2927},{""x"":742,""y"":604,""t"":2995},{""x"":682,""y"":637,""t"":3060},{""x"":628,""y"":676,""t"":3077},{""x"":608,""y"":687,""t"":3149},{""x"":604,""y"":722,""t"":3192},{""x"":607,""y"":691,""t"":3236},{""x"":590,""y"":639,""t"":3306},{""x"":572,""y"":608,""t"":3356},{""x"":544,""y"":573,""t"":3372},{""x"":564,""y"":532,""t"":3441},{""x"":620,""y"":492,""t"":3492},{""x"":630,""y"":492,""t"":3509},{""x"":624,""y"":495,""t"":3577},{""x"":661,""y"":425,""t"":3630},{""x"":651,""y"":362,""t"":3645},{""x"":637,""y"":389,""t"":3714},{""x"":641,""y"":410,""t"":3768},{""x"":637,""y"":402,""t"":3783},{""x"":635,""y"":390,""t"":3850},{""x"":645,""y"":384,""t"":3904},{""x"":621,""y"":388,""t"":3920},{""x"":559,""y"":456,""t"":3988},{""x"":536,""y"":443,""t"":4013},{""x"":548,""y"":461,""t"":4083},{""x"":544,""y"":489,""t"":4133},{""x"":586,""y"":454,""t"":4155},{""x"":591,""y"":474,""t"":4223},{""x"":584,""y"":512,""t"":4275},{""x"":579,""y"":545,""t"":4290},{""x"":599,""y"":572,""t"":4363},{""x"":612,""y"":589,""t"":4387},{""x"":628,""y"":596,""t"":4455},{""x"":644,""y"":594,""t"":4507},{""x"":657,""y"":591,""t"":4522},{""x"":665,""y"":619,""t"":4590},{""x"":665,""y"":609,""t"":4641},{""x"":664,""y"":599,""t"":4659},{""x"":741,""y"":562,""t"":4727},{""x"":796,""y"":506,""t"":4778},{""x"":834,""y"":529,""t"":4808},{""x"":828,""y"":515,""t"":4879},{""x"":817,""y"":490,""t"":4897},{""x"":847,""y"":502,""t"":4964},{""x"":873,""y"":502,""t"":4979},{""x"":864,""y"":518,""t"":5048},{""x"":854,""y"":532,""t"":5067},{""x"":853,""y"":516,""t"":5135},{""x"":845,""y"":510,""t"":5187},{""x"":837,""y"":506,""t"":5203},{""x"":839,""y"":501,""t"":5271},{""x"":853,""y"":502,""t"":5327},{""x"":865,""y"":504,""t"":5344},{""x"":846,""y"":499,""t"":5414},{""x"":837,""y"":494,""t"":5464},{""x"":830,""y"":522,""t"":5480},{""x"":828,""y"":536,""t"":5546},{""x"":846,""y"":530,""t"":5600},{""x"":858,""y"":532,""t"":5618},{""x"":839,""y"":523,""t"":5686},{""x"":834,""y"":514,""t"":5737},{""x"":846,""y"":518,""t"":5752},{""x"":878,""y"":489,""t"":5821},{""x"":906,""y"":469,""t"":5873}]",0,0.8000006038828251,0.1999993961171749,mcutoff_b-last,0
126-alternatives,1,114,exp_118,0.0,267.8999999910593,0.49,0.22,4.2,7.9,higher_p,higher_m,0,1,alternatives,0.0,False,2.058,1.738,0.3199999999999998,0.5866799156325714,0.4,0.6,0.5,0.5,1.0,1.0,higher_m,higher_m,True,"{""durations"":[1000,1500,1000,1500],""alternatives"":[0,1,0,1],""attributes"":[""all"",""all"",""all"",""all""]}","[{""x"":901,""y"":573,""t"":-36},{""x"":912,""y"":557,""t"":0},{""x"":915,""y"":551,""t"":93},{""x"":944,""y"":557,""t"":120},{""x"":992,""y"":519,""t"":212},{""x"":1012,""y"":521,""t"":285},{""x"":1029,""y"":523,""t"":306},{""x"":1078,""y"":471,""t"":375},{""x"":1069,""y"":473,""t"":429},{""x"":1066,""y"":467,""t"":445},{""x"":1085,""y"":488,""t"":515},{""x"":1070,""y"":510,""t"":567},{""x"":1056,""y"":529,""t"":583},{""x"":1054,""y"":496,""t"":653},{""x"":1080,""y"":522,""t"":705},{""x"":1058,""y"":532,""t"":720},{""x"":1023,""y"":541,""t"":791},{""x"":1002,""y"":570,""t"":820},{""x"":1005,""y"":578,""t"":890},{""x"":974,""y"":554,""t"":942},{""x"":948,""y"":533,""t"":958},{""x"":953,""y"":508,""t"":1027},{""x"":958,""y"":487,""t"":1055},{""x"":965,""y"":467,""t"":1126},{""x"":951,""y"":456,""t"":1178},{""x"":932,""y"":477,""t"":1196},{""x"":949,""y"":457,""t"":1266},{""x"":963,""y"":442,""t"":1293},{""x"":893,""y"":447,""t"":1363},{""x"":843,""y"":460,""t"":1415},{""x"":802,""y"":475,""t"":1431},{""x"":746,""y"":514,""t"":1499},{""x"":756,""y"":525,""t"":1550},{""x"":742,""y"":522,""t"":1564},{""x"":726,""y"":528,""t"":1631},{""x"":717,""y"":562,""t"":1649},{""x"":693,""y"":585,""t"":1690},{""x"":674,""y"":630,""t"":1741},{""x"":674,""y"":671,""t"":1811},{""x"":677,""y"":704,""t"":1837},{""x"":685,""y"":674,""t"":1904},{""x"":619,""y"":659,""t"":1957},{""x"":564,""y"":645,""t"":1974},{""x"":571,""y"":600,""t"":2041},{""x"":572,""y"":585,""t"":2097},{""x"":575,""y"":573,""t"":2114},{""x"":535,""y"":541,""t"":2181},{""x"":560,""y"":569,""t"":2236},{""x"":586,""y"":597,""t"":2253},{""x"":612,""y"":619,""t"":2324},{""x"":628,""y"":631,""t"":2348},{""x"":668,""y"":661,""t"":2417},{""x"":670,""y"":651,""t"":2467},{""x"":671,""y"":649,""t"":2484},{""x"":626,""y"":641,""t"":2552},{""x"":605,""y"":593,""t"":2604},{""x"":588,""y"":551,""t"":2630},{""x"":602,""y"":546,""t"":2699},{""x"":624,""y"":542,""t"":2720},{""x"":633,""y"":532,""t"":2789},{""x"":651,""y"":534,""t"":2844},{""x"":667,""y"":537,""t"":2860},{""x"":678,""y"":535,""t"":2928},{""x"":716,""y"":487,""t"":2994},{""x"":759,""y"":483,""t"":3046},{""x"":794,""y"":480,""t"":3061},{""x"":836,""y"":503,""t"":3129},{""x"":876,""y"":501,""t"":3185},{""x"":908,""y"":515,""t"":3199},{""x"":901,""y"":455,""t"":3269},{""x"":833,""y"":444,""t"":3320},{""x"":774,""y"":436,""t"":3335},{""x"":760,""y"":420,""t"":3403},{""x"":742,""y"":398,""t"":3456},{""x"":728,""y"":381,""t"":3471},{""x"":747,""y"":392,""t"":3540},{""x"":723,""y"":428,""t"":3592},{""x"":707,""y"":425,""t"":3608},{""x"":724,""y"":430,""t"":3677},{""x"":753,""y"":443,""t"":3728},{""x"":740,""y"":451,""t"":3756},{""x"":710,""y"":441,""t"":3797},{""x"":689,""y"":464,""t"":3840},{""x"":671,""y"":492,""t"":3884},{""x"":683,""y"":491,""t"":3950},{""x"":668,""y"":517,""t"":4004},{""x"":676,""y"":505,""t"":4020},{""x"":597,""y"":511,""t"":4089},{""x"":532,""y"":493,""t"":4118},{""x"":547,""y"":443,""t"":4187},{""x"":551,""y"":469,""t"":4241},{""x"":577,""y"":452,""t"":4258},{""x"":601,""y"":447,""t"":4326},{""x"":605,""y"":448,""t"":4376},{""x"":584,""y"":453,""t"":4406},{""x"":567,""y"":473,""t"":4448},{""x"":560,""y"":495,""t"":4490},{""x"":568,""y"":474,""t"":4559},{""x"":566,""y"":499,""t"":4609},{""x"":541,""y"":533,""t"":4628},{""x"":548,""y"":542,""t"":4697},{""x"":549,""y"":583,""t"":4748},{""x"":546,""y"":592,""t"":4763},{""x"":534,""y"":622,""t"":4832},{""x"":532,""y"":627,""t"":4884},{""x"":536,""y"":612,""t"":4911},{""x"":569,""y"":597,""t"":4955},{""x"":583,""y"":584,""t"":4997},{""x"":595,""y"":573,""t"":5039},{""x"":584,""y"":586,""t"":5107},{""x"":636,""y"":578,""t"":5162},{""x"":681,""y"":571,""t"":5178},{""x"":723,""y"":577,""t"":5247},{""x"":785,""y"":564,""t"":5272},{""x"":784,""y"":578,""t"":5341},{""x"":759,""y"":569,""t"":5394},{""x"":736,""y"":590,""t"":5423},{""x"":716,""y"":599,""t"":5464},{""x"":693,""y"":617,""t"":5507},{""x"":679,""y"":632,""t"":5551},{""x"":656,""y"":639,""t"":5621},{""x"":633,""y"":646,""t"":5645},{""x"":639,""y"":621,""t"":5713},{""x"":615,""y"":595,""t"":5765},{""x"":616,""y"":562,""t"":5782},{""x"":619,""y"":557,""t"":5851}]",0,0.8000006038828251,0.1999993961171749,mcutoff_b-last,0
126-alternatives,1,117,exp_28,0.0,353.79999999701977,0.3,0.17,2.0,3.0,higher_p,higher_m,0,1,alternatives,0.0,False,0.6,0.51,0.0899999999999999,0.3499494233597794,0.4,0.6,0.5,0.5,1.0,0.0,higher_m,higher_p,True,"{""durations"":[1500,1000,1500,1000],""alternatives"":[1,0,1,0],""attributes"":[""all"",""all"",""all"",""all""]}","[{""x"":732,""y"":567,""t"":-56},{""x"":743,""y"":571,""t"":0},{""x"":762,""y"":587,""t"":83},{""x"":769,""y"":559,""t"":109},{""x"":774,""y"":588,""t"":210},{""x"":770,""y"":619,""t"":239},{""x"":772,""y"":632,""t"":309},{""x"":810,""y"":630,""t"":371},{""x"":840,""y"":628,""t"":387},{""x"":900,""y"":565,""t"":456},{""x"":947,""y"":517,""t"":476},{""x"":971,""y"":493,""t"":545},{""x"":990,""y"":484,""t"":597},{""x"":1003,""y"":478,""t"":612},{""x"":994,""y"":495,""t"":679},{""x"":1046,""y"":519,""t"":695},{""x"":1054,""y"":515,""t"":737},{""x"":1053,""y"":516,""t"":781},{""x"":1045,""y"":559,""t"":824},{""x"":1020,""y"":595,""t"":893},{""x"":1012,""y"":613,""t"":945},{""x"":1015,""y"":584,""t"":961},{""x"":1012,""y"":603,""t"":1031},{""x"":1009,""y"":618,""t"":1054},{""x"":1030,""y"":617,""t"":1122},{""x"":1023,""y"":640,""t"":1138},{""x"":1014,""y"":633,""t"":1180},{""x"":1016,""y"":635,""t"":1227},{""x"":1004,""y"":652,""t"":1293},{""x"":925,""y"":643,""t"":1366},{""x"":857,""y"":644,""t"":1418},{""x"":801,""y"":645,""t"":1433},{""x"":737,""y"":655,""t"":1510},{""x"":693,""y"":658,""t"":1530},{""x"":682,""y"":650,""t"":1599},{""x"":625,""y"":557,""t"":1652},{""x"":597,""y"":511,""t"":1669},{""x"":517,""y"":540,""t"":1733},{""x"":469,""y"":536,""t"":1868},{""x"":492,""y"":567,""t"":1913},{""x"":507,""y"":561,""t"":2015},{""x"":518,""y"":620,""t"":2097},{""x"":490,""y"":624,""t"":2115},{""x"":518,""y"":646,""t"":2195},{""x"":544,""y"":665,""t"":2214},{""x"":560,""y"":657,""t"":2290},{""x"":574,""y"":649,""t"":2313},{""x"":560,""y"":632,""t"":2388},{""x"":537,""y"":635,""t"":2441},{""x"":517,""y"":638,""t"":2459},{""x"":529,""y"":662,""t"":2531},{""x"":538,""y"":666,""t"":2562},{""x"":530,""y"":651,""t"":2636},{""x"":524,""y"":639,""t"":2652},{""x"":626,""y"":601,""t"":2723},{""x"":736,""y"":592,""t"":2775},{""x"":843,""y"":563,""t"":2792},{""x"":921,""y"":568,""t"":2860},{""x"":962,""y"":568,""t"":2916},{""x"":989,""y"":566,""t"":2942},{""x"":1005,""y"":570,""t"":2991},{""x"":1015,""y"":574,""t"":3032},{""x"":1019,""y"":565,""t"":3101},{""x"":1027,""y"":534,""t"":3153},{""x"":1028,""y"":543,""t"":3168},{""x"":1002,""y"":554,""t"":3237},{""x"":1002,""y"":555,""t"":3295},{""x"":1000,""y"":557,""t"":3311},{""x"":978,""y"":568,""t"":3381},{""x"":959,""y"":577,""t"":3401},{""x"":886,""y"":571,""t"":3469},{""x"":775,""y"":564,""t"":3521},{""x"":685,""y"":574,""t"":3537},{""x"":618,""y"":595,""t"":3608},{""x"":569,""y"":597,""t"":3659},{""x"":530,""y"":586,""t"":3673},{""x"":540,""y"":588,""t"":3742},{""x"":519,""y"":579,""t"":3793},{""x"":504,""y"":572,""t"":3809},{""x"":524,""y"":569,""t"":3877},{""x"":544,""y"":565,""t"":3929},{""x"":563,""y"":561,""t"":3944},{""x"":560,""y"":556,""t"":4013},{""x"":576,""y"":572,""t"":4063},{""x"":591,""y"":585,""t"":4081},{""x"":594,""y"":595,""t"":4150},{""x"":611,""y"":602,""t"":4203},{""x"":626,""y"":608,""t"":4218},{""x"":647,""y"":599,""t"":4287},{""x"":639,""y"":603,""t"":4339},{""x"":632,""y"":606,""t"":4355},{""x"":628,""y"":608,""t"":4424},{""x"":627,""y"":576,""t"":4479},{""x"":627,""y"":549,""t"":4495},{""x"":649,""y"":569,""t"":4564},{""x"":697,""y"":578,""t"":4614},{""x"":730,""y"":582,""t"":4642},{""x"":741,""y"":588,""t"":4686},{""x"":749,""y"":594,""t"":4729},{""x"":687,""y"":620,""t"":4798},{""x"":656,""y"":618,""t"":4847},{""x"":630,""y"":616,""t"":4865},{""x"":616,""y"":615,""t"":4933},{""x"":584,""y"":650,""t"":4988},{""x"":566,""y"":662,""t"":5003},{""x"":586,""y"":681,""t"":5057},{""x"":608,""y"":667,""t"":5101},{""x"":655,""y"":645,""t"":5174},{""x"":664,""y"":645,""t"":5224},{""x"":672,""y"":645,""t"":5241},{""x"":683,""y"":624,""t"":5311},{""x"":694,""y"":604,""t"":5362},{""x"":697,""y"":590,""t"":5377},{""x"":706,""y"":588,""t"":5446},{""x"":709,""y"":580,""t"":5499},{""x"":712,""y"":575,""t"":5515},{""x"":723,""y"":590,""t"":5586},{""x"":711,""y"":586,""t"":5639},{""x"":718,""y"":585,""t"":5655},{""x"":722,""y"":569,""t"":5725},{""x"":725,""y"":557,""t"":5748},{""x"":684,""y"":551,""t"":5817},{""x"":694,""y"":472,""t"":5868},{""x"":588,""y"":464,""t"":5883},{""x"":625,""y"":494,""t"":5950},{""x"":569,""y"":450,""t"":5967}]",0,0.8000006038828251,0.1999993961171749,mcutoff_b-last,0
126-alternatives,1,118,exp_34,1.0,529.6999999880791,0.79,0.7,2.0,3.2,higher_p,higher_m,0,1,alternatives,0.0,False,1.58,2.24,-0.6599999999999997,-0.4219978340514987,0.6,0.4,0.5,0.5,0.0,0.0,higher_p,higher_p,False,"{""durations"":[1000,1500,1000,1500],""alternatives"":[1,0,1,0],""attributes"":[""all"",""all"",""all"",""all""]}","[{""x"":643,""y"":590,""t"":-18},{""x"":661,""y"":595,""t"":0},{""x"":669,""y"":596,""t"":69},{""x"":695,""y"":617,""t"":183},{""x"":705,""y"":632,""t"":211},{""x"":730,""y"":636,""t"":282},{""x"":749,""y"":632,""t"":307},{""x"":765,""y"":646,""t"":377},{""x"":738,""y"":642,""t"":430},{""x"":693,""y"":650,""t"":446},{""x"":673,""y"":658,""t"":516},{""x"":633,""y"":665,""t"":568},{""x"":622,""y"":653,""t"":584},{""x"":604,""y"":628,""t"":656},{""x"":619,""y"":627,""t"":709},{""x"":632,""y"":645,""t"":724},{""x"":670,""y"":660,""t"":802},{""x"":707,""y"":644,""t"":819},{""x"":659,""y"":657,""t"":889},{""x"":617,""y"":648,""t"":941},{""x"":594,""y"":642,""t"":958},{""x"":567,""y"":647,""t"":1027},{""x"":558,""y"":624,""t"":1080},{""x"":552,""y"":606,""t"":1095},{""x"":548,""y"":558,""t"":1165},{""x"":544,""y"":517,""t"":1191},{""x"":562,""y"":518,""t"":1262},{""x"":579,""y"":500,""t"":1319},{""x"":594,""y"":487,""t"":1334},{""x"":656,""y"":472,""t"":1404},{""x"":692,""y"":454,""t"":1429},{""x"":745,""y"":465,""t"":1497},{""x"":763,""y"":429,""t"":1549},{""x"":775,""y"":400,""t"":1565},{""x"":766,""y"":425,""t"":1634},{""x"":751,""y"":434,""t"":1687},{""x"":736,""y"":443,""t"":1702},{""x"":712,""y"":453,""t"":1770},{""x"":754,""y"":485,""t"":1823},{""x"":790,""y"":511,""t"":1839},{""x"":822,""y"":529,""t"":1906},{""x"":848,""y"":567,""t"":1958},{""x"":824,""y"":577,""t"":1973},{""x"":851,""y"":584,""t"":2041},{""x"":875,""y"":560,""t"":2095},{""x"":893,""y"":539,""t"":2110},{""x"":837,""y"":553,""t"":2178},{""x"":796,""y"":570,""t"":2233},{""x"":760,""y"":584,""t"":2249},{""x"":730,""y"":605,""t"":2317},{""x"":672,""y"":595,""t"":2370},{""x"":614,""y"":551,""t"":2399},{""x"":609,""y"":548,""t"":2440},{""x"":583,""y"":540,""t"":2482},{""x"":558,""y"":531,""t"":2551},{""x"":537,""y"":525,""t"":2606},{""x"":521,""y"":521,""t"":2624},{""x"":488,""y"":514,""t"":2691},{""x"":450,""y"":536,""t"":2743},{""x"":493,""y"":553,""t"":2760},{""x"":489,""y"":577,""t"":2826},{""x"":477,""y"":577,""t"":2877},{""x"":478,""y"":573,""t"":2894},{""x"":483,""y"":592,""t"":2962},{""x"":495,""y"":580,""t"":3012},{""x"":498,""y"":559,""t"":3028},{""x"":538,""y"":570,""t"":3096},{""x"":566,""y"":581,""t"":3144},{""x"":588,""y"":590,""t"":3163},{""x"":614,""y"":600,""t"":3235},{""x"":674,""y"":578,""t"":3287},{""x"":723,""y"":558,""t"":3302},{""x"":723,""y"":558,""t"":3371},{""x"":681,""y"":489,""t"":3422},{""x"":630,""y"":454,""t"":3437},{""x"":583,""y"":475,""t"":3507},{""x"":550,""y"":452,""t"":3558},{""x"":523,""y"":433,""t"":3574},{""x"":521,""y"":428,""t"":3646},{""x"":521,""y"":425,""t"":3674},{""x"":483,""y"":426,""t"":3743},{""x"":495,""y"":454,""t"":3795},{""x"":506,""y"":479,""t"":3811},{""x"":515,""y"":505,""t"":3878},{""x"":505,""y"":522,""t"":3931},{""x"":498,""y"":535,""t"":3946},{""x"":601,""y"":499,""t"":4014},{""x"":605,""y"":524,""t"":4068},{""x"":617,""y"":518,""t"":4084},{""x"":623,""y"":502,""t"":4152},{""x"":589,""y"":465,""t"":4203},{""x"":558,""y"":434,""t"":4219},{""x"":558,""y"":411,""t"":4288},{""x"":568,""y"":408,""t"":4341},{""x"":576,""y"":408,""t"":4357},{""x"":602,""y"":371,""t"":4423},{""x"":651,""y"":346,""t"":4474},{""x"":637,""y"":360,""t"":4489},{""x"":561,""y"":405,""t"":4557},{""x"":622,""y"":398,""t"":4610},{""x"":581,""y"":469,""t"":4626},{""x"":560,""y"":515,""t"":4692},{""x"":567,""y"":511,""t"":4706},{""x"":586,""y"":531,""t"":4761},{""x"":629,""y"":530,""t"":4829},{""x"":635,""y"":544,""t"":4879},{""x"":671,""y"":538,""t"":4897},{""x"":699,""y"":507,""t"":4966},{""x"":675,""y"":545,""t"":5021},{""x"":653,""y"":577,""t"":5038},{""x"":626,""y"":587,""t"":5106},{""x"":603,""y"":595,""t"":5135},{""x"":612,""y"":600,""t"":5203},{""x"":573,""y"":602,""t"":5260},{""x"":608,""y"":618,""t"":5275},{""x"":615,""y"":600,""t"":5350},{""x"":615,""y"":582,""t"":5419},{""x"":606,""y"":541,""t"":5441},{""x"":598,""y"":555,""t"":5511},{""x"":571,""y"":594,""t"":5568},{""x"":527,""y"":615,""t"":5584},{""x"":528,""y"":656,""t"":5653},{""x"":521,""y"":667,""t"":5705},{""x"":560,""y"":657,""t"":5720},{""x"":572,""y"":638,""t"":5789},{""x"":588,""y"":619,""t"":5815},{""x"":616,""y"":642,""t"":5884},{""x"":646,""y"":642,""t"":5938},{""x"":621,""y"":638,""t"":5954},{""x"":657,""y"":636,""t"":6022},{""x"":627,""y"":635,""t"":6075},{""x"":672,""y"":586,""t"":6090}]",0,0.8000006038828251,0.1999993961171749,mcutoff_b-last,0
126-alternatives,1,119,exp_92,0.0,345.1000000089407,0.5,0.38,3.0,4.0,higher_p,higher_m,0,1,alternatives,0.0,False,1.5,1.52,-0.02,0.2367304922727919,0.4,0.6,0.5,0.5,1.0,0.0,higher_m,higher_p,True,"{""durations"":[1500,1000,1500,1000],""alternatives"":[1,0,1,0],""attributes"":[""all"",""all"",""all"",""all""]}","[{""x"":665,""y"":577,""t"":-19},{""x"":692,""y"":594,""t"":0},{""x"":704,""y"":587,""t"":72},{""x"":718,""y"":572,""t"":127},{""x"":738,""y"":576,""t"":154},{""x"":734,""y"":586,""t"":209},{""x"":756,""y"":585,""t"":286},{""x"":763,""y"":620,""t"":331},{""x"":756,""y"":642,""t"":374},{""x"":758,""y"":658,""t"":418},{""x"":749,""y"":661,""t"":487},{""x"":727,""y"":702,""t"":512},{""x"":680,""y"":696,""t"":578},{""x"":636,""y"":686,""t"":595},{""x"":590,""y"":680,""t"":636},{""x"":562,""y"":674,""t"":677},{""x"":555,""y"":657,""t"":721},{""x"":536,""y"":616,""t"":790},{""x"":520,""y"":605,""t"":842},{""x"":507,""y"":595,""t"":857},{""x"":516,""y"":573,""t"":925},{""x"":533,""y"":576,""t"":953},{""x"":533,""y"":579,""t"":1034},{""x"":543,""y"":593,""t"":1055},{""x"":541,""y"":611,""t"":1123},{""x"":543,""y"":635,""t"":1174},{""x"":550,""y"":650,""t"":1191},{""x"":577,""y"":613,""t"":1258},{""x"":605,""y"":607,""t"":1274},{""x"":636,""y"":608,""t"":1317},{""x"":658,""y"":613,""t"":1360},{""x"":722,""y"":563,""t"":1443},{""x"":772,""y"":558,""t"":1464},{""x"":827,""y"":580,""t"":1532},{""x"":862,""y"":592,""t"":1587},{""x"":888,""y"":602,""t"":1603},{""x"":913,""y"":607,""t"":1671},{""x"":860,""y"":613,""t"":1723},{""x"":822,""y"":605,""t"":1750},{""x"":784,""y"":584,""t"":1793},{""x"":740,""y"":564,""t"":1838},{""x"":757,""y"":526,""t"":1906},{""x"":798,""y"":484,""t"":1957},{""x"":844,""y"":490,""t"":1973},{""x"":889,""y"":517,""t"":2043},{""x"":908,""y"":537,""t"":2092},{""x"":922,""y"":555,""t"":2109},{""x"":943,""y"":560,""t"":2177},{""x"":942,""y"":548,""t"":2227},{""x"":940,""y"":538,""t"":2244},{""x"":921,""y"":543,""t"":2313},{""x"":915,""y"":538,""t"":2364},{""x"":881,""y"":535,""t"":2381},{""x"":872,""y"":562,""t"":2448},{""x"":870,""y"":590,""t"":2499},{""x"":869,""y"":614,""t"":2517},{""x"":870,""y"":608,""t"":2585},{""x"":824,""y"":617,""t"":2638},{""x"":739,""y"":610,""t"":2654},{""x"":696,""y"":545,""t"":2709},{""x"":667,""y"":512,""t"":2751},{""x"":646,""y"":485,""t"":2794},{""x"":555,""y"":515,""t"":2862},{""x"":494,""y"":488,""t"":2914},{""x"":500,""y"":473,""t"":2941},{""x"":462,""y"":475,""t"":2984},{""x"":449,""y"":468,""t"":3027},{""x"":479,""y"":471,""t"":3095},{""x"":496,""y"":506,""t"":3145},{""x"":512,""y"":536,""t"":3164},{""x"":523,""y"":531,""t"":3232},{""x"":502,""y"":552,""t"":3286},{""x"":485,""y"":570,""t"":3302},{""x"":505,""y"":485,""t"":3370},{""x"":498,""y"":452,""t"":3420},{""x"":493,""y"":425,""t"":3435},{""x"":481,""y"":442,""t"":3503},{""x"":467,""y"":441,""t"":3554},{""x"":455,""y"":442,""t"":3571},{""x"":438,""y"":447,""t"":3637},{""x"":425,""y"":450,""t"":3653},{""x"":440,""y"":468,""t"":3695},{""x"":455,""y"":514,""t"":3738},{""x"":538,""y"":555,""t"":3780},{""x"":623,""y"":550,""t"":3836},{""x"":693,""y"":545,""t"":3879},{""x"":753,""y"":555,""t"":3949},{""x"":823,""y"":590,""t"":4000},{""x"":860,""y"":595,""t"":4014},{""x"":892,""y"":594,""t"":4082},{""x"":924,""y"":601,""t"":4134},{""x"":927,""y"":590,""t"":4149},{""x"":952,""y"":583,""t"":4229},{""x"":970,""y"":576,""t"":4251},{""x"":1000,""y"":561,""t"":4318},{""x"":1035,""y"":563,""t"":4369},{""x"":1046,""y"":556,""t"":4386},{""x"":1031,""y"":559,""t"":4455},{""x"":1033,""y"":591,""t"":4507},{""x"":1032,""y"":618,""t"":4523},{""x"":1045,""y"":618,""t"":4590},{""x"":1073,""y"":627,""t"":4605},{""x"":1070,""y"":624,""t"":4660},{""x"":1041,""y"":624,""t"":4729},{""x"":1027,""y"":629,""t"":4781},{""x"":1008,""y"":622,""t"":4798},{""x"":988,""y"":614,""t"":4865},{""x"":988,""y"":614,""t"":4917},{""x"":984,""y"":610,""t"":4931},{""x"":977,""y"":611,""t"":4999},{""x"":971,""y"":596,""t"":5050},{""x"":974,""y"":615,""t"":5067},{""x"":971,""y"":591,""t"":5133},{""x"":952,""y"":572,""t"":5150},{""x"":948,""y"":559,""t"":5196},{""x"":946,""y"":548,""t"":5238},{""x"":944,""y"":556,""t"":5307},{""x"":944,""y"":554,""t"":5359},{""x"":956,""y"":545,""t"":5376},{""x"":932,""y"":554,""t"":5444},{""x"":917,""y"":550,""t"":5496},{""x"":897,""y"":526,""t"":5514},{""x"":887,""y"":512,""t"":5582},{""x"":870,""y"":523,""t"":5633},{""x"":858,""y"":554,""t"":5649},{""x"":827,""y"":553,""t"":5717},{""x"":832,""y"":541,""t"":5768},{""x"":830,""y"":537,""t"":5798},{""x"":848,""y"":507,""t"":5840},{""x"":861,""y"":507,""t"":5883},{""x"":875,""y"":508,""t"":5953}]",0,0.8000006038828251,0.1999993961171749,mcutoff_b-last,0
126-alternatives,1,120,exp_110,0.0,394.3000000119209,0.78,0.4,2.1,3.0,higher_p,higher_m,0,1,alternatives,0.0,False,1.638,1.2000000000000002,0.4379999999999999,0.7081329507986126,0.4,0.6,0.5,0.5,1.0,1.0,higher_m,higher_m,True,"{""durations"":[1000,1500,1000,1500],""alternatives"":[0,1,0,1],""attributes"":[""all"",""all"",""all"",""all""]}","[{""x"":927,""y"":512,""t"":-16},{""x"":902,""y"":517,""t"":0},{""x"":869,""y"":520,""t"":78},{""x"":856,""y"":504,""t"":103},{""x"":863,""y"":505,""t"":167},{""x"":878,""y"":489,""t"":239},{""x"":891,""y"":472,""t"":310},{""x"":901,""y"":473,""t"":361},{""x"":909,""y"":473,""t"":377},{""x"":977,""y"":489,""t"":444},{""x"":1008,""y"":518,""t"":500},{""x"":1033,""y"":543,""t"":517},{""x"":1033,""y"":535,""t"":587},{""x"":1045,""y"":554,""t"":638},{""x"":1049,""y"":596,""t"":654},{""x"":1043,""y"":599,""t"":723},{""x"":1042,""y"":625,""t"":772},{""x"":1040,""y"":646,""t"":788},{""x"":1019,""y"":670,""t"":856},{""x"":981,""y"":694,""t"":910},{""x"":992,""y"":716,""t"":925},{""x"":1021,""y"":714,""t"":994},{""x"":1002,""y"":699,""t"":1046},{""x"":986,""y"":685,""t"":1061},{""x"":996,""y"":688,""t"":1131},{""x"":1006,""y"":691,""t"":1157},{""x"":1026,""y"":676,""t"":1226},{""x"":939,""y"":650,""t"":1286},{""x"":865,""y"":629,""t"":1301},{""x"":789,""y"":597,""t"":1371},{""x"":716,""y"":587,""t"":1394},{""x"":680,""y"":580,""t"":1463},{""x"":657,""y"":605,""t"":1514},{""x"":641,""y"":626,""t"":1531},{""x"":652,""y"":658,""t"":1599},{""x"":653,""y"":659,""t"":1655},{""x"":677,""y"":687,""t"":1681},{""x"":656,""y"":685,""t"":1748},{""x"":640,""y"":683,""t"":1768},{""x"":645,""y"":700,""t"":1836},{""x"":655,""y"":685,""t"":1852},{""x"":649,""y"":679,""t"":1895},{""x"":635,""y"":646,""t"":1938},{""x"":614,""y"":608,""t"":1987},{""x"":591,""y"":588,""t"":2035},{""x"":601,""y"":571,""t"":2077},{""x"":602,""y"":570,""t"":2156},{""x"":633,""y"":575,""t"":2224},{""x"":660,""y"":580,""t"":2245},{""x"":669,""y"":565,""t"":2314},{""x"":676,""y"":553,""t"":2347},{""x"":683,""y"":558,""t"":2415},{""x"":713,""y"":575,""t"":2469},{""x"":734,""y"":579,""t"":2484},{""x"":746,""y"":589,""t"":2553},{""x"":745,""y"":636,""t"":2605},{""x"":742,""y"":635,""t"":2621},{""x"":732,""y"":644,""t"":2692},{""x"":722,""y"":651,""t"":2722},{""x"":705,""y"":640,""t"":2790},{""x"":725,""y"":652,""t"":2840},{""x"":741,""y"":661,""t"":2856},{""x"":737,""y"":637,""t"":2926},{""x"":732,""y"":629,""t"":2977},{""x"":728,""y"":622,""t"":2993},{""x"":726,""y"":596,""t"":3063},{""x"":716,""y"":571,""t"":3117},{""x"":712,""y"":564,""t"":3134},{""x"":692,""y"":566,""t"":3203},{""x"":691,""y"":570,""t"":3253},{""x"":689,""y"":560,""t"":3268},{""x"":671,""y"":548,""t"":3338},{""x"":685,""y"":547,""t"":3388},{""x"":702,""y"":534,""t"":3403},{""x"":734,""y"":538,""t"":3473},{""x"":733,""y"":556,""t"":3528},{""x"":739,""y"":556,""t"":3543},{""x"":763,""y"":551,""t"":3617},{""x"":781,""y"":543,""t"":3639},{""x"":754,""y"":540,""t"":3709},{""x"":775,""y"":571,""t"":3760},{""x"":793,""y"":598,""t"":3775},{""x"":806,""y"":591,""t"":3844},{""x"":780,""y"":595,""t"":3894},{""x"":757,""y"":598,""t"":3911},{""x"":732,""y"":581,""t"":3979},{""x"":733,""y"":592,""t"":4031},{""x"":738,""y"":597,""t"":4059},{""x"":758,""y"":583,""t"":4128},{""x"":776,""y"":571,""t"":4149},{""x"":782,""y"":579,""t"":4217},{""x"":774,""y"":598,""t"":4270},{""x"":770,""y"":600,""t"":4285},{""x"":742,""y"":614,""t"":4353},{""x"":732,""y"":618,""t"":4404},{""x"":715,""y"":599,""t"":4420},{""x"":718,""y"":593,""t"":4487},{""x"":707,""y"":595,""t"":4502},{""x"":695,""y"":581,""t"":4571},{""x"":678,""y"":575,""t"":4590},{""x"":666,""y"":591,""t"":4673},{""x"":648,""y"":617,""t"":4692},{""x"":678,""y"":629,""t"":4763},{""x"":679,""y"":592,""t"":4813},{""x"":666,""y"":562,""t"":4829},{""x"":670,""y"":561,""t"":4899},{""x"":679,""y"":555,""t"":4952},{""x"":699,""y"":551,""t"":4979},{""x"":695,""y"":555,""t"":5022},{""x"":715,""y"":557,""t"":5066},{""x"":774,""y"":549,""t"":5108},{""x"":833,""y"":555,""t"":5181},{""x"":863,""y"":548,""t"":5204},{""x"":857,""y"":521,""t"":5271},{""x"":853,""y"":509,""t"":5325},{""x"":873,""y"":529,""t"":5340},{""x"":901,""y"":563,""t"":5410},{""x"":899,""y"":539,""t"":5461},{""x"":900,""y"":548,""t"":5476},{""x"":848,""y"":564,""t"":5546},{""x"":852,""y"":569,""t"":5600},{""x"":855,""y"":574,""t"":5615},{""x"":833,""y"":605,""t"":5682},{""x"":813,""y"":579,""t"":5734},{""x"":798,""y"":567,""t"":5748},{""x"":817,""y"":567,""t"":5817},{""x"":823,""y"":579,""t"":5871},{""x"":828,""y"":588,""t"":5885},{""x"":797,""y"":519,""t"":5954},{""x"":782,""y"":525,""t"":6006}]",0,0.8000006038828251,0.1999993961171749,mcutoff_b-last,0
126-alternatives,1,121,exp_106,0.0,327.5,0.78,0.4,2.1,3.0,higher_p,higher_m,0,1,alternatives,0.0,False,1.638,1.2000000000000002,0.4379999999999999,0.7081329507986126,0.6,0.4,0.5,0.5,0.0,0.0,higher_p,higher_p,True,"{""durations"":[1000,1500,1000,1500],""alternatives"":[1,0,1,0],""attributes"":[""all"",""all"",""all"",""all""]}","[{""x"":698,""y"":499,""t"":-59},{""x"":758,""y"":520,""t"":0},{""x"":775,""y"":555,""t"":78},{""x"":845,""y"":587,""t"":134},{""x"":904,""y"":613,""t"":207},{""x"":936,""y"":597,""t"":277},{""x"":955,""y"":604,""t"":330},{""x"":974,""y"":587,""t"":359},{""x"":918,""y"":557,""t"":404},{""x"":868,""y"":531,""t"":449},{""x"":796,""y"":534,""t"":520},{""x"":734,""y"":538,""t"":544},{""x"":729,""y"":527,""t"":615},{""x"":682,""y"":537,""t"":672},{""x"":655,""y"":539,""t"":687},{""x"":646,""y"":559,""t"":757},{""x"":655,""y"":592,""t"":811},{""x"":670,""y"":639,""t"":827},{""x"":645,""y"":660,""t"":897},{""x"":626,""y"":677,""t"":920},{""x"":609,""y"":675,""t"":988},{""x"":612,""y"":678,""t"":1043},{""x"":617,""y"":679,""t"":1059},{""x"":606,""y"":677,""t"":1129},{""x"":648,""y"":669,""t"":1182},{""x"":684,""y"":661,""t"":1200},{""x"":749,""y"":655,""t"":1270},{""x"":801,""y"":619,""t"":1292},{""x"":830,""y"":581,""t"":1362},{""x"":817,""y"":535,""t"":1413},{""x"":829,""y"":514,""t"":1430},{""x"":848,""y"":521,""t"":1498},{""x"":846,""y"":490,""t"":1551},{""x"":861,""y"":497,""t"":1568},{""x"":899,""y"":507,""t"":1637},{""x"":910,""y"":519,""t"":1688},{""x"":917,""y"":531,""t"":1704},{""x"":915,""y"":554,""t"":1776},{""x"":933,""y"":566,""t"":1828},{""x"":947,""y"":577,""t"":1843},{""x"":953,""y"":591,""t"":1915},{""x"":974,""y"":598,""t"":1939},{""x"":975,""y"":590,""t"":2008},{""x"":976,""y"":573,""t"":2064},{""x"":990,""y"":580,""t"":2079},{""x"":986,""y"":565,""t"":2146},{""x"":978,""y"":574,""t"":2198},{""x"":941,""y"":551,""t"":2214},{""x"":829,""y"":547,""t"":2282},{""x"":774,""y"":540,""t"":2335},{""x"":724,""y"":519,""t"":2349},{""x"":680,""y"":519,""t"":2416},{""x"":674,""y"":538,""t"":2469},{""x"":662,""y"":553,""t"":2483},{""x"":633,""y"":557,""t"":2552},{""x"":607,""y"":568,""t"":2606},{""x"":607,""y"":582,""t"":2623},{""x"":597,""y"":604,""t"":2690},{""x"":562,""y"":631,""t"":2746},{""x"":535,""y"":654,""t"":2761},{""x"":572,""y"":636,""t"":2827},{""x"":594,""y"":652,""t"":2880},{""x"":614,""y"":666,""t"":2895},{""x"":642,""y"":693,""t"":2962},{""x"":658,""y"":698,""t"":3016},{""x"":645,""y"":701,""t"":3033},{""x"":651,""y"":715,""t"":3101},{""x"":660,""y"":659,""t"":3153},{""x"":669,""y"":604,""t"":3171},{""x"":669,""y"":594,""t"":3238},{""x"":694,""y"":595,""t"":3288},{""x"":720,""y"":600,""t"":3304},{""x"":722,""y"":595,""t"":3374},{""x"":731,""y"":594,""t"":3423},{""x"":738,""y"":593,""t"":3439},{""x"":753,""y"":591,""t"":3506},{""x"":742,""y"":557,""t"":3557},{""x"":716,""y"":490,""t"":3575},{""x"":676,""y"":438,""t"":3644},{""x"":686,""y"":423,""t"":3693},{""x"":657,""y"":434,""t"":3710},{""x"":641,""y"":445,""t"":3779},{""x"":656,""y"":471,""t"":3830},{""x"":669,""y"":495,""t"":3846},{""x"":654,""y"":498,""t"":3913},{""x"":639,""y"":506,""t"":3964},{""x"":677,""y"":529,""t"":3979},{""x"":655,""y"":483,""t"":4048},{""x"":620,""y"":494,""t"":4103},{""x"":620,""y"":519,""t"":4117},{""x"":651,""y"":524,""t"":4185},{""x"":645,""y"":483,""t"":4238},{""x"":610,""y"":494,""t"":4266},{""x"":571,""y"":473,""t"":4307},{""x"":583,""y"":451,""t"":4348},{""x"":522,""y"":458,""t"":4391},{""x"":519,""y"":459,""t"":4460},{""x"":513,""y"":465,""t"":4513},{""x"":510,""y"":472,""t"":4527},{""x"":571,""y"":502,""t"":4595},{""x"":612,""y"":496,""t"":4647},{""x"":640,""y"":514,""t"":4662},{""x"":696,""y"":545,""t"":4730},{""x"":740,""y"":564,""t"":4761},{""x"":728,""y"":555,""t"":4846},{""x"":735,""y"":552,""t"":4939},{""x"":749,""y"":548,""t"":5013},{""x"":769,""y"":547,""t"":5044},{""x"":781,""y"":532,""t"":5105},{""x"":789,""y"":562,""t"":5166},{""x"":818,""y"":558,""t"":5248},{""x"":818,""y"":538,""t"":5466},{""x"":798,""y"":541,""t"":5522},{""x"":774,""y"":544,""t"":5568},{""x"":791,""y"":537,""t"":5648},{""x"":781,""y"":533,""t"":5722},{""x"":770,""y"":526,""t"":5746},{""x"":749,""y"":543,""t"":5818},{""x"":713,""y"":555,""t"":5871},{""x"":669,""y"":550,""t"":5887}]",0,0.8000006038828251,0.1999993961171749,mcutoff_b-last,0
126-alternatives,1,123,exp_32,1.0,270.90000000596046,0.79,0.7,2.0,3.2,higher_p,higher_m,0,1,alternatives,0.0,False,1.58,2.24,-0.6599999999999997,-0.4219978340514987,0.6,0.4,0.5,0.5,0.0,1.0,higher_p,higher_m,False,"{""durations"":[1500,1000,1500,1000],""alternatives"":[0,1,0,1],""attributes"":[""all"",""all"",""all"",""all""]}","[{""x"":895,""y"":585,""t"":-20},{""x"":888,""y"":627,""t"":0},{""x"":871,""y"":627,""t"":70},{""x"":857,""y"":625,""t"":105},{""x"":863,""y"":625,""t"":209},{""x"":849,""y"":640,""t"":277},{""x"":847,""y"":632,""t"":334},{""x"":846,""y"":623,""t"":349},{""x"":811,""y"":604,""t"":417},{""x"":799,""y"":597,""t"":443},{""x"":758,""y"":601,""t"":512},{""x"":731,""y"":612,""t"":567},{""x"":709,""y"":621,""t"":583},{""x"":708,""y"":632,""t"":650},{""x"":684,""y"":614,""t"":704},{""x"":665,""y"":598,""t"":720},{""x"":640,""y"":596,""t"":790},{""x"":620,""y"":591,""t"":843},{""x"":604,""y"":587,""t"":861},{""x"":572,""y"":590,""t"":929},{""x"":546,""y"":594,""t"":953},{""x"":555,""y"":598,""t"":1022},{""x"":584,""y"":601,""t"":1071},{""x"":610,""y"":604,""t"":1088},{""x"":693,""y"":565,""t"":1157},{""x"":745,""y"":558,""t"":1207},{""x"":788,""y"":552,""t"":1235},{""x"":843,""y"":520,""t"":1303},{""x"":888,""y"":494,""t"":1326},{""x"":912,""y"":500,""t"":1396},{""x"":936,""y"":512,""t"":1450},{""x"":948,""y"":553,""t"":1467},{""x"":942,""y"":563,""t"":1535},{""x"":939,""y"":569,""t"":1565},{""x"":938,""y"":582,""t"":1636},{""x"":945,""y"":607,""t"":1691},{""x"":936,""y"":624,""t"":1706},{""x"":919,""y"":628,""t"":1774},{""x"":931,""y"":647,""t"":1827},{""x"":876,""y"":649,""t"":1856},{""x"":883,""y"":627,""t"":1913},{""x"":917,""y"":611,""t"":2098},{""x"":936,""y"":591,""t"":2232},{""x"":861,""y"":581,""t"":2322},{""x"":847,""y"":498,""t"":2406},{""x"":831,""y"":477,""t"":2511},{""x"":741,""y"":503,""t"":2557},{""x"":705,""y"":538,""t"":2640},{""x"":677,""y"":569,""t"":2687},{""x"":650,""y"":585,""t"":2772},{""x"":630,""y"":598,""t"":2789},{""x"":607,""y"":590,""t"":2890},{""x"":573,""y"":560,""t"":2911},{""x"":521,""y"":552,""t"":2966},{""x"":499,""y"":565,""t"":3044},{""x"":483,""y"":576,""t"":3062},{""x"":472,""y"":569,""t"":3138},{""x"":510,""y"":526,""t"":3163},{""x"":526,""y"":566,""t"":3236},{""x"":560,""y"":545,""t"":3290},{""x"":591,""y"":527,""t"":3306},{""x"":627,""y"":512,""t"":3379},{""x"":643,""y"":517,""t"":3402},{""x"":646,""y"":521,""t"":3474},{""x"":671,""y"":501,""t"":3526},{""x"":692,""y"":484,""t"":3543},{""x"":692,""y"":475,""t"":3614},{""x"":692,""y"":468,""t"":3639},{""x"":645,""y"":474,""t"":3710},{""x"":636,""y"":491,""t"":3760},{""x"":637,""y"":503,""t"":3775},{""x"":602,""y"":481,""t"":3844},{""x"":620,""y"":487,""t"":3895},{""x"":666,""y"":507,""t"":3910},{""x"":677,""y"":530,""t"":3980},{""x"":728,""y"":532,""t"":4032},{""x"":751,""y"":517,""t"":4048},{""x"":771,""y"":528,""t"":4130},{""x"":787,""y"":538,""t"":4149},{""x"":769,""y"":547,""t"":4220},{""x"":804,""y"":544,""t"":4272},{""x"":833,""y"":541,""t"":4289},{""x"":793,""y"":542,""t"":4359},{""x"":811,""y"":547,""t"":4386},{""x"":824,""y"":552,""t"":4458},{""x"":728,""y"":561,""t"":4509},{""x"":646,""y"":568,""t"":4523},{""x"":662,""y"":524,""t"":4593},{""x"":642,""y"":514,""t"":4648},{""x"":645,""y"":518,""t"":4663},{""x"":612,""y"":509,""t"":4731},{""x"":594,""y"":531,""t"":4784},{""x"":568,""y"":564,""t"":4813},{""x"":562,""y"":595,""t"":4856},{""x"":559,""y"":620,""t"":4898},{""x"":613,""y"":619,""t"":4968},{""x"":613,""y"":596,""t"":5023},{""x"":616,""y"":588,""t"":5038},{""x"":615,""y"":586,""t"":5107},{""x"":605,""y"":577,""t"":5162},{""x"":592,""y"":546,""t"":5181},{""x"":605,""y"":533,""t"":5252},{""x"":617,""y"":522,""t"":5271},{""x"":646,""y"":517,""t"":5338},{""x"":648,""y"":532,""t"":5390},{""x"":649,""y"":545,""t"":5407},{""x"":695,""y"":465,""t"":5489},{""x"":688,""y"":416,""t"":5509},{""x"":691,""y"":441,""t"":5578},{""x"":662,""y"":400,""t"":5634},{""x"":651,""y"":367,""t"":5650},{""x"":600,""y"":381,""t"":5718},{""x"":564,""y"":421,""t"":5772},{""x"":528,""y"":462,""t"":5787},{""x"":542,""y"":508,""t"":5857},{""x"":581,""y"":566,""t"":5884}]",1,0.1999993961171749,0.8000006038828251,mcutoff_b-last,0
126-alternatives,1,124,exp_48,0.0,443.09999999403954,0.49,0.32,6.9,8.2,higher_p,higher_m,0,1,alternatives,0.0,False,3.381,2.624,0.7570000000000006,1.0364678509508771,0.6,0.4,0.5,0.5,0.0,1.0,higher_p,higher_m,True,"{""durations"":[1500,1000,1500,1000],""alternatives"":[0,1,0,1],""attributes"":[""all"",""all"",""all"",""all""]}","[{""x"":891,""y"":658,""t"":-18},{""x"":892,""y"":670,""t"":0},{""x"":892,""y"":613,""t"":97},{""x"":871,""y"":535,""t"":146},{""x"":881,""y"":500,""t"":220},{""x"":889,""y"":471,""t"":239},{""x"":885,""y"":476,""t"":309},{""x"":884,""y"":470,""t"":365},{""x"":884,""y"":466,""t"":381},{""x"":825,""y"":433,""t"":449},{""x"":748,""y"":416,""t"":501},{""x"":680,""y"":424,""t"":516},{""x"":632,""y"":411,""t"":584},{""x"":542,""y"":460,""t"":634},{""x"":469,""y"":502,""t"":649},{""x"":436,""y"":531,""t"":717},{""x"":413,""y"":551,""t"":769},{""x"":398,""y"":568,""t"":784},{""x"":397,""y"":596,""t"":851},{""x"":385,""y"":563,""t"":906},{""x"":432,""y"":568,""t"":923},{""x"":462,""y"":549,""t"":978},{""x"":465,""y"":535,""t"":1022},{""x"":452,""y"":511,""t"":1089},{""x"":484,""y"":486,""t"":1140},{""x"":487,""y"":463,""t"":1157},{""x"":501,""y"":448,""t"":1227},{""x"":512,""y"":509,""t"":1278},{""x"":520,""y"":563,""t"":1295},{""x"":549,""y"":614,""t"":1365},{""x"":569,""y"":632,""t"":1415},{""x"":588,""y"":643,""t"":1431},{""x"":590,""y"":704,""t"":1501},{""x"":643,""y"":688,""t"":1552},{""x"":696,""y"":643,""t"":1568},{""x"":773,""y"":622,""t"":1637},{""x"":838,""y"":629,""t"":1688},{""x"":883,""y"":586,""t"":1703},{""x"":924,""y"":559,""t"":1772},{""x"":960,""y"":535,""t"":1825},{""x"":988,""y"":516,""t"":1841},{""x"":1030,""y"":532,""t"":1910},{""x"":1064,""y"":555,""t"":1964},{""x"":1089,""y"":576,""t"":1979},{""x"":1092,""y"":581,""t"":2046},{""x"":1073,""y"":551,""t"":2099},{""x"":1061,""y"":535,""t"":2115},{""x"":1032,""y"":502,""t"":2184},{""x"":1041,""y"":488,""t"":2235},{""x"":1013,""y"":467,""t"":2251},{""x"":978,""y"":450,""t"":2319},{""x"":947,""y"":437,""t"":2347},{""x"":930,""y"":439,""t"":2416},{""x"":932,""y"":439,""t"":2468},{""x"":920,""y"":464,""t"":2484},{""x"":919,""y"":473,""t"":2552},{""x"":957,""y"":472,""t"":2584},{""x"":962,""y"":485,""t"":2653},{""x"":975,""y"":489,""t"":2704},{""x"":986,""y"":503,""t"":2720},{""x"":993,""y"":535,""t"":2788},{""x"":1011,""y"":564,""t"":2839},{""x"":1025,""y"":589,""t"":2858},{""x"":1040,""y"":617,""t"":2925},{""x"":984,""y"":630,""t"":2980},{""x"":917,""y"":615,""t"":2997},{""x"":822,""y"":594,""t"":3065},{""x"":726,""y"":604,""t"":3117},{""x"":648,""y"":596,""t"":3133},{""x"":585,""y"":582,""t"":3199},{""x"":519,""y"":561,""t"":3250},{""x"":513,""y"":537,""t"":3267},{""x"":533,""y"":523,""t"":3335},{""x"":530,""y"":499,""t"":3389},{""x"":521,""y"":502,""t"":3405},{""x"":457,""y"":508,""t"":3475},{""x"":517,""y"":486,""t"":3524},{""x"":570,""y"":468,""t"":3540},{""x"":625,""y"":463,""t"":3608},{""x"":623,""y"":471,""t"":3656},{""x"":626,""y"":492,""t"":3674},{""x"":635,""y"":508,""t"":3741},{""x"":660,""y"":554,""t"":3791},{""x"":672,""y"":610,""t"":3809},{""x"":694,""y"":605,""t"":3865},{""x"":715,""y"":608,""t"":3906},{""x"":744,""y"":612,""t"":3950},{""x"":760,""y"":578,""t"":4019},{""x"":745,""y"":581,""t"":4073},{""x"":730,""y"":583,""t"":4087},{""x"":721,""y"":596,""t"":4158},{""x"":711,""y"":607,""t"":4183},{""x"":692,""y"":609,""t"":4250},{""x"":727,""y"":591,""t"":4267},{""x"":764,""y"":565,""t"":4309},{""x"":801,""y"":534,""t"":4350},{""x"":831,""y"":507,""t"":4393},{""x"":862,""y"":513,""t"":4460},{""x"":876,""y"":538,""t"":4511},{""x"":886,""y"":561,""t"":4525},{""x"":863,""y"":559,""t"":4593},{""x"":840,""y"":574,""t"":4647},{""x"":791,""y"":599,""t"":4676},{""x"":801,""y"":562,""t"":4719},{""x"":800,""y"":577,""t"":4761},{""x"":829,""y"":612,""t"":4830},{""x"":850,""y"":642,""t"":4885},{""x"":867,""y"":667,""t"":4906},{""x"":881,""y"":672,""t"":4975},{""x"":892,""y"":675,""t"":4998},{""x"":929,""y"":622,""t"":5066},{""x"":952,""y"":576,""t"":5116},{""x"":957,""y"":583,""t"":5134},{""x"":931,""y"":571,""t"":5198},{""x"":900,""y"":585,""t"":5331},{""x"":899,""y"":567,""t"":5419},{""x"":893,""y"":564,""t"":5473},{""x"":889,""y"":563,""t"":5540},{""x"":889,""y"":553,""t"":5614},{""x"":890,""y"":575,""t"":5686},{""x"":891,""y"":594,""t"":5714},{""x"":888,""y"":574,""t"":5783},{""x"":883,""y"":580,""t"":5838},{""x"":859,""y"":590,""t"":5856},{""x"":860,""y"":593,""t"":5928},{""x"":856,""y"":633,""t"":5951},{""x"":853,""y"":621,""t"":6032},{""x"":858,""y"":629,""t"":6052}]",0,0.8000006038828251,0.1999993961171749,mcutoff_b-last,0
126-alternatives,1,127,exp_54,0.0,655.4000000059605,0.49,0.32,6.9,8.2,higher_p,higher_m,0,1,alternatives,0.0,False,3.381,2.624,0.7570000000000006,1.0364678509508771,0.4,0.6,0.5,0.5,1.0,1.0,higher_m,higher_m,True,"{""durations"":[1000,1500,1000,1500],""alternatives"":[0,1,0,1],""attributes"":[""all"",""all"",""all"",""all""]}","[{""x"":807,""y"":557,""t"":-49},{""x"":776,""y"":573,""t"":0},{""x"":765,""y"":575,""t"":94},{""x"":778,""y"":591,""t"":121},{""x"":778,""y"":582,""t"":202},{""x"":785,""y"":586,""t"":248},{""x"":823,""y"":600,""t"":312},{""x"":831,""y"":606,""t"":341},{""x"":825,""y"":612,""t"":406},{""x"":838,""y"":612,""t"":422},{""x"":798,""y"":608,""t"":489},{""x"":754,""y"":628,""t"":511},{""x"":755,""y"":626,""t"":576},{""x"":718,""y"":618,""t"":592},{""x"":708,""y"":605,""t"":634},{""x"":707,""y"":617,""t"":677},{""x"":710,""y"":630,""t"":718},{""x"":686,""y"":624,""t"":784},{""x"":674,""y"":602,""t"":837},{""x"":629,""y"":613,""t"":853},{""x"":621,""y"":627,""t"":922},{""x"":609,""y"":614,""t"":975},{""x"":604,""y"":600,""t"":990},{""x"":594,""y"":608,""t"":1061},{""x"":602,""y"":612,""t"":1113},{""x"":610,""y"":614,""t"":1128},{""x"":613,""y"":635,""t"":1197},{""x"":615,""y"":674,""t"":1225},{""x"":620,""y"":701,""t"":1292},{""x"":671,""y"":678,""t"":1342},{""x"":711,""y"":682,""t"":1361},{""x"":722,""y"":659,""t"":1428},{""x"":729,""y"":658,""t"":1445},{""x"":768,""y"":633,""t"":1486},{""x"":780,""y"":606,""t"":1526},{""x"":789,""y"":584,""t"":1569},{""x"":834,""y"":532,""t"":1636},{""x"":856,""y"":504,""t"":1686},{""x"":873,""y"":481,""t"":1702},{""x"":870,""y"":468,""t"":1775},{""x"":880,""y"":474,""t"":1824},{""x"":887,""y"":482,""t"":1839},{""x"":886,""y"":456,""t"":1906},{""x"":905,""y"":474,""t"":1958},{""x"":919,""y"":444,""t"":1974},{""x"":939,""y"":438,""t"":2040},{""x"":980,""y"":424,""t"":2054},{""x"":944,""y"":439,""t"":2121},{""x"":907,""y"":463,""t"":2143},{""x"":898,""y"":500,""t"":2210},{""x"":888,""y"":515,""t"":2225},{""x"":806,""y"":489,""t"":2293},{""x"":736,""y"":467,""t"":2312},{""x"":675,""y"":454,""t"":2378},{""x"":618,""y"":443,""t"":2411},{""x"":580,""y"":435,""t"":2426},{""x"":514,""y"":455,""t"":2520},{""x"":480,""y"":442,""t"":2571},{""x"":416,""y"":439,""t"":2588},{""x"":386,""y"":439,""t"":2654},{""x"":390,""y"":454,""t"":2703},{""x"":381,""y"":471,""t"":2721},{""x"":371,""y"":506,""t"":2789},{""x"":351,""y"":524,""t"":2837},{""x"":337,""y"":538,""t"":2856},{""x"":386,""y"":578,""t"":2923},{""x"":430,""y"":611,""t"":2938},{""x"":512,""y"":636,""t"":3005},{""x"":582,""y"":654,""t"":3026},{""x"":600,""y"":643,""t"":3093},{""x"":662,""y"":592,""t"":3109},{""x"":670,""y"":558,""t"":3152},{""x"":664,""y"":563,""t"":3193},{""x"":647,""y"":560,""t"":3235},{""x"":657,""y"":511,""t"":3302},{""x"":624,""y"":450,""t"":3353},{""x"":594,""y"":398,""t"":3367},{""x"":534,""y"":382,""t"":3433},{""x"":541,""y"":422,""t"":3451},{""x"":561,""y"":450,""t"":3493},{""x"":596,""y"":479,""t"":3534},{""x"":604,""y"":511,""t"":3577},{""x"":634,""y"":522,""t"":3645},{""x"":640,""y"":505,""t"":3673},{""x"":643,""y"":539,""t"":3743},{""x"":660,""y"":559,""t"":3794},{""x"":640,""y"":565,""t"":3810},{""x"":707,""y"":559,""t"":3875},{""x"":778,""y"":558,""t"":3891},{""x"":824,""y"":583,""t"":3934},{""x"":853,""y"":586,""t"":3974},{""x"":895,""y"":597,""t"":4017},{""x"":927,""y"":577,""t"":4083},{""x"":921,""y"":531,""t"":4136},{""x"":925,""y"":518,""t"":4156},{""x"":935,""y"":509,""t"":4222},{""x"":936,""y"":512,""t"":4271},{""x"":937,""y"":486,""t"":4286},{""x"":945,""y"":472,""t"":4351},{""x"":948,""y"":472,""t"":4366},{""x"":865,""y"":511,""t"":4434},{""x"":792,""y"":544,""t"":4455},{""x"":769,""y"":535,""t"":4521},{""x"":723,""y"":563,""t"":4537},{""x"":693,""y"":571,""t"":4604},{""x"":669,""y"":560,""t"":4625},{""x"":635,""y"":576,""t"":4691},{""x"":654,""y"":583,""t"":4711},{""x"":683,""y"":596,""t"":4756},{""x"":717,""y"":628,""t"":4802},{""x"":757,""y"":635,""t"":4878},{""x"":784,""y"":665,""t"":4899},{""x"":819,""y"":669,""t"":4971},{""x"":843,""y"":692,""t"":4999},{""x"":852,""y"":690,""t"":5067},{""x"":825,""y"":698,""t"":5118},{""x"":800,""y"":704,""t"":5141},{""x"":767,""y"":692,""t"":5221},{""x"":746,""y"":681,""t"":5236},{""x"":727,""y"":672,""t"":5305},{""x"":747,""y"":656,""t"":5361},{""x"":762,""y"":668,""t"":5375},{""x"":791,""y"":668,""t"":5446},{""x"":810,""y"":668,""t"":5497},{""x"":826,""y"":668,""t"":5513},{""x"":851,""y"":684,""t"":5594},{""x"":877,""y"":683,""t"":5611},{""x"":885,""y"":670,""t"":5686},{""x"":871,""y"":650,""t"":5768},{""x"":857,""y"":633,""t"":5783},{""x"":843,""y"":617,""t"":5853},{""x"":832,""y"":610,""t"":5906},{""x"":822,""y"":604,""t"":5921},{""x"":826,""y"":602,""t"":5991},{""x"":830,""y"":601,""t"":6044},{""x"":834,""y"":602,""t"":6059},{""x"":832,""y"":620,""t"":6130},{""x"":845,""y"":633,""t"":6180},{""x"":867,""y"":638,""t"":6197}]",0,0.8000006038828251,0.1999993961171749,mcutoff_b-last,0
126-alternatives,1,128,catch_10,1.0,284.5,0.31,0.51,1.6999999999999995,3.2,dominated,dominant,1,1,alternatives,0.0,False,0.5269999999999999,1.632,-1.1050000000000002,-0.8800198734488578,0.5,0.5,0.5,0.5,,1.0,,dominant,True,"{""durations"":[1250,1250,1250,1250],""attributes"":[""all"",""all"",""all"",""all""],""alternatives"":[0,1,0,1]}","[{""x"":785,""y"":604,""t"":-20},{""x"":782,""y"":595,""t"":0},{""x"":759,""y"":597,""t"":71},{""x"":766,""y"":596,""t"":103},{""x"":777,""y"":605,""t"":217},{""x"":787,""y"":614,""t"":238},{""x"":805,""y"":606,""t"":308},{""x"":768,""y"":612,""t"":359},{""x"":774,""y"":632,""t"":376},{""x"":739,""y"":651,""t"":447},{""x"":718,""y"":629,""t"":499},{""x"":703,""y"":597,""t"":514},{""x"":718,""y"":587,""t"":583},{""x"":706,""y"":600,""t"":635},{""x"":689,""y"":600,""t"":651},{""x"":663,""y"":627,""t"":721},{""x"":647,""y"":643,""t"":773},{""x"":635,""y"":656,""t"":788},{""x"":649,""y"":657,""t"":858},{""x"":660,""y"":667,""t"":911},{""x"":670,""y"":676,""t"":926},{""x"":683,""y"":649,""t"":996},{""x"":714,""y"":637,""t"":1021},{""x"":790,""y"":628,""t"":1090},{""x"":835,""y"":629,""t"":1123},{""x"":892,""y"":631,""t"":1192},{""x"":926,""y"":604,""t"":1244},{""x"":940,""y"":606,""t"":1259},{""x"":958,""y"":593,""t"":1329},{""x"":971,""y"":597,""t"":1381},{""x"":986,""y"":563,""t"":1398},{""x"":1000,""y"":563,""t"":1467},{""x"":973,""y"":577,""t"":1519},{""x"":955,""y"":545,""t"":1534},{""x"":969,""y"":549,""t"":1602},{""x"":963,""y"":566,""t"":1654},{""x"":980,""y"":574,""t"":1669},{""x"":961,""y"":592,""t"":1737},{""x"":950,""y"":608,""t"":1789},{""x"":940,""y"":621,""t"":1805},{""x"":939,""y"":596,""t"":1874},{""x"":918,""y"":604,""t"":1924},{""x"":900,""y"":611,""t"":1940},{""x"":910,""y"":602,""t"":2008},{""x"":918,""y"":632,""t"":2060},{""x"":926,""y"":658,""t"":2075},{""x"":905,""y"":683,""t"":2144},{""x"":908,""y"":660,""t"":2199},{""x"":911,""y"":640,""t"":2216},{""x"":918,""y"":635,""t"":2283},{""x"":862,""y"":625,""t"":2333},{""x"":827,""y"":636,""t"":2351},{""x"":819,""y"":596,""t"":2420},{""x"":797,""y"":558,""t"":2471},{""x"":794,""y"":506,""t"":2487},{""x"":747,""y"":535,""t"":2556},{""x"":712,""y"":551,""t"":2608},{""x"":685,""y"":566,""t"":2624},{""x"":668,""y"":581,""t"":2692},{""x"":607,""y"":602,""t"":2744},{""x"":557,""y"":621,""t"":2759},{""x"":542,""y"":624,""t"":2828},{""x"":522,""y"":642,""t"":2878},{""x"":537,""y"":649,""t"":2895},{""x"":520,""y"":626,""t"":2964},{""x"":479,""y"":604,""t"":3016},{""x"":482,""y"":594,""t"":3031},{""x"":476,""y"":580,""t"":3099},{""x"":487,""y"":600,""t"":3151},{""x"":497,""y"":618,""t"":3165},{""x"":466,""y"":618,""t"":3236},{""x"":498,""y"":670,""t"":3289},{""x"":527,""y"":713,""t"":3304},{""x"":521,""y"":709,""t"":3372},{""x"":547,""y"":701,""t"":3425},{""x"":564,""y"":702,""t"":3440},{""x"":592,""y"":717,""t"":3507},{""x"":604,""y"":707,""t"":3558},{""x"":612,""y"":697,""t"":3572},{""x"":610,""y"":688,""t"":3640},{""x"":644,""y"":661,""t"":3698},{""x"":663,""y"":601,""t"":3713},{""x"":683,""y"":592,""t"":3782},{""x"":713,""y"":587,""t"":3833},{""x"":749,""y"":564,""t"":3851},{""x"":756,""y"":578,""t"":3920},{""x"":754,""y"":596,""t"":3945},{""x"":759,""y"":573,""t"":4015},{""x"":766,""y"":575,""t"":4067},{""x"":771,""y"":579,""t"":4085},{""x"":768,""y"":574,""t"":4154},{""x"":771,""y"":571,""t"":4204},{""x"":772,""y"":569,""t"":4220},{""x"":803,""y"":545,""t"":4289},{""x"":817,""y"":535,""t"":4339},{""x"":850,""y"":556,""t"":4356},{""x"":867,""y"":565,""t"":4427},{""x"":879,""y"":572,""t"":4455},{""x"":899,""y"":570,""t"":4524},{""x"":916,""y"":590,""t"":4575},{""x"":923,""y"":619,""t"":4592},{""x"":927,""y"":633,""t"":4658},{""x"":925,""y"":645,""t"":4710},{""x"":922,""y"":655,""t"":4726},{""x"":921,""y"":679,""t"":4795},{""x"":926,""y"":682,""t"":4846},{""x"":930,""y"":683,""t"":4863},{""x"":917,""y"":681,""t"":4930},{""x"":924,""y"":658,""t"":4945},{""x"":918,""y"":672,""t"":4989},{""x"":939,""y"":625,""t"":5031},{""x"":951,""y"":628,""t"":5073},{""x"":943,""y"":641,""t"":5143},{""x"":935,""y"":653,""t"":5169},{""x"":946,""y"":673,""t"":5239},{""x"":934,""y"":675,""t"":5289},{""x"":923,""y"":677,""t"":5305},{""x"":926,""y"":696,""t"":5374},{""x"":914,""y"":705,""t"":5427},{""x"":903,""y"":712,""t"":5443},{""x"":896,""y"":697,""t"":5511},{""x"":891,""y"":684,""t"":5543},{""x"":894,""y"":681,""t"":5611},{""x"":887,""y"":649,""t"":5664},{""x"":877,""y"":617,""t"":5679},{""x"":859,""y"":584,""t"":5746},{""x"":850,""y"":598,""t"":5798},{""x"":843,""y"":611,""t"":5816},{""x"":852,""y"":596,""t"":5884}]",0,0.1999993961171749,0.8000006038828251,mcutoff_b-last,0
126-alternatives,1,129,catch_16,1.0,258.70000000298023,0.32,0.37,6.799999999999999,7.800000000000001,dominated,dominant,1,1,alternatives,0.0,False,2.176,2.886,-0.7100000000000004,-0.4734609845455846,0.5,0.5,0.5,0.5,,1.0,,dominant,True,"{""durations"":[1250,1250,1250,1250],""attributes"":[""all"",""all"",""all"",""all""],""alternatives"":[0,1,0,1]}","[{""x"":621,""y"":389,""t"":-16},{""x"":591,""y"":338,""t"":0},{""x"":561,""y"":339,""t"":73},{""x"":513,""y"":307,""t"":105},{""x"":523,""y"":353,""t"":214},{""x"":535,""y"":394,""t"":239},{""x"":539,""y"":407,""t"":308},{""x"":526,""y"":457,""t"":360},{""x"":552,""y"":483,""t"":376},{""x"":590,""y"":503,""t"":445},{""x"":588,""y"":527,""t"":497},{""x"":588,""y"":546,""t"":512},{""x"":634,""y"":553,""t"":581},{""x"":667,""y"":561,""t"":636},{""x"":691,""y"":552,""t"":652},{""x"":694,""y"":546,""t"":722},{""x"":663,""y"":468,""t"":775},{""x"":640,""y"":396,""t"":789},{""x"":600,""y"":423,""t"":858},{""x"":596,""y"":427,""t"":885},{""x"":554,""y"":439,""t"":953},{""x"":546,""y"":477,""t"":1006},{""x"":541,""y"":509,""t"":1021},{""x"":554,""y"":549,""t"":1090},{""x"":571,""y"":555,""t"":1141},{""x"":557,""y"":583,""t"":1156},{""x"":599,""y"":617,""t"":1226},{""x"":630,""y"":619,""t"":1278},{""x"":655,""y"":619,""t"":1293},{""x"":674,""y"":621,""t"":1362},{""x"":733,""y"":630,""t"":1415},{""x"":756,""y"":617,""t"":1430},{""x"":823,""y"":635,""t"":1498},{""x"":883,""y"":624,""t"":1551},{""x"":931,""y"":613,""t"":1566},{""x"":952,""y"":630,""t"":1635},{""x"":973,""y"":619,""t"":1691},{""x"":987,""y"":610,""t"":1707},{""x"":1007,""y"":599,""t"":1775},{""x"":988,""y"":600,""t"":1828},{""x"":986,""y"":588,""t"":1846},{""x"":1008,""y"":612,""t"":1914},{""x"":1025,""y"":632,""t"":1939},{""x"":998,""y"":651,""t"":2009},{""x"":979,""y"":638,""t"":2065},{""x"":982,""y"":614,""t"":2085},{""x"":995,""y"":612,""t"":2132},{""x"":976,""y"":625,""t"":2180},{""x"":980,""y"":629,""t"":2256},{""x"":984,""y"":632,""t"":2278},{""x"":974,""y"":607,""t"":2364},{""x"":953,""y"":613,""t"":2385},{""x"":956,""y"":648,""t"":2544},{""x"":940,""y"":641,""t"":2594},{""x"":935,""y"":626,""t"":2673},{""x"":908,""y"":606,""t"":2689},{""x"":878,""y"":618,""t"":2762},{""x"":832,""y"":620,""t"":2788},{""x"":748,""y"":542,""t"":2924},{""x"":726,""y"":489,""t"":2939},{""x"":671,""y"":416,""t"":2983},{""x"":627,""y"":356,""t"":3030},{""x"":560,""y"":383,""t"":3107},{""x"":506,""y"":409,""t"":3130},{""x"":479,""y"":449,""t"":3207},{""x"":460,""y"":484,""t"":3231},{""x"":460,""y"":516,""t"":3305},{""x"":455,""y"":528,""t"":3373},{""x"":479,""y"":563,""t"":3426},{""x"":467,""y"":585,""t"":3442},{""x"":541,""y"":618,""t"":3519},{""x"":606,""y"":644,""t"":3536},{""x"":689,""y"":627,""t"":3609},{""x"":754,""y"":656,""t"":3662},{""x"":819,""y"":676,""t"":3678},{""x"":877,""y"":682,""t"":3748},{""x"":919,""y"":679,""t"":3775},{""x"":943,""y"":693,""t"":3844},{""x"":973,""y"":668,""t"":3896},{""x"":994,""y"":646,""t"":3911},{""x"":1001,""y"":684,""t"":3980},{""x"":992,""y"":676,""t"":4046},{""x"":997,""y"":652,""t"":4096},{""x"":999,""y"":632,""t"":4115},{""x"":1004,""y"":627,""t"":4185},{""x"":979,""y"":632,""t"":4236},{""x"":955,""y"":638,""t"":4252},{""x"":957,""y"":642,""t"":4322},{""x"":919,""y"":640,""t"":4372},{""x"":905,""y"":629,""t"":4390},{""x"":912,""y"":603,""t"":4459},{""x"":888,""y"":592,""t"":4509},{""x"":881,""y"":609,""t"":4525},{""x"":876,""y"":628,""t"":4594},{""x"":862,""y"":618,""t"":4645},{""x"":856,""y"":595,""t"":4660},{""x"":869,""y"":633,""t"":4728},{""x"":861,""y"":660,""t"":4778},{""x"":854,""y"":683,""t"":4794},{""x"":846,""y"":661,""t"":4863},{""x"":827,""y"":616,""t"":4912},{""x"":828,""y"":627,""t"":4931},{""x"":826,""y"":634,""t"":5003},{""x"":838,""y"":637,""t"":5057},{""x"":849,""y"":639,""t"":5072},{""x"":854,""y"":649,""t"":5141},{""x"":842,""y"":652,""t"":5193},{""x"":831,""y"":655,""t"":5209},{""x"":840,""y"":644,""t"":5278},{""x"":832,""y"":598,""t"":5329},{""x"":825,""y"":559,""t"":5345},{""x"":833,""y"":572,""t"":5416},{""x"":837,""y"":560,""t"":5440},{""x"":834,""y"":589,""t"":5510},{""x"":827,""y"":610,""t"":5564},{""x"":836,""y"":642,""t"":5580},{""x"":833,""y"":662,""t"":5648},{""x"":851,""y"":680,""t"":5702},{""x"":866,""y"":695,""t"":5717},{""x"":858,""y"":674,""t"":5786},{""x"":860,""y"":700,""t"":5839},{""x"":855,""y"":712,""t"":5854}]",1,0.1999993961171749,0.8000006038828251,mcutoff_b-last,0
126-alternatives,1,134,exp_72,0.0,300.09999999403954,0.8,0.2,4.0,6.799999999999999,higher_p,higher_m,0,1,alternatives,0.0,False,3.2,1.36,1.8400000000000003,2.151159690652763,0.6,0.4,0.5,0.5,0.0,1.0,higher_p,higher_m,True,"{""durations"":[1500,1000,1500,1000],""alternatives"":[0,1,0,1],""attributes"":[""all"",""all"",""all"",""all""]}","[{""x"":713,""y"":514,""t"":-18},{""x"":745,""y"":506,""t"":0},{""x"":769,""y"":504,""t"":104},{""x"":788,""y"":535,""t"":145},{""x"":809,""y"":546,""t"":228},{""x"":837,""y"":550,""t"":246},{""x"":853,""y"":536,""t"":325},{""x"":864,""y"":535,""t"":343},{""x"":807,""y"":543,""t"":423},{""x"":778,""y"":555,""t"":443},{""x"":755,""y"":567,""t"":522},{""x"":695,""y"":567,""t"":544},{""x"":643,""y"":622,""t"":622},{""x"":601,""y"":669,""t"":646},{""x"":591,""y"":667,""t"":725},{""x"":586,""y"":669,""t"":749},{""x"":601,""y"":654,""t"":834},{""x"":577,""y"":664,""t"":851},{""x"":639,""y"":630,""t"":929},{""x"":644,""y"":605,""t"":954},{""x"":640,""y"":581,""t"":1032},{""x"":584,""y"":580,""t"":1054},{""x"":600,""y"":576,""t"":1134},{""x"":641,""y"":571,""t"":1157},{""x"":671,""y"":561,""t"":1233},{""x"":663,""y"":554,""t"":1287},{""x"":682,""y"":548,""t"":1306},{""x"":738,""y"":535,""t"":1355},{""x"":820,""y"":516,""t"":1403},{""x"":868,""y"":479,""t"":1479},{""x"":906,""y"":448,""t"":1497},{""x"":962,""y"":469,""t"":1575},{""x"":1011,""y"":486,""t"":1600},{""x"":1025,""y"":502,""t"":1676},{""x"":1033,""y"":517,""t"":1701},{""x"":1052,""y"":522,""t"":1777},{""x"":1062,""y"":528,""t"":1803},{""x"":1074,""y"":527,""t"":1879},{""x"":1080,""y"":550,""t"":1906},{""x"":1083,""y"":574,""t"":1982},{""x"":1087,""y"":568,""t"":2036},{""x"":1088,""y"":562,""t"":2052},{""x"":1026,""y"":579,""t"":2130},{""x"":1013,""y"":592,""t"":2148},{""x"":869,""y"":526,""t"":2224},{""x"":766,""y"":515,""t"":2244},{""x"":686,""y"":486,""t"":2321},{""x"":624,""y"":463,""t"":2346},{""x"":574,""y"":470,""t"":2423},{""x"":526,""y"":466,""t"":2454},{""x"":566,""y"":467,""t"":2528},{""x"":610,""y"":441,""t"":2551},{""x"":691,""y"":426,""t"":2624},{""x"":757,""y"":424,""t"":2679},{""x"":818,""y"":433,""t"":2694},{""x"":801,""y"":427,""t"":2769},{""x"":784,""y"":424,""t"":2798},{""x"":751,""y"":446,""t"":2872},{""x"":737,""y"":466,""t"":2890},{""x"":672,""y"":442,""t"":2963},{""x"":685,""y"":386,""t"":3019},{""x"":703,""y"":366,""t"":3036},{""x"":655,""y"":333,""t"":3113},{""x"":617,""y"":298,""t"":3130},{""x"":563,""y"":366,""t"":3206},{""x"":592,""y"":379,""t"":3259},{""x"":612,""y"":390,""t"":3276},{""x"":629,""y"":429,""t"":3349},{""x"":651,""y"":442,""t"":3367},{""x"":727,""y"":441,""t"":3442},{""x"":774,""y"":423,""t"":3497},{""x"":748,""y"":450,""t"":3515},{""x"":754,""y"":408,""t"":3588},{""x"":767,""y"":384,""t"":3605},{""x"":730,""y"":373,""t"":3678},{""x"":740,""y"":324,""t"":3733},{""x"":657,""y"":334,""t"":3750},{""x"":603,""y"":397,""t"":3824},{""x"":589,""y"":381,""t"":3843},{""x"":530,""y"":423,""t"":3916},{""x"":555,""y"":484,""t"":3970},{""x"":520,""y"":496,""t"":3987},{""x"":502,""y"":492,""t"":4045},{""x"":473,""y"":512,""t"":4091},{""x"":490,""y"":499,""t"":4167},{""x"":507,""y"":487,""t"":4186},{""x"":563,""y"":491,""t"":4262},{""x"":611,""y"":502,""t"":4286},{""x"":621,""y"":503,""t"":4362},{""x"":663,""y"":500,""t"":4387},{""x"":663,""y"":485,""t"":4464},{""x"":696,""y"":517,""t"":4518},{""x"":723,""y"":543,""t"":4533},{""x"":766,""y"":573,""t"":4613},{""x"":793,""y"":551,""t"":4654},{""x"":815,""y"":531,""t"":4699},{""x"":818,""y"":515,""t"":4773},{""x"":850,""y"":507,""t"":4804},{""x"":880,""y"":505,""t"":4878},{""x"":903,""y"":511,""t"":4897},{""x"":921,""y"":501,""t"":4973},{""x"":905,""y"":483,""t"":5027},{""x"":889,""y"":469,""t"":5043},{""x"":871,""y"":491,""t"":5117},{""x"":843,""y"":457,""t"":5136},{""x"":843,""y"":521,""t"":5229},{""x"":829,""y"":543,""t"":5245},{""x"":806,""y"":542,""t"":5322},{""x"":786,""y"":541,""t"":5340},{""x"":794,""y"":534,""t"":5418},{""x"":783,""y"":508,""t"":5442},{""x"":791,""y"":522,""t"":5522},{""x"":791,""y"":508,""t"":5543},{""x"":820,""y"":527,""t"":5619},{""x"":798,""y"":505,""t"":5674},{""x"":812,""y"":531,""t"":5692},{""x"":814,""y"":550,""t"":5739},{""x"":818,""y"":582,""t"":5786},{""x"":821,""y"":582,""t"":5862},{""x"":822,""y"":582,""t"":5882}]",0,0.8000006038828251,0.1999993961171749,mcutoff_b-last,0
