subject_id,block,trial,condition,choice,rt,p0,p1,m0,m1,label0,label1,higher_p,higher_m,presentation,presentation01,by_attribute,ev0,ev1,delta_ev,delta_ev_z,g0,g1,gp,gm,duration_favours,last_stage_favours,duration_favours_str,last_stage_favours_str,choose_higher_p,sequence,webgazer_data,predicted_choice,predicted_choiceprob_0,predicted_choiceprob_1,model,rep
27-alternatives,0,0,catch_2,1.0,382.6999999880791,0.38,0.6,2.2,4.0,dominated,dominant,1,1,alternatives,0.0,False,0.8360000000000001,2.4,-1.5639999999999998,-1.35245159498456,0.5,0.5,0.5,0.5,,1.0,,dominant,True,"{""durations"":[1250,1250,1250,1250],""attributes"":[""all"",""all"",""all"",""all""],""alternatives"":[0,1,0,1]}","[{""x"":631,""y"":283,""t"":-12},{""x"":633,""y"":289,""t"":0},{""x"":608,""y"":319,""t"":44},{""x"":567,""y"":396,""t"":90},{""x"":531,""y"":463,""t"":103},{""x"":519,""y"":532,""t"":148},{""x"":510,""y"":588,""t"":171},{""x"":544,""y"":632,""t"":212},{""x"":549,""y"":654,""t"":244},{""x"":567,""y"":673,""t"":297},{""x"":590,""y"":690,""t"":306},{""x"":595,""y"":677,""t"":354},{""x"":608,""y"":648,""t"":377},{""x"":563,""y"":612,""t"":423},{""x"":525,""y"":549,""t"":450},{""x"":487,""y"":490,""t"":492},{""x"":438,""y"":442,""t"":515},{""x"":386,""y"":386,""t"":557},{""x"":367,""y"":355,""t"":595},{""x"":353,""y"":332,""t"":615},{""x"":361,""y"":336,""t"":656},{""x"":370,""y"":359,""t"":700},{""x"":373,""y"":376,""t"":715},{""x"":383,""y"":401,""t"":757},{""x"":384,""y"":425,""t"":802},{""x"":379,""y"":435,""t"":820},{""x"":394,""y"":463,""t"":862},{""x"":380,""y"":453,""t"":892},{""x"":391,""y"":463,""t"":936},{""x"":414,""y"":457,""t"":955},{""x"":441,""y"":451,""t"":997},{""x"":460,""y"":440,""t"":1031},{""x"":478,""y"":414,""t"":1058},{""x"":472,""y"":443,""t"":1105},{""x"":460,""y"":409,""t"":1141},{""x"":451,""y"":400,""t"":1160},{""x"":443,""y"":398,""t"":1206},{""x"":419,""y"":401,""t"":1240},{""x"":416,""y"":413,""t"":1273},{""x"":413,""y"":423,""t"":1298},{""x"":421,""y"":413,""t"":1337},{""x"":410,""y"":364,""t"":1377},{""x"":401,""y"":323,""t"":1394},{""x"":389,""y"":321,""t"":1439},{""x"":378,""y"":321,""t"":1465},{""x"":472,""y"":288,""t"":1512},{""x"":542,""y"":287,""t"":1530},{""x"":625,""y"":258,""t"":1575},{""x"":725,""y"":243,""t"":1617},{""x"":807,""y"":232,""t"":1638},{""x"":876,""y"":218,""t"":1678},{""x"":923,""y"":215,""t"":1716},{""x"":959,""y"":213,""t"":1738},{""x"":998,""y"":206,""t"":1778},{""x"":1024,""y"":204,""t"":1803},{""x"":1016,""y"":218,""t"":1847},{""x"":1030,""y"":230,""t"":1875},{""x"":1014,""y"":255,""t"":1922},{""x"":997,""y"":276,""t"":1939},{""x"":991,""y"":292,""t"":1987},{""x"":970,""y"":312,""t"":2010},{""x"":965,""y"":324,""t"":2052},{""x"":959,""y"":325,""t"":2094},{""x"":951,""y"":339,""t"":2109},{""x"":924,""y"":354,""t"":2161},{""x"":905,""y"":374,""t"":2181},{""x"":926,""y"":361,""t"":2226},{""x"":931,""y"":338,""t"":2260},{""x"":925,""y"":309,""t"":2293},{""x"":942,""y"":282,""t"":2315},{""x"":960,""y"":255,""t"":2361},{""x"":978,""y"":232,""t"":2380},{""x"":959,""y"":218,""t"":2423},{""x"":946,""y"":198,""t"":2451},{""x"":947,""y"":179,""t"":2494},{""x"":953,""y"":176,""t"":2531},{""x"":936,""y"":178,""t"":2555},{""x"":943,""y"":182,""t"":2601},{""x"":950,""y"":187,""t"":2619},{""x"":946,""y"":177,""t"":2661},{""x"":959,""y"":180,""t"":2690},{""x"":941,""y"":181,""t"":2736},{""x"":812,""y"":213,""t"":2772},{""x"":716,""y"":252,""t"":2795},{""x"":597,""y"":270,""t"":2840},{""x"":502,""y"":286,""t"":2858},{""x"":441,""y"":267,""t"":2901},{""x"":393,""y"":264,""t"":2930},{""x"":344,""y"":257,""t"":2973},{""x"":320,""y"":255,""t"":3013},{""x"":321,""y"":260,""t"":3035},{""x"":317,""y"":270,""t"":3079},{""x"":319,""y"":305,""t"":3096},{""x"":337,""y"":313,""t"":3138},{""x"":346,""y"":343,""t"":3174},{""x"":379,""y"":385,""t"":3202},{""x"":381,""y"":383,""t"":3244},{""x"":399,""y"":401,""t"":3270},{""x"":393,""y"":413,""t"":3311},{""x"":389,""y"":423,""t"":3336},{""x"":398,""y"":455,""t"":3378},{""x"":463,""y"":504,""t"":3416},{""x"":510,""y"":545,""t"":3447},{""x"":596,""y"":510,""t"":3488},{""x"":679,""y"":518,""t"":3513},{""x"":757,""y"":496,""t"":3554},{""x"":815,""y"":496,""t"":3571},{""x"":891,""y"":496,""t"":3614},{""x"":939,""y"":497,""t"":3644},{""x"":1000,""y"":495,""t"":3687},{""x"":1036,""y"":501,""t"":3707},{""x"":1093,""y"":481,""t"":3748},{""x"":1089,""y"":436,""t"":3780},{""x"":1107,""y"":420,""t"":3826},{""x"":1084,""y"":396,""t"":3843},{""x"":1040,""y"":349,""t"":3884},{""x"":1014,""y"":310,""t"":3913},{""x"":995,""y"":315,""t"":3953},{""x"":980,""y"":293,""t"":3996},{""x"":967,""y"":276,""t"":4019},{""x"":972,""y"":274,""t"":4066},{""x"":970,""y"":282,""t"":4083},{""x"":965,""y"":275,""t"":4128},{""x"":960,""y"":270,""t"":4153},{""x"":891,""y"":355,""t"":4197},{""x"":860,""y"":424,""t"":4216},{""x"":820,""y"":523,""t"":4258},{""x"":776,""y"":597,""t"":4306},{""x"":698,""y"":648,""t"":4323},{""x"":616,""y"":675,""t"":4365},{""x"":556,""y"":704,""t"":4387},{""x"":531,""y"":725,""t"":4431},{""x"":476,""y"":726,""t"":4460},{""x"":468,""y"":717,""t"":4501},{""x"":480,""y"":728,""t"":4523},{""x"":495,""y"":736,""t"":4565},{""x"":571,""y"":709,""t"":4610},{""x"":611,""y"":652,""t"":4627},{""x"":670,""y"":565,""t"":4668},{""x"":733,""y"":489,""t"":4694},{""x"":798,""y"":407,""t"":4737},{""x"":836,""y"":338,""t"":4770},{""x"":868,""y"":287,""t"":4814},{""x"":893,""y"":248,""t"":4831},{""x"":933,""y"":220,""t"":4874},{""x"":966,""y"":197,""t"":4915},{""x"":969,""y"":168,""t"":4931},{""x"":974,""y"":148,""t"":4976},{""x"":978,""y"":139,""t"":5015},{""x"":978,""y"":123,""t"":5049},{""x"":972,""y"":128,""t"":5075},{""x"":957,""y"":119,""t"":5116},{""x"":952,""y"":118,""t"":5138},{""x"":932,""y"":119,""t"":5181},{""x"":897,""y"":141,""t"":5219},{""x"":854,""y"":158,""t"":5241},{""x"":806,""y"":170,""t"":5287},{""x"":763,""y"":178,""t"":5305},{""x"":747,""y"":193,""t"":5351},{""x"":720,""y"":200,""t"":5378},{""x"":659,""y"":248,""t"":5423},{""x"":614,""y"":273,""t"":5444},{""x"":570,""y"":358,""t"":5486},{""x"":525,""y"":435,""t"":5515},{""x"":486,""y"":506,""t"":5557},{""x"":483,""y"":583,""t"":5579},{""x"":476,""y"":562,""t"":5622},{""x"":515,""y"":581,""t"":5651},{""x"":546,""y"":531,""t"":5693},{""x"":557,""y"":475,""t"":5732},{""x"":565,""y"":455,""t"":5749},{""x"":565,""y"":398,""t"":5797},{""x"":575,""y"":374,""t"":5817},{""x"":586,""y"":340,""t"":5862},{""x"":595,""y"":312,""t"":5882}]",0,0.2571423709795183,0.7428576290204817,mcutoff_b-last,0
27-alternatives,0,1,exp_84,1.0,249.59999999403956,0.61,0.29,2.2,8.1,higher_p,higher_m,0,1,alternatives,0.0,False,1.342,2.349,-1.0069999999999997,-0.7791520984804502,0.4,0.6,0.5,0.5,1.0,0.0,higher_m,higher_p,False,"{""durations"":[1500,1000,1500,1000],""alternatives"":[1,0,1,0],""attributes"":[""all"",""all"",""all"",""all""]}","[{""x"":609,""y"":225,""t"":-20},{""x"":603,""y"":263,""t"":0},{""x"":622,""y"":319,""t"":69},{""x"":613,""y"":304,""t"":106},{""x"":614,""y"":297,""t"":148},{""x"":601,""y"":315,""t"":179},{""x"":593,""y"":293,""t"":204},{""x"":586,""y"":280,""t"":245},{""x"":581,""y"":269,""t"":277},{""x"":545,""y"":294,""t"":331},{""x"":515,""y"":316,""t"":341},{""x"":469,""y"":300,""t"":384},{""x"":434,""y"":273,""t"":423},{""x"":402,""y"":258,""t"":442},{""x"":379,""y"":282,""t"":486},{""x"":378,""y"":322,""t"":531},{""x"":392,""y"":346,""t"":549},{""x"":393,""y"":369,""t"":591},{""x"":369,""y"":390,""t"":613},{""x"":363,""y"":402,""t"":653},{""x"":375,""y"":383,""t"":694},{""x"":382,""y"":348,""t"":716},{""x"":391,""y"":298,""t"":762},{""x"":359,""y"":267,""t"":803},{""x"":333,""y"":241,""t"":821},{""x"":326,""y"":227,""t"":862},{""x"":325,""y"":216,""t"":884},{""x"":345,""y"":206,""t"":939},{""x"":351,""y"":197,""t"":956},{""x"":351,""y"":190,""t"":997},{""x"":351,""y"":174,""t"":1025},{""x"":363,""y"":189,""t"":1070},{""x"":372,""y"":188,""t"":1092},{""x"":380,""y"":215,""t"":1136},{""x"":388,""y"":238,""t"":1157},{""x"":389,""y"":234,""t"":1199},{""x"":403,""y"":223,""t"":1241},{""x"":441,""y"":234,""t"":1259},{""x"":462,""y"":248,""t"":1299},{""x"":457,""y"":236,""t"":1335},{""x"":456,""y"":228,""t"":1380},{""x"":431,""y"":208,""t"":1397},{""x"":405,""y"":192,""t"":1441},{""x"":383,""y"":178,""t"":1465},{""x"":378,""y"":181,""t"":1506},{""x"":379,""y"":185,""t"":1545},{""x"":371,""y"":183,""t"":1577},{""x"":366,""y"":184,""t"":1621},{""x"":366,""y"":182,""t"":1636},{""x"":392,""y"":232,""t"":1676},{""x"":421,""y"":250,""t"":1707},{""x"":424,""y"":280,""t"":1753},{""x"":424,""y"":297,""t"":1772},{""x"":493,""y"":377,""t"":1813},{""x"":551,""y"":445,""t"":1837},{""x"":634,""y"":473,""t"":1881},{""x"":724,""y"":464,""t"":1924},{""x"":797,""y"":452,""t"":1945},{""x"":874,""y"":457,""t"":1989},{""x"":925,""y"":447,""t"":2011},{""x"":951,""y"":447,""t"":2057},{""x"":984,""y"":423,""t"":2076},{""x"":981,""y"":401,""t"":2120},{""x"":1020,""y"":367,""t"":2152},{""x"":1015,""y"":345,""t"":2181},{""x"":1019,""y"":303,""t"":2227},{""x"":995,""y"":287,""t"":2250},{""x"":983,""y"":270,""t"":2291},{""x"":970,""y"":249,""t"":2314},{""x"":969,""y"":227,""t"":2355},{""x"":976,""y"":219,""t"":2394},{""x"":985,""y"":212,""t"":2435},{""x"":991,""y"":207,""t"":2453},{""x"":979,""y"":215,""t"":2499},{""x"":964,""y"":222,""t"":2517},{""x"":955,""y"":207,""t"":2560},{""x"":948,""y"":195,""t"":2588},{""x"":937,""y"":199,""t"":2630},{""x"":941,""y"":200,""t"":2661},{""x"":934,""y"":200,""t"":2707},{""x"":940,""y"":201,""t"":2724},{""x"":895,""y"":213,""t"":2766},{""x"":862,""y"":217,""t"":2789},{""x"":740,""y"":211,""t"":2829},{""x"":607,""y"":195,""t"":2856},{""x"":518,""y"":182,""t"":2897},{""x"":438,""y"":180,""t"":2947},{""x"":375,""y"":177,""t"":2964},{""x"":323,""y"":176,""t"":3006},{""x"":314,""y"":180,""t"":3029},{""x"":314,""y"":251,""t"":3070},{""x"":326,""y"":298,""t"":3098},{""x"":342,""y"":342,""t"":3151},{""x"":362,""y"":375,""t"":3162},{""x"":383,""y"":400,""t"":3222},{""x"":411,""y"":402,""t"":3233},{""x"":420,""y"":405,""t"":3275},{""x"":406,""y"":407,""t"":3319},{""x"":394,""y"":407,""t"":3336},{""x"":367,""y"":392,""t"":3380},{""x"":346,""y"":347,""t"":3414},{""x"":364,""y"":313,""t"":3435},{""x"":368,""y"":273,""t"":3478},{""x"":368,""y"":273,""t"":3524},{""x"":338,""y"":230,""t"":3536},{""x"":332,""y"":223,""t"":3578},{""x"":336,""y"":199,""t"":3612},{""x"":354,""y"":174,""t"":3655},{""x"":352,""y"":162,""t"":3691},{""x"":358,""y"":155,""t"":3708},{""x"":380,""y"":154,""t"":3754},{""x"":383,""y"":151,""t"":3787},{""x"":393,""y"":154,""t"":3821},{""x"":415,""y"":157,""t"":3844},{""x"":401,""y"":160,""t"":3888},{""x"":368,""y"":152,""t"":3917},{""x"":360,""y"":152,""t"":3958},{""x"":357,""y"":151,""t"":3997},{""x"":354,""y"":150,""t"":4013},{""x"":357,""y"":147,""t"":4060},{""x"":357,""y"":152,""t"":4085},{""x"":352,""y"":159,""t"":4130},{""x"":347,""y"":166,""t"":4151},{""x"":367,""y"":170,""t"":4193},{""x"":369,""y"":172,""t"":4233},{""x"":370,""y"":174,""t"":4260},{""x"":467,""y"":175,""t"":4307},{""x"":550,""y"":187,""t"":4318},{""x"":661,""y"":197,""t"":4359},{""x"":742,""y"":212,""t"":4403},{""x"":816,""y"":214,""t"":4421},{""x"":870,""y"":222,""t"":4460},{""x"":906,""y"":220,""t"":4500},{""x"":942,""y"":221,""t"":4527},{""x"":977,""y"":215,""t"":4598},{""x"":1007,""y"":230,""t"":4645},{""x"":1027,""y"":242,""t"":4658},{""x"":1046,""y"":264,""t"":4699},{""x"":1056,""y"":296,""t"":4740},{""x"":1078,""y"":299,""t"":4768},{""x"":1060,""y"":297,""t"":4821},{""x"":1041,""y"":295,""t"":4830},{""x"":1014,""y"":299,""t"":4876},{""x"":994,""y"":291,""t"":4901},{""x"":964,""y"":295,""t"":4944},{""x"":912,""y"":298,""t"":4980},{""x"":868,""y"":301,""t"":5002},{""x"":879,""y"":350,""t"":5063},{""x"":897,""y"":374,""t"":5076},{""x"":909,""y"":400,""t"":5117},{""x"":912,""y"":419,""t"":5140},{""x"":932,""y"":433,""t"":5195},{""x"":949,""y"":444,""t"":5203},{""x"":883,""y"":458,""t"":5246},{""x"":844,""y"":459,""t"":5274},{""x"":817,""y"":444,""t"":5315},{""x"":744,""y"":404,""t"":5352},{""x"":683,""y"":369,""t"":5380},{""x"":606,""y"":336,""t"":5420},{""x"":559,""y"":302,""t"":5459},{""x"":514,""y"":277,""t"":5477},{""x"":495,""y"":253,""t"":5518},{""x"":484,""y"":235,""t"":5544},{""x"":488,""y"":219,""t"":5590},{""x"":495,""y"":208,""t"":5612},{""x"":509,""y"":203,""t"":5653},{""x"":470,""y"":271,""t"":5692},{""x"":446,""y"":330,""t"":5716},{""x"":463,""y"":412,""t"":5758},{""x"":503,""y"":489,""t"":5784}]",0,0.2571423709795183,0.7428576290204817,mcutoff_b-last,0
27-alternatives,0,4,exp_104,1.0,443.0,0.78,0.4,2.1,3.0,higher_p,higher_m,0,1,alternatives,0.0,False,1.638,1.2000000000000002,0.4379999999999999,0.7081329507986126,0.6,0.4,0.5,0.5,0.0,1.0,higher_p,higher_m,False,"{""durations"":[1500,1000,1500,1000],""alternatives"":[0,1,0,1],""attributes"":[""all"",""all"",""all"",""all""]}","[{""x"":580,""y"":651,""t"":0},{""x"":551,""y"":621,""t"":45},{""x"":555,""y"":575,""t"":105},{""x"":559,""y"":533,""t"":144},{""x"":563,""y"":480,""t"":185},{""x"":577,""y"":415,""t"":207},{""x"":568,""y"":406,""t"":250},{""x"":536,""y"":367,""t"":280},{""x"":528,""y"":364,""t"":327},{""x"":518,""y"":355,""t"":344},{""x"":522,""y"":410,""t"":389},{""x"":535,""y"":466,""t"":422},{""x"":506,""y"":501,""t"":455},{""x"":482,""y"":545,""t"":498},{""x"":475,""y"":589,""t"":511},{""x"":456,""y"":575,""t"":561},{""x"":479,""y"":579,""t"":584},{""x"":466,""y"":516,""t"":626},{""x"":428,""y"":449,""t"":666},{""x"":373,""y"":422,""t"":685},{""x"":361,""y"":398,""t"":727},{""x"":358,""y"":369,""t"":777},{""x"":359,""y"":353,""t"":788},{""x"":347,""y"":338,""t"":829},{""x"":356,""y"":302,""t"":870},{""x"":363,""y"":268,""t"":906},{""x"":361,""y"":255,""t"":923},{""x"":362,""y"":230,""t"":964},{""x"":361,""y"":262,""t"":1001},{""x"":369,""y"":269,""t"":1023},{""x"":359,""y"":281,""t"":1068},{""x"":359,""y"":286,""t"":1095},{""x"":374,""y"":311,""t"":1134},{""x"":371,""y"":322,""t"":1159},{""x"":366,""y"":333,""t"":1200},{""x"":403,""y"":347,""t"":1238},{""x"":398,""y"":342,""t"":1264},{""x"":402,""y"":338,""t"":1309},{""x"":395,""y"":312,""t"":1328},{""x"":395,""y"":289,""t"":1389},{""x"":381,""y"":277,""t"":1399},{""x"":380,""y"":245,""t"":1452},{""x"":379,""y"":219,""t"":1463},{""x"":377,""y"":247,""t"":1507},{""x"":378,""y"":240,""t"":1533},{""x"":411,""y"":241,""t"":1580},{""x"":414,""y"":235,""t"":1599},{""x"":398,""y"":225,""t"":1643},{""x"":389,""y"":220,""t"":1687},{""x"":369,""y"":206,""t"":1705},{""x"":421,""y"":222,""t"":1751},{""x"":437,""y"":218,""t"":1773},{""x"":555,""y"":217,""t"":1818},{""x"":644,""y"":216,""t"":1837},{""x"":732,""y"":202,""t"":1883},{""x"":812,""y"":199,""t"":1911},{""x"":886,""y"":199,""t"":1957},{""x"":929,""y"":196,""t"":1975},{""x"":958,""y"":193,""t"":2016},{""x"":973,""y"":201,""t"":2047},{""x"":985,""y"":194,""t"":2092},{""x"":993,""y"":187,""t"":2112},{""x"":1003,""y"":191,""t"":2157},{""x"":1000,""y"":200,""t"":2183},{""x"":1022,""y"":204,""t"":2227},{""x"":1038,""y"":207,""t"":2253},{""x"":1034,""y"":211,""t"":2298},{""x"":1027,""y"":214,""t"":2315},{""x"":1016,""y"":225,""t"":2358},{""x"":998,""y"":253,""t"":2399},{""x"":981,""y"":277,""t"":2415},{""x"":1005,""y"":329,""t"":2458},{""x"":978,""y"":351,""t"":2487},{""x"":966,""y"":385,""t"":2529},{""x"":983,""y"":415,""t"":2568},{""x"":981,""y"":464,""t"":2606},{""x"":984,""y"":441,""t"":2621},{""x"":899,""y"":437,""t"":2663},{""x"":815,""y"":436,""t"":2695},{""x"":707,""y"":437,""t"":2740},{""x"":621,""y"":425,""t"":2759},{""x"":550,""y"":425,""t"":2800},{""x"":495,""y"":369,""t"":2840},{""x"":453,""y"":344,""t"":2864},{""x"":406,""y"":303,""t"":2908},{""x"":376,""y"":321,""t"":2928},{""x"":355,""y"":329,""t"":2972},{""x"":379,""y"":333,""t"":3014},{""x"":369,""y"":350,""t"":3032},{""x"":360,""y"":367,""t"":3074},{""x"":358,""y"":336,""t"":3111},{""x"":387,""y"":321,""t"":3128},{""x"":401,""y"":305,""t"":3172},{""x"":411,""y"":286,""t"":3210},{""x"":402,""y"":255,""t"":3232},{""x"":377,""y"":227,""t"":3276},{""x"":379,""y"":203,""t"":3318},{""x"":382,""y"":185,""t"":3336},{""x"":380,""y"":174,""t"":3384},{""x"":382,""y"":165,""t"":3406},{""x"":419,""y"":175,""t"":3447},{""x"":428,""y"":186,""t"":3485},{""x"":397,""y"":224,""t"":3503},{""x"":416,""y"":235,""t"":3544},{""x"":402,""y"":219,""t"":3576},{""x"":360,""y"":210,""t"":3624},{""x"":324,""y"":202,""t"":3644},{""x"":459,""y"":202,""t"":3687},{""x"":533,""y"":207,""t"":3709},{""x"":599,""y"":228,""t"":3752},{""x"":662,""y"":227,""t"":3775},{""x"":743,""y"":228,""t"":3829},{""x"":808,""y"":228,""t"":3848},{""x"":853,""y"":236,""t"":3889},{""x"":879,""y"":242,""t"":3912},{""x"":911,""y"":249,""t"":3954},{""x"":938,""y"":255,""t"":3983},{""x"":921,""y"":279,""t"":4028},{""x"":932,""y"":269,""t"":4065},{""x"":946,""y"":259,""t"":4087},{""x"":949,""y"":258,""t"":4134},{""x"":957,""y"":260,""t"":4152},{""x"":937,""y"":265,""t"":4193},{""x"":935,""y"":262,""t"":4233},{""x"":904,""y"":268,""t"":4253},{""x"":915,""y"":282,""t"":4296},{""x"":901,""y"":285,""t"":4336},{""x"":909,""y"":280,""t"":4360},{""x"":904,""y"":284,""t"":4407},{""x"":878,""y"":295,""t"":4428},{""x"":905,""y"":301,""t"":4474},{""x"":923,""y"":302,""t"":4493},{""x"":933,""y"":297,""t"":4532},{""x"":934,""y"":289,""t"":4573},{""x"":939,""y"":273,""t"":4591},{""x"":953,""y"":268,""t"":4633},{""x"":942,""y"":252,""t"":4665},{""x"":942,""y"":252,""t"":4700},{""x"":928,""y"":235,""t"":4744},{""x"":921,""y"":235,""t"":4768},{""x"":927,""y"":218,""t"":4810},{""x"":940,""y"":207,""t"":4836},{""x"":961,""y"":205,""t"":4879},{""x"":984,""y"":202,""t"":4904},{""x"":973,""y"":196,""t"":4958},{""x"":966,""y"":195,""t"":4968},{""x"":958,""y"":188,""t"":5010},{""x"":955,""y"":188,""t"":5033},{""x"":944,""y"":192,""t"":5079},{""x"":952,""y"":220,""t"":5103},{""x"":938,""y"":209,""t"":5144},{""x"":951,""y"":205,""t"":5176},{""x"":932,""y"":209,""t"":5224},{""x"":925,""y"":213,""t"":5239},{""x"":888,""y"":226,""t"":5284},{""x"":857,""y"":229,""t"":5309},{""x"":805,""y"":238,""t"":5353},{""x"":762,""y"":246,""t"":5373},{""x"":700,""y"":248,""t"":5415},{""x"":666,""y"":255,""t"":5453},{""x"":653,""y"":257,""t"":5494},{""x"":635,""y"":246,""t"":5513},{""x"":609,""y"":244,""t"":5554},{""x"":590,""y"":242,""t"":5578},{""x"":570,""y"":235,""t"":5617},{""x"":565,""y"":230,""t"":5656},{""x"":559,""y"":251,""t"":5702},{""x"":578,""y"":257,""t"":5714},{""x"":586,""y"":259,""t"":5755},{""x"":617,""y"":261,""t"":5783},{""x"":635,""y"":266,""t"":5825},{""x"":644,""y"":272,""t"":5852},{""x"":670,""y"":271,""t"":5891},{""x"":673,""y"":262,""t"":5920},{""x"":676,""y"":264,""t"":5963}]",1,0.7428576290204817,0.2571423709795183,mcutoff_b-last,0
27-alternatives,0,5,catch_0,1.0,2900.5999999940395,0.19,0.72,2.0,3.0,dominated,dominant,1,1,alternatives,0.0,False,0.38,2.16,-1.7800000000000002,-1.5747724051190084,0.5,0.5,0.5,0.5,,1.0,,dominant,True,"{""durations"":[1250,1250,1250,1250],""attributes"":[""all"",""all"",""all"",""all""],""alternatives"":[0,1,0,1]}","[{""x"":626,""y"":246,""t"":-17},{""x"":611,""y"":237,""t"":0},{""x"":590,""y"":237,""t"":45},{""x"":566,""y"":237,""t"":76},{""x"":562,""y"":241,""t"":122},{""x"":551,""y"":237,""t"":141},{""x"":579,""y"":236,""t"":184},{""x"":588,""y"":237,""t"":206},{""x"":562,""y"":240,""t"":247},{""x"":509,""y"":232,""t"":277},{""x"":475,""y"":232,""t"":319},{""x"":447,""y"":233,""t"":341},{""x"":415,""y"":324,""t"":383},{""x"":431,""y"":431,""t"":429},{""x"":449,""y"":523,""t"":446},{""x"":485,""y"":594,""t"":489},{""x"":493,""y"":634,""t"":517},{""x"":521,""y"":668,""t"":560},{""x"":563,""y"":697,""t"":588},{""x"":587,""y"":720,""t"":630},{""x"":614,""y"":741,""t"":654},{""x"":588,""y"":728,""t"":698},{""x"":579,""y"":717,""t"":718},{""x"":554,""y"":625,""t"":764},{""x"":500,""y"":540,""t"":787},{""x"":472,""y"":484,""t"":832},{""x"":443,""y"":408,""t"":851},{""x"":421,""y"":337,""t"":905},{""x"":400,""y"":309,""t"":926},{""x"":398,""y"":293,""t"":969},{""x"":398,""y"":282,""t"":986},{""x"":369,""y"":276,""t"":1029},{""x"":364,""y"":237,""t"":1076},{""x"":372,""y"":256,""t"":1091},{""x"":379,""y"":224,""t"":1132},{""x"":374,""y"":240,""t"":1157},{""x"":366,""y"":225,""t"":1200},{""x"":360,""y"":215,""t"":1229},{""x"":345,""y"":197,""t"":1284},{""x"":349,""y"":198,""t"":1297},{""x"":344,""y"":260,""t"":1337},{""x"":366,""y"":272,""t"":1365},{""x"":429,""y"":342,""t"":1409},{""x"":450,""y"":336,""t"":1429},{""x"":448,""y"":351,""t"":1471},{""x"":447,""y"":355,""t"":1502},{""x"":526,""y"":347,""t"":1546},{""x"":584,""y"":343,""t"":1566},{""x"":653,""y"":322,""t"":1607},{""x"":726,""y"":366,""t"":1637},{""x"":801,""y"":379,""t"":1679},{""x"":839,""y"":374,""t"":1702},{""x"":895,""y"":347,""t"":1763},{""x"":975,""y"":362,""t"":1783},{""x"":1025,""y"":334,""t"":1824},{""x"":1058,""y"":318,""t"":1841},{""x"":1072,""y"":276,""t"":1884},{""x"":1067,""y"":256,""t"":1907},{""x"":1080,""y"":232,""t"":1952},{""x"":1085,""y"":212,""t"":1981},{""x"":1066,""y"":198,""t"":2043},{""x"":1064,""y"":187,""t"":2083},{""x"":1062,""y"":179,""t"":2134},{""x"":1056,""y"":176,""t"":2144},{""x"":1060,""y"":178,""t"":2186},{""x"":1037,""y"":197,""t"":2230},{""x"":1005,""y"":211,""t"":2253},{""x"":990,""y"":229,""t"":2295},{""x"":998,""y"":250,""t"":2322},{""x"":987,""y"":287,""t"":2364},{""x"":995,""y"":323,""t"":2382},{""x"":975,""y"":336,""t"":2423},{""x"":960,""y"":340,""t"":2460},{""x"":934,""y"":344,""t"":2501},{""x"":909,""y"":336,""t"":2521},{""x"":809,""y"":351,""t"":2564},{""x"":725,""y"":362,""t"":2589},{""x"":620,""y"":339,""t"":2636},{""x"":535,""y"":319,""t"":2653},{""x"":470,""y"":291,""t"":2695},{""x"":439,""y"":280,""t"":2739},{""x"":404,""y"":279,""t"":2755},{""x"":361,""y"":248,""t"":2797},{""x"":327,""y"":235,""t"":2835},{""x"":325,""y"":232,""t"":2877},{""x"":329,""y"":232,""t"":2893},{""x"":327,""y"":203,""t"":2937},{""x"":334,""y"":201,""t"":2963},{""x"":345,""y"":200,""t"":3023},{""x"":364,""y"":202,""t"":3035},{""x"":347,""y"":214,""t"":3077},{""x"":345,""y"":240,""t"":3101},{""x"":340,""y"":275,""t"":3141},{""x"":344,""y"":322,""t"":3182},{""x"":373,""y"":350,""t"":3198},{""x"":372,""y"":367,""t"":3240},{""x"":351,""y"":388,""t"":3275},{""x"":448,""y"":455,""t"":3317},{""x"":498,""y"":508,""t"":3334},{""x"":626,""y"":520,""t"":3380},{""x"":676,""y"":507,""t"":3416},{""x"":715,""y"":493,""t"":3438},{""x"":760,""y"":505,""t"":3480},{""x"":773,""y"":467,""t"":3510},{""x"":812,""y"":449,""t"":3550},{""x"":859,""y"":463,""t"":3589},{""x"":860,""y"":459,""t"":3606},{""x"":900,""y"":459,""t"":3649},{""x"":931,""y"":459,""t"":3678},{""x"":927,""y"":461,""t"":3729},{""x"":923,""y"":453,""t"":3744},{""x"":898,""y"":449,""t"":3790},{""x"":879,""y"":427,""t"":3829},{""x"":874,""y"":398,""t"":3843},{""x"":855,""y"":387,""t"":3898},{""x"":840,""y"":375,""t"":3917},{""x"":855,""y"":360,""t"":3958},{""x"":880,""y"":401,""t"":3981},{""x"":892,""y"":375,""t"":4023},{""x"":919,""y"":380,""t"":4053},{""x"":920,""y"":358,""t"":4103},{""x"":929,""y"":339,""t"":4117},{""x"":919,""y"":315,""t"":4160},{""x"":909,""y"":295,""t"":4190},{""x"":933,""y"":283,""t"":4232},{""x"":940,""y"":273,""t"":4254},{""x"":965,""y"":300,""t"":4297},{""x"":966,""y"":298,""t"":4326},{""x"":955,""y"":285,""t"":4365},{""x"":941,""y"":269,""t"":4390},{""x"":940,""y"":251,""t"":4430},{""x"":938,""y"":238,""t"":4464},{""x"":948,""y"":230,""t"":4511},{""x"":935,""y"":216,""t"":4526},{""x"":954,""y"":208,""t"":4569},{""x"":969,""y"":203,""t"":4595},{""x"":959,""y"":213,""t"":4638},{""x"":971,""y"":226,""t"":4659},{""x"":936,""y"":247,""t"":4704},{""x"":926,""y"":252,""t"":4748},{""x"":915,""y"":255,""t"":4761},{""x"":915,""y"":271,""t"":4801},{""x"":927,""y"":266,""t"":4847},{""x"":946,""y"":274,""t"":4867},{""x"":964,""y"":263,""t"":4911},{""x"":967,""y"":261,""t"":4946},{""x"":950,""y"":255,""t"":4965},{""x"":934,""y"":251,""t"":5005},{""x"":957,""y"":239,""t"":5042},{""x"":956,""y"":242,""t"":5081},{""x"":975,""y"":233,""t"":5105},{""x"":953,""y"":230,""t"":5148},{""x"":946,""y"":230,""t"":5179},{""x"":945,""y"":230,""t"":5224},{""x"":945,""y"":230,""t"":5237},{""x"":957,""y"":222,""t"":5279},{""x"":900,""y"":233,""t"":5326},{""x"":872,""y"":243,""t"":5342},{""x"":813,""y"":247,""t"":5383},{""x"":744,""y"":250,""t"":5422},{""x"":692,""y"":244,""t"":5445},{""x"":667,""y"":247,""t"":5484},{""x"":649,""y"":249,""t"":5509},{""x"":645,""y"":261,""t"":5551},{""x"":639,""y"":255,""t"":5589},{""x"":636,""y"":248,""t"":5613},{""x"":608,""y"":242,""t"":5656},{""x"":574,""y"":237,""t"":5683},{""x"":556,""y"":236,""t"":5727},{""x"":543,""y"":235,""t"":5747},{""x"":538,""y"":229,""t"":5791},{""x"":528,""y"":230,""t"":5826},{""x"":539,""y"":223,""t"":5862},{""x"":543,""y"":230,""t"":5902},{""x"":558,""y"":230,""t"":5917},{""x"":590,""y"":225,""t"":5960},{""x"":625,""y"":232,""t"":5989},{""x"":616,""y"":230,""t"":6030},{""x"":614,""y"":230,""t"":6068},{""x"":620,""y"":229,""t"":6093},{""x"":630,""y"":228,""t"":6138},{""x"":622,""y"":229,""t"":6174},{""x"":615,""y"":227,""t"":6189},{""x"":617,""y"":222,""t"":6240},{""x"":596,""y"":216,""t"":6272},{""x"":579,""y"":212,""t"":6293},{""x"":561,""y"":210,""t"":6333},{""x"":546,""y"":208,""t"":6363},{""x"":516,""y"":227,""t"":6404},{""x"":492,""y"":243,""t"":6436},{""x"":483,""y"":246,""t"":6477},{""x"":477,""y"":248,""t"":6499},{""x"":476,""y"":250,""t"":6544},{""x"":473,""y"":245,""t"":6563},{""x"":457,""y"":228,""t"":6611},{""x"":465,""y"":238,""t"":6634},{""x"":467,""y"":238,""t"":6682},{""x"":460,""y"":234,""t"":6703},{""x"":467,""y"":230,""t"":6742},{""x"":501,""y"":232,""t"":6771},{""x"":522,""y"":242,""t"":6826},{""x"":543,""y"":243,""t"":6837},{""x"":554,""y"":245,""t"":6880},{""x"":559,""y"":238,""t"":6909},{""x"":571,""y"":233,""t"":6950},{""x"":580,""y"":228,""t"":6975},{""x"":570,""y"":225,""t"":7016},{""x"":561,""y"":222,""t"":7043},{""x"":557,""y"":227,""t"":7083},{""x"":560,""y"":229,""t"":7118},{""x"":546,""y"":227,""t"":7142},{""x"":598,""y"":232,""t"":7186},{""x"":615,""y"":228,""t"":7214},{""x"":640,""y"":234,""t"":7259},{""x"":637,""y"":231,""t"":7296},{""x"":633,""y"":229,""t"":7313},{""x"":627,""y"":226,""t"":7352},{""x"":616,""y"":224,""t"":7390},{""x"":655,""y"":231,""t"":7428},{""x"":671,""y"":245,""t"":7467},{""x"":683,""y"":257,""t"":7485},{""x"":677,""y"":256,""t"":7529},{""x"":716,""y"":255,""t"":7587},{""x"":708,""y"":254,""t"":7631},{""x"":706,""y"":261,""t"":7651},{""x"":696,""y"":265,""t"":7694},{""x"":693,""y"":265,""t"":7725},{""x"":677,""y"":263,""t"":7766},{""x"":654,""y"":262,""t"":7789},{""x"":638,""y"":258,""t"":7832},{""x"":627,""y"":254,""t"":7869},{""x"":672,""y"":259,""t"":7910},{""x"":679,""y"":262,""t"":7926},{""x"":706,""y"":264,""t"":7969},{""x"":744,""y"":263,""t"":8005},{""x"":742,""y"":264,""t"":8029},{""x"":769,""y"":265,""t"":8069},{""x"":774,""y"":268,""t"":8093},{""x"":782,""y"":266,""t"":8136},{""x"":788,""y"":264,""t"":8166},{""x"":793,""y"":260,""t"":8222},{""x"":796,""y"":256,""t"":8232},{""x"":792,""y"":263,""t"":8279},{""x"":796,""y"":262,""t"":8300},{""x"":792,""y"":265,""t"":8344},{""x"":777,""y"":273,""t"":8383},{""x"":764,""y"":280,""t"":8403}]",1,0.2571423709795183,0.7428576290204817,mcutoff_b-last,0
27-alternatives,0,6,exp_22,1.0,907.0,0.28,0.17,4.3,8.3,higher_p,higher_m,0,1,alternatives,0.0,False,1.204,1.4110000000000005,-0.2070000000000003,0.0442583094249128,0.4,0.6,0.5,0.5,1.0,1.0,higher_m,higher_m,False,"{""durations"":[1000,1500,1000,1500],""alternatives"":[0,1,0,1],""attributes"":[""all"",""all"",""all"",""all""]}","[{""x"":527,""y"":220,""t"":-16},{""x"":507,""y"":217,""t"":0},{""x"":506,""y"":218,""t"":45},{""x"":506,""y"":218,""t"":71},{""x"":533,""y"":224,""t"":119},{""x"":549,""y"":243,""t"":140},{""x"":564,""y"":258,""t"":182},{""x"":536,""y"":242,""t"":214},{""x"":510,""y"":229,""t"":244},{""x"":464,""y"":258,""t"":295},{""x"":445,""y"":256,""t"":311},{""x"":435,""y"":337,""t"":351},{""x"":408,""y"":363,""t"":375},{""x"":395,""y"":428,""t"":435},{""x"":392,""y"":486,""t"":445},{""x"":394,""y"":542,""t"":490},{""x"":411,""y"":585,""t"":511},{""x"":440,""y"":628,""t"":555},{""x"":467,""y"":660,""t"":583},{""x"":490,""y"":687,""t"":633},{""x"":509,""y"":706,""t"":647},{""x"":521,""y"":622,""t"":691},{""x"":522,""y"":569,""t"":717},{""x"":512,""y"":519,""t"":762},{""x"":521,""y"":506,""t"":791},{""x"":500,""y"":436,""t"":851},{""x"":475,""y"":433,""t"":894},{""x"":448,""y"":389,""t"":935},{""x"":426,""y"":345,""t"":956},{""x"":395,""y"":329,""t"":1001},{""x"":388,""y"":299,""t"":1021},{""x"":370,""y"":286,""t"":1075},{""x"":371,""y"":249,""t"":1096},{""x"":381,""y"":206,""t"":1138},{""x"":371,""y"":244,""t"":1163},{""x"":365,""y"":277,""t"":1208},{""x"":397,""y"":257,""t"":1233},{""x"":520,""y"":247,""t"":1273},{""x"":592,""y"":243,""t"":1295},{""x"":688,""y"":240,""t"":1345},{""x"":768,""y"":228,""t"":1367},{""x"":796,""y"":225,""t"":1409},{""x"":805,""y"":221,""t"":1431},{""x"":866,""y"":221,""t"":1493},{""x"":915,""y"":217,""t"":1504},{""x"":959,""y"":227,""t"":1548},{""x"":988,""y"":239,""t"":1565},{""x"":1036,""y"":260,""t"":1607},{""x"":1052,""y"":266,""t"":1639},{""x"":1073,""y"":248,""t"":1681},{""x"":1079,""y"":233,""t"":1702},{""x"":1074,""y"":218,""t"":1749},{""x"":1058,""y"":205,""t"":1773},{""x"":1065,""y"":209,""t"":1817},{""x"":1069,""y"":213,""t"":1837},{""x"":1043,""y"":203,""t"":1880},{""x"":1027,""y"":192,""t"":1910},{""x"":1001,""y"":197,""t"":1958},{""x"":977,""y"":200,""t"":1977},{""x"":949,""y"":190,""t"":2024},{""x"":932,""y"":186,""t"":2047},{""x"":915,""y"":195,""t"":2091},{""x"":924,""y"":185,""t"":2128},{""x"":932,""y"":177,""t"":2144},{""x"":953,""y"":190,""t"":2187},{""x"":926,""y"":232,""t"":2223},{""x"":902,""y"":268,""t"":2257},{""x"":893,""y"":291,""t"":2289},{""x"":874,""y"":317,""t"":2327},{""x"":852,""y"":342,""t"":2356},{""x"":857,""y"":351,""t"":2400},{""x"":860,""y"":369,""t"":2415},{""x"":846,""y"":361,""t"":2456},{""x"":825,""y"":357,""t"":2490},{""x"":838,""y"":338,""t"":2538},{""x"":873,""y"":338,""t"":2557},{""x"":881,""y"":334,""t"":2602},{""x"":919,""y"":332,""t"":2621},{""x"":936,""y"":333,""t"":2677},{""x"":967,""y"":331,""t"":2689},{""x"":978,""y"":334,""t"":2733},{""x"":881,""y"":339,""t"":2774},{""x"":768,""y"":332,""t"":2791},{""x"":684,""y"":323,""t"":2832},{""x"":614,""y"":315,""t"":2863},{""x"":524,""y"":280,""t"":2907},{""x"":466,""y"":276,""t"":2924},{""x"":435,""y"":272,""t"":2968},{""x"":386,""y"":236,""t"":3013},{""x"":350,""y"":206,""t"":3031},{""x"":329,""y"":194,""t"":3072},{""x"":310,""y"":170,""t"":3113},{""x"":309,""y"":170,""t"":3135},{""x"":308,""y"":170,""t"":3181},{""x"":302,""y"":179,""t"":3200},{""x"":308,""y"":214,""t"":3244},{""x"":313,""y"":213,""t"":3279},{""x"":329,""y"":202,""t"":3303},{""x"":337,""y"":199,""t"":3345},{""x"":345,""y"":197,""t"":3367},{""x"":356,""y"":206,""t"":3409},{""x"":346,""y"":191,""t"":3449},{""x"":338,""y"":178,""t"":3469},{""x"":344,""y"":183,""t"":3512},{""x"":367,""y"":195,""t"":3543},{""x"":362,""y"":199,""t"":3594},{""x"":347,""y"":190,""t"":3606},{""x"":356,""y"":193,""t"":3649},{""x"":354,""y"":190,""t"":3677},{""x"":351,""y"":186,""t"":3724},{""x"":362,""y"":190,""t"":3741},{""x"":431,""y"":201,""t"":3786},{""x"":490,""y"":210,""t"":3815},{""x"":597,""y"":229,""t"":3860},{""x"":688,""y"":233,""t"":3893},{""x"":778,""y"":253,""t"":3911},{""x"":842,""y"":250,""t"":3955},{""x"":891,""y"":247,""t"":3983},{""x"":940,""y"":247,""t"":4026},{""x"":977,""y"":242,""t"":4062},{""x"":1015,""y"":248,""t"":4084},{""x"":1036,""y"":262,""t"":4130},{""x"":1055,""y"":268,""t"":4152},{""x"":1044,""y"":269,""t"":4194},{""x"":1063,""y"":267,""t"":4220},{""x"":1043,""y"":257,""t"":4264},{""x"":1051,""y"":266,""t"":4299},{""x"":1060,""y"":278,""t"":4326},{""x"":1067,""y"":269,""t"":4369},{""x"":1050,""y"":250,""t"":4404},{""x"":1050,""y"":237,""t"":4427},{""x"":1038,""y"":232,""t"":4473},{""x"":1016,""y"":242,""t"":4493},{""x"":990,""y"":220,""t"":4537},{""x"":966,""y"":202,""t"":4557},{""x"":961,""y"":189,""t"":4604},{""x"":957,""y"":178,""t"":4629},{""x"":967,""y"":166,""t"":4672},{""x"":966,""y"":164,""t"":4710},{""x"":974,""y"":164,""t"":4729},{""x"":974,""y"":165,""t"":4772},{""x"":969,""y"":166,""t"":4799},{""x"":975,""y"":170,""t"":4840},{""x"":972,""y"":171,""t"":4864},{""x"":951,""y"":168,""t"":4916},{""x"":941,""y"":158,""t"":4952},{""x"":930,""y"":153,""t"":4967},{""x"":916,""y"":162,""t"":5007},{""x"":905,""y"":169,""t"":5037},{""x"":911,""y"":169,""t"":5089},{""x"":917,""y"":169,""t"":5100},{""x"":923,""y"":168,""t"":5145},{""x"":926,""y"":166,""t"":5175},{""x"":920,""y"":167,""t"":5224},{""x"":914,""y"":167,""t"":5239},{""x"":909,""y"":170,""t"":5294},{""x"":905,""y"":173,""t"":5306},{""x"":905,""y"":174,""t"":5348},{""x"":862,""y"":198,""t"":5385},{""x"":827,""y"":211,""t"":5415},{""x"":785,""y"":218,""t"":5456},{""x"":764,""y"":225,""t"":5496},{""x"":735,""y"":233,""t"":5511},{""x"":708,""y"":236,""t"":5556},{""x"":686,""y"":238,""t"":5581},{""x"":670,""y"":243,""t"":5629},{""x"":650,""y"":245,""t"":5647},{""x"":649,""y"":243,""t"":5689},{""x"":653,""y"":243,""t"":5719},{""x"":669,""y"":236,""t"":5758},{""x"":700,""y"":234,""t"":5798},{""x"":727,""y"":227,""t"":5814},{""x"":778,""y"":223,""t"":5865},{""x"":821,""y"":219,""t"":5889},{""x"":861,""y"":219,""t"":5931},{""x"":878,""y"":232,""t"":5967},{""x"":896,""y"":241,""t"":5992},{""x"":888,""y"":243,""t"":6039},{""x"":888,""y"":244,""t"":6055},{""x"":870,""y"":248,""t"":6112},{""x"":831,""y"":270,""t"":6122},{""x"":805,""y"":275,""t"":6163},{""x"":767,""y"":275,""t"":6208},{""x"":761,""y"":259,""t"":6225},{""x"":762,""y"":252,""t"":6266},{""x"":774,""y"":250,""t"":6294},{""x"":761,""y"":253,""t"":6345},{""x"":750,""y"":256,""t"":6360},{""x"":678,""y"":345,""t"":6402},{""x"":620,""y"":414,""t"":6427},{""x"":587,""y"":492,""t"":6468}]",1,0.2571423709795183,0.7428576290204817,mcutoff_b-last,0
27-alternatives,0,7,exp_30,0.0,324.90000000596046,0.3,0.17,2.0,3.0,higher_p,higher_m,0,1,alternatives,0.0,False,0.6,0.51,0.0899999999999999,0.3499494233597794,0.4,0.6,0.5,0.5,1.0,1.0,higher_m,higher_m,True,"{""durations"":[1000,1500,1000,1500],""alternatives"":[0,1,0,1],""attributes"":[""all"",""all"",""all"",""all""]}","[{""x"":491,""y"":204,""t"":-16},{""x"":500,""y"":199,""t"":0},{""x"":496,""y"":205,""t"":59},{""x"":463,""y"":195,""t"":70},{""x"":465,""y"":197,""t"":119},{""x"":453,""y"":191,""t"":143},{""x"":456,""y"":197,""t"":186},{""x"":453,""y"":238,""t"":219},{""x"":448,""y"":254,""t"":255},{""x"":467,""y"":289,""t"":279},{""x"":481,""y"":323,""t"":323},{""x"":509,""y"":320,""t"":359},{""x"":588,""y"":308,""t"":393},{""x"":617,""y"":338,""t"":410},{""x"":660,""y"":328,""t"":455},{""x"":719,""y"":317,""t"":497},{""x"":745,""y"":314,""t"":532},{""x"":803,""y"":325,""t"":549},{""x"":818,""y"":320,""t"":591},{""x"":825,""y"":322,""t"":615},{""x"":837,""y"":310,""t"":661},{""x"":851,""y"":299,""t"":685},{""x"":892,""y"":323,""t"":731},{""x"":905,""y"":318,""t"":749},{""x"":926,""y"":330,""t"":799},{""x"":927,""y"":344,""t"":824},{""x"":894,""y"":338,""t"":864},{""x"":900,""y"":318,""t"":888},{""x"":924,""y"":303,""t"":929},{""x"":934,""y"":293,""t"":959},{""x"":969,""y"":277,""t"":1004},{""x"":967,""y"":272,""t"":1021},{""x"":971,""y"":259,""t"":1063},{""x"":966,""y"":243,""t"":1095},{""x"":947,""y"":235,""t"":1136},{""x"":929,""y"":228,""t"":1159},{""x"":918,""y"":230,""t"":1201},{""x"":939,""y"":224,""t"":1231},{""x"":848,""y"":244,""t"":1275},{""x"":809,""y"":250,""t"":1302},{""x"":723,""y"":257,""t"":1345},{""x"":685,""y"":261,""t"":1363},{""x"":619,""y"":249,""t"":1415},{""x"":566,""y"":238,""t"":1431},{""x"":501,""y"":238,""t"":1476},{""x"":420,""y"":228,""t"":1501},{""x"":370,""y"":243,""t"":1545},{""x"":344,""y"":286,""t"":1565},{""x"":337,""y"":294,""t"":1614},{""x"":336,""y"":301,""t"":1639},{""x"":327,""y"":309,""t"":1683},{""x"":344,""y"":329,""t"":1726},{""x"":362,""y"":346,""t"":1736},{""x"":388,""y"":375,""t"":1777},{""x"":387,""y"":413,""t"":1805},{""x"":393,""y"":422,""t"":1848},{""x"":388,""y"":394,""t"":1870},{""x"":404,""y"":395,""t"":1912},{""x"":408,""y"":396,""t"":1957},{""x"":410,""y"":360,""t"":1976},{""x"":404,""y"":332,""t"":2016},{""x"":400,""y"":312,""t"":2047},{""x"":418,""y"":289,""t"":2108},{""x"":415,""y"":274,""t"":2151},{""x"":426,""y"":265,""t"":2185},{""x"":437,""y"":250,""t"":2233},{""x"":435,""y"":236,""t"":2248},{""x"":429,""y"":226,""t"":2289},{""x"":433,""y"":235,""t"":2328},{""x"":433,""y"":246,""t"":2352},{""x"":435,""y"":241,""t"":2392},{""x"":442,""y"":238,""t"":2420},{""x"":447,""y"":238,""t"":2463},{""x"":450,""y"":238,""t"":2485},{""x"":476,""y"":241,""t"":2532},{""x"":480,""y"":268,""t"":2568},{""x"":494,""y"":286,""t"":2601},{""x"":503,""y"":290,""t"":2621},{""x"":493,""y"":292,""t"":2667},{""x"":484,""y"":293,""t"":2686},{""x"":477,""y"":302,""t"":2728},{""x"":560,""y"":300,""t"":2776},{""x"":636,""y"":291,""t"":2791},{""x"":678,""y"":309,""t"":2835},{""x"":754,""y"":323,""t"":2864},{""x"":818,""y"":320,""t"":2905},{""x"":865,""y"":329,""t"":2925},{""x"":883,""y"":396,""t"":2970},{""x"":926,""y"":418,""t"":2999},{""x"":960,""y"":463,""t"":3042},{""x"":985,""y"":500,""t"":3064},{""x"":975,""y"":518,""t"":3104},{""x"":976,""y"":530,""t"":3144},{""x"":963,""y"":521,""t"":3185},{""x"":949,""y"":512,""t"":3199},{""x"":941,""y"":477,""t"":3242},{""x"":918,""y"":448,""t"":3271},{""x"":904,""y"":440,""t"":3316},{""x"":895,""y"":407,""t"":3352},{""x"":888,""y"":379,""t"":3370},{""x"":872,""y"":372,""t"":3410},{""x"":868,""y"":367,""t"":3437},{""x"":877,""y"":348,""t"":3482},{""x"":885,""y"":333,""t"":3502},{""x"":898,""y"":316,""t"":3548},{""x"":904,""y"":296,""t"":3575},{""x"":917,""y"":280,""t"":3620},{""x"":928,""y"":269,""t"":3639},{""x"":804,""y"":274,""t"":3686},{""x"":709,""y"":272,""t"":3709},{""x"":625,""y"":274,""t"":3753},{""x"":557,""y"":258,""t"":3783},{""x"":487,""y"":273,""t"":3822},{""x"":437,""y"":279,""t"":3847},{""x"":401,""y"":269,""t"":3887},{""x"":360,""y"":238,""t"":3911},{""x"":374,""y"":262,""t"":3952},{""x"":391,""y"":284,""t"":3983},{""x"":401,""y"":301,""t"":4025},{""x"":386,""y"":295,""t"":4065},{""x"":382,""y"":290,""t"":4084},{""x"":367,""y"":311,""t"":4125},{""x"":358,""y"":316,""t"":4170},{""x"":352,""y"":322,""t"":4183},{""x"":377,""y"":327,""t"":4223},{""x"":398,""y"":316,""t"":4261},{""x"":386,""y"":328,""t"":4288},{""x"":399,""y"":323,""t"":4332},{""x"":404,""y"":334,""t"":4352},{""x"":407,""y"":342,""t"":4392},{""x"":458,""y"":373,""t"":4441},{""x"":502,""y"":399,""t"":4454},{""x"":604,""y"":396,""t"":4499},{""x"":705,""y"":392,""t"":4525},{""x"":779,""y"":385,""t"":4573},{""x"":840,""y"":377,""t"":4590},{""x"":864,""y"":383,""t"":4632},{""x"":874,""y"":403,""t"":4669},{""x"":879,""y"":400,""t"":4712},{""x"":905,""y"":392,""t"":4729},{""x"":956,""y"":407,""t"":4774},{""x"":997,""y"":419,""t"":4800},{""x"":978,""y"":421,""t"":4845},{""x"":958,""y"":421,""t"":4871},{""x"":937,""y"":421,""t"":4912},{""x"":932,""y"":396,""t"":4935},{""x"":916,""y"":386,""t"":4979},{""x"":894,""y"":392,""t"":5000},{""x"":880,""y"":395,""t"":5041},{""x"":864,""y"":399,""t"":5078},{""x"":854,""y"":394,""t"":5121},{""x"":847,""y"":390,""t"":5135},{""x"":858,""y"":424,""t"":5178},{""x"":854,""y"":432,""t"":5207},{""x"":841,""y"":408,""t"":5251},{""x"":865,""y"":414,""t"":5274},{""x"":877,""y"":445,""t"":5316},{""x"":866,""y"":411,""t"":5341},{""x"":862,""y"":396,""t"":5392},{""x"":869,""y"":382,""t"":5416},{""x"":881,""y"":402,""t"":5457},{""x"":912,""y"":410,""t"":5480},{""x"":927,""y"":383,""t"":5522},{""x"":933,""y"":422,""t"":5548},{""x"":903,""y"":418,""t"":5595},{""x"":876,""y"":415,""t"":5615},{""x"":867,""y"":449,""t"":5659},{""x"":883,""y"":482,""t"":5679},{""x"":790,""y"":510,""t"":5721},{""x"":705,""y"":546,""t"":5757},{""x"":662,""y"":577,""t"":5783},{""x"":637,""y"":620,""t"":5826},{""x"":616,""y"":655,""t"":5851}]",0,0.7428576290204817,0.2571423709795183,mcutoff_b-last,0
27-alternatives,0,10,exp_26,0.0,368.40000000596046,0.3,0.17,2.0,3.0,higher_p,higher_m,0,1,alternatives,0.0,False,0.6,0.51,0.0899999999999999,0.3499494233597794,0.6,0.4,0.5,0.5,0.0,0.0,higher_p,higher_p,True,"{""durations"":[1000,1500,1000,1500],""alternatives"":[1,0,1,0],""attributes"":[""all"",""all"",""all"",""all""]}","[{""x"":627,""y"":247,""t"":0},{""x"":616,""y"":231,""t"":51},{""x"":603,""y"":219,""t"":72},{""x"":608,""y"":217,""t"":115},{""x"":613,""y"":216,""t"":144},{""x"":664,""y"":233,""t"":185},{""x"":716,""y"":245,""t"":209},{""x"":658,""y"":243,""t"":253},{""x"":621,""y"":240,""t"":279},{""x"":554,""y"":232,""t"":323},{""x"":498,""y"":226,""t"":343},{""x"":467,""y"":227,""t"":387},{""x"":443,""y"":233,""t"":412},{""x"":427,""y"":257,""t"":458},{""x"":416,""y"":278,""t"":476},{""x"":389,""y"":309,""t"":518},{""x"":353,""y"":320,""t"":555},{""x"":334,""y"":346,""t"":582},{""x"":339,""y"":310,""t"":640},{""x"":346,""y"":278,""t"":649},{""x"":355,""y"":285,""t"":704},{""x"":376,""y"":298,""t"":715},{""x"":399,""y"":288,""t"":758},{""x"":370,""y"":319,""t"":790},{""x"":356,""y"":335,""t"":832},{""x"":330,""y"":349,""t"":861},{""x"":336,""y"":360,""t"":902},{""x"":369,""y"":346,""t"":922},{""x"":380,""y"":352,""t"":964},{""x"":402,""y"":354,""t"":992},{""x"":469,""y"":350,""t"":1039},{""x"":510,""y"":338,""t"":1055},{""x"":577,""y"":338,""t"":1111},{""x"":618,""y"":335,""t"":1123},{""x"":677,""y"":325,""t"":1163},{""x"":741,""y"":304,""t"":1210},{""x"":792,""y"":286,""t"":1227},{""x"":817,""y"":282,""t"":1273},{""x"":851,""y"":268,""t"":1292},{""x"":882,""y"":280,""t"":1335},{""x"":911,""y"":268,""t"":1366},{""x"":934,""y"":251,""t"":1410},{""x"":954,""y"":246,""t"":1436},{""x"":950,""y"":242,""t"":1479},{""x"":952,""y"":244,""t"":1500},{""x"":946,""y"":237,""t"":1542},{""x"":972,""y"":226,""t"":1564},{""x"":995,""y"":228,""t"":1630},{""x"":1003,""y"":234,""t"":1648},{""x"":1003,""y"":229,""t"":1707},{""x"":1014,""y"":227,""t"":1734},{""x"":1004,""y"":215,""t"":1780},{""x"":1009,""y"":215,""t"":1814},{""x"":1004,""y"":218,""t"":1860},{""x"":991,""y"":228,""t"":1871},{""x"":979,""y"":227,""t"":1915},{""x"":960,""y"":220,""t"":1950},{""x"":953,""y"":211,""t"":1975},{""x"":941,""y"":214,""t"":2036},{""x"":931,""y"":218,""t"":2046},{""x"":931,""y"":220,""t"":2086},{""x"":915,""y"":224,""t"":2126},{""x"":886,""y"":225,""t"":2158},{""x"":861,""y"":225,""t"":2181},{""x"":737,""y"":228,""t"":2225},{""x"":644,""y"":231,""t"":2247},{""x"":535,""y"":236,""t"":2301},{""x"":447,""y"":239,""t"":2317},{""x"":404,""y"":240,""t"":2362},{""x"":343,""y"":242,""t"":2381},{""x"":304,""y"":227,""t"":2425},{""x"":270,""y"":213,""t"":2455},{""x"":270,""y"":214,""t"":2496},{""x"":276,""y"":215,""t"":2519},{""x"":300,""y"":232,""t"":2562},{""x"":307,""y"":236,""t"":2591},{""x"":288,""y"":220,""t"":2633},{""x"":289,""y"":221,""t"":2659},{""x"":307,""y"":211,""t"":2701},{""x"":308,""y"":210,""t"":2726},{""x"":312,""y"":210,""t"":2768},{""x"":317,""y"":204,""t"":2795},{""x"":342,""y"":202,""t"":2838},{""x"":331,""y"":205,""t"":2889},{""x"":338,""y"":204,""t"":2899},{""x"":350,""y"":212,""t"":2944},{""x"":361,""y"":218,""t"":2959},{""x"":373,""y"":213,""t"":3000},{""x"":379,""y"":218,""t"":3031},{""x"":355,""y"":215,""t"":3078},{""x"":340,""y"":218,""t"":3095},{""x"":356,""y"":225,""t"":3152},{""x"":367,""y"":243,""t"":3164},{""x"":397,""y"":261,""t"":3205},{""x"":422,""y"":277,""t"":3241},{""x"":434,""y"":292,""t"":3270},{""x"":449,""y"":295,""t"":3315},{""x"":456,""y"":309,""t"":3354},{""x"":461,""y"":320,""t"":3366},{""x"":445,""y"":335,""t"":3409},{""x"":433,""y"":345,""t"":3436},{""x"":415,""y"":353,""t"":3478},{""x"":421,""y"":356,""t"":3512},{""x"":408,""y"":367,""t"":3550},{""x"":426,""y"":373,""t"":3590},{""x"":412,""y"":363,""t"":3607},{""x"":481,""y"":402,""t"":3663},{""x"":536,""y"":442,""t"":3674},{""x"":646,""y"":469,""t"":3716},{""x"":749,""y"":468,""t"":3760},{""x"":835,""y"":461,""t"":3775},{""x"":922,""y"":443,""t"":3819},{""x"":935,""y"":434,""t"":3846},{""x"":961,""y"":399,""t"":3891},{""x"":976,""y"":362,""t"":3911},{""x"":964,""y"":342,""t"":3951},{""x"":973,""y"":312,""t"":3996},{""x"":969,""y"":301,""t"":4015},{""x"":977,""y"":273,""t"":4058},{""x"":989,""y"":251,""t"":4096},{""x"":984,""y"":246,""t"":4119},{""x"":1005,""y"":245,""t"":4160},{""x"":1003,""y"":246,""t"":4199},{""x"":1011,""y"":236,""t"":4220},{""x"":947,""y"":334,""t"":4266},{""x"":809,""y"":413,""t"":4284},{""x"":728,""y"":496,""t"":4328},{""x"":654,""y"":558,""t"":4358},{""x"":669,""y"":611,""t"":4398},{""x"":690,""y"":538,""t"":4439},{""x"":710,""y"":472,""t"":4455},{""x"":729,""y"":410,""t"":4496},{""x"":747,""y"":357,""t"":4527},{""x"":753,""y"":307,""t"":4572},{""x"":781,""y"":279,""t"":4591},{""x"":802,""y"":251,""t"":4633},{""x"":821,""y"":226,""t"":4678},{""x"":842,""y"":206,""t"":4699},{""x"":861,""y"":188,""t"":4745},{""x"":876,""y"":175,""t"":4767},{""x"":885,""y"":167,""t"":4810},{""x"":891,""y"":174,""t"":4853},{""x"":895,""y"":181,""t"":4863},{""x"":899,""y"":175,""t"":4908},{""x"":899,""y"":171,""t"":4932},{""x"":900,""y"":174,""t"":4975},{""x"":911,""y"":173,""t"":5018},{""x"":901,""y"":172,""t"":5037},{""x"":898,""y"":187,""t"":5082},{""x"":903,""y"":186,""t"":5101},{""x"":905,""y"":186,""t"":5143},{""x"":882,""y"":195,""t"":5191},{""x"":868,""y"":189,""t"":5203},{""x"":871,""y"":182,""t"":5243},{""x"":865,""y"":177,""t"":5271},{""x"":802,""y"":193,""t"":5317},{""x"":718,""y"":229,""t"":5357},{""x"":671,""y"":232,""t"":5373},{""x"":619,""y"":259,""t"":5416},{""x"":590,""y"":282,""t"":5475},{""x"":566,""y"":276,""t"":5517},{""x"":540,""y"":275,""t"":5557},{""x"":521,""y"":273,""t"":5583},{""x"":511,""y"":273,""t"":5626},{""x"":506,""y"":272,""t"":5647},{""x"":488,""y"":275,""t"":5688},{""x"":477,""y"":262,""t"":5719},{""x"":480,""y"":287,""t"":5764},{""x"":534,""y"":330,""t"":5802},{""x"":582,""y"":366,""t"":5814},{""x"":607,""y"":437,""t"":5858}]",0,0.7428576290204817,0.2571423709795183,mcutoff_b-last,0
27-alternatives,0,12,exp_36,1.0,276.59999999403954,0.79,0.7,2.0,3.2,higher_p,higher_m,0,1,alternatives,0.0,False,1.58,2.24,-0.6599999999999997,-0.4219978340514987,0.4,0.6,0.5,0.5,1.0,0.0,higher_m,higher_p,False,"{""durations"":[1500,1000,1500,1000],""alternatives"":[1,0,1,0],""attributes"":[""all"",""all"",""all"",""all""]}","[{""x"":560,""y"":237,""t"":-10},{""x"":540,""y"":233,""t"":0},{""x"":533,""y"":236,""t"":49},{""x"":520,""y"":241,""t"":94},{""x"":519,""y"":239,""t"":106},{""x"":523,""y"":238,""t"":152},{""x"":516,""y"":235,""t"":171},{""x"":515,""y"":235,""t"":214},{""x"":544,""y"":239,""t"":259},{""x"":562,""y"":245,""t"":276},{""x"":659,""y"":236,""t"":321},{""x"":706,""y"":233,""t"":341},{""x"":745,""y"":239,""t"":381},{""x"":804,""y"":234,""t"":419},{""x"":849,""y"":241,""t"":444},{""x"":890,""y"":246,""t"":486},{""x"":931,""y"":252,""t"":526},{""x"":963,""y"":287,""t"":564},{""x"":967,""y"":339,""t"":595},{""x"":984,""y"":340,""t"":612},{""x"":1017,""y"":336,""t"":657},{""x"":1014,""y"":328,""t"":685},{""x"":1022,""y"":316,""t"":730},{""x"":1016,""y"":305,""t"":749},{""x"":1009,""y"":300,""t"":789},{""x"":1014,""y"":298,""t"":840},{""x"":1002,""y"":302,""t"":857},{""x"":994,""y"":290,""t"":899},{""x"":988,""y"":283,""t"":922},{""x"":995,""y"":278,""t"":964},{""x"":999,""y"":269,""t"":996},{""x"":982,""y"":264,""t"":1033},{""x"":988,""y"":247,""t"":1074},{""x"":987,""y"":231,""t"":1093},{""x"":981,""y"":214,""t"":1136},{""x"":961,""y"":213,""t"":1172},{""x"":940,""y"":213,""t"":1197},{""x"":942,""y"":201,""t"":1244},{""x"":937,""y"":202,""t"":1281},{""x"":933,""y"":203,""t"":1297},{""x"":948,""y"":211,""t"":1353},{""x"":965,""y"":221,""t"":1363},{""x"":968,""y"":222,""t"":1403},{""x"":968,""y"":228,""t"":1444},{""x"":966,""y"":245,""t"":1490},{""x"":964,""y"":258,""t"":1499},{""x"":973,""y"":269,""t"":1541},{""x"":971,""y"":278,""t"":1585},{""x"":958,""y"":290,""t"":1606},{""x"":948,""y"":299,""t"":1645},{""x"":939,""y"":306,""t"":1668},{""x"":942,""y"":314,""t"":1709},{""x"":837,""y"":315,""t"":1751},{""x"":744,""y"":303,""t"":1770},{""x"":637,""y"":301,""t"":1813},{""x"":536,""y"":300,""t"":1844},{""x"":475,""y"":312,""t"":1883},{""x"":410,""y"":296,""t"":1923},{""x"":360,""y"":283,""t"":1939},{""x"":345,""y"":283,""t"":1979},{""x"":316,""y"":287,""t"":2031},{""x"":296,""y"":290,""t"":2041},{""x"":292,""y"":287,""t"":2083},{""x"":301,""y"":270,""t"":2121},{""x"":312,""y"":255,""t"":2147},{""x"":324,""y"":254,""t"":2189},{""x"":337,""y"":253,""t"":2211},{""x"":356,""y"":249,""t"":2255},{""x"":361,""y"":266,""t"":2292},{""x"":363,""y"":289,""t"":2318},{""x"":352,""y"":328,""t"":2359},{""x"":343,""y"":361,""t"":2385},{""x"":378,""y"":371,""t"":2435},{""x"":395,""y"":379,""t"":2451},{""x"":396,""y"":376,""t"":2501},{""x"":398,""y"":351,""t"":2517},{""x"":381,""y"":315,""t"":2560},{""x"":387,""y"":291,""t"":2588},{""x"":398,""y"":271,""t"":2631},{""x"":381,""y"":306,""t"":2660},{""x"":401,""y"":312,""t"":2702},{""x"":410,""y"":312,""t"":2741},{""x"":405,""y"":290,""t"":2761},{""x"":472,""y"":289,""t"":2805},{""x"":503,""y"":292,""t"":2826},{""x"":568,""y"":304,""t"":2868},{""x"":674,""y"":290,""t"":2909},{""x"":746,""y"":287,""t"":2932},{""x"":812,""y"":285,""t"":2976},{""x"":892,""y"":278,""t"":3002},{""x"":940,""y"":274,""t"":3047},{""x"":981,""y"":270,""t"":3061},{""x"":996,""y"":253,""t"":3104},{""x"":1003,""y"":239,""t"":3132},{""x"":1019,""y"":238,""t"":3178},{""x"":1046,""y"":292,""t"":3211},{""x"":1066,""y"":339,""t"":3231},{""x"":1054,""y"":384,""t"":3273},{""x"":1053,""y"":440,""t"":3306},{""x"":1077,""y"":458,""t"":3349},{""x"":1095,""y"":470,""t"":3372},{""x"":1085,""y"":461,""t"":3416},{""x"":1071,""y"":474,""t"":3438},{""x"":1027,""y"":462,""t"":3480},{""x"":1008,""y"":480,""t"":3508},{""x"":1000,""y"":455,""t"":3553},{""x"":973,""y"":425,""t"":3572},{""x"":954,""y"":409,""t"":3617},{""x"":968,""y"":390,""t"":3642},{""x"":928,""y"":372,""t"":3688},{""x"":888,""y"":363,""t"":3713},{""x"":850,""y"":361,""t"":3754},{""x"":816,""y"":358,""t"":3779},{""x"":799,""y"":361,""t"":3824},{""x"":815,""y"":363,""t"":3858},{""x"":842,""y"":389,""t"":3894},{""x"":865,""y"":412,""t"":3912},{""x"":779,""y"":428,""t"":3956},{""x"":672,""y"":410,""t"":3988},{""x"":581,""y"":406,""t"":4026},{""x"":507,""y"":402,""t"":4053},{""x"":456,""y"":413,""t"":4093},{""x"":441,""y"":415,""t"":4116},{""x"":393,""y"":407,""t"":4164},{""x"":373,""y"":387,""t"":4188},{""x"":350,""y"":373,""t"":4230},{""x"":336,""y"":361,""t"":4252},{""x"":321,""y"":359,""t"":4293},{""x"":359,""y"":349,""t"":4325},{""x"":349,""y"":346,""t"":4368},{""x"":331,""y"":341,""t"":4388},{""x"":314,""y"":357,""t"":4431},{""x"":301,""y"":373,""t"":4458},{""x"":295,""y"":396,""t"":4499},{""x"":304,""y"":410,""t"":4539},{""x"":313,""y"":421,""t"":4556},{""x"":312,""y"":436,""t"":4596},{""x"":359,""y"":429,""t"":4636},{""x"":403,""y"":425,""t"":4664},{""x"":416,""y"":382,""t"":4708},{""x"":435,""y"":380,""t"":4730},{""x"":454,""y"":343,""t"":4770},{""x"":430,""y"":295,""t"":4809},{""x"":479,""y"":283,""t"":4835},{""x"":455,""y"":277,""t"":4877},{""x"":426,""y"":254,""t"":4914},{""x"":401,""y"":236,""t"":4933},{""x"":406,""y"":256,""t"":4977},{""x"":422,""y"":233,""t"":5005},{""x"":512,""y"":254,""t"":5049},{""x"":610,""y"":267,""t"":5069},{""x"":697,""y"":280,""t"":5112},{""x"":793,""y"":289,""t"":5136},{""x"":855,""y"":289,""t"":5178},{""x"":903,""y"":276,""t"":5219},{""x"":908,""y"":270,""t"":5237},{""x"":886,""y"":266,""t"":5278},{""x"":897,""y"":261,""t"":5326},{""x"":903,""y"":264,""t"":5338},{""x"":928,""y"":245,""t"":5379},{""x"":927,""y"":247,""t"":5412},{""x"":917,""y"":242,""t"":5459},{""x"":905,""y"":235,""t"":5492},{""x"":909,""y"":234,""t"":5510},{""x"":918,""y"":233,""t"":5552},{""x"":915,""y"":220,""t"":5594},{""x"":920,""y"":207,""t"":5619},{""x"":902,""y"":212,""t"":5660},{""x"":885,""y"":217,""t"":5684},{""x"":857,""y"":254,""t"":5726},{""x"":837,""y"":297,""t"":5748},{""x"":774,""y"":385,""t"":5790}]",1,0.2571423709795183,0.7428576290204817,mcutoff_b-last,0
27-alternatives,0,13,exp_80,1.0,323.80000001192093,0.61,0.29,2.2,8.1,higher_p,higher_m,0,1,alternatives,0.0,False,1.342,2.349,-1.0069999999999997,-0.7791520984804502,0.6,0.4,0.5,0.5,0.0,1.0,higher_p,higher_m,False,"{""durations"":[1500,1000,1500,1000],""alternatives"":[0,1,0,1],""attributes"":[""all"",""all"",""all"",""all""]}","[{""x"":666,""y"":200,""t"":-14},{""x"":609,""y"":199,""t"":0},{""x"":559,""y"":192,""t"":86},{""x"":520,""y"":182,""t"":107},{""x"":501,""y"":181,""t"":149},{""x"":483,""y"":178,""t"":187},{""x"":470,""y"":177,""t"":204},{""x"":454,""y"":180,""t"":245},{""x"":465,""y"":187,""t"":293},{""x"":476,""y"":195,""t"":308},{""x"":566,""y"":202,""t"":349},{""x"":643,""y"":253,""t"":378},{""x"":697,""y"":255,""t"":420},{""x"":766,""y"":262,""t"":457},{""x"":827,""y"":269,""t"":483},{""x"":868,""y"":275,""t"":523},{""x"":907,""y"":278,""t"":552},{""x"":931,""y"":281,""t"":593},{""x"":947,""y"":289,""t"":620},{""x"":954,""y"":316,""t"":664},{""x"":992,""y"":322,""t"":683},{""x"":982,""y"":314,""t"":728},{""x"":975,""y"":314,""t"":755},{""x"":969,""y"":317,""t"":804},{""x"":973,""y"":317,""t"":820},{""x"":954,""y"":317,""t"":862},{""x"":939,""y"":317,""t"":892},{""x"":961,""y"":313,""t"":934},{""x"":970,""y"":284,""t"":971},{""x"":974,""y"":259,""t"":988},{""x"":975,""y"":247,""t"":1036},{""x"":975,""y"":238,""t"":1060},{""x"":957,""y"":237,""t"":1103},{""x"":940,""y"":242,""t"":1124},{""x"":925,""y"":240,""t"":1166},{""x"":918,""y"":225,""t"":1193},{""x"":894,""y"":211,""t"":1236},{""x"":865,""y"":203,""t"":1260},{""x"":884,""y"":206,""t"":1303},{""x"":893,""y"":199,""t"":1348},{""x"":896,""y"":197,""t"":1365},{""x"":886,""y"":200,""t"":1405},{""x"":892,""y"":221,""t"":1444},{""x"":897,""y"":239,""t"":1465},{""x"":905,""y"":253,""t"":1510},{""x"":913,""y"":273,""t"":1554},{""x"":929,""y"":291,""t"":1565},{""x"":903,""y"":292,""t"":1607},{""x"":880,""y"":292,""t"":1635},{""x"":894,""y"":304,""t"":1676},{""x"":907,""y"":314,""t"":1704},{""x"":892,""y"":316,""t"":1746},{""x"":880,""y"":317,""t"":1771},{""x"":754,""y"":290,""t"":1821},{""x"":649,""y"":263,""t"":1836},{""x"":549,""y"":243,""t"":1878},{""x"":464,""y"":218,""t"":1909},{""x"":411,""y"":214,""t"":1957},{""x"":350,""y"":195,""t"":1979},{""x"":340,""y"":231,""t"":2020},{""x"":337,""y"":263,""t"":2044},{""x"":349,""y"":277,""t"":2092},{""x"":359,""y"":298,""t"":2108},{""x"":351,""y"":323,""t"":2149},{""x"":342,""y"":332,""t"":2198},{""x"":329,""y"":304,""t"":2212},{""x"":355,""y"":285,""t"":2256},{""x"":363,""y"":272,""t"":2281},{""x"":343,""y"":243,""t"":2323},{""x"":342,""y"":231,""t"":2361},{""x"":339,""y"":218,""t"":2394},{""x"":340,""y"":200,""t"":2440},{""x"":342,""y"":186,""t"":2451},{""x"":353,""y"":187,""t"":2492},{""x"":327,""y"":178,""t"":2530},{""x"":323,""y"":168,""t"":2556},{""x"":325,""y"":161,""t"":2596},{""x"":327,""y"":156,""t"":2620},{""x"":333,""y"":154,""t"":2663},{""x"":340,""y"":159,""t"":2707},{""x"":343,""y"":159,""t"":2724},{""x"":330,""y"":151,""t"":2766},{""x"":351,""y"":162,""t"":2795},{""x"":460,""y"":180,""t"":2839},{""x"":561,""y"":188,""t"":2860},{""x"":665,""y"":198,""t"":2899},{""x"":754,""y"":207,""t"":2941},{""x"":829,""y"":210,""t"":2965},{""x"":866,""y"":217,""t"":3006},{""x"":911,""y"":234,""t"":3038},{""x"":943,""y"":247,""t"":3065},{""x"":973,""y"":275,""t"":3111},{""x"":996,""y"":289,""t"":3129},{""x"":1033,""y"":341,""t"":3193},{""x"":1034,""y"":356,""t"":3207},{""x"":1058,""y"":377,""t"":3249},{""x"":1043,""y"":369,""t"":3281},{""x"":1012,""y"":360,""t"":3299},{""x"":993,""y"":361,""t"":3350},{""x"":1003,""y"":356,""t"":3369},{""x"":997,""y"":353,""t"":3413},{""x"":977,""y"":359,""t"":3443},{""x"":987,""y"":382,""t"":3498},{""x"":997,""y"":393,""t"":3509},{""x"":979,""y"":409,""t"":3551},{""x"":964,""y"":439,""t"":3572},{""x"":908,""y"":478,""t"":3615},{""x"":863,""y"":515,""t"":3644},{""x"":715,""y"":500,""t"":3702},{""x"":604,""y"":469,""t"":3712},{""x"":525,""y"":429,""t"":3753},{""x"":436,""y"":409,""t"":3780},{""x"":386,""y"":367,""t"":3826},{""x"":350,""y"":331,""t"":3844},{""x"":339,""y"":312,""t"":3891},{""x"":335,""y"":297,""t"":3911},{""x"":316,""y"":298,""t"":3953},{""x"":307,""y"":298,""t"":3996},{""x"":296,""y"":329,""t"":4013},{""x"":291,""y"":327,""t"":4054},{""x"":300,""y"":307,""t"":4094},{""x"":315,""y"":296,""t"":4132},{""x"":329,""y"":288,""t"":4155},{""x"":328,""y"":297,""t"":4199},{""x"":364,""y"":295,""t"":4217},{""x"":362,""y"":304,""t"":4262},{""x"":362,""y"":322,""t"":4291},{""x"":389,""y"":337,""t"":4333},{""x"":428,""y"":320,""t"":4355},{""x"":426,""y"":294,""t"":4395},{""x"":430,""y"":289,""t"":4434},{""x"":417,""y"":288,""t"":4460},{""x"":398,""y"":304,""t"":4503},{""x"":404,""y"":303,""t"":4524},{""x"":417,""y"":301,""t"":4567},{""x"":430,""y"":280,""t"":4610},{""x"":434,""y"":275,""t"":4628},{""x"":433,""y"":256,""t"":4671},{""x"":415,""y"":242,""t"":4692},{""x"":407,""y"":215,""t"":4752},{""x"":405,""y"":190,""t"":4762},{""x"":403,""y"":176,""t"":4803},{""x"":387,""y"":160,""t"":4845},{""x"":395,""y"":163,""t"":4881},{""x"":406,""y"":172,""t"":4900},{""x"":413,""y"":186,""t"":4942},{""x"":419,""y"":228,""t"":4964},{""x"":430,""y"":232,""t"":5006},{""x"":412,""y"":219,""t"":5040},{""x"":396,""y"":210,""t"":5081},{""x"":386,""y"":217,""t"":5107},{""x"":397,""y"":223,""t"":5148},{""x"":390,""y"":229,""t"":5172},{""x"":387,""y"":247,""t"":5211},{""x"":380,""y"":244,""t"":5252},{""x"":374,""y"":242,""t"":5275},{""x"":379,""y"":232,""t"":5319},{""x"":385,""y"":223,""t"":5339},{""x"":423,""y"":250,""t"":5384},{""x"":448,""y"":237,""t"":5419},{""x"":463,""y"":223,""t"":5445},{""x"":487,""y"":234,""t"":5488},{""x"":492,""y"":260,""t"":5513},{""x"":502,""y"":276,""t"":5554},{""x"":516,""y"":285,""t"":5582},{""x"":523,""y"":302,""t"":5626},{""x"":535,""y"":316,""t"":5651},{""x"":548,""y"":322,""t"":5693},{""x"":538,""y"":323,""t"":5713},{""x"":526,""y"":389,""t"":5754},{""x"":492,""y"":462,""t"":5795},{""x"":509,""y"":524,""t"":5817}]",1,0.2571423709795183,0.7428576290204817,mcutoff_b-last,0
27-alternatives,0,20,exp_98,0.0,623.8000000119209,0.58,0.38,4.9,6.9,higher_p,higher_m,0,1,alternatives,0.0,False,2.842,2.6220000000000003,0.2199999999999997,0.4837536146444008,0.6,0.4,0.5,0.5,0.0,0.0,higher_p,higher_p,True,"{""durations"":[1000,1500,1000,1500],""alternatives"":[1,0,1,0],""attributes"":[""all"",""all"",""all"",""all""]}","[{""x"":636,""y"":245,""t"":-11},{""x"":642,""y"":241,""t"":0},{""x"":619,""y"":232,""t"":43},{""x"":591,""y"":224,""t"":94},{""x"":566,""y"":217,""t"":105},{""x"":586,""y"":228,""t"":150},{""x"":556,""y"":219,""t"":173},{""x"":550,""y"":225,""t"":216},{""x"":539,""y"":226,""t"":253},{""x"":530,""y"":226,""t"":277},{""x"":474,""y"":252,""t"":319},{""x"":436,""y"":264,""t"":341},{""x"":416,""y"":291,""t"":383},{""x"":388,""y"":298,""t"":411},{""x"":363,""y"":272,""t"":453},{""x"":345,""y"":249,""t"":484},{""x"":359,""y"":250,""t"":528},{""x"":375,""y"":283,""t"":550},{""x"":355,""y"":256,""t"":594},{""x"":362,""y"":238,""t"":630},{""x"":369,""y"":224,""t"":650},{""x"":394,""y"":209,""t"":693},{""x"":417,""y"":197,""t"":714},{""x"":410,""y"":197,""t"":758},{""x"":396,""y"":191,""t"":788},{""x"":367,""y"":174,""t"":829},{""x"":343,""y"":180,""t"":859},{""x"":346,""y"":177,""t"":902},{""x"":339,""y"":176,""t"":924},{""x"":331,""y"":171,""t"":978},{""x"":325,""y"":167,""t"":987},{""x"":323,""y"":169,""t"":1031},{""x"":322,""y"":170,""t"":1060},{""x"":330,""y"":148,""t"":1112},{""x"":313,""y"":136,""t"":1134},{""x"":349,""y"":145,""t"":1173},{""x"":372,""y"":156,""t"":1197},{""x"":407,""y"":162,""t"":1240},{""x"":433,""y"":159,""t"":1260},{""x"":539,""y"":174,""t"":1301},{""x"":625,""y"":184,""t"":1334},{""x"":726,""y"":214,""t"":1381},{""x"":809,""y"":239,""t"":1397},{""x"":853,""y"":245,""t"":1441},{""x"":887,""y"":250,""t"":1481},{""x"":909,""y"":254,""t"":1499},{""x"":919,""y"":256,""t"":1541},{""x"":922,""y"":257,""t"":1577},{""x"":940,""y"":275,""t"":1622},{""x"":953,""y"":287,""t"":1637},{""x"":953,""y"":288,""t"":1691},{""x"":957,""y"":283,""t"":1703},{""x"":940,""y"":283,""t"":1745},{""x"":926,""y"":281,""t"":1773},{""x"":916,""y"":280,""t"":1818},{""x"":928,""y"":277,""t"":1844},{""x"":921,""y"":271,""t"":1885},{""x"":915,""y"":266,""t"":1909},{""x"":895,""y"":252,""t"":1951},{""x"":870,""y"":245,""t"":1974},{""x"":859,""y"":242,""t"":2018},{""x"":871,""y"":240,""t"":2046},{""x"":892,""y"":253,""t"":2089},{""x"":911,""y"":265,""t"":2109},{""x"":917,""y"":265,""t"":2150},{""x"":917,""y"":262,""t"":2190},{""x"":918,""y"":258,""t"":2214},{""x"":910,""y"":232,""t"":2257},{""x"":907,""y"":225,""t"":2283},{""x"":894,""y"":210,""t"":2326},{""x"":883,""y"":211,""t"":2347},{""x"":859,""y"":205,""t"":2391},{""x"":861,""y"":209,""t"":2431},{""x"":853,""y"":218,""t"":2452},{""x"":854,""y"":215,""t"":2494},{""x"":857,""y"":214,""t"":2536},{""x"":860,""y"":211,""t"":2553},{""x"":857,""y"":216,""t"":2597},{""x"":833,""y"":219,""t"":2641},{""x"":822,""y"":224,""t"":2653},{""x"":828,""y"":231,""t"":2697},{""x"":839,""y"":238,""t"":2742},{""x"":854,""y"":231,""t"":2757},{""x"":813,""y"":231,""t"":2799},{""x"":766,""y"":230,""t"":2829},{""x"":675,""y"":222,""t"":2869},{""x"":602,""y"":214,""t"":2892},{""x"":551,""y"":226,""t"":2932},{""x"":488,""y"":218,""t"":2974},{""x"":443,""y"":209,""t"":2997},{""x"":396,""y"":197,""t"":3045},{""x"":360,""y"":188,""t"":3061},{""x"":319,""y"":179,""t"":3103},{""x"":298,""y"":176,""t"":3133},{""x"":278,""y"":183,""t"":3178},{""x"":255,""y"":171,""t"":3197},{""x"":255,""y"":160,""t"":3239},{""x"":230,""y"":145,""t"":3277},{""x"":237,""y"":153,""t"":3318},{""x"":226,""y"":144,""t"":3337},{""x"":255,""y"":150,""t"":3382},{""x"":255,""y"":147,""t"":3402},{""x"":288,""y"":142,""t"":3444},{""x"":282,""y"":137,""t"":3482},{""x"":321,""y"":155,""t"":3508},{""x"":326,""y"":151,""t"":3551},{""x"":310,""y"":158,""t"":3588},{""x"":311,""y"":160,""t"":3622},{""x"":305,""y"":161,""t"":3645},{""x"":288,""y"":158,""t"":3687},{""x"":287,""y"":160,""t"":3745},{""x"":394,""y"":184,""t"":3787},{""x"":492,""y"":193,""t"":3812},{""x"":599,""y"":202,""t"":3855},{""x"":699,""y"":216,""t"":3878},{""x"":790,""y"":226,""t"":3920},{""x"":862,""y"":235,""t"":3949},{""x"":896,""y"":236,""t"":3997},{""x"":918,""y"":237,""t"":4013},{""x"":937,""y"":241,""t"":4052},{""x"":963,""y"":246,""t"":4084},{""x"":949,""y"":243,""t"":4139},{""x"":942,""y"":239,""t"":4149},{""x"":949,""y"":223,""t"":4190},{""x"":952,""y"":209,""t"":4221},{""x"":947,""y"":210,""t"":4264},{""x"":938,""y"":207,""t"":4292},{""x"":931,""y"":209,""t"":4335},{""x"":916,""y"":214,""t"":4357},{""x"":927,""y"":224,""t"":4399},{""x"":935,""y"":233,""t"":4421},{""x"":958,""y"":279,""t"":4466},{""x"":972,""y"":321,""t"":4491},{""x"":955,""y"":352,""t"":4534},{""x"":951,""y"":365,""t"":4564},{""x"":947,""y"":372,""t"":4605},{""x"":914,""y"":419,""t"":4629},{""x"":900,""y"":414,""t"":4670},{""x"":889,""y"":407,""t"":4693},{""x"":873,""y"":405,""t"":4732},{""x"":866,""y"":388,""t"":4767},{""x"":889,""y"":391,""t"":4815},{""x"":910,""y"":393,""t"":4829},{""x"":911,""y"":372,""t"":4870},{""x"":902,""y"":349,""t"":4908},{""x"":911,""y"":352,""t"":4941},{""x"":931,""y"":360,""t"":4982},{""x"":947,""y"":367,""t"":5000},{""x"":941,""y"":374,""t"":5043},{""x"":952,""y"":379,""t"":5086},{""x"":962,""y"":383,""t"":5101},{""x"":931,""y"":376,""t"":5143},{""x"":907,""y"":376,""t"":5183},{""x"":887,""y"":376,""t"":5205},{""x"":865,""y"":374,""t"":5251},{""x"":866,""y"":379,""t"":5274},{""x"":810,""y"":365,""t"":5334},{""x"":772,""y"":375,""t"":5348},{""x"":706,""y"":408,""t"":5387},{""x"":679,""y"":445,""t"":5412},{""x"":615,""y"":497,""t"":5454},{""x"":604,""y"":537,""t"":5492},{""x"":594,""y"":571,""t"":5509},{""x"":597,""y"":607,""t"":5550},{""x"":603,""y"":638,""t"":5588},{""x"":607,""y"":668,""t"":5614},{""x"":603,""y"":675,""t"":5658},{""x"":615,""y"":674,""t"":5684},{""x"":629,""y"":680,""t"":5725},{""x"":637,""y"":672,""t"":5748},{""x"":635,""y"":675,""t"":5788},{""x"":706,""y"":626,""t"":5835},{""x"":767,""y"":583,""t"":5852},{""x"":791,""y"":493,""t"":5892},{""x"":801,""y"":416,""t"":5924},{""x"":817,""y"":349,""t"":5957},{""x"":831,""y"":305,""t"":6006},{""x"":822,""y"":273,""t"":6021},{""x"":842,""y"":240,""t"":6063},{""x"":846,""y"":220,""t"":6101},{""x"":828,""y"":195,""t"":6123},{""x"":803,""y"":186,""t"":6165}]",0,0.7428576290204817,0.2571423709795183,mcutoff_b-last,0
27-alternatives,0,21,catch_8,1.0,651.8000000119209,0.22,0.32,3.7,5.0,dominated,dominant,1,1,alternatives,0.0,False,0.8140000000000001,1.6,-0.786,-0.5516849732965938,0.5,0.5,0.5,0.5,,1.0,,dominant,True,"{""durations"":[1250,1250,1250,1250],""attributes"":[""all"",""all"",""all"",""all""],""alternatives"":[0,1,0,1]}","[{""x"":530,""y"":183,""t"":-13},{""x"":529,""y"":192,""t"":0},{""x"":537,""y"":204,""t"":44},{""x"":521,""y"":193,""t"":90},{""x"":491,""y"":183,""t"":117},{""x"":514,""y"":198,""t"":173},{""x"":531,""y"":202,""t"":207},{""x"":484,""y"":193,""t"":252},{""x"":439,""y"":190,""t"":283},{""x"":402,""y"":183,""t"":323},{""x"":390,""y"":172,""t"":355},{""x"":371,""y"":176,""t"":399},{""x"":343,""y"":156,""t"":408},{""x"":332,""y"":156,""t"":451},{""x"":324,""y"":162,""t"":501},{""x"":319,""y"":169,""t"":510},{""x"":311,""y"":159,""t"":554},{""x"":316,""y"":167,""t"":603},{""x"":303,""y"":162,""t"":613},{""x"":323,""y"":179,""t"":654},{""x"":332,""y"":178,""t"":684},{""x"":334,""y"":175,""t"":748},{""x"":365,""y"":192,""t"":784},{""x"":361,""y"":194,""t"":827},{""x"":357,""y"":195,""t"":856},{""x"":356,""y"":197,""t"":899},{""x"":356,""y"":198,""t"":920},{""x"":366,""y"":204,""t"":963},{""x"":376,""y"":209,""t"":989},{""x"":378,""y"":202,""t"":1031},{""x"":374,""y"":185,""t"":1068},{""x"":366,""y"":175,""t"":1095},{""x"":379,""y"":173,""t"":1139},{""x"":353,""y"":165,""t"":1160},{""x"":340,""y"":173,""t"":1201},{""x"":334,""y"":181,""t"":1232},{""x"":334,""y"":180,""t"":1275},{""x"":344,""y"":185,""t"":1294},{""x"":363,""y"":185,""t"":1335},{""x"":360,""y"":177,""t"":1386},{""x"":333,""y"":165,""t"":1395},{""x"":326,""y"":168,""t"":1439},{""x"":320,""y"":170,""t"":1463},{""x"":288,""y"":156,""t"":1502},{""x"":379,""y"":165,""t"":1545},{""x"":487,""y"":183,""t"":1567},{""x"":580,""y"":195,""t"":1611},{""x"":659,""y"":198,""t"":1647},{""x"":733,""y"":197,""t"":1671},{""x"":794,""y"":205,""t"":1724},{""x"":848,""y"":214,""t"":1740},{""x"":880,""y"":230,""t"":1784},{""x"":917,""y"":229,""t"":1805},{""x"":940,""y"":224,""t"":1845},{""x"":947,""y"":211,""t"":1884},{""x"":949,""y"":204,""t"":1911},{""x"":960,""y"":192,""t"":1952},{""x"":946,""y"":197,""t"":1975},{""x"":939,""y"":191,""t"":2018},{""x"":944,""y"":183,""t"":2054},{""x"":946,""y"":180,""t"":2080},{""x"":960,""y"":179,""t"":2124},{""x"":958,""y"":200,""t"":2142},{""x"":963,""y"":196,""t"":2185},{""x"":956,""y"":194,""t"":2234},{""x"":949,""y"":193,""t"":2245},{""x"":941,""y"":176,""t"":2285},{""x"":949,""y"":172,""t"":2318},{""x"":947,""y"":165,""t"":2363},{""x"":937,""y"":173,""t"":2401},{""x"":928,""y"":181,""t"":2419},{""x"":931,""y"":181,""t"":2461},{""x"":911,""y"":181,""t"":2496},{""x"":894,""y"":180,""t"":2537},{""x"":879,""y"":180,""t"":2553},{""x"":886,""y"":193,""t"":2596},{""x"":900,""y"":197,""t"":2621},{""x"":888,""y"":198,""t"":2663},{""x"":884,""y"":207,""t"":2702},{""x"":880,""y"":208,""t"":2727},{""x"":862,""y"":210,""t"":2768},{""x"":821,""y"":214,""t"":2810},{""x"":790,""y"":220,""t"":2828},{""x"":682,""y"":212,""t"":2870},{""x"":591,""y"":205,""t"":2893},{""x"":529,""y"":203,""t"":2936},{""x"":463,""y"":199,""t"":2972},{""x"":423,""y"":192,""t"":2999},{""x"":396,""y"":202,""t"":3060},{""x"":381,""y"":207,""t"":3101},{""x"":325,""y"":192,""t"":3144},{""x"":317,""y"":186,""t"":3189},{""x"":315,""y"":182,""t"":3198},{""x"":321,""y"":188,""t"":3243},{""x"":323,""y"":189,""t"":3280},{""x"":325,""y"":185,""t"":3303},{""x"":335,""y"":179,""t"":3349},{""x"":346,""y"":174,""t"":3367},{""x"":338,""y"":158,""t"":3413},{""x"":348,""y"":164,""t"":3440},{""x"":373,""y"":171,""t"":3480},{""x"":395,""y"":176,""t"":3510},{""x"":414,""y"":188,""t"":3555},{""x"":430,""y"":198,""t"":3578},{""x"":401,""y"":180,""t"":3626},{""x"":391,""y"":187,""t"":3643},{""x"":410,""y"":205,""t"":3683},{""x"":430,""y"":214,""t"":3709},{""x"":420,""y"":202,""t"":3750},{""x"":523,""y"":220,""t"":3789},{""x"":617,""y"":236,""t"":3816},{""x"":685,""y"":236,""t"":3859},{""x"":758,""y"":241,""t"":3894},{""x"":829,""y"":255,""t"":3912},{""x"":860,""y"":240,""t"":3953},{""x"":897,""y"":222,""t"":3984},{""x"":924,""y"":205,""t"":4027},{""x"":921,""y"":203,""t"":4047},{""x"":931,""y"":198,""t"":4089},{""x"":934,""y"":205,""t"":4135},{""x"":923,""y"":215,""t"":4152},{""x"":937,""y"":229,""t"":4193},{""x"":948,""y"":238,""t"":4223},{""x"":958,""y"":243,""t"":4270},{""x"":966,""y"":246,""t"":4288},{""x"":959,""y"":250,""t"":4327},{""x"":955,""y"":245,""t"":4366},{""x"":960,""y"":245,""t"":4387},{""x"":946,""y"":243,""t"":4428},{""x"":944,""y"":222,""t"":4463},{""x"":925,""y"":229,""t"":4506},{""x"":918,""y"":218,""t"":4525},{""x"":901,""y"":205,""t"":4571},{""x"":886,""y"":193,""t"":4599},{""x"":878,""y"":201,""t"":4640},{""x"":866,""y"":208,""t"":4663},{""x"":875,""y"":219,""t"":4705},{""x"":877,""y"":232,""t"":4728},{""x"":908,""y"":233,""t"":4770},{""x"":895,""y"":239,""t"":4798},{""x"":883,""y"":250,""t"":4841},{""x"":884,""y"":243,""t"":4863},{""x"":891,""y"":242,""t"":4904},{""x"":895,""y"":246,""t"":4950},{""x"":897,""y"":249,""t"":4968},{""x"":916,""y"":243,""t"":5016},{""x"":929,""y"":245,""t"":5041},{""x"":921,""y"":246,""t"":5100},{""x"":929,""y"":240,""t"":5109},{""x"":921,""y"":230,""t"":5150},{""x"":923,""y"":244,""t"":5184},{""x"":936,""y"":232,""t"":5215},{""x"":948,""y"":222,""t"":5238},{""x"":940,""y"":219,""t"":5285},{""x"":938,""y"":211,""t"":5318},{""x"":936,""y"":205,""t"":5343},{""x"":894,""y"":210,""t"":5383},{""x"":862,""y"":220,""t"":5408},{""x"":818,""y"":226,""t"":5449},{""x"":786,""y"":226,""t"":5493},{""x"":748,""y"":218,""t"":5512},{""x"":726,""y"":231,""t"":5555},{""x"":681,""y"":241,""t"":5581},{""x"":659,""y"":244,""t"":5627},{""x"":644,""y"":246,""t"":5648},{""x"":642,""y"":250,""t"":5689},{""x"":644,""y"":245,""t"":5723},{""x"":657,""y"":251,""t"":5767},{""x"":671,""y"":252,""t"":5783},{""x"":661,""y"":256,""t"":5822},{""x"":663,""y"":258,""t"":5855},{""x"":648,""y"":247,""t"":5898},{""x"":652,""y"":234,""t"":5936},{""x"":660,""y"":219,""t"":5952},{""x"":650,""y"":215,""t"":5995},{""x"":661,""y"":213,""t"":6035},{""x"":674,""y"":218,""t"":6057},{""x"":673,""y"":220,""t"":6101},{""x"":663,""y"":222,""t"":6128},{""x"":666,""y"":217,""t"":6169},{""x"":660,""y"":220,""t"":6188}]",0,0.2571423709795183,0.7428576290204817,mcutoff_b-last,0
27-alternatives,0,22,exp_58,1.0,267.89999997615814,0.41,0.21,1.7999999999999998,6.2,higher_p,higher_m,0,1,alternatives,0.0,False,0.7379999999999999,1.302,-0.5640000000000002,-0.3231885851028555,0.6,0.4,0.5,0.5,0.0,0.0,higher_p,higher_p,False,"{""durations"":[1000,1500,1000,1500],""alternatives"":[1,0,1,0],""attributes"":[""all"",""all"",""all"",""all""]}","[{""x"":524,""y"":177,""t"":0},{""x"":511,""y"":178,""t"":43},{""x"":506,""y"":189,""t"":85},{""x"":502,""y"":188,""t"":103},{""x"":529,""y"":195,""t"":172},{""x"":545,""y"":198,""t"":222},{""x"":577,""y"":202,""t"":246},{""x"":522,""y"":214,""t"":290},{""x"":462,""y"":206,""t"":309},{""x"":439,""y"":209,""t"":349},{""x"":409,""y"":301,""t"":392},{""x"":354,""y"":360,""t"":410},{""x"":359,""y"":435,""t"":454},{""x"":394,""y"":501,""t"":483},{""x"":385,""y"":563,""t"":521},{""x"":398,""y"":605,""t"":549},{""x"":427,""y"":623,""t"":594},{""x"":475,""y"":639,""t"":614},{""x"":455,""y"":567,""t"":656},{""x"":409,""y"":472,""t"":698},{""x"":354,""y"":403,""t"":715},{""x"":352,""y"":345,""t"":757},{""x"":345,""y"":283,""t"":795},{""x"":331,""y"":235,""t"":821},{""x"":315,""y"":198,""t"":862},{""x"":303,""y"":159,""t"":890},{""x"":309,""y"":142,""t"":930},{""x"":316,""y"":131,""t"":958},{""x"":291,""y"":108,""t"":1007},{""x"":270,""y"":91,""t"":1022},{""x"":275,""y"":96,""t"":1064},{""x"":266,""y"":96,""t"":1093},{""x"":264,""y"":100,""t"":1138},{""x"":313,""y"":126,""t"":1174},{""x"":356,""y"":149,""t"":1193},{""x"":381,""y"":195,""t"":1232},{""x"":393,""y"":243,""t"":1277},{""x"":402,""y"":285,""t"":1293},{""x"":510,""y"":336,""t"":1337},{""x"":600,""y"":378,""t"":1368},{""x"":628,""y"":383,""t"":1414},{""x"":679,""y"":388,""t"":1429},{""x"":740,""y"":358,""t"":1474},{""x"":786,""y"":335,""t"":1499},{""x"":841,""y"":318,""t"":1545},{""x"":858,""y"":297,""t"":1573},{""x"":887,""y"":272,""t"":1623},{""x"":907,""y"":251,""t"":1635},{""x"":919,""y"":223,""t"":1676},{""x"":939,""y"":195,""t"":1716},{""x"":949,""y"":178,""t"":1742},{""x"":957,""y"":168,""t"":1785},{""x"":971,""y"":158,""t"":1803},{""x"":978,""y"":149,""t"":1845},{""x"":981,""y"":145,""t"":1883},{""x"":971,""y"":138,""t"":1922},{""x"":971,""y"":132,""t"":1944},{""x"":965,""y"":140,""t"":1987},{""x"":969,""y"":157,""t"":2025},{""x"":962,""y"":170,""t"":2046},{""x"":964,""y"":177,""t"":2089},{""x"":964,""y"":182,""t"":2108},{""x"":936,""y"":184,""t"":2149},{""x"":855,""y"":195,""t"":2189},{""x"":753,""y"":185,""t"":2231},{""x"":686,""y"":183,""t"":2248},{""x"":600,""y"":174,""t"":2299},{""x"":531,""y"":165,""t"":2315},{""x"":513,""y"":167,""t"":2359},{""x"":471,""y"":158,""t"":2381},{""x"":445,""y"":164,""t"":2422},{""x"":427,""y"":166,""t"":2453},{""x"":358,""y"":163,""t"":2502},{""x"":304,""y"":161,""t"":2522},{""x"":267,""y"":154,""t"":2584},{""x"":259,""y"":149,""t"":2629},{""x"":237,""y"":153,""t"":2667},{""x"":234,""y"":172,""t"":2693},{""x"":223,""y"":162,""t"":2737},{""x"":217,""y"":154,""t"":2758},{""x"":240,""y"":145,""t"":2799},{""x"":257,""y"":142,""t"":2829},{""x"":266,""y"":147,""t"":2869},{""x"":285,""y"":200,""t"":2909},{""x"":296,""y"":244,""t"":2942},{""x"":312,""y"":245,""t"":2965},{""x"":316,""y"":250,""t"":3010},{""x"":340,""y"":249,""t"":3029},{""x"":342,""y"":281,""t"":3071},{""x"":364,""y"":314,""t"":3102},{""x"":370,""y"":302,""t"":3143},{""x"":385,""y"":311,""t"":3165},{""x"":388,""y"":281,""t"":3215},{""x"":377,""y"":253,""t"":3241},{""x"":386,""y"":237,""t"":3285},{""x"":392,""y"":223,""t"":3300},{""x"":377,""y"":209,""t"":3345},{""x"":364,""y"":198,""t"":3372},{""x"":342,""y"":178,""t"":3414},{""x"":323,""y"":162,""t"":3435},{""x"":388,""y"":166,""t"":3481},{""x"":508,""y"":181,""t"":3526},{""x"":624,""y"":199,""t"":3537},{""x"":726,""y"":202,""t"":3593},{""x"":798,""y"":204,""t"":3606},{""x"":843,""y"":208,""t"":3650},{""x"":864,""y"":218,""t"":3678},{""x"":873,""y"":224,""t"":3719},{""x"":896,""y"":224,""t"":3742},{""x"":911,""y"":243,""t"":3787},{""x"":951,""y"":269,""t"":3828},{""x"":973,""y"":261,""t"":3850},{""x"":995,""y"":267,""t"":3901},{""x"":1008,""y"":268,""t"":3911},{""x"":1020,""y"":273,""t"":3954},{""x"":1030,""y"":273,""t"":3998},{""x"":1034,""y"":272,""t"":4014},{""x"":1017,""y"":271,""t"":4056},{""x"":1003,""y"":271,""t"":4093},{""x"":988,""y"":275,""t"":4118},{""x"":964,""y"":263,""t"":4159},{""x"":944,""y"":253,""t"":4186},{""x"":940,""y"":249,""t"":4229},{""x"":925,""y"":230,""t"":4262},{""x"":918,""y"":220,""t"":4297},{""x"":933,""y"":208,""t"":4325},{""x"":916,""y"":208,""t"":4368},{""x"":902,""y"":208,""t"":4389},{""x"":890,""y"":210,""t"":4437},{""x"":884,""y"":215,""t"":4459},{""x"":894,""y"":228,""t"":4504},{""x"":904,""y"":240,""t"":4523},{""x"":894,""y"":244,""t"":4569},{""x"":923,""y"":253,""t"":4612},{""x"":932,""y"":259,""t"":4630},{""x"":919,""y"":262,""t"":4676},{""x"":898,""y"":264,""t"":4694},{""x"":834,""y"":251,""t"":4733},{""x"":734,""y"":254,""t"":4778},{""x"":663,""y"":257,""t"":4797},{""x"":594,""y"":264,""t"":4836},{""x"":517,""y"":242,""t"":4877},{""x"":462,""y"":220,""t"":4916},{""x"":420,""y"":201,""t"":4934},{""x"":370,""y"":176,""t"":4975},{""x"":363,""y"":169,""t"":5005},{""x"":348,""y"":164,""t"":5048},{""x"":352,""y"":161,""t"":5085},{""x"":360,""y"":165,""t"":5102},{""x"":367,""y"":162,""t"":5147},{""x"":386,""y"":157,""t"":5174},{""x"":424,""y"":159,""t"":5219},{""x"":455,""y"":158,""t"":5256},{""x"":455,""y"":162,""t"":5275},{""x"":454,""y"":171,""t"":5319},{""x"":468,""y"":176,""t"":5350},{""x"":486,""y"":183,""t"":5386},{""x"":492,""y"":183,""t"":5413},{""x"":542,""y"":195,""t"":5452},{""x"":558,""y"":183,""t"":5491},{""x"":550,""y"":174,""t"":5511},{""x"":554,""y"":171,""t"":5550},{""x"":567,""y"":177,""t"":5581},{""x"":584,""y"":181,""t"":5625},{""x"":598,""y"":194,""t"":5644},{""x"":596,""y"":180,""t"":5688},{""x"":572,""y"":177,""t"":5724},{""x"":504,""y"":273,""t"":5766},{""x"":486,""y"":352,""t"":5782},{""x"":508,""y"":447,""t"":5823}]",0,0.7428576290204817,0.2571423709795183,mcutoff_b-last,0
27-alternatives,0,23,catch_4,1.0,244.60000002384183,0.19,0.31,4.0,7.3,dominated,dominant,1,1,alternatives,0.0,False,0.76,2.263,-1.503,-1.289666551381776,0.5,0.5,0.5,0.5,,1.0,,dominant,True,"{""durations"":[1250,1250,1250,1250],""attributes"":[""all"",""all"",""all"",""all""],""alternatives"":[0,1,0,1]}","[{""x"":491,""y"":133,""t"":-11},{""x"":474,""y"":118,""t"":0},{""x"":491,""y"":124,""t"":46},{""x"":552,""y"":135,""t"":99},{""x"":562,""y"":142,""t"":111},{""x"":582,""y"":159,""t"":164},{""x"":572,""y"":176,""t"":175},{""x"":570,""y"":181,""t"":216},{""x"":568,""y"":185,""t"":244},{""x"":543,""y"":187,""t"":287},{""x"":493,""y"":194,""t"":308},{""x"":442,""y"":205,""t"":355},{""x"":434,""y"":200,""t"":380},{""x"":422,""y"":222,""t"":423},{""x"":391,""y"":226,""t"":445},{""x"":359,""y"":226,""t"":491},{""x"":347,""y"":228,""t"":513},{""x"":318,""y"":244,""t"":554},{""x"":327,""y"":259,""t"":596},{""x"":347,""y"":284,""t"":614},{""x"":348,""y"":285,""t"":655},{""x"":338,""y"":328,""t"":692},{""x"":355,""y"":350,""t"":717},{""x"":383,""y"":356,""t"":766},{""x"":406,""y"":360,""t"":789},{""x"":402,""y"":367,""t"":832},{""x"":407,""y"":378,""t"":853},{""x"":401,""y"":378,""t"":897},{""x"":410,""y"":372,""t"":920},{""x"":410,""y"":368,""t"":967},{""x"":407,""y"":378,""t"":994},{""x"":412,""y"":396,""t"":1035},{""x"":446,""y"":381,""t"":1058},{""x"":462,""y"":383,""t"":1099},{""x"":479,""y"":384,""t"":1138},{""x"":502,""y"":398,""t"":1173},{""x"":521,""y"":409,""t"":1192},{""x"":512,""y"":421,""t"":1236},{""x"":495,""y"":390,""t"":1274},{""x"":479,""y"":362,""t"":1294},{""x"":474,""y"":315,""t"":1337},{""x"":456,""y"":278,""t"":1367},{""x"":440,""y"":242,""t"":1408},{""x"":435,""y"":217,""t"":1435},{""x"":446,""y"":198,""t"":1484},{""x"":461,""y"":182,""t"":1498},{""x"":524,""y"":172,""t"":1538},{""x"":596,""y"":174,""t"":1576},{""x"":626,""y"":181,""t"":1603},{""x"":680,""y"":188,""t"":1647},{""x"":723,""y"":196,""t"":1668},{""x"":786,""y"":198,""t"":1719},{""x"":845,""y"":187,""t"":1736},{""x"":886,""y"":177,""t"":1783},{""x"":907,""y"":171,""t"":1802},{""x"":931,""y"":175,""t"":1845},{""x"":956,""y"":172,""t"":1875},{""x"":971,""y"":188,""t"":1916},{""x"":967,""y"":198,""t"":1956},{""x"":961,""y"":205,""t"":1975},{""x"":954,""y"":214,""t"":2021},{""x"":980,""y"":216,""t"":2040},{""x"":993,""y"":224,""t"":2089},{""x"":987,""y"":233,""t"":2114},{""x"":972,""y"":247,""t"":2154},{""x"":957,""y"":261,""t"":2193},{""x"":943,""y"":249,""t"":2243},{""x"":943,""y"":236,""t"":2253},{""x"":930,""y"":208,""t"":2294},{""x"":918,""y"":188,""t"":2315},{""x"":907,""y"":184,""t"":2356},{""x"":897,""y"":186,""t"":2387},{""x"":877,""y"":177,""t"":2427},{""x"":852,""y"":172,""t"":2450},{""x"":850,""y"":160,""t"":2492},{""x"":862,""y"":145,""t"":2522},{""x"":859,""y"":128,""t"":2560},{""x"":848,""y"":114,""t"":2605},{""x"":840,""y"":106,""t"":2619},{""x"":848,""y"":118,""t"":2659},{""x"":846,""y"":132,""t"":2699},{""x"":719,""y"":142,""t"":2740},{""x"":633,""y"":171,""t"":2760},{""x"":531,""y"":167,""t"":2802},{""x"":438,""y"":231,""t"":2836},{""x"":370,""y"":269,""t"":2856},{""x"":285,""y"":356,""t"":2898},{""x"":295,""y"":442,""t"":2936},{""x"":269,""y"":495,""t"":2978},{""x"":281,""y"":550,""t"":2995},{""x"":277,""y"":525,""t"":3036},{""x"":289,""y"":497,""t"":3066},{""x"":304,""y"":434,""t"":3106},{""x"":296,""y"":397,""t"":3143},{""x"":294,""y"":368,""t"":3170},{""x"":304,""y"":351,""t"":3212},{""x"":322,""y"":344,""t"":3252},{""x"":337,""y"":332,""t"":3266},{""x"":353,""y"":333,""t"":3307},{""x"":372,""y"":351,""t"":3345},{""x"":375,""y"":357,""t"":3372},{""x"":391,""y"":354,""t"":3420},{""x"":404,""y"":351,""t"":3437},{""x"":405,""y"":343,""t"":3479},{""x"":408,""y"":329,""t"":3521},{""x"":408,""y"":318,""t"":3539},{""x"":532,""y"":289,""t"":3583},{""x"":639,""y"":250,""t"":3620},{""x"":725,""y"":212,""t"":3640},{""x"":800,""y"":202,""t"":3682},{""x"":839,""y"":188,""t"":3723},{""x"":864,""y"":178,""t"":3748},{""x"":880,""y"":174,""t"":3799},{""x"":892,""y"":171,""t"":3819},{""x"":905,""y"":176,""t"":3860},{""x"":934,""y"":174,""t"":3880},{""x"":935,""y"":176,""t"":3923},{""x"":913,""y"":177,""t"":3959},{""x"":904,""y"":181,""t"":3986},{""x"":914,""y"":200,""t"":4028},{""x"":921,""y"":217,""t"":4050},{""x"":914,""y"":234,""t"":4094},{""x"":908,""y"":253,""t"":4130},{""x"":901,""y"":268,""t"":4154},{""x"":913,""y"":268,""t"":4199},{""x"":908,""y"":267,""t"":4218},{""x"":923,""y"":284,""t"":4260},{""x"":925,""y"":289,""t"":4296},{""x"":922,""y"":285,""t"":4341},{""x"":927,""y"":287,""t"":4355},{""x"":934,""y"":280,""t"":4415},{""x"":922,""y"":274,""t"":4424},{""x"":913,""y"":243,""t"":4468},{""x"":890,""y"":219,""t"":4490},{""x"":880,""y"":220,""t"":4531},{""x"":882,""y"":220,""t"":4556},{""x"":893,""y"":227,""t"":4597},{""x"":905,""y"":237,""t"":4636},{""x"":915,""y"":246,""t"":4659},{""x"":925,""y"":269,""t"":4702},{""x"":910,""y"":271,""t"":4728},{""x"":868,""y"":273,""t"":4775},{""x"":837,""y"":271,""t"":4802},{""x"":755,""y"":270,""t"":4843},{""x"":674,""y"":270,""t"":4868},{""x"":635,""y"":265,""t"":4921},{""x"":609,""y"":279,""t"":4939},{""x"":561,""y"":282,""t"":4980},{""x"":523,""y"":296,""t"":5000},{""x"":474,""y"":309,""t"":5041},{""x"":454,""y"":298,""t"":5079},{""x"":441,""y"":289,""t"":5113},{""x"":431,""y"":263,""t"":5154},{""x"":438,""y"":261,""t"":5171},{""x"":440,""y"":247,""t"":5213},{""x"":461,""y"":234,""t"":5243},{""x"":474,""y"":223,""t"":5284},{""x"":500,""y"":208,""t"":5306},{""x"":558,""y"":221,""t"":5348},{""x"":607,""y"":228,""t"":5394},{""x"":620,""y"":235,""t"":5411},{""x"":626,""y"":231,""t"":5453},{""x"":639,""y"":225,""t"":5497},{""x"":637,""y"":218,""t"":5513},{""x"":676,""y"":230,""t"":5558},{""x"":693,""y"":232,""t"":5577},{""x"":644,""y"":229,""t"":5620},{""x"":601,""y"":227,""t"":5650},{""x"":627,""y"":237,""t"":5692},{""x"":656,""y"":246,""t"":5718},{""x"":663,""y"":253,""t"":5762}]",1,0.2571423709795183,0.7428576290204817,mcutoff_b-last,0
27-alternatives,0,24,exp_8,1.0,749.8999999761581,0.7,0.29,1.7999999999999998,5.0,higher_p,higher_m,0,1,alternatives,0.0,False,1.2599999999999998,1.45,-0.1900000000000001,0.0617557805929019,0.6,0.4,0.5,0.5,0.0,1.0,higher_p,higher_m,False,"{""durations"":[1500,1000,1500,1000],""alternatives"":[0,1,0,1],""attributes"":[""all"",""all"",""all"",""all""]}","[{""x"":565,""y"":171,""t"":-22},{""x"":538,""y"":168,""t"":0},{""x"":507,""y"":166,""t"":74},{""x"":517,""y"":162,""t"":119},{""x"":528,""y"":159,""t"":141},{""x"":490,""y"":153,""t"":193},{""x"":459,""y"":148,""t"":212},{""x"":426,""y"":151,""t"":258},{""x"":444,""y"":152,""t"":276},{""x"":463,""y"":159,""t"":318},{""x"":526,""y"":177,""t"":350},{""x"":575,""y"":189,""t"":383},{""x"":643,""y"":202,""t"":414},{""x"":709,""y"":196,""t"":462},{""x"":759,""y"":196,""t"":482},{""x"":840,""y"":211,""t"":521},{""x"":886,""y"":230,""t"":551},{""x"":912,""y"":243,""t"":592},{""x"":954,""y"":259,""t"":627},{""x"":960,""y"":266,""t"":654},{""x"":941,""y"":265,""t"":715},{""x"":916,""y"":265,""t"":756},{""x"":909,""y"":270,""t"":801},{""x"":907,""y"":276,""t"":823},{""x"":920,""y"":276,""t"":864},{""x"":932,""y"":288,""t"":886},{""x"":905,""y"":286,""t"":931},{""x"":917,""y"":285,""t"":966},{""x"":926,""y"":285,""t"":991},{""x"":936,""y"":280,""t"":1033},{""x"":909,""y"":267,""t"":1056},{""x"":895,""y"":251,""t"":1099},{""x"":884,""y"":241,""t"":1124},{""x"":862,""y"":231,""t"":1171},{""x"":843,""y"":223,""t"":1198},{""x"":832,""y"":218,""t"":1242},{""x"":823,""y"":214,""t"":1263},{""x"":817,""y"":206,""t"":1305},{""x"":817,""y"":200,""t"":1327},{""x"":815,""y"":203,""t"":1370},{""x"":827,""y"":192,""t"":1409},{""x"":837,""y"":184,""t"":1428},{""x"":854,""y"":186,""t"":1471},{""x"":852,""y"":196,""t"":1504},{""x"":846,""y"":205,""t"":1550},{""x"":829,""y"":213,""t"":1567},{""x"":816,""y"":223,""t"":1608},{""x"":836,""y"":208,""t"":1635},{""x"":843,""y"":207,""t"":1676},{""x"":849,""y"":216,""t"":1718},{""x"":854,""y"":223,""t"":1735},{""x"":806,""y"":215,""t"":1778},{""x"":676,""y"":207,""t"":1818},{""x"":567,""y"":200,""t"":1838},{""x"":487,""y"":195,""t"":1880},{""x"":423,""y"":191,""t"":1911},{""x"":345,""y"":259,""t"":1953},{""x"":299,""y"":299,""t"":1975},{""x"":286,""y"":390,""t"":2019},{""x"":292,""y"":463,""t"":2046},{""x"":311,""y"":512,""t"":2090},{""x"":299,""y"":517,""t"":2128},{""x"":292,""y"":518,""t"":2143},{""x"":305,""y"":495,""t"":2184},{""x"":320,""y"":472,""t"":2212},{""x"":354,""y"":437,""t"":2258},{""x"":394,""y"":430,""t"":2286},{""x"":405,""y"":402,""t"":2326},{""x"":436,""y"":401,""t"":2351},{""x"":449,""y"":397,""t"":2393},{""x"":445,""y"":380,""t"":2415},{""x"":460,""y"":385,""t"":2455},{""x"":454,""y"":367,""t"":2494},{""x"":429,""y"":322,""t"":2534},{""x"":406,""y"":284,""t"":2552},{""x"":402,""y"":248,""t"":2594},{""x"":359,""y"":210,""t"":2637},{""x"":343,""y"":169,""t"":2656},{""x"":331,""y"":141,""t"":2697},{""x"":416,""y"":165,""t"":2734},{""x"":468,""y"":179,""t"":2759},{""x"":577,""y"":200,""t"":2799},{""x"":654,""y"":221,""t"":2823},{""x"":748,""y"":230,""t"":2866},{""x"":816,""y"":249,""t"":2895},{""x"":869,""y"":260,""t"":2941},{""x"":925,""y"":276,""t"":2959},{""x"":952,""y"":272,""t"":3004},{""x"":960,""y"":270,""t"":3026},{""x"":979,""y"":266,""t"":3069},{""x"":993,""y"":248,""t"":3107},{""x"":982,""y"":239,""t"":3134},{""x"":1010,""y"":240,""t"":3174},{""x"":994,""y"":238,""t"":3216},{""x"":971,""y"":229,""t"":3231},{""x"":954,""y"":235,""t"":3275},{""x"":950,""y"":221,""t"":3315},{""x"":932,""y"":200,""t"":3342},{""x"":945,""y"":211,""t"":3382},{""x"":932,""y"":217,""t"":3423},{""x"":923,""y"":225,""t"":3436},{""x"":901,""y"":227,""t"":3476},{""x"":898,""y"":211,""t"":3517},{""x"":897,""y"":195,""t"":3543},{""x"":885,""y"":192,""t"":3585},{""x"":877,""y"":194,""t"":3607},{""x"":885,""y"":197,""t"":3650},{""x"":854,""y"":203,""t"":3678},{""x"":842,""y"":203,""t"":3722},{""x"":823,""y"":201,""t"":3742},{""x"":807,""y"":199,""t"":3783},{""x"":805,""y"":207,""t"":3824},{""x"":796,""y"":206,""t"":3847},{""x"":805,""y"":210,""t"":3889},{""x"":802,""y"":208,""t"":3911},{""x"":824,""y"":216,""t"":3952},{""x"":844,""y"":223,""t"":3982},{""x"":834,""y"":220,""t"":4027},{""x"":827,""y"":225,""t"":4049},{""x"":824,""y"":222,""t"":4090},{""x"":807,""y"":224,""t"":4127},{""x"":784,""y"":228,""t"":4158},{""x"":749,""y"":232,""t"":4199},{""x"":732,""y"":232,""t"":4222},{""x"":647,""y"":211,""t"":4262},{""x"":554,""y"":198,""t"":4302},{""x"":480,""y"":185,""t"":4321},{""x"":413,""y"":178,""t"":4361},{""x"":362,""y"":173,""t"":4390},{""x"":301,""y"":146,""t"":4429},{""x"":266,""y"":141,""t"":4467},{""x"":224,""y"":174,""t"":4510},{""x"":224,""y"":177,""t"":4527},{""x"":197,""y"":187,""t"":4567},{""x"":205,""y"":213,""t"":4591},{""x"":205,""y"":214,""t"":4633},{""x"":238,""y"":211,""t"":4663},{""x"":239,""y"":229,""t"":4706},{""x"":238,""y"":205,""t"":4727},{""x"":255,""y"":213,""t"":4769},{""x"":286,""y"":208,""t"":4799},{""x"":299,""y"":217,""t"":4844},{""x"":313,""y"":221,""t"":4869},{""x"":356,""y"":224,""t"":4912},{""x"":393,""y"":226,""t"":4931},{""x"":414,""y"":223,""t"":4975},{""x"":426,""y"":225,""t"":5006},{""x"":420,""y"":219,""t"":5050},{""x"":378,""y"":196,""t"":5085},{""x"":341,""y"":176,""t"":5102},{""x"":331,""y"":177,""t"":5151},{""x"":338,""y"":181,""t"":5172},{""x"":338,""y"":179,""t"":5213},{""x"":329,""y"":182,""t"":5254},{""x"":325,""y"":177,""t"":5274},{""x"":313,""y"":162,""t"":5315},{""x"":332,""y"":161,""t"":5362},{""x"":388,""y"":160,""t"":5373},{""x"":459,""y"":167,""t"":5422},{""x"":458,""y"":163,""t"":5453},{""x"":497,""y"":162,""t"":5479},{""x"":500,""y"":153,""t"":5522},{""x"":479,""y"":142,""t"":5554},{""x"":484,""y"":150,""t"":5582},{""x"":480,""y"":157,""t"":5624},{""x"":487,""y"":172,""t"":5668},{""x"":475,""y"":190,""t"":5679},{""x"":476,""y"":285,""t"":5721},{""x"":500,""y"":373,""t"":5748},{""x"":535,""y"":457,""t"":5791},{""x"":550,""y"":530,""t"":5832},{""x"":546,""y"":589,""t"":5854},{""x"":569,""y"":624,""t"":5900},{""x"":501,""y"":594,""t"":5938},{""x"":443,""y"":563,""t"":5950},{""x"":457,""y"":495,""t"":5995},{""x"":464,""y"":424,""t"":6021},{""x"":432,""y"":354,""t"":6063},{""x"":402,""y"":296,""t"":6094},{""x"":399,""y"":253,""t"":6137},{""x"":416,""y"":216,""t"":6158},{""x"":398,""y"":184,""t"":6204},{""x"":374,""y"":155,""t"":6230},{""x"":394,""y"":149,""t"":6274},{""x"":394,""y"":138,""t"":6295}]",0,0.7428576290204817,0.2571423709795183,mcutoff_b-last,0
27-alternatives,0,25,exp_52,0.0,365.90000000596046,0.49,0.32,6.9,8.2,higher_p,higher_m,0,1,alternatives,0.0,False,3.381,2.624,0.7570000000000006,1.0364678509508771,0.4,0.6,0.5,0.5,1.0,0.0,higher_m,higher_p,True,"{""durations"":[1500,1000,1500,1000],""alternatives"":[1,0,1,0],""attributes"":[""all"",""all"",""all"",""all""]}","[{""x"":515,""y"":191,""t"":0},{""x"":556,""y"":202,""t"":56},{""x"":563,""y"":191,""t"":77},{""x"":595,""y"":207,""t"":125},{""x"":623,""y"":218,""t"":138},{""x"":614,""y"":220,""t"":179},{""x"":597,""y"":216,""t"":227},{""x"":585,""y"":212,""t"":241},{""x"":653,""y"":221,""t"":290},{""x"":696,""y"":232,""t"":310},{""x"":739,""y"":230,""t"":352},{""x"":776,""y"":232,""t"":384},{""x"":818,""y"":231,""t"":424},{""x"":854,""y"":216,""t"":465},{""x"":901,""y"":219,""t"":476},{""x"":899,""y"":216,""t"":517},{""x"":902,""y"":208,""t"":555},{""x"":906,""y"":185,""t"":592},{""x"":913,""y"":189,""t"":633},{""x"":917,""y"":194,""t"":648},{""x"":916,""y"":195,""t"":691},{""x"":926,""y"":199,""t"":720},{""x"":909,""y"":216,""t"":772},{""x"":893,""y"":230,""t"":783},{""x"":904,""y"":252,""t"":825},{""x"":877,""y"":262,""t"":870},{""x"":870,""y"":269,""t"":888},{""x"":872,""y"":275,""t"":935},{""x"":856,""y"":275,""t"":954},{""x"":860,""y"":269,""t"":994},{""x"":864,""y"":265,""t"":1021},{""x"":853,""y"":276,""t"":1070},{""x"":865,""y"":279,""t"":1089},{""x"":870,""y"":278,""t"":1133},{""x"":862,""y"":274,""t"":1158},{""x"":881,""y"":255,""t"":1205},{""x"":873,""y"":225,""t"":1224},{""x"":866,""y"":203,""t"":1267},{""x"":856,""y"":194,""t"":1314},{""x"":848,""y"":184,""t"":1328},{""x"":878,""y"":155,""t"":1372},{""x"":875,""y"":124,""t"":1400},{""x"":881,""y"":126,""t"":1443},{""x"":899,""y"":126,""t"":1464},{""x"":902,""y"":131,""t"":1507},{""x"":908,""y"":136,""t"":1536},{""x"":893,""y"":142,""t"":1583},{""x"":891,""y"":145,""t"":1601},{""x"":890,""y"":143,""t"":1642},{""x"":888,""y"":141,""t"":1672},{""x"":883,""y"":142,""t"":1717},{""x"":788,""y"":145,""t"":1750},{""x"":707,""y"":148,""t"":1772},{""x"":613,""y"":148,""t"":1815},{""x"":530,""y"":143,""t"":1846},{""x"":482,""y"":123,""t"":1888},{""x"":416,""y"":119,""t"":1905},{""x"":361,""y"":99,""t"":1948},{""x"":302,""y"":128,""t"":1990},{""x"":270,""y"":146,""t"":2006},{""x"":260,""y"":177,""t"":2050},{""x"":245,""y"":204,""t"":2082},{""x"":248,""y"":233,""t"":2127},{""x"":255,""y"":256,""t"":2145},{""x"":274,""y"":273,""t"":2190},{""x"":283,""y"":280,""t"":2214},{""x"":302,""y"":265,""t"":2255},{""x"":328,""y"":299,""t"":2309},{""x"":342,""y"":330,""t"":2320},{""x"":327,""y"":330,""t"":2363},{""x"":319,""y"":309,""t"":2385},{""x"":331,""y"":274,""t"":2439},{""x"":364,""y"":245,""t"":2450},{""x"":386,""y"":235,""t"":2490},{""x"":373,""y"":218,""t"":2527},{""x"":352,""y"":193,""t"":2568},{""x"":349,""y"":176,""t"":2605},{""x"":356,""y"":170,""t"":2624},{""x"":340,""y"":150,""t"":2666},{""x"":333,""y"":138,""t"":2688},{""x"":317,""y"":121,""t"":2727},{""x"":304,""y"":108,""t"":2761},{""x"":361,""y"":120,""t"":2810},{""x"":411,""y"":132,""t"":2825},{""x"":511,""y"":132,""t"":2867},{""x"":594,""y"":134,""t"":2896},{""x"":673,""y"":147,""t"":2940},{""x"":736,""y"":159,""t"":2960},{""x"":812,""y"":167,""t"":3004},{""x"":859,""y"":162,""t"":3030},{""x"":906,""y"":159,""t"":3077},{""x"":938,""y"":160,""t"":3094},{""x"":927,""y"":156,""t"":3151},{""x"":930,""y"":143,""t"":3162},{""x"":937,""y"":120,""t"":3207},{""x"":932,""y"":108,""t"":3246},{""x"":927,""y"":111,""t"":3265},{""x"":935,""y"":121,""t"":3308},{""x"":936,""y"":128,""t"":3337},{""x"":921,""y"":146,""t"":3386},{""x"":907,""y"":161,""t"":3409},{""x"":767,""y"":150,""t"":3453},{""x"":627,""y"":133,""t"":3473},{""x"":544,""y"":142,""t"":3520},{""x"":474,""y"":140,""t"":3536},{""x"":411,""y"":140,""t"":3579},{""x"":349,""y"":126,""t"":3624},{""x"":300,""y"":114,""t"":3642},{""x"":282,""y"":109,""t"":3687},{""x"":244,""y"":111,""t"":3712},{""x"":242,""y"":119,""t"":3755},{""x"":243,""y"":113,""t"":3780},{""x"":230,""y"":111,""t"":3824},{""x"":216,""y"":99,""t"":3846},{""x"":207,""y"":101,""t"":3886},{""x"":182,""y"":99,""t"":3919},{""x"":192,""y"":104,""t"":3954},{""x"":209,""y"":108,""t"":3984},{""x"":185,""y"":91,""t"":4026},{""x"":176,""y"":81,""t"":4067},{""x"":196,""y"":76,""t"":4086},{""x"":200,""y"":68,""t"":4144},{""x"":238,""y"":73,""t"":4159},{""x"":228,""y"":61,""t"":4199},{""x"":227,""y"":69,""t"":4220},{""x"":227,""y"":62,""t"":4260},{""x"":241,""y"":67,""t"":4302},{""x"":245,""y"":75,""t"":4320},{""x"":255,""y"":86,""t"":4359},{""x"":257,""y"":92,""t"":4398},{""x"":264,""y"":97,""t"":4433},{""x"":272,""y"":105,""t"":4456},{""x"":266,""y"":108,""t"":4498},{""x"":260,""y"":116,""t"":4529},{""x"":269,""y"":104,""t"":4572},{""x"":261,""y"":101,""t"":4611},{""x"":286,""y"":104,""t"":4629},{""x"":304,""y"":112,""t"":4675},{""x"":295,""y"":126,""t"":4696},{""x"":293,""y"":164,""t"":4738},{""x"":279,""y"":198,""t"":4761},{""x"":296,""y"":217,""t"":4803},{""x"":311,""y"":243,""t"":4840},{""x"":314,""y"":249,""t"":4880},{""x"":312,""y"":266,""t"":4902},{""x"":330,""y"":298,""t"":4946},{""x"":348,""y"":321,""t"":4966},{""x"":367,""y"":311,""t"":5005},{""x"":390,""y"":321,""t"":5047},{""x"":392,""y"":294,""t"":5069},{""x"":405,""y"":271,""t"":5111},{""x"":402,""y"":261,""t"":5153},{""x"":404,""y"":269,""t"":5169},{""x"":372,""y"":257,""t"":5211},{""x"":350,""y"":225,""t"":5241},{""x"":363,""y"":218,""t"":5286},{""x"":383,""y"":213,""t"":5312},{""x"":389,""y"":197,""t"":5353},{""x"":390,""y"":223,""t"":5376},{""x"":400,""y"":217,""t"":5418},{""x"":442,""y"":206,""t"":5450},{""x"":477,""y"":196,""t"":5481},{""x"":501,""y"":188,""t"":5526},{""x"":547,""y"":190,""t"":5544},{""x"":574,""y"":186,""t"":5586},{""x"":567,""y"":178,""t"":5625},{""x"":590,""y"":169,""t"":5649},{""x"":568,""y"":168,""t"":5697},{""x"":548,""y"":167,""t"":5712},{""x"":605,""y"":229,""t"":5757},{""x"":610,""y"":239,""t"":5782},{""x"":651,""y"":353,""t"":5828},{""x"":632,""y"":429,""t"":5857},{""x"":608,""y"":506,""t"":5897}]",1,0.2571423709795183,0.7428576290204817,mcutoff_b-last,0
27-alternatives,0,26,exp_64,0.0,515.8000000119209,0.72,0.51,4.2,5.2,higher_p,higher_m,0,1,alternatives,0.0,False,3.024,2.652,0.3719999999999999,0.64020159214642,0.6,0.4,0.5,0.5,0.0,1.0,higher_p,higher_m,True,"{""durations"":[1500,1000,1500,1000],""alternatives"":[0,1,0,1],""attributes"":[""all"",""all"",""all"",""all""]}","[{""x"":518,""y"":113,""t"":-11},{""x"":521,""y"":110,""t"":0},{""x"":503,""y"":122,""t"":53},{""x"":499,""y"":136,""t"":102},{""x"":545,""y"":150,""t"":115},{""x"":575,""y"":154,""t"":158},{""x"":592,""y"":160,""t"":171},{""x"":580,""y"":164,""t"":213},{""x"":575,""y"":185,""t"":253},{""x"":569,""y"":203,""t"":272},{""x"":520,""y"":214,""t"":315},{""x"":453,""y"":185,""t"":353},{""x"":420,""y"":162,""t"":383},{""x"":411,""y"":170,""t"":428},{""x"":418,""y"":185,""t"":442},{""x"":432,""y"":199,""t"":483},{""x"":413,""y"":196,""t"":514},{""x"":416,""y"":202,""t"":557},{""x"":390,""y"":200,""t"":594},{""x"":340,""y"":231,""t"":626},{""x"":299,""y"":257,""t"":648},{""x"":295,""y"":253,""t"":693},{""x"":310,""y"":251,""t"":732},{""x"":329,""y"":241,""t"":756},{""x"":324,""y"":242,""t"":809},{""x"":350,""y"":242,""t"":819},{""x"":354,""y"":226,""t"":862},{""x"":346,""y"":229,""t"":891},{""x"":344,""y"":227,""t"":935},{""x"":341,""y"":223,""t"":955},{""x"":323,""y"":207,""t"":996},{""x"":307,""y"":186,""t"":1025},{""x"":301,""y"":176,""t"":1069},{""x"":306,""y"":168,""t"":1088},{""x"":329,""y"":164,""t"":1144},{""x"":355,""y"":156,""t"":1157},{""x"":349,""y"":159,""t"":1197},{""x"":330,""y"":132,""t"":1234},{""x"":330,""y"":126,""t"":1273},{""x"":354,""y"":128,""t"":1312},{""x"":381,""y"":143,""t"":1328},{""x"":403,""y"":146,""t"":1372},{""x"":416,""y"":154,""t"":1411},{""x"":421,""y"":160,""t"":1435},{""x"":424,""y"":166,""t"":1476},{""x"":409,""y"":172,""t"":1513},{""x"":411,""y"":175,""t"":1531},{""x"":384,""y"":173,""t"":1574},{""x"":385,""y"":175,""t"":1604},{""x"":393,""y"":176,""t"":1659},{""x"":399,""y"":177,""t"":1669},{""x"":381,""y"":172,""t"":1712},{""x"":375,""y"":176,""t"":1738},{""x"":420,""y"":173,""t"":1783},{""x"":509,""y"":180,""t"":1819},{""x"":590,""y"":187,""t"":1841},{""x"":649,""y"":191,""t"":1884},{""x"":712,""y"":198,""t"":1905},{""x"":740,""y"":199,""t"":1946},{""x"":760,""y"":200,""t"":1979},{""x"":776,""y"":209,""t"":2022},{""x"":798,""y"":213,""t"":2059},{""x"":859,""y"":231,""t"":2075},{""x"":887,""y"":233,""t"":2117},{""x"":894,""y"":236,""t"":2145},{""x"":901,""y"":241,""t"":2192},{""x"":907,""y"":244,""t"":2211},{""x"":918,""y"":247,""t"":2258},{""x"":914,""y"":252,""t"":2282},{""x"":889,""y"":248,""t"":2325},{""x"":878,""y"":243,""t"":2347},{""x"":873,""y"":238,""t"":2388},{""x"":872,""y"":243,""t"":2416},{""x"":848,""y"":248,""t"":2457},{""x"":862,""y"":254,""t"":2499},{""x"":851,""y"":255,""t"":2523},{""x"":849,""y"":245,""t"":2572},{""x"":846,""y"":240,""t"":2586},{""x"":858,""y"":239,""t"":2628},{""x"":867,""y"":226,""t"":2666},{""x"":852,""y"":219,""t"":2692},{""x"":850,""y"":203,""t"":2733},{""x"":850,""y"":199,""t"":2770},{""x"":846,""y"":196,""t"":2795},{""x"":842,""y"":191,""t"":2837},{""x"":825,""y"":190,""t"":2859},{""x"":822,""y"":202,""t"":2902},{""x"":690,""y"":194,""t"":2941},{""x"":584,""y"":188,""t"":2961},{""x"":506,""y"":183,""t"":3005},{""x"":429,""y"":182,""t"":3029},{""x"":367,""y"":179,""t"":3086},{""x"":314,""y"":178,""t"":3097},{""x"":299,""y"":178,""t"":3139},{""x"":287,""y"":174,""t"":3163},{""x"":269,""y"":161,""t"":3206},{""x"":262,""y"":152,""t"":3235},{""x"":259,""y"":147,""t"":3277},{""x"":246,""y"":147,""t"":3306},{""x"":240,""y"":144,""t"":3347},{""x"":238,""y"":156,""t"":3386},{""x"":227,""y"":154,""t"":3402},{""x"":229,""y"":147,""t"":3443},{""x"":245,""y"":158,""t"":3482},{""x"":270,""y"":170,""t"":3508},{""x"":305,""y"":158,""t"":3548},{""x"":334,""y"":147,""t"":3571},{""x"":349,""y"":155,""t"":3614},{""x"":362,""y"":165,""t"":3643},{""x"":375,""y"":180,""t"":3688},{""x"":369,""y"":174,""t"":3707},{""x"":476,""y"":178,""t"":3751},{""x"":567,""y"":181,""t"":3777},{""x"":642,""y"":188,""t"":3823},{""x"":701,""y"":196,""t"":3847},{""x"":783,""y"":211,""t"":3889},{""x"":837,""y"":219,""t"":3923},{""x"":880,""y"":220,""t"":3966},{""x"":911,""y"":220,""t"":3984},{""x"":922,""y"":219,""t"":4024},{""x"":927,""y"":218,""t"":4048},{""x"":908,""y"":204,""t"":4092},{""x"":910,""y"":214,""t"":4138},{""x"":909,""y"":220,""t"":4152},{""x"":905,""y"":223,""t"":4193},{""x"":903,""y"":232,""t"":4233},{""x"":899,""y"":239,""t"":4251},{""x"":903,""y"":235,""t"":4295},{""x"":892,""y"":236,""t"":4332},{""x"":880,""y"":247,""t"":4359},{""x"":891,""y"":248,""t"":4404},{""x"":900,""y"":248,""t"":4427},{""x"":887,""y"":252,""t"":4475},{""x"":867,""y"":256,""t"":4491},{""x"":857,""y"":260,""t"":4535},{""x"":858,""y"":265,""t"":4559},{""x"":832,""y"":256,""t"":4599},{""x"":801,""y"":262,""t"":4653},{""x"":783,""y"":277,""t"":4663},{""x"":820,""y"":287,""t"":4705},{""x"":819,""y"":296,""t"":4732},{""x"":831,""y"":312,""t"":4777},{""x"":824,""y"":332,""t"":4795},{""x"":759,""y"":325,""t"":4837},{""x"":685,""y"":336,""t"":4866},{""x"":579,""y"":348,""t"":4908},{""x"":500,""y"":349,""t"":4944},{""x"":477,""y"":351,""t"":4971},{""x"":477,""y"":343,""t"":5013},{""x"":467,""y"":347,""t"":5035},{""x"":433,""y"":309,""t"":5077},{""x"":414,""y"":316,""t"":5114},{""x"":408,""y"":303,""t"":5139},{""x"":357,""y"":299,""t"":5181},{""x"":344,""y"":312,""t"":5202},{""x"":325,""y"":305,""t"":5246},{""x"":312,""y"":289,""t"":5270},{""x"":317,""y"":295,""t"":5321},{""x"":333,""y"":283,""t"":5339},{""x"":338,""y"":306,""t"":5379},{""x"":354,""y"":317,""t"":5417},{""x"":398,""y"":373,""t"":5459},{""x"":459,""y"":432,""t"":5476},{""x"":455,""y"":495,""t"":5534},{""x"":451,""y"":546,""t"":5548},{""x"":468,""y"":576,""t"":5593},{""x"":495,""y"":598,""t"":5611},{""x"":560,""y"":623,""t"":5654},{""x"":562,""y"":646,""t"":5693},{""x"":575,""y"":665,""t"":5713},{""x"":580,""y"":617,""t"":5756},{""x"":532,""y"":557,""t"":5783},{""x"":489,""y"":505,""t"":5821},{""x"":464,""y"":426,""t"":5860},{""x"":503,""y"":356,""t"":5899},{""x"":517,""y"":300,""t"":5921},{""x"":509,""y"":244,""t"":5962},{""x"":513,""y"":201,""t"":6000},{""x"":515,""y"":173,""t"":6026},{""x"":530,""y"":156,""t"":6070}]",0,0.7428576290204817,0.2571423709795183,mcutoff_b-last,0
27-alternatives,0,30,exp_60,1.0,332.09999999403954,0.41,0.21,1.7999999999999998,6.2,higher_p,higher_m,0,1,alternatives,0.0,False,0.7379999999999999,1.302,-0.5640000000000002,-0.3231885851028555,0.4,0.6,0.5,0.5,1.0,0.0,higher_m,higher_p,False,"{""durations"":[1500,1000,1500,1000],""alternatives"":[1,0,1,0],""attributes"":[""all"",""all"",""all"",""all""]}","[{""x"":605,""y"":156,""t"":-30},{""x"":605,""y"":151,""t"":0},{""x"":619,""y"":159,""t"":53},{""x"":630,""y"":165,""t"":72},{""x"":620,""y"":166,""t"":116},{""x"":603,""y"":162,""t"":152},{""x"":598,""y"":172,""t"":171},{""x"":577,""y"":168,""t"":218},{""x"":575,""y"":163,""t"":244},{""x"":549,""y"":160,""t"":287},{""x"":627,""y"":182,""t"":325},{""x"":700,""y"":199,""t"":340},{""x"":717,""y"":202,""t"":384},{""x"":748,""y"":203,""t"":414},{""x"":773,""y"":211,""t"":456},{""x"":793,""y"":218,""t"":485},{""x"":808,""y"":214,""t"":527},{""x"":818,""y"":210,""t"":548},{""x"":868,""y"":224,""t"":596},{""x"":910,""y"":233,""t"":614},{""x"":922,""y"":231,""t"":657},{""x"":954,""y"":235,""t"":701},{""x"":977,""y"":238,""t"":719},{""x"":960,""y"":240,""t"":759},{""x"":948,""y"":234,""t"":782},{""x"":925,""y"":234,""t"":824},{""x"":922,""y"":233,""t"":854},{""x"":917,""y"":229,""t"":896},{""x"":922,""y"":222,""t"":918},{""x"":940,""y"":238,""t"":961},{""x"":930,""y"":241,""t"":990},{""x"":912,""y"":251,""t"":1034},{""x"":896,""y"":259,""t"":1055},{""x"":884,""y"":263,""t"":1099},{""x"":859,""y"":267,""t"":1136},{""x"":860,""y"":272,""t"":1175},{""x"":858,""y"":276,""t"":1206},{""x"":853,""y"":283,""t"":1231},{""x"":859,""y"":272,""t"":1272},{""x"":862,""y"":259,""t"":1308},{""x"":871,""y"":246,""t"":1327},{""x"":861,""y"":232,""t"":1369},{""x"":860,""y"":208,""t"":1414},{""x"":861,""y"":188,""t"":1428},{""x"":894,""y"":184,""t"":1475},{""x"":902,""y"":177,""t"":1506},{""x"":894,""y"":169,""t"":1549},{""x"":886,""y"":164,""t"":1567},{""x"":884,""y"":161,""t"":1621},{""x"":882,""y"":160,""t"":1638},{""x"":888,""y"":172,""t"":1681},{""x"":870,""y"":171,""t"":1703},{""x"":791,""y"":165,""t"":1743},{""x"":676,""y"":158,""t"":1775},{""x"":562,""y"":155,""t"":1817},{""x"":491,""y"":147,""t"":1839},{""x"":411,""y"":136,""t"":1880},{""x"":364,""y"":131,""t"":1911},{""x"":336,""y"":120,""t"":1953},{""x"":327,""y"":119,""t"":1975},{""x"":302,""y"":118,""t"":2019},{""x"":283,""y"":172,""t"":2060},{""x"":287,""y"":194,""t"":2101},{""x"":294,""y"":212,""t"":2110},{""x"":282,""y"":231,""t"":2152},{""x"":292,""y"":247,""t"":2180},{""x"":320,""y"":254,""t"":2230},{""x"":313,""y"":278,""t"":2244},{""x"":317,""y"":278,""t"":2288},{""x"":309,""y"":302,""t"":2318},{""x"":339,""y"":280,""t"":2360},{""x"":349,""y"":273,""t"":2383},{""x"":350,""y"":241,""t"":2423},{""x"":340,""y"":222,""t"":2448},{""x"":320,""y"":196,""t"":2490},{""x"":337,""y"":180,""t"":2534},{""x"":349,""y"":188,""t"":2558},{""x"":338,""y"":202,""t"":2601},{""x"":335,""y"":216,""t"":2623},{""x"":361,""y"":228,""t"":2678},{""x"":384,""y"":217,""t"":2690},{""x"":399,""y"":225,""t"":2732},{""x"":408,""y"":245,""t"":2765},{""x"":406,""y"":236,""t"":2807},{""x"":405,""y"":231,""t"":2823},{""x"":420,""y"":263,""t"":2862},{""x"":423,""y"":287,""t"":2894},{""x"":499,""y"":308,""t"":2940},{""x"":565,""y"":316,""t"":2959},{""x"":659,""y"":305,""t"":3007},{""x"":736,""y"":294,""t"":3028},{""x"":801,""y"":292,""t"":3073},{""x"":854,""y"":300,""t"":3094},{""x"":899,""y"":296,""t"":3180},{""x"":933,""y"":292,""t"":3199},{""x"":974,""y"":289,""t"":3243},{""x"":991,""y"":286,""t"":3285},{""x"":1009,""y"":287,""t"":3300},{""x"":1015,""y"":269,""t"":3347},{""x"":1002,""y"":257,""t"":3374},{""x"":991,""y"":245,""t"":3419},{""x"":985,""y"":248,""t"":3434},{""x"":957,""y"":246,""t"":3476},{""x"":941,""y"":249,""t"":3518},{""x"":926,""y"":252,""t"":3542},{""x"":927,""y"":258,""t"":3584},{""x"":927,""y"":262,""t"":3606},{""x"":924,""y"":270,""t"":3648},{""x"":906,""y"":282,""t"":3678},{""x"":801,""y"":273,""t"":3721},{""x"":688,""y"":274,""t"":3760},{""x"":601,""y"":273,""t"":3782},{""x"":523,""y"":257,""t"":3827},{""x"":447,""y"":252,""t"":3846},{""x"":391,""y"":269,""t"":3890},{""x"":364,""y"":294,""t"":3911},{""x"":294,""y"":270,""t"":3955},{""x"":271,""y"":257,""t"":3987},{""x"":280,""y"":263,""t"":4031},{""x"":293,""y"":268,""t"":4047},{""x"":306,""y"":286,""t"":4096},{""x"":314,""y"":293,""t"":4116},{""x"":322,""y"":314,""t"":4160},{""x"":321,""y"":330,""t"":4198},{""x"":288,""y"":304,""t"":4222},{""x"":282,""y"":317,""t"":4265},{""x"":284,""y"":299,""t"":4287},{""x"":313,""y"":291,""t"":4329},{""x"":333,""y"":277,""t"":4359},{""x"":354,""y"":293,""t"":4400},{""x"":371,""y"":306,""t"":4420},{""x"":401,""y"":293,""t"":4466},{""x"":429,""y"":279,""t"":4494},{""x"":426,""y"":282,""t"":4535},{""x"":406,""y"":289,""t"":4560},{""x"":391,""y"":279,""t"":4603},{""x"":382,""y"":284,""t"":4631},{""x"":379,""y"":274,""t"":4674},{""x"":380,""y"":241,""t"":4695},{""x"":364,""y"":230,""t"":4739},{""x"":350,""y"":235,""t"":4760},{""x"":344,""y"":211,""t"":4801},{""x"":453,""y"":206,""t"":4850},{""x"":529,""y"":207,""t"":4872},{""x"":634,""y"":207,""t"":4917},{""x"":720,""y"":208,""t"":4932},{""x"":781,""y"":197,""t"":4979},{""x"":827,""y"":188,""t"":4998},{""x"":882,""y"":193,""t"":5038},{""x"":907,""y"":185,""t"":5085},{""x"":922,""y"":178,""t"":5102},{""x"":929,""y"":180,""t"":5144},{""x"":930,""y"":182,""t"":5172},{""x"":925,""y"":182,""t"":5218},{""x"":932,""y"":192,""t"":5236},{""x"":948,""y"":187,""t"":5282},{""x"":952,""y"":174,""t"":5325},{""x"":941,""y"":159,""t"":5343},{""x"":906,""y"":165,""t"":5383},{""x"":893,""y"":175,""t"":5420},{""x"":884,""y"":177,""t"":5447},{""x"":880,""y"":187,""t"":5491},{""x"":887,""y"":197,""t"":5529},{""x"":886,""y"":205,""t"":5551},{""x"":854,""y"":208,""t"":5595},{""x"":826,""y"":210,""t"":5619},{""x"":828,""y"":218,""t"":5674},{""x"":822,""y"":221,""t"":5683},{""x"":791,""y"":218,""t"":5727},{""x"":782,""y"":218,""t"":5751},{""x"":720,""y"":209,""t"":5794},{""x"":671,""y"":198,""t"":5815},{""x"":652,""y"":196,""t"":5858}]",1,0.7428576290204817,0.2571423709795183,mcutoff_b-last,0
27-alternatives,0,34,exp_116,1.0,917.0999999940396,0.49,0.22,4.2,7.9,higher_p,higher_m,0,1,alternatives,0.0,False,2.058,1.738,0.3199999999999998,0.5866799156325714,0.4,0.6,0.5,0.5,1.0,0.0,higher_m,higher_p,False,"{""durations"":[1500,1000,1500,1000],""alternatives"":[1,0,1,0],""attributes"":[""all"",""all"",""all"",""all""]}","[{""x"":646,""y"":186,""t"":-11},{""x"":623,""y"":173,""t"":0},{""x"":616,""y"":175,""t"":51},{""x"":621,""y"":194,""t"":99},{""x"":601,""y"":189,""t"":128},{""x"":618,""y"":184,""t"":158},{""x"":633,""y"":180,""t"":187},{""x"":645,""y"":179,""t"":227},{""x"":664,""y"":175,""t"":240},{""x"":695,""y"":183,""t"":281},{""x"":722,""y"":186,""t"":314},{""x"":751,""y"":181,""t"":346},{""x"":789,""y"":186,""t"":395},{""x"":807,""y"":185,""t"":411},{""x"":827,""y"":172,""t"":453},{""x"":838,""y"":157,""t"":482},{""x"":843,""y"":162,""t"":526},{""x"":861,""y"":157,""t"":561},{""x"":870,""y"":154,""t"":583},{""x"":879,""y"":156,""t"":626},{""x"":911,""y"":155,""t"":664},{""x"":938,""y"":154,""t"":683},{""x"":948,""y"":150,""t"":722},{""x"":946,""y"":146,""t"":764},{""x"":953,""y"":150,""t"":787},{""x"":949,""y"":146,""t"":841},{""x"":936,""y"":150,""t"":851},{""x"":935,""y"":151,""t"":893},{""x"":932,""y"":147,""t"":920},{""x"":905,""y"":142,""t"":961},{""x"":906,""y"":147,""t"":995},{""x"":905,""y"":138,""t"":1042},{""x"":901,""y"":131,""t"":1054},{""x"":889,""y"":125,""t"":1096},{""x"":886,""y"":129,""t"":1138},{""x"":885,""y"":134,""t"":1163},{""x"":877,""y"":154,""t"":1205},{""x"":880,""y"":171,""t"":1226},{""x"":883,""y"":186,""t"":1266},{""x"":887,""y"":194,""t"":1327},{""x"":873,""y"":206,""t"":1377},{""x"":856,""y"":216,""t"":1395},{""x"":869,""y"":224,""t"":1436},{""x"":869,""y"":232,""t"":1474},{""x"":869,""y"":214,""t"":1515},{""x"":869,""y"":197,""t"":1532},{""x"":875,""y"":196,""t"":1573},{""x"":875,""y"":197,""t"":1621},{""x"":875,""y"":198,""t"":1635},{""x"":877,""y"":187,""t"":1677},{""x"":870,""y"":186,""t"":1722},{""x"":836,""y"":191,""t"":1736},{""x"":700,""y"":179,""t"":1783},{""x"":575,""y"":166,""t"":1810},{""x"":484,""y"":153,""t"":1851},{""x"":404,""y"":143,""t"":1889},{""x"":342,""y"":135,""t"":1907},{""x"":333,""y"":140,""t"":1951},{""x"":311,""y"":136,""t"":1976},{""x"":312,""y"":152,""t"":2020},{""x"":295,""y"":146,""t"":2041},{""x"":290,""y"":152,""t"":2082},{""x"":284,""y"":159,""t"":2132},{""x"":258,""y"":152,""t"":2143},{""x"":265,""y"":165,""t"":2183},{""x"":258,""y"":177,""t"":2229},{""x"":255,""y"":178,""t"":2267},{""x"":254,""y"":179,""t"":2283},{""x"":281,""y"":195,""t"":2327},{""x"":300,""y"":194,""t"":2350},{""x"":315,""y"":210,""t"":2390},{""x"":310,""y"":209,""t"":2416},{""x"":328,""y"":225,""t"":2461},{""x"":350,""y"":231,""t"":2483},{""x"":373,""y"":235,""t"":2524},{""x"":355,""y"":232,""t"":2564},{""x"":325,""y"":225,""t"":2588},{""x"":310,""y"":208,""t"":2631},{""x"":283,""y"":194,""t"":2659},{""x"":303,""y"":196,""t"":2701},{""x"":317,""y"":197,""t"":2723},{""x"":309,""y"":182,""t"":2763},{""x"":320,""y"":172,""t"":2805},{""x"":330,""y"":164,""t"":2823},{""x"":459,""y"":173,""t"":2864},{""x"":570,""y"":178,""t"":2903},{""x"":662,""y"":182,""t"":2930},{""x"":726,""y"":186,""t"":2971},{""x"":775,""y"":189,""t"":2994},{""x"":832,""y"":190,""t"":3035},{""x"":880,""y"":201,""t"":3076},{""x"":904,""y"":198,""t"":3099},{""x"":958,""y"":187,""t"":3145},{""x"":982,""y"":174,""t"":3180},{""x"":997,""y"":164,""t"":3203},{""x"":1013,""y"":159,""t"":3253},{""x"":1017,""y"":157,""t"":3266},{""x"":1011,""y"":155,""t"":3311},{""x"":1004,""y"":155,""t"":3339},{""x"":986,""y"":162,""t"":3384},{""x"":968,""y"":169,""t"":3403},{""x"":936,""y"":187,""t"":3444},{""x"":907,""y"":202,""t"":3475},{""x"":912,""y"":201,""t"":3516},{""x"":918,""y"":196,""t"":3543},{""x"":915,""y"":204,""t"":3600},{""x"":884,""y"":237,""t"":3610},{""x"":886,""y"":239,""t"":3652},{""x"":889,""y"":240,""t"":3673},{""x"":897,""y"":262,""t"":3721},{""x"":874,""y"":255,""t"":3761},{""x"":851,""y"":252,""t"":3779},{""x"":856,""y"":240,""t"":3819},{""x"":836,""y"":229,""t"":3845},{""x"":847,""y"":207,""t"":3888},{""x"":855,""y"":188,""t"":3913},{""x"":851,""y"":191,""t"":3957},{""x"":848,""y"":193,""t"":3986},{""x"":860,""y"":215,""t"":4030},{""x"":870,""y"":234,""t"":4052},{""x"":849,""y"":233,""t"":4092},{""x"":862,""y"":237,""t"":4129},{""x"":878,""y"":226,""t"":4155},{""x"":862,""y"":234,""t"":4196},{""x"":848,""y"":240,""t"":4219},{""x"":784,""y"":242,""t"":4267},{""x"":734,""y"":234,""t"":4291},{""x"":611,""y"":227,""t"":4337},{""x"":505,""y"":207,""t"":4355},{""x"":413,""y"":183,""t"":4396},{""x"":355,""y"":179,""t"":4425},{""x"":318,""y"":173,""t"":4467},{""x"":291,""y"":178,""t"":4505},{""x"":273,""y"":183,""t"":4522},{""x"":231,""y"":169,""t"":4565},{""x"":246,""y"":176,""t"":4603},{""x"":247,""y"":173,""t"":4635},{""x"":229,""y"":160,""t"":4676},{""x"":232,""y"":153,""t"":4708},{""x"":240,""y"":168,""t"":4729},{""x"":230,""y"":159,""t"":4771},{""x"":242,""y"":155,""t"":4807},{""x"":265,""y"":153,""t"":4834},{""x"":254,""y"":147,""t"":4877},{""x"":251,""y"":146,""t"":4899},{""x"":254,""y"":146,""t"":4941},{""x"":260,""y"":146,""t"":4971},{""x"":259,""y"":153,""t"":5016},{""x"":275,""y"":155,""t"":5035},{""x"":297,""y"":170,""t"":5081},{""x"":315,""y"":183,""t"":5100},{""x"":329,""y"":209,""t"":5140},{""x"":332,""y"":219,""t"":5201},{""x"":331,""y"":228,""t"":5211},{""x"":328,""y"":222,""t"":5255},{""x"":350,""y"":212,""t"":5274},{""x"":403,""y"":213,""t"":5317},{""x"":443,""y"":215,""t"":5338},{""x"":477,""y"":205,""t"":5379},{""x"":504,""y"":195,""t"":5411},{""x"":556,""y"":187,""t"":5456},{""x"":586,""y"":180,""t"":5475},{""x"":595,""y"":183,""t"":5519},{""x"":600,""y"":186,""t"":5545},{""x"":586,""y"":198,""t"":5590},{""x"":586,""y"":213,""t"":5618},{""x"":606,""y"":314,""t"":5657},{""x"":612,""y"":398,""t"":5688},{""x"":617,""y"":458,""t"":5730},{""x"":621,""y"":505,""t"":5747},{""x"":633,""y"":554,""t"":5785},{""x"":632,""y"":591,""t"":5829},{""x"":619,""y"":646,""t"":5848},{""x"":680,""y"":668,""t"":5891},{""x"":723,""y"":598,""t"":5928},{""x"":744,""y"":512,""t"":5970},{""x"":754,""y"":439,""t"":5986},{""x"":761,""y"":364,""t"":6028},{""x"":784,""y"":311,""t"":6066},{""x"":823,""y"":270,""t"":6092},{""x"":833,""y"":230,""t"":6135},{""x"":842,""y"":205,""t"":6155},{""x"":836,""y"":186,""t"":6198},{""x"":819,""y"":169,""t"":6226},{""x"":816,""y"":159,""t"":6276},{""x"":812,""y"":146,""t"":6290},{""x"":805,""y"":147,""t"":6338},{""x"":826,""y"":138,""t"":6361},{""x"":842,""y"":145,""t"":6405},{""x"":853,""y"":151,""t"":6443}]",0,0.2571423709795183,0.7428576290204817,mcutoff_b-last,0
27-alternatives,0,37,exp_108,0.0,417.7999999821186,0.78,0.4,2.1,3.0,higher_p,higher_m,0,1,alternatives,0.0,False,1.638,1.2000000000000002,0.4379999999999999,0.7081329507986126,0.4,0.6,0.5,0.5,1.0,0.0,higher_m,higher_p,True,"{""durations"":[1500,1000,1500,1000],""alternatives"":[1,0,1,0],""attributes"":[""all"",""all"",""all"",""all""]}","[{""x"":656,""y"":168,""t"":0},{""x"":588,""y"":164,""t"":49},{""x"":541,""y"":165,""t"":78},{""x"":520,""y"":160,""t"":148},{""x"":524,""y"":167,""t"":183},{""x"":529,""y"":175,""t"":205},{""x"":550,""y"":177,""t"":248},{""x"":542,""y"":184,""t"":290},{""x"":540,""y"":192,""t"":307},{""x"":510,""y"":190,""t"":353},{""x"":440,""y"":171,""t"":395},{""x"":423,""y"":183,""t"":415},{""x"":403,""y"":183,""t"":456},{""x"":409,""y"":203,""t"":478},{""x"":369,""y"":191,""t"":518},{""x"":403,""y"":209,""t"":546},{""x"":385,""y"":209,""t"":585},{""x"":365,""y"":239,""t"":630},{""x"":363,""y"":253,""t"":653},{""x"":353,""y"":264,""t"":698},{""x"":344,""y"":284,""t"":740},{""x"":339,""y"":296,""t"":763},{""x"":346,""y"":291,""t"":806},{""x"":362,""y"":297,""t"":822},{""x"":343,""y"":273,""t"":864},{""x"":345,""y"":257,""t"":885},{""x"":344,""y"":228,""t"":927},{""x"":345,""y"":203,""t"":958},{""x"":343,""y"":185,""t"":1002},{""x"":351,""y"":165,""t"":1025},{""x"":331,""y"":151,""t"":1072},{""x"":336,""y"":146,""t"":1092},{""x"":344,""y"":150,""t"":1138},{""x"":357,""y"":156,""t"":1157},{""x"":376,""y"":165,""t"":1201},{""x"":384,""y"":151,""t"":1244},{""x"":380,""y"":135,""t"":1262},{""x"":384,""y"":133,""t"":1302},{""x"":387,""y"":131,""t"":1333},{""x"":380,""y"":132,""t"":1377},{""x"":376,""y"":133,""t"":1413},{""x"":373,""y"":144,""t"":1437},{""x"":368,""y"":154,""t"":1477},{""x"":361,""y"":150,""t"":1502},{""x"":365,""y"":134,""t"":1544},{""x"":369,""y"":121,""t"":1566},{""x"":378,""y"":123,""t"":1609},{""x"":380,""y"":126,""t"":1638},{""x"":378,""y"":126,""t"":1679},{""x"":370,""y"":125,""t"":1702},{""x"":403,""y"":143,""t"":1743},{""x"":516,""y"":163,""t"":1781},{""x"":632,""y"":200,""t"":1815},{""x"":728,""y"":231,""t"":1841},{""x"":805,""y"":248,""t"":1886},{""x"":856,""y"":257,""t"":1907},{""x"":908,""y"":266,""t"":1949},{""x"":936,""y"":272,""t"":1981},{""x"":950,""y"":271,""t"":2025},{""x"":953,""y"":266,""t"":2042},{""x"":969,""y"":263,""t"":2091},{""x"":988,""y"":255,""t"":2113},{""x"":1002,""y"":254,""t"":2157},{""x"":1007,""y"":255,""t"":2180},{""x"":982,""y"":255,""t"":2224},{""x"":931,""y"":257,""t"":2245},{""x"":956,""y"":264,""t"":2288},{""x"":955,""y"":268,""t"":2323},{""x"":948,""y"":266,""t"":2364},{""x"":937,""y"":263,""t"":2382},{""x"":946,""y"":268,""t"":2437},{""x"":954,""y"":271,""t"":2454},{""x"":952,""y"":272,""t"":2495},{""x"":945,""y"":276,""t"":2518},{""x"":956,""y"":257,""t"":2561},{""x"":974,""y"":249,""t"":2590},{""x"":971,""y"":241,""t"":2635},{""x"":967,""y"":235,""t"":2655},{""x"":969,""y"":219,""t"":2694},{""x"":977,""y"":215,""t"":2732},{""x"":959,""y"":212,""t"":2773},{""x"":870,""y"":218,""t"":2812},{""x"":802,""y"":221,""t"":2830},{""x"":681,""y"":203,""t"":2874},{""x"":549,""y"":180,""t"":2894},{""x"":458,""y"":167,""t"":2939},{""x"":386,""y"":156,""t"":2958},{""x"":313,""y"":143,""t"":3000},{""x"":259,""y"":132,""t"":3028},{""x"":215,""y"":124,""t"":3072},{""x"":223,""y"":127,""t"":3101},{""x"":213,""y"":122,""t"":3153},{""x"":218,""y"":117,""t"":3165},{""x"":228,""y"":121,""t"":3209},{""x"":244,""y"":141,""t"":3230},{""x"":237,""y"":180,""t"":3272},{""x"":236,""y"":213,""t"":3302},{""x"":263,""y"":219,""t"":3343},{""x"":260,""y"":227,""t"":3389},{""x"":280,""y"":222,""t"":3404},{""x"":291,""y"":223,""t"":3447},{""x"":315,""y"":218,""t"":3469},{""x"":312,""y"":202,""t"":3511},{""x"":309,""y"":187,""t"":3546},{""x"":305,""y"":204,""t"":3600},{""x"":323,""y"":205,""t"":3610},{""x"":322,""y"":194,""t"":3653},{""x"":314,""y"":181,""t"":3678},{""x"":335,""y"":173,""t"":3723},{""x"":336,""y"":163,""t"":3742},{""x"":324,""y"":155,""t"":3782},{""x"":338,""y"":149,""t"":3824},{""x"":358,""y"":157,""t"":3859},{""x"":369,""y"":157,""t"":3877},{""x"":358,""y"":157,""t"":3919},{""x"":347,""y"":157,""t"":3945},{""x"":349,""y"":151,""t"":3989},{""x"":319,""y"":146,""t"":4032},{""x"":293,""y"":143,""t"":4047},{""x"":282,""y"":139,""t"":4092},{""x"":298,""y"":134,""t"":4131},{""x"":313,""y"":130,""t"":4150},{""x"":323,""y"":135,""t"":4190},{""x"":324,""y"":138,""t"":4228},{""x"":382,""y"":156,""t"":4273},{""x"":414,""y"":164,""t"":4284},{""x"":521,""y"":177,""t"":4325},{""x"":629,""y"":203,""t"":4364},{""x"":718,""y"":224,""t"":4391},{""x"":798,""y"":231,""t"":4435},{""x"":849,""y"":240,""t"":4474},{""x"":887,""y"":246,""t"":4495},{""x"":918,""y"":249,""t"":4537},{""x"":939,""y"":251,""t"":4559},{""x"":933,""y"":246,""t"":4600},{""x"":935,""y"":239,""t"":4630},{""x"":937,""y"":255,""t"":4672},{""x"":931,""y"":261,""t"":4694},{""x"":923,""y"":276,""t"":4738},{""x"":923,""y"":276,""t"":4767},{""x"":891,""y"":280,""t"":4812},{""x"":903,""y"":307,""t"":4829},{""x"":882,""y"":302,""t"":4876},{""x"":863,""y"":298,""t"":4897},{""x"":860,""y"":294,""t"":4940},{""x"":854,""y"":290,""t"":4975},{""x"":853,""y"":287,""t"":5006},{""x"":862,""y"":283,""t"":5048},{""x"":868,""y"":280,""t"":5084},{""x"":855,""y"":283,""t"":5102},{""x"":870,""y"":273,""t"":5143},{""x"":874,""y"":269,""t"":5174},{""x"":894,""y"":267,""t"":5220},{""x"":910,""y"":269,""t"":5236},{""x"":899,""y"":272,""t"":5278},{""x"":873,""y"":293,""t"":5314},{""x"":775,""y"":279,""t"":5358},{""x"":693,""y"":267,""t"":5374},{""x"":644,""y"":255,""t"":5415},{""x"":610,""y"":252,""t"":5445},{""x"":616,""y"":248,""t"":5494},{""x"":625,""y"":246,""t"":5512},{""x"":582,""y"":238,""t"":5559},{""x"":572,""y"":229,""t"":5582},{""x"":604,""y"":231,""t"":5633},{""x"":634,""y"":234,""t"":5647},{""x"":653,""y"":246,""t"":5690},{""x"":684,""y"":254,""t"":5716},{""x"":701,""y"":258,""t"":5760},{""x"":741,""y"":260,""t"":5781},{""x"":780,""y"":260,""t"":5823},{""x"":788,""y"":250,""t"":5869},{""x"":792,""y"":242,""t"":5886},{""x"":806,""y"":235,""t"":5937},{""x"":816,""y"":229,""t"":5951}]",0,0.7428576290204817,0.2571423709795183,mcutoff_b-last,0
27-alternatives,0,38,catch_6,1.0,334.0,0.23,0.59,1.9,2.7,dominated,dominant,1,1,alternatives,0.0,False,0.437,1.593,-1.156,-0.9325122869528244,0.5,0.5,0.5,0.5,,1.0,,dominant,True,"{""durations"":[1250,1250,1250,1250],""attributes"":[""all"",""all"",""all"",""all""],""alternatives"":[0,1,0,1]}","[{""x"":619,""y"":237,""t"":-10},{""x"":592,""y"":235,""t"":0},{""x"":604,""y"":231,""t"":52},{""x"":606,""y"":221,""t"":102},{""x"":645,""y"":229,""t"":114},{""x"":649,""y"":232,""t"":157},{""x"":639,""y"":236,""t"":174},{""x"":652,""y"":244,""t"":217},{""x"":625,""y"":242,""t"":255},{""x"":660,""y"":243,""t"":291},{""x"":653,""y"":225,""t"":308},{""x"":672,""y"":224,""t"":350},{""x"":718,""y"":221,""t"":391},{""x"":754,""y"":223,""t"":409},{""x"":789,""y"":226,""t"":451},{""x"":816,""y"":228,""t"":481},{""x"":840,""y"":229,""t"":535},{""x"":858,""y"":231,""t"":544},{""x"":878,""y"":233,""t"":586},{""x"":884,""y"":236,""t"":617},{""x"":892,""y"":251,""t"":660},{""x"":919,""y"":266,""t"":681},{""x"":912,""y"":264,""t"":723},{""x"":909,""y"":264,""t"":752},{""x"":896,""y"":264,""t"":792},{""x"":915,""y"":263,""t"":834},{""x"":917,""y"":258,""t"":857},{""x"":926,""y"":256,""t"":902},{""x"":921,""y"":251,""t"":921},{""x"":928,""y"":241,""t"":966},{""x"":931,""y"":240,""t"":991},{""x"":926,""y"":228,""t"":1032},{""x"":922,""y"":218,""t"":1054},{""x"":909,""y"":217,""t"":1099},{""x"":909,""y"":214,""t"":1122},{""x"":897,""y"":213,""t"":1165},{""x"":896,""y"":217,""t"":1207},{""x"":882,""y"":211,""t"":1241},{""x"":882,""y"":207,""t"":1265},{""x"":869,""y"":204,""t"":1306},{""x"":900,""y"":201,""t"":1341},{""x"":897,""y"":191,""t"":1373},{""x"":920,""y"":184,""t"":1400},{""x"":935,""y"":188,""t"":1442},{""x"":943,""y"":192,""t"":1469},{""x"":813,""y"":189,""t"":1512},{""x"":730,""y"":183,""t"":1537},{""x"":603,""y"":168,""t"":1581},{""x"":508,""y"":156,""t"":1601},{""x"":408,""y"":145,""t"":1640},{""x"":351,""y"":144,""t"":1680},{""x"":309,""y"":145,""t"":1715},{""x"":279,""y"":147,""t"":1737},{""x"":226,""y"":151,""t"":1778},{""x"":187,""y"":156,""t"":1809},{""x"":186,""y"":151,""t"":1852},{""x"":160,""y"":186,""t"":1884},{""x"":142,""y"":216,""t"":1904},{""x"":103,""y"":218,""t"":1944},{""x"":117,""y"":212,""t"":1975},{""x"":182,""y"":235,""t"":2015},{""x"":232,""y"":272,""t"":2056},{""x"":260,""y"":273,""t"":2078},{""x"":274,""y"":277,""t"":2123},{""x"":299,""y"":283,""t"":2142},{""x"":308,""y"":294,""t"":2182},{""x"":312,""y"":294,""t"":2223},{""x"":318,""y"":303,""t"":2263},{""x"":362,""y"":336,""t"":2281},{""x"":362,""y"":341,""t"":2321},{""x"":360,""y"":344,""t"":2352},{""x"":379,""y"":337,""t"":2394},{""x"":431,""y"":343,""t"":2435},{""x"":470,""y"":335,""t"":2449},{""x"":545,""y"":350,""t"":2488},{""x"":617,""y"":393,""t"":2522},{""x"":720,""y"":422,""t"":2560},{""x"":792,""y"":423,""t"":2589},{""x"":850,""y"":404,""t"":2631},{""x"":888,""y"":382,""t"":2665},{""x"":915,""y"":359,""t"":2689},{""x"":925,""y"":335,""t"":2730},{""x"":935,""y"":318,""t"":2777},{""x"":949,""y"":298,""t"":2796},{""x"":948,""y"":297,""t"":2838},{""x"":943,""y"":296,""t"":2857},{""x"":926,""y"":286,""t"":2898},{""x"":925,""y"":276,""t"":2926},{""x"":912,""y"":255,""t"":2973},{""x"":899,""y"":239,""t"":3000},{""x"":900,""y"":231,""t"":3040},{""x"":894,""y"":221,""t"":3079},{""x"":898,""y"":223,""t"":3112},{""x"":902,""y"":226,""t"":3135},{""x"":896,""y"":222,""t"":3176},{""x"":889,""y"":218,""t"":3201},{""x"":898,""y"":208,""t"":3245},{""x"":905,""y"":201,""t"":3272},{""x"":919,""y"":196,""t"":3313},{""x"":930,""y"":194,""t"":3336},{""x"":932,""y"":198,""t"":3376},{""x"":931,""y"":197,""t"":3417},{""x"":930,""y"":198,""t"":3441},{""x"":922,""y"":197,""t"":3482},{""x"":915,""y"":196,""t"":3510},{""x"":911,""y"":197,""t"":3556},{""x"":907,""y"":197,""t"":3577},{""x"":909,""y"":193,""t"":3621},{""x"":910,""y"":189,""t"":3641},{""x"":831,""y"":195,""t"":3683},{""x"":786,""y"":201,""t"":3710},{""x"":664,""y"":195,""t"":3755},{""x"":538,""y"":182,""t"":3786},{""x"":471,""y"":171,""t"":3822},{""x"":434,""y"":172,""t"":3859},{""x"":399,""y"":167,""t"":3877},{""x"":338,""y"":163,""t"":3920},{""x"":297,""y"":159,""t"":3963},{""x"":282,""y"":157,""t"":3982},{""x"":275,""y"":169,""t"":4027},{""x"":276,""y"":175,""t"":4047},{""x"":269,""y"":173,""t"":4089},{""x"":266,""y"":183,""t"":4125},{""x"":282,""y"":206,""t"":4168},{""x"":285,""y"":237,""t"":4185},{""x"":286,""y"":266,""t"":4228},{""x"":279,""y"":281,""t"":4257},{""x"":276,""y"":312,""t"":4301},{""x"":277,""y"":324,""t"":4325},{""x"":279,""y"":332,""t"":4368},{""x"":305,""y"":339,""t"":4401},{""x"":326,""y"":352,""t"":4425},{""x"":323,""y"":338,""t"":4469},{""x"":305,""y"":318,""t"":4488},{""x"":314,""y"":330,""t"":4540},{""x"":348,""y"":309,""t"":4567},{""x"":375,""y"":296,""t"":4624},{""x"":388,""y"":301,""t"":4633},{""x"":369,""y"":302,""t"":4676},{""x"":351,""y"":302,""t"":4696},{""x"":366,""y"":273,""t"":4738},{""x"":372,""y"":244,""t"":4778},{""x"":377,""y"":219,""t"":4798},{""x"":366,""y"":234,""t"":4840},{""x"":356,""y"":244,""t"":4874},{""x"":347,""y"":253,""t"":4904},{""x"":331,""y"":270,""t"":4944},{""x"":302,""y"":282,""t"":4968},{""x"":303,""y"":293,""t"":5012},{""x"":319,""y"":281,""t"":5048},{""x"":338,""y"":274,""t"":5074},{""x"":349,""y"":244,""t"":5118},{""x"":362,""y"":229,""t"":5144},{""x"":366,""y"":202,""t"":5186},{""x"":318,""y"":174,""t"":5224},{""x"":317,""y"":155,""t"":5240},{""x"":305,""y"":142,""t"":5280},{""x"":390,""y"":157,""t"":5321},{""x"":449,""y"":164,""t"":5345},{""x"":434,""y"":158,""t"":5388},{""x"":457,""y"":147,""t"":5409},{""x"":473,""y"":151,""t"":5450},{""x"":509,""y"":158,""t"":5481},{""x"":526,""y"":158,""t"":5524},{""x"":546,""y"":159,""t"":5545},{""x"":565,""y"":154,""t"":5589},{""x"":583,""y"":153,""t"":5615},{""x"":605,""y"":157,""t"":5662},{""x"":622,""y"":160,""t"":5688},{""x"":616,""y"":261,""t"":5729},{""x"":567,""y"":345,""t"":5752},{""x"":569,""y"":418,""t"":5794},{""x"":560,""y"":490,""t"":5817}]",1,0.2571423709795183,0.7428576290204817,mcutoff_b-last,0
27-alternatives,0,39,exp_42,1.0,390.90000000596046,0.81,0.48,1.6999999999999995,7.9,higher_p,higher_m,0,1,alternatives,0.0,False,1.3769999999999998,3.792,-2.415,-2.2283544163938904,0.6,0.4,0.5,0.5,0.0,0.0,higher_p,higher_p,False,"{""durations"":[1000,1500,1000,1500],""alternatives"":[1,0,1,0],""attributes"":[""all"",""all"",""all"",""all""]}","[{""x"":761,""y"":64,""t"":0},{""x"":733,""y"":54,""t"":56},{""x"":702,""y"":52,""t"":68},{""x"":669,""y"":74,""t"":112},{""x"":630,""y"":91,""t"":137},{""x"":619,""y"":116,""t"":182},{""x"":605,""y"":134,""t"":211},{""x"":619,""y"":148,""t"":271},{""x"":633,""y"":160,""t"":281},{""x"":568,""y"":152,""t"":321},{""x"":517,""y"":149,""t"":348},{""x"":484,""y"":158,""t"":400},{""x"":458,""y"":165,""t"":409},{""x"":417,""y"":158,""t"":455},{""x"":376,""y"":155,""t"":492},{""x"":344,""y"":152,""t"":516},{""x"":327,""y"":148,""t"":557},{""x"":307,""y"":179,""t"":600},{""x"":283,""y"":173,""t"":617},{""x"":274,""y"":222,""t"":656},{""x"":289,""y"":255,""t"":699},{""x"":289,""y"":280,""t"":716},{""x"":291,""y"":303,""t"":759},{""x"":295,""y"":317,""t"":788},{""x"":312,""y"":312,""t"":833},{""x"":350,""y"":322,""t"":857},{""x"":370,""y"":297,""t"":901},{""x"":352,""y"":256,""t"":938},{""x"":336,""y"":220,""t"":953},{""x"":326,""y"":191,""t"":996},{""x"":305,""y"":173,""t"":1027},{""x"":307,""y"":148,""t"":1069},{""x"":315,""y"":149,""t"":1107},{""x"":323,""y"":151,""t"":1125},{""x"":333,""y"":185,""t"":1166},{""x"":341,""y"":215,""t"":1196},{""x"":343,""y"":260,""t"":1241},{""x"":344,""y"":298,""t"":1259},{""x"":359,""y"":336,""t"":1300},{""x"":437,""y"":357,""t"":1346},{""x"":502,""y"":374,""t"":1363},{""x"":594,""y"":357,""t"":1404},{""x"":643,""y"":370,""t"":1435},{""x"":702,""y"":360,""t"":1479},{""x"":743,""y"":339,""t"":1500},{""x"":779,""y"":316,""t"":1541},{""x"":806,""y"":296,""t"":1571},{""x"":853,""y"":270,""t"":1614},{""x"":889,""y"":249,""t"":1637},{""x"":909,""y"":231,""t"":1683},{""x"":928,""y"":218,""t"":1718},{""x"":940,""y"":208,""t"":1737},{""x"":951,""y"":211,""t"":1780},{""x"":959,""y"":211,""t"":1816},{""x"":974,""y"":207,""t"":1843},{""x"":956,""y"":207,""t"":1885},{""x"":947,""y"":206,""t"":1908},{""x"":934,""y"":206,""t"":1949},{""x"":928,""y"":209,""t"":1990},{""x"":922,""y"":213,""t"":2010},{""x"":950,""y"":219,""t"":2054},{""x"":937,""y"":217,""t"":2076},{""x"":950,""y"":200,""t"":2118},{""x"":963,""y"":199,""t"":2162},{""x"":955,""y"":194,""t"":2180},{""x"":951,""y"":206,""t"":2222},{""x"":955,""y"":217,""t"":2252},{""x"":944,""y"":235,""t"":2300},{""x"":934,""y"":249,""t"":2316},{""x"":925,""y"":260,""t"":2358},{""x"":918,""y"":269,""t"":2380},{""x"":893,""y"":270,""t"":2424},{""x"":883,""y"":274,""t"":2469},{""x"":874,""y"":278,""t"":2484},{""x"":876,""y"":275,""t"":2529},{""x"":861,""y"":271,""t"":2553},{""x"":846,""y"":259,""t"":2593},{""x"":830,""y"":257,""t"":2629},{""x"":822,""y"":255,""t"":2660},{""x"":824,""y"":257,""t"":2705},{""x"":826,""y"":259,""t"":2724},{""x"":689,""y"":234,""t"":2769},{""x"":585,""y"":228,""t"":2793},{""x"":472,""y"":217,""t"":2837},{""x"":393,""y"":225,""t"":2857},{""x"":337,""y"":234,""t"":2901},{""x"":305,""y"":210,""t"":2931},{""x"":286,""y"":196,""t"":2974},{""x"":266,""y"":183,""t"":3011},{""x"":245,""y"":177,""t"":3028},{""x"":235,""y"":173,""t"":3069},{""x"":231,""y"":170,""t"":3099},{""x"":251,""y"":166,""t"":3139},{""x"":272,""y"":163,""t"":3165},{""x"":269,""y"":154,""t"":3208},{""x"":268,""y"":146,""t"":3233},{""x"":277,""y"":139,""t"":3274},{""x"":287,""y"":134,""t"":3308},{""x"":301,""y"":139,""t"":3347},{""x"":306,""y"":142,""t"":3369},{""x"":293,""y"":138,""t"":3413},{""x"":286,""y"":137,""t"":3438},{""x"":302,""y"":154,""t"":3481},{""x"":314,""y"":146,""t"":3502},{""x"":323,""y"":134,""t"":3546},{""x"":316,""y"":141,""t"":3594},{""x"":305,""y"":144,""t"":3605},{""x"":308,""y"":127,""t"":3649},{""x"":308,""y"":115,""t"":3674},{""x"":310,""y"":106,""t"":3717},{""x"":325,""y"":116,""t"":3747},{""x"":412,""y"":126,""t"":3802},{""x"":458,""y"":132,""t"":3814},{""x"":564,""y"":170,""t"":3859},{""x"":652,""y"":202,""t"":3879},{""x"":739,""y"":221,""t"":3921},{""x"":788,""y"":225,""t"":3964},{""x"":851,""y"":237,""t"":3987},{""x"":890,""y"":245,""t"":4027},{""x"":925,""y"":251,""t"":4047},{""x"":938,""y"":257,""t"":4090},{""x"":952,""y"":244,""t"":4132},{""x"":959,""y"":232,""t"":4149},{""x"":976,""y"":219,""t"":4189},{""x"":982,""y"":226,""t"":4226},{""x"":982,""y"":213,""t"":4279},{""x"":995,""y"":201,""t"":4288},{""x"":1018,""y"":200,""t"":4330},{""x"":1018,""y"":204,""t"":4374},{""x"":1038,""y"":211,""t"":4387},{""x"":1029,""y"":216,""t"":4431},{""x"":1019,""y"":221,""t"":4457},{""x"":971,""y"":225,""t"":4502},{""x"":925,""y"":234,""t"":4524},{""x"":901,""y"":247,""t"":4567},{""x"":900,""y"":244,""t"":4596},{""x"":891,""y"":250,""t"":4639},{""x"":901,""y"":252,""t"":4679},{""x"":895,""y"":254,""t"":4698},{""x"":847,""y"":248,""t"":4749},{""x"":807,""y"":242,""t"":4761},{""x"":756,""y"":235,""t"":4816},{""x"":723,""y"":229,""t"":4836},{""x"":698,""y"":207,""t"":4876},{""x"":670,""y"":198,""t"":4899},{""x"":658,""y"":179,""t"":4939},{""x"":623,""y"":153,""t"":4978},{""x"":604,""y"":146,""t"":5019},{""x"":574,""y"":143,""t"":5041},{""x"":597,""y"":129,""t"":5086},{""x"":628,""y"":121,""t"":5107},{""x"":631,""y"":115,""t"":5151},{""x"":653,""y"":94,""t"":5172},{""x"":682,""y"":93,""t"":5220},{""x"":706,""y"":98,""t"":5236},{""x"":712,""y"":97,""t"":5277},{""x"":738,""y"":112,""t"":5323},{""x"":729,""y"":117,""t"":5340},{""x"":721,""y"":135,""t"":5380},{""x"":730,""y"":146,""t"":5412},{""x"":722,""y"":164,""t"":5459},{""x"":714,""y"":179,""t"":5478},{""x"":693,""y"":182,""t"":5535},{""x"":713,""y"":198,""t"":5545},{""x"":674,""y"":192,""t"":5589},{""x"":619,""y"":189,""t"":5619},{""x"":556,""y"":170,""t"":5658},{""x"":550,""y"":169,""t"":5699},{""x"":509,""y"":174,""t"":5716},{""x"":504,""y"":170,""t"":5757},{""x"":481,""y"":151,""t"":5793},{""x"":446,""y"":146,""t"":5818},{""x"":368,""y"":193,""t"":5860},{""x"":382,""y"":224,""t"":5883},{""x"":394,""y"":305,""t"":5924}]",1,0.2571423709795183,0.7428576290204817,mcutoff_b-last,0
27-alternatives,0,42,exp_78,0.0,267.0,0.8,0.2,4.0,6.799999999999999,higher_p,higher_m,0,1,alternatives,0.0,False,3.2,1.36,1.8400000000000003,2.151159690652763,0.4,0.6,0.5,0.5,1.0,1.0,higher_m,higher_m,True,"{""durations"":[1000,1500,1000,1500],""alternatives"":[0,1,0,1],""attributes"":[""all"",""all"",""all"",""all""]}","[{""x"":587,""y"":180,""t"":0},{""x"":580,""y"":174,""t"":44},{""x"":579,""y"":173,""t"":99},{""x"":566,""y"":171,""t"":110},{""x"":596,""y"":177,""t"":155},{""x"":612,""y"":186,""t"":177},{""x"":584,""y"":179,""t"":217},{""x"":584,""y"":181,""t"":257},{""x"":584,""y"":182,""t"":279},{""x"":640,""y"":188,""t"":322},{""x"":687,""y"":193,""t"":346},{""x"":751,""y"":192,""t"":392},{""x"":825,""y"":199,""t"":426},{""x"":885,""y"":205,""t"":446},{""x"":908,""y"":205,""t"":488},{""x"":927,""y"":197,""t"":518},{""x"":920,""y"":199,""t"":561},{""x"":946,""y"":204,""t"":595},{""x"":966,""y"":208,""t"":618},{""x"":961,""y"":205,""t"":661},{""x"":947,""y"":203,""t"":686},{""x"":963,""y"":191,""t"":733},{""x"":948,""y"":192,""t"":751},{""x"":932,""y"":196,""t"":793},{""x"":918,""y"":205,""t"":829},{""x"":916,""y"":199,""t"":857},{""x"":910,""y"":199,""t"":901},{""x"":899,""y"":203,""t"":937},{""x"":890,""y"":211,""t"":954},{""x"":869,""y"":209,""t"":994},{""x"":851,""y"":206,""t"":1028},{""x"":849,""y"":202,""t"":1059},{""x"":875,""y"":202,""t"":1104},{""x"":876,""y"":192,""t"":1129},{""x"":874,""y"":192,""t"":1169},{""x"":885,""y"":195,""t"":1193},{""x"":883,""y"":190,""t"":1234},{""x"":888,""y"":181,""t"":1266},{""x"":760,""y"":169,""t"":1306},{""x"":671,""y"":160,""t"":1333},{""x"":610,""y"":143,""t"":1377},{""x"":560,""y"":128,""t"":1394},{""x"":466,""y"":111,""t"":1439},{""x"":391,""y"":102,""t"":1479},{""x"":323,""y"":92,""t"":1501},{""x"":298,""y"":103,""t"":1547},{""x"":283,""y"":114,""t"":1568},{""x"":259,""y"":117,""t"":1612},{""x"":235,""y"":124,""t"":1633},{""x"":222,""y"":124,""t"":1673},{""x"":236,""y"":141,""t"":1712},{""x"":253,""y"":141,""t"":1753},{""x"":275,""y"":154,""t"":1769},{""x"":306,""y"":168,""t"":1811},{""x"":334,""y"":179,""t"":1839},{""x"":310,""y"":166,""t"":1882},{""x"":324,""y"":172,""t"":1919},{""x"":336,""y"":176,""t"":1945},{""x"":334,""y"":183,""t"":1990},{""x"":332,""y"":188,""t"":2010},{""x"":368,""y"":187,""t"":2051},{""x"":344,""y"":171,""t"":2075},{""x"":324,""y"":150,""t"":2117},{""x"":306,""y"":132,""t"":2142},{""x"":325,""y"":137,""t"":2185},{""x"":317,""y"":134,""t"":2225},{""x"":296,""y"":118,""t"":2251},{""x"":305,""y"":121,""t"":2294},{""x"":314,""y"":124,""t"":2318},{""x"":315,""y"":117,""t"":2361},{""x"":315,""y"":111,""t"":2386},{""x"":433,""y"":125,""t"":2428},{""x"":513,""y"":134,""t"":2450},{""x"":630,""y"":139,""t"":2495},{""x"":726,""y"":143,""t"":2522},{""x"":810,""y"":145,""t"":2568},{""x"":864,""y"":144,""t"":2586},{""x"":907,""y"":166,""t"":2628},{""x"":934,""y"":176,""t"":2668},{""x"":955,""y"":184,""t"":2688},{""x"":991,""y"":178,""t"":2729},{""x"":1002,""y"":178,""t"":2764},{""x"":992,""y"":170,""t"":2808},{""x"":992,""y"":179,""t"":2828},{""x"":980,""y"":180,""t"":2869},{""x"":975,""y"":176,""t"":2890},{""x"":979,""y"":169,""t"":2930},{""x"":966,""y"":174,""t"":2981},{""x"":947,""y"":182,""t"":3003},{""x"":933,""y"":205,""t"":3045},{""x"":920,""y"":224,""t"":3070},{""x"":918,""y"":237,""t"":3118},{""x"":912,""y"":253,""t"":3130},{""x"":901,""y"":283,""t"":3170},{""x"":865,""y"":293,""t"":3209},{""x"":848,""y"":291,""t"":3234},{""x"":810,""y"":291,""t"":3286},{""x"":796,""y"":300,""t"":3322},{""x"":788,""y"":305,""t"":3348},{""x"":785,""y"":304,""t"":3389},{""x"":794,""y"":302,""t"":3402},{""x"":794,""y"":290,""t"":3445},{""x"":795,""y"":291,""t"":3472},{""x"":786,""y"":279,""t"":3526},{""x"":769,""y"":260,""t"":3537},{""x"":746,""y"":237,""t"":3580},{""x"":683,""y"":197,""t"":3624},{""x"":673,""y"":183,""t"":3642},{""x"":694,""y"":175,""t"":3683},{""x"":710,""y"":169,""t"":3707},{""x"":676,""y"":158,""t"":3749},{""x"":649,""y"":150,""t"":3776},{""x"":564,""y"":143,""t"":3820},{""x"":515,""y"":136,""t"":3850},{""x"":479,""y"":124,""t"":3892},{""x"":467,""y"":119,""t"":3929},{""x"":402,""y"":111,""t"":3947},{""x"":356,""y"":100,""t"":3988},{""x"":302,""y"":100,""t"":4025},{""x"":259,""y"":101,""t"":4051},{""x"":253,""y"":104,""t"":4095},{""x"":260,""y"":124,""t"":4122},{""x"":243,""y"":117,""t"":4171},{""x"":235,""y"":115,""t"":4186},{""x"":253,""y"":124,""t"":4235},{""x"":265,""y"":167,""t"":4252},{""x"":269,""y"":167,""t"":4297},{""x"":288,""y"":165,""t"":4340},{""x"":291,""y"":161,""t"":4354},{""x"":296,""y"":161,""t"":4395},{""x"":280,""y"":153,""t"":4427},{""x"":314,""y"":155,""t"":4479},{""x"":322,""y"":139,""t"":4489},{""x"":338,""y"":132,""t"":4534},{""x"":329,""y"":126,""t"":4569},{""x"":332,""y"":127,""t"":4591},{""x"":322,""y"":133,""t"":4633},{""x"":337,""y"":121,""t"":4672},{""x"":340,""y"":128,""t"":4714},{""x"":347,""y"":117,""t"":4730},{""x"":344,""y"":106,""t"":4800},{""x"":369,""y"":115,""t"":4843},{""x"":389,""y"":124,""t"":4867},{""x"":505,""y"":140,""t"":4910},{""x"":592,""y"":148,""t"":4931},{""x"":682,""y"":165,""t"":4970},{""x"":765,""y"":182,""t"":5017},{""x"":820,""y"":194,""t"":5039},{""x"":871,""y"":202,""t"":5080},{""x"":909,""y"":221,""t"":5107},{""x"":935,""y"":227,""t"":5150},{""x"":952,""y"":231,""t"":5170},{""x"":936,""y"":224,""t"":5211},{""x"":920,""y"":220,""t"":5261},{""x"":909,""y"":221,""t"":5272},{""x"":903,""y"":215,""t"":5314},{""x"":891,""y"":216,""t"":5350},{""x"":880,""y"":216,""t"":5375},{""x"":851,""y"":218,""t"":5417},{""x"":843,""y"":220,""t"":5452},{""x"":823,""y"":219,""t"":5482},{""x"":788,""y"":214,""t"":5522},{""x"":743,""y"":213,""t"":5546},{""x"":703,""y"":215,""t"":5586},{""x"":672,""y"":201,""t"":5627},{""x"":647,""y"":189,""t"":5646},{""x"":556,""y"":275,""t"":5692},{""x"":504,""y"":348,""t"":5713},{""x"":476,""y"":421,""t"":5756},{""x"":487,""y"":486,""t"":5791}]",0,0.7428576290204817,0.2571423709795183,mcutoff_b-last,0
27-alternatives,0,46,exp_96,0.0,508.0,0.58,0.38,4.9,6.9,higher_p,higher_m,0,1,alternatives,0.0,False,2.842,2.6220000000000003,0.2199999999999997,0.4837536146444008,0.6,0.4,0.5,0.5,0.0,1.0,higher_p,higher_m,True,"{""durations"":[1500,1000,1500,1000],""alternatives"":[0,1,0,1],""attributes"":[""all"",""all"",""all"",""all""]}","[{""x"":595,""y"":183,""t"":0},{""x"":586,""y"":186,""t"":47},{""x"":575,""y"":193,""t"":79},{""x"":605,""y"":198,""t"":127},{""x"":631,""y"":203,""t"":138},{""x"":625,""y"":203,""t"":184},{""x"":620,""y"":202,""t"":204},{""x"":588,""y"":199,""t"":248},{""x"":545,""y"":187,""t"":274},{""x"":484,""y"":180,""t"":317},{""x"":420,""y"":157,""t"":354},{""x"":396,""y"":141,""t"":384},{""x"":327,""y"":126,""t"":425},{""x"":279,""y"":115,""t"":448},{""x"":232,""y"":98,""t"":490},{""x"":192,""y"":95,""t"":518},{""x"":206,""y"":102,""t"":561},{""x"":221,""y"":104,""t"":597},{""x"":231,""y"":106,""t"":635},{""x"":234,""y"":104,""t"":647},{""x"":257,""y"":121,""t"":686},{""x"":279,""y"":128,""t"":731},{""x"":321,""y"":142,""t"":753},{""x"":357,""y"":168,""t"":795},{""x"":384,""y"":189,""t"":821},{""x"":401,""y"":202,""t"":863},{""x"":430,""y"":220,""t"":884},{""x"":414,""y"":209,""t"":924},{""x"":416,""y"":217,""t"":957},{""x"":424,""y"":217,""t"":998},{""x"":420,""y"":216,""t"":1021},{""x"":407,""y"":209,""t"":1066},{""x"":396,""y"":201,""t"":1089},{""x"":371,""y"":189,""t"":1132},{""x"":363,""y"":176,""t"":1166},{""x"":341,""y"":167,""t"":1202},{""x"":335,""y"":159,""t"":1243},{""x"":330,""y"":153,""t"":1260},{""x"":301,""y"":150,""t"":1307},{""x"":304,""y"":148,""t"":1328},{""x"":286,""y"":142,""t"":1374},{""x"":295,""y"":155,""t"":1394},{""x"":288,""y"":146,""t"":1440},{""x"":296,""y"":141,""t"":1483},{""x"":311,""y"":136,""t"":1502},{""x"":317,""y"":138,""t"":1547},{""x"":315,""y"":130,""t"":1571},{""x"":346,""y"":139,""t"":1626},{""x"":373,""y"":146,""t"":1635},{""x"":359,""y"":152,""t"":1678},{""x"":363,""y"":153,""t"":1701},{""x"":371,""y"":151,""t"":1743},{""x"":380,""y"":151,""t"":1773},{""x"":508,""y"":170,""t"":1819},{""x"":607,""y"":199,""t"":1840},{""x"":690,""y"":218,""t"":1881},{""x"":753,""y"":233,""t"":1931},{""x"":798,""y"":242,""t"":1940},{""x"":830,""y"":246,""t"":1986},{""x"":861,""y"":249,""t"":2013},{""x"":886,""y"":248,""t"":2057},{""x"":903,""y"":246,""t"":2081},{""x"":939,""y"":249,""t"":2126},{""x"":947,""y"":250,""t"":2144},{""x"":981,""y"":254,""t"":2188},{""x"":1007,""y"":249,""t"":2227},{""x"":1023,""y"":248,""t"":2252},{""x"":1009,""y"":238,""t"":2309},{""x"":976,""y"":219,""t"":2331},{""x"":945,""y"":203,""t"":2358},{""x"":931,""y"":188,""t"":2404},{""x"":925,""y"":177,""t"":2426},{""x"":938,""y"":174,""t"":2469},{""x"":948,""y"":173,""t"":2484},{""x"":949,""y"":169,""t"":2529},{""x"":924,""y"":180,""t"":2557},{""x"":915,""y"":171,""t"":2597},{""x"":903,""y"":151,""t"":2621},{""x"":895,""y"":162,""t"":2664},{""x"":899,""y"":161,""t"":2693},{""x"":867,""y"":171,""t"":2736},{""x"":847,""y"":176,""t"":2756},{""x"":734,""y"":157,""t"":2798},{""x"":621,""y"":138,""t"":2828},{""x"":521,""y"":119,""t"":2872},{""x"":465,""y"":105,""t"":2893},{""x"":387,""y"":87,""t"":2938},{""x"":325,""y"":78,""t"":2958},{""x"":281,""y"":74,""t"":3004},{""x"":278,""y"":69,""t"":3027},{""x"":267,""y"":67,""t"":3071},{""x"":283,""y"":69,""t"":3106},{""x"":273,""y"":74,""t"":3150},{""x"":267,""y"":78,""t"":3165},{""x"":273,""y"":97,""t"":3205},{""x"":282,""y"":113,""t"":3246},{""x"":292,""y"":127,""t"":3266},{""x"":288,""y"":139,""t"":3309},{""x"":253,""y"":159,""t"":3341},{""x"":260,""y"":177,""t"":3384},{""x"":293,""y"":195,""t"":3409},{""x"":283,""y"":188,""t"":3451},{""x"":276,""y"":182,""t"":3469},{""x"":289,""y"":200,""t"":3510},{""x"":279,""y"":211,""t"":3540},{""x"":279,""y"":212,""t"":3587},{""x"":294,""y"":232,""t"":3605},{""x"":284,""y"":242,""t"":3647},{""x"":296,""y"":223,""t"":3700},{""x"":307,""y"":207,""t"":3710},{""x"":332,""y"":193,""t"":3755},{""x"":362,""y"":187,""t"":3790},{""x"":358,""y"":170,""t"":3829},{""x"":354,""y"":156,""t"":3845},{""x"":346,""y"":146,""t"":3887},{""x"":318,""y"":133,""t"":3916},{""x"":315,""y"":122,""t"":3959},{""x"":313,""y"":115,""t"":3983},{""x"":314,""y"":111,""t"":4031},{""x"":317,""y"":112,""t"":4051},{""x"":338,""y"":112,""t"":4093},{""x"":374,""y"":118,""t"":4132},{""x"":388,""y"":123,""t"":4156},{""x"":401,""y"":124,""t"":4202},{""x"":413,""y"":139,""t"":4221},{""x"":414,""y"":131,""t"":4261},{""x"":413,""y"":124,""t"":4292},{""x"":395,""y"":118,""t"":4339},{""x"":368,""y"":114,""t"":4356},{""x"":485,""y"":130,""t"":4399},{""x"":575,""y"":150,""t"":4420},{""x"":657,""y"":150,""t"":4471},{""x"":739,""y"":142,""t"":4493},{""x"":819,""y"":160,""t"":4535},{""x"":869,""y"":162,""t"":4557},{""x"":907,""y"":170,""t"":4598},{""x"":930,""y"":178,""t"":4628},{""x"":945,""y"":188,""t"":4668},{""x"":949,""y"":189,""t"":4709},{""x"":949,""y"":188,""t"":4733},{""x"":954,""y"":187,""t"":4774},{""x"":956,""y"":183,""t"":4797},{""x"":927,""y"":201,""t"":4840},{""x"":918,""y"":219,""t"":4875},{""x"":909,""y"":234,""t"":4898},{""x"":928,""y"":232,""t"":4943},{""x"":914,""y"":238,""t"":4964},{""x"":891,""y"":241,""t"":5005},{""x"":870,""y"":237,""t"":5043},{""x"":815,""y"":230,""t"":5084},{""x"":763,""y"":219,""t"":5107},{""x"":696,""y"":215,""t"":5148},{""x"":621,""y"":207,""t"":5171},{""x"":525,""y"":187,""t"":5215},{""x"":477,""y"":180,""t"":5240},{""x"":444,""y"":176,""t"":5282},{""x"":433,""y"":171,""t"":5322},{""x"":427,""y"":167,""t"":5341},{""x"":468,""y"":163,""t"":5382},{""x"":484,""y"":156,""t"":5412},{""x"":536,""y"":150,""t"":5456},{""x"":573,""y"":141,""t"":5479},{""x"":637,""y"":132,""t"":5523},{""x"":670,""y"":123,""t"":5549},{""x"":680,""y"":109,""t"":5597},{""x"":687,""y"":97,""t"":5613},{""x"":720,""y"":91,""t"":5658},{""x"":727,""y"":81,""t"":5683},{""x"":772,""y"":87,""t"":5725},{""x"":809,""y"":93,""t"":5751},{""x"":833,""y"":97,""t"":5795},{""x"":851,""y"":100,""t"":5821},{""x"":859,""y"":100,""t"":5861},{""x"":855,""y"":90,""t"":5903},{""x"":849,""y"":82,""t"":5916},{""x"":824,""y"":91,""t"":5961},{""x"":694,""y"":207,""t"":6002},{""x"":629,""y"":296,""t"":6028}]",0,0.7428576290204817,0.2571423709795183,mcutoff_b-last,0
27-alternatives,0,47,exp_90,0.0,421.6999999880791,0.5,0.38,3.0,4.0,higher_p,higher_m,0,1,alternatives,0.0,False,1.5,1.52,-0.02,0.2367304922727919,0.6,0.4,0.5,0.5,0.0,0.0,higher_p,higher_p,True,"{""durations"":[1000,1500,1000,1500],""alternatives"":[1,0,1,0],""attributes"":[""all"",""all"",""all"",""all""]}","[{""x"":606,""y"":183,""t"":0},{""x"":638,""y"":175,""t"":48},{""x"":650,""y"":170,""t"":79},{""x"":684,""y"":168,""t"":127},{""x"":707,""y"":168,""t"":138},{""x"":696,""y"":174,""t"":183},{""x"":682,""y"":177,""t"":210},{""x"":683,""y"":172,""t"":251},{""x"":676,""y"":167,""t"":275},{""x"":602,""y"":155,""t"":315},{""x"":553,""y"":151,""t"":341},{""x"":480,""y"":136,""t"":383},{""x"":400,""y"":120,""t"":426},{""x"":342,""y"":107,""t"":443},{""x"":293,""y"":92,""t"":492},{""x"":277,""y"":82,""t"":517},{""x"":248,""y"":77,""t"":558},{""x"":221,""y"":67,""t"":594},{""x"":221,""y"":78,""t"":639},{""x"":210,""y"":75,""t"":649},{""x"":206,""y"":83,""t"":692},{""x"":208,""y"":78,""t"":731},{""x"":212,""y"":74,""t"":749},{""x"":225,""y"":78,""t"":791},{""x"":230,""y"":86,""t"":833},{""x"":235,""y"":94,""t"":858},{""x"":234,""y"":91,""t"":898},{""x"":259,""y"":89,""t"":937},{""x"":268,""y"":90,""t"":954},{""x"":246,""y"":101,""t"":994},{""x"":265,""y"":108,""t"":1034},{""x"":282,""y"":103,""t"":1056},{""x"":301,""y"":110,""t"":1099},{""x"":312,""y"":114,""t"":1130},{""x"":325,""y"":128,""t"":1172},{""x"":331,""y"":143,""t"":1194},{""x"":350,""y"":154,""t"":1235},{""x"":344,""y"":146,""t"":1258},{""x"":326,""y"":139,""t"":1300},{""x"":366,""y"":191,""t"":1353},{""x"":404,""y"":235,""t"":1374},{""x"":463,""y"":348,""t"":1420},{""x"":471,""y"":435,""t"":1430},{""x"":544,""y"":523,""t"":1472},{""x"":645,""y"":564,""t"":1519},{""x"":728,""y"":593,""t"":1532},{""x"":790,""y"":538,""t"":1575},{""x"":837,""y"":486,""t"":1601},{""x"":875,""y"":424,""t"":1645},{""x"":907,""y"":372,""t"":1674},{""x"":944,""y"":343,""t"":1719},{""x"":970,""y"":318,""t"":1738},{""x"":962,""y"":309,""t"":1781},{""x"":950,""y"":295,""t"":1821},{""x"":961,""y"":306,""t"":1840},{""x"":970,""y"":293,""t"":1881},{""x"":934,""y"":299,""t"":1917},{""x"":904,""y"":304,""t"":1946},{""x"":895,""y"":294,""t"":1987},{""x"":895,""y"":293,""t"":2027},{""x"":877,""y"":289,""t"":2041},{""x"":879,""y"":285,""t"":2099},{""x"":880,""y"":283,""t"":2121},{""x"":864,""y"":278,""t"":2165},{""x"":850,""y"":272,""t"":2179},{""x"":847,""y"":266,""t"":2219},{""x"":852,""y"":269,""t"":2261},{""x"":857,""y"":271,""t"":2286},{""x"":778,""y"":293,""t"":2326},{""x"":664,""y"":300,""t"":2365},{""x"":578,""y"":273,""t"":2390},{""x"":494,""y"":284,""t"":2435},{""x"":426,""y"":293,""t"":2451},{""x"":379,""y"":293,""t"":2491},{""x"":331,""y"":271,""t"":2537},{""x"":294,""y"":254,""t"":2550},{""x"":264,""y"":266,""t"":2593},{""x"":257,""y"":251,""t"":2637},{""x"":256,""y"":238,""t"":2653},{""x"":263,""y"":234,""t"":2694},{""x"":270,""y"":235,""t"":2739},{""x"":267,""y"":234,""t"":2762},{""x"":283,""y"":218,""t"":2801},{""x"":288,""y"":210,""t"":2841},{""x"":310,""y"":200,""t"":2859},{""x"":329,""y"":205,""t"":2900},{""x"":327,""y"":193,""t"":2930},{""x"":341,""y"":183,""t"":2981},{""x"":353,""y"":176,""t"":2993},{""x"":363,""y"":167,""t"":3036},{""x"":368,""y"":158,""t"":3066},{""x"":370,""y"":157,""t"":3109},{""x"":387,""y"":164,""t"":3131},{""x"":365,""y"":151,""t"":3174},{""x"":341,""y"":143,""t"":3202},{""x"":314,""y"":140,""t"":3245},{""x"":285,""y"":137,""t"":3266},{""x"":281,""y"":130,""t"":3305},{""x"":319,""y"":142,""t"":3348},{""x"":316,""y"":128,""t"":3366},{""x"":352,""y"":140,""t"":3411},{""x"":384,""y"":153,""t"":3452},{""x"":371,""y"":149,""t"":3472},{""x"":369,""y"":148,""t"":3530},{""x"":383,""y"":137,""t"":3545},{""x"":392,""y"":152,""t"":3586},{""x"":374,""y"":146,""t"":3610},{""x"":380,""y"":146,""t"":3650},{""x"":384,""y"":145,""t"":3678},{""x"":505,""y"":175,""t"":3722},{""x"":601,""y"":207,""t"":3744},{""x"":680,""y"":218,""t"":3790},{""x"":757,""y"":220,""t"":3808},{""x"":819,""y"":235,""t"":3851},{""x"":861,""y"":241,""t"":3897},{""x"":885,""y"":260,""t"":3914},{""x"":896,""y"":263,""t"":3955},{""x"":933,""y"":264,""t"":3979},{""x"":947,""y"":263,""t"":4020},{""x"":954,""y"":261,""t"":4050},{""x"":948,""y"":261,""t"":4093},{""x"":948,""y"":260,""t"":4129},{""x"":940,""y"":262,""t"":4155},{""x"":936,""y"":256,""t"":4199},{""x"":924,""y"":251,""t"":4219},{""x"":909,""y"":241,""t"":4261},{""x"":893,""y"":227,""t"":4290},{""x"":889,""y"":219,""t"":4332},{""x"":891,""y"":209,""t"":4355},{""x"":903,""y"":200,""t"":4397},{""x"":890,""y"":205,""t"":4426},{""x"":867,""y"":207,""t"":4468},{""x"":856,""y"":211,""t"":4492},{""x"":847,""y"":209,""t"":4540},{""x"":841,""y"":207,""t"":4560},{""x"":836,""y"":187,""t"":4604},{""x"":833,""y"":171,""t"":4624},{""x"":834,""y"":174,""t"":4673},{""x"":845,""y"":156,""t"":4698},{""x"":857,""y"":159,""t"":4739},{""x"":872,""y"":160,""t"":4777},{""x"":892,""y"":159,""t"":4799},{""x"":878,""y"":163,""t"":4838},{""x"":872,""y"":167,""t"":4867},{""x"":870,""y"":184,""t"":4909},{""x"":868,""y"":199,""t"":4938},{""x"":846,""y"":207,""t"":4984},{""x"":842,""y"":218,""t"":5034},{""x"":824,""y"":230,""t"":5072},{""x"":848,""y"":228,""t"":5106},{""x"":858,""y"":235,""t"":5150},{""x"":816,""y"":237,""t"":5187},{""x"":757,""y"":236,""t"":5221},{""x"":723,""y"":232,""t"":5243},{""x"":644,""y"":288,""t"":5317},{""x"":578,""y"":336,""t"":5341},{""x"":543,""y"":415,""t"":5384},{""x"":512,""y"":452,""t"":5424},{""x"":517,""y"":480,""t"":5440},{""x"":548,""y"":436,""t"":5486},{""x"":560,""y"":368,""t"":5529},{""x"":593,""y"":318,""t"":5546},{""x"":623,""y"":263,""t"":5591},{""x"":649,""y"":216,""t"":5613},{""x"":682,""y"":174,""t"":5655},{""x"":685,""y"":139,""t"":5680},{""x"":678,""y"":108,""t"":5725},{""x"":668,""y"":82,""t"":5754},{""x"":674,""y"":57,""t"":5795},{""x"":664,""y"":37,""t"":5819},{""x"":663,""y"":23,""t"":5858},{""x"":694,""y"":32,""t"":5897},{""x"":716,""y"":37,""t"":5923}]",1,0.7428576290204817,0.2571423709795183,mcutoff_b-last,0
27-alternatives,0,49,exp_74,0.0,361.90000000596046,0.8,0.2,4.0,6.799999999999999,higher_p,higher_m,0,1,alternatives,0.0,False,3.2,1.36,1.8400000000000003,2.151159690652763,0.6,0.4,0.5,0.5,0.0,0.0,higher_p,higher_p,True,"{""durations"":[1000,1500,1000,1500],""alternatives"":[1,0,1,0],""attributes"":[""all"",""all"",""all"",""all""]}","[{""x"":606,""y"":197,""t"":-17},{""x"":632,""y"":202,""t"":0},{""x"":632,""y"":199,""t"":44},{""x"":634,""y"":193,""t"":98},{""x"":634,""y"":188,""t"":118},{""x"":666,""y"":186,""t"":163},{""x"":693,""y"":185,""t"":173},{""x"":708,""y"":202,""t"":215},{""x"":702,""y"":199,""t"":248},{""x"":703,""y"":196,""t"":273},{""x"":642,""y"":189,""t"":316},{""x"":560,""y"":197,""t"":360},{""x"":500,""y"":209,""t"":378},{""x"":470,""y"":299,""t"":423},{""x"":439,""y"":388,""t"":442},{""x"":448,""y"":474,""t"":482},{""x"":414,""y"":511,""t"":538},{""x"":369,""y"":519,""t"":548},{""x"":341,""y"":543,""t"":594},{""x"":338,""y"":565,""t"":617},{""x"":371,""y"":582,""t"":661},{""x"":401,""y"":608,""t"":683},{""x"":358,""y"":540,""t"":724},{""x"":358,""y"":458,""t"":751},{""x"":350,""y"":387,""t"":795},{""x"":357,""y"":328,""t"":817},{""x"":362,""y"":269,""t"":860},{""x"":372,""y"":222,""t"":905},{""x"":382,""y"":184,""t"":922},{""x"":353,""y"":136,""t"":968},{""x"":371,""y"":121,""t"":986},{""x"":357,""y"":81,""t"":1031},{""x"":382,""y"":65,""t"":1071},{""x"":381,""y"":58,""t"":1089},{""x"":376,""y"":52,""t"":1132},{""x"":377,""y"":54,""t"":1162},{""x"":365,""y"":65,""t"":1203},{""x"":379,""y"":73,""t"":1241},{""x"":367,""y"":75,""t"":1266},{""x"":457,""y"":107,""t"":1308},{""x"":509,""y"":133,""t"":1334},{""x"":601,""y"":147,""t"":1379},{""x"":695,""y"":161,""t"":1415},{""x"":772,""y"":172,""t"":1433},{""x"":828,""y"":184,""t"":1476},{""x"":871,""y"":193,""t"":1497},{""x"":917,""y"":201,""t"":1549},{""x"":951,""y"":207,""t"":1567},{""x"":960,""y"":202,""t"":1608},{""x"":982,""y"":198,""t"":1651},{""x"":995,""y"":189,""t"":1674},{""x"":974,""y"":189,""t"":1717},{""x"":953,""y"":189,""t"":1738},{""x"":926,""y"":195,""t"":1781},{""x"":899,""y"":204,""t"":1807},{""x"":904,""y"":228,""t"":1852},{""x"":890,""y"":230,""t"":1887},{""x"":886,""y"":231,""t"":1905},{""x"":873,""y"":245,""t"":1962},{""x"":867,""y"":245,""t"":1974},{""x"":864,""y"":242,""t"":2026},{""x"":862,""y"":239,""t"":2042},{""x"":862,""y"":249,""t"":2085},{""x"":862,""y"":258,""t"":2118},{""x"":856,""y"":266,""t"":2180},{""x"":835,""y"":273,""t"":2242},{""x"":822,""y"":274,""t"":2252},{""x"":795,""y"":275,""t"":2293},{""x"":785,""y"":268,""t"":2331},{""x"":792,""y"":272,""t"":2370},{""x"":802,""y"":276,""t"":2380},{""x"":802,""y"":273,""t"":2421},{""x"":814,""y"":268,""t"":2476},{""x"":825,""y"":263,""t"":2486},{""x"":832,""y"":264,""t"":2530},{""x"":838,""y"":264,""t"":2554},{""x"":842,""y"":269,""t"":2597},{""x"":851,""y"":269,""t"":2638},{""x"":858,""y"":269,""t"":2654},{""x"":845,""y"":271,""t"":2697},{""x"":838,""y"":271,""t"":2735},{""x"":850,""y"":273,""t"":2770},{""x"":738,""y"":256,""t"":2808},{""x"":642,""y"":241,""t"":2830},{""x"":544,""y"":237,""t"":2874},{""x"":479,""y"":220,""t"":2895},{""x"":425,""y"":209,""t"":2940},{""x"":383,""y"":210,""t"":2975},{""x"":352,""y"":207,""t"":2993},{""x"":314,""y"":190,""t"":3036},{""x"":290,""y"":168,""t"":3095},{""x"":274,""y"":159,""t"":3135},{""x"":269,""y"":142,""t"":3177},{""x"":269,""y"":131,""t"":3224},{""x"":273,""y"":123,""t"":3245},{""x"":299,""y"":128,""t"":3290},{""x"":323,""y"":133,""t"":3301},{""x"":328,""y"":132,""t"":3344},{""x"":333,""y"":132,""t"":3374},{""x"":329,""y"":129,""t"":3420},{""x"":322,""y"":130,""t"":3439},{""x"":332,""y"":143,""t"":3482},{""x"":342,""y"":155,""t"":3505},{""x"":380,""y"":160,""t"":3547},{""x"":487,""y"":189,""t"":3591},{""x"":573,""y"":209,""t"":3610},{""x"":622,""y"":219,""t"":3653},{""x"":661,""y"":226,""t"":3673},{""x"":698,""y"":254,""t"":3716},{""x"":732,""y"":277,""t"":3743},{""x"":778,""y"":288,""t"":3788},{""x"":791,""y"":296,""t"":3809},{""x"":831,""y"":303,""t"":3850},{""x"":848,""y"":295,""t"":3909},{""x"":858,""y"":286,""t"":3918},{""x"":892,""y"":288,""t"":3959},{""x"":917,""y"":290,""t"":3978},{""x"":915,""y"":290,""t"":4019},{""x"":914,""y"":273,""t"":4067},{""x"":909,""y"":268,""t"":4082},{""x"":899,""y"":249,""t"":4128},{""x"":888,""y"":233,""t"":4153},{""x"":891,""y"":221,""t"":4193},{""x"":911,""y"":219,""t"":4249},{""x"":921,""y"":216,""t"":4261},{""x"":938,""y"":214,""t"":4304},{""x"":951,""y"":213,""t"":4321},{""x"":945,""y"":214,""t"":4363},{""x"":939,""y"":214,""t"":4388},{""x"":939,""y"":209,""t"":4434},{""x"":937,""y"":204,""t"":4479},{""x"":936,""y"":200,""t"":4489},{""x"":908,""y"":201,""t"":4531},{""x"":893,""y"":199,""t"":4560},{""x"":819,""y"":204,""t"":4602},{""x"":714,""y"":178,""t"":4638},{""x"":647,""y"":170,""t"":4665},{""x"":584,""y"":158,""t"":4705},{""x"":548,""y"":155,""t"":4735},{""x"":524,""y"":154,""t"":4778},{""x"":502,""y"":166,""t"":4811},{""x"":487,""y"":176,""t"":4831},{""x"":442,""y"":155,""t"":4876},{""x"":408,""y"":137,""t"":4897},{""x"":417,""y"":139,""t"":4937},{""x"":410,""y"":151,""t"":4984},{""x"":381,""y"":143,""t"":5002},{""x"":378,""y"":144,""t"":5044},{""x"":380,""y"":137,""t"":5067},{""x"":363,""y"":139,""t"":5107},{""x"":404,""y"":141,""t"":5152},{""x"":441,""y"":143,""t"":5170},{""x"":523,""y"":165,""t"":5212},{""x"":594,""y"":186,""t"":5241},{""x"":664,""y"":202,""t"":5287},{""x"":722,""y"":215,""t"":5306},{""x"":727,""y"":218,""t"":5352},{""x"":760,""y"":228,""t"":5388},{""x"":784,""y"":235,""t"":5407},{""x"":802,""y"":240,""t"":5451},{""x"":811,""y"":243,""t"":5490},{""x"":815,""y"":245,""t"":5510},{""x"":821,""y"":244,""t"":5558},{""x"":800,""y"":233,""t"":5576},{""x"":795,""y"":233,""t"":5620},{""x"":793,""y"":235,""t"":5659},{""x"":788,""y"":238,""t"":5680},{""x"":783,""y"":243,""t"":5726},{""x"":752,""y"":240,""t"":5753},{""x"":744,""y"":238,""t"":5794},{""x"":742,""y"":235,""t"":5817},{""x"":748,""y"":231,""t"":5856},{""x"":736,""y"":230,""t"":5896}]",0,0.7428576290204817,0.2571423709795183,mcutoff_b-last,0
27-alternatives,0,50,exp_50,0.0,250.0,0.49,0.32,6.9,8.2,higher_p,higher_m,0,1,alternatives,0.0,False,3.381,2.624,0.7570000000000006,1.0364678509508771,0.6,0.4,0.5,0.5,0.0,0.0,higher_p,higher_p,True,"{""durations"":[1000,1500,1000,1500],""alternatives"":[1,0,1,0],""attributes"":[""all"",""all"",""all"",""all""]}","[{""x"":630,""y"":224,""t"":-11},{""x"":589,""y"":223,""t"":0},{""x"":596,""y"":229,""t"":66},{""x"":602,""y"":226,""t"":81},{""x"":614,""y"":229,""t"":131},{""x"":606,""y"":224,""t"":143},{""x"":591,""y"":223,""t"":182},{""x"":560,""y"":215,""t"":205},{""x"":490,""y"":201,""t"":251},{""x"":432,""y"":190,""t"":274},{""x"":373,""y"":173,""t"":317},{""x"":362,""y"":174,""t"":360},{""x"":319,""y"":153,""t"":379},{""x"":308,""y"":146,""t"":423},{""x"":297,""y"":135,""t"":443},{""x"":277,""y"":215,""t"":493},{""x"":278,""y"":279,""t"":517},{""x"":323,""y"":352,""t"":560},{""x"":299,""y"":413,""t"":599},{""x"":345,""y"":473,""t"":614},{""x"":348,""y"":419,""t"":658},{""x"":323,""y"":381,""t"":686},{""x"":321,""y"":334,""t"":726},{""x"":325,""y"":308,""t"":767},{""x"":328,""y"":286,""t"":789},{""x"":329,""y"":254,""t"":833},{""x"":335,""y"":229,""t"":870},{""x"":340,""y"":208,""t"":887},{""x"":333,""y"":191,""t"":929},{""x"":320,""y"":174,""t"":957},{""x"":373,""y"":178,""t"":997},{""x"":408,""y"":181,""t"":1022},{""x"":489,""y"":189,""t"":1080},{""x"":558,""y"":197,""t"":1090},{""x"":613,""y"":204,""t"":1140},{""x"":657,""y"":211,""t"":1173},{""x"":718,""y"":219,""t"":1214},{""x"":742,""y"":231,""t"":1227},{""x"":806,""y"":237,""t"":1269},{""x"":842,""y"":245,""t"":1307},{""x"":867,""y"":250,""t"":1333},{""x"":888,""y"":249,""t"":1374},{""x"":895,""y"":245,""t"":1401},{""x"":929,""y"":240,""t"":1444},{""x"":941,""y"":233,""t"":1469},{""x"":965,""y"":220,""t"":1511},{""x"":993,""y"":201,""t"":1534},{""x"":997,""y"":194,""t"":1575},{""x"":998,""y"":194,""t"":1609},{""x"":1006,""y"":182,""t"":1654},{""x"":986,""y"":169,""t"":1666},{""x"":970,""y"":165,""t"":1708},{""x"":973,""y"":164,""t"":1734},{""x"":977,""y"":150,""t"":1774},{""x"":972,""y"":146,""t"":1813},{""x"":932,""y"":172,""t"":1853},{""x"":906,""y"":196,""t"":1878},{""x"":881,""y"":227,""t"":1928},{""x"":861,""y"":252,""t"":1942},{""x"":852,""y"":272,""t"":1986},{""x"":834,""y"":289,""t"":2011},{""x"":841,""y"":288,""t"":2056},{""x"":839,""y"":286,""t"":2075},{""x"":848,""y"":290,""t"":2117},{""x"":866,""y"":289,""t"":2151},{""x"":882,""y"":288,""t"":2181},{""x"":889,""y"":296,""t"":2226},{""x"":896,""y"":300,""t"":2245},{""x"":918,""y"":295,""t"":2287},{""x"":932,""y"":276,""t"":2315},{""x"":922,""y"":264,""t"":2359},{""x"":917,""y"":262,""t"":2381},{""x"":925,""y"":258,""t"":2420},{""x"":922,""y"":246,""t"":2469},{""x"":923,""y"":234,""t"":2485},{""x"":907,""y"":239,""t"":2527},{""x"":875,""y"":251,""t"":2557},{""x"":874,""y"":262,""t"":2599},{""x"":866,""y"":248,""t"":2644},{""x"":858,""y"":237,""t"":2653},{""x"":847,""y"":246,""t"":2695},{""x"":837,""y"":253,""t"":2725},{""x"":764,""y"":248,""t"":2769},{""x"":703,""y"":244,""t"":2790},{""x"":593,""y"":225,""t"":2831},{""x"":508,""y"":233,""t"":2870},{""x"":439,""y"":211,""t"":2894},{""x"":383,""y"":195,""t"":2936},{""x"":352,""y"":176,""t"":2973},{""x"":323,""y"":161,""t"":2997},{""x"":289,""y"":140,""t"":3042},{""x"":277,""y"":119,""t"":3062},{""x"":244,""y"":109,""t"":3105},{""x"":210,""y"":104,""t"":3131},{""x"":221,""y"":109,""t"":3175},{""x"":233,""y"":115,""t"":3200},{""x"":248,""y"":117,""t"":3243},{""x"":229,""y"":154,""t"":3284},{""x"":235,""y"":151,""t"":3303},{""x"":252,""y"":184,""t"":3344},{""x"":273,""y"":202,""t"":3381},{""x"":289,""y"":202,""t"":3407},{""x"":323,""y"":205,""t"":3446},{""x"":346,""y"":211,""t"":3477},{""x"":363,""y"":207,""t"":3518},{""x"":379,""y"":207,""t"":3541},{""x"":379,""y"":209,""t"":3584},{""x"":377,""y"":210,""t"":3606},{""x"":439,""y"":223,""t"":3645},{""x"":542,""y"":265,""t"":3683},{""x"":654,""y"":265,""t"":3726},{""x"":735,""y"":265,""t"":3757},{""x"":809,""y"":256,""t"":3774},{""x"":858,""y"":269,""t"":3814},{""x"":894,""y"":280,""t"":3846},{""x"":922,""y"":278,""t"":3891},{""x"":940,""y"":276,""t"":3915},{""x"":952,""y"":259,""t"":3960},{""x"":958,""y"":243,""t"":3979},{""x"":952,""y"":250,""t"":4041},{""x"":979,""y"":255,""t"":4053},{""x"":983,""y"":250,""t"":4097},{""x"":984,""y"":245,""t"":4120},{""x"":1001,""y"":227,""t"":4163},{""x"":1013,""y"":211,""t"":4185},{""x"":1005,""y"":198,""t"":4230},{""x"":997,""y"":189,""t"":4253},{""x"":1003,""y"":183,""t"":4295},{""x"":1018,""y"":179,""t"":4325},{""x"":1010,""y"":182,""t"":4367},{""x"":995,""y"":183,""t"":4403},{""x"":972,""y"":174,""t"":4423},{""x"":958,""y"":178,""t"":4463},{""x"":956,""y"":181,""t"":4493},{""x"":933,""y"":191,""t"":4533},{""x"":919,""y"":190,""t"":4573},{""x"":907,""y"":211,""t"":4594},{""x"":899,""y"":225,""t"":4635},{""x"":846,""y"":243,""t"":4673},{""x"":803,""y"":258,""t"":4693},{""x"":787,""y"":284,""t"":4735},{""x"":758,""y"":308,""t"":4764},{""x"":735,""y"":309,""t"":4809},{""x"":697,""y"":313,""t"":4829},{""x"":671,""y"":322,""t"":4878},{""x"":649,""y"":323,""t"":4902},{""x"":634,""y"":333,""t"":4944},{""x"":640,""y"":328,""t"":4966},{""x"":603,""y"":324,""t"":5013},{""x"":581,""y"":313,""t"":5035},{""x"":602,""y"":334,""t"":5080},{""x"":590,""y"":323,""t"":5101},{""x"":573,""y"":314,""t"":5145},{""x"":573,""y"":306,""t"":5188},{""x"":575,""y"":299,""t"":5205},{""x"":562,""y"":290,""t"":5246},{""x"":550,""y"":299,""t"":5278},{""x"":539,""y"":294,""t"":5305},{""x"":536,""y"":291,""t"":5346},{""x"":535,""y"":286,""t"":5389},{""x"":529,""y"":287,""t"":5413},{""x"":524,""y"":295,""t"":5455},{""x"":540,""y"":293,""t"":5491},{""x"":548,""y"":296,""t"":5510},{""x"":534,""y"":286,""t"":5552},{""x"":521,""y"":278,""t"":5582},{""x"":563,""y"":303,""t"":5625},{""x"":561,""y"":302,""t"":5646},{""x"":560,""y"":374,""t"":5692},{""x"":570,""y"":430,""t"":5718},{""x"":569,""y"":483,""t"":5762}]",1,0.2571423709795183,0.7428576290204817,mcutoff_b-last,0
27-alternatives,0,54,exp_94,0.0,462.8999999761581,0.5,0.38,3.0,4.0,higher_p,higher_m,0,1,alternatives,0.0,False,1.5,1.52,-0.02,0.2367304922727919,0.4,0.6,0.5,0.5,1.0,1.0,higher_m,higher_m,True,"{""durations"":[1000,1500,1000,1500],""alternatives"":[0,1,0,1],""attributes"":[""all"",""all"",""all"",""all""]}","[{""x"":544,""y"":225,""t"":-24},{""x"":507,""y"":199,""t"":0},{""x"":492,""y"":199,""t"":46},{""x"":462,""y"":194,""t"":76},{""x"":438,""y"":199,""t"":126},{""x"":436,""y"":196,""t"":138},{""x"":433,""y"":188,""t"":183},{""x"":424,""y"":183,""t"":207},{""x"":451,""y"":223,""t"":259},{""x"":475,""y"":258,""t"":273},{""x"":556,""y"":259,""t"":315},{""x"":611,""y"":268,""t"":345},{""x"":672,""y"":270,""t"":389},{""x"":734,""y"":270,""t"":411},{""x"":787,""y"":254,""t"":456},{""x"":828,""y"":239,""t"":480},{""x"":841,""y"":250,""t"":523},{""x"":863,""y"":258,""t"":548},{""x"":849,""y"":258,""t"":595},{""x"":825,""y"":265,""t"":612},{""x"":806,""y"":280,""t"":658},{""x"":719,""y"":284,""t"":703},{""x"":655,""y"":283,""t"":716},{""x"":586,""y"":298,""t"":773},{""x"":515,""y"":306,""t"":790},{""x"":462,""y"":310,""t"":830},{""x"":404,""y"":309,""t"":854},{""x"":376,""y"":292,""t"":896},{""x"":347,""y"":271,""t"":923},{""x"":355,""y"":253,""t"":966},{""x"":430,""y"":259,""t"":1007},{""x"":494,""y"":267,""t"":1023},{""x"":555,""y"":272,""t"":1067},{""x"":611,""y"":276,""t"":1102},{""x"":663,""y"":276,""t"":1139},{""x"":683,""y"":267,""t"":1158},{""x"":749,""y"":281,""t"":1202},{""x"":779,""y"":295,""t"":1224},{""x"":792,""y"":300,""t"":1267},{""x"":755,""y"":317,""t"":1313},{""x"":712,""y"":335,""t"":1327},{""x"":631,""y"":340,""t"":1372},{""x"":543,""y"":339,""t"":1433},{""x"":471,""y"":335,""t"":1468},{""x"":418,""y"":325,""t"":1510},{""x"":347,""y"":322,""t"":1550},{""x"":312,""y"":308,""t"":1570},{""x"":281,""y"":271,""t"":1612},{""x"":260,""y"":267,""t"":1636},{""x"":244,""y"":267,""t"":1681},{""x"":250,""y"":259,""t"":1702},{""x"":259,""y"":282,""t"":1748},{""x"":277,""y"":281,""t"":1774},{""x"":293,""y"":295,""t"":1818},{""x"":312,""y"":306,""t"":1842},{""x"":324,""y"":319,""t"":1883},{""x"":331,""y"":327,""t"":1910},{""x"":351,""y"":357,""t"":1951},{""x"":348,""y"":367,""t"":1974},{""x"":358,""y"":370,""t"":2016},{""x"":367,""y"":366,""t"":2045},{""x"":355,""y"":373,""t"":2089},{""x"":344,""y"":378,""t"":2111},{""x"":364,""y"":383,""t"":2153},{""x"":384,""y"":378,""t"":2187},{""x"":392,""y"":362,""t"":2212},{""x"":398,""y"":348,""t"":2255},{""x"":416,""y"":337,""t"":2300},{""x"":433,""y"":311,""t"":2318},{""x"":445,""y"":319,""t"":2363},{""x"":454,""y"":326,""t"":2382},{""x"":412,""y"":311,""t"":2425},{""x"":361,""y"":266,""t"":2452},{""x"":328,""y"":230,""t"":2497},{""x"":316,""y"":242,""t"":2516},{""x"":316,""y"":233,""t"":2565},{""x"":324,""y"":219,""t"":2590},{""x"":330,""y"":227,""t"":2636},{""x"":321,""y"":213,""t"":2655},{""x"":319,""y"":191,""t"":2698},{""x"":326,""y"":185,""t"":2727},{""x"":416,""y"":192,""t"":2770},{""x"":496,""y"":197,""t"":2790},{""x"":604,""y"":203,""t"":2831},{""x"":694,""y"":209,""t"":2866},{""x"":758,""y"":202,""t"":2910},{""x"":807,""y"":195,""t"":2929},{""x"":833,""y"":194,""t"":2970},{""x"":872,""y"":199,""t"":3010},{""x"":901,""y"":204,""t"":3030},{""x"":910,""y"":237,""t"":3074},{""x"":917,""y"":261,""t"":3101},{""x"":945,""y"":308,""t"":3143},{""x"":966,""y"":346,""t"":3166},{""x"":970,""y"":340,""t"":3209},{""x"":973,""y"":335,""t"":3249},{""x"":966,""y"":314,""t"":3268},{""x"":950,""y"":343,""t"":3314},{""x"":921,""y"":342,""t"":3332},{""x"":890,""y"":344,""t"":3377},{""x"":886,""y"":333,""t"":3423},{""x"":861,""y"":354,""t"":3439},{""x"":855,""y"":350,""t"":3481},{""x"":878,""y"":348,""t"":3503},{""x"":876,""y"":350,""t"":3548},{""x"":875,""y"":351,""t"":3571},{""x"":887,""y"":341,""t"":3615},{""x"":896,""y"":328,""t"":3646},{""x"":830,""y"":335,""t"":3688},{""x"":735,""y"":342,""t"":3727},{""x"":645,""y"":352,""t"":3742},{""x"":568,""y"":310,""t"":3783},{""x"":483,""y"":268,""t"":3823},{""x"":414,""y"":268,""t"":3863},{""x"":374,""y"":287,""t"":3879},{""x"":327,""y"":299,""t"":3921},{""x"":267,""y"":275,""t"":3950},{""x"":248,""y"":281,""t"":3993},{""x"":235,""y"":264,""t"":4014},{""x"":225,""y"":233,""t"":4058},{""x"":225,""y"":242,""t"":4084},{""x"":220,""y"":254,""t"":4130},{""x"":219,""y"":266,""t"":4148},{""x"":222,""y"":276,""t"":4193},{""x"":224,""y"":287,""t"":4230},{""x"":228,""y"":297,""t"":4255},{""x"":235,""y"":268,""t"":4298},{""x"":228,""y"":282,""t"":4318},{""x"":240,""y"":288,""t"":4361},{""x"":252,""y"":287,""t"":4388},{""x"":265,""y"":281,""t"":4429},{""x"":284,""y"":246,""t"":4466},{""x"":320,""y"":226,""t"":4495},{""x"":333,""y"":245,""t"":4537},{""x"":350,""y"":256,""t"":4559},{""x"":370,""y"":251,""t"":4604},{""x"":385,""y"":248,""t"":4631},{""x"":354,""y"":243,""t"":4676},{""x"":369,""y"":245,""t"":4695},{""x"":363,""y"":235,""t"":4735},{""x"":368,""y"":220,""t"":4774},{""x"":358,""y"":197,""t"":4798},{""x"":368,""y"":197,""t"":4840},{""x"":362,""y"":197,""t"":4863},{""x"":365,""y"":212,""t"":4908},{""x"":359,""y"":206,""t"":4934},{""x"":363,""y"":196,""t"":4979},{""x"":367,""y"":188,""t"":4999},{""x"":365,""y"":183,""t"":5051},{""x"":351,""y"":177,""t"":5094},{""x"":347,""y"":203,""t"":5107},{""x"":351,""y"":235,""t"":5153},{""x"":354,""y"":263,""t"":5172},{""x"":360,""y"":283,""t"":5214},{""x"":375,""y"":276,""t"":5253},{""x"":388,""y"":269,""t"":5278},{""x"":390,""y"":254,""t"":5331},{""x"":398,""y"":269,""t"":5342},{""x"":386,""y"":280,""t"":5383},{""x"":383,""y"":296,""t"":5420},{""x"":393,""y"":301,""t"":5447},{""x"":436,""y"":280,""t"":5502},{""x"":432,""y"":289,""t"":5513},{""x"":464,""y"":271,""t"":5557},{""x"":491,""y"":259,""t"":5582},{""x"":539,""y"":241,""t"":5626},{""x"":579,""y"":226,""t"":5648},{""x"":603,""y"":237,""t"":5688},{""x"":632,""y"":250,""t"":5716},{""x"":669,""y"":252,""t"":5765},{""x"":678,""y"":255,""t"":5783},{""x"":664,""y"":246,""t"":5824},{""x"":680,""y"":242,""t"":5854},{""x"":668,""y"":234,""t"":5899},{""x"":655,""y"":226,""t"":5919},{""x"":637,""y"":252,""t"":5963},{""x"":611,""y"":255,""t"":6001},{""x"":582,""y"":274,""t"":6021}]",0,0.7428576290204817,0.2571423709795183,mcutoff_b-last,0
27-alternatives,0,55,exp_102,0.0,416.0,0.58,0.38,4.9,6.9,higher_p,higher_m,0,1,alternatives,0.0,False,2.842,2.6220000000000003,0.2199999999999997,0.4837536146444008,0.4,0.6,0.5,0.5,1.0,1.0,higher_m,higher_m,True,"{""durations"":[1000,1500,1000,1500],""alternatives"":[0,1,0,1],""attributes"":[""all"",""all"",""all"",""all""]}","[{""x"":487,""y"":237,""t"":0},{""x"":474,""y"":233,""t"":41},{""x"":481,""y"":220,""t"":92},{""x"":487,""y"":209,""t"":103},{""x"":495,""y"":195,""t"":147},{""x"":498,""y"":177,""t"":186},{""x"":527,""y"":174,""t"":222},{""x"":552,""y"":172,""t"":238},{""x"":536,""y"":160,""t"":281},{""x"":535,""y"":149,""t"":311},{""x"":486,""y"":127,""t"":357},{""x"":427,""y"":106,""t"":376},{""x"":385,""y"":204,""t"":421},{""x"":418,""y"":309,""t"":460},{""x"":454,""y"":401,""t"":486},{""x"":443,""y"":470,""t"":527},{""x"":421,""y"":509,""t"":550},{""x"":445,""y"":556,""t"":590},{""x"":394,""y"":536,""t"":620},{""x"":374,""y"":540,""t"":660},{""x"":409,""y"":545,""t"":686},{""x"":400,""y"":532,""t"":730},{""x"":426,""y"":512,""t"":750},{""x"":398,""y"":489,""t"":792},{""x"":387,""y"":468,""t"":836},{""x"":349,""y"":446,""t"":854},{""x"":360,""y"":376,""t"":896},{""x"":338,""y"":360,""t"":926},{""x"":338,""y"":320,""t"":967},{""x"":330,""y"":271,""t"":991},{""x"":341,""y"":241,""t"":1036},{""x"":341,""y"":209,""t"":1071},{""x"":330,""y"":186,""t"":1092},{""x"":295,""y"":199,""t"":1143},{""x"":266,""y"":212,""t"":1158},{""x"":263,""y"":186,""t"":1202},{""x"":255,""y"":181,""t"":1228},{""x"":404,""y"":180,""t"":1271},{""x"":518,""y"":183,""t"":1292},{""x"":624,""y"":191,""t"":1335},{""x"":723,""y"":194,""t"":1382},{""x"":802,""y"":188,""t"":1395},{""x"":864,""y"":184,""t"":1434},{""x"":893,""y"":182,""t"":1478},{""x"":911,""y"":182,""t"":1500},{""x"":943,""y"":195,""t"":1542},{""x"":932,""y"":207,""t"":1581},{""x"":914,""y"":219,""t"":1606},{""x"":903,""y"":228,""t"":1648},{""x"":918,""y"":250,""t"":1670},{""x"":902,""y"":250,""t"":1712},{""x"":911,""y"":253,""t"":1742},{""x"":923,""y"":233,""t"":1783},{""x"":921,""y"":227,""t"":1806},{""x"":924,""y"":215,""t"":1848},{""x"":921,""y"":202,""t"":1872},{""x"":932,""y"":191,""t"":1915},{""x"":940,""y"":171,""t"":1943},{""x"":945,""y"":173,""t"":1986},{""x"":935,""y"":166,""t"":2006},{""x"":927,""y"":170,""t"":2052},{""x"":946,""y"":177,""t"":2078},{""x"":949,""y"":170,""t"":2120},{""x"":946,""y"":178,""t"":2150},{""x"":946,""y"":186,""t"":2194},{""x"":946,""y"":192,""t"":2214},{""x"":920,""y"":171,""t"":2260},{""x"":919,""y"":174,""t"":2284},{""x"":819,""y"":165,""t"":2326},{""x"":699,""y"":156,""t"":2348},{""x"":612,""y"":145,""t"":2392},{""x"":562,""y"":143,""t"":2421},{""x"":510,""y"":133,""t"":2463},{""x"":456,""y"":131,""t"":2501},{""x"":447,""y"":126,""t"":2518},{""x"":426,""y"":129,""t"":2564},{""x"":398,""y"":142,""t"":2590},{""x"":410,""y"":147,""t"":2633},{""x"":365,""y"":171,""t"":2672},{""x"":330,""y"":191,""t"":2686},{""x"":315,""y"":185,""t"":2726},{""x"":304,""y"":188,""t"":2763},{""x"":270,""y"":170,""t"":2805},{""x"":255,""y"":153,""t"":2823},{""x"":247,""y"":154,""t"":2864},{""x"":239,""y"":142,""t"":2895},{""x"":236,""y"":132,""t"":2941},{""x"":251,""y"":140,""t"":2959},{""x"":279,""y"":138,""t"":3001},{""x"":288,""y"":131,""t"":3046},{""x"":297,""y"":117,""t"":3065},{""x"":324,""y"":118,""t"":3109},{""x"":320,""y"":121,""t"":3147},{""x"":331,""y"":135,""t"":3164},{""x"":348,""y"":185,""t"":3206},{""x"":354,""y"":225,""t"":3244},{""x"":376,""y"":261,""t"":3285},{""x"":381,""y"":288,""t"":3303},{""x"":381,""y"":317,""t"":3345},{""x"":354,""y"":324,""t"":3372},{""x"":334,""y"":335,""t"":3421},{""x"":332,""y"":348,""t"":3436},{""x"":329,""y"":315,""t"":3483},{""x"":343,""y"":295,""t"":3516},{""x"":359,""y"":273,""t"":3557},{""x"":372,""y"":277,""t"":3574},{""x"":363,""y"":300,""t"":3618},{""x"":371,""y"":314,""t"":3639},{""x"":355,""y"":322,""t"":3678},{""x"":400,""y"":338,""t"":3725},{""x"":439,""y"":350,""t"":3747},{""x"":538,""y"":334,""t"":3790},{""x"":620,""y"":319,""t"":3814},{""x"":658,""y"":326,""t"":3859},{""x"":726,""y"":307,""t"":3878},{""x"":778,""y"":292,""t"":3921},{""x"":820,""y"":275,""t"":3948},{""x"":889,""y"":257,""t"":3993},{""x"":930,""y"":234,""t"":4015},{""x"":960,""y"":215,""t"":4056},{""x"":982,""y"":205,""t"":4087},{""x"":1015,""y"":185,""t"":4132},{""x"":1038,""y"":169,""t"":4150},{""x"":1041,""y"":144,""t"":4197},{""x"":1039,""y"":125,""t"":4217},{""x"":1034,""y"":122,""t"":4266},{""x"":1026,""y"":120,""t"":4294},{""x"":1004,""y"":133,""t"":4333},{""x"":979,""y"":150,""t"":4358},{""x"":956,""y"":167,""t"":4397},{""x"":943,""y"":183,""t"":4450},{""x"":932,""y"":196,""t"":4460},{""x"":917,""y"":204,""t"":4501},{""x"":914,""y"":206,""t"":4526},{""x"":929,""y"":209,""t"":4569},{""x"":945,""y"":209,""t"":4591},{""x"":962,""y"":207,""t"":4634},{""x"":974,""y"":203,""t"":4662},{""x"":981,""y"":198,""t"":4705},{""x"":970,""y"":194,""t"":4726},{""x"":962,""y"":184,""t"":4771},{""x"":935,""y"":186,""t"":4799},{""x"":925,""y"":171,""t"":4841},{""x"":929,""y"":161,""t"":4867},{""x"":918,""y"":150,""t"":4910},{""x"":909,""y"":142,""t"":4934},{""x"":875,""y"":125,""t"":4978},{""x"":802,""y"":125,""t"":5017},{""x"":782,""y"":124,""t"":5037},{""x"":763,""y"":122,""t"":5080},{""x"":704,""y"":118,""t"":5101},{""x"":690,""y"":112,""t"":5146},{""x"":669,""y"":122,""t"":5189},{""x"":627,""y"":120,""t"":5207},{""x"":608,""y"":123,""t"":5252},{""x"":618,""y"":124,""t"":5271},{""x"":632,""y"":143,""t"":5314},{""x"":611,""y"":161,""t"":5340},{""x"":570,""y"":247,""t"":5397},{""x"":559,""y"":334,""t"":5409},{""x"":544,""y"":409,""t"":5453},{""x"":572,""y"":495,""t"":5496},{""x"":569,""y"":547,""t"":5511},{""x"":561,""y"":590,""t"":5552},{""x"":556,""y"":619,""t"":5582},{""x"":545,""y"":600,""t"":5624},{""x"":503,""y"":522,""t"":5662},{""x"":471,""y"":457,""t"":5679},{""x"":453,""y"":391,""t"":5723},{""x"":421,""y"":321,""t"":5768},{""x"":396,""y"":262,""t"":5783},{""x"":362,""y"":212,""t"":5824},{""x"":341,""y"":174,""t"":5863},{""x"":322,""y"":141,""t"":5884},{""x"":308,""y"":117,""t"":5923}]",0,0.7428576290204817,0.2571423709795183,mcutoff_b-last,0
27-alternatives,0,56,exp_88,0.0,483.10000002384186,0.5,0.38,3.0,4.0,higher_p,higher_m,0,1,alternatives,0.0,False,1.5,1.52,-0.02,0.2367304922727919,0.6,0.4,0.5,0.5,0.0,1.0,higher_p,higher_m,True,"{""durations"":[1500,1000,1500,1000],""alternatives"":[0,1,0,1],""attributes"":[""all"",""all"",""all"",""all""]}","[{""x"":591,""y"":190,""t"":0},{""x"":570,""y"":190,""t"":58},{""x"":551,""y"":189,""t"":70},{""x"":561,""y"":194,""t"":113},{""x"":585,""y"":208,""t"":158},{""x"":608,""y"":218,""t"":173},{""x"":635,""y"":226,""t"":215},{""x"":648,""y"":235,""t"":245},{""x"":624,""y"":230,""t"":285},{""x"":592,""y"":214,""t"":306},{""x"":509,""y"":194,""t"":348},{""x"":445,""y"":178,""t"":394},{""x"":393,""y"":166,""t"":409},{""x"":354,""y"":155,""t"":453},{""x"":356,""y"":148,""t"":477},{""x"":320,""y"":146,""t"":519},{""x"":307,""y"":148,""t"":547},{""x"":315,""y"":161,""t"":592},{""x"":339,""y"":187,""t"":613},{""x"":330,""y"":225,""t"":656},{""x"":323,""y"":256,""t"":685},{""x"":306,""y"":278,""t"":727},{""x"":308,""y"":263,""t"":753},{""x"":317,""y"":258,""t"":796},{""x"":338,""y"":281,""t"":819},{""x"":344,""y"":285,""t"":887},{""x"":339,""y"":300,""t"":925},{""x"":355,""y"":287,""t"":972},{""x"":357,""y"":265,""t"":990},{""x"":368,""y"":238,""t"":1029},{""x"":364,""y"":215,""t"":1068},{""x"":373,""y"":202,""t"":1094},{""x"":371,""y"":192,""t"":1139},{""x"":366,""y"":183,""t"":1158},{""x"":364,""y"":183,""t"":1198},{""x"":352,""y"":174,""t"":1243},{""x"":336,""y"":173,""t"":1261},{""x"":335,""y"":170,""t"":1317},{""x"":324,""y"":153,""t"":1326},{""x"":338,""y"":162,""t"":1371},{""x"":351,""y"":152,""t"":1398},{""x"":370,""y"":157,""t"":1441},{""x"":383,""y"":161,""t"":1469},{""x"":392,""y"":182,""t"":1512},{""x"":389,""y"":200,""t"":1551},{""x"":386,""y"":215,""t"":1565},{""x"":393,""y"":208,""t"":1608},{""x"":388,""y"":198,""t"":1647},{""x"":382,""y"":232,""t"":1667},{""x"":376,""y"":244,""t"":1710},{""x"":381,""y"":235,""t"":1755},{""x"":391,""y"":226,""t"":1773},{""x"":494,""y"":230,""t"":1819},{""x"":592,""y"":231,""t"":1859},{""x"":663,""y"":234,""t"":1877},{""x"":744,""y"":226,""t"":1918},{""x"":809,""y"":219,""t"":1976},{""x"":844,""y"":216,""t"":2019},{""x"":883,""y"":219,""t"":2059},{""x"":920,""y"":225,""t"":2078},{""x"":949,""y"":233,""t"":2117},{""x"":988,""y"":234,""t"":2160},{""x"":1009,""y"":253,""t"":2182},{""x"":1002,""y"":255,""t"":2224},{""x"":994,""y"":264,""t"":2251},{""x"":969,""y"":259,""t"":2296},{""x"":945,""y"":255,""t"":2318},{""x"":930,""y"":247,""t"":2362},{""x"":925,""y"":239,""t"":2382},{""x"":922,""y"":233,""t"":2426},{""x"":906,""y"":226,""t"":2451},{""x"":883,""y"":220,""t"":2496},{""x"":863,""y"":215,""t"":2517},{""x"":867,""y"":216,""t"":2559},{""x"":870,""y"":217,""t"":2590},{""x"":848,""y"":212,""t"":2632},{""x"":838,""y"":212,""t"":2672},{""x"":834,""y"":213,""t"":2691},{""x"":752,""y"":202,""t"":2742},{""x"":703,""y"":209,""t"":2755},{""x"":596,""y"":190,""t"":2798},{""x"":508,""y"":174,""t"":2829},{""x"":422,""y"":159,""t"":2871},{""x"":362,""y"":149,""t"":2894},{""x"":319,""y"":138,""t"":2952},{""x"":288,""y"":129,""t"":2961},{""x"":292,""y"":135,""t"":3003},{""x"":283,""y"":148,""t"":3038},{""x"":280,""y"":160,""t"":3061},{""x"":266,""y"":151,""t"":3101},{""x"":275,""y"":167,""t"":3141},{""x"":279,""y"":178,""t"":3166},{""x"":278,""y"":205,""t"":3208},{""x"":279,""y"":227,""t"":3230},{""x"":281,""y"":228,""t"":3274},{""x"":275,""y"":250,""t"":3318},{""x"":270,""y"":268,""t"":3334},{""x"":285,""y"":280,""t"":3377},{""x"":299,""y"":288,""t"":3405},{""x"":302,""y"":287,""t"":3448},{""x"":305,""y"":286,""t"":3469},{""x"":339,""y"":288,""t"":3515},{""x"":353,""y"":278,""t"":3555},{""x"":364,""y"":269,""t"":3571},{""x"":364,""y"":257,""t"":3614},{""x"":383,""y"":236,""t"":3645},{""x"":428,""y"":217,""t"":3689},{""x"":437,""y"":197,""t"":3711},{""x"":449,""y"":185,""t"":3750},{""x"":430,""y"":170,""t"":3782},{""x"":493,""y"":168,""t"":3823},{""x"":607,""y"":174,""t"":3858},{""x"":671,""y"":184,""t"":3885},{""x"":709,""y"":189,""t"":3926},{""x"":750,""y"":196,""t"":3949},{""x"":789,""y"":196,""t"":3990},{""x"":829,""y"":199,""t"":4027},{""x"":838,""y"":209,""t"":4062},{""x"":874,""y"":225,""t"":4098},{""x"":869,""y"":221,""t"":4118},{""x"":870,""y"":218,""t"":4159},{""x"":866,""y"":215,""t"":4185},{""x"":883,""y"":213,""t"":4227},{""x"":873,""y"":221,""t"":4261},{""x"":870,""y"":226,""t"":4284},{""x"":858,""y"":230,""t"":4330},{""x"":868,""y"":232,""t"":4365},{""x"":867,""y"":237,""t"":4403},{""x"":877,""y"":242,""t"":4421},{""x"":872,""y"":242,""t"":4462},{""x"":883,""y"":243,""t"":4510},{""x"":889,""y"":234,""t"":4530},{""x"":896,""y"":243,""t"":4573},{""x"":903,""y"":244,""t"":4595},{""x"":896,""y"":260,""t"":4638},{""x"":914,""y"":265,""t"":4672},{""x"":906,""y"":263,""t"":4697},{""x"":889,""y"":276,""t"":4739},{""x"":867,""y"":282,""t"":4765},{""x"":848,""y"":284,""t"":4808},{""x"":841,""y"":291,""t"":4829},{""x"":835,""y"":296,""t"":4873},{""x"":836,""y"":300,""t"":4902},{""x"":824,""y"":303,""t"":4943},{""x"":808,""y"":294,""t"":4981},{""x"":790,""y"":286,""t"":5000},{""x"":808,""y"":286,""t"":5040},{""x"":828,""y"":270,""t"":5087},{""x"":825,""y"":272,""t"":5107},{""x"":797,""y"":251,""t"":5150},{""x"":794,""y"":236,""t"":5173},{""x"":807,""y"":221,""t"":5215},{""x"":814,""y"":215,""t"":5253},{""x"":821,""y"":212,""t"":5278},{""x"":831,""y"":207,""t"":5319},{""x"":840,""y"":204,""t"":5346},{""x"":781,""y"":184,""t"":5389},{""x"":705,""y"":171,""t"":5411},{""x"":658,""y"":168,""t"":5453},{""x"":637,""y"":174,""t"":5498},{""x"":622,""y"":179,""t"":5510},{""x"":625,""y"":186,""t"":5554},{""x"":616,""y"":188,""t"":5587},{""x"":591,""y"":179,""t"":5629},{""x"":567,""y"":170,""t"":5645},{""x"":532,""y"":179,""t"":5687},{""x"":488,""y"":174,""t"":5717},{""x"":507,""y"":174,""t"":5772},{""x"":497,""y"":174,""t"":5783},{""x"":505,""y"":183,""t"":5824},{""x"":497,""y"":285,""t"":5867},{""x"":469,""y"":364,""t"":5884},{""x"":490,""y"":449,""t"":5937},{""x"":509,""y"":513,""t"":5957},{""x"":498,""y"":574,""t"":5999}]",0,0.7428576290204817,0.2571423709795183,mcutoff_b-last,0
27-alternatives,0,57,exp_40,1.0,271.40000000596046,0.81,0.48,1.6999999999999995,7.9,higher_p,higher_m,0,1,alternatives,0.0,False,1.3769999999999998,3.792,-2.415,-2.2283544163938904,0.6,0.4,0.5,0.5,0.0,1.0,higher_p,higher_m,False,"{""durations"":[1500,1000,1500,1000],""alternatives"":[0,1,0,1],""attributes"":[""all"",""all"",""all"",""all""]}","[{""x"":491,""y"":106,""t"":0},{""x"":516,""y"":110,""t"":52},{""x"":537,""y"":115,""t"":71},{""x"":519,""y"":132,""t"":115},{""x"":502,""y"":148,""t"":136},{""x"":513,""y"":170,""t"":184},{""x"":522,""y"":189,""t"":205},{""x"":500,""y"":184,""t"":248},{""x"":481,""y"":179,""t"":275},{""x"":533,""y"":199,""t"":318},{""x"":616,""y"":209,""t"":358},{""x"":690,""y"":220,""t"":375},{""x"":719,""y"":221,""t"":417},{""x"":770,""y"":218,""t"":446},{""x"":805,""y"":226,""t"":489},{""x"":830,""y"":232,""t"":518},{""x"":864,""y"":234,""t"":560},{""x"":881,""y"":238,""t"":579},{""x"":877,""y"":242,""t"":618},{""x"":873,""y"":244,""t"":646},{""x"":898,""y"":242,""t"":691},{""x"":899,""y"":246,""t"":727},{""x"":888,""y"":242,""t"":768},{""x"":877,""y"":237,""t"":783},{""x"":850,""y"":228,""t"":839},{""x"":839,""y"":225,""t"":855},{""x"":826,""y"":213,""t"":898},{""x"":840,""y"":213,""t"":938},{""x"":856,""y"":213,""t"":968},{""x"":870,""y"":216,""t"":989},{""x"":872,""y"":205,""t"":1032},{""x"":860,""y"":210,""t"":1062},{""x"":864,""y"":208,""t"":1105},{""x"":858,""y"":210,""t"":1127},{""x"":886,""y"":218,""t"":1170},{""x"":901,""y"":223,""t"":1191},{""x"":914,""y"":227,""t"":1237},{""x"":905,""y"":231,""t"":1260},{""x"":919,""y"":224,""t"":1304},{""x"":947,""y"":214,""t"":1326},{""x"":877,""y"":211,""t"":1373},{""x"":828,""y"":214,""t"":1403},{""x"":743,""y"":212,""t"":1451},{""x"":672,""y"":210,""t"":1462},{""x"":633,""y"":202,""t"":1504},{""x"":570,""y"":196,""t"":1534},{""x"":513,""y"":180,""t"":1575},{""x"":501,""y"":175,""t"":1602},{""x"":460,""y"":172,""t"":1648},{""x"":447,""y"":171,""t"":1671},{""x"":405,""y"":165,""t"":1718},{""x"":367,""y"":155,""t"":1740},{""x"":327,""y"":151,""t"":1780},{""x"":290,""y"":144,""t"":1811},{""x"":262,""y"":138,""t"":1853},{""x"":233,""y"":133,""t"":1871},{""x"":234,""y"":135,""t"":1912},{""x"":249,""y"":139,""t"":1942},{""x"":247,""y"":186,""t"":1984},{""x"":273,""y"":209,""t"":2024},{""x"":298,""y"":228,""t"":2042},{""x"":318,""y"":273,""t"":2087},{""x"":338,""y"":299,""t"":2125},{""x"":335,""y"":308,""t"":2150},{""x"":323,""y"":308,""t"":2193},{""x"":313,""y"":305,""t"":2216},{""x"":330,""y"":289,""t"":2259},{""x"":332,""y"":312,""t"":2279},{""x"":336,""y"":328,""t"":2321},{""x"":326,""y"":333,""t"":2357},{""x"":325,""y"":331,""t"":2400},{""x"":300,""y"":327,""t"":2422},{""x"":275,""y"":327,""t"":2472},{""x"":291,""y"":303,""t"":2483},{""x"":301,""y"":304,""t"":2524},{""x"":305,""y"":305,""t"":2565},{""x"":342,""y"":309,""t"":2591},{""x"":359,""y"":314,""t"":2634},{""x"":374,""y"":323,""t"":2655},{""x"":417,""y"":321,""t"":2696},{""x"":496,""y"":308,""t"":2741},{""x"":577,""y"":293,""t"":2760},{""x"":667,""y"":284,""t"":2801},{""x"":740,""y"":284,""t"":2823},{""x"":799,""y"":312,""t"":2903},{""x"":850,""y"":305,""t"":2924},{""x"":853,""y"":302,""t"":2971},{""x"":866,""y"":290,""t"":2998},{""x"":884,""y"":285,""t"":3039},{""x"":894,""y"":282,""t"":3064},{""x"":883,""y"":269,""t"":3108},{""x"":864,""y"":274,""t"":3132},{""x"":880,""y"":283,""t"":3175},{""x"":869,""y"":280,""t"":3212},{""x"":847,""y"":282,""t"":3230},{""x"":848,""y"":284,""t"":3283},{""x"":824,""y"":288,""t"":3303},{""x"":835,""y"":286,""t"":3348},{""x"":853,""y"":278,""t"":3368},{""x"":826,""y"":273,""t"":3410},{""x"":834,""y"":274,""t"":3440},{""x"":846,""y"":271,""t"":3480},{""x"":855,""y"":283,""t"":3503},{""x"":827,""y"":295,""t"":3545},{""x"":771,""y"":287,""t"":3576},{""x"":692,""y"":301,""t"":3620},{""x"":619,""y"":314,""t"":3639},{""x"":555,""y"":282,""t"":3681},{""x"":504,""y"":255,""t"":3711},{""x"":441,""y"":234,""t"":3752},{""x"":391,""y"":217,""t"":3776},{""x"":319,""y"":194,""t"":3817},{""x"":275,""y"":186,""t"":3851},{""x"":245,""y"":201,""t"":3899},{""x"":224,""y"":204,""t"":3911},{""x"":233,""y"":195,""t"":3953},{""x"":246,""y"":188,""t"":3981},{""x"":229,""y"":187,""t"":4022},{""x"":235,""y"":188,""t"":4058},{""x"":257,""y"":178,""t"":4083},{""x"":269,""y"":184,""t"":4124},{""x"":271,""y"":217,""t"":4165},{""x"":262,""y"":236,""t"":4183},{""x"":278,""y"":220,""t"":4227},{""x"":297,""y"":213,""t"":4256},{""x"":304,""y"":199,""t"":4301},{""x"":314,""y"":189,""t"":4319},{""x"":304,""y"":174,""t"":4359},{""x"":303,""y"":165,""t"":4407},{""x"":296,""y"":171,""t"":4423},{""x"":317,""y"":260,""t"":4478},{""x"":334,""y"":353,""t"":4489},{""x"":344,""y"":418,""t"":4530},{""x"":370,""y"":477,""t"":4568},{""x"":391,""y"":524,""t"":4596},{""x"":419,""y"":521,""t"":4644},{""x"":433,""y"":510,""t"":4663},{""x"":396,""y"":464,""t"":4715},{""x"":377,""y"":437,""t"":4727},{""x"":355,""y"":376,""t"":4769},{""x"":335,""y"":323,""t"":4796},{""x"":341,""y"":299,""t"":4838},{""x"":372,""y"":268,""t"":4876},{""x"":370,""y"":254,""t"":4919},{""x"":371,""y"":243,""t"":4931},{""x"":390,""y"":224,""t"":4972},{""x"":366,""y"":212,""t"":5016},{""x"":353,""y"":223,""t"":5036},{""x"":324,""y"":230,""t"":5086},{""x"":344,""y"":212,""t"":5101},{""x"":323,""y"":190,""t"":5148},{""x"":311,""y"":195,""t"":5174},{""x"":299,""y"":217,""t"":5218},{""x"":303,""y"":203,""t"":5240},{""x"":312,""y"":222,""t"":5292},{""x"":329,""y"":205,""t"":5318},{""x"":370,""y"":216,""t"":5362},{""x"":405,""y"":226,""t"":5376},{""x"":408,""y"":215,""t"":5427},{""x"":410,""y"":206,""t"":5446},{""x"":426,""y"":228,""t"":5496},{""x"":425,""y"":254,""t"":5511},{""x"":452,""y"":246,""t"":5557},{""x"":474,""y"":239,""t"":5576},{""x"":479,""y"":234,""t"":5619},{""x"":494,""y"":229,""t"":5649},{""x"":462,""y"":206,""t"":5695},{""x"":443,""y"":216,""t"":5717},{""x"":413,""y"":221,""t"":5765},{""x"":432,""y"":201,""t"":5803}]",1,0.2571423709795183,0.7428576290204817,mcutoff_b-last,0
27-alternatives,0,60,exp_10,0.0,662.9000000059605,0.7,0.29,1.7999999999999998,5.0,higher_p,higher_m,0,1,alternatives,0.0,False,1.2599999999999998,1.45,-0.1900000000000001,0.0617557805929019,0.6,0.4,0.5,0.5,0.0,0.0,higher_p,higher_p,True,"{""durations"":[1000,1500,1000,1500],""alternatives"":[1,0,1,0],""attributes"":[""all"",""all"",""all"",""all""]}","[{""x"":552,""y"":161,""t"":0},{""x"":557,""y"":157,""t"":42},{""x"":525,""y"":151,""t"":97},{""x"":496,""y"":146,""t"":111},{""x"":505,""y"":158,""t"":152},{""x"":514,""y"":169,""t"":170},{""x"":531,""y"":163,""t"":210},{""x"":523,""y"":163,""t"":244},{""x"":508,""y"":168,""t"":273},{""x"":465,""y"":167,""t"":314},{""x"":434,""y"":178,""t"":353},{""x"":395,""y"":168,""t"":378},{""x"":355,""y"":159,""t"":425},{""x"":325,""y"":155,""t"":445},{""x"":304,""y"":162,""t"":495},{""x"":305,""y"":161,""t"":514},{""x"":286,""y"":182,""t"":556},{""x"":294,""y"":212,""t"":585},{""x"":286,""y"":209,""t"":628},{""x"":282,""y"":237,""t"":665},{""x"":275,""y"":222,""t"":682},{""x"":293,""y"":220,""t"":725},{""x"":307,""y"":206,""t"":754},{""x"":302,""y"":206,""t"":798},{""x"":335,""y"":200,""t"":819},{""x"":346,""y"":186,""t"":863},{""x"":356,""y"":174,""t"":887},{""x"":341,""y"":161,""t"":931},{""x"":312,""y"":157,""t"":954},{""x"":349,""y"":153,""t"":995},{""x"":330,""y"":151,""t"":1040},{""x"":312,""y"":144,""t"":1058},{""x"":298,""y"":146,""t"":1102},{""x"":298,""y"":158,""t"":1138},{""x"":313,""y"":160,""t"":1160},{""x"":305,""y"":150,""t"":1204},{""x"":396,""y"":156,""t"":1239},{""x"":438,""y"":169,""t"":1265},{""x"":537,""y"":192,""t"":1307},{""x"":620,""y"":210,""t"":1330},{""x"":703,""y"":228,""t"":1370},{""x"":786,""y"":243,""t"":1410},{""x"":834,""y"":249,""t"":1439},{""x"":871,""y"":248,""t"":1481},{""x"":908,""y"":246,""t"":1502},{""x"":919,""y"":237,""t"":1547},{""x"":918,""y"":233,""t"":1570},{""x"":906,""y"":238,""t"":1614},{""x"":890,""y"":226,""t"":1654},{""x"":872,""y"":215,""t"":1671},{""x"":852,""y"":215,""t"":1715},{""x"":849,""y"":228,""t"":1736},{""x"":844,""y"":236,""t"":1778},{""x"":855,""y"":246,""t"":1825},{""x"":863,""y"":255,""t"":1843},{""x"":859,""y"":257,""t"":1884},{""x"":846,""y"":257,""t"":1929},{""x"":851,""y"":273,""t"":1938},{""x"":833,""y"":281,""t"":1982},{""x"":819,""y"":287,""t"":2024},{""x"":796,""y"":288,""t"":2050},{""x"":771,""y"":298,""t"":2090},{""x"":751,""y"":305,""t"":2115},{""x"":738,""y"":324,""t"":2159},{""x"":737,""y"":313,""t"":2179},{""x"":737,""y"":308,""t"":2220},{""x"":749,""y"":301,""t"":2258},{""x"":769,""y"":287,""t"":2318},{""x"":782,""y"":270,""t"":2356},{""x"":792,""y"":258,""t"":2385},{""x"":788,""y"":269,""t"":2428},{""x"":791,""y"":268,""t"":2451},{""x"":802,""y"":266,""t"":2490},{""x"":816,""y"":266,""t"":2525},{""x"":822,""y"":267,""t"":2554},{""x"":826,""y"":259,""t"":2596},{""x"":842,""y"":282,""t"":2625},{""x"":844,""y"":285,""t"":2671},{""x"":837,""y"":281,""t"":2690},{""x"":821,""y"":275,""t"":2734},{""x"":794,""y"":291,""t"":2754},{""x"":721,""y"":288,""t"":2795},{""x"":608,""y"":255,""t"":2840},{""x"":500,""y"":223,""t"":2866},{""x"":427,""y"":208,""t"":2907},{""x"":372,""y"":195,""t"":2945},{""x"":336,""y"":172,""t"":2960},{""x"":296,""y"":146,""t"":3003},{""x"":269,""y"":125,""t"":3030},{""x"":234,""y"":113,""t"":3069},{""x"":227,""y"":117,""t"":3111},{""x"":210,""y"":111,""t"":3128},{""x"":214,""y"":102,""t"":3173},{""x"":219,""y"":114,""t"":3219},{""x"":217,""y"":108,""t"":3234},{""x"":213,""y"":113,""t"":3276},{""x"":238,""y"":117,""t"":3312},{""x"":257,""y"":118,""t"":3376},{""x"":270,""y"":107,""t"":3420},{""x"":287,""y"":107,""t"":3434},{""x"":304,""y"":125,""t"":3476},{""x"":304,""y"":124,""t"":3514},{""x"":305,""y"":127,""t"":3558},{""x"":345,""y"":125,""t"":3575},{""x"":336,""y"":128,""t"":3618},{""x"":328,""y"":137,""t"":3639},{""x"":334,""y"":139,""t"":3679},{""x"":385,""y"":146,""t"":3713},{""x"":378,""y"":138,""t"":3740},{""x"":469,""y"":147,""t"":3784},{""x"":572,""y"":168,""t"":3823},{""x"":650,""y"":182,""t"":3842},{""x"":709,""y"":195,""t"":3884},{""x"":772,""y"":206,""t"":3927},{""x"":812,""y"":216,""t"":3950},{""x"":830,""y"":214,""t"":4007},{""x"":864,""y"":216,""t"":4019},{""x"":887,""y"":225,""t"":4060},{""x"":902,""y"":229,""t"":4082},{""x"":905,""y"":235,""t"":4123},{""x"":903,""y"":240,""t"":4153},{""x"":910,""y"":247,""t"":4197},{""x"":910,""y"":254,""t"":4218},{""x"":903,""y"":250,""t"":4258},{""x"":897,""y"":252,""t"":4309},{""x"":890,""y"":254,""t"":4319},{""x"":883,""y"":250,""t"":4359},{""x"":886,""y"":241,""t"":4394},{""x"":895,""y"":236,""t"":4437},{""x"":903,""y"":231,""t"":4457},{""x"":890,""y"":230,""t"":4499},{""x"":893,""y"":230,""t"":4522},{""x"":898,""y"":231,""t"":4564},{""x"":899,""y"":232,""t"":4607},{""x"":904,""y"":228,""t"":4627},{""x"":896,""y"":234,""t"":4670},{""x"":891,""y"":239,""t"":4696},{""x"":883,""y"":249,""t"":4741},{""x"":886,""y"":252,""t"":4761},{""x"":869,""y"":247,""t"":4805},{""x"":870,""y"":243,""t"":4848},{""x"":884,""y"":245,""t"":4867},{""x"":874,""y"":246,""t"":4908},{""x"":868,""y"":247,""t"":4931},{""x"":840,""y"":238,""t"":4970},{""x"":832,""y"":227,""t"":5016},{""x"":821,""y"":228,""t"":5048},{""x"":828,""y"":228,""t"":5073},{""x"":803,""y"":219,""t"":5114},{""x"":807,""y"":216,""t"":5153},{""x"":811,""y"":214,""t"":5172},{""x"":792,""y"":220,""t"":5215},{""x"":802,""y"":215,""t"":5243},{""x"":725,""y"":212,""t"":5284},{""x"":666,""y"":210,""t"":5305},{""x"":623,""y"":206,""t"":5346},{""x"":548,""y"":203,""t"":5377},{""x"":506,""y"":191,""t"":5431},{""x"":474,""y"":181,""t"":5441},{""x"":412,""y"":200,""t"":5482},{""x"":405,""y"":193,""t"":5515},{""x"":420,""y"":196,""t"":5558},{""x"":413,""y"":199,""t"":5586},{""x"":443,""y"":230,""t"":5630},{""x"":427,""y"":249,""t"":5649},{""x"":417,""y"":233,""t"":5695},{""x"":423,""y"":226,""t"":5714},{""x"":473,""y"":224,""t"":5756},{""x"":546,""y"":235,""t"":5784},{""x"":594,""y"":244,""t"":5830},{""x"":646,""y"":253,""t"":5852},{""x"":680,""y"":240,""t"":5897},{""x"":715,""y"":244,""t"":5921},{""x"":753,""y"":253,""t"":5962},{""x"":760,""y"":249,""t"":6003},{""x"":763,""y"":245,""t"":6026},{""x"":754,""y"":237,""t"":6067},{""x"":773,""y"":246,""t"":6106},{""x"":759,""y"":244,""t"":6122},{""x"":746,""y"":246,""t"":6170}]",0,0.7428576290204817,0.2571423709795183,mcutoff_b-last,0
27-alternatives,0,62,exp_46,1.0,296.80000001192093,0.81,0.48,1.6999999999999995,7.9,higher_p,higher_m,0,1,alternatives,0.0,False,1.3769999999999998,3.792,-2.415,-2.2283544163938904,0.4,0.6,0.5,0.5,1.0,1.0,higher_m,higher_m,False,"{""durations"":[1000,1500,1000,1500],""alternatives"":[0,1,0,1],""attributes"":[""all"",""all"",""all"",""all""]}","[{""x"":567,""y"":187,""t"":-28},{""x"":575,""y"":186,""t"":0},{""x"":578,""y"":187,""t"":55},{""x"":561,""y"":191,""t"":83},{""x"":534,""y"":189,""t"":133},{""x"":511,""y"":187,""t"":144},{""x"":503,""y"":182,""t"":187},{""x"":498,""y"":179,""t"":206},{""x"":528,""y"":196,""t"":248},{""x"":504,""y"":199,""t"":274},{""x"":582,""y"":207,""t"":323},{""x"":632,""y"":212,""t"":348},{""x"":675,""y"":216,""t"":391},{""x"":736,""y"":218,""t"":413},{""x"":759,""y"":214,""t"":453},{""x"":786,""y"":214,""t"":489},{""x"":820,""y"":206,""t"":531},{""x"":819,""y"":210,""t"":548},{""x"":827,""y"":223,""t"":600},{""x"":825,""y"":238,""t"":620},{""x"":852,""y"":254,""t"":661},{""x"":857,""y"":259,""t"":684},{""x"":844,""y"":268,""t"":724},{""x"":845,""y"":269,""t"":756},{""x"":871,""y"":274,""t"":799},{""x"":882,""y"":276,""t"":838},{""x"":888,""y"":283,""t"":852},{""x"":880,""y"":281,""t"":895},{""x"":861,""y"":280,""t"":924},{""x"":853,""y"":272,""t"":969},{""x"":846,""y"":264,""t"":988},{""x"":846,""y"":260,""t"":1035},{""x"":842,""y"":263,""t"":1058},{""x"":858,""y"":262,""t"":1106},{""x"":861,""y"":257,""t"":1138},{""x"":871,""y"":253,""t"":1163},{""x"":860,""y"":259,""t"":1214},{""x"":854,""y"":265,""t"":1226},{""x"":838,""y"":276,""t"":1268},{""x"":841,""y"":265,""t"":1311},{""x"":837,""y"":256,""t"":1330},{""x"":758,""y"":253,""t"":1374},{""x"":687,""y"":235,""t"":1396},{""x"":585,""y"":232,""t"":1439},{""x"":497,""y"":210,""t"":1482},{""x"":423,""y"":207,""t"":1504},{""x"":332,""y"":178,""t"":1546},{""x"":287,""y"":156,""t"":1580},{""x"":275,""y"":153,""t"":1604},{""x"":237,""y"":149,""t"":1646},{""x"":208,""y"":134,""t"":1668},{""x"":187,""y"":131,""t"":1709},{""x"":173,""y"":130,""t"":1741},{""x"":173,""y"":141,""t"":1789},{""x"":177,""y"":151,""t"":1804},{""x"":223,""y"":165,""t"":1846},{""x"":248,""y"":165,""t"":1884},{""x"":274,""y"":164,""t"":1908},{""x"":299,""y"":174,""t"":1953},{""x"":308,""y"":170,""t"":1980},{""x"":319,""y"":201,""t"":2022},{""x"":328,""y"":228,""t"":2043},{""x"":301,""y"":250,""t"":2089},{""x"":277,""y"":267,""t"":2108},{""x"":302,""y"":261,""t"":2153},{""x"":327,""y"":252,""t"":2193},{""x"":354,""y"":228,""t"":2229},{""x"":362,""y"":208,""t"":2271},{""x"":359,""y"":176,""t"":2282},{""x"":344,""y"":161,""t"":2326},{""x"":312,""y"":145,""t"":2366},{""x"":299,""y"":132,""t"":2388},{""x"":311,""y"":123,""t"":2430},{""x"":308,""y"":106,""t"":2455},{""x"":334,""y"":116,""t"":2500},{""x"":328,""y"":112,""t"":2516},{""x"":322,""y"":114,""t"":2564},{""x"":343,""y"":114,""t"":2606},{""x"":346,""y"":109,""t"":2622},{""x"":368,""y"":113,""t"":2662},{""x"":360,""y"":116,""t"":2694},{""x"":459,""y"":144,""t"":2736},{""x"":517,""y"":168,""t"":2758},{""x"":596,""y"":180,""t"":2805},{""x"":663,""y"":188,""t"":2835},{""x"":713,""y"":194,""t"":2862},{""x"":733,""y"":210,""t"":2905},{""x"":779,""y"":223,""t"":2924},{""x"":807,""y"":237,""t"":2966},{""x"":832,""y"":246,""t"":2996},{""x"":851,""y"":255,""t"":3038},{""x"":861,""y"":266,""t"":3067},{""x"":887,""y"":257,""t"":3113},{""x"":909,""y"":247,""t"":3132},{""x"":915,""y"":246,""t"":3175},{""x"":922,""y"":238,""t"":3196},{""x"":923,""y"":236,""t"":3239},{""x"":918,""y"":230,""t"":3277},{""x"":911,""y"":226,""t"":3299},{""x"":899,""y"":212,""t"":3342},{""x"":904,""y"":210,""t"":3387},{""x"":893,""y"":206,""t"":3405},{""x"":901,""y"":209,""t"":3445},{""x"":891,""y"":207,""t"":3485},{""x"":882,""y"":207,""t"":3509},{""x"":867,""y"":204,""t"":3554},{""x"":858,""y"":205,""t"":3578},{""x"":861,""y"":210,""t"":3629},{""x"":865,""y"":214,""t"":3644},{""x"":859,""y"":214,""t"":3691},{""x"":841,""y"":212,""t"":3712},{""x"":760,""y"":200,""t"":3758},{""x"":652,""y"":189,""t"":3780},{""x"":563,""y"":177,""t"":3821},{""x"":491,""y"":167,""t"":3844},{""x"":412,""y"":154,""t"":3885},{""x"":332,""y"":142,""t"":3918},{""x"":288,""y"":137,""t"":3962},{""x"":279,""y"":142,""t"":3980},{""x"":241,""y"":194,""t"":4025},{""x"":236,""y"":214,""t"":4050},{""x"":227,""y"":254,""t"":4097},{""x"":216,""y"":279,""t"":4123},{""x"":200,""y"":266,""t"":4165},{""x"":190,""y"":272,""t"":4210},{""x"":203,""y"":280,""t"":4220},{""x"":217,""y"":280,""t"":4261},{""x"":226,""y"":276,""t"":4292},{""x"":253,""y"":284,""t"":4333},{""x"":278,""y"":289,""t"":4356},{""x"":297,""y"":306,""t"":4398},{""x"":303,""y"":313,""t"":4436},{""x"":293,""y"":303,""t"":4474},{""x"":316,""y"":295,""t"":4492},{""x"":353,""y"":271,""t"":4533},{""x"":383,""y"":251,""t"":4563},{""x"":357,""y"":225,""t"":4607},{""x"":349,""y"":209,""t"":4625},{""x"":347,""y"":195,""t"":4666},{""x"":315,""y"":168,""t"":4708},{""x"":305,""y"":161,""t"":4733},{""x"":275,""y"":113,""t"":4775},{""x"":266,""y"":86,""t"":4796},{""x"":271,""y"":80,""t"":4837},{""x"":298,""y"":74,""t"":4866},{""x"":305,""y"":80,""t"":4908},{""x"":284,""y"":79,""t"":4945},{""x"":276,""y"":96,""t"":4971},{""x"":351,""y"":111,""t"":5013},{""x"":387,""y"":117,""t"":5036},{""x"":471,""y"":125,""t"":5098},{""x"":546,""y"":134,""t"":5108},{""x"":576,""y"":147,""t"":5149},{""x"":596,""y"":152,""t"":5185},{""x"":613,""y"":157,""t"":5208},{""x"":662,""y"":177,""t"":5253},{""x"":700,""y"":191,""t"":5277},{""x"":719,""y"":202,""t"":5318},{""x"":747,""y"":226,""t"":5355},{""x"":768,""y"":246,""t"":5372},{""x"":762,""y"":237,""t"":5431},{""x"":754,""y"":228,""t"":5444},{""x"":750,""y"":222,""t"":5485},{""x"":761,""y"":221,""t"":5515},{""x"":726,""y"":221,""t"":5557},{""x"":691,""y"":223,""t"":5589},{""x"":645,""y"":224,""t"":5632},{""x"":606,""y"":225,""t"":5647},{""x"":600,""y"":260,""t"":5691},{""x"":571,""y"":333,""t"":5730},{""x"":549,""y"":393,""t"":5747},{""x"":544,""y"":458,""t"":5789},{""x"":551,""y"":515,""t"":5821}]",1,0.2571423709795183,0.7428576290204817,mcutoff_b-last,0
27-alternatives,0,64,exp_18,1.0,339.09999999403954,0.28,0.17,4.3,8.3,higher_p,higher_m,0,1,alternatives,0.0,False,1.204,1.4110000000000005,-0.2070000000000003,0.0442583094249128,0.6,0.4,0.5,0.5,0.0,0.0,higher_p,higher_p,False,"{""durations"":[1000,1500,1000,1500],""alternatives"":[1,0,1,0],""attributes"":[""all"",""all"",""all"",""all""]}","[{""x"":463,""y"":182,""t"":-23},{""x"":464,""y"":179,""t"":0},{""x"":472,""y"":174,""t"":47},{""x"":482,""y"":171,""t"":76},{""x"":524,""y"":177,""t"":126},{""x"":551,""y"":185,""t"":138},{""x"":560,""y"":186,""t"":180},{""x"":552,""y"":182,""t"":222},{""x"":541,""y"":183,""t"":243},{""x"":569,""y"":204,""t"":284},{""x"":547,""y"":193,""t"":311},{""x"":609,""y"":204,""t"":354},{""x"":659,""y"":221,""t"":382},{""x"":707,""y"":228,""t"":426},{""x"":746,""y"":233,""t"":443},{""x"":791,""y"":224,""t"":487},{""x"":823,""y"":218,""t"":513},{""x"":847,""y"":214,""t"":554},{""x"":866,""y"":207,""t"":590},{""x"":847,""y"":198,""t"":620},{""x"":860,""y"":195,""t"":670},{""x"":869,""y"":192,""t"":683},{""x"":896,""y"":201,""t"":728},{""x"":897,""y"":207,""t"":753},{""x"":883,""y"":215,""t"":800},{""x"":861,""y"":223,""t"":817},{""x"":882,""y"":235,""t"":864},{""x"":890,""y"":241,""t"":891},{""x"":902,""y"":259,""t"":936},{""x"":911,""y"":274,""t"":956},{""x"":879,""y"":268,""t"":1001},{""x"":852,""y"":263,""t"":1027},{""x"":864,""y"":233,""t"":1083},{""x"":859,""y"":230,""t"":1093},{""x"":861,""y"":206,""t"":1138},{""x"":852,""y"":186,""t"":1163},{""x"":863,""y"":165,""t"":1207},{""x"":868,""y"":148,""t"":1229},{""x"":904,""y"":156,""t"":1269},{""x"":877,""y"":143,""t"":1307},{""x"":717,""y"":107,""t"":1348},{""x"":580,""y"":76,""t"":1363},{""x"":469,""y"":60,""t"":1403},{""x"":379,""y"":49,""t"":1436},{""x"":317,""y"":43,""t"":1482},{""x"":271,""y"":39,""t"":1499},{""x"":234,""y"":58,""t"":1542},{""x"":221,""y"":94,""t"":1581},{""x"":220,""y"":118,""t"":1601},{""x"":212,""y"":156,""t"":1646},{""x"":210,""y"":188,""t"":1667},{""x"":229,""y"":232,""t"":1710},{""x"":252,""y"":249,""t"":1739},{""x"":269,""y"":248,""t"":1780},{""x"":276,""y"":237,""t"":1807},{""x"":306,""y"":263,""t"":1852},{""x"":333,""y"":283,""t"":1873},{""x"":335,""y"":300,""t"":1916},{""x"":301,""y"":292,""t"":1952},{""x"":308,""y"":293,""t"":1979},{""x"":289,""y"":300,""t"":2041},{""x"":277,""y"":317,""t"":2082},{""x"":245,""y"":308,""t"":2127},{""x"":250,""y"":308,""t"":2149},{""x"":294,""y"":304,""t"":2191},{""x"":354,""y"":298,""t"":2211},{""x"":477,""y"":292,""t"":2254},{""x"":566,""y"":303,""t"":2283},{""x"":639,""y"":292,""t"":2326},{""x"":705,""y"":309,""t"":2347},{""x"":724,""y"":305,""t"":2389},{""x"":763,""y"":294,""t"":2418},{""x"":792,""y"":302,""t"":2462},{""x"":847,""y"":314,""t"":2483},{""x"":868,""y"":298,""t"":2528},{""x"":886,""y"":287,""t"":2553},{""x"":889,""y"":284,""t"":2595},{""x"":912,""y"":283,""t"":2620},{""x"":907,""y"":284,""t"":2663},{""x"":899,""y"":285,""t"":2689},{""x"":901,""y"":275,""t"":2753},{""x"":901,""y"":267,""t"":2763},{""x"":898,""y"":270,""t"":2804},{""x"":900,""y"":274,""t"":2833},{""x"":873,""y"":282,""t"":2877},{""x"":866,""y"":283,""t"":2891},{""x"":853,""y"":276,""t"":2933},{""x"":847,""y"":270,""t"":2963},{""x"":845,""y"":269,""t"":3006},{""x"":846,""y"":265,""t"":3027},{""x"":740,""y"":359,""t"":3074},{""x"":667,""y"":414,""t"":3100},{""x"":621,""y"":474,""t"":3140},{""x"":558,""y"":543,""t"":3177},{""x"":507,""y"":599,""t"":3203},{""x"":439,""y"":619,""t"":3246},{""x"":433,""y"":646,""t"":3268},{""x"":413,""y"":577,""t"":3309},{""x"":373,""y"":562,""t"":3340},{""x"":364,""y"":506,""t"":3387},{""x"":342,""y"":451,""t"":3403},{""x"":351,""y"":368,""t"":3447},{""x"":444,""y"":314,""t"":3478},{""x"":523,""y"":269,""t"":3503},{""x"":587,""y"":232,""t"":3548},{""x"":646,""y"":204,""t"":3583},{""x"":687,""y"":181,""t"":3611},{""x"":728,""y"":165,""t"":3656},{""x"":766,""y"":155,""t"":3676},{""x"":746,""y"":151,""t"":3716},{""x"":679,""y"":132,""t"":3762},{""x"":621,""y"":119,""t"":3776},{""x"":513,""y"":107,""t"":3819},{""x"":453,""y"":111,""t"":3857},{""x"":409,""y"":109,""t"":3883},{""x"":354,""y"":120,""t"":3926},{""x"":307,""y"":128,""t"":3948},{""x"":271,""y"":131,""t"":3992},{""x"":241,""y"":129,""t"":4013},{""x"":221,""y"":126,""t"":4056},{""x"":221,""y"":132,""t"":4085},{""x"":243,""y"":149,""t"":4133},{""x"":265,""y"":164,""t"":4156},{""x"":278,""y"":162,""t"":4199},{""x"":250,""y"":152,""t"":4239},{""x"":240,""y"":143,""t"":4250},{""x"":265,""y"":130,""t"":4298},{""x"":303,""y"":144,""t"":4334},{""x"":322,""y"":156,""t"":4353},{""x"":297,""y"":146,""t"":4398},{""x"":274,""y"":138,""t"":4430},{""x"":263,""y"":138,""t"":4468},{""x"":292,""y"":182,""t"":4510},{""x"":298,""y"":228,""t"":4525},{""x"":300,""y"":227,""t"":4566},{""x"":301,""y"":226,""t"":4593},{""x"":319,""y"":224,""t"":4638},{""x"":307,""y"":224,""t"":4673},{""x"":336,""y"":212,""t"":4699},{""x"":326,""y"":234,""t"":4759},{""x"":313,""y"":243,""t"":4770},{""x"":283,""y"":242,""t"":4810},{""x"":274,""y"":249,""t"":4829},{""x"":272,""y"":249,""t"":4882},{""x"":271,""y"":247,""t"":4899},{""x"":262,""y"":248,""t"":4940},{""x"":246,""y"":239,""t"":4979},{""x"":233,""y"":232,""t"":4999},{""x"":221,""y"":219,""t"":5039},{""x"":289,""y"":231,""t"":5082},{""x"":348,""y"":241,""t"":5108},{""x"":446,""y"":257,""t"":5151},{""x"":528,""y"":270,""t"":5172},{""x"":628,""y"":273,""t"":5213},{""x"":709,""y"":274,""t"":5241},{""x"":771,""y"":271,""t"":5284},{""x"":804,""y"":261,""t"":5323},{""x"":782,""y"":248,""t"":5360},{""x"":758,""y"":236,""t"":5377},{""x"":754,""y"":232,""t"":5420},{""x"":678,""y"":226,""t"":5456},{""x"":647,""y"":218,""t"":5483},{""x"":674,""y"":225,""t"":5522},{""x"":675,""y"":226,""t"":5562},{""x"":674,""y"":227,""t"":5584},{""x"":652,""y"":221,""t"":5626},{""x"":602,""y"":214,""t"":5651},{""x"":610,""y"":201,""t"":5693},{""x"":612,""y"":203,""t"":5713},{""x"":582,""y"":206,""t"":5757},{""x"":562,""y"":307,""t"":5795},{""x"":532,""y"":390,""t"":5815},{""x"":514,""y"":467,""t"":5857}]",1,0.2571423709795183,0.7428576290204817,mcutoff_b-last,0
27-alternatives,0,66,exp_20,1.0,324.59999999403954,0.28,0.17,4.3,8.3,higher_p,higher_m,0,1,alternatives,0.0,False,1.204,1.4110000000000005,-0.2070000000000003,0.0442583094249128,0.4,0.6,0.5,0.5,1.0,0.0,higher_m,higher_p,False,"{""durations"":[1500,1000,1500,1000],""alternatives"":[1,0,1,0],""attributes"":[""all"",""all"",""all"",""all""]}","[{""x"":624,""y"":130,""t"":0},{""x"":628,""y"":152,""t"":39},{""x"":638,""y"":163,""t"":93},{""x"":662,""y"":180,""t"":105},{""x"":644,""y"":179,""t"":148},{""x"":618,""y"":179,""t"":190},{""x"":604,""y"":183,""t"":238},{""x"":593,""y"":185,""t"":249},{""x"":629,""y"":192,""t"":290},{""x"":606,""y"":187,""t"":313},{""x"":629,""y"":190,""t"":361},{""x"":621,""y"":188,""t"":375},{""x"":663,""y"":198,""t"":415},{""x"":674,""y"":206,""t"":447},{""x"":718,""y"":202,""t"":490},{""x"":760,""y"":200,""t"":511},{""x"":811,""y"":212,""t"":556},{""x"":847,""y"":218,""t"":581},{""x"":835,""y"":212,""t"":627},{""x"":858,""y"":216,""t"":663},{""x"":871,""y"":229,""t"":688},{""x"":862,""y"":240,""t"":729},{""x"":850,""y"":249,""t"":755},{""x"":853,""y"":265,""t"":797},{""x"":857,""y"":272,""t"":821},{""x"":846,""y"":286,""t"":864},{""x"":847,""y"":291,""t"":885},{""x"":847,""y"":287,""t"":926},{""x"":843,""y"":285,""t"":961},{""x"":850,""y"":283,""t"":996},{""x"":837,""y"":282,""t"":1037},{""x"":843,""y"":273,""t"":1056},{""x"":854,""y"":254,""t"":1110},{""x"":867,""y"":237,""t"":1127},{""x"":878,""y"":219,""t"":1169},{""x"":875,""y"":211,""t"":1206},{""x"":870,""y"":194,""t"":1231},{""x"":889,""y"":170,""t"":1274},{""x"":894,""y"":165,""t"":1295},{""x"":896,""y"":143,""t"":1335},{""x"":892,""y"":126,""t"":1367},{""x"":878,""y"":135,""t"":1410},{""x"":866,""y"":139,""t"":1430},{""x"":849,""y"":147,""t"":1488},{""x"":848,""y"":156,""t"":1498},{""x"":851,""y"":168,""t"":1542},{""x"":829,""y"":181,""t"":1578},{""x"":828,""y"":200,""t"":1599},{""x"":838,""y"":228,""t"":1644},{""x"":847,""y"":237,""t"":1668},{""x"":858,""y"":252,""t"":1712},{""x"":868,""y"":264,""t"":1735},{""x"":858,""y"":277,""t"":1775},{""x"":721,""y"":294,""t"":1825},{""x"":592,""y"":289,""t"":1839},{""x"":490,""y"":278,""t"":1881},{""x"":420,""y"":248,""t"":1909},{""x"":373,""y"":263,""t"":1954},{""x"":311,""y"":257,""t"":1973},{""x"":273,""y"":240,""t"":2028},{""x"":253,""y"":216,""t"":2046},{""x"":274,""y"":215,""t"":2086},{""x"":283,""y"":215,""t"":2125},{""x"":278,""y"":228,""t"":2145},{""x"":273,""y"":207,""t"":2187},{""x"":257,""y"":184,""t"":2216},{""x"":273,""y"":177,""t"":2258},{""x"":297,""y"":172,""t"":2278},{""x"":312,""y"":166,""t"":2321},{""x"":314,""y"":161,""t"":2351},{""x"":305,""y"":139,""t"":2397},{""x"":292,""y"":123,""t"":2415},{""x"":333,""y"":127,""t"":2456},{""x"":363,""y"":134,""t"":2485},{""x"":357,""y"":123,""t"":2532},{""x"":350,""y"":112,""t"":2550},{""x"":352,""y"":115,""t"":2590},{""x"":338,""y"":127,""t"":2630},{""x"":319,""y"":108,""t"":2673},{""x"":309,""y"":108,""t"":2687},{""x"":309,""y"":110,""t"":2732},{""x"":420,""y"":124,""t"":2774},{""x"":525,""y"":143,""t"":2788},{""x"":642,""y"":176,""t"":2830},{""x"":713,""y"":193,""t"":2869},{""x"":780,""y"":203,""t"":2893},{""x"":831,""y"":218,""t"":2935},{""x"":895,""y"":228,""t"":2959},{""x"":916,""y"":232,""t"":3000},{""x"":927,""y"":234,""t"":3031},{""x"":935,""y"":255,""t"":3077},{""x"":933,""y"":261,""t"":3095},{""x"":950,""y"":264,""t"":3138},{""x"":955,""y"":262,""t"":3174},{""x"":958,""y"":257,""t"":3199},{""x"":953,""y"":267,""t"":3240},{""x"":931,""y"":268,""t"":3278},{""x"":910,""y"":268,""t"":3304},{""x"":904,""y"":269,""t"":3347},{""x"":899,""y"":269,""t"":3371},{""x"":888,""y"":263,""t"":3413},{""x"":881,""y"":263,""t"":3439},{""x"":870,""y"":249,""t"":3483},{""x"":862,""y"":237,""t"":3503},{""x"":736,""y"":295,""t"":3547},{""x"":687,""y"":379,""t"":3588},{""x"":653,""y"":457,""t"":3604},{""x"":577,""y"":510,""t"":3647},{""x"":491,""y"":561,""t"":3684},{""x"":402,""y"":529,""t"":3727},{""x"":345,""y"":493,""t"":3743},{""x"":285,""y"":425,""t"":3783},{""x"":252,""y"":370,""t"":3815},{""x"":245,""y"":318,""t"":3856},{""x"":250,""y"":288,""t"":3877},{""x"":241,""y"":242,""t"":3919},{""x"":236,""y"":202,""t"":3966},{""x"":235,""y"":170,""t"":3984},{""x"":261,""y"":153,""t"":4026},{""x"":257,""y"":152,""t"":4063},{""x"":260,""y"":155,""t"":4083},{""x"":240,""y"":140,""t"":4137},{""x"":224,""y"":129,""t"":4152},{""x"":242,""y"":134,""t"":4191},{""x"":253,""y"":130,""t"":4228},{""x"":246,""y"":124,""t"":4274},{""x"":240,""y"":120,""t"":4287},{""x"":311,""y"":138,""t"":4330},{""x"":410,""y"":154,""t"":4353},{""x"":493,""y"":146,""t"":4395},{""x"":562,""y"":122,""t"":4436},{""x"":618,""y"":103,""t"":4460},{""x"":682,""y"":101,""t"":4503},{""x"":717,""y"":102,""t"":4528},{""x"":741,""y"":108,""t"":4570},{""x"":756,""y"":113,""t"":4591},{""x"":737,""y"":107,""t"":4634},{""x"":737,""y"":106,""t"":4672},{""x"":703,""y"":107,""t"":4693},{""x"":705,""y"":111,""t"":4736},{""x"":716,""y"":100,""t"":4781},{""x"":710,""y"":86,""t"":4800},{""x"":731,""y"":100,""t"":4842},{""x"":745,""y"":122,""t"":4863},{""x"":767,""y"":141,""t"":4903},{""x"":793,""y"":149,""t"":4935},{""x"":795,""y"":154,""t"":4975},{""x"":811,""y"":153,""t"":5017},{""x"":822,""y"":152,""t"":5039},{""x"":815,""y"":158,""t"":5085},{""x"":838,""y"":165,""t"":5120},{""x"":856,""y"":170,""t"":5135},{""x"":854,""y"":170,""t"":5174},{""x"":828,""y"":180,""t"":5206},{""x"":831,""y"":179,""t"":5250},{""x"":829,""y"":178,""t"":5271},{""x"":806,""y"":178,""t"":5310},{""x"":804,""y"":191,""t"":5351},{""x"":803,""y"":202,""t"":5380},{""x"":748,""y"":205,""t"":5424},{""x"":715,""y"":214,""t"":5445},{""x"":701,""y"":208,""t"":5488},{""x"":703,""y"":211,""t"":5509},{""x"":704,""y"":207,""t"":5555},{""x"":698,""y"":206,""t"":5582},{""x"":687,""y"":209,""t"":5622},{""x"":668,""y"":212,""t"":5646},{""x"":606,""y"":207,""t"":5703},{""x"":554,""y"":203,""t"":5723},{""x"":567,""y"":203,""t"":5765},{""x"":565,""y"":198,""t"":5781},{""x"":571,""y"":194,""t"":5825},{""x"":552,""y"":194,""t"":5869}]",1,0.2571423709795183,0.7428576290204817,mcutoff_b-last,0
27-alternatives,0,67,exp_68,0.0,137.7999999821186,0.72,0.51,4.2,5.2,higher_p,higher_m,0,1,alternatives,0.0,False,3.024,2.652,0.3719999999999999,0.64020159214642,0.4,0.6,0.5,0.5,1.0,0.0,higher_m,higher_p,True,"{""durations"":[1500,1000,1500,1000],""alternatives"":[1,0,1,0],""attributes"":[""all"",""all"",""all"",""all""]}","[{""x"":594,""y"":199,""t"":0},{""x"":588,""y"":205,""t"":48},{""x"":567,""y"":200,""t"":78},{""x"":583,""y"":202,""t"":132},{""x"":609,""y"":192,""t"":161},{""x"":631,""y"":183,""t"":188},{""x"":601,""y"":187,""t"":234},{""x"":596,""y"":190,""t"":246},{""x"":638,""y"":198,""t"":300},{""x"":665,""y"":206,""t"":312},{""x"":721,""y"":215,""t"":354},{""x"":766,""y"":227,""t"":379},{""x"":801,""y"":229,""t"":419},{""x"":814,""y"":225,""t"":458},{""x"":834,""y"":220,""t"":496},{""x"":842,""y"":216,""t"":510},{""x"":867,""y"":221,""t"":552},{""x"":895,""y"":228,""t"":593},{""x"":920,""y"":228,""t"":614},{""x"":928,""y"":234,""t"":657},{""x"":908,""y"":234,""t"":692},{""x"":900,""y"":236,""t"":733},{""x"":913,""y"":248,""t"":770},{""x"":927,""y"":254,""t"":782},{""x"":928,""y"":259,""t"":822},{""x"":920,""y"":258,""t"":860},{""x"":935,""y"":244,""t"":902},{""x"":939,""y"":240,""t"":945},{""x"":940,""y"":229,""t"":954},{""x"":934,""y"":220,""t"":998},{""x"":926,""y"":222,""t"":1040},{""x"":923,""y"":219,""t"":1057},{""x"":931,""y"":204,""t"":1104},{""x"":936,""y"":190,""t"":1132},{""x"":948,""y"":181,""t"":1171},{""x"":949,""y"":174,""t"":1211},{""x"":956,""y"":166,""t"":1229},{""x"":957,""y"":155,""t"":1270},{""x"":958,""y"":147,""t"":1293},{""x"":943,""y"":145,""t"":1337},{""x"":930,""y"":143,""t"":1362},{""x"":943,""y"":150,""t"":1406},{""x"":931,""y"":160,""t"":1435},{""x"":911,""y"":174,""t"":1476},{""x"":901,""y"":178,""t"":1515},{""x"":899,""y"":183,""t"":1549},{""x"":912,""y"":177,""t"":1568},{""x"":899,""y"":177,""t"":1608},{""x"":886,""y"":185,""t"":1647},{""x"":890,""y"":194,""t"":1668},{""x"":876,""y"":195,""t"":1708},{""x"":883,""y"":192,""t"":1756},{""x"":890,""y"":184,""t"":1772},{""x"":797,""y"":183,""t"":1815},{""x"":708,""y"":186,""t"":1843},{""x"":621,""y"":188,""t"":1886},{""x"":542,""y"":183,""t"":1908},{""x"":450,""y"":174,""t"":1950},{""x"":376,""y"":166,""t"":1980},{""x"":332,""y"":162,""t"":2026},{""x"":283,""y"":158,""t"":2047},{""x"":265,""y"":153,""t"":2092},{""x"":255,""y"":150,""t"":2108},{""x"":231,""y"":183,""t"":2150},{""x"":234,""y"":211,""t"":2194},{""x"":259,""y"":214,""t"":2220},{""x"":267,""y"":213,""t"":2260},{""x"":285,""y"":234,""t"":2284},{""x"":269,""y"":257,""t"":2324},{""x"":256,""y"":280,""t"":2348},{""x"":283,""y"":267,""t"":2388},{""x"":294,""y"":286,""t"":2416},{""x"":311,""y"":268,""t"":2460},{""x"":321,""y"":276,""t"":2489},{""x"":318,""y"":306,""t"":2530},{""x"":336,""y"":304,""t"":2557},{""x"":335,""y"":301,""t"":2599},{""x"":343,""y"":314,""t"":2621},{""x"":321,""y"":291,""t"":2663},{""x"":333,""y"":282,""t"":2692},{""x"":341,""y"":297,""t"":2734},{""x"":338,""y"":267,""t"":2757},{""x"":368,""y"":249,""t"":2798},{""x"":401,""y"":242,""t"":2833},{""x"":491,""y"":258,""t"":2876},{""x"":567,""y"":272,""t"":2894},{""x"":638,""y"":274,""t"":2938},{""x"":695,""y"":275,""t"":2962},{""x"":743,""y"":278,""t"":3017},{""x"":768,""y"":265,""t"":3029},{""x"":806,""y"":262,""t"":3073},{""x"":842,""y"":258,""t"":3100},{""x"":889,""y"":249,""t"":3156},{""x"":932,""y"":246,""t"":3166},{""x"":947,""y"":236,""t"":3210},{""x"":955,""y"":219,""t"":3234},{""x"":951,""y"":226,""t"":3275},{""x"":955,""y"":219,""t"":3314},{""x"":959,""y"":222,""t"":3339},{""x"":957,""y"":219,""t"":3380},{""x"":950,""y"":218,""t"":3420},{""x"":942,""y"":217,""t"":3436},{""x"":939,""y"":213,""t"":3477},{""x"":936,""y"":209,""t"":3505},{""x"":941,""y"":209,""t"":3562},{""x"":945,""y"":208,""t"":3571},{""x"":948,""y"":208,""t"":3614},{""x"":938,""y"":199,""t"":3656},{""x"":928,""y"":192,""t"":3677},{""x"":801,""y"":181,""t"":3723},{""x"":693,""y"":174,""t"":3740},{""x"":558,""y"":156,""t"":3780},{""x"":464,""y"":162,""t"":3827},{""x"":388,""y"":167,""t"":3844},{""x"":323,""y"":157,""t"":3886},{""x"":290,""y"":164,""t"":3917},{""x"":244,""y"":160,""t"":3961},{""x"":223,""y"":154,""t"":3996},{""x"":193,""y"":149,""t"":4013},{""x"":184,""y"":157,""t"":4056},{""x"":214,""y"":168,""t"":4094},{""x"":211,""y"":161,""t"":4127},{""x"":215,""y"":155,""t"":4156},{""x"":220,""y"":144,""t"":4196},{""x"":238,""y"":145,""t"":4220},{""x"":237,""y"":130,""t"":4261},{""x"":240,""y"":122,""t"":4284},{""x"":237,""y"":121,""t"":4325},{""x"":243,""y"":137,""t"":4363},{""x"":250,""y"":181,""t"":4404},{""x"":256,""y"":218,""t"":4424},{""x"":263,""y"":248,""t"":4466},{""x"":260,""y"":260,""t"":4507},{""x"":275,""y"":250,""t"":4541},{""x"":288,""y"":240,""t"":4557},{""x"":299,""y"":224,""t"":4596},{""x"":297,""y"":229,""t"":4634},{""x"":332,""y"":223,""t"":4660},{""x"":326,""y"":211,""t"":4702},{""x"":332,""y"":202,""t"":4744},{""x"":336,""y"":194,""t"":4766},{""x"":345,""y"":189,""t"":4810},{""x"":351,""y"":186,""t"":4834},{""x"":357,""y"":198,""t"":4879},{""x"":361,""y"":197,""t"":4897},{""x"":353,""y"":189,""t"":4941},{""x"":326,""y"":171,""t"":4973},{""x"":333,""y"":159,""t"":5009},{""x"":325,""y"":166,""t"":5050},{""x"":315,""y"":164,""t"":5068},{""x"":317,""y"":198,""t"":5128},{""x"":316,""y"":233,""t"":5138},{""x"":290,""y"":254,""t"":5180},{""x"":296,""y"":280,""t"":5218},{""x"":318,""y"":263,""t"":5243},{""x"":356,""y"":281,""t"":5287},{""x"":390,""y"":265,""t"":5325},{""x"":388,""y"":259,""t"":5341},{""x"":375,""y"":237,""t"":5396},{""x"":364,""y"":219,""t"":5407},{""x"":368,""y"":206,""t"":5447},{""x"":399,""y"":202,""t"":5485},{""x"":408,""y"":203,""t"":5516},{""x"":424,""y"":214,""t"":5560},{""x"":453,""y"":211,""t"":5584},{""x"":463,""y"":208,""t"":5630},{""x"":483,""y"":205,""t"":5650}]",0,0.7428576290204817,0.2571423709795183,mcutoff_b-last,0
27-alternatives,0,68,exp_82,1.0,949.1999999880792,0.61,0.29,2.2,8.1,higher_p,higher_m,0,1,alternatives,0.0,False,1.342,2.349,-1.0069999999999997,-0.7791520984804502,0.6,0.4,0.5,0.5,0.0,0.0,higher_p,higher_p,False,"{""durations"":[1000,1500,1000,1500],""alternatives"":[1,0,1,0],""attributes"":[""all"",""all"",""all"",""all""]}","[{""x"":384,""y"":212,""t"":0},{""x"":404,""y"":209,""t"":44},{""x"":470,""y"":217,""t"":96},{""x"":534,""y"":224,""t"":117},{""x"":567,""y"":219,""t"":161},{""x"":592,""y"":216,""t"":172},{""x"":613,""y"":197,""t"":215},{""x"":627,""y"":184,""t"":242},{""x"":641,""y"":182,""t"":285},{""x"":557,""y"":191,""t"":325},{""x"":529,""y"":180,""t"":345},{""x"":453,""y"":167,""t"":394},{""x"":389,""y"":156,""t"":413},{""x"":356,""y"":198,""t"":453},{""x"":371,""y"":307,""t"":492},{""x"":366,""y"":393,""t"":516},{""x"":341,""y"":458,""t"":557},{""x"":331,""y"":510,""t"":585},{""x"":346,""y"":483,""t"":629},{""x"":361,""y"":456,""t"":654},{""x"":335,""y"":397,""t"":696},{""x"":319,""y"":335,""t"":734},{""x"":306,""y"":282,""t"":748},{""x"":302,""y"":236,""t"":788},{""x"":297,""y"":196,""t"":820},{""x"":292,""y"":168,""t"":863},{""x"":285,""y"":148,""t"":886},{""x"":270,""y"":171,""t"":927},{""x"":260,""y"":172,""t"":959},{""x"":267,""y"":183,""t"":1000},{""x"":283,""y"":182,""t"":1037},{""x"":294,""y"":169,""t"":1058},{""x"":284,""y"":160,""t"":1100},{""x"":300,""y"":148,""t"":1132},{""x"":316,""y"":144,""t"":1171},{""x"":329,""y"":141,""t"":1196},{""x"":346,""y"":153,""t"":1235},{""x"":472,""y"":179,""t"":1276},{""x"":575,""y"":198,""t"":1293},{""x"":666,""y"":221,""t"":1348},{""x"":740,""y"":240,""t"":1364},{""x"":815,""y"":252,""t"":1407},{""x"":873,""y"":261,""t"":1436},{""x"":891,""y"":263,""t"":1479},{""x"":917,""y"":269,""t"":1500},{""x"":913,""y"":265,""t"":1547},{""x"":908,""y"":263,""t"":1565},{""x"":925,""y"":258,""t"":1608},{""x"":936,""y"":253,""t"":1637},{""x"":927,""y"":232,""t"":1684},{""x"":924,""y"":222,""t"":1722},{""x"":912,""y"":217,""t"":1740},{""x"":918,""y"":212,""t"":1786},{""x"":926,""y"":197,""t"":1821},{""x"":934,""y"":180,""t"":1842},{""x"":923,""y"":188,""t"":1884},{""x"":914,""y"":193,""t"":1906},{""x"":908,""y"":184,""t"":1974},{""x"":904,""y"":170,""t"":2021},{""x"":901,""y"":159,""t"":2046},{""x"":871,""y"":168,""t"":2087},{""x"":867,""y"":183,""t"":2108},{""x"":857,""y"":195,""t"":2150},{""x"":852,""y"":205,""t"":2178},{""x"":817,""y"":209,""t"":2220},{""x"":755,""y"":209,""t"":2258},{""x"":659,""y"":207,""t"":2301},{""x"":587,""y"":194,""t"":2320},{""x"":530,""y"":196,""t"":2364},{""x"":492,""y"":187,""t"":2388},{""x"":437,""y"":181,""t"":2430},{""x"":401,""y"":174,""t"":2452},{""x"":350,""y"":184,""t"":2497},{""x"":320,""y"":187,""t"":2534},{""x"":299,""y"":189,""t"":2557},{""x"":249,""y"":177,""t"":2599},{""x"":234,""y"":174,""t"":2639},{""x"":227,""y"":171,""t"":2653},{""x"":235,""y"":167,""t"":2713},{""x"":246,""y"":164,""t"":2722},{""x"":257,""y"":164,""t"":2761},{""x"":248,""y"":157,""t"":2803},{""x"":259,""y"":165,""t"":2829},{""x"":284,""y"":162,""t"":2877},{""x"":292,""y"":156,""t"":2892},{""x"":282,""y"":183,""t"":2951},{""x"":273,""y"":206,""t"":2961},{""x"":299,""y"":241,""t"":3008},{""x"":321,""y"":258,""t"":3033},{""x"":335,""y"":297,""t"":3075},{""x"":347,""y"":329,""t"":3100},{""x"":408,""y"":402,""t"":3141},{""x"":460,""y"":464,""t"":3164},{""x"":502,""y"":530,""t"":3206},{""x"":512,""y"":572,""t"":3237},{""x"":494,""y"":612,""t"":3279},{""x"":485,""y"":643,""t"":3300},{""x"":488,""y"":669,""t"":3340},{""x"":451,""y"":613,""t"":3389},{""x"":403,""y"":578,""t"":3403},{""x"":387,""y"":482,""t"":3443},{""x"":356,""y"":393,""t"":3482},{""x"":321,""y"":307,""t"":3508},{""x"":310,""y"":243,""t"":3551},{""x"":296,""y"":201,""t"":3573},{""x"":275,""y"":157,""t"":3615},{""x"":260,""y"":132,""t"":3652},{""x"":264,""y"":115,""t"":3673},{""x"":303,""y"":110,""t"":3720},{""x"":311,""y"":104,""t"":3740},{""x"":362,""y"":95,""t"":3781},{""x"":454,""y"":104,""t"":3816},{""x"":548,""y"":115,""t"":3852},{""x"":622,""y"":124,""t"":3884},{""x"":690,""y"":144,""t"":3924},{""x"":745,""y"":162,""t"":3949},{""x"":791,""y"":178,""t"":3990},{""x"":826,""y"":192,""t"":4013},{""x"":820,""y"":198,""t"":4056},{""x"":820,""y"":203,""t"":4097},{""x"":816,""y"":207,""t"":4124},{""x"":811,""y"":195,""t"":4166},{""x"":798,""y"":188,""t"":4188},{""x"":777,""y"":183,""t"":4229},{""x"":731,""y"":170,""t"":4252},{""x"":702,""y"":172,""t"":4295},{""x"":678,""y"":175,""t"":4324},{""x"":640,""y"":167,""t"":4369},{""x"":628,""y"":157,""t"":4388},{""x"":553,""y"":143,""t"":4428},{""x"":488,""y"":132,""t"":4459},{""x"":478,""y"":138,""t"":4507},{""x"":456,""y"":146,""t"":4525},{""x"":447,""y"":148,""t"":4566},{""x"":444,""y"":151,""t"":4600},{""x"":471,""y"":153,""t"":4629},{""x"":439,""y"":155,""t"":4670},{""x"":481,""y"":166,""t"":4717},{""x"":515,""y"":178,""t"":4727},{""x"":525,""y"":182,""t"":4772},{""x"":510,""y"":183,""t"":4800},{""x"":517,""y"":176,""t"":4843},{""x"":524,""y"":170,""t"":4866},{""x"":519,""y"":165,""t"":4910},{""x"":538,""y"":167,""t"":4943},{""x"":547,""y"":176,""t"":4972},{""x"":558,""y"":178,""t"":5012},{""x"":558,""y"":177,""t"":5051},{""x"":550,""y"":182,""t"":5074},{""x"":531,""y"":175,""t"":5113},{""x"":527,""y"":170,""t"":5140},{""x"":530,""y"":157,""t"":5191},{""x"":532,""y"":147,""t"":5207},{""x"":496,""y"":143,""t"":5251},{""x"":485,""y"":132,""t"":5277},{""x"":484,""y"":139,""t"":5317},{""x"":484,""y"":146,""t"":5340},{""x"":517,""y"":157,""t"":5380},{""x"":546,""y"":166,""t"":5412},{""x"":581,""y"":174,""t"":5454},{""x"":594,""y"":183,""t"":5493},{""x"":634,""y"":194,""t"":5516},{""x"":617,""y"":190,""t"":5562},{""x"":621,""y"":198,""t"":5580},{""x"":630,""y"":201,""t"":5629},{""x"":630,""y"":207,""t"":5661},{""x"":619,""y"":215,""t"":5682},{""x"":606,""y"":213,""t"":5725},{""x"":637,""y"":221,""t"":5761},{""x"":659,""y"":221,""t"":5788},{""x"":627,""y"":221,""t"":5826},{""x"":618,""y"":216,""t"":5851},{""x"":603,""y"":221,""t"":5892},{""x"":550,""y"":307,""t"":5939},{""x"":509,""y"":371,""t"":5950},{""x"":521,""y"":450,""t"":5991},{""x"":478,""y"":513,""t"":6029},{""x"":439,""y"":554,""t"":6060},{""x"":448,""y"":528,""t"":6107},{""x"":442,""y"":494,""t"":6124},{""x"":435,""y"":446,""t"":6165},{""x"":431,""y"":404,""t"":6188},{""x"":403,""y"":362,""t"":6229},{""x"":384,""y"":354,""t"":6278},{""x"":370,""y"":348,""t"":6292},{""x"":352,""y"":313,""t"":6333},{""x"":338,""y"":284,""t"":6364},{""x"":332,""y"":277,""t"":6406},{""x"":320,""y"":254,""t"":6427},{""x"":396,""y"":255,""t"":6473}]",1,0.2571423709795183,0.7428576290204817,mcutoff_b-last,0
27-alternatives,0,69,exp_114,1.0,959.4000000059604,0.49,0.22,4.2,7.9,higher_p,higher_m,0,1,alternatives,0.0,False,2.058,1.738,0.3199999999999998,0.5866799156325714,0.6,0.4,0.5,0.5,0.0,0.0,higher_p,higher_p,False,"{""durations"":[1000,1500,1000,1500],""alternatives"":[1,0,1,0],""attributes"":[""all"",""all"",""all"",""all""]}","[{""x"":549,""y"":191,""t"":0},{""x"":564,""y"":198,""t"":53},{""x"":564,""y"":202,""t"":74},{""x"":578,""y"":211,""t"":126},{""x"":596,""y"":209,""t"":161},{""x"":611,""y"":208,""t"":190},{""x"":601,""y"":200,""t"":233},{""x"":589,""y"":193,""t"":242},{""x"":607,""y"":204,""t"":300},{""x"":621,""y"":214,""t"":309},{""x"":682,""y"":220,""t"":350},{""x"":747,""y"":226,""t"":390},{""x"":784,""y"":228,""t"":416},{""x"":784,""y"":213,""t"":457},{""x"":793,""y"":198,""t"":481},{""x"":801,""y"":196,""t"":522},{""x"":806,""y"":195,""t"":546},{""x"":810,""y"":201,""t"":587},{""x"":819,""y"":203,""t"":623},{""x"":825,""y"":204,""t"":649},{""x"":846,""y"":200,""t"":691},{""x"":869,""y"":194,""t"":721},{""x"":895,""y"":181,""t"":765},{""x"":912,""y"":176,""t"":785},{""x"":916,""y"":185,""t"":831},{""x"":920,""y"":193,""t"":856},{""x"":924,""y"":182,""t"":898},{""x"":920,""y"":185,""t"":921},{""x"":904,""y"":190,""t"":962},{""x"":903,""y"":181,""t"":992},{""x"":920,""y"":190,""t"":1042},{""x"":933,""y"":197,""t"":1058},{""x"":942,""y"":188,""t"":1108},{""x"":948,""y"":179,""t"":1125},{""x"":948,""y"":177,""t"":1173},{""x"":937,""y"":180,""t"":1199},{""x"":892,""y"":190,""t"":1241},{""x"":860,""y"":193,""t"":1269},{""x"":744,""y"":188,""t"":1313},{""x"":647,""y"":183,""t"":1333},{""x"":544,""y"":184,""t"":1378},{""x"":456,""y"":175,""t"":1414},{""x"":388,""y"":163,""t"":1430},{""x"":343,""y"":158,""t"":1476},{""x"":302,""y"":150,""t"":1502},{""x"":238,""y"":145,""t"":1544},{""x"":232,""y"":157,""t"":1568},{""x"":201,""y"":133,""t"":1610},{""x"":190,""y"":131,""t"":1647},{""x"":185,""y"":130,""t"":1673},{""x"":184,""y"":134,""t"":1713},{""x"":183,""y"":169,""t"":1744},{""x"":193,""y"":200,""t"":1770},{""x"":210,""y"":208,""t"":1809},{""x"":223,""y"":207,""t"":1849},{""x"":236,""y"":206,""t"":1872},{""x"":253,""y"":217,""t"":1917},{""x"":287,""y"":224,""t"":1958},{""x"":306,""y"":230,""t"":1974},{""x"":321,""y"":234,""t"":2013},{""x"":464,""y"":244,""t"":2056},{""x"":596,""y"":244,""t"":2099},{""x"":704,""y"":244,""t"":2114},{""x"":768,""y"":239,""t"":2161},{""x"":805,""y"":236,""t"":2182},{""x"":828,""y"":233,""t"":2239},{""x"":850,""y"":225,""t"":2251},{""x"":871,""y"":227,""t"":2294},{""x"":887,""y"":228,""t"":2320},{""x"":905,""y"":230,""t"":2364},{""x"":909,""y"":226,""t"":2385},{""x"":908,""y"":230,""t"":2426},{""x"":904,""y"":233,""t"":2456},{""x"":904,""y"":236,""t"":2498},{""x"":888,""y"":232,""t"":2537},{""x"":861,""y"":229,""t"":2552},{""x"":858,""y"":234,""t"":2596},{""x"":862,""y"":237,""t"":2626},{""x"":848,""y"":233,""t"":2667},{""x"":834,""y"":230,""t"":2689},{""x"":844,""y"":229,""t"":2729},{""x"":857,""y"":226,""t"":2760},{""x"":860,""y"":226,""t"":2804},{""x"":838,""y"":222,""t"":2824},{""x"":842,""y"":216,""t"":2866},{""x"":850,""y"":212,""t"":2895},{""x"":855,""y"":219,""t"":2938},{""x"":857,""y"":221,""t"":2964},{""x"":857,""y"":219,""t"":3008},{""x"":865,""y"":200,""t"":3030},{""x"":888,""y"":191,""t"":3072},{""x"":890,""y"":194,""t"":3104},{""x"":881,""y"":196,""t"":3147},{""x"":878,""y"":195,""t"":3169},{""x"":896,""y"":189,""t"":3210},{""x"":897,""y"":192,""t"":3248},{""x"":908,""y"":190,""t"":3264},{""x"":895,""y"":193,""t"":3307},{""x"":901,""y"":192,""t"":3366},{""x"":901,""y"":189,""t"":3376},{""x"":892,""y"":208,""t"":3424},{""x"":897,""y"":221,""t"":3435},{""x"":890,""y"":225,""t"":3477},{""x"":869,""y"":229,""t"":3521},{""x"":849,""y"":230,""t"":3536},{""x"":820,""y"":234,""t"":3579},{""x"":796,""y"":238,""t"":3610},{""x"":809,""y"":232,""t"":3651},{""x"":833,""y"":217,""t"":3689},{""x"":843,""y"":216,""t"":3713},{""x"":859,""y"":203,""t"":3762},{""x"":872,""y"":191,""t"":3777},{""x"":787,""y"":177,""t"":3819},{""x"":736,""y"":170,""t"":3846},{""x"":638,""y"":157,""t"":3889},{""x"":545,""y"":150,""t"":3921},{""x"":437,""y"":140,""t"":3961},{""x"":348,""y"":132,""t"":3984},{""x"":323,""y"":122,""t"":4027},{""x"":321,""y"":120,""t"":4049},{""x"":283,""y"":110,""t"":4091},{""x"":258,""y"":125,""t"":4129},{""x"":245,""y"":125,""t"":4165},{""x"":240,""y"":122,""t"":4183},{""x"":262,""y"":125,""t"":4226},{""x"":247,""y"":110,""t"":4274},{""x"":261,""y"":110,""t"":4284},{""x"":265,""y"":118,""t"":4328},{""x"":261,""y"":123,""t"":4352},{""x"":263,""y"":128,""t"":4394},{""x"":269,""y"":130,""t"":4431},{""x"":325,""y"":141,""t"":4472},{""x"":435,""y"":144,""t"":4489},{""x"":556,""y"":160,""t"":4528},{""x"":649,""y"":175,""t"":4561},{""x"":734,""y"":189,""t"":4606},{""x"":797,""y"":199,""t"":4624},{""x"":835,""y"":211,""t"":4666},{""x"":869,""y"":225,""t"":4713},{""x"":892,""y"":237,""t"":4729},{""x"":897,""y"":240,""t"":4771},{""x"":893,""y"":243,""t"":4800},{""x"":886,""y"":235,""t"":4845},{""x"":877,""y"":226,""t"":4868},{""x"":871,""y"":229,""t"":4910},{""x"":889,""y"":214,""t"":4934},{""x"":903,""y"":215,""t"":4977},{""x"":908,""y"":211,""t"":5014},{""x"":895,""y"":206,""t"":5040},{""x"":886,""y"":205,""t"":5084},{""x"":885,""y"":207,""t"":5101},{""x"":860,""y"":215,""t"":5144},{""x"":858,""y"":201,""t"":5183},{""x"":853,""y"":206,""t"":5213},{""x"":848,""y"":204,""t"":5255},{""x"":848,""y"":205,""t"":5280},{""x"":844,""y"":207,""t"":5321},{""x"":835,""y"":210,""t"":5344},{""x"":836,""y"":210,""t"":5383},{""x"":821,""y"":215,""t"":5425},{""x"":807,""y"":221,""t"":5448},{""x"":772,""y"":231,""t"":5493},{""x"":734,""y"":236,""t"":5525},{""x"":689,""y"":233,""t"":5545},{""x"":667,""y"":233,""t"":5585},{""x"":626,""y"":211,""t"":5616},{""x"":595,""y"":282,""t"":5659},{""x"":576,""y"":368,""t"":5686},{""x"":548,""y"":445,""t"":5732},{""x"":550,""y"":524,""t"":5774},{""x"":549,""y"":583,""t"":5784},{""x"":562,""y"":642,""t"":5829},{""x"":574,""y"":687,""t"":5856},{""x"":597,""y"":709,""t"":5896},{""x"":618,""y"":723,""t"":5925},{""x"":632,""y"":729,""t"":5969},{""x"":641,""y"":743,""t"":5990},{""x"":637,""y"":738,""t"":6033},{""x"":633,""y"":731,""t"":6054},{""x"":658,""y"":751,""t"":6096},{""x"":657,""y"":758,""t"":6133},{""x"":654,""y"":774,""t"":6160},{""x"":656,""y"":760,""t"":6203},{""x"":658,""y"":745,""t"":6224},{""x"":640,""y"":680,""t"":6270},{""x"":613,""y"":650,""t"":6297},{""x"":656,""y"":560,""t"":6338},{""x"":685,""y"":499,""t"":6360},{""x"":716,""y"":409,""t"":6410},{""x"":755,""y"":340,""t"":6433},{""x"":794,""y"":284,""t"":6478},{""x"":828,""y"":232,""t"":6496}]",1,0.2571423709795183,0.7428576290204817,mcutoff_b-last,0
27-alternatives,1,70,exp_72,0.0,318.5,0.8,0.2,4.0,6.799999999999999,higher_p,higher_m,0,1,alternatives,0.0,False,3.2,1.36,1.8400000000000003,2.151159690652763,0.6,0.4,0.5,0.5,0.0,1.0,higher_p,higher_m,True,"{""durations"":[1500,1000,1500,1000],""alternatives"":[0,1,0,1],""attributes"":[""all"",""all"",""all"",""all""]}","[{""x"":677,""y"":487,""t"":-23},{""x"":690,""y"":496,""t"":0},{""x"":687,""y"":499,""t"":55},{""x"":682,""y"":499,""t"":70},{""x"":670,""y"":497,""t"":134},{""x"":672,""y"":489,""t"":144},{""x"":654,""y"":488,""t"":189},{""x"":637,""y"":486,""t"":210},{""x"":642,""y"":475,""t"":256},{""x"":645,""y"":465,""t"":276},{""x"":610,""y"":447,""t"":348},{""x"":572,""y"":406,""t"":382},{""x"":557,""y"":393,""t"":426},{""x"":556,""y"":385,""t"":445},{""x"":516,""y"":365,""t"":488},{""x"":447,""y"":340,""t"":511},{""x"":446,""y"":363,""t"":561},{""x"":443,""y"":380,""t"":580},{""x"":434,""y"":392,""t"":623},{""x"":447,""y"":419,""t"":654},{""x"":448,""y"":417,""t"":698},{""x"":456,""y"":439,""t"":717},{""x"":470,""y"":431,""t"":758},{""x"":432,""y"":417,""t"":796},{""x"":420,""y"":408,""t"":821},{""x"":313,""y"":340,""t"":863},{""x"":286,""y"":298,""t"":884},{""x"":245,""y"":257,""t"":927},{""x"":227,""y"":230,""t"":957},{""x"":205,""y"":221,""t"":1002},{""x"":189,""y"":216,""t"":1026},{""x"":140,""y"":186,""t"":1068},{""x"":141,""y"":178,""t"":1093},{""x"":62,""y"":142,""t"":1148},{""x"":90,""y"":141,""t"":1159},{""x"":89,""y"":123,""t"":1200},{""x"":114,""y"":108,""t"":1228},{""x"":93,""y"":98,""t"":1275},{""x"":77,""y"":91,""t"":1293},{""x"":79,""y"":103,""t"":1342},{""x"":64,""y"":57,""t"":1362},{""x"":2,""y"":63,""t"":1411},{""x"":-35,""y"":43,""t"":1436},{""x"":8,""y"":84,""t"":1478},{""x"":132,""y"":149,""t"":1520},{""x"":238,""y"":204,""t"":1532},{""x"":293,""y"":251,""t"":1577},{""x"":374,""y"":310,""t"":1613},{""x"":440,""y"":358,""t"":1636},{""x"":495,""y"":374,""t"":1677},{""x"":518,""y"":390,""t"":1700},{""x"":553,""y"":392,""t"":1742},{""x"":651,""y"":411,""t"":1795},{""x"":727,""y"":418,""t"":1806},{""x"":802,""y"":439,""t"":1847},{""x"":804,""y"":426,""t"":1884},{""x"":861,""y"":430,""t"":1926},{""x"":903,""y"":431,""t"":1941},{""x"":949,""y"":433,""t"":1984},{""x"":1005,""y"":446,""t"":2012},{""x"":1010,""y"":422,""t"":2058},{""x"":1021,""y"":403,""t"":2076},{""x"":908,""y"":335,""t"":2120},{""x"":807,""y"":278,""t"":2146},{""x"":764,""y"":237,""t"":2188},{""x"":813,""y"":247,""t"":2226},{""x"":856,""y"":258,""t"":2252},{""x"":828,""y"":312,""t"":2294},{""x"":786,""y"":391,""t"":2332},{""x"":751,""y"":458,""t"":2349},{""x"":630,""y"":489,""t"":2393},{""x"":571,""y"":528,""t"":2418},{""x"":571,""y"":562,""t"":2474},{""x"":576,""y"":589,""t"":2484},{""x"":649,""y"":568,""t"":2529},{""x"":688,""y"":544,""t"":2550},{""x"":685,""y"":485,""t"":2596},{""x"":648,""y"":412,""t"":2636},{""x"":708,""y"":384,""t"":2654},{""x"":621,""y"":308,""t"":2696},{""x"":504,""y"":250,""t"":2725},{""x"":490,""y"":260,""t"":2772},{""x"":469,""y"":252,""t"":2817},{""x"":446,""y"":239,""t"":2827},{""x"":316,""y"":184,""t"":2876},{""x"":209,""y"":139,""t"":2892},{""x"":126,""y"":111,""t"":2938},{""x"":61,""y"":90,""t"":2962},{""x"":53,""y"":92,""t"":3008},{""x"":53,""y"":96,""t"":3032},{""x"":6,""y"":59,""t"":3083},{""x"":-52,""y"":52,""t"":3101},{""x"":43,""y"":130,""t"":3150},{""x"":129,""y"":198,""t"":3165},{""x"":190,""y"":273,""t"":3214},{""x"":227,""y"":326,""t"":3234},{""x"":273,""y"":379,""t"":3282},{""x"":309,""y"":414,""t"":3300},{""x"":343,""y"":442,""t"":3343},{""x"":367,""y"":481,""t"":3376},{""x"":489,""y"":521,""t"":3420},{""x"":596,""y"":556,""t"":3438},{""x"":750,""y"":560,""t"":3482},{""x"":850,""y"":556,""t"":3509},{""x"":926,""y"":550,""t"":3554},{""x"":994,""y"":534,""t"":3589},{""x"":1043,""y"":518,""t"":3605},{""x"":1065,""y"":490,""t"":3648},{""x"":1012,""y"":440,""t"":3692},{""x"":960,""y"":396,""t"":3709},{""x"":948,""y"":382,""t"":3750},{""x"":935,""y"":370,""t"":3780},{""x"":925,""y"":360,""t"":3821},{""x"":910,""y"":367,""t"":3860},{""x"":896,""y"":373,""t"":3877},{""x"":892,""y"":380,""t"":3920},{""x"":889,""y"":387,""t"":3944},{""x"":886,""y"":416,""t"":3991},{""x"":875,""y"":432,""t"":4013},{""x"":880,""y"":432,""t"":4060},{""x"":871,""y"":434,""t"":4101},{""x"":861,""y"":432,""t"":4115},{""x"":867,""y"":429,""t"":4160},{""x"":891,""y"":416,""t"":4203},{""x"":902,""y"":412,""t"":4221},{""x"":902,""y"":407,""t"":4264},{""x"":902,""y"":403,""t"":4285},{""x"":917,""y"":400,""t"":4328},{""x"":925,""y"":414,""t"":4371},{""x"":929,""y"":427,""t"":4386},{""x"":930,""y"":434,""t"":4430},{""x"":948,""y"":447,""t"":4461},{""x"":937,""y"":466,""t"":4520},{""x"":954,""y"":480,""t"":4530},{""x"":912,""y"":523,""t"":4571},{""x"":898,""y"":531,""t"":4597},{""x"":881,""y"":546,""t"":4650},{""x"":868,""y"":558,""t"":4659},{""x"":892,""y"":564,""t"":4701},{""x"":841,""y"":512,""t"":4741},{""x"":786,""y"":462,""t"":4765},{""x"":761,""y"":399,""t"":4812},{""x"":793,""y"":379,""t"":4830},{""x"":775,""y"":320,""t"":4878},{""x"":760,""y"":272,""t"":4900},{""x"":773,""y"":271,""t"":4942},{""x"":830,""y"":291,""t"":4972},{""x"":843,""y"":297,""t"":5016},{""x"":888,""y"":320,""t"":5039},{""x"":922,""y"":376,""t"":5087},{""x"":949,""y"":425,""t"":5100},{""x"":946,""y"":464,""t"":5151},{""x"":1011,""y"":524,""t"":5170},{""x"":1028,""y"":571,""t"":5216},{""x"":1026,""y"":604,""t"":5244},{""x"":991,""y"":613,""t"":5293},{""x"":957,""y"":616,""t"":5309},{""x"":857,""y"":601,""t"":5351},{""x"":776,""y"":587,""t"":5372},{""x"":704,""y"":566,""t"":5415},{""x"":642,""y"":548,""t"":5454},{""x"":593,""y"":531,""t"":5476},{""x"":572,""y"":518,""t"":5518},{""x"":552,""y"":506,""t"":5544},{""x"":550,""y"":504,""t"":5589},{""x"":566,""y"":475,""t"":5627},{""x"":582,""y"":450,""t"":5645},{""x"":591,""y"":433,""t"":5689},{""x"":580,""y"":446,""t"":5726},{""x"":542,""y"":438,""t"":5748},{""x"":414,""y"":360,""t"":5789},{""x"":359,""y"":334,""t"":5820},{""x"":320,""y"":377,""t"":5870},{""x"":362,""y"":464,""t"":5892}]",0,0.7428576290204817,0.2571423709795183,mcutoff_b-last,0
27-alternatives,1,76,exp_6,0.0,376.8000000119209,0.79,0.49,5.300000000000001,8.3,higher_p,higher_m,0,1,alternatives,0.0,False,4.187000000000001,4.067,0.120000000000001,0.3808273136562316,0.4,0.6,0.5,0.5,1.0,1.0,higher_m,higher_m,True,"{""durations"":[1000,1500,1000,1500],""alternatives"":[0,1,0,1],""attributes"":[""all"",""all"",""all"",""all""]}","[{""x"":581,""y"":311,""t"":-20},{""x"":627,""y"":324,""t"":0},{""x"":611,""y"":320,""t"":77},{""x"":594,""y"":338,""t"":115},{""x"":598,""y"":344,""t"":156},{""x"":616,""y"":346,""t"":177},{""x"":601,""y"":351,""t"":221},{""x"":604,""y"":367,""t"":247},{""x"":620,""y"":373,""t"":290},{""x"":692,""y"":379,""t"":326},{""x"":752,""y"":384,""t"":342},{""x"":717,""y"":351,""t"":386},{""x"":705,""y"":319,""t"":414},{""x"":696,""y"":291,""t"":458},{""x"":671,""y"":248,""t"":496},{""x"":635,""y"":215,""t"":518},{""x"":629,""y"":211,""t"":562},{""x"":641,""y"":204,""t"":583},{""x"":650,""y"":214,""t"":627},{""x"":723,""y"":257,""t"":654},{""x"":781,""y"":295,""t"":698},{""x"":829,""y"":328,""t"":715},{""x"":865,""y"":361,""t"":760},{""x"":832,""y"":353,""t"":787},{""x"":880,""y"":392,""t"":831},{""x"":913,""y"":424,""t"":852},{""x"":935,""y"":431,""t"":899},{""x"":897,""y"":399,""t"":941},{""x"":862,""y"":371,""t"":955},{""x"":878,""y"":381,""t"":999},{""x"":842,""y"":346,""t"":1037},{""x"":815,""y"":312,""t"":1078},{""x"":800,""y"":283,""t"":1094},{""x"":732,""y"":234,""t"":1138},{""x"":747,""y"":238,""t"":1157},{""x"":715,""y"":225,""t"":1201},{""x"":701,""y"":230,""t"":1244},{""x"":685,""y"":219,""t"":1262},{""x"":580,""y"":193,""t"":1306},{""x"":443,""y"":168,""t"":1346},{""x"":339,""y"":158,""t"":1366},{""x"":258,""y"":130,""t"":1410},{""x"":197,""y"":125,""t"":1429},{""x"":202,""y"":134,""t"":1472},{""x"":212,""y"":143,""t"":1502},{""x"":156,""y"":142,""t"":1554},{""x"":112,""y"":145,""t"":1566},{""x"":91,""y"":171,""t"":1609},{""x"":173,""y"":230,""t"":1645},{""x"":150,""y"":249,""t"":1680},{""x"":227,""y"":295,""t"":1709},{""x"":286,""y"":355,""t"":1751},{""x"":317,""y"":386,""t"":1773},{""x"":322,""y"":395,""t"":1816},{""x"":325,""y"":399,""t"":1841},{""x"":369,""y"":398,""t"":1887},{""x"":392,""y"":380,""t"":1907},{""x"":428,""y"":357,""t"":1954},{""x"":458,""y"":336,""t"":1973},{""x"":383,""y"":289,""t"":2022},{""x"":324,""y"":236,""t"":2046},{""x"":242,""y"":174,""t"":2087},{""x"":180,""y"":143,""t"":2110},{""x"":146,""y"":123,""t"":2154},{""x"":120,""y"":109,""t"":2182},{""x"":56,""y"":76,""t"":2225},{""x"":-8,""y"":61,""t"":2245},{""x"":-4,""y"":35,""t"":2286},{""x"":29,""y"":23,""t"":2318},{""x"":128,""y"":52,""t"":2365},{""x"":214,""y"":78,""t"":2381},{""x"":389,""y"":155,""t"":2426},{""x"":540,""y"":220,""t"":2463},{""x"":610,""y"":233,""t"":2486},{""x"":650,""y"":247,""t"":2532},{""x"":746,""y"":285,""t"":2555},{""x"":828,""y"":314,""t"":2600},{""x"":877,""y"":343,""t"":2637},{""x"":913,""y"":365,""t"":2658},{""x"":917,""y"":382,""t"":2719},{""x"":914,""y"":394,""t"":2729},{""x"":844,""y"":343,""t"":2771},{""x"":839,""y"":347,""t"":2797},{""x"":812,""y"":315,""t"":2857},{""x"":767,""y"":292,""t"":2894},{""x"":718,""y"":272,""t"":2932},{""x"":682,""y"":260,""t"":2966},{""x"":636,""y"":247,""t"":3011},{""x"":597,""y"":236,""t"":3032},{""x"":665,""y"":284,""t"":3078},{""x"":725,""y"":325,""t"":3102},{""x"":790,""y"":358,""t"":3157},{""x"":845,""y"":385,""t"":3166},{""x"":896,""y"":405,""t"":3208},{""x"":936,""y"":420,""t"":3242},{""x"":960,""y"":438,""t"":3286},{""x"":977,""y"":452,""t"":3302},{""x"":983,""y"":465,""t"":3343},{""x"":978,""y"":470,""t"":3379},{""x"":992,""y"":471,""t"":3419},{""x"":1009,""y"":474,""t"":3459},{""x"":1022,""y"":474,""t"":3469},{""x"":1026,""y"":477,""t"":3513},{""x"":1028,""y"":479,""t"":3555},{""x"":1018,""y"":481,""t"":3571},{""x"":1000,""y"":485,""t"":3615},{""x"":977,""y"":492,""t"":3648},{""x"":991,""y"":487,""t"":3691},{""x"":1002,""y"":483,""t"":3710},{""x"":870,""y"":444,""t"":3755},{""x"":734,""y"":409,""t"":3775},{""x"":612,""y"":369,""t"":3818},{""x"":384,""y"":278,""t"":3854},{""x"":336,""y"":251,""t"":3885},{""x"":241,""y"":240,""t"":3932},{""x"":155,""y"":250,""t"":3950},{""x"":86,""y"":261,""t"":3990},{""x"":174,""y"":307,""t"":4029},{""x"":26,""y"":278,""t"":4047},{""x"":-154,""y"":267,""t"":4092},{""x"":-91,""y"":282,""t"":4137},{""x"":-33,""y"":296,""t"":4150},{""x"":-5,""y"":275,""t"":4192},{""x"":23,""y"":257,""t"":4221},{""x"":56,""y"":236,""t"":4268},{""x"":33,""y"":188,""t"":4286},{""x"":31,""y"":129,""t"":4333},{""x"":71,""y"":138,""t"":4364},{""x"":46,""y"":100,""t"":4409},{""x"":29,""y"":70,""t"":4422},{""x"":19,""y"":38,""t"":4462},{""x"":0,""y"":35,""t"":4494},{""x"":15,""y"":-3,""t"":4538},{""x"":29,""y"":-33,""t"":4558},{""x"":75,""y"":-20,""t"":4602},{""x"":41,""y"":-35,""t"":4627},{""x"":6,""y"":-55,""t"":4675},{""x"":-23,""y"":-70,""t"":4693},{""x"":-58,""y"":-88,""t"":4738},{""x"":10,""y"":0,""t"":4782},{""x"":68,""y"":76,""t"":4798},{""x"":179,""y"":173,""t"":4845},{""x"":274,""y"":255,""t"":4870},{""x"":346,""y"":311,""t"":4915},{""x"":414,""y"":355,""t"":4934},{""x"":544,""y"":383,""t"":4977},{""x"":620,""y"":405,""t"":5005},{""x"":628,""y"":369,""t"":5049},{""x"":594,""y"":340,""t"":5070},{""x"":701,""y"":352,""t"":5113},{""x"":768,""y"":366,""t"":5134},{""x"":816,""y"":358,""t"":5176},{""x"":843,""y"":348,""t"":5202},{""x"":853,""y"":343,""t"":5245},{""x"":877,""y"":332,""t"":5270},{""x"":910,""y"":350,""t"":5313},{""x"":850,""y"":319,""t"":5349},{""x"":793,""y"":284,""t"":5395},{""x"":742,""y"":255,""t"":5409},{""x"":729,""y"":260,""t"":5456},{""x"":717,""y"":262,""t"":5490},{""x"":707,""y"":265,""t"":5509},{""x"":703,""y"":271,""t"":5555},{""x"":672,""y"":296,""t"":5597},{""x"":647,""y"":318,""t"":5618},{""x"":652,""y"":329,""t"":5660},{""x"":658,""y"":337,""t"":5682},{""x"":624,""y"":347,""t"":5726},{""x"":614,""y"":356,""t"":5748},{""x"":540,""y"":419,""t"":5793},{""x"":464,""y"":438,""t"":5817},{""x"":459,""y"":487,""t"":5860},{""x"":497,""y"":545,""t"":5885}]",1,0.2571423709795183,0.7428576290204817,mcutoff_b-last,0
27-alternatives,1,77,exp_44,1.0,628.4000000059605,0.81,0.48,1.6999999999999995,7.9,higher_p,higher_m,0,1,alternatives,0.0,False,1.3769999999999998,3.792,-2.415,-2.2283544163938904,0.4,0.6,0.5,0.5,1.0,0.0,higher_m,higher_p,False,"{""durations"":[1500,1000,1500,1000],""alternatives"":[1,0,1,0],""attributes"":[""all"",""all"",""all"",""all""]}","[{""x"":465,""y"":217,""t"":0},{""x"":360,""y"":170,""t"":50},{""x"":374,""y"":176,""t"":69},{""x"":415,""y"":206,""t"":139},{""x"":416,""y"":188,""t"":175},{""x"":396,""y"":173,""t"":215},{""x"":389,""y"":158,""t"":240},{""x"":337,""y"":138,""t"":284},{""x"":309,""y"":112,""t"":309},{""x"":157,""y"":26,""t"":357},{""x"":45,""y"":-19,""t"":382},{""x"":-26,""y"":-10,""t"":422},{""x"":-97,""y"":-30,""t"":447},{""x"":-77,""y"":7,""t"":492},{""x"":-65,""y"":36,""t"":511},{""x"":13,""y"":91,""t"":555},{""x"":83,""y"":139,""t"":581},{""x"":123,""y"":190,""t"":626},{""x"":159,""y"":232,""t"":654},{""x"":213,""y"":283,""t"":700},{""x"":258,""y"":325,""t"":723},{""x"":314,""y"":347,""t"":765},{""x"":370,""y"":366,""t"":786},{""x"":377,""y"":377,""t"":834},{""x"":380,""y"":383,""t"":855},{""x"":372,""y"":379,""t"":900},{""x"":369,""y"":363,""t"":936},{""x"":370,""y"":333,""t"":977},{""x"":369,""y"":307,""t"":987},{""x"":305,""y"":245,""t"":1029},{""x"":227,""y"":195,""t"":1064},{""x"":162,""y"":154,""t"":1095},{""x"":193,""y"":165,""t"":1136},{""x"":103,""y"":94,""t"":1175},{""x"":28,""y"":35,""t"":1192},{""x"":17,""y"":25,""t"":1234},{""x"":-12,""y"":5,""t"":1263},{""x"":-10,""y"":-22,""t"":1309},{""x"":-6,""y"":-41,""t"":1327},{""x"":72,""y"":19,""t"":1373},{""x"":157,""y"":81,""t"":1397},{""x"":170,""y"":88,""t"":1443},{""x"":251,""y"":132,""t"":1470},{""x"":302,""y"":163,""t"":1518},{""x"":437,""y"":235,""t"":1531},{""x"":590,""y"":300,""t"":1574},{""x"":712,""y"":357,""t"":1598},{""x"":812,""y"":410,""t"":1641},{""x"":876,""y"":436,""t"":1678},{""x"":950,""y"":459,""t"":1720},{""x"":1005,""y"":475,""t"":1738},{""x"":1017,""y"":482,""t"":1780},{""x"":1026,""y"":489,""t"":1821},{""x"":1026,""y"":492,""t"":1839},{""x"":1015,""y"":485,""t"":1881},{""x"":1006,""y"":487,""t"":1909},{""x"":1000,""y"":473,""t"":1953},{""x"":942,""y"":460,""t"":1975},{""x"":946,""y"":458,""t"":2016},{""x"":928,""y"":449,""t"":2057},{""x"":937,""y"":442,""t"":2079},{""x"":903,""y"":436,""t"":2124},{""x"":845,""y"":417,""t"":2143},{""x"":864,""y"":403,""t"":2186},{""x"":906,""y"":401,""t"":2212},{""x"":910,""y"":394,""t"":2256},{""x"":894,""y"":397,""t"":2293},{""x"":855,""y"":389,""t"":2339},{""x"":806,""y"":372,""t"":2350},{""x"":797,""y"":361,""t"":2395},{""x"":768,""y"":361,""t"":2415},{""x"":792,""y"":369,""t"":2477},{""x"":799,""y"":366,""t"":2487},{""x"":833,""y"":370,""t"":2530},{""x"":863,""y"":375,""t"":2558},{""x"":902,""y"":393,""t"":2601},{""x"":912,""y"":398,""t"":2624},{""x"":918,""y"":405,""t"":2664},{""x"":933,""y"":412,""t"":2686},{""x"":919,""y"":415,""t"":2729},{""x"":858,""y"":419,""t"":2760},{""x"":685,""y"":363,""t"":2803},{""x"":524,""y"":317,""t"":2822},{""x"":462,""y"":309,""t"":2866},{""x"":387,""y"":323,""t"":2903},{""x"":316,""y"":324,""t"":2940},{""x"":261,""y"":354,""t"":2975},{""x"":322,""y"":388,""t"":3012},{""x"":370,""y"":406,""t"":3030},{""x"":283,""y"":404,""t"":3075},{""x"":232,""y"":399,""t"":3095},{""x"":210,""y"":390,""t"":3143},{""x"":158,""y"":342,""t"":3176},{""x"":115,""y"":306,""t"":3199},{""x"":163,""y"":307,""t"":3242},{""x"":190,""y"":305,""t"":3282},{""x"":185,""y"":295,""t"":3300},{""x"":195,""y"":296,""t"":3344},{""x"":206,""y"":299,""t"":3374},{""x"":213,""y"":300,""t"":3419},{""x"":226,""y"":309,""t"":3439},{""x"":260,""y"":324,""t"":3481},{""x"":250,""y"":281,""t"":3519},{""x"":219,""y"":232,""t"":3544},{""x"":171,""y"":198,""t"":3588},{""x"":171,""y"":213,""t"":3624},{""x"":150,""y"":176,""t"":3659},{""x"":125,""y"":155,""t"":3679},{""x"":186,""y"":165,""t"":3724},{""x"":231,""y"":188,""t"":3743},{""x"":212,""y"":151,""t"":3800},{""x"":188,""y"":128,""t"":3811},{""x"":202,""y"":154,""t"":3852},{""x"":143,""y"":126,""t"":3885},{""x"":199,""y"":143,""t"":3918},{""x"":244,""y"":164,""t"":3962},{""x"":270,""y"":193,""t"":3983},{""x"":303,""y"":230,""t"":4029},{""x"":353,""y"":253,""t"":4066},{""x"":395,""y"":272,""t"":4083},{""x"":415,""y"":272,""t"":4131},{""x"":420,""y"":272,""t"":4149},{""x"":346,""y"":237,""t"":4208},{""x"":371,""y"":254,""t"":4218},{""x"":394,""y"":268,""t"":4262},{""x"":414,""y"":279,""t"":4290},{""x"":532,""y"":318,""t"":4335},{""x"":646,""y"":338,""t"":4369},{""x"":747,""y"":358,""t"":4390},{""x"":813,""y"":374,""t"":4433},{""x"":856,""y"":386,""t"":4462},{""x"":877,""y"":403,""t"":4505},{""x"":865,""y"":404,""t"":4527},{""x"":890,""y"":405,""t"":4569},{""x"":919,""y"":414,""t"":4591},{""x"":925,""y"":426,""t"":4634},{""x"":928,""y"":440,""t"":4663},{""x"":941,""y"":459,""t"":4710},{""x"":941,""y"":467,""t"":4733},{""x"":943,""y"":465,""t"":4775},{""x"":925,""y"":464,""t"":4795},{""x"":946,""y"":455,""t"":4840},{""x"":952,""y"":448,""t"":4880},{""x"":910,""y"":443,""t"":4900},{""x"":871,""y"":437,""t"":4942},{""x"":861,""y"":440,""t"":4983},{""x"":857,""y"":448,""t"":5006},{""x"":803,""y"":448,""t"":5052},{""x"":757,""y"":447,""t"":5070},{""x"":724,""y"":435,""t"":5115},{""x"":580,""y"":352,""t"":5153},{""x"":576,""y"":340,""t"":5172},{""x"":557,""y"":328,""t"":5215},{""x"":525,""y"":310,""t"":5252},{""x"":503,""y"":294,""t"":5278},{""x"":428,""y"":265,""t"":5320},{""x"":368,""y"":242,""t"":5343},{""x"":378,""y"":250,""t"":5389},{""x"":399,""y"":255,""t"":5407},{""x"":422,""y"":261,""t"":5448},{""x"":431,""y"":270,""t"":5488},{""x"":412,""y"":269,""t"":5514},{""x"":420,""y"":283,""t"":5557},{""x"":434,""y"":281,""t"":5597},{""x"":435,""y"":287,""t"":5615},{""x"":421,""y"":285,""t"":5657},{""x"":442,""y"":294,""t"":5680},{""x"":489,""y"":322,""t"":5734},{""x"":492,""y"":331,""t"":5749},{""x"":510,""y"":350,""t"":5790},{""x"":505,""y"":340,""t"":5831},{""x"":518,""y"":337,""t"":5868},{""x"":529,""y"":335,""t"":5887},{""x"":545,""y"":356,""t"":5931},{""x"":528,""y"":359,""t"":5971},{""x"":515,""y"":369,""t"":5988},{""x"":528,""y"":358,""t"":6032},{""x"":548,""y"":367,""t"":6068},{""x"":546,""y"":360,""t"":6094},{""x"":537,""y"":361,""t"":6138},{""x"":487,""y"":352,""t"":6159}]",0,0.2571423709795183,0.7428576290204817,mcutoff_b-last,0
27-alternatives,1,78,catch_16,0.0,1130.4000000059605,0.32,0.37,6.799999999999999,7.800000000000001,dominated,dominant,1,1,alternatives,0.0,False,2.176,2.886,-0.7100000000000004,-0.4734609845455846,0.5,0.5,0.5,0.5,,1.0,,dominant,False,"{""durations"":[1250,1250,1250,1250],""attributes"":[""all"",""all"",""all"",""all""],""alternatives"":[0,1,0,1]}","[{""x"":518,""y"":299,""t"":-29},{""x"":538,""y"":302,""t"":0},{""x"":573,""y"":316,""t"":54},{""x"":602,""y"":314,""t"":70},{""x"":605,""y"":315,""t"":140},{""x"":632,""y"":324,""t"":188},{""x"":654,""y"":330,""t"":210},{""x"":648,""y"":330,""t"":258},{""x"":648,""y"":336,""t"":280},{""x"":484,""y"":275,""t"":327},{""x"":409,""y"":243,""t"":343},{""x"":288,""y"":196,""t"":390},{""x"":215,""y"":158,""t"":410},{""x"":230,""y"":174,""t"":453},{""x"":237,""y"":191,""t"":497},{""x"":221,""y"":172,""t"":518},{""x"":246,""y"":200,""t"":563},{""x"":270,""y"":224,""t"":589},{""x"":299,""y"":248,""t"":635},{""x"":339,""y"":266,""t"":650},{""x"":357,""y"":281,""t"":694},{""x"":388,""y"":299,""t"":717},{""x"":414,""y"":318,""t"":760},{""x"":432,""y"":343,""t"":800},{""x"":436,""y"":357,""t"":818},{""x"":430,""y"":362,""t"":861},{""x"":423,""y"":365,""t"":890},{""x"":401,""y"":349,""t"":934},{""x"":388,""y"":344,""t"":955},{""x"":416,""y"":356,""t"":998},{""x"":440,""y"":365,""t"":1026},{""x"":422,""y"":348,""t"":1073},{""x"":406,""y"":333,""t"":1090},{""x"":421,""y"":324,""t"":1139},{""x"":407,""y"":321,""t"":1159},{""x"":397,""y"":300,""t"":1205},{""x"":389,""y"":282,""t"":1225},{""x"":344,""y"":265,""t"":1286},{""x"":306,""y"":251,""t"":1296},{""x"":242,""y"":185,""t"":1337},{""x"":189,""y"":148,""t"":1361},{""x"":109,""y"":119,""t"":1402},{""x"":170,""y"":127,""t"":1447},{""x"":226,""y"":137,""t"":1463},{""x"":354,""y"":185,""t"":1521},{""x"":473,""y"":216,""t"":1532},{""x"":523,""y"":210,""t"":1575},{""x"":562,""y"":204,""t"":1601},{""x"":657,""y"":236,""t"":1644},{""x"":727,""y"":277,""t"":1674},{""x"":754,""y"":251,""t"":1717},{""x"":737,""y"":221,""t"":1737},{""x"":721,""y"":195,""t"":1778},{""x"":628,""y"":139,""t"":1809},{""x"":674,""y"":177,""t"":1872},{""x"":762,""y"":235,""t"":1915},{""x"":827,""y"":304,""t"":1959},{""x"":851,""y"":354,""t"":1975},{""x"":867,""y"":389,""t"":2020},{""x"":863,""y"":409,""t"":2061},{""x"":865,""y"":430,""t"":2081},{""x"":898,""y"":449,""t"":2126},{""x"":946,""y"":461,""t"":2146},{""x"":937,""y"":466,""t"":2193},{""x"":918,""y"":471,""t"":2212},{""x"":902,""y"":469,""t"":2256},{""x"":884,""y"":458,""t"":2296},{""x"":867,""y"":447,""t"":2313},{""x"":838,""y"":445,""t"":2356},{""x"":831,""y"":425,""t"":2400},{""x"":826,""y"":408,""t"":2418},{""x"":868,""y"":409,""t"":2463},{""x"":904,""y"":411,""t"":2483},{""x"":912,""y"":407,""t"":2527},{""x"":962,""y"":406,""t"":2554},{""x"":930,""y"":404,""t"":2598},{""x"":948,""y"":405,""t"":2625},{""x"":983,""y"":408,""t"":2670},{""x"":1032,""y"":416,""t"":2691},{""x"":970,""y"":375,""t"":2737},{""x"":892,""y"":341,""t"":2759},{""x"":868,""y"":343,""t"":2801},{""x"":802,""y"":337,""t"":2844},{""x"":731,""y"":337,""t"":2858},{""x"":624,""y"":306,""t"":2901},{""x"":374,""y"":196,""t"":2929},{""x"":229,""y"":162,""t"":2980},{""x"":69,""y"":111,""t"":2995},{""x"":91,""y"":143,""t"":3041},{""x"":-26,""y"":96,""t"":3075},{""x"":-163,""y"":33,""t"":3095},{""x"":-105,""y"":78,""t"":3140},{""x"":-15,""y"":114,""t"":3165},{""x"":56,""y"":156,""t"":3210},{""x"":122,""y"":200,""t"":3233},{""x"":206,""y"":243,""t"":3283},{""x"":287,""y"":278,""t"":3299},{""x"":351,""y"":309,""t"":3346},{""x"":354,""y"":318,""t"":3385},{""x"":368,""y"":330,""t"":3409},{""x"":369,""y"":315,""t"":3454},{""x"":399,""y"":315,""t"":3478},{""x"":388,""y"":298,""t"":3522},{""x"":377,""y"":283,""t"":3538},{""x"":260,""y"":216,""t"":3580},{""x"":70,""y"":104,""t"":3619},{""x"":30,""y"":83,""t"":3642},{""x"":-12,""y"":61,""t"":3698},{""x"":-43,""y"":45,""t"":3707},{""x"":-120,""y"":4,""t"":3753},{""x"":-23,""y"":27,""t"":3794},{""x"":64,""y"":49,""t"":3809},{""x"":33,""y"":41,""t"":3859},{""x"":10,""y"":39,""t"":3879},{""x"":-24,""y"":16,""t"":3923},{""x"":-129,""y"":-43,""t"":3946},{""x"":-135,""y"":-68,""t"":3990},{""x"":-136,""y"":-87,""t"":4018},{""x"":78,""y"":19,""t"":4063},{""x"":262,""y"":111,""t"":4082},{""x"":333,""y"":141,""t"":4128},{""x"":316,""y"":120,""t"":4151},{""x"":448,""y"":176,""t"":4199},{""x"":354,""y"":106,""t"":4225},{""x"":337,""y"":101,""t"":4269},{""x"":259,""y"":21,""t"":4307},{""x"":256,""y"":1,""t"":4322},{""x"":302,""y"":25,""t"":4364},{""x"":296,""y"":15,""t"":4394},{""x"":368,""y"":77,""t"":4437},{""x"":453,""y"":150,""t"":4457},{""x"":570,""y"":227,""t"":4502},{""x"":640,""y"":271,""t"":4523},{""x"":707,""y"":314,""t"":4566},{""x"":758,""y"":369,""t"":4600},{""x"":833,""y"":399,""t"":4640},{""x"":909,""y"":447,""t"":4659},{""x"":963,""y"":459,""t"":4701},{""x"":1003,""y"":465,""t"":4730},{""x"":1007,""y"":471,""t"":4778},{""x"":995,""y"":472,""t"":4810},{""x"":995,""y"":474,""t"":4843},{""x"":1026,""y"":481,""t"":4869},{""x"":1025,""y"":485,""t"":4917},{""x"":1002,""y"":487,""t"":4934},{""x"":1000,""y"":467,""t"":4977},{""x"":960,""y"":452,""t"":5015},{""x"":924,""y"":439,""t"":5033},{""x"":923,""y"":430,""t"":5076},{""x"":923,""y"":423,""t"":5105},{""x"":937,""y"":421,""t"":5148},{""x"":941,""y"":428,""t"":5185},{""x"":943,""y"":434,""t"":5209},{""x"":913,""y"":428,""t"":5252},{""x"":887,""y"":423,""t"":5271},{""x"":823,""y"":418,""t"":5320},{""x"":775,""y"":403,""t"":5345},{""x"":697,""y"":393,""t"":5390},{""x"":634,""y"":385,""t"":5410},{""x"":588,""y"":380,""t"":5456},{""x"":559,""y"":378,""t"":5481},{""x"":311,""y"":343,""t"":5523},{""x"":172,""y"":354,""t"":5544},{""x"":95,""y"":366,""t"":5589},{""x"":37,""y"":377,""t"":5611},{""x"":6,""y"":398,""t"":5652},{""x"":-22,""y"":419,""t"":5683},{""x"":-53,""y"":395,""t"":5729},{""x"":-66,""y"":388,""t"":5751},{""x"":-83,""y"":387,""t"":5799},{""x"":-91,""y"":386,""t"":5816},{""x"":3,""y"":458,""t"":5859},{""x"":87,""y"":520,""t"":5889},{""x"":165,""y"":556,""t"":5936},{""x"":232,""y"":584,""t"":5954},{""x"":263,""y"":570,""t"":5998},{""x"":252,""y"":525,""t"":6024},{""x"":331,""y"":568,""t"":6071},{""x"":294,""y"":566,""t"":6087},{""x"":313,""y"":517,""t"":6131},{""x"":292,""y"":422,""t"":6173},{""x"":298,""y"":382,""t"":6195},{""x"":372,""y"":362,""t"":6239},{""x"":373,""y"":321,""t"":6285},{""x"":375,""y"":291,""t"":6294},{""x"":404,""y"":273,""t"":6337},{""x"":290,""y"":195,""t"":6359},{""x"":345,""y"":209,""t"":6404},{""x"":396,""y"":232,""t"":6445},{""x"":441,""y"":255,""t"":6466},{""x"":481,""y"":267,""t"":6509},{""x"":495,""y"":272,""t"":6541},{""x"":504,""y"":278,""t"":6570},{""x"":374,""y"":210,""t"":6613},{""x"":303,""y"":182,""t"":6636},{""x"":329,""y"":198,""t"":6680}]",1,0.7428576290204817,0.2571423709795183,mcutoff_b-last,0
27-alternatives,1,82,exp_2,0.0,1373.0,0.79,0.49,5.300000000000001,8.3,higher_p,higher_m,0,1,alternatives,0.0,False,4.187000000000001,4.067,0.120000000000001,0.3808273136562316,0.6,0.4,0.5,0.5,0.0,0.0,higher_p,higher_p,True,"{""durations"":[1000,1500,1000,1500],""alternatives"":[1,0,1,0],""attributes"":[""all"",""all"",""all"",""all""]}","[{""x"":287,""y"":224,""t"":-29},{""x"":301,""y"":215,""t"":0},{""x"":415,""y"":262,""t"":46},{""x"":494,""y"":299,""t"":69},{""x"":392,""y"":262,""t"":142},{""x"":388,""y"":251,""t"":177},{""x"":382,""y"":241,""t"":208},{""x"":308,""y"":204,""t"":260},{""x"":206,""y"":166,""t"":281},{""x"":207,""y"":161,""t"":347},{""x"":79,""y"":111,""t"":390},{""x"":53,""y"":116,""t"":415},{""x"":63,""y"":114,""t"":457},{""x"":-27,""y"":71,""t"":489},{""x"":-132,""y"":30,""t"":532},{""x"":-207,""y"":-5,""t"":550},{""x"":-283,""y"":-65,""t"":594},{""x"":-302,""y"":-96,""t"":614},{""x"":-296,""y"":-98,""t"":660},{""x"":-286,""y"":-97,""t"":681},{""x"":-284,""y"":-105,""t"":724},{""x"":-264,""y"":-96,""t"":752},{""x"":-251,""y"":-89,""t"":800},{""x"":-238,""y"":-82,""t"":817},{""x"":-253,""y"":-104,""t"":859},{""x"":-245,""y"":-113,""t"":889},{""x"":-215,""y"":-103,""t"":933},{""x"":-194,""y"":-103,""t"":953},{""x"":-206,""y"":-95,""t"":998},{""x"":-171,""y"":-64,""t"":1034},{""x"":-141,""y"":-38,""t"":1056},{""x"":-156,""y"":-50,""t"":1097},{""x"":-138,""y"":-47,""t"":1135},{""x"":-172,""y"":-61,""t"":1178},{""x"":-202,""y"":-73,""t"":1193},{""x"":-248,""y"":-83,""t"":1236},{""x"":-231,""y"":-81,""t"":1273},{""x"":-289,""y"":-113,""t"":1297},{""x"":-204,""y"":-90,""t"":1341},{""x"":-39,""y"":-22,""t"":1361},{""x"":219,""y"":82,""t"":1411},{""x"":436,""y"":169,""t"":1430},{""x"":414,""y"":149,""t"":1478},{""x"":388,""y"":135,""t"":1510},{""x"":343,""y"":123,""t"":1553},{""x"":298,""y"":110,""t"":1566},{""x"":267,""y"":90,""t"":1608},{""x"":338,""y"":131,""t"":1638},{""x"":502,""y"":227,""t"":1679},{""x"":701,""y"":296,""t"":1705},{""x"":768,""y"":348,""t"":1750},{""x"":903,""y"":389,""t"":1776},{""x"":967,""y"":384,""t"":1819},{""x"":959,""y"":414,""t"":1856},{""x"":944,""y"":442,""t"":1873},{""x"":906,""y"":435,""t"":1913},{""x"":916,""y"":431,""t"":1952},{""x"":881,""y"":442,""t"":1977},{""x"":829,""y"":423,""t"":2023},{""x"":832,""y"":444,""t"":2058},{""x"":790,""y"":449,""t"":2080},{""x"":712,""y"":377,""t"":2126},{""x"":659,""y"":314,""t"":2145},{""x"":708,""y"":324,""t"":2188},{""x"":764,""y"":331,""t"":2215},{""x"":712,""y"":337,""t"":2261},{""x"":604,""y"":316,""t"":2280},{""x"":480,""y"":310,""t"":2325},{""x"":376,""y"":306,""t"":2352},{""x"":230,""y"":266,""t"":2393},{""x"":239,""y"":283,""t"":2439},{""x"":254,""y"":299,""t"":2454},{""x"":280,""y"":269,""t"":2495},{""x"":199,""y"":206,""t"":2532},{""x"":155,""y"":207,""t"":2568},{""x"":133,""y"":223,""t"":2592},{""x"":267,""y"":248,""t"":2637},{""x"":189,""y"":199,""t"":2657},{""x"":87,""y"":146,""t"":2705},{""x"":15,""y"":104,""t"":2739},{""x"":18,""y"":99,""t"":2786},{""x"":25,""y"":97,""t"":2795},{""x"":37,""y"":130,""t"":2843},{""x"":50,""y"":161,""t"":2856},{""x"":89,""y"":200,""t"":2900},{""x"":123,""y"":233,""t"":2929},{""x"":85,""y"":220,""t"":2974},{""x"":75,""y"":214,""t"":3009},{""x"":23,""y"":183,""t"":3029},{""x"":-2,""y"":151,""t"":3075},{""x"":-168,""y"":24,""t"":3097},{""x"":-70,""y"":54,""t"":3143},{""x"":19,""y"":83,""t"":3169},{""x"":89,""y"":94,""t"":3211},{""x"":24,""y"":33,""t"":3232},{""x"":-11,""y"":34,""t"":3276},{""x"":-40,""y"":37,""t"":3302},{""x"":-158,""y"":-61,""t"":3353},{""x"":-160,""y"":-83,""t"":3366},{""x"":-131,""y"":-77,""t"":3408},{""x"":-132,""y"":-102,""t"":3441},{""x"":-158,""y"":-115,""t"":3490},{""x"":-309,""y"":-183,""t"":3504},{""x"":-196,""y"":-99,""t"":3545},{""x"":-342,""y"":-167,""t"":3584},{""x"":-258,""y"":-131,""t"":3607},{""x"":-296,""y"":-151,""t"":3647},{""x"":-129,""y"":-73,""t"":3687},{""x"":-74,""y"":-43,""t"":3728},{""x"":-111,""y"":-65,""t"":3748},{""x"":-111,""y"":-71,""t"":3790},{""x"":-34,""y"":-55,""t"":3809},{""x"":138,""y"":58,""t"":3866},{""x"":335,""y"":178,""t"":3881},{""x"":504,""y"":272,""t"":3922},{""x"":673,""y"":338,""t"":3945},{""x"":746,""y"":376,""t"":3990},{""x"":764,""y"":373,""t"":4026},{""x"":762,""y"":372,""t"":4049},{""x"":812,""y"":403,""t"":4093},{""x"":841,""y"":427,""t"":4118},{""x"":861,""y"":440,""t"":4163},{""x"":890,""y"":446,""t"":4200},{""x"":886,""y"":436,""t"":4224},{""x"":878,""y"":413,""t"":4264},{""x"":866,""y"":391,""t"":4284},{""x"":799,""y"":336,""t"":4330},{""x"":739,""y"":289,""t"":4352},{""x"":728,""y"":287,""t"":4396},{""x"":643,""y"":243,""t"":4439},{""x"":701,""y"":265,""t"":4456},{""x"":634,""y"":252,""t"":4501},{""x"":658,""y"":286,""t"":4528},{""x"":619,""y"":290,""t"":4569},{""x"":638,""y"":303,""t"":4594},{""x"":657,""y"":322,""t"":4639},{""x"":701,""y"":340,""t"":4665},{""x"":716,""y"":348,""t"":4706},{""x"":723,""y"":362,""t"":4728},{""x"":733,""y"":385,""t"":4771},{""x"":751,""y"":398,""t"":4801},{""x"":767,""y"":400,""t"":4848},{""x"":761,""y"":400,""t"":4865},{""x"":629,""y"":334,""t"":4911},{""x"":596,""y"":314,""t"":4936},{""x"":590,""y"":324,""t"":4980},{""x"":587,""y"":334,""t"":5001},{""x"":639,""y"":359,""t"":5043},{""x"":593,""y"":326,""t"":5073},{""x"":520,""y"":263,""t"":5116},{""x"":585,""y"":288,""t"":5153},{""x"":609,""y"":300,""t"":5168},{""x"":647,""y"":328,""t"":5212},{""x"":711,""y"":347,""t"":5238},{""x"":688,""y"":362,""t"":5283},{""x"":590,""y"":329,""t"":5312},{""x"":498,""y"":293,""t"":5355},{""x"":323,""y"":211,""t"":5373},{""x"":209,""y"":164,""t"":5414},{""x"":241,""y"":188,""t"":5448},{""x"":120,""y"":122,""t"":5493},{""x"":22,""y"":68,""t"":5509},{""x"":-96,""y"":1,""t"":5551},{""x"":-43,""y"":17,""t"":5590},{""x"":130,""y"":90,""t"":5618},{""x"":206,""y"":132,""t"":5663},{""x"":305,""y"":170,""t"":5681},{""x"":349,""y"":199,""t"":5721},{""x"":254,""y"":160,""t"":5760},{""x"":310,""y"":196,""t"":5785},{""x"":322,""y"":194,""t"":5827},{""x"":413,""y"":231,""t"":5855},{""x"":492,""y"":261,""t"":5901},{""x"":557,""y"":285,""t"":5924},{""x"":583,""y"":312,""t"":5970},{""x"":600,""y"":333,""t"":5991},{""x"":580,""y"":338,""t"":6033},{""x"":539,""y"":311,""t"":6054},{""x"":562,""y"":322,""t"":6109},{""x"":580,""y"":331,""t"":6121},{""x"":457,""y"":296,""t"":6169},{""x"":411,""y"":254,""t"":6198},{""x"":357,""y"":217,""t"":6243},{""x"":311,""y"":186,""t"":6256},{""x"":295,""y"":171,""t"":6301},{""x"":284,""y"":158,""t"":6326},{""x"":291,""y"":158,""t"":6369},{""x"":348,""y"":190,""t"":6400},{""x"":441,""y"":215,""t"":6444},{""x"":529,""y"":243,""t"":6465},{""x"":574,""y"":262,""t"":6506},{""x"":547,""y"":250,""t"":6543},{""x"":530,""y"":243,""t"":6569},{""x"":604,""y"":265,""t"":6611},{""x"":634,""y"":271,""t"":6649},{""x"":649,""y"":286,""t"":6665},{""x"":694,""y"":308,""t"":6709},{""x"":712,""y"":323,""t"":6737},{""x"":748,""y"":344,""t"":6782},{""x"":784,""y"":359,""t"":6801},{""x"":737,""y"":368,""t"":6843},{""x"":718,""y"":382,""t"":6873}]",1,0.2571423709795183,0.7428576290204817,mcutoff_b-last,0
27-alternatives,1,83,catch_10,1.0,552.1999999880791,0.31,0.51,1.6999999999999995,3.2,dominated,dominant,1,1,alternatives,0.0,False,0.5269999999999999,1.632,-1.1050000000000002,-0.8800198734488578,0.5,0.5,0.5,0.5,,1.0,,dominant,True,"{""durations"":[1250,1250,1250,1250],""attributes"":[""all"",""all"",""all"",""all""],""alternatives"":[0,1,0,1]}","[{""x"":196,""y"":129,""t"":0},{""x"":191,""y"":127,""t"":45},{""x"":193,""y"":119,""t"":99},{""x"":214,""y"":112,""t"":122},{""x"":235,""y"":108,""t"":154},{""x"":281,""y"":134,""t"":197},{""x"":322,""y"":163,""t"":210},{""x"":285,""y"":134,""t"":253},{""x"":163,""y"":76,""t"":294},{""x"":57,""y"":9,""t"":309},{""x"":-81,""y"":-3,""t"":353},{""x"":-105,""y"":26,""t"":380},{""x"":-319,""y"":2,""t"":427},{""x"":-586,""y"":-59,""t"":445},{""x"":-459,""y"":37,""t"":488},{""x"":-364,""y"":151,""t"":533},{""x"":-424,""y"":198,""t"":548},{""x"":-312,""y"":255,""t"":598},{""x"":-155,""y"":331,""t"":633},{""x"":-27,""y"":380,""t"":650},{""x"":-58,""y"":336,""t"":693},{""x"":44,""y"":348,""t"":717},{""x"":-50,""y"":303,""t"":767},{""x"":-79,""y"":269,""t"":806},{""x"":34,""y"":313,""t"":822},{""x"":-31,""y"":256,""t"":872},{""x"":-61,""y"":213,""t"":890},{""x"":-165,""y"":167,""t"":943},{""x"":-134,""y"":186,""t"":955},{""x"":-79,""y"":206,""t"":1001},{""x"":-69,""y"":201,""t"":1020},{""x"":-103,""y"":144,""t"":1063},{""x"":-132,""y"":96,""t"":1092},{""x"":-163,""y"":58,""t"":1133},{""x"":-114,""y"":68,""t"":1171},{""x"":-1,""y"":103,""t"":1197},{""x"":37,""y"":118,""t"":1242},{""x"":75,""y"":130,""t"":1262},{""x"":116,""y"":126,""t"":1305},{""x"":88,""y"":119,""t"":1348},{""x"":136,""y"":150,""t"":1365},{""x"":52,""y"":108,""t"":1411},{""x"":-6,""y"":86,""t"":1429},{""x"":55,""y"":119,""t"":1477},{""x"":159,""y"":134,""t"":1509},{""x"":247,""y"":148,""t"":1534},{""x"":397,""y"":192,""t"":1580},{""x"":521,""y"":229,""t"":1602},{""x"":580,""y"":247,""t"":1645},{""x"":615,""y"":256,""t"":1667},{""x"":704,""y"":276,""t"":1711},{""x"":778,""y"":295,""t"":1751},{""x"":780,""y"":289,""t"":1770},{""x"":812,""y"":319,""t"":1821},{""x"":831,""y"":340,""t"":1845},{""x"":875,""y"":372,""t"":1885},{""x"":908,""y"":398,""t"":1908},{""x"":902,""y"":409,""t"":1963},{""x"":880,""y"":414,""t"":1989},{""x"":881,""y"":433,""t"":2117},{""x"":913,""y"":446,""t"":2230},{""x"":886,""y"":449,""t"":2302},{""x"":928,""y"":463,""t"":2354},{""x"":921,""y"":476,""t"":2418},{""x"":781,""y"":447,""t"":2473},{""x"":651,""y"":423,""t"":3074},{""x"":376,""y"":320,""t"":3128},{""x"":218,""y"":276,""t"":3181},{""x"":91,""y"":240,""t"":3197},{""x"":87,""y"":250,""t"":3254},{""x"":92,""y"":262,""t"":3268},{""x"":89,""y"":237,""t"":3312},{""x"":98,""y"":218,""t"":3335},{""x"":74,""y"":184,""t"":3378},{""x"":-35,""y"":126,""t"":3405},{""x"":22,""y"":144,""t"":3450},{""x"":77,""y"":162,""t"":3473},{""x"":104,""y"":203,""t"":3520},{""x"":129,""y"":239,""t"":3541},{""x"":104,""y"":226,""t"":3590},{""x"":85,""y"":233,""t"":3607},{""x"":49,""y"":208,""t"":3654},{""x"":112,""y"":225,""t"":3674},{""x"":7,""y"":162,""t"":3720},{""x"":-82,""y"":108,""t"":3740},{""x"":-158,""y"":53,""t"":3786},{""x"":-220,""y"":7,""t"":3814},{""x"":-295,""y"":-26,""t"":3857},{""x"":-196,""y"":27,""t"":3882},{""x"":-109,""y"":71,""t"":3926},{""x"":-186,""y"":37,""t"":3948},{""x"":-87,""y"":92,""t"":3991},{""x"":-107,""y"":74,""t"":4012},{""x"":-24,""y"":100,""t"":4055},{""x"":101,""y"":157,""t"":4100},{""x"":172,""y"":201,""t"":4117},{""x"":214,""y"":229,""t"":4159},{""x"":225,""y"":239,""t"":4197},{""x"":124,""y"":201,""t"":4237},{""x"":29,""y"":155,""t"":4252},{""x"":-101,""y"":118,""t"":4296},{""x"":-188,""y"":95,""t"":4335},{""x"":-259,""y"":77,""t"":4352},{""x"":-336,""y"":65,""t"":4397},{""x"":-290,""y"":117,""t"":4443},{""x"":-245,""y"":163,""t"":4455},{""x"":-208,""y"":205,""t"":4499},{""x"":-301,""y"":167,""t"":4541},{""x"":-197,""y"":205,""t"":4559},{""x"":-16,""y"":263,""t"":4606},{""x"":145,""y"":306,""t"":4645},{""x"":279,""y"":341,""t"":4663},{""x"":304,""y"":346,""t"":4709},{""x"":332,""y"":356,""t"":4730},{""x"":353,""y"":346,""t"":4776},{""x"":440,""y"":381,""t"":4804},{""x"":483,""y"":386,""t"":4847},{""x"":516,""y"":400,""t"":4876},{""x"":542,""y"":408,""t"":4919},{""x"":555,""y"":411,""t"":4932},{""x"":594,""y"":421,""t"":4981},{""x"":621,""y"":430,""t"":5005},{""x"":669,""y"":452,""t"":5052},{""x"":696,""y"":453,""t"":5069},{""x"":745,""y"":473,""t"":5113},{""x"":767,""y"":480,""t"":5140},{""x"":662,""y"":431,""t"":5183},{""x"":569,""y"":388,""t"":5205},{""x"":324,""y"":274,""t"":5263},{""x"":164,""y"":218,""t"":5293},{""x"":167,""y"":200,""t"":5323},{""x"":158,""y"":185,""t"":5351},{""x"":204,""y"":206,""t"":5395},{""x"":254,""y"":227,""t"":5413},{""x"":377,""y"":256,""t"":5457},{""x"":484,""y"":282,""t"":5476},{""x"":538,""y"":301,""t"":5522},{""x"":529,""y"":298,""t"":5561},{""x"":518,""y"":295,""t"":5578},{""x"":544,""y"":291,""t"":5622},{""x"":559,""y"":299,""t"":5652},{""x"":574,""y"":297,""t"":5696},{""x"":544,""y"":277,""t"":5729},{""x"":516,""y"":260,""t"":5750},{""x"":450,""y"":209,""t"":5790},{""x"":378,""y"":168,""t"":5815},{""x"":328,""y"":170,""t"":5861},{""x"":234,""y"":184,""t"":5899},{""x"":133,""y"":192,""t"":5916},{""x"":171,""y"":230,""t"":5959},{""x"":134,""y"":239,""t"":6009},{""x"":117,""y"":245,""t"":6019},{""x"":58,""y"":212,""t"":6062},{""x"":-48,""y"":187,""t"":6100},{""x"":-222,""y"":130,""t"":6126},{""x"":-133,""y"":190,""t"":6174},{""x"":-52,""y"":232,""t"":6191},{""x"":-16,""y"":251,""t"":6237},{""x"":18,""y"":267,""t"":6261},{""x"":-137,""y"":226,""t"":6306},{""x"":-47,""y"":272,""t"":6330},{""x"":-54,""y"":260,""t"":6375},{""x"":-72,""y"":246,""t"":6411},{""x"":-112,""y"":234,""t"":6433},{""x"":-75,""y"":265,""t"":6478},{""x"":-42,""y"":292,""t"":6502},{""x"":-82,""y"":297,""t"":6547},{""x"":-110,""y"":300,""t"":6565},{""x"":-87,""y"":315,""t"":6608},{""x"":10,""y"":364,""t"":6645}]",1,0.2571423709795183,0.7428576290204817,mcutoff_b-last,0
27-alternatives,1,85,catch_12,1.0,513.5999999940395,0.23,0.47,5.0,6.0,dominated,dominant,1,1,alternatives,0.0,False,1.15,2.82,-1.6699999999999997,-1.4615534740320204,0.5,0.5,0.5,0.5,,1.0,,dominant,True,"{""durations"":[1250,1250,1250,1250],""attributes"":[""all"",""all"",""all"",""all""],""alternatives"":[0,1,0,1]}","[{""x"":288,""y"":207,""t"":0},{""x"":405,""y"":247,""t"":47},{""x"":505,""y"":281,""t"":79},{""x"":351,""y"":187,""t"":143},{""x"":321,""y"":146,""t"":190},{""x"":296,""y"":112,""t"":207},{""x"":245,""y"":74,""t"":252},{""x"":125,""y"":55,""t"":289},{""x"":-23,""y"":9,""t"":307},{""x"":-72,""y"":6,""t"":350},{""x"":1,""y"":69,""t"":395},{""x"":-70,""y"":59,""t"":415},{""x"":-247,""y"":-11,""t"":460},{""x"":-393,""y"":-70,""t"":484},{""x"":-313,""y"":-11,""t"":533},{""x"":-195,""y"":62,""t"":548},{""x"":-327,""y"":0,""t"":598},{""x"":-299,""y"":4,""t"":615},{""x"":-191,""y"":68,""t"":658},{""x"":-77,""y"":128,""t"":699},{""x"":27,""y"":171,""t"":716},{""x"":123,""y"":179,""t"":761},{""x"":202,""y"":183,""t"":789},{""x"":330,""y"":211,""t"":831},{""x"":439,""y"":228,""t"":876},{""x"":525,""y"":241,""t"":887},{""x"":399,""y"":158,""t"":930},{""x"":374,""y"":127,""t"":953},{""x"":275,""y"":82,""t"":997},{""x"":144,""y"":7,""t"":1025},{""x"":139,""y"":8,""t"":1071},{""x"":174,""y"":18,""t"":1089},{""x"":346,""y"":90,""t"":1133},{""x"":432,""y"":135,""t"":1163},{""x"":470,""y"":153,""t"":1211},{""x"":292,""y"":89,""t"":1248},{""x"":334,""y"":114,""t"":1290},{""x"":348,""y"":138,""t"":1319},{""x"":234,""y"":95,""t"":1345},{""x"":106,""y"":24,""t"":1386},{""x"":241,""y"":94,""t"":1397},{""x"":374,""y"":160,""t"":1444},{""x"":280,""y"":121,""t"":1486},{""x"":256,""y"":88,""t"":1498},{""x"":241,""y"":64,""t"":1541},{""x"":398,""y"":119,""t"":1572},{""x"":443,""y"":131,""t"":1614},{""x"":469,""y"":142,""t"":1635},{""x"":479,""y"":149,""t"":1677},{""x"":514,""y"":161,""t"":1701},{""x"":514,""y"":173,""t"":1747},{""x"":539,""y"":181,""t"":1773},{""x"":430,""y"":173,""t"":1815},{""x"":404,""y"":171,""t"":1841},{""x"":318,""y"":144,""t"":1890},{""x"":400,""y"":202,""t"":1906},{""x"":324,""y"":180,""t"":1950},{""x"":438,""y"":243,""t"":1992},{""x"":547,""y"":303,""t"":2029},{""x"":474,""y"":255,""t"":2043},{""x"":391,""y"":224,""t"":2088},{""x"":466,""y"":275,""t"":2113},{""x"":540,""y"":317,""t"":2160},{""x"":466,""y"":262,""t"":2178},{""x"":401,""y"":232,""t"":2221},{""x"":346,""y"":206,""t"":2246},{""x"":461,""y"":255,""t"":2289},{""x"":537,""y"":303,""t"":2322},{""x"":515,""y"":304,""t"":2363},{""x"":623,""y"":345,""t"":2388},{""x"":659,""y"":376,""t"":2432},{""x"":714,""y"":403,""t"":2452},{""x"":742,""y"":437,""t"":2492},{""x"":620,""y"":399,""t"":2532},{""x"":407,""y"":316,""t"":2556},{""x"":292,""y"":286,""t"":2604},{""x"":196,""y"":261,""t"":2620},{""x"":51,""y"":199,""t"":2661},{""x"":84,""y"":221,""t"":2691},{""x"":145,""y"":253,""t"":2736},{""x"":189,""y"":272,""t"":2772},{""x"":230,""y"":288,""t"":2796},{""x"":101,""y"":226,""t"":2842},{""x"":4,""y"":182,""t"":2863},{""x"":-149,""y"":116,""t"":2908},{""x"":-132,""y"":104,""t"":2944},{""x"":-73,""y"":147,""t"":2961},{""x"":-49,""y"":164,""t"":3004},{""x"":23,""y"":205,""t"":3042},{""x"":87,""y"":240,""t"":3071},{""x"":125,""y"":240,""t"":3113},{""x"":157,""y"":239,""t"":3131},{""x"":219,""y"":246,""t"":3175},{""x"":271,""y"":251,""t"":3208},{""x"":119,""y"":175,""t"":3252},{""x"":-12,""y"":110,""t"":3266},{""x"":-103,""y"":52,""t"":3309},{""x"":-131,""y"":27,""t"":3351},{""x"":-242,""y"":-38,""t"":3371},{""x"":-186,""y"":-29,""t"":3414},{""x"":-122,""y"":-19,""t"":3436},{""x"":-139,""y"":-28,""t"":3479},{""x"":-158,""y"":-37,""t"":3508},{""x"":-188,""y"":-45,""t"":3551},{""x"":-217,""y"":-55,""t"":3574},{""x"":-275,""y"":-79,""t"":3620},{""x"":-338,""y"":-105,""t"":3644},{""x"":-418,""y"":-133,""t"":3690},{""x"":-482,""y"":-154,""t"":3712},{""x"":-383,""y"":-122,""t"":3759},{""x"":-296,""y"":-96,""t"":3777},{""x"":-266,""y"":-105,""t"":3824},{""x"":-231,""y"":-108,""t"":3851},{""x"":-188,""y"":-106,""t"":3891},{""x"":-70,""y"":-60,""t"":3915},{""x"":84,""y"":15,""t"":3959},{""x"":212,""y"":79,""t"":3980},{""x"":235,""y"":77,""t"":4024},{""x"":248,""y"":72,""t"":4049},{""x"":245,""y"":65,""t"":4095},{""x"":254,""y"":57,""t"":4115},{""x"":407,""y"":128,""t"":4160},{""x"":437,""y"":139,""t"":4187},{""x"":364,""y"":97,""t"":4227},{""x"":308,""y"":56,""t"":4251},{""x"":251,""y"":44,""t"":4294},{""x"":338,""y"":99,""t"":4323},{""x"":391,""y"":141,""t"":4366},{""x"":419,""y"":166,""t"":4388},{""x"":366,""y"":166,""t"":4431},{""x"":449,""y"":226,""t"":4459},{""x"":549,""y"":293,""t"":4505},{""x"":631,""y"":349,""t"":4524},{""x"":739,""y"":385,""t"":4565},{""x"":811,""y"":426,""t"":4595},{""x"":684,""y"":351,""t"":4664},{""x"":739,""y"":374,""t"":4712},{""x"":783,""y"":392,""t"":4727},{""x"":803,""y"":402,""t"":4772},{""x"":835,""y"":415,""t"":4796},{""x"":718,""y"":363,""t"":4839},{""x"":614,""y"":318,""t"":4867},{""x"":569,""y"":296,""t"":4911},{""x"":531,""y"":278,""t"":4931},{""x"":428,""y"":238,""t"":4974},{""x"":373,""y"":198,""t"":5019},{""x"":330,""y"":164,""t"":5036},{""x"":336,""y"":156,""t"":5078},{""x"":371,""y"":176,""t"":5101},{""x"":373,""y"":199,""t"":5143},{""x"":382,""y"":224,""t"":5172},{""x"":456,""y"":275,""t"":5214},{""x"":520,""y"":318,""t"":5243},{""x"":544,""y"":354,""t"":5287},{""x"":510,""y"":335,""t"":5309},{""x"":543,""y"":349,""t"":5349},{""x"":543,""y"":342,""t"":5379},{""x"":514,""y"":318,""t"":5424},{""x"":489,""y"":295,""t"":5449},{""x"":486,""y"":287,""t"":5495},{""x"":355,""y"":231,""t"":5516},{""x"":252,""y"":181,""t"":5561},{""x"":220,""y"":147,""t"":5597},{""x"":196,""y"":121,""t"":5611},{""x"":164,""y"":127,""t"":5657},{""x"":139,""y"":135,""t"":5682},{""x"":161,""y"":131,""t"":5725},{""x"":175,""y"":130,""t"":5755},{""x"":261,""y"":154,""t"":5797},{""x"":322,""y"":186,""t"":5821},{""x"":367,""y"":229,""t"":5863},{""x"":403,""y"":263,""t"":5884},{""x"":351,""y"":236,""t"":5929},{""x"":357,""y"":230,""t"":5971},{""x"":354,""y"":218,""t"":5985}]",1,0.2571423709795183,0.7428576290204817,mcutoff_b-last,0
27-alternatives,1,86,exp_100,0.0,313.30000001192093,0.58,0.38,4.9,6.9,higher_p,higher_m,0,1,alternatives,0.0,False,2.842,2.6220000000000003,0.2199999999999997,0.4837536146444008,0.4,0.6,0.5,0.5,1.0,0.0,higher_m,higher_p,True,"{""durations"":[1500,1000,1500,1000],""alternatives"":[1,0,1,0],""attributes"":[""all"",""all"",""all"",""all""]}","[{""x"":241,""y"":177,""t"":-19},{""x"":282,""y"":177,""t"":0},{""x"":322,""y"":172,""t"":45},{""x"":358,""y"":169,""t"":78},{""x"":282,""y"":132,""t"":125},{""x"":217,""y"":101,""t"":136},{""x"":261,""y"":136,""t"":181},{""x"":232,""y"":117,""t"":226},{""x"":209,""y"":101,""t"":243},{""x"":247,""y"":140,""t"":287},{""x"":291,""y"":151,""t"":307},{""x"":240,""y"":113,""t"":352},{""x"":329,""y"":153,""t"":386},{""x"":259,""y"":100,""t"":425},{""x"":283,""y"":81,""t"":450},{""x"":305,""y"":67,""t"":490},{""x"":288,""y"":67,""t"":537},{""x"":240,""y"":47,""t"":546},{""x"":288,""y"":78,""t"":587},{""x"":370,""y"":116,""t"":630},{""x"":423,""y"":123,""t"":648},{""x"":532,""y"":180,""t"":711},{""x"":539,""y"":186,""t"":722},{""x"":555,""y"":163,""t"":765},{""x"":617,""y"":184,""t"":787},{""x"":601,""y"":172,""t"":832},{""x"":624,""y"":191,""t"":852},{""x"":538,""y"":158,""t"":908},{""x"":461,""y"":129,""t"":922},{""x"":421,""y"":108,""t"":966},{""x"":418,""y"":98,""t"":987},{""x"":416,""y"":91,""t"":1032},{""x"":450,""y"":102,""t"":1059},{""x"":416,""y"":81,""t"":1105},{""x"":388,""y"":64,""t"":1122},{""x"":225,""y"":-14,""t"":1164},{""x"":94,""y"":-69,""t"":1195},{""x"":41,""y"":-97,""t"":1238},{""x"":89,""y"":-38,""t"":1259},{""x"":42,""y"":-50,""t"":1301},{""x"":57,""y"":-44,""t"":1349},{""x"":74,""y"":-38,""t"":1362},{""x"":248,""y"":36,""t"":1411},{""x"":320,""y"":82,""t"":1432},{""x"":322,""y"":110,""t"":1489},{""x"":405,""y"":170,""t"":1501},{""x"":522,""y"":243,""t"":1553},{""x"":631,""y"":305,""t"":1571},{""x"":673,""y"":354,""t"":1612},{""x"":677,""y"":372,""t"":1649},{""x"":694,""y"":382,""t"":1667},{""x"":676,""y"":381,""t"":1711},{""x"":651,""y"":373,""t"":1734},{""x"":506,""y"":310,""t"":1777},{""x"":378,""y"":281,""t"":1822},{""x"":270,""y"":257,""t"":1842},{""x"":258,""y"":264,""t"":1886},{""x"":252,""y"":270,""t"":1907},{""x"":270,""y"":281,""t"":1949},{""x"":288,""y"":290,""t"":1979},{""x"":201,""y"":248,""t"":2024},{""x"":130,""y"":212,""t"":2047},{""x"":88,""y"":190,""t"":2091},{""x"":52,""y"":169,""t"":2115},{""x"":102,""y"":195,""t"":2163},{""x"":154,""y"":223,""t"":2179},{""x"":124,""y"":206,""t"":2226},{""x"":100,""y"":193,""t"":2248},{""x"":74,""y"":197,""t"":2292},{""x"":52,""y"":206,""t"":2312},{""x"":73,""y"":235,""t"":2357},{""x"":-37,""y"":194,""t"":2386},{""x"":-81,""y"":183,""t"":2429},{""x"":-53,""y"":197,""t"":2451},{""x"":-50,""y"":188,""t"":2492},{""x"":14,""y"":215,""t"":2520},{""x"":11,""y"":185,""t"":2565},{""x"":44,""y"":201,""t"":2584},{""x"":100,""y"":238,""t"":2629},{""x"":86,""y"":230,""t"":2658},{""x"":94,""y"":235,""t"":2700},{""x"":127,""y"":220,""t"":2738},{""x"":154,""y"":207,""t"":2755},{""x"":288,""y"":237,""t"":2810},{""x"":400,""y"":264,""t"":2827},{""x"":525,""y"":289,""t"":2880},{""x"":627,""y"":309,""t"":2890},{""x"":654,""y"":310,""t"":2936},{""x"":611,""y"":265,""t"":2980},{""x"":665,""y"":275,""t"":2996},{""x"":629,""y"":243,""t"":3039},{""x"":426,""y"":122,""t"":3064},{""x"":357,""y"":78,""t"":3109},{""x"":284,""y"":35,""t"":3130},{""x"":171,""y"":-23,""t"":3346},{""x"":223,""y"":-6,""t"":3398},{""x"":88,""y"":-59,""t"":3473},{""x"":24,""y"":-44,""t"":3558},{""x"":-168,""y"":-102,""t"":3632},{""x"":-96,""y"":-24,""t"":3703},{""x"":-194,""y"":-52,""t"":3783},{""x"":-140,""y"":-12,""t"":3847},{""x"":-38,""y"":52,""t"":3961},{""x"":-88,""y"":61,""t"":4006},{""x"":-130,""y"":42,""t"":4047},{""x"":-205,""y"":11,""t"":4102},{""x"":-275,""y"":-12,""t"":4133},{""x"":-264,""y"":-13,""t"":4177},{""x"":-328,""y"":-32,""t"":4192},{""x"":-363,""y"":-51,""t"":4234},{""x"":-399,""y"":-64,""t"":4277},{""x"":-425,""y"":-74,""t"":4289},{""x"":-348,""y"":-32,""t"":4333},{""x"":-394,""y"":-56,""t"":4370},{""x"":-431,""y"":-76,""t"":4391},{""x"":-325,""y"":-34,""t"":4431},{""x"":-401,""y"":-74,""t"":4473},{""x"":-384,""y"":-68,""t"":4504},{""x"":-414,""y"":-87,""t"":4537},{""x"":-483,""y"":-133,""t"":4562},{""x"":-487,""y"":-127,""t"":4607},{""x"":-541,""y"":-158,""t"":4649},{""x"":-586,""y"":-183,""t"":4685},{""x"":-621,""y"":-202,""t"":4712},{""x"":-576,""y"":-187,""t"":4755},{""x"":-534,""y"":-172,""t"":4765},{""x"":-380,""y"":-121,""t"":4809},{""x"":-236,""y"":-74,""t"":4836},{""x"":-109,""y"":-47,""t"":4899},{""x"":-164,""y"":-80,""t"":4941},{""x"":31,""y"":7,""t"":4968},{""x"":88,""y"":23,""t"":5016},{""x"":91,""y"":15,""t"":5035},{""x"":137,""y"":27,""t"":5080},{""x"":20,""y"":-30,""t"":5119},{""x"":-84,""y"":-79,""t"":5135},{""x"":-53,""y"":-48,""t"":5180},{""x"":89,""y"":30,""t"":5222},{""x"":212,""y"":96,""t"":5241},{""x"":281,""y"":151,""t"":5287},{""x"":335,""y"":196,""t"":5314},{""x"":341,""y"":225,""t"":5357},{""x"":326,""y"":259,""t"":5378},{""x"":342,""y"":345,""t"":5426},{""x"":330,""y"":410,""t"":5440},{""x"":214,""y"":388,""t"":5484},{""x"":82,""y"":367,""t"":5522},{""x"":20,""y"":405,""t"":5547},{""x"":3,""y"":401,""t"":5600},{""x"":-20,""y"":395,""t"":5623},{""x"":23,""y"":380,""t"":5669},{""x"":-17,""y"":334,""t"":5679},{""x"":-10,""y"":318,""t"":5722},{""x"":89,""y"":344,""t"":5761},{""x"":-23,""y"":254,""t"":5787},{""x"":-68,""y"":271,""t"":5832},{""x"":-196,""y"":270,""t"":5852}]",1,0.7428576290204817,0.2571423709795183,mcutoff_b-last,0
27-alternatives,1,87,exp_0,0.0,440.5,0.79,0.49,5.300000000000001,8.3,higher_p,higher_m,0,1,alternatives,0.0,False,4.187000000000001,4.067,0.120000000000001,0.3808273136562316,0.6,0.4,0.5,0.5,0.0,1.0,higher_p,higher_m,True,"{""durations"":[1500,1000,1500,1000],""alternatives"":[0,1,0,1],""attributes"":[""all"",""all"",""all"",""all""]}","[{""x"":122,""y"":130,""t"":-16},{""x"":87,""y"":89,""t"":0},{""x"":154,""y"":96,""t"":59},{""x"":196,""y"":90,""t"":80},{""x"":309,""y"":144,""t"":142},{""x"":429,""y"":194,""t"":187},{""x"":488,""y"":227,""t"":221},{""x"":337,""y"":168,""t"":255},{""x"":372,""y"":207,""t"":292},{""x"":246,""y"":168,""t"":312},{""x"":140,""y"":123,""t"":358},{""x"":51,""y"":85,""t"":375},{""x"":-15,""y"":61,""t"":417},{""x"":-79,""y"":35,""t"":452},{""x"":-138,""y"":31,""t"":492},{""x"":-184,""y"":28,""t"":513},{""x"":-227,""y"":8,""t"":556},{""x"":-259,""y"":-7,""t"":580},{""x"":-203,""y"":30,""t"":625},{""x"":-152,""y"":64,""t"":647},{""x"":-118,""y"":78,""t"":693},{""x"":-151,""y"":32,""t"":717},{""x"":-194,""y"":11,""t"":763},{""x"":-212,""y"":-12,""t"":791},{""x"":-275,""y"":-50,""t"":845},{""x"":-327,""y"":-77,""t"":857},{""x"":-357,""y"":-87,""t"":899},{""x"":-387,""y"":-97,""t"":936},{""x"":-400,""y"":-106,""t"":952},{""x"":-478,""y"":-136,""t"":997},{""x"":-490,""y"":-141,""t"":1024},{""x"":-511,""y"":-155,""t"":1071},{""x"":-522,""y"":-154,""t"":1095},{""x"":-501,""y"":-141,""t"":1140},{""x"":-467,""y"":-140,""t"":1161},{""x"":-370,""y"":-103,""t"":1209},{""x"":-202,""y"":-2,""t"":1231},{""x"":-83,""y"":51,""t"":1275},{""x"":-40,""y"":60,""t"":1292},{""x"":-31,""y"":52,""t"":1334},{""x"":51,""y"":89,""t"":1368},{""x"":67,""y"":122,""t"":1418},{""x"":-11,""y"":93,""t"":1431},{""x"":-7,""y"":72,""t"":1475},{""x"":55,""y"":79,""t"":1502},{""x"":128,""y"":78,""t"":1548},{""x"":149,""y"":25,""t"":1583},{""x"":175,""y"":17,""t"":1599},{""x"":202,""y"":30,""t"":1644},{""x"":203,""y"":32,""t"":1671},{""x"":272,""y"":74,""t"":1718},{""x"":327,""y"":109,""t"":1736},{""x"":297,""y"":96,""t"":1779},{""x"":268,""y"":85,""t"":1806},{""x"":291,""y"":80,""t"":1861},{""x"":315,""y"":89,""t"":1872},{""x"":372,""y"":86,""t"":1915},{""x"":417,""y"":84,""t"":1943},{""x"":470,""y"":105,""t"":1985},{""x"":433,""y"":76,""t"":2013},{""x"":242,""y"":-11,""t"":2055},{""x"":201,""y"":-27,""t"":2080},{""x"":202,""y"":-15,""t"":2126},{""x"":197,""y"":2,""t"":2143},{""x"":288,""y"":57,""t"":2184},{""x"":320,""y"":77,""t"":2215},{""x"":332,""y"":95,""t"":2263},{""x"":462,""y"":154,""t"":2300},{""x"":571,""y"":204,""t"":2317},{""x"":740,""y"":284,""t"":2362},{""x"":842,""y"":336,""t"":2381},{""x"":838,""y"":350,""t"":2422},{""x"":721,""y"":309,""t"":2456},{""x"":698,""y"":314,""t"":2505},{""x"":673,""y"":320,""t"":2519},{""x"":627,""y"":316,""t"":2564},{""x"":556,""y"":266,""t"":2600},{""x"":449,""y"":204,""t"":2622},{""x"":448,""y"":190,""t"":2667},{""x"":369,""y"":139,""t"":2687},{""x"":329,""y"":98,""t"":2732},{""x"":310,""y"":63,""t"":2767},{""x"":291,""y"":39,""t"":2791},{""x"":242,""y"":30,""t"":2834},{""x"":204,""y"":28,""t"":2863},{""x"":12,""y"":-26,""t"":2907},{""x"":-148,""y"":-70,""t"":2928},{""x"":-145,""y"":-22,""t"":2971},{""x"":-134,""y"":21,""t"":2992},{""x"":-123,""y"":41,""t"":3034},{""x"":-91,""y"":73,""t"":3082},{""x"":-35,""y"":110,""t"":3095},{""x"":33,""y"":136,""t"":3134},{""x"":94,""y"":178,""t"":3168},{""x"":109,""y"":188,""t"":3214},{""x"":133,""y"":193,""t"":3232},{""x"":112,""y"":191,""t"":3277},{""x"":148,""y"":193,""t"":3317},{""x"":179,""y"":194,""t"":3337},{""x"":226,""y"":233,""t"":3382},{""x"":262,""y"":257,""t"":3405},{""x"":343,""y"":287,""t"":3450},{""x"":294,""y"":264,""t"":3469},{""x"":322,""y"":279,""t"":3518},{""x"":257,""y"":276,""t"":3544},{""x"":145,""y"":229,""t"":3586},{""x"":107,""y"":197,""t"":3624},{""x"":-38,""y"":111,""t"":3639},{""x"":-103,""y"":66,""t"":3682},{""x"":-155,""y"":30,""t"":3709},{""x"":-246,""y"":-26,""t"":3756},{""x"":-197,""y"":-26,""t"":3783},{""x"":-198,""y"":-4,""t"":3825},{""x"":-153,""y"":10,""t"":3847},{""x"":-82,""y"":29,""t"":3888},{""x"":-118,""y"":11,""t"":3927},{""x"":-148,""y"":-3,""t"":3945},{""x"":-205,""y"":-32,""t"":4002},{""x"":-243,""y"":-52,""t"":4016},{""x"":-346,""y"":-115,""t"":4058},{""x"":-512,""y"":-191,""t"":4085},{""x"":-423,""y"":-133,""t"":4128},{""x"":-403,""y"":-107,""t"":4170},{""x"":-453,""y"":-109,""t"":4183},{""x"":-420,""y"":-103,""t"":4230},{""x"":-456,""y"":-133,""t"":4253},{""x"":-532,""y"":-112,""t"":4295},{""x"":-453,""y"":-49,""t"":4319},{""x"":-489,""y"":-7,""t"":4360},{""x"":-461,""y"":39,""t"":4391},{""x"":-333,""y"":107,""t"":4438},{""x"":-223,""y"":163,""t"":4455},{""x"":-78,""y"":201,""t"":4504},{""x"":145,""y"":270,""t"":4525},{""x"":211,""y"":233,""t"":4570},{""x"":185,""y"":162,""t"":4591},{""x"":135,""y"":73,""t"":4637},{""x"":35,""y"":-20,""t"":4663},{""x"":41,""y"":-39,""t"":4705},{""x"":61,""y"":-74,""t"":4727},{""x"":111,""y"":-74,""t"":4770},{""x"":151,""y"":-72,""t"":4799},{""x"":229,""y"":-56,""t"":4845},{""x"":312,""y"":-17,""t"":4868},{""x"":317,""y"":-28,""t"":4921},{""x"":262,""y"":-49,""t"":4936},{""x"":218,""y"":-68,""t"":4978},{""x"":228,""y"":-73,""t"":5000},{""x"":75,""y"":-139,""t"":5040},{""x"":-20,""y"":-174,""t"":5070},{""x"":68,""y"":-132,""t"":5112},{""x"":173,""y"":-72,""t"":5155},{""x"":166,""y"":-56,""t"":5176},{""x"":132,""y"":-80,""t"":5221},{""x"":28,""y"":-126,""t"":5240},{""x"":-137,""y"":-181,""t"":5283},{""x"":-222,""y"":-196,""t"":5309},{""x"":-279,""y"":-181,""t"":5354},{""x"":-317,""y"":-179,""t"":5391},{""x"":-346,""y"":-182,""t"":5407},{""x"":-337,""y"":-170,""t"":5449},{""x"":-465,""y"":-212,""t"":5497},{""x"":-330,""y"":-135,""t"":5509},{""x"":-277,""y"":-99,""t"":5554},{""x"":-218,""y"":-56,""t"":5591},{""x"":-205,""y"":-33,""t"":5616},{""x"":-125,""y"":10,""t"":5663},{""x"":-112,""y"":32,""t"":5687},{""x"":-23,""y"":79,""t"":5729},{""x"":52,""y"":117,""t"":5751},{""x"":-67,""y"":62,""t"":5797},{""x"":-31,""y"":87,""t"":5816},{""x"":-153,""y"":59,""t"":5859},{""x"":-265,""y"":33,""t"":5895},{""x"":-140,""y"":100,""t"":5939},{""x"":-165,""y"":71,""t"":5951},{""x"":-144,""y"":52,""t"":5996}]",1,0.2571423709795183,0.7428576290204817,mcutoff_b-last,0
27-alternatives,1,88,exp_38,1.0,493.09999999403954,0.79,0.7,2.0,3.2,higher_p,higher_m,0,1,alternatives,0.0,False,1.58,2.24,-0.6599999999999997,-0.4219978340514987,0.4,0.6,0.5,0.5,1.0,1.0,higher_m,higher_m,False,"{""durations"":[1000,1500,1000,1500],""alternatives"":[0,1,0,1],""attributes"":[""all"",""all"",""all"",""all""]}","[{""x"":-524,""y"":-192,""t"":-50},{""x"":-478,""y"":-190,""t"":0},{""x"":-390,""y"":-154,""t"":68},{""x"":-311,""y"":-120,""t"":104},{""x"":-294,""y"":-112,""t"":159},{""x"":-280,""y"":-103,""t"":170},{""x"":-332,""y"":-130,""t"":215},{""x"":-364,""y"":-140,""t"":251},{""x"":-400,""y"":-150,""t"":273},{""x"":-421,""y"":-160,""t"":315},{""x"":-281,""y"":-91,""t"":360},{""x"":-160,""y"":-33,""t"":377},{""x"":-118,""y"":-27,""t"":420},{""x"":-86,""y"":-52,""t"":448},{""x"":-41,""y"":-38,""t"":492},{""x"":-67,""y"":-67,""t"":512},{""x"":73,""y"":-13,""t"":560},{""x"":170,""y"":21,""t"":586},{""x"":185,""y"":42,""t"":632},{""x"":264,""y"":70,""t"":650},{""x"":251,""y"":60,""t"":693},{""x"":235,""y"":50,""t"":716},{""x"":94,""y"":-15,""t"":760},{""x"":75,""y"":-28,""t"":796},{""x"":124,""y"":-2,""t"":820},{""x"":82,""y"":-22,""t"":864},{""x"":45,""y"":-39,""t"":902},{""x"":-57,""y"":-81,""t"":948},{""x"":-142,""y"":-117,""t"":958},{""x"":-260,""y"":-155,""t"":1003},{""x"":-328,""y"":-181,""t"":1028},{""x"":-285,""y"":-163,""t"":1076},{""x"":-133,""y"":-92,""t"":1089},{""x"":-157,""y"":-106,""t"":1143},{""x"":-176,""y"":-118,""t"":1162},{""x"":-192,""y"":-122,""t"":1211},{""x"":-205,""y"":-125,""t"":1229},{""x"":-225,""y"":-110,""t"":1294},{""x"":-272,""y"":-122,""t"":1356},{""x"":-318,""y"":-123,""t"":1368},{""x"":-407,""y"":-159,""t"":1417},{""x"":-599,""y"":-216,""t"":1434},{""x"":-718,""y"":-256,""t"":1476},{""x"":-795,""y"":-288,""t"":1498},{""x"":-842,""y"":-329,""t"":1542},{""x"":-894,""y"":-345,""t"":1570},{""x"":-908,""y"":-345,""t"":1619},{""x"":-963,""y"":-374,""t"":1653},{""x"":-971,""y"":-384,""t"":1679},{""x"":-785,""y"":-286,""t"":1721},{""x"":-575,""y"":-176,""t"":1739},{""x"":-407,""y"":-81,""t"":1780},{""x"":-255,""y"":-6,""t"":1809},{""x"":-318,""y"":6,""t"":1857},{""x"":-316,""y"":26,""t"":1870},{""x"":-363,""y"":33,""t"":1911},{""x"":-438,""y"":12,""t"":1966},{""x"":-503,""y"":-9,""t"":1975},{""x"":-569,""y"":-68,""t"":2027},{""x"":-625,""y"":-119,""t"":2042},{""x"":-387,""y"":-26,""t"":2086},{""x"":-441,""y"":-51,""t"":2124},{""x"":-462,""y"":-78,""t"":2143},{""x"":-544,""y"":-144,""t"":2185},{""x"":-567,""y"":-162,""t"":2223},{""x"":-594,""y"":-191,""t"":2244},{""x"":-604,""y"":-193,""t"":2290},{""x"":-667,""y"":-233,""t"":2334},{""x"":-701,""y"":-257,""t"":2351},{""x"":-685,""y"":-232,""t"":2395},{""x"":-669,""y"":-209,""t"":2416},{""x"":-711,""y"":-239,""t"":2462},{""x"":-745,""y"":-263,""t"":2489},{""x"":-510,""y"":-151,""t"":2531},{""x"":-509,""y"":-163,""t"":2553},{""x"":-422,""y"":-131,""t"":2596},{""x"":-510,""y"":-169,""t"":2618},{""x"":-621,""y"":-183,""t"":2660},{""x"":-553,""y"":-137,""t"":2706},{""x"":-570,""y"":-136,""t"":2722},{""x"":-523,""y"":-142,""t"":2765},{""x"":-358,""y"":-90,""t"":2793},{""x"":-204,""y"":-46,""t"":2840},{""x"":-181,""y"":-57,""t"":2858},{""x"":27,""y"":23,""t"":2903},{""x"":233,""y"":109,""t"":2930},{""x"":353,""y"":133,""t"":2983},{""x"":456,""y"":159,""t"":2994},{""x"":514,""y"":169,""t"":3036},{""x"":515,""y"":147,""t"":3082},{""x"":317,""y"":65,""t"":3098},{""x"":307,""y"":83,""t"":3141},{""x"":309,""y"":89,""t"":3162},{""x"":203,""y"":57,""t"":3210},{""x"":331,""y"":121,""t"":3245},{""x"":434,""y"":177,""t"":3273},{""x"":515,""y"":221,""t"":3317},{""x"":595,""y"":257,""t"":3339},{""x"":436,""y"":209,""t"":3394},{""x"":305,""y"":155,""t"":3404},{""x"":240,""y"":128,""t"":3448},{""x"":206,""y"":105,""t"":3474},{""x"":187,""y"":107,""t"":3517},{""x"":162,""y"":113,""t"":3537},{""x"":106,""y"":107,""t"":3584},{""x"":124,""y"":115,""t"":3609},{""x"":243,""y"":164,""t"":3651},{""x"":356,""y"":221,""t"":3674},{""x"":453,""y"":278,""t"":3714},{""x"":434,""y"":278,""t"":3746},{""x"":280,""y"":227,""t"":3791},{""x"":95,""y"":185,""t"":3829},{""x"":-24,""y"":153,""t"":3843},{""x"":-101,""y"":136,""t"":3885},{""x"":-165,""y"":118,""t"":3911},{""x"":-69,""y"":157,""t"":3954},{""x"":-187,""y"":110,""t"":3984},{""x"":-309,""y"":63,""t"":4026},{""x"":-376,""y"":31,""t"":4064},{""x"":-496,""y"":-10,""t"":4081},{""x"":-562,""y"":-38,""t"":4125},{""x"":-606,""y"":-58,""t"":4153},{""x"":-491,""y"":-30,""t"":4197},{""x"":-386,""y"":-3,""t"":4218},{""x"":-347,""y"":-6,""t"":4262},{""x"":-244,""y"":25,""t"":4288},{""x"":-227,""y"":27,""t"":4337},{""x"":-213,""y"":29,""t"":4361},{""x"":-337,""y"":-48,""t"":4403},{""x"":-444,""y"":-114,""t"":4426},{""x"":-504,""y"":-136,""t"":4470},{""x"":-503,""y"":-132,""t"":4496},{""x"":-617,""y"":-192,""t"":4538},{""x"":-711,""y"":-241,""t"":4562},{""x"":-740,""y"":-261,""t"":4604},{""x"":-814,""y"":-288,""t"":4629},{""x"":-646,""y"":-185,""t"":4676},{""x"":-499,""y"":-105,""t"":4698},{""x"":-282,""y"":-14,""t"":4744},{""x"":-286,""y"":-24,""t"":4762},{""x"":-335,""y"":-43,""t"":4805},{""x"":-381,""y"":-61,""t"":4835},{""x"":-405,""y"":-93,""t"":4877},{""x"":-430,""y"":-112,""t"":4899},{""x"":-537,""y"":-163,""t"":4948},{""x"":-627,""y"":-206,""t"":4974},{""x"":-725,""y"":-251,""t"":5016},{""x"":-805,""y"":-288,""t"":5034},{""x"":-807,""y"":-296,""t"":5081},{""x"":-816,""y"":-291,""t"":5103},{""x"":-598,""y"":-176,""t"":5148},{""x"":-563,""y"":-151,""t"":5169},{""x"":-454,""y"":-81,""t"":5226},{""x"":-219,""y"":27,""t"":5239},{""x"":-17,""y"":113,""t"":5282},{""x"":78,""y"":160,""t"":5321},{""x"":151,""y"":195,""t"":5346},{""x"":39,""y"":143,""t"":5391},{""x"":-7,""y"":120,""t"":5410},{""x"":-35,""y"":159,""t"":5453},{""x"":44,""y"":220,""t"":5481},{""x"":-6,""y"":254,""t"":5522},{""x"":-124,""y"":257,""t"":5561},{""x"":-249,""y"":262,""t"":5578},{""x"":-364,""y"":243,""t"":5620},{""x"":-274,""y"":319,""t"":5649},{""x"":-153,""y"":351,""t"":5696},{""x"":-211,""y"":287,""t"":5730},{""x"":-148,""y"":270,""t"":5746},{""x"":-197,""y"":223,""t"":5788},{""x"":-57,""y"":229,""t"":5835},{""x"":62,""y"":235,""t"":5850},{""x"":77,""y"":205,""t"":5892},{""x"":-26,""y"":133,""t"":5936},{""x"":6,""y"":122,""t"":5951},{""x"":-16,""y"":99,""t"":5997},{""x"":-38,""y"":81,""t"":6028}]",0,0.7428576290204817,0.2571423709795183,mcutoff_b-last,0
27-alternatives,1,92,exp_24,0.0,551.5999999940395,0.3,0.17,2.0,3.0,higher_p,higher_m,0,1,alternatives,0.0,False,0.6,0.51,0.0899999999999999,0.3499494233597794,0.6,0.4,0.5,0.5,0.0,1.0,higher_p,higher_m,True,"{""durations"":[1500,1000,1500,1000],""alternatives"":[0,1,0,1],""attributes"":[""all"",""all"",""all"",""all""]}","[{""x"":134,""y"":105,""t"":-13},{""x"":39,""y"":71,""t"":0},{""x"":-8,""y"":75,""t"":55},{""x"":-51,""y"":77,""t"":78},{""x"":-62,""y"":65,""t"":122},{""x"":-72,""y"":53,""t"":140},{""x"":-116,""y"":45,""t"":185},{""x"":-151,""y"":32,""t"":205},{""x"":-301,""y"":-5,""t"":252},{""x"":-397,""y"":-43,""t"":279},{""x"":-448,""y"":-69,""t"":322},{""x"":-459,""y"":-82,""t"":344},{""x"":-569,""y"":-132,""t"":384},{""x"":-614,""y"":-168,""t"":415},{""x"":-691,""y"":-204,""t"":460},{""x"":-763,""y"":-242,""t"":479},{""x"":-804,""y"":-226,""t"":523},{""x"":-780,""y"":-211,""t"":562},{""x"":-753,""y"":-196,""t"":584},{""x"":-753,""y"":-178,""t"":628},{""x"":-750,""y"":-160,""t"":650},{""x"":-716,""y"":-140,""t"":697},{""x"":-685,""y"":-123,""t"":717},{""x"":-690,""y"":-111,""t"":767},{""x"":-691,""y"":-107,""t"":789},{""x"":-697,""y"":-111,""t"":833},{""x"":-700,""y"":-115,""t"":858},{""x"":-672,""y"":-123,""t"":904},{""x"":-618,""y"":-120,""t"":942},{""x"":-573,""y"":-117,""t"":953},{""x"":-629,""y"":-163,""t"":998},{""x"":-710,""y"":-207,""t"":1039},{""x"":-673,""y"":-201,""t"":1063},{""x"":-751,""y"":-223,""t"":1103},{""x"":-745,""y"":-229,""t"":1142},{""x"":-744,""y"":-229,""t"":1160},{""x"":-760,""y"":-236,""t"":1220},{""x"":-773,""y"":-242,""t"":1231},{""x"":-801,""y"":-268,""t"":1274},{""x"":-737,""y"":-233,""t"":1312},{""x"":-694,""y"":-231,""t"":1327},{""x"":-626,""y"":-194,""t"":1380},{""x"":-569,""y"":-163,""t"":1399},{""x"":-597,""y"":-159,""t"":1448},{""x"":-624,""y"":-157,""t"":1463},{""x"":-624,""y"":-157,""t"":1509},{""x"":-552,""y"":-116,""t"":1545},{""x"":-483,""y"":-86,""t"":1568},{""x"":-614,""y"":-140,""t"":1610},{""x"":-666,""y"":-150,""t"":1648},{""x"":-659,""y"":-139,""t"":1672},{""x"":-608,""y"":-124,""t"":1717},{""x"":-570,""y"":-118,""t"":1736},{""x"":-527,""y"":-103,""t"":1782},{""x"":-521,""y"":-94,""t"":1805},{""x"":-512,""y"":-126,""t"":1852},{""x"":-392,""y"":-105,""t"":1878},{""x"":-393,""y"":-125,""t"":1918},{""x"":-374,""y"":-154,""t"":1962},{""x"":-383,""y"":-189,""t"":1975},{""x"":-93,""y"":-70,""t"":2017},{""x"":-102,""y"":-88,""t"":2048},{""x"":-122,""y"":-124,""t"":2091},{""x"":-146,""y"":-155,""t"":2111},{""x"":-150,""y"":-178,""t"":2156},{""x"":-155,""y"":-184,""t"":2183},{""x"":-235,""y"":-208,""t"":2226},{""x"":-240,""y"":-204,""t"":2247},{""x"":-247,""y"":-183,""t"":2294},{""x"":-140,""y"":-126,""t"":2319},{""x"":-154,""y"":-99,""t"":2363},{""x"":-49,""y"":-33,""t"":2383},{""x"":-53,""y"":-39,""t"":2430},{""x"":-60,""y"":-45,""t"":2455},{""x"":-61,""y"":-40,""t"":2500},{""x"":-63,""y"":-36,""t"":2519},{""x"":-68,""y"":-26,""t"":2565},{""x"":-131,""y"":-21,""t"":2589},{""x"":-91,""y"":-9,""t"":2634},{""x"":-58,""y"":0,""t"":2653},{""x"":38,""y"":37,""t"":2698},{""x"":-36,""y"":-10,""t"":2727},{""x"":24,""y"":18,""t"":2769},{""x"":73,""y"":41,""t"":2791},{""x"":-90,""y"":6,""t"":2834},{""x"":-199,""y"":-18,""t"":2877},{""x"":-343,""y"":-49,""t"":2894},{""x"":-427,""y"":-66,""t"":2942},{""x"":-493,""y"":-80,""t"":2958},{""x"":-568,""y"":-104,""t"":3016},{""x"":-596,""y"":-119,""t"":3034},{""x"":-615,""y"":-107,""t"":3081},{""x"":-622,""y"":-108,""t"":3095},{""x"":-561,""y"":-97,""t"":3138},{""x"":-504,""y"":-87,""t"":3166},{""x"":-447,""y"":-80,""t"":3209},{""x"":-437,""y"":-92,""t"":3234},{""x"":-438,""y"":-98,""t"":3277},{""x"":-477,""y"":-118,""t"":3305},{""x"":-434,""y"":-106,""t"":3352},{""x"":-396,""y"":-95,""t"":3368},{""x"":-386,""y"":-80,""t"":3413},{""x"":-415,""y"":-83,""t"":3442},{""x"":-469,""y"":-105,""t"":3486},{""x"":-566,""y"":-133,""t"":3505},{""x"":-594,""y"":-138,""t"":3548},{""x"":-616,""y"":-142,""t"":3575},{""x"":-683,""y"":-179,""t"":3618},{""x"":-737,""y"":-210,""t"":3640},{""x"":-804,""y"":-251,""t"":3683},{""x"":-801,""y"":-247,""t"":3721},{""x"":-779,""y"":-244,""t"":3760},{""x"":-825,""y"":-281,""t"":3775},{""x"":-844,""y"":-291,""t"":3821},{""x"":-857,""y"":-297,""t"":3856},{""x"":-795,""y"":-266,""t"":3906},{""x"":-740,""y"":-238,""t"":3915},{""x"":-687,""y"":-209,""t"":3975},{""x"":-634,""y"":-186,""t"":4022},{""x"":-611,""y"":-163,""t"":4066},{""x"":-614,""y"":-156,""t"":4081},{""x"":-592,""y"":-162,""t"":4127},{""x"":-577,""y"":-146,""t"":4168},{""x"":-475,""y"":-92,""t"":4182},{""x"":-484,""y"":-93,""t"":4228},{""x"":-489,""y"":-99,""t"":4256},{""x"":-331,""y"":-32,""t"":4300},{""x"":-202,""y"":22,""t"":4319},{""x"":40,""y"":93,""t"":4362},{""x"":11,""y"":49,""t"":4393},{""x"":-46,""y"":-19,""t"":4440},{""x"":-92,""y"":-73,""t"":4458},{""x"":-115,""y"":-90,""t"":4500},{""x"":-146,""y"":-113,""t"":4530},{""x"":-185,""y"":-133,""t"":4575},{""x"":-168,""y"":-118,""t"":4594},{""x"":-93,""y"":-77,""t"":4636},{""x"":-57,""y"":-61,""t"":4665},{""x"":-24,""y"":-53,""t"":4710},{""x"":-22,""y"":-53,""t"":4729},{""x"":-11,""y"":-38,""t"":4776},{""x"":-57,""y"":-40,""t"":4797},{""x"":-46,""y"":-26,""t"":4843},{""x"":-43,""y"":-12,""t"":4871},{""x"":-51,""y"":-2,""t"":4914},{""x"":-59,""y"":5,""t"":4941},{""x"":-66,""y"":62,""t"":4987},{""x"":-73,""y"":109,""t"":5001},{""x"":-126,""y"":156,""t"":5050},{""x"":-239,""y"":151,""t"":5071},{""x"":-260,""y"":181,""t"":5114},{""x"":-229,""y"":215,""t"":5135},{""x"":-290,""y"":180,""t"":5182},{""x"":-324,""y"":159,""t"":5209},{""x"":-304,""y"":148,""t"":5252},{""x"":-343,""y"":119,""t"":5273},{""x"":-347,""y"":86,""t"":5318},{""x"":-408,""y"":38,""t"":5340},{""x"":-475,""y"":-29,""t"":5386},{""x"":-496,""y"":-61,""t"":5415},{""x"":-531,""y"":-89,""t"":5457},{""x"":-522,""y"":-91,""t"":5496},{""x"":-502,""y"":-89,""t"":5510},{""x"":-463,""y"":-75,""t"":5553},{""x"":-610,""y"":-131,""t"":5591},{""x"":-736,""y"":-194,""t"":5612},{""x"":-761,""y"":-213,""t"":5655},{""x"":-779,""y"":-229,""t"":5695},{""x"":-790,""y"":-239,""t"":5719},{""x"":-722,""y"":-235,""t"":5767},{""x"":-647,""y"":-219,""t"":5784},{""x"":-637,""y"":-211,""t"":5832},{""x"":-629,""y"":-202,""t"":5853},{""x"":-693,""y"":-237,""t"":5902},{""x"":-747,""y"":-265,""t"":5920},{""x"":-715,""y"":-245,""t"":5964},{""x"":-669,""y"":-213,""t"":5991},{""x"":-716,""y"":-241,""t"":6037},{""x"":-776,""y"":-258,""t"":6056}]",0,0.7428576290204817,0.2571423709795183,mcutoff_b-last,0
27-alternatives,1,95,exp_92,0.0,641.1000000238419,0.5,0.38,3.0,4.0,higher_p,higher_m,0,1,alternatives,0.0,False,1.5,1.52,-0.02,0.2367304922727919,0.4,0.6,0.5,0.5,1.0,0.0,higher_m,higher_p,True,"{""durations"":[1500,1000,1500,1000],""alternatives"":[1,0,1,0],""attributes"":[""all"",""all"",""all"",""all""]}","[{""x"":-447,""y"":-197,""t"":-11},{""x"":-486,""y"":-222,""t"":0},{""x"":-492,""y"":-203,""t"":55},{""x"":-521,""y"":-203,""t"":88},{""x"":-518,""y"":-211,""t"":121},{""x"":-455,""y"":-202,""t"":168},{""x"":-519,""y"":-257,""t"":180},{""x"":-401,""y"":-217,""t"":224},{""x"":-285,""y"":-179,""t"":239},{""x"":-357,""y"":-195,""t"":282},{""x"":-494,""y"":-217,""t"":327},{""x"":-599,""y"":-236,""t"":341},{""x"":-633,""y"":-217,""t"":387},{""x"":-705,""y"":-228,""t"":414},{""x"":-796,""y"":-255,""t"":456},{""x"":-849,""y"":-265,""t"":479},{""x"":-844,""y"":-257,""t"":521},{""x"":-831,""y"":-241,""t"":551},{""x"":-788,""y"":-228,""t"":599},{""x"":-705,""y"":-214,""t"":615},{""x"":-723,""y"":-211,""t"":660},{""x"":-730,""y"":-193,""t"":699},{""x"":-680,""y"":-162,""t"":722},{""x"":-696,""y"":-183,""t"":764},{""x"":-762,""y"":-194,""t"":784},{""x"":-799,""y"":-208,""t"":826},{""x"":-754,""y"":-196,""t"":863},{""x"":-713,""y"":-186,""t"":887},{""x"":-570,""y"":-135,""t"":937},{""x"":-449,""y"":-93,""t"":959},{""x"":-564,""y"":-150,""t"":1004},{""x"":-668,""y"":-200,""t"":1024},{""x"":-672,""y"":-191,""t"":1070},{""x"":-746,""y"":-227,""t"":1093},{""x"":-824,""y"":-275,""t"":1137},{""x"":-802,""y"":-257,""t"":1157},{""x"":-784,""y"":-257,""t"":1203},{""x"":-777,""y"":-266,""t"":1248},{""x"":-774,""y"":-268,""t"":1263},{""x"":-795,""y"":-270,""t"":1307},{""x"":-821,""y"":-272,""t"":1327},{""x"":-774,""y"":-245,""t"":1373},{""x"":-728,""y"":-236,""t"":1399},{""x"":-741,""y"":-238,""t"":1446},{""x"":-639,""y"":-182,""t"":1478},{""x"":-559,""y"":-127,""t"":1502},{""x"":-633,""y"":-166,""t"":1554},{""x"":-699,""y"":-181,""t"":1564},{""x"":-711,""y"":-172,""t"":1609},{""x"":-709,""y"":-173,""t"":1639},{""x"":-718,""y"":-177,""t"":1685},{""x"":-766,""y"":-213,""t"":1711},{""x"":-793,""y"":-237,""t"":1756},{""x"":-815,""y"":-257,""t"":1775},{""x"":-763,""y"":-249,""t"":1822},{""x"":-717,""y"":-242,""t"":1837},{""x"":-556,""y"":-194,""t"":1882},{""x"":-561,""y"":-214,""t"":1909},{""x"":-572,""y"":-219,""t"":1954},{""x"":-510,""y"":-212,""t"":1972},{""x"":-504,""y"":-221,""t"":2016},{""x"":-469,""y"":-220,""t"":2046},{""x"":-331,""y"":-156,""t"":2092},{""x"":-83,""y"":-46,""t"":2111},{""x"":-74,""y"":-64,""t"":2155},{""x"":-72,""y"":-56,""t"":2194},{""x"":-49,""y"":-51,""t"":2212},{""x"":15,""y"":-48,""t"":2258},{""x"":24,""y"":-66,""t"":2278},{""x"":21,""y"":-70,""t"":2323},{""x"":62,""y"":-31,""t"":2366},{""x"":124,""y"":6,""t"":2383},{""x"":15,""y"":-36,""t"":2426},{""x"":-34,""y"":-54,""t"":2455},{""x"":29,""y"":-39,""t"":2500},{""x"":146,""y"":22,""t"":2519},{""x"":313,""y"":103,""t"":2565},{""x"":169,""y"":54,""t"":2601},{""x"":41,""y"":9,""t"":2623},{""x"":-37,""y"":-27,""t"":2673},{""x"":-83,""y"":-63,""t"":2687},{""x"":-151,""y"":-108,""t"":2729},{""x"":-225,""y"":-151,""t"":2759},{""x"":-310,""y"":-183,""t"":2801},{""x"":-361,""y"":-210,""t"":2822},{""x"":-519,""y"":-255,""t"":2867},{""x"":-600,""y"":-272,""t"":2895},{""x"":-590,""y"":-237,""t"":2941},{""x"":-690,""y"":-264,""t"":2980},{""x"":-769,""y"":-286,""t"":2997},{""x"":-817,""y"":-306,""t"":3046},{""x"":-850,""y"":-322,""t"":3061},{""x"":-832,""y"":-306,""t"":3103},{""x"":-807,""y"":-265,""t"":3143},{""x"":-807,""y"":-265,""t"":3166},{""x"":-802,""y"":-253,""t"":3210},{""x"":-668,""y"":-184,""t"":3231},{""x"":-671,""y"":-190,""t"":3274},{""x"":-726,""y"":-219,""t"":3303},{""x"":-718,""y"":-212,""t"":3348},{""x"":-666,""y"":-187,""t"":3374},{""x"":-567,""y"":-154,""t"":3420},{""x"":-476,""y"":-121,""t"":3438},{""x"":-480,""y"":-109,""t"":3481},{""x"":-486,""y"":-101,""t"":3503},{""x"":-553,""y"":-155,""t"":3548},{""x"":-611,""y"":-202,""t"":3575},{""x"":-677,""y"":-242,""t"":3620},{""x"":-701,""y"":-261,""t"":3640},{""x"":-658,""y"":-257,""t"":3683},{""x"":-635,""y"":-264,""t"":3711},{""x"":-390,""y"":-172,""t"":3759},{""x"":-323,""y"":-162,""t"":3775},{""x"":-301,""y"":-167,""t"":3819},{""x"":-293,""y"":-185,""t"":3845},{""x"":-244,""y"":-162,""t"":3888},{""x"":-227,""y"":-159,""t"":3918},{""x"":-208,""y"":-155,""t"":3961},{""x"":-196,""y"":-152,""t"":3983},{""x"":-180,""y"":-137,""t"":4026},{""x"":-194,""y"":-125,""t"":4047},{""x"":-348,""y"":-170,""t"":4092},{""x"":-482,""y"":-208,""t"":4116},{""x"":-589,""y"":-220,""t"":4163},{""x"":-619,""y"":-200,""t"":4198},{""x"":-652,""y"":-225,""t"":4242},{""x"":-681,""y"":-250,""t"":4253},{""x"":-675,""y"":-244,""t"":4299},{""x"":-680,""y"":-243,""t"":4320},{""x"":-608,""y"":-230,""t"":4365},{""x"":-545,""y"":-219,""t"":4391},{""x"":-439,""y"":-200,""t"":4434},{""x"":-431,""y"":-208,""t"":4471},{""x"":-347,""y"":-191,""t"":4495},{""x"":-362,""y"":-213,""t"":4541},{""x"":-409,""y"":-234,""t"":4560},{""x"":-400,""y"":-238,""t"":4604},{""x"":-389,""y"":-245,""t"":4631},{""x"":-388,""y"":-239,""t"":4673},{""x"":-291,""y"":-149,""t"":4711},{""x"":-290,""y"":-90,""t"":4746},{""x"":-266,""y"":-50,""t"":4767},{""x"":-300,""y"":40,""t"":4815},{""x"":-339,""y"":103,""t"":4831},{""x"":-296,""y"":204,""t"":4874},{""x"":-353,""y"":212,""t"":4917},{""x"":-347,""y"":261,""t"":4932},{""x"":-227,""y"":314,""t"":4978},{""x"":-184,""y"":342,""t"":4998},{""x"":-213,""y"":361,""t"":5041},{""x"":-192,""y"":435,""t"":5086},{""x"":-132,""y"":499,""t"":5103},{""x"":27,""y"":586,""t"":5146},{""x"":67,""y"":609,""t"":5184},{""x"":88,""y"":625,""t"":5208},{""x"":156,""y"":634,""t"":5251},{""x"":13,""y"":576,""t"":5278},{""x"":35,""y"":510,""t"":5320},{""x"":67,""y"":469,""t"":5343},{""x"":58,""y"":378,""t"":5386},{""x"":10,""y"":276,""t"":5407},{""x"":-45,""y"":199,""t"":5449},{""x"":-212,""y"":90,""t"":5486},{""x"":-327,""y"":14,""t"":5513},{""x"":-429,""y"":-40,""t"":5556},{""x"":-500,""y"":-81,""t"":5584},{""x"":-597,""y"":-147,""t"":5631},{""x"":-546,""y"":-155,""t"":5665},{""x"":-506,""y"":-167,""t"":5679},{""x"":-430,""y"":-132,""t"":5726},{""x"":-437,""y"":-172,""t"":5766},{""x"":-356,""y"":-129,""t"":5780},{""x"":-131,""y"":-18,""t"":5826},{""x"":-12,""y"":7,""t"":5854},{""x"":-122,""y"":-57,""t"":5896},{""x"":-220,""y"":-112,""t"":5919},{""x"":-316,""y"":-153,""t"":5962},{""x"":-396,""y"":-207,""t"":5988},{""x"":-391,""y"":-169,""t"":6033},{""x"":-445,""y"":-191,""t"":6053},{""x"":-474,""y"":-183,""t"":6098},{""x"":-348,""y"":-125,""t"":6130},{""x"":-373,""y"":-139,""t"":6176},{""x"":-466,""y"":-174,""t"":6190}]",1,0.7428576290204817,0.2571423709795183,mcutoff_b-last,0
27-alternatives,1,97,exp_76,0.0,372.59999999403954,0.8,0.2,4.0,6.799999999999999,higher_p,higher_m,0,1,alternatives,0.0,False,3.2,1.36,1.8400000000000003,2.151159690652763,0.4,0.6,0.5,0.5,1.0,0.0,higher_m,higher_p,True,"{""durations"":[1500,1000,1500,1000],""alternatives"":[1,0,1,0],""attributes"":[""all"",""all"",""all"",""all""]}","[{""x"":-353,""y"":-104,""t"":-11},{""x"":-419,""y"":-148,""t"":0},{""x"":-385,""y"":-172,""t"":56},{""x"":-374,""y"":-161,""t"":73},{""x"":-333,""y"":-143,""t"":148},{""x"":-305,""y"":-118,""t"":185},{""x"":-318,""y"":-86,""t"":209},{""x"":-368,""y"":-132,""t"":251},{""x"":-403,""y"":-176,""t"":276},{""x"":-378,""y"":-153,""t"":320},{""x"":-356,""y"":-132,""t"":344},{""x"":-304,""y"":-121,""t"":385},{""x"":-271,""y"":-121,""t"":408},{""x"":-219,""y"":-100,""t"":450},{""x"":-259,""y"":-112,""t"":488},{""x"":-292,""y"":-115,""t"":531},{""x"":-306,""y"":-114,""t"":549},{""x"":-278,""y"":-102,""t"":594},{""x"":-333,""y"":-84,""t"":613},{""x"":-279,""y"":-86,""t"":654},{""x"":-91,""y"":2,""t"":702},{""x"":44,""y"":70,""t"":720},{""x"":18,""y"":44,""t"":769},{""x"":-34,""y"":14,""t"":797},{""x"":-63,""y"":-7,""t"":834},{""x"":-75,""y"":-11,""t"":875},{""x"":-62,""y"":-11,""t"":885},{""x"":-125,""y"":-33,""t"":932},{""x"":-106,""y"":-26,""t"":966},{""x"":-107,""y"":-17,""t"":996},{""x"":-116,""y"":-29,""t"":1037},{""x"":-129,""y"":-18,""t"":1074},{""x"":-140,""y"":-10,""t"":1095},{""x"":-226,""y"":-73,""t"":1138},{""x"":-232,""y"":-85,""t"":1157},{""x"":-261,""y"":-119,""t"":1200},{""x"":-162,""y"":-89,""t"":1228},{""x"":-244,""y"":-139,""t"":1274},{""x"":-314,""y"":-181,""t"":1299},{""x"":-304,""y"":-179,""t"":1344},{""x"":-293,""y"":-176,""t"":1365},{""x"":-336,""y"":-213,""t"":1409},{""x"":-362,""y"":-237,""t"":1430},{""x"":-378,""y"":-247,""t"":1476},{""x"":-389,""y"":-254,""t"":1504},{""x"":-399,""y"":-246,""t"":1550},{""x"":-407,""y"":-238,""t"":1568},{""x"":-429,""y"":-254,""t"":1618},{""x"":-446,""y"":-267,""t"":1632},{""x"":-440,""y"":-238,""t"":1676},{""x"":-409,""y"":-201,""t"":1701},{""x"":-331,""y"":-122,""t"":1746},{""x"":-323,""y"":-82,""t"":1772},{""x"":-250,""y"":-4,""t"":1819},{""x"":-178,""y"":68,""t"":1842},{""x"":-250,""y"":13,""t"":1883},{""x"":-221,""y"":44,""t"":1923},{""x"":-189,""y"":66,""t"":1942},{""x"":-269,""y"":44,""t"":1984},{""x"":-339,""y"":24,""t"":2010},{""x"":-411,""y"":-10,""t"":2051},{""x"":-461,""y"":-44,""t"":2081},{""x"":-535,""y"":-92,""t"":2128},{""x"":-703,""y"":-171,""t"":2147},{""x"":-796,""y"":-225,""t"":2189},{""x"":-805,""y"":-223,""t"":2210},{""x"":-772,""y"":-213,""t"":2253},{""x"":-791,""y"":-219,""t"":2288},{""x"":-827,""y"":-251,""t"":2329},{""x"":-853,""y"":-277,""t"":2353},{""x"":-897,""y"":-296,""t"":2418},{""x"":-950,""y"":-330,""t"":2465},{""x"":-979,""y"":-354,""t"":2485},{""x"":-931,""y"":-330,""t"":2528},{""x"":-901,""y"":-319,""t"":2566},{""x"":-921,""y"":-327,""t"":2596},{""x"":-836,""y"":-284,""t"":2639},{""x"":-856,""y"":-295,""t"":2652},{""x"":-824,""y"":-273,""t"":2696},{""x"":-888,""y"":-297,""t"":2736},{""x"":-860,""y"":-270,""t"":2769},{""x"":-835,""y"":-246,""t"":2789},{""x"":-889,""y"":-267,""t"":2832},{""x"":-870,""y"":-269,""t"":2870},{""x"":-875,""y"":-284,""t"":2895},{""x"":-826,""y"":-275,""t"":2938},{""x"":-788,""y"":-201,""t"":2975},{""x"":-680,""y"":-108,""t"":2992},{""x"":-625,""y"":-40,""t"":3035},{""x"":-676,""y"":-26,""t"":3065},{""x"":-496,""y"":111,""t"":3108},{""x"":-417,""y"":203,""t"":3129},{""x"":-351,""y"":257,""t"":3169},{""x"":-304,""y"":326,""t"":3211},{""x"":-270,""y"":378,""t"":3235},{""x"":-141,""y"":369,""t"":3310},{""x"":-61,""y"":318,""t"":3351},{""x"":-53,""y"":267,""t"":3375},{""x"":-55,""y"":208,""t"":3419},{""x"":-66,""y"":151,""t"":3440},{""x"":-40,""y"":126,""t"":3484},{""x"":42,""y"":129,""t"":3522},{""x"":108,""y"":131,""t"":3539},{""x"":193,""y"":126,""t"":3587},{""x"":270,""y"":136,""t"":3606},{""x"":257,""y"":104,""t"":3650},{""x"":128,""y"":17,""t"":3679},{""x"":140,""y"":-3,""t"":3722},{""x"":12,""y"":-81,""t"":3744},{""x"":-26,""y"":-103,""t"":3788},{""x"":-57,""y"":-119,""t"":3809},{""x"":-197,""y"":-186,""t"":3850},{""x"":-139,""y"":-153,""t"":3887},{""x"":-244,""y"":-203,""t"":3932},{""x"":-325,""y"":-236,""t"":3945},{""x"":-375,""y"":-264,""t"":3991},{""x"":-241,""y"":-203,""t"":4034},{""x"":-81,""y"":-126,""t"":4048},{""x"":-142,""y"":-156,""t"":4092},{""x"":-209,""y"":-182,""t"":4121},{""x"":-277,""y"":-199,""t"":4165},{""x"":-333,""y"":-213,""t"":4184},{""x"":-431,""y"":-250,""t"":4230},{""x"":-511,""y"":-281,""t"":4255},{""x"":-554,""y"":-251,""t"":4302},{""x"":-586,""y"":-224,""t"":4320},{""x"":-712,""y"":-272,""t"":4365},{""x"":-815,""y"":-312,""t"":4389},{""x"":-850,""y"":-293,""t"":4434},{""x"":-873,""y"":-275,""t"":4463},{""x"":-934,""y"":-304,""t"":4506},{""x"":-979,""y"":-328,""t"":4529},{""x"":-938,""y"":-315,""t"":4578},{""x"":-871,""y"":-290,""t"":4592},{""x"":-861,""y"":-269,""t"":4643},{""x"":-848,""y"":-241,""t"":4663},{""x"":-800,""y"":-214,""t"":4708},{""x"":-816,""y"":-229,""t"":4727},{""x"":-687,""y"":-170,""t"":4788},{""x"":-576,""y"":-121,""t"":4799},{""x"":-558,""y"":-96,""t"":4845},{""x"":-423,""y"":-44,""t"":4880},{""x"":-497,""y"":-100,""t"":4897},{""x"":-399,""y"":-59,""t"":4941},{""x"":-389,""y"":-32,""t"":4976},{""x"":-385,""y"":-11,""t"":5000},{""x"":-412,""y"":-27,""t"":5041},{""x"":-411,""y"":-38,""t"":5079},{""x"":-422,""y"":-50,""t"":5104},{""x"":-420,""y"":-53,""t"":5150},{""x"":-420,""y"":-56,""t"":5174},{""x"":-527,""y"":-117,""t"":5219},{""x"":-619,""y"":-168,""t"":5237},{""x"":-640,""y"":-154,""t"":5279},{""x"":-627,""y"":-130,""t"":5311},{""x"":-645,""y"":-139,""t"":5357},{""x"":-645,""y"":-130,""t"":5379},{""x"":-610,""y"":-129,""t"":5426},{""x"":-611,""y"":-160,""t"":5462},{""x"":-611,""y"":-186,""t"":5474},{""x"":-617,""y"":-202,""t"":5520},{""x"":-532,""y"":-187,""t"":5557},{""x"":-460,""y"":-173,""t"":5584},{""x"":-502,""y"":-197,""t"":5626},{""x"":-540,""y"":-216,""t"":5648},{""x"":-533,""y"":-216,""t"":5689},{""x"":-456,""y"":-186,""t"":5719},{""x"":-427,""y"":-149,""t"":5762},{""x"":-434,""y"":-64,""t"":5808},{""x"":-412,""y"":9,""t"":5817},{""x"":-408,""y"":47,""t"":5864},{""x"":-385,""y"":108,""t"":5888}]",0,0.7428576290204817,0.2571423709795183,mcutoff_b-last,0
27-alternatives,1,99,exp_12,1.0,18.400000005960464,0.7,0.29,1.7999999999999998,5.0,higher_p,higher_m,0,1,alternatives,0.0,False,1.2599999999999998,1.45,-0.1900000000000001,0.0617557805929019,0.4,0.6,0.5,0.5,1.0,0.0,higher_m,higher_p,False,"{""durations"":[1500,1000,1500,1000],""alternatives"":[1,0,1,0],""attributes"":[""all"",""all"",""all"",""all""]}","[{""x"":-382,""y"":-28,""t"":-20},{""x"":-411,""y"":-46,""t"":0},{""x"":-337,""y"":-19,""t"":64},{""x"":-352,""y"":-44,""t"":95},{""x"":-359,""y"":-52,""t"":124},{""x"":-364,""y"":-58,""t"":149},{""x"":-327,""y"":-44,""t"":194},{""x"":-320,""y"":-53,""t"":206},{""x"":-370,""y"":-53,""t"":249},{""x"":-366,""y"":-49,""t"":289},{""x"":-344,""y"":-30,""t"":306},{""x"":-191,""y"":38,""t"":350},{""x"":-61,""y"":95,""t"":379},{""x"":-115,""y"":155,""t"":422},{""x"":-222,""y"":146,""t"":443},{""x"":-297,""y"":163,""t"":487},{""x"":-296,""y"":168,""t"":513},{""x"":-275,""y"":222,""t"":557},{""x"":-239,""y"":280,""t"":587},{""x"":-242,""y"":234,""t"":648},{""x"":-208,""y"":179,""t"":691},{""x"":-163,""y"":134,""t"":715},{""x"":-172,""y"":61,""t"":757},{""x"":-218,""y"":-24,""t"":788},{""x"":-244,""y"":-71,""t"":833},{""x"":-224,""y"":-100,""t"":852},{""x"":-70,""y"":-53,""t"":894},{""x"":55,""y"":-36,""t"":923},{""x"":38,""y"":-59,""t"":970},{""x"":20,""y"":-78,""t"":992},{""x"":-65,""y"":-131,""t"":1041},{""x"":-139,""y"":-174,""t"":1057},{""x"":-258,""y"":-222,""t"":1098},{""x"":-301,""y"":-243,""t"":1140},{""x"":-335,""y"":-258,""t"":1169},{""x"":-354,""y"":-251,""t"":1214},{""x"":-368,""y"":-242,""t"":1227},{""x"":-360,""y"":-230,""t"":1270},{""x"":-413,""y"":-258,""t"":1310},{""x"":-440,""y"":-268,""t"":1329},{""x"":-418,""y"":-251,""t"":1372},{""x"":-397,""y"":-235,""t"":1395},{""x"":-359,""y"":-213,""t"":1439},{""x"":-316,""y"":-194,""t"":1482},{""x"":-278,""y"":-178,""t"":1500},{""x"":-337,""y"":-205,""t"":1560},{""x"":-388,""y"":-228,""t"":1569},{""x"":-418,""y"":-238,""t"":1610},{""x"":-365,""y"":-211,""t"":1662},{""x"":-325,""y"":-184,""t"":1672},{""x"":-295,""y"":-168,""t"":1716},{""x"":-269,""y"":-155,""t"":1740},{""x"":-311,""y"":-175,""t"":1782},{""x"":-177,""y"":-117,""t"":1803},{""x"":-324,""y"":-134,""t"":1847},{""x"":-453,""y"":-149,""t"":1876},{""x"":-490,""y"":-136,""t"":1919},{""x"":-529,""y"":-123,""t"":1939},{""x"":-602,""y"":-148,""t"":1986},{""x"":-661,""y"":-170,""t"":2012},{""x"":-709,""y"":-185,""t"":2057},{""x"":-746,""y"":-198,""t"":2076},{""x"":-747,""y"":-196,""t"":2121},{""x"":-766,""y"":-205,""t"":2145},{""x"":-719,""y"":-172,""t"":2190},{""x"":-756,""y"":-185,""t"":2220},{""x"":-685,""y"":-155,""t"":2264},{""x"":-615,""y"":-114,""t"":2284},{""x"":-522,""y"":-65,""t"":2327},{""x"":-506,""y"":-46,""t"":2354},{""x"":-494,""y"":-51,""t"":2400},{""x"":-531,""y"":-84,""t"":2417},{""x"":-417,""y"":-31,""t"":2464},{""x"":-459,""y"":-48,""t"":2491},{""x"":-433,""y"":-23,""t"":2531},{""x"":-501,""y"":-77,""t"":2584},{""x"":-578,""y"":-119,""t"":2594},{""x"":-612,""y"":-161,""t"":2634},{""x"":-640,""y"":-196,""t"":2659},{""x"":-615,""y"":-195,""t"":2706},{""x"":-594,""y"":-188,""t"":2725},{""x"":-614,""y"":-208,""t"":2774},{""x"":-639,""y"":-227,""t"":2797},{""x"":-678,""y"":-252,""t"":2842},{""x"":-701,""y"":-266,""t"":2859},{""x"":-665,""y"":-259,""t"":2920},{""x"":-609,""y"":-254,""t"":2931},{""x"":-554,""y"":-253,""t"":2975},{""x"":-499,""y"":-264,""t"":2993},{""x"":-340,""y"":-206,""t"":3037},{""x"":-203,""y"":-161,""t"":3067},{""x"":-208,""y"":-162,""t"":3108},{""x"":-250,""y"":-174,""t"":3151},{""x"":-290,""y"":-184,""t"":3163},{""x"":-262,""y"":-179,""t"":3207},{""x"":-129,""y"":-125,""t"":3233},{""x"":-177,""y"":-141,""t"":3279},{""x"":-132,""y"":-107,""t"":3312},{""x"":-170,""y"":-117,""t"":3353},{""x"":-218,""y"":-132,""t"":3372},{""x"":-132,""y"":-77,""t"":3416},{""x"":-30,""y"":-30,""t"":3436},{""x"":-17,""y"":-7,""t"":3480},{""x"":-65,""y"":-22,""t"":3518},{""x"":-113,""y"":-43,""t"":3540},{""x"":-210,""y"":-88,""t"":3583},{""x"":-322,""y"":-132,""t"":3611},{""x"":-388,""y"":-185,""t"":3656},{""x"":-469,""y"":-225,""t"":3675},{""x"":-473,""y"":-233,""t"":3718},{""x"":-479,""y"":-244,""t"":3747},{""x"":-423,""y"":-222,""t"":3794},{""x"":-461,""y"":-249,""t"":3816},{""x"":-547,""y"":-281,""t"":3860},{""x"":-617,""y"":-307,""t"":3884},{""x"":-673,""y"":-295,""t"":3927},{""x"":-677,""y"":-283,""t"":3951},{""x"":-769,""y"":-291,""t"":3994},{""x"":-859,""y"":-291,""t"":4032},{""x"":-757,""y"":-250,""t"":4050},{""x"":-743,""y"":-239,""t"":4092},{""x"":-588,""y"":-156,""t"":4131},{""x"":-484,""y"":-113,""t"":4155},{""x"":-487,""y"":-99,""t"":4199},{""x"":-480,""y"":-87,""t"":4237},{""x"":-390,""y"":-40,""t"":4251},{""x"":-391,""y"":-32,""t"":4292},{""x"":-421,""y"":-41,""t"":4330},{""x"":-435,""y"":-40,""t"":4370},{""x"":-480,""y"":-43,""t"":4395},{""x"":-504,""y"":-45,""t"":4439},{""x"":-523,""y"":-52,""t"":4479},{""x"":-538,""y"":-59,""t"":4491},{""x"":-547,""y"":-63,""t"":4532},{""x"":-533,""y"":-68,""t"":4563},{""x"":-528,""y"":-72,""t"":4607},{""x"":-522,""y"":-75,""t"":4628},{""x"":-510,""y"":-72,""t"":4671},{""x"":-499,""y"":-69,""t"":4699},{""x"":-554,""y"":-118,""t"":4746},{""x"":-602,""y"":-159,""t"":4761},{""x"":-533,""y"":-137,""t"":4803},{""x"":-471,""y"":-108,""t"":4831},{""x"":-369,""y"":-73,""t"":4878},{""x"":-288,""y"":-62,""t"":4897},{""x"":-318,""y"":-111,""t"":4940},{""x"":-346,""y"":-153,""t"":4971},{""x"":-388,""y"":-174,""t"":5016},{""x"":-406,""y"":-189,""t"":5038},{""x"":-354,""y"":-171,""t"":5085},{""x"":-310,""y"":-154,""t"":5105},{""x"":-312,""y"":-163,""t"":5151},{""x"":-296,""y"":-177,""t"":5172},{""x"":-267,""y"":-162,""t"":5217},{""x"":-218,""y"":-145,""t"":5243},{""x"":-195,""y"":-122,""t"":5284},{""x"":-141,""y"":-100,""t"":5307},{""x"":4,""y"":-34,""t"":5356},{""x"":95,""y"":8,""t"":5379},{""x"":91,""y"":11,""t"":5423},{""x"":144,""y"":35,""t"":5444},{""x"":90,""y"":11,""t"":5485},{""x"":16,""y"":-7,""t"":5521}]",0,0.7428576290204817,0.2571423709795183,mcutoff_b-last,0
27-alternatives,1,101,exp_54,1.0,1841.5999999940395,0.49,0.32,6.9,8.2,higher_p,higher_m,0,1,alternatives,0.0,False,3.381,2.624,0.7570000000000006,1.0364678509508771,0.4,0.6,0.5,0.5,1.0,1.0,higher_m,higher_m,False,"{""durations"":[1000,1500,1000,1500],""alternatives"":[0,1,0,1],""attributes"":[""all"",""all"",""all"",""all""]}","[{""x"":-432,""y"":-148,""t"":-11},{""x"":-476,""y"":-153,""t"":0},{""x"":-498,""y"":-159,""t"":50},{""x"":-394,""y"":-106,""t"":68},{""x"":-375,""y"":-96,""t"":147},{""x"":-366,""y"":-105,""t"":175},{""x"":-320,""y"":-90,""t"":219},{""x"":-318,""y"":-69,""t"":239},{""x"":-300,""y"":-57,""t"":283},{""x"":-286,""y"":-48,""t"":311},{""x"":-296,""y"":-44,""t"":356},{""x"":-324,""y"":-60,""t"":375},{""x"":-498,""y"":-121,""t"":418},{""x"":-638,""y"":-185,""t"":447},{""x"":-679,""y"":-206,""t"":492},{""x"":-672,""y"":-208,""t"":511},{""x"":-691,""y"":-218,""t"":555},{""x"":-708,""y"":-213,""t"":581},{""x"":-714,""y"":-208,""t"":628},{""x"":-776,""y"":-228,""t"":654},{""x"":-681,""y"":-170,""t"":696},{""x"":-597,""y"":-120,""t"":719},{""x"":-454,""y"":-44,""t"":764},{""x"":-317,""y"":22,""t"":783},{""x"":-359,""y"":9,""t"":830},{""x"":-375,""y"":5,""t"":853},{""x"":-428,""y"":-7,""t"":896},{""x"":-477,""y"":-36,""t"":934},{""x"":-520,""y"":-57,""t"":959},{""x"":-610,""y"":-113,""t"":1005},{""x"":-673,""y"":-158,""t"":1024},{""x"":-673,""y"":-173,""t"":1066},{""x"":-670,""y"":-177,""t"":1096},{""x"":-750,""y"":-252,""t"":1140},{""x"":-808,""y"":-300,""t"":1159},{""x"":-901,""y"":-337,""t"":1201},{""x"":-939,""y"":-369,""t"":1249},{""x"":-959,""y"":-379,""t"":1259},{""x"":-919,""y"":-357,""t"":1300},{""x"":-778,""y"":-309,""t"":1343},{""x"":-748,""y"":-309,""t"":1365},{""x"":-581,""y"":-254,""t"":1411},{""x"":-458,""y"":-219,""t"":1448},{""x"":-357,""y"":-190,""t"":1463},{""x"":-373,""y"":-210,""t"":1506},{""x"":-362,""y"":-207,""t"":1543},{""x"":-251,""y"":-172,""t"":1586},{""x"":-246,""y"":-185,""t"":1600},{""x"":-152,""y"":-143,""t"":1649},{""x"":-83,""y"":-101,""t"":1669},{""x"":158,""y"":34,""t"":1717},{""x"":375,""y"":152,""t"":1734},{""x"":489,""y"":213,""t"":1780},{""x"":469,""y"":198,""t"":1839},{""x"":445,""y"":187,""t"":1888},{""x"":393,""y"":166,""t"":1912},{""x"":467,""y"":197,""t"":1957},{""x"":524,""y"":221,""t"":1975},{""x"":565,""y"":239,""t"":2022},{""x"":593,""y"":254,""t"":2053},{""x"":609,""y"":263,""t"":2079},{""x"":450,""y"":214,""t"":2122},{""x"":438,""y"":216,""t"":2143},{""x"":392,""y"":196,""t"":2187},{""x"":527,""y"":256,""t"":2215},{""x"":636,""y"":300,""t"":2263},{""x"":727,""y"":337,""t"":2283},{""x"":660,""y"":325,""t"":2338},{""x"":598,""y"":314,""t"":2347},{""x"":445,""y"":266,""t"":2393},{""x"":284,""y"":219,""t"":2434},{""x"":137,""y"":177,""t"":2453},{""x"":-66,""y"":100,""t"":2496},{""x"":-258,""y"":24,""t"":2516},{""x"":-300,""y"":10,""t"":2561},{""x"":-326,""y"":1,""t"":2591},{""x"":-404,""y"":-38,""t"":2634},{""x"":-461,""y"":-68,""t"":2658},{""x"":-548,""y"":-103,""t"":2702},{""x"":-613,""y"":-131,""t"":2725},{""x"":-677,""y"":-141,""t"":2771},{""x"":-710,""y"":-155,""t"":2789},{""x"":-731,""y"":-172,""t"":2829},{""x"":-686,""y"":-155,""t"":2868},{""x"":-740,""y"":-188,""t"":2910},{""x"":-781,""y"":-214,""t"":2927},{""x"":-729,""y"":-188,""t"":2970},{""x"":-696,""y"":-167,""t"":2999},{""x"":-665,""y"":-143,""t"":3046},{""x"":-663,""y"":-150,""t"":3081},{""x"":-625,""y"":-139,""t"":3095},{""x"":-695,""y"":-203,""t"":3138},{""x"":-771,""y"":-254,""t"":3167},{""x"":-728,""y"":-236,""t"":3212},{""x"":-688,""y"":-219,""t"":3235},{""x"":-763,""y"":-269,""t"":3280},{""x"":-794,""y"":-303,""t"":3301},{""x"":-869,""y"":-314,""t"":3343},{""x"":-870,""y"":-330,""t"":3385},{""x"":-867,""y"":-339,""t"":3407},{""x"":-852,""y"":-334,""t"":3455},{""x"":-918,""y"":-358,""t"":3470},{""x"":-924,""y"":-361,""t"":3516},{""x"":-933,""y"":-370,""t"":3541},{""x"":-965,""y"":-376,""t"":3590},{""x"":-900,""y"":-348,""t"":3605},{""x"":-938,""y"":-382,""t"":3650},{""x"":-1005,""y"":-414,""t"":3685},{""x"":-1031,""y"":-427,""t"":3727},{""x"":-1018,""y"":-424,""t"":3740},{""x"":-986,""y"":-418,""t"":3785},{""x"":-886,""y"":-369,""t"":3825},{""x"":-800,""y"":-327,""t"":3847},{""x"":-612,""y"":-270,""t"":3891},{""x"":-454,""y"":-223,""t"":3911},{""x"":-297,""y"":-185,""t"":3956},{""x"":-168,""y"":-157,""t"":3979},{""x"":-171,""y"":-190,""t"":4022},{""x"":-156,""y"":-177,""t"":4064},{""x"":-165,""y"":-184,""t"":4087},{""x"":-124,""y"":-158,""t"":4131},{""x"":-154,""y"":-176,""t"":4151},{""x"":-127,""y"":-173,""t"":4193},{""x"":-174,""y"":-173,""t"":4223},{""x"":-72,""y"":-121,""t"":4271},{""x"":1,""y"":-72,""t"":4286},{""x"":22,""y"":-72,""t"":4333},{""x"":0,""y"":-78,""t"":4356},{""x"":-129,""y"":-123,""t"":4402},{""x"":-186,""y"":-164,""t"":4421},{""x"":-139,""y"":-136,""t"":4466},{""x"":-99,""y"":-112,""t"":4490},{""x"":-126,""y"":-106,""t"":4548},{""x"":-261,""y"":-137,""t"":4559},{""x"":-330,""y"":-165,""t"":4604},{""x"":-396,""y"":-187,""t"":4639},{""x"":-409,""y"":-194,""t"":4661},{""x"":-462,""y"":-210,""t"":4706},{""x"":-428,""y"":-194,""t"":4727},{""x"":-377,""y"":-181,""t"":4770},{""x"":-351,""y"":-190,""t"":4812},{""x"":-401,""y"":-227,""t"":4832},{""x"":-473,""y"":-255,""t"":4878},{""x"":-534,""y"":-279,""t"":4904},{""x"":-562,""y"":-299,""t"":4947},{""x"":-498,""y"":-273,""t"":4968},{""x"":-424,""y"":-252,""t"":5016},{""x"":-292,""y"":-208,""t"":5039},{""x"":-271,""y"":-197,""t"":5097},{""x"":-295,""y"":-205,""t"":5127},{""x"":-248,""y"":-183,""t"":5158},{""x"":-289,""y"":-201,""t"":5186},{""x"":-178,""y"":-144,""t"":5231},{""x"":-85,""y"":-95,""t"":5240},{""x"":-21,""y"":-76,""t"":5291},{""x"":-1,""y"":-67,""t"":5310},{""x"":-128,""y"":-96,""t"":5360},{""x"":-240,""y"":-122,""t"":5375},{""x"":-335,""y"":-141,""t"":5420},{""x"":-436,""y"":-160,""t"":5445},{""x"":-446,""y"":-149,""t"":5503},{""x"":-501,""y"":-190,""t"":5516},{""x"":-538,""y"":-214,""t"":5559},{""x"":-565,""y"":-233,""t"":5583},{""x"":-532,""y"":-203,""t"":5626},{""x"":-466,""y"":-179,""t"":5648},{""x"":-495,""y"":-211,""t"":5690},{""x"":-519,""y"":-238,""t"":5724},{""x"":-361,""y"":-117,""t"":5769},{""x"":-226,""y"":-13,""t"":5783},{""x"":-156,""y"":121,""t"":5826},{""x"":-108,""y"":198,""t"":5867},{""x"":-72,""y"":258,""t"":5889},{""x"":-14,""y"":322,""t"":5931},{""x"":29,""y"":385,""t"":5951},{""x"":142,""y"":454,""t"":5993},{""x"":247,""y"":520,""t"":6023},{""x"":329,""y"":553,""t"":6066},{""x"":441,""y"":593,""t"":6088},{""x"":265,""y"":560,""t"":6131},{""x"":186,""y"":526,""t"":6159},{""x"":227,""y"":540,""t"":6203},{""x"":260,""y"":549,""t"":6224},{""x"":248,""y"":546,""t"":6273},{""x"":201,""y"":520,""t"":6295},{""x"":-23,""y"":446,""t"":6341},{""x"":-214,""y"":382,""t"":6359},{""x"":-353,""y"":234,""t"":6402},{""x"":-466,""y"":109,""t"":6433},{""x"":-645,""y"":-78,""t"":6476},{""x"":-836,""y"":-219,""t"":6498},{""x"":-761,""y"":-248,""t"":6544},{""x"":-764,""y"":-296,""t"":6583},{""x"":-635,""y"":-266,""t"":6599},{""x"":-501,""y"":-227,""t"":6646},{""x"":-394,""y"":-180,""t"":6667},{""x"":-473,""y"":-231,""t"":6711},{""x"":-518,""y"":-270,""t"":6750},{""x"":-436,""y"":-247,""t"":6768},{""x"":-468,""y"":-271,""t"":6811},{""x"":-446,""y"":-252,""t"":6840},{""x"":-478,""y"":-260,""t"":6889},{""x"":-513,""y"":-261,""t"":6903},{""x"":-412,""y"":-205,""t"":6950},{""x"":-315,""y"":-175,""t"":6972},{""x"":-228,""y"":-127,""t"":7018},{""x"":-178,""y"":-84,""t"":7041},{""x"":-131,""y"":-79,""t"":7086},{""x"":-109,""y"":-76,""t"":7122},{""x"":-90,""y"":-72,""t"":7141},{""x"":-114,""y"":-88,""t"":7184},{""x"":-143,""y"":-103,""t"":7212},{""x"":-217,""y"":-136,""t"":7259},{""x"":-284,""y"":-165,""t"":7281},{""x"":-197,""y"":-131,""t"":7327},{""x"":-115,""y"":-88,""t"":7361},{""x"":-46,""y"":-51,""t"":7381},{""x"":-26,""y"":-53,""t"":7425}]",1,0.2571423709795183,0.7428576290204817,mcutoff_b-last,0
27-alternatives,1,102,catch_14,1.0,679.1000000238419,0.22,0.28,4.1,7.9,dominated,dominant,1,1,alternatives,0.0,False,0.902,2.212,-1.3100000000000005,-1.0910187904746074,0.5,0.5,0.5,0.5,,1.0,,dominant,True,"{""durations"":[1250,1250,1250,1250],""attributes"":[""all"",""all"",""all"",""all""],""alternatives"":[0,1,0,1]}","[{""x"":-200,""y"":-76,""t"":-11},{""x"":-112,""y"":-15,""t"":0},{""x"":-26,""y"":41,""t"":55},{""x"":-190,""y"":-43,""t"":71},{""x"":-291,""y"":-91,""t"":127},{""x"":-136,""y"":2,""t"":138},{""x"":-249,""y"":-18,""t"":183},{""x"":-261,""y"":-19,""t"":217},{""x"":-401,""y"":-67,""t"":262},{""x"":-379,""y"":-39,""t"":274},{""x"":-430,""y"":-95,""t"":318},{""x"":-450,""y"":-115,""t"":357},{""x"":-415,""y"":-120,""t"":377},{""x"":-374,""y"":-120,""t"":422},{""x"":-336,""y"":-118,""t"":444},{""x"":-251,""y"":-83,""t"":486},{""x"":-228,""y"":-93,""t"":532},{""x"":-209,""y"":-101,""t"":546},{""x"":-98,""y"":-46,""t"":589},{""x"":45,""y"":18,""t"":614},{""x"":201,""y"":85,""t"":661},{""x"":328,""y"":139,""t"":686},{""x"":435,""y"":182,""t"":729},{""x"":519,""y"":215,""t"":751},{""x"":462,""y"":183,""t"":795},{""x"":503,""y"":194,""t"":817},{""x"":465,""y"":159,""t"":863},{""x"":302,""y"":74,""t"":889},{""x"":188,""y"":24,""t"":935},{""x"":194,""y"":17,""t"":954},{""x"":135,""y"":-15,""t"":1001},{""x"":-42,""y"":-87,""t"":1038},{""x"":-135,""y"":-102,""t"":1057},{""x"":-220,""y"":-145,""t"":1101},{""x"":-210,""y"":-153,""t"":1130},{""x"":-252,""y"":-185,""t"":1177},{""x"":-278,""y"":-200,""t"":1193},{""x"":-289,""y"":-210,""t"":1238},{""x"":-327,""y"":-222,""t"":1275},{""x"":-368,""y"":-241,""t"":1297},{""x"":-368,""y"":-242,""t"":1356},{""x"":-363,""y"":-240,""t"":1365},{""x"":-418,""y"":-250,""t"":1409},{""x"":-480,""y"":-255,""t"":1434},{""x"":-582,""y"":-274,""t"":1478},{""x"":-665,""y"":-289,""t"":1497},{""x"":-592,""y"":-242,""t"":1542},{""x"":-619,""y"":-230,""t"":1567},{""x"":-716,""y"":-248,""t"":1614},{""x"":-822,""y"":-279,""t"":1634},{""x"":-900,""y"":-301,""t"":1681},{""x"":-952,""y"":-326,""t"":1722},{""x"":-990,""y"":-346,""t"":1737},{""x"":-1030,""y"":-361,""t"":1782},{""x"":-1051,""y"":-369,""t"":1807},{""x"":-1019,""y"":-358,""t"":1851},{""x"":-1001,""y"":-344,""t"":1871},{""x"":-916,""y"":-300,""t"":1915},{""x"":-862,""y"":-262,""t"":1945},{""x"":-804,""y"":-227,""t"":1993},{""x"":-756,""y"":-199,""t"":2010},{""x"":-647,""y"":-155,""t"":2054},{""x"":-570,""y"":-116,""t"":2082},{""x"":-616,""y"":-138,""t"":2127},{""x"":-667,""y"":-157,""t"":2146},{""x"":-749,""y"":-210,""t"":2198},{""x"":-842,""y"":-257,""t"":2215},{""x"":-896,""y"":-307,""t"":2261},{""x"":-941,""y"":-348,""t"":2282},{""x"":-999,""y"":-383,""t"":2327},{""x"":-1045,""y"":-410,""t"":2354},{""x"":-979,""y"":-382,""t"":2400},{""x"":-983,""y"":-408,""t"":2418},{""x"":-996,""y"":-400,""t"":2460},{""x"":-970,""y"":-393,""t"":2490},{""x"":-878,""y"":-349,""t"":2535},{""x"":-885,""y"":-349,""t"":2553},{""x"":-927,""y"":-357,""t"":2598},{""x"":-950,""y"":-385,""t"":2635},{""x"":-974,""y"":-402,""t"":2655},{""x"":-976,""y"":-413,""t"":2717},{""x"":-976,""y"":-422,""t"":2728},{""x"":-916,""y"":-405,""t"":2778},{""x"":-751,""y"":-349,""t"":2791},{""x"":-590,""y"":-302,""t"":2833},{""x"":-484,""y"":-261,""t"":2872},{""x"":-440,""y"":-249,""t"":2890},{""x"":-360,""y"":-216,""t"":2939},{""x"":-333,""y"":-203,""t"":2962},{""x"":-194,""y"":-149,""t"":3008},{""x"":-210,""y"":-169,""t"":3034},{""x"":-108,""y"":-116,""t"":3078},{""x"":-28,""y"":-72,""t"":3098},{""x"":-53,""y"":-87,""t"":3146},{""x"":51,""y"":-47,""t"":3171},{""x"":-1,""y"":-68,""t"":3222},{""x"":-60,""y"":-86,""t"":3232},{""x"":-34,""y"":-61,""t"":3276},{""x"":-159,""y"":-115,""t"":3299},{""x"":-290,""y"":-157,""t"":3346},{""x"":-388,""y"":-207,""t"":3390},{""x"":-421,""y"":-237,""t"":3402},{""x"":-383,""y"":-215,""t"":3447},{""x"":-432,""y"":-229,""t"":3471},{""x"":-453,""y"":-257,""t"":3517},{""x"":-502,""y"":-288,""t"":3545},{""x"":-535,""y"":-291,""t"":3588},{""x"":-447,""y"":-259,""t"":3609},{""x"":-350,""y"":-220,""t"":3655},{""x"":-282,""y"":-183,""t"":3673},{""x"":-265,""y"":-162,""t"":3718},{""x"":-252,""y"":-145,""t"":3743},{""x"":-148,""y"":-94,""t"":3787},{""x"":-82,""y"":-69,""t"":3823},{""x"":-54,""y"":-55,""t"":3849},{""x"":-44,""y"":-50,""t"":3892},{""x"":-82,""y"":-54,""t"":3925},{""x"":48,""y"":-6,""t"":3962},{""x"":155,""y"":35,""t"":3986},{""x"":172,""y"":40,""t"":4035},{""x"":178,""y"":40,""t"":4049},{""x"":-30,""y"":-29,""t"":4098},{""x"":-211,""y"":-89,""t"":4116},{""x"":-316,""y"":-116,""t"":4164},{""x"":-403,""y"":-139,""t"":4186},{""x"":-547,""y"":-199,""t"":4232},{""x"":-718,""y"":-267,""t"":4268},{""x"":-845,""y"":-319,""t"":4289},{""x"":-914,""y"":-335,""t"":4332},{""x"":-996,""y"":-366,""t"":4353},{""x"":-1066,""y"":-399,""t"":4395},{""x"":-1083,""y"":-426,""t"":4424},{""x"":-953,""y"":-359,""t"":4474},{""x"":-848,""y"":-310,""t"":4507},{""x"":-876,""y"":-308,""t"":4527},{""x"":-804,""y"":-273,""t"":4573},{""x"":-740,""y"":-243,""t"":4591},{""x"":-647,""y"":-190,""t"":4633},{""x"":-627,""y"":-170,""t"":4673},{""x"":-664,""y"":-213,""t"":4715},{""x"":-698,""y"":-246,""t"":4729},{""x"":-572,""y"":-184,""t"":4773},{""x"":-611,""y"":-208,""t"":4801},{""x"":-701,""y"":-267,""t"":4843},{""x"":-702,""y"":-281,""t"":4883},{""x"":-702,""y"":-293,""t"":4898},{""x"":-695,""y"":-292,""t"":4941},{""x"":-740,""y"":-311,""t"":4984},{""x"":-789,""y"":-326,""t"":5001},{""x"":-798,""y"":-334,""t"":5044},{""x"":-799,""y"":-334,""t"":5073},{""x"":-763,""y"":-311,""t"":5119},{""x"":-642,""y"":-238,""t"":5142},{""x"":-652,""y"":-224,""t"":5191},{""x"":-657,""y"":-224,""t"":5209},{""x"":-612,""y"":-202,""t"":5254},{""x"":-574,""y"":-184,""t"":5274},{""x"":-624,""y"":-199,""t"":5318},{""x"":-600,""y"":-193,""t"":5359},{""x"":-580,""y"":-188,""t"":5375},{""x"":-579,""y"":-166,""t"":5422},{""x"":-443,""y"":-96,""t"":5449},{""x"":-420,""y"":7,""t"":5494},{""x"":-387,""y"":70,""t"":5514},{""x"":-302,""y"":151,""t"":5557},{""x"":-269,""y"":233,""t"":5577},{""x"":-136,""y"":309,""t"":5623},{""x"":-144,""y"":344,""t"":5647},{""x"":-55,""y"":386,""t"":5691},{""x"":108,""y"":483,""t"":5721},{""x"":95,""y"":478,""t"":5769},{""x"":57,""y"":448,""t"":5780},{""x"":31,""y"":460,""t"":5826},{""x"":24,""y"":461,""t"":5850},{""x"":-85,""y"":402,""t"":5892},{""x"":-155,""y"":335,""t"":5922},{""x"":-247,""y"":242,""t"":5973},{""x"":-325,""y"":162,""t"":5984},{""x"":-521,""y"":20,""t"":6030},{""x"":-685,""y"":-98,""t"":6054},{""x"":-702,""y"":-139,""t"":6100},{""x"":-708,""y"":-168,""t"":6123},{""x"":-828,""y"":-241,""t"":6168},{""x"":-905,""y"":-291,""t"":6191}]",1,0.2571423709795183,0.7428576290204817,mcutoff_b-last,0
27-alternatives,1,106,exp_110,0.0,350.30000001192093,0.78,0.4,2.1,3.0,higher_p,higher_m,0,1,alternatives,0.0,False,1.638,1.2000000000000002,0.4379999999999999,0.7081329507986126,0.4,0.6,0.5,0.5,1.0,1.0,higher_m,higher_m,True,"{""durations"":[1000,1500,1000,1500],""alternatives"":[0,1,0,1],""attributes"":[""all"",""all"",""all"",""all""]}","[{""x"":21,""y"":60,""t"":-28},{""x"":17,""y"":45,""t"":0},{""x"":38,""y"":39,""t"":54},{""x"":60,""y"":36,""t"":71},{""x"":124,""y"":94,""t"":134},{""x"":180,""y"":145,""t"":144},{""x"":196,""y"":149,""t"":188},{""x"":210,""y"":152,""t"":212},{""x"":254,""y"":180,""t"":267},{""x"":291,""y"":203,""t"":276},{""x"":290,""y"":203,""t"":322},{""x"":344,""y"":206,""t"":357},{""x"":379,""y"":200,""t"":377},{""x"":407,""y"":200,""t"":439},{""x"":416,""y"":205,""t"":450},{""x"":387,""y"":172,""t"":492},{""x"":360,""y"":144,""t"":516},{""x"":409,""y"":159,""t"":572},{""x"":449,""y"":173,""t"":582},{""x"":452,""y"":169,""t"":626},{""x"":504,""y"":201,""t"":653},{""x"":616,""y"":254,""t"":699},{""x"":706,""y"":292,""t"":715},{""x"":767,""y"":335,""t"":760},{""x"":819,""y"":367,""t"":803},{""x"":859,""y"":390,""t"":820},{""x"":871,""y"":404,""t"":861},{""x"":895,""y"":410,""t"":888},{""x"":804,""y"":347,""t"":935},{""x"":741,""y"":306,""t"":956},{""x"":693,""y"":274,""t"":1000},{""x"":651,""y"":247,""t"":1027},{""x"":593,""y"":220,""t"":1073},{""x"":557,""y"":205,""t"":1092},{""x"":588,""y"":218,""t"":1135},{""x"":616,""y"":230,""t"":1156},{""x"":628,""y"":268,""t"":1200},{""x"":491,""y"":232,""t"":1243},{""x"":397,""y"":190,""t"":1267},{""x"":296,""y"":192,""t"":1318},{""x"":214,""y"":194,""t"":1328},{""x"":111,""y"":152,""t"":1374},{""x"":29,""y"":116,""t"":1396},{""x"":-63,""y"":89,""t"":1439},{""x"":-134,""y"":67,""t"":1465},{""x"":-203,""y"":26,""t"":1514},{""x"":-252,""y"":-12,""t"":1539},{""x"":-248,""y"":-34,""t"":1582},{""x"":-230,""y"":-27,""t"":1604},{""x"":-205,""y"":1,""t"":1649},{""x"":-155,""y"":32,""t"":1669},{""x"":-87,""y"":74,""t"":1713},{""x"":19,""y"":143,""t"":1750},{""x"":91,""y"":219,""t"":1771},{""x"":144,""y"":260,""t"":1815},{""x"":196,""y"":291,""t"":1844},{""x"":266,""y"":328,""t"":1890},{""x"":321,""y"":350,""t"":1925},{""x"":363,""y"":366,""t"":1940},{""x"":396,""y"":374,""t"":1981},{""x"":339,""y"":315,""t"":2036},{""x"":287,""y"":263,""t"":2048},{""x"":208,""y"":228,""t"":2091},{""x"":140,""y"":198,""t"":2108},{""x"":83,""y"":153,""t"":2150},{""x"":86,""y"":170,""t"":2197},{""x"":31,""y"":141,""t"":2215},{""x"":66,""y"":167,""t"":2267},{""x"":108,""y"":195,""t"":2282},{""x"":236,""y"":235,""t"":2328},{""x"":333,""y"":271,""t"":2356},{""x"":439,""y"":311,""t"":2410},{""x"":553,""y"":346,""t"":2422},{""x"":659,""y"":384,""t"":2464},{""x"":660,""y"":354,""t"":2484},{""x"":735,""y"":358,""t"":2529},{""x"":743,""y"":395,""t"":2567},{""x"":764,""y"":392,""t"":2604},{""x"":793,""y"":386,""t"":2627},{""x"":826,""y"":387,""t"":2670},{""x"":733,""y"":362,""t"":2697},{""x"":753,""y"":364,""t"":2745},{""x"":768,""y"":365,""t"":2756},{""x"":741,""y"":355,""t"":2802},{""x"":719,""y"":354,""t"":2837},{""x"":708,""y"":358,""t"":2879},{""x"":698,""y"":362,""t"":2892},{""x"":709,""y"":388,""t"":2937},{""x"":718,""y"":410,""t"":2964},{""x"":724,""y"":418,""t"":3009},{""x"":729,""y"":424,""t"":3027},{""x"":729,""y"":389,""t"":3074},{""x"":684,""y"":338,""t"":3098},{""x"":705,""y"":330,""t"":3142},{""x"":691,""y"":265,""t"":3171},{""x"":675,""y"":237,""t"":3211},{""x"":727,""y"":250,""t"":3255},{""x"":772,""y"":264,""t"":3265},{""x"":716,""y"":238,""t"":3310},{""x"":760,""y"":251,""t"":3354},{""x"":717,""y"":220,""t"":3370},{""x"":604,""y"":200,""t"":3414},{""x"":641,""y"":216,""t"":3451},{""x"":678,""y"":237,""t"":3476},{""x"":524,""y"":168,""t"":3518},{""x"":466,""y"":139,""t"":3537},{""x"":365,""y"":91,""t"":3581},{""x"":282,""y"":53,""t"":3612},{""x"":189,""y"":20,""t"":3658},{""x"":139,""y"":-2,""t"":3676},{""x"":141,""y"":51,""t"":3718},{""x"":87,""y"":56,""t"":3747},{""x"":49,""y"":31,""t"":3795},{""x"":89,""y"":88,""t"":3812},{""x"":28,""y"":63,""t"":3860},{""x"":-45,""y"":48,""t"":3884},{""x"":-144,""y"":12,""t"":3929},{""x"":-58,""y"":62,""t"":3965},{""x"":21,""y"":106,""t"":3981},{""x"":-32,""y"":60,""t"":4024},{""x"":-76,""y"":20,""t"":4052},{""x"":-114,""y"":10,""t"":4101},{""x"":-144,""y"":2,""t"":4117},{""x"":-157,""y"":3,""t"":4175},{""x"":-165,""y"":5,""t"":4185},{""x"":-154,""y"":-1,""t"":4231},{""x"":-145,""y"":-12,""t"":4251},{""x"":-137,""y"":0,""t"":4297},{""x"":-125,""y"":9,""t"":4340},{""x"":-114,""y"":17,""t"":4356},{""x"":-183,""y"":0,""t"":4403},{""x"":-156,""y"":23,""t"":4436},{""x"":-137,""y"":31,""t"":4465},{""x"":-222,""y"":-11,""t"":4507},{""x"":-197,""y"":-16,""t"":4531},{""x"":-189,""y"":2,""t"":4575},{""x"":-182,""y"":15,""t"":4597},{""x"":-236,""y"":3,""t"":4639},{""x"":-265,""y"":-9,""t"":4665},{""x"":-218,""y"":28,""t"":4711},{""x"":-176,""y"":59,""t"":4732},{""x"":-26,""y"":116,""t"":4775},{""x"":99,""y"":144,""t"":4814},{""x"":198,""y"":181,""t"":4828},{""x"":343,""y"":230,""t"":4871},{""x"":466,""y"":282,""t"":4917},{""x"":564,""y"":323,""t"":4932},{""x"":566,""y"":308,""t"":4977},{""x"":623,""y"":333,""t"":5001},{""x"":678,""y"":339,""t"":5049},{""x"":652,""y"":312,""t"":5067},{""x"":612,""y"":267,""t"":5113},{""x"":661,""y"":284,""t"":5158},{""x"":700,""y"":299,""t"":5168},{""x"":649,""y"":273,""t"":5212},{""x"":678,""y"":280,""t"":5255},{""x"":700,""y"":285,""t"":5274},{""x"":701,""y"":301,""t"":5319},{""x"":685,""y"":311,""t"":5339},{""x"":686,""y"":318,""t"":5386},{""x"":685,""y"":330,""t"":5412},{""x"":661,""y"":327,""t"":5456},{""x"":530,""y"":290,""t"":5495},{""x"":429,""y"":245,""t"":5515},{""x"":382,""y"":209,""t"":5560},{""x"":309,""y"":172,""t"":5582},{""x"":371,""y"":203,""t"":5629},{""x"":428,""y"":232,""t"":5644},{""x"":398,""y"":214,""t"":5689},{""x"":424,""y"":240,""t"":5734},{""x"":448,""y"":264,""t"":5748},{""x"":227,""y"":229,""t"":5794},{""x"":112,""y"":253,""t"":5820},{""x"":178,""y"":370,""t"":5863}]",0,0.7428576290204817,0.2571423709795183,mcutoff_b-last,0
27-alternatives,1,107,exp_70,0.0,708.9000000059605,0.72,0.51,4.2,5.2,higher_p,higher_m,0,1,alternatives,0.0,False,3.024,2.652,0.3719999999999999,0.64020159214642,0.4,0.6,0.5,0.5,1.0,1.0,higher_m,higher_m,True,"{""durations"":[1000,1500,1000,1500],""alternatives"":[0,1,0,1],""attributes"":[""all"",""all"",""all"",""all""]}","[{""x"":244,""y"":166,""t"":-10},{""x"":219,""y"":149,""t"":0},{""x"":159,""y"":118,""t"":54},{""x"":146,""y"":104,""t"":75},{""x"":139,""y"":110,""t"":146},{""x"":188,""y"":135,""t"":191},{""x"":231,""y"":157,""t"":205},{""x"":243,""y"":175,""t"":248},{""x"":235,""y"":168,""t"":290},{""x"":228,""y"":162,""t"":310},{""x"":257,""y"":155,""t"":351},{""x"":313,""y"":150,""t"":382},{""x"":358,""y"":136,""t"":431},{""x"":386,""y"":115,""t"":446},{""x"":394,""y"":113,""t"":489},{""x"":404,""y"":99,""t"":511},{""x"":381,""y"":96,""t"":558},{""x"":325,""y"":63,""t"":580},{""x"":277,""y"":35,""t"":622},{""x"":336,""y"":65,""t"":665},{""x"":374,""y"":84,""t"":686},{""x"":488,""y"":146,""t"":731},{""x"":584,""y"":199,""t"":751},{""x"":592,""y"":202,""t"":797},{""x"":550,""y"":200,""t"":833},{""x"":574,""y"":198,""t"":852},{""x"":561,""y"":199,""t"":896},{""x"":537,""y"":201,""t"":926},{""x"":479,""y"":173,""t"":969},{""x"":450,""y"":151,""t"":991},{""x"":415,""y"":134,""t"":1039},{""x"":408,""y"":132,""t"":1069},{""x"":433,""y"":137,""t"":1114},{""x"":456,""y"":142,""t"":1125},{""x"":395,""y"":107,""t"":1168},{""x"":325,""y"":58,""t"":1197},{""x"":285,""y"":76,""t"":1244},{""x"":252,""y"":93,""t"":1262},{""x"":167,""y"":93,""t"":1304},{""x"":-8,""y"":29,""t"":1326},{""x"":-91,""y"":7,""t"":1369},{""x"":-145,""y"":-21,""t"":1399},{""x"":-115,""y"":15,""t"":1445},{""x"":-170,""y"":-12,""t"":1463},{""x"":-160,""y"":19,""t"":1507},{""x"":-167,""y"":15,""t"":1534},{""x"":-185,""y"":-23,""t"":1580},{""x"":-202,""y"":-65,""t"":1598},{""x"":-218,""y"":-52,""t"":1644},{""x"":-134,""y"":5,""t"":1668},{""x"":-19,""y"":87,""t"":1718},{""x"":-33,""y"":102,""t"":1758},{""x"":40,""y"":139,""t"":1770},{""x"":42,""y"":136,""t"":1821},{""x"":15,""y"":106,""t"":1849},{""x"":-4,""y"":71,""t"":1892},{""x"":-20,""y"":41,""t"":1910},{""x"":-84,""y"":8,""t"":1953},{""x"":-139,""y"":-32,""t"":1982},{""x"":-179,""y"":-42,""t"":2025},{""x"":-213,""y"":-49,""t"":2046},{""x"":-63,""y"":44,""t"":2088},{""x"":-27,""y"":41,""t"":2128},{""x"":24,""y"":87,""t"":2149},{""x"":10,""y"":98,""t"":2196},{""x"":-4,""y"":106,""t"":2214},{""x"":-21,""y"":95,""t"":2258},{""x"":5,""y"":110,""t"":2297},{""x"":39,""y"":123,""t"":2319},{""x"":31,""y"":134,""t"":2364},{""x"":22,""y"":143,""t"":2383},{""x"":6,""y"":121,""t"":2428},{""x"":102,""y"":174,""t"":2463},{""x"":176,""y"":219,""t"":2484},{""x"":237,""y"":255,""t"":2529},{""x"":343,""y"":286,""t"":2568},{""x"":437,""y"":319,""t"":2609},{""x"":512,""y"":344,""t"":2619},{""x"":601,""y"":360,""t"":2661},{""x"":688,""y"":367,""t"":2686},{""x"":654,""y"":331,""t"":2733},{""x"":683,""y"":351,""t"":2756},{""x"":719,""y"":358,""t"":2800},{""x"":767,""y"":376,""t"":2830},{""x"":810,""y"":388,""t"":2872},{""x"":841,""y"":389,""t"":2909},{""x"":847,""y"":390,""t"":2926},{""x"":862,""y"":381,""t"":2970},{""x"":869,""y"":366,""t"":2999},{""x"":814,""y"":341,""t"":3044},{""x"":772,""y"":327,""t"":3070},{""x"":635,""y"":243,""t"":3115},{""x"":543,""y"":206,""t"":3155},{""x"":467,""y"":176,""t"":3163},{""x"":434,""y"":138,""t"":3226},{""x"":450,""y"":124,""t"":3235},{""x"":434,""y"":104,""t"":3282},{""x"":391,""y"":78,""t"":3302},{""x"":355,""y"":54,""t"":3358},{""x"":328,""y"":36,""t"":3367},{""x"":279,""y"":27,""t"":3410},{""x"":330,""y"":28,""t"":3439},{""x"":336,""y"":43,""t"":3484},{""x"":343,""y"":58,""t"":3502},{""x"":333,""y"":72,""t"":3546},{""x"":291,""y"":66,""t"":3572},{""x"":119,""y"":43,""t"":3620},{""x"":-6,""y"":5,""t"":3646},{""x"":-118,""y"":-21,""t"":3686},{""x"":-150,""y"":-11,""t"":3725},{""x"":-176,""y"":-17,""t"":3742},{""x"":-190,""y"":-31,""t"":3783},{""x"":-285,""y"":-45,""t"":3824},{""x"":-343,""y"":-62,""t"":3844},{""x"":-318,""y"":-49,""t"":3890},{""x"":-291,""y"":-38,""t"":3918},{""x"":-319,""y"":-71,""t"":3958},{""x"":-325,""y"":-93,""t"":3998},{""x"":-328,""y"":-110,""t"":4015},{""x"":-434,""y"":-142,""t"":4059},{""x"":-518,""y"":-167,""t"":4083},{""x"":-437,""y"":-125,""t"":4131},{""x"":-426,""y"":-147,""t"":4153},{""x"":-397,""y"":-148,""t"":4196},{""x"":-382,""y"":-153,""t"":4222},{""x"":-324,""y"":-119,""t"":4266},{""x"":-247,""y"":-58,""t"":4306},{""x"":-192,""y"":-10,""t"":4318},{""x"":-154,""y"":53,""t"":4362},{""x"":-86,""y"":84,""t"":4388},{""x"":-54,""y"":94,""t"":4432},{""x"":45,""y"":156,""t"":4462},{""x"":139,""y"":212,""t"":4507},{""x"":215,""y"":256,""t"":4527},{""x"":186,""y"":242,""t"":4571},{""x"":155,""y"":225,""t"":4591},{""x"":133,""y"":205,""t"":4636},{""x"":168,""y"":230,""t"":4671},{""x"":105,""y"":202,""t"":4693},{""x"":151,""y"":213,""t"":4737},{""x"":119,""y"":186,""t"":4766},{""x"":136,""y"":195,""t"":4814},{""x"":149,""y"":202,""t"":4831},{""x"":169,""y"":211,""t"":4874},{""x"":185,""y"":219,""t"":4903},{""x"":211,""y"":243,""t"":4949},{""x"":231,""y"":263,""t"":4972},{""x"":147,""y"":201,""t"":5021},{""x"":70,""y"":154,""t"":5039},{""x"":10,""y"":112,""t"":5088},{""x"":0,""y"":105,""t"":5102},{""x"":-32,""y"":94,""t"":5145},{""x"":-128,""y"":44,""t"":5175},{""x"":-186,""y"":-2,""t"":5220},{""x"":-233,""y"":-40,""t"":5239},{""x"":-305,""y"":-68,""t"":5280},{""x"":-319,""y"":-80,""t"":5310},{""x"":-322,""y"":-76,""t"":5357},{""x"":-266,""y"":-73,""t"":5375},{""x"":-174,""y"":-56,""t"":5419},{""x"":-95,""y"":-39,""t"":5440},{""x"":23,""y"":48,""t"":5486},{""x"":89,""y"":162,""t"":5524},{""x"":124,""y"":263,""t"":5550},{""x"":187,""y"":328,""t"":5592},{""x"":259,""y"":383,""t"":5614},{""x"":337,""y"":417,""t"":5655},{""x"":417,""y"":427,""t"":5694},{""x"":472,""y"":428,""t"":5718},{""x"":453,""y"":394,""t"":5759},{""x"":536,""y"":382,""t"":5797},{""x"":517,""y"":327,""t"":5822},{""x"":608,""y"":330,""t"":5866},{""x"":700,""y"":324,""t"":5887},{""x"":742,""y"":324,""t"":5930},{""x"":767,""y"":315,""t"":5951},{""x"":777,""y"":293,""t"":5994},{""x"":782,""y"":276,""t"":6025},{""x"":785,""y"":282,""t"":6075},{""x"":784,""y"":287,""t"":6087},{""x"":735,""y"":260,""t"":6132},{""x"":681,""y"":251,""t"":6155},{""x"":619,""y"":210,""t"":6198},{""x"":569,""y"":190,""t"":6238},{""x"":524,""y"":194,""t"":6274}]",0,0.7428576290204817,0.2571423709795183,mcutoff_b-last,0
27-alternatives,1,109,exp_86,1.0,420.90000000596046,0.61,0.29,2.2,8.1,higher_p,higher_m,0,1,alternatives,0.0,False,1.342,2.349,-1.0069999999999997,-0.7791520984804502,0.4,0.6,0.5,0.5,1.0,1.0,higher_m,higher_m,False,"{""durations"":[1000,1500,1000,1500],""alternatives"":[0,1,0,1],""attributes"":[""all"",""all"",""all"",""all""]}","[{""x"":250,""y"":143,""t"":-10},{""x"":191,""y"":114,""t"":0},{""x"":153,""y"":96,""t"":52},{""x"":126,""y"":88,""t"":69},{""x"":133,""y"":68,""t"":145},{""x"":139,""y"":75,""t"":187},{""x"":144,""y"":82,""t"":209},{""x"":163,""y"":74,""t"":250},{""x"":184,""y"":68,""t"":289},{""x"":193,""y"":50,""t"":312},{""x"":216,""y"":61,""t"":357},{""x"":221,""y"":63,""t"":377},{""x"":245,""y"":71,""t"":418},{""x"":228,""y"":61,""t"":448},{""x"":276,""y"":68,""t"":492},{""x"":269,""y"":61,""t"":515},{""x"":422,""y"":107,""t"":558},{""x"":387,""y"":98,""t"":600},{""x"":354,""y"":89,""t"":619},{""x"":374,""y"":112,""t"":664},{""x"":395,""y"":131,""t"":680},{""x"":519,""y"":180,""t"":726},{""x"":611,""y"":215,""t"":752},{""x"":679,""y"":275,""t"":796},{""x"":729,""y"":296,""t"":833},{""x"":735,""y"":303,""t"":867},{""x"":714,""y"":303,""t"":889},{""x"":677,""y"":287,""t"":933},{""x"":663,""y"":286,""t"":953},{""x"":565,""y"":225,""t"":997},{""x"":526,""y"":183,""t"":1023},{""x"":552,""y"":165,""t"":1064},{""x"":504,""y"":155,""t"":1102},{""x"":457,""y"":153,""t"":1128},{""x"":421,""y"":146,""t"":1174},{""x"":383,""y"":126,""t"":1193},{""x"":319,""y"":117,""t"":1235},{""x"":253,""y"":128,""t"":1265},{""x"":119,""y"":64,""t"":1308},{""x"":70,""y"":73,""t"":1328},{""x"":-76,""y"":21,""t"":1373},{""x"":-175,""y"":-43,""t"":1401},{""x"":-156,""y"":-54,""t"":1450},{""x"":-107,""y"":-63,""t"":1465},{""x"":-136,""y"":-60,""t"":1507},{""x"":-168,""y"":-63,""t"":1537},{""x"":-185,""y"":-68,""t"":1582},{""x"":-216,""y"":-64,""t"":1605},{""x"":-164,""y"":-43,""t"":1649},{""x"":-114,""y"":-6,""t"":1673},{""x"":-97,""y"":25,""t"":1716},{""x"":-92,""y"":47,""t"":1736},{""x"":-69,""y"":61,""t"":1782},{""x"":-56,""y"":75,""t"":1806},{""x"":17,""y"":132,""t"":1851},{""x"":3,""y"":110,""t"":1876},{""x"":-34,""y"":64,""t"":1921},{""x"":-94,""y"":9,""t"":1944},{""x"":-99,""y"":9,""t"":2009},{""x"":-108,""y"":-29,""t"":2048},{""x"":-223,""y"":-78,""t"":2089},{""x"":-253,""y"":-127,""t"":2127},{""x"":-247,""y"":-160,""t"":2143},{""x"":-242,""y"":-156,""t"":2186},{""x"":-202,""y"":-160,""t"":2236},{""x"":-165,""y"":-161,""t"":2248},{""x"":-121,""y"":-156,""t"":2289},{""x"":-86,""y"":-122,""t"":2328},{""x"":-31,""y"":-89,""t"":2354},{""x"":-140,""y"":-119,""t"":2407},{""x"":-194,""y"":-138,""t"":2420},{""x"":-236,""y"":-143,""t"":2462},{""x"":-252,""y"":-159,""t"":2498},{""x"":-320,""y"":-200,""t"":2520},{""x"":-286,""y"":-151,""t"":2565},{""x"":-240,""y"":-134,""t"":2584},{""x"":-250,""y"":-117,""t"":2628},{""x"":-232,""y"":-125,""t"":2670},{""x"":-200,""y"":-112,""t"":2688},{""x"":-247,""y"":-130,""t"":2735},{""x"":-239,""y"":-130,""t"":2755},{""x"":-80,""y"":-56,""t"":2798},{""x"":-6,""y"":-30,""t"":2846},{""x"":73,""y"":-16,""t"":2862},{""x"":256,""y"":74,""t"":2908},{""x"":408,""y"":150,""t"":2926},{""x"":491,""y"":177,""t"":2968},{""x"":500,""y"":163,""t"":3006},{""x"":392,""y"":125,""t"":3048},{""x"":462,""y"":127,""t"":3065},{""x"":504,""y"":150,""t"":3110},{""x"":508,""y"":172,""t"":3132},{""x"":587,""y"":230,""t"":3178},{""x"":656,""y"":280,""t"":3218},{""x"":710,""y"":320,""t"":3232},{""x"":756,""y"":343,""t"":3279},{""x"":832,""y"":377,""t"":3315},{""x"":892,""y"":403,""t"":3337},{""x"":870,""y"":416,""t"":3380},{""x"":846,""y"":423,""t"":3418},{""x"":686,""y"":382,""t"":3453},{""x"":734,""y"":400,""t"":3476},{""x"":731,""y"":415,""t"":3526},{""x"":745,""y"":431,""t"":3536},{""x"":648,""y"":357,""t"":3583},{""x"":611,""y"":330,""t"":3608},{""x"":587,""y"":307,""t"":3653},{""x"":628,""y"":335,""t"":3672},{""x"":653,""y"":360,""t"":3717},{""x"":627,""y"":360,""t"":3742},{""x"":530,""y"":313,""t"":3784},{""x"":408,""y"":250,""t"":3823},{""x"":243,""y"":171,""t"":3868},{""x"":106,""y"":105,""t"":3882},{""x"":-39,""y"":36,""t"":3923},{""x"":-152,""y"":-10,""t"":3945},{""x"":-169,""y"":-35,""t"":3987},{""x"":-174,""y"":-50,""t"":4018},{""x"":-198,""y"":-34,""t"":4062},{""x"":-118,""y"":40,""t"":4088},{""x"":-129,""y"":29,""t"":4134},{""x"":-70,""y"":65,""t"":4149},{""x"":-68,""y"":52,""t"":4198},{""x"":-74,""y"":44,""t"":4219},{""x"":-115,""y"":6,""t"":4260},{""x"":-132,""y"":0,""t"":4289},{""x"":-138,""y"":-26,""t"":4334},{""x"":-185,""y"":-75,""t"":4354},{""x"":-334,""y"":-137,""t"":4413},{""x"":-459,""y"":-188,""t"":4426},{""x"":-441,""y"":-187,""t"":4472},{""x"":-429,""y"":-250,""t"":4508},{""x"":-448,""y"":-254,""t"":4526},{""x"":-447,""y"":-254,""t"":4572},{""x"":-483,""y"":-259,""t"":4591},{""x"":-504,""y"":-282,""t"":4637},{""x"":-467,""y"":-277,""t"":4678},{""x"":-444,""y"":-268,""t"":4694},{""x"":-453,""y"":-258,""t"":4737},{""x"":-458,""y"":-248,""t"":4766},{""x"":-355,""y"":-178,""t"":4835},{""x"":-247,""y"":-102,""t"":4880},{""x"":-175,""y"":-44,""t"":4904},{""x"":-129,""y"":9,""t"":4961},{""x"":-76,""y"":64,""t"":5084},{""x"":45,""y"":142,""t"":5177},{""x"":123,""y"":187,""t"":5212},{""x"":200,""y"":240,""t"":5263},{""x"":256,""y"":284,""t"":5316},{""x"":322,""y"":349,""t"":5364},{""x"":224,""y"":357,""t"":5406},{""x"":279,""y"":395,""t"":5462},{""x"":252,""y"":447,""t"":5507},{""x"":239,""y"":407,""t"":5575},{""x"":247,""y"":332,""t"":5627},{""x"":169,""y"":248,""t"":5676},{""x"":156,""y"":216,""t"":5725},{""x"":146,""y"":197,""t"":5782},{""x"":75,""y"":147,""t"":5838},{""x"":104,""y"":124,""t"":5888},{""x"":130,""y"":106,""t"":5940},{""x"":56,""y"":50,""t"":5981},{""x"":53,""y"":36,""t"":6013}]",1,0.2571423709795183,0.7428576290204817,mcutoff_b-last,0
27-alternatives,1,110,exp_48,0.0,410.3000000119209,0.49,0.32,6.9,8.2,higher_p,higher_m,0,1,alternatives,0.0,False,3.381,2.624,0.7570000000000006,1.0364678509508771,0.6,0.4,0.5,0.5,0.0,1.0,higher_p,higher_m,True,"{""durations"":[1500,1000,1500,1000],""alternatives"":[0,1,0,1],""attributes"":[""all"",""all"",""all"",""all""]}","[{""x"":55,""y"":8,""t"":-31},{""x"":148,""y"":56,""t"":0},{""x"":79,""y"":65,""t"":54},{""x"":120,""y"":73,""t"":72},{""x"":128,""y"":76,""t"":127},{""x"":170,""y"":92,""t"":138},{""x"":171,""y"":91,""t"":204},{""x"":56,""y"":47,""t"":234},{""x"":34,""y"":40,""t"":263},{""x"":-83,""y"":-19,""t"":295},{""x"":-191,""y"":-70,""t"":321},{""x"":-259,""y"":-102,""t"":366},{""x"":-318,""y"":-116,""t"":375},{""x"":-387,""y"":-146,""t"":419},{""x"":-395,""y"":-133,""t"":449},{""x"":-346,""y"":-123,""t"":493},{""x"":-370,""y"":-123,""t"":513},{""x"":-291,""y"":-51,""t"":557},{""x"":-247,""y"":-7,""t"":599},{""x"":-208,""y"":33,""t"":621},{""x"":-178,""y"":45,""t"":666},{""x"":-140,""y"":63,""t"":681},{""x"":-145,""y"":55,""t"":725},{""x"":-143,""y"":68,""t"":753},{""x"":-71,""y"":119,""t"":798},{""x"":-72,""y"":111,""t"":836},{""x"":-52,""y"":118,""t"":855},{""x"":-132,""y"":75,""t"":900},{""x"":-181,""y"":59,""t"":918},{""x"":-190,""y"":31,""t"":962},{""x"":-177,""y"":32,""t"":998},{""x"":-148,""y"":-4,""t"":1040},{""x"":-152,""y"":-29,""t"":1058},{""x"":-188,""y"":-68,""t"":1100},{""x"":-220,""y"":-107,""t"":1131},{""x"":-234,""y"":-140,""t"":1180},{""x"":-245,""y"":-166,""t"":1192},{""x"":-291,""y"":-219,""t"":1236},{""x"":-248,""y"":-176,""t"":1272},{""x"":-240,""y"":-171,""t"":1318},{""x"":-287,""y"":-181,""t"":1329},{""x"":-382,""y"":-229,""t"":1373},{""x"":-486,""y"":-261,""t"":1401},{""x"":-533,""y"":-257,""t"":1446},{""x"":-516,""y"":-234,""t"":1490},{""x"":-498,""y"":-213,""t"":1499},{""x"":-467,""y"":-206,""t"":1546},{""x"":-425,""y"":-189,""t"":1568},{""x"":-405,""y"":-149,""t"":1617},{""x"":-382,""y"":-128,""t"":1633},{""x"":-175,""y"":-34,""t"":1678},{""x"":17,""y"":52,""t"":1703},{""x"":85,""y"":83,""t"":1749},{""x"":204,""y"":116,""t"":1777},{""x"":315,""y"":150,""t"":1826},{""x"":418,""y"":166,""t"":1837},{""x"":405,""y"":170,""t"":1882},{""x"":379,""y"":175,""t"":1910},{""x"":300,""y"":132,""t"":1954},{""x"":227,""y"":92,""t"":1975},{""x"":246,""y"":59,""t"":2018},{""x"":267,""y"":30,""t"":2040},{""x"":279,""y"":23,""t"":2087},{""x"":299,""y"":3,""t"":2112},{""x"":248,""y"":-20,""t"":2153},{""x"":289,""y"":22,""t"":2192},{""x"":403,""y"":105,""t"":2218},{""x"":449,""y"":152,""t"":2265},{""x"":451,""y"":184,""t"":2281},{""x"":584,""y"":255,""t"":2324},{""x"":668,""y"":282,""t"":2353},{""x"":719,""y"":336,""t"":2400},{""x"":757,""y"":378,""t"":2422},{""x"":802,""y"":394,""t"":2468},{""x"":835,""y"":404,""t"":2486},{""x"":858,""y"":410,""t"":2528},{""x"":884,""y"":424,""t"":2569},{""x"":868,""y"":426,""t"":2586},{""x"":860,""y"":427,""t"":2628},{""x"":837,""y"":410,""t"":2665},{""x"":834,""y"":396,""t"":2687},{""x"":604,""y"":280,""t"":2735},{""x"":408,""y"":179,""t"":2759},{""x"":328,""y"":129,""t"":2803},{""x"":271,""y"":104,""t"":2823},{""x"":152,""y"":67,""t"":2864},{""x"":24,""y"":10,""t"":2901},{""x"":-82,""y"":-29,""t"":2936},{""x"":-168,""y"":-65,""t"":2960},{""x"":-261,""y"":-116,""t"":3001},{""x"":-335,""y"":-158,""t"":3033},{""x"":-303,""y"":-128,""t"":3081},{""x"":-352,""y"":-159,""t"":3098},{""x"":-272,""y"":-140,""t"":3142},{""x"":-254,""y"":-120,""t"":3184},{""x"":-235,""y"":-101,""t"":3202},{""x"":-259,""y"":-135,""t"":3246},{""x"":-278,""y"":-163,""t"":3266},{""x"":-314,""y"":-171,""t"":3308},{""x"":-309,""y"":-173,""t"":3337},{""x"":-273,""y"":-136,""t"":3382},{""x"":-240,""y"":-104,""t"":3401},{""x"":-150,""y"":-63,""t"":3448},{""x"":-104,""y"":-41,""t"":3471},{""x"":-85,""y"":-47,""t"":3514},{""x"":-70,""y"":-53,""t"":3541},{""x"":44,""y"":-19,""t"":3590},{""x"":110,""y"":7,""t"":3606},{""x"":198,""y"":13,""t"":3650},{""x"":277,""y"":29,""t"":3673},{""x"":309,""y"":49,""t"":3719},{""x"":298,""y"":44,""t"":3759},{""x"":288,""y"":36,""t"":3777},{""x"":296,""y"":32,""t"":3820},{""x"":318,""y"":44,""t"":3863},{""x"":341,""y"":74,""t"":3879},{""x"":317,""y"":61,""t"":3923},{""x"":293,""y"":49,""t"":3952},{""x"":337,""y"":50,""t"":3997},{""x"":355,""y"":50,""t"":4034},{""x"":368,""y"":50,""t"":4046},{""x"":344,""y"":48,""t"":4090},{""x"":286,""y"":29,""t"":4121},{""x"":261,""y"":32,""t"":4168},{""x"":240,""y"":35,""t"":4185},{""x"":212,""y"":24,""t"":4231},{""x"":238,""y"":19,""t"":4257},{""x"":226,""y"":11,""t"":4301},{""x"":194,""y"":0,""t"":4339},{""x"":169,""y"":-10,""t"":4353},{""x"":164,""y"":-10,""t"":4401},{""x"":186,""y"":4,""t"":4434},{""x"":196,""y"":21,""t"":4457},{""x"":239,""y"":53,""t"":4502},{""x"":277,""y"":79,""t"":4529},{""x"":396,""y"":163,""t"":4574},{""x"":501,""y"":233,""t"":4593},{""x"":542,""y"":275,""t"":4638},{""x"":573,""y"":308,""t"":4660},{""x"":653,""y"":345,""t"":4708},{""x"":717,""y"":374,""t"":4727},{""x"":758,""y"":410,""t"":4781},{""x"":788,""y"":438,""t"":4801},{""x"":811,""y"":424,""t"":4848},{""x"":810,""y"":419,""t"":4865},{""x"":819,""y"":407,""t"":4924},{""x"":823,""y"":395,""t"":4934},{""x"":824,""y"":377,""t"":4991},{""x"":828,""y"":368,""t"":5001},{""x"":813,""y"":366,""t"":5045},{""x"":675,""y"":320,""t"":5083},{""x"":620,""y"":328,""t"":5105},{""x"":381,""y"":231,""t"":5147},{""x"":189,""y"":155,""t"":5169},{""x"":84,""y"":118,""t"":5210},{""x"":-50,""y"":25,""t"":5264},{""x"":-154,""y"":-52,""t"":5274},{""x"":-165,""y"":-60,""t"":5318},{""x"":-164,""y"":-62,""t"":5345},{""x"":-143,""y"":-52,""t"":5390},{""x"":-195,""y"":-99,""t"":5426},{""x"":-233,""y"":-135,""t"":5441},{""x"":-292,""y"":-160,""t"":5488},{""x"":-220,""y"":-113,""t"":5511},{""x"":-173,""y"":-82,""t"":5556},{""x"":-155,""y"":-87,""t"":5577},{""x"":-174,""y"":-87,""t"":5618},{""x"":-193,""y"":-91,""t"":5648},{""x"":-139,""y"":-103,""t"":5693},{""x"":-111,""y"":-99,""t"":5713},{""x"":-105,""y"":-82,""t"":5757},{""x"":-107,""y"":31,""t"":5805},{""x"":-108,""y"":128,""t"":5817},{""x"":57,""y"":256,""t"":5861},{""x"":197,""y"":363,""t"":5888},{""x"":358,""y"":454,""t"":5932}]",1,0.2571423709795183,0.7428576290204817,mcutoff_b-last,0
27-alternatives,1,113,exp_62,1.0,395.59999999403954,0.41,0.21,1.7999999999999998,6.2,higher_p,higher_m,0,1,alternatives,0.0,False,0.7379999999999999,1.302,-0.5640000000000002,-0.3231885851028555,0.4,0.6,0.5,0.5,1.0,1.0,higher_m,higher_m,False,"{""durations"":[1000,1500,1000,1500],""alternatives"":[0,1,0,1],""attributes"":[""all"",""all"",""all"",""all""]}","[{""x"":149,""y"":61,""t"":-14},{""x"":91,""y"":37,""t"":0},{""x"":36,""y"":0,""t"":57},{""x"":-32,""y"":-40,""t"":95},{""x"":-83,""y"":-71,""t"":180},{""x"":-181,""y"":-120,""t"":204},{""x"":-130,""y"":-127,""t"":248},{""x"":-93,""y"":-130,""t"":276},{""x"":-82,""y"":-116,""t"":320},{""x"":-124,""y"":-114,""t"":348},{""x"":-212,""y"":-150,""t"":394},{""x"":-286,""y"":-179,""t"":412},{""x"":-294,""y"":-144,""t"":456},{""x"":-305,""y"":-119,""t"":483},{""x"":-276,""y"":-133,""t"":527},{""x"":-254,""y"":-150,""t"":548},{""x"":-221,""y"":-97,""t"":597},{""x"":-210,""y"":-74,""t"":617},{""x"":-337,""y"":-125,""t"":660},{""x"":-387,""y"":-154,""t"":681},{""x"":-371,""y"":-141,""t"":722},{""x"":-315,""y"":-104,""t"":762},{""x"":-177,""y"":-6,""t"":804},{""x"":-131,""y"":41,""t"":820},{""x"":-90,""y"":55,""t"":864},{""x"":11,""y"":123,""t"":885},{""x"":-12,""y"":106,""t"":932},{""x"":68,""y"":174,""t"":953},{""x"":70,""y"":190,""t"":997},{""x"":74,""y"":179,""t"":1033},{""x"":74,""y"":168,""t"":1059},{""x"":52,""y"":139,""t"":1102},{""x"":70,""y"":123,""t"":1123},{""x"":28,""y"":94,""t"":1170},{""x"":85,""y"":114,""t"":1196},{""x"":53,""y"":88,""t"":1237},{""x"":7,""y"":68,""t"":1265},{""x"":76,""y"":77,""t"":1310},{""x"":116,""y"":90,""t"":1332},{""x"":260,""y"":133,""t"":1377},{""x"":381,""y"":170,""t"":1395},{""x"":486,""y"":177,""t"":1438},{""x"":523,""y"":183,""t"":1476},{""x"":552,""y"":222,""t"":1511},{""x"":511,""y"":224,""t"":1532},{""x"":411,""y"":176,""t"":1578},{""x"":330,""y"":154,""t"":1605},{""x"":433,""y"":213,""t"":1652},{""x"":521,""y"":264,""t"":1672},{""x"":546,""y"":261,""t"":1717},{""x"":556,""y"":260,""t"":1737},{""x"":640,""y"":284,""t"":1778},{""x"":690,""y"":304,""t"":1817},{""x"":743,""y"":319,""t"":1843},{""x"":803,""y"":351,""t"":1885},{""x"":850,""y"":376,""t"":1908},{""x"":815,""y"":353,""t"":1950},{""x"":762,""y"":320,""t"":1979},{""x"":595,""y"":283,""t"":2023},{""x"":613,""y"":290,""t"":2044},{""x"":622,""y"":281,""t"":2087},{""x"":630,""y"":273,""t"":2115},{""x"":659,""y"":279,""t"":2157},{""x"":507,""y"":221,""t"":2198},{""x"":378,""y"":173,""t"":2212},{""x"":159,""y"":83,""t"":2257},{""x"":129,""y"":55,""t"":2284},{""x"":136,""y"":17,""t"":2336},{""x"":166,""y"":14,""t"":2347},{""x"":147,""y"":11,""t"":2391},{""x"":135,""y"":11,""t"":2419},{""x"":29,""y"":-24,""t"":2464},{""x"":-58,""y"":-52,""t"":2483},{""x"":-67,""y"":-45,""t"":2527},{""x"":-176,""y"":-60,""t"":2566},{""x"":-270,""y"":-85,""t"":2585},{""x"":-261,""y"":-61,""t"":2628},{""x"":-274,""y"":-41,""t"":2665},{""x"":-242,""y"":-10,""t"":2686},{""x"":-246,""y"":-2,""t"":2728},{""x"":-333,""y"":-53,""t"":2773},{""x"":-341,""y"":-40,""t"":2794},{""x"":-359,""y"":-47,""t"":2840},{""x"":-349,""y"":-47,""t"":2857},{""x"":-375,""y"":-73,""t"":2899},{""x"":-296,""y"":-66,""t"":2938},{""x"":-283,""y"":-59,""t"":2978},{""x"":-241,""y"":-88,""t"":2999},{""x"":-243,""y"":-87,""t"":3053},{""x"":-196,""y"":-40,""t"":3062},{""x"":-288,""y"":-75,""t"":3106},{""x"":-345,""y"":-85,""t"":3139},{""x"":-487,""y"":-169,""t"":3181},{""x"":-606,""y"":-241,""t"":3204},{""x"":-582,""y"":-226,""t"":3257},{""x"":-556,""y"":-211,""t"":3267},{""x"":-517,""y"":-204,""t"":3313},{""x"":-469,""y"":-182,""t"":3337},{""x"":-413,""y"":-165,""t"":3377},{""x"":-315,""y"":-119,""t"":3404},{""x"":-393,""y"":-143,""t"":3447},{""x"":-523,""y"":-206,""t"":3475},{""x"":-508,""y"":-200,""t"":3517},{""x"":-462,""y"":-193,""t"":3554},{""x"":-415,""y"":-181,""t"":3590},{""x"":-401,""y"":-174,""t"":3606},{""x"":-430,""y"":-188,""t"":3650},{""x"":-468,""y"":-193,""t"":3690},{""x"":-505,""y"":-210,""t"":3707},{""x"":-424,""y"":-162,""t"":3751},{""x"":-249,""y"":-55,""t"":3794},{""x"":-105,""y"":19,""t"":3811},{""x"":6,""y"":62,""t"":3855},{""x"":111,""y"":104,""t"":3884},{""x"":134,""y"":103,""t"":3927},{""x"":131,""y"":86,""t"":3948},{""x"":234,""y"":145,""t"":3990},{""x"":359,""y"":199,""t"":4012},{""x"":408,""y"":252,""t"":4057},{""x"":516,""y"":302,""t"":4100},{""x"":582,""y"":335,""t"":4116},{""x"":729,""y"":387,""t"":4158},{""x"":647,""y"":385,""t"":4196},{""x"":569,""y"":378,""t"":4220},{""x"":508,""y"":381,""t"":4264},{""x"":530,""y"":385,""t"":4291},{""x"":556,""y"":383,""t"":4337},{""x"":579,""y"":385,""t"":4359},{""x"":438,""y"":299,""t"":4404},{""x"":398,""y"":272,""t"":4425},{""x"":350,""y"":218,""t"":4474},{""x"":333,""y"":177,""t"":4489},{""x"":294,""y"":158,""t"":4531},{""x"":233,""y"":125,""t"":4570},{""x"":169,""y"":118,""t"":4611},{""x"":102,""y"":114,""t"":4627},{""x"":140,""y"":127,""t"":4670},{""x"":177,""y"":140,""t"":4697},{""x"":21,""y"":55,""t"":4739},{""x"":-27,""y"":33,""t"":4761},{""x"":-59,""y"":20,""t"":4804},{""x"":-166,""y"":-15,""t"":4841},{""x"":-255,""y"":-50,""t"":4884},{""x"":-324,""y"":-77,""t"":4899},{""x"":-339,""y"":-108,""t"":4943},{""x"":-344,""y"":-132,""t"":4967},{""x"":-345,""y"":-159,""t"":5009},{""x"":-340,""y"":-180,""t"":5032},{""x"":-430,""y"":-207,""t"":5082},{""x"":-526,""y"":-229,""t"":5102},{""x"":-492,""y"":-236,""t"":5143},{""x"":-485,""y"":-247,""t"":5172},{""x"":-397,""y"":-196,""t"":5217},{""x"":-344,""y"":-173,""t"":5237},{""x"":-306,""y"":-125,""t"":5284},{""x"":-294,""y"":-49,""t"":5320},{""x"":-316,""y"":-62,""t"":5343},{""x"":-290,""y"":-24,""t"":5386},{""x"":-359,""y"":-31,""t"":5411},{""x"":-299,""y"":32,""t"":5458},{""x"":-248,""y"":84,""t"":5481},{""x"":-180,""y"":142,""t"":5526},{""x"":-123,""y"":188,""t"":5545},{""x"":-197,""y"":179,""t"":5590},{""x"":-287,""y"":129,""t"":5611},{""x"":-269,""y"":131,""t"":5654},{""x"":-195,""y"":161,""t"":5699},{""x"":-147,""y"":187,""t"":5716},{""x"":-155,""y"":179,""t"":5760},{""x"":-172,""y"":121,""t"":5799},{""x"":-248,""y"":109,""t"":5820},{""x"":-281,""y"":101,""t"":5863},{""x"":-321,""y"":83,""t"":5888}]",0,0.7428576290204817,0.2571423709795183,mcutoff_b-last,0
27-alternatives,1,114,exp_32,1.0,1382.4000000059605,0.79,0.7,2.0,3.2,higher_p,higher_m,0,1,alternatives,0.0,False,1.58,2.24,-0.6599999999999997,-0.4219978340514987,0.6,0.4,0.5,0.5,0.0,1.0,higher_p,higher_m,False,"{""durations"":[1500,1000,1500,1000],""alternatives"":[0,1,0,1],""attributes"":[""all"",""all"",""all"",""all""]}","[{""x"":-312,""y"":-127,""t"":-11},{""x"":-353,""y"":-154,""t"":0},{""x"":-323,""y"":-128,""t"":46},{""x"":-297,""y"":-101,""t"":93},{""x"":-268,""y"":-77,""t"":104},{""x"":-311,""y"":-109,""t"":148},{""x"":-247,""y"":-79,""t"":190},{""x"":-167,""y"":-51,""t"":205},{""x"":-215,""y"":-76,""t"":251},{""x"":-207,""y"":-70,""t"":278},{""x"":-105,""y"":-37,""t"":321},{""x"":34,""y"":-8,""t"":359},{""x"":150,""y"":17,""t"":379},{""x"":195,""y"":30,""t"":425},{""x"":239,""y"":23,""t"":443},{""x"":227,""y"":47,""t"":487},{""x"":266,""y"":64,""t"":523},{""x"":348,""y"":118,""t"":569},{""x"":413,""y"":155,""t"":580},{""x"":373,""y"":138,""t"":623},{""x"":334,""y"":120,""t"":646},{""x"":287,""y"":119,""t"":688},{""x"":299,""y"":147,""t"":731},{""x"":303,""y"":159,""t"":749},{""x"":347,""y"":164,""t"":795},{""x"":291,""y"":139,""t"":839},{""x"":286,""y"":139,""t"":852},{""x"":215,""y"":138,""t"":894},{""x"":158,""y"":111,""t"":928},{""x"":274,""y"":148,""t"":959},{""x"":219,""y"":111,""t"":1012},{""x"":172,""y"":78,""t"":1021},{""x"":234,""y"":99,""t"":1065},{""x"":236,""y"":86,""t"":1094},{""x"":267,""y"":117,""t"":1141},{""x"":273,""y"":132,""t"":1158},{""x"":288,""y"":153,""t"":1200},{""x"":237,""y"":143,""t"":1228},{""x"":277,""y"":150,""t"":1271},{""x"":254,""y"":131,""t"":1293},{""x"":245,""y"":134,""t"":1337},{""x"":237,""y"":137,""t"":1366},{""x"":221,""y"":111,""t"":1411},{""x"":207,""y"":89,""t"":1430},{""x"":251,""y"":80,""t"":1475},{""x"":271,""y"":83,""t"":1511},{""x"":191,""y"":37,""t"":1549},{""x"":134,""y"":9,""t"":1565},{""x"":137,""y"":-2,""t"":1624},{""x"":144,""y"":-19,""t"":1637},{""x"":154,""y"":-12,""t"":1681},{""x"":133,""y"":-23,""t"":1722},{""x"":141,""y"":-7,""t"":1746},{""x"":69,""y"":-36,""t"":1803},{""x"":31,""y"":-18,""t"":1843},{""x"":-80,""y"":-50,""t"":1870},{""x"":-146,""y"":-46,""t"":1929},{""x"":-188,""y"":-86,""t"":1943},{""x"":-321,""y"":-115,""t"":1997},{""x"":-380,""y"":-114,""t"":2007},{""x"":-366,""y"":-95,""t"":2059},{""x"":-339,""y"":-87,""t"":2093},{""x"":-314,""y"":-90,""t"":2109},{""x"":-353,""y"":-105,""t"":2154},{""x"":-389,""y"":-119,""t"":2181},{""x"":-387,""y"":-108,""t"":2226},{""x"":-383,""y"":-87,""t"":2249},{""x"":-382,""y"":-95,""t"":2297},{""x"":-349,""y"":-88,""t"":2313},{""x"":-270,""y"":-60,""t"":2356},{""x"":-279,""y"":-83,""t"":2395},{""x"":-215,""y"":-72,""t"":2421},{""x"":-177,""y"":-69,""t"":2465},{""x"":-170,""y"":-65,""t"":2486},{""x"":-116,""y"":-56,""t"":2529},{""x"":-96,""y"":-48,""t"":2557},{""x"":-80,""y"":-59,""t"":2600},{""x"":-39,""y"":-8,""t"":2621},{""x"":-47,""y"":23,""t"":2667},{""x"":-52,""y"":50,""t"":2689},{""x"":-82,""y"":55,""t"":2743},{""x"":-109,""y"":58,""t"":2755},{""x"":-92,""y"":59,""t"":2807},{""x"":1,""y"":35,""t"":2847},{""x"":68,""y"":35,""t"":2860},{""x"":88,""y"":41,""t"":2905},{""x"":102,""y"":52,""t"":2926},{""x"":173,""y"":69,""t"":2970},{""x"":245,""y"":87,""t"":2997},{""x"":248,""y"":97,""t"":3041},{""x"":245,""y"":84,""t"":3066},{""x"":250,""y"":100,""t"":3112},{""x"":257,""y"":105,""t"":3131},{""x"":224,""y"":102,""t"":3178},{""x"":167,""y"":86,""t"":3205},{""x"":319,""y"":136,""t"":3251},{""x"":415,""y"":161,""t"":3265},{""x"":465,""y"":164,""t"":3311},{""x"":578,""y"":197,""t"":3334},{""x"":514,""y"":181,""t"":3380},{""x"":454,""y"":166,""t"":3403},{""x"":438,""y"":163,""t"":3447},{""x"":434,""y"":156,""t"":3482},{""x"":432,""y"":141,""t"":3509},{""x"":420,""y"":123,""t"":3551},{""x"":402,""y"":112,""t"":3589},{""x"":334,""y"":90,""t"":3605},{""x"":332,""y"":80,""t"":3651},{""x"":277,""y"":66,""t"":3679},{""x"":256,""y"":77,""t"":3724},{""x"":241,""y"":80,""t"":3742},{""x"":234,""y"":87,""t"":3787},{""x"":231,""y"":82,""t"":3825},{""x"":195,""y"":66,""t"":3845},{""x"":208,""y"":52,""t"":3891},{""x"":210,""y"":65,""t"":3918},{""x"":237,""y"":83,""t"":3965},{""x"":261,""y"":99,""t"":3985},{""x"":313,""y"":119,""t"":4031},{""x"":356,""y"":135,""t"":4047},{""x"":358,""y"":135,""t"":4091},{""x"":441,""y"":177,""t"":4134},{""x"":510,""y"":211,""t"":4149},{""x"":515,""y"":208,""t"":4194},{""x"":441,""y"":178,""t"":4235},{""x"":391,""y"":171,""t"":4251},{""x"":287,""y"":142,""t"":4299},{""x"":198,""y"":117,""t"":4325},{""x"":121,""y"":96,""t"":4367},{""x"":64,""y"":81,""t"":4390},{""x"":7,""y"":71,""t"":4435},{""x"":-57,""y"":53,""t"":4458},{""x"":-107,""y"":12,""t"":4503},{""x"":-192,""y"":-29,""t"":4525},{""x"":-180,""y"":-20,""t"":4569},{""x"":-155,""y"":-17,""t"":4597},{""x"":-152,""y"":-26,""t"":4643},{""x"":-180,""y"":-38,""t"":4693},{""x"":-218,""y"":-85,""t"":4731},{""x"":-272,""y"":-124,""t"":4789},{""x"":-320,""y"":-165,""t"":4800},{""x"":-391,""y"":-206,""t"":4840},{""x"":-418,""y"":-246,""t"":4870},{""x"":-481,""y"":-262,""t"":4914},{""x"":-499,""y"":-275,""t"":4934},{""x"":-572,""y"":-281,""t"":4985},{""x"":-631,""y"":-306,""t"":4999},{""x"":-582,""y"":-269,""t"":5055},{""x"":-525,""y"":-232,""t"":5068},{""x"":-437,""y"":-192,""t"":5113},{""x"":-361,""y"":-157,""t"":5138},{""x"":-318,""y"":-141,""t"":5181},{""x"":-258,""y"":-129,""t"":5222},{""x"":-209,""y"":-120,""t"":5238},{""x"":-105,""y"":-52,""t"":5283},{""x"":-29,""y"":-3,""t"":5307},{""x"":89,""y"":43,""t"":5354},{""x"":121,""y"":68,""t"":5381},{""x"":188,""y"":91,""t"":5425},{""x"":240,""y"":108,""t"":5446},{""x"":228,""y"":97,""t"":5488},{""x"":195,""y"":63,""t"":5528},{""x"":162,""y"":32,""t"":5550},{""x"":201,""y"":89,""t"":5593},{""x"":268,""y"":143,""t"":5613},{""x"":188,""y"":200,""t"":5661},{""x"":126,""y"":253,""t"":5686},{""x"":173,""y"":325,""t"":5732},{""x"":214,""y"":383,""t"":5750},{""x"":256,""y"":446,""t"":5793},{""x"":319,""y"":502,""t"":5821},{""x"":369,""y"":573,""t"":5865},{""x"":450,""y"":645,""t"":5885},{""x"":494,""y"":641,""t"":5928},{""x"":500,""y"":630,""t"":5962},{""x"":490,""y"":653,""t"":6010},{""x"":464,""y"":652,""t"":6020},{""x"":291,""y"":575,""t"":6063},{""x"":206,""y"":527,""t"":6091},{""x"":194,""y"":485,""t"":6136},{""x"":128,""y"":429,""t"":6155},{""x"":168,""y"":387,""t"":6198},{""x"":179,""y"":343,""t"":6233},{""x"":166,""y"":303,""t"":6270},{""x"":138,""y"":269,""t"":6325},{""x"":86,""y"":231,""t"":6359},{""x"":107,""y"":212,""t"":6402},{""x"":115,""y"":196,""t"":6447},{""x"":51,""y"":150,""t"":6467},{""x"":90,""y"":159,""t"":6508},{""x"":121,""y"":164,""t"":6531},{""x"":145,""y"":150,""t"":6573},{""x"":95,""y"":106,""t"":6614},{""x"":94,""y"":89,""t"":6638},{""x"":45,""y"":78,""t"":6682},{""x"":4,""y"":71,""t"":6702},{""x"":57,""y"":90,""t"":6747},{""x"":29,""y"":73,""t"":6768},{""x"":-34,""y"":31,""t"":6814},{""x"":21,""y"":74,""t"":6859},{""x"":70,""y"":112,""t"":6869},{""x"":17,""y"":74,""t"":6931}]",0,0.7428576290204817,0.2571423709795183,mcutoff_b-last,0
27-alternatives,1,121,exp_28,0.0,498.59999999403954,0.3,0.17,2.0,3.0,higher_p,higher_m,0,1,alternatives,0.0,False,0.6,0.51,0.0899999999999999,0.3499494233597794,0.4,0.6,0.5,0.5,1.0,0.0,higher_m,higher_p,True,"{""durations"":[1500,1000,1500,1000],""alternatives"":[1,0,1,0],""attributes"":[""all"",""all"",""all"",""all""]}","[{""x"":-136,""y"":3,""t"":-19},{""x"":-159,""y"":-20,""t"":0},{""x"":-138,""y"":-20,""t"":57},{""x"":-120,""y"":-13,""t"":76},{""x"":-38,""y"":11,""t"":146},{""x"":5,""y"":35,""t"":182},{""x"":32,""y"":64,""t"":224},{""x"":4,""y"":53,""t"":240},{""x"":130,""y"":106,""t"":288},{""x"":154,""y"":106,""t"":312},{""x"":240,""y"":103,""t"":359},{""x"":310,""y"":99,""t"":376},{""x"":326,""y"":117,""t"":423},{""x"":335,""y"":131,""t"":442},{""x"":430,""y"":135,""t"":489},{""x"":399,""y"":123,""t"":531},{""x"":439,""y"":154,""t"":549},{""x"":435,""y"":163,""t"":610},{""x"":428,""y"":171,""t"":620},{""x"":413,""y"":183,""t"":662},{""x"":398,""y"":193,""t"":688},{""x"":513,""y"":237,""t"":732},{""x"":576,""y"":266,""t"":752},{""x"":618,""y"":289,""t"":798},{""x"":650,""y"":306,""t"":819},{""x"":619,""y"":278,""t"":866},{""x"":589,""y"":252,""t"":885},{""x"":575,""y"":239,""t"":931},{""x"":508,""y"":216,""t"":959},{""x"":503,""y"":204,""t"":1001},{""x"":429,""y"":164,""t"":1041},{""x"":400,""y"":132,""t"":1056},{""x"":354,""y"":124,""t"":1098},{""x"":313,""y"":108,""t"":1127},{""x"":299,""y"":120,""t"":1170},{""x"":267,""y"":117,""t"":1211},{""x"":275,""y"":116,""t"":1232},{""x"":356,""y"":121,""t"":1298},{""x"":342,""y"":115,""t"":1343},{""x"":417,""y"":166,""t"":1384},{""x"":496,""y"":208,""t"":1399},{""x"":472,""y"":194,""t"":1451},{""x"":449,""y"":182,""t"":1464},{""x"":435,""y"":178,""t"":1507},{""x"":379,""y"":176,""t"":1536},{""x"":314,""y"":131,""t"":1586},{""x"":303,""y"":100,""t"":1600},{""x"":320,""y"":102,""t"":1651},{""x"":265,""y"":67,""t"":1669},{""x"":285,""y"":77,""t"":1713},{""x"":224,""y"":72,""t"":1750},{""x"":199,""y"":60,""t"":1776},{""x"":70,""y"":42,""t"":1819},{""x"":-30,""y"":32,""t"":1840},{""x"":-110,""y"":10,""t"":1882},{""x"":-116,""y"":23,""t"":1919},{""x"":-116,""y"":33,""t"":1941},{""x"":-111,""y"":49,""t"":1989},{""x"":-169,""y"":18,""t"":2015},{""x"":-93,""y"":73,""t"":2059},{""x"":-121,""y"":74,""t"":2080},{""x"":-133,""y"":86,""t"":2121},{""x"":-191,""y"":80,""t"":2151},{""x"":-118,""y"":136,""t"":2194},{""x"":-66,""y"":174,""t"":2216},{""x"":-68,""y"":132,""t"":2259},{""x"":2,""y"":163,""t"":2279},{""x"":69,""y"":200,""t"":2326},{""x"":125,""y"":231,""t"":2352},{""x"":165,""y"":250,""t"":2396},{""x"":205,""y"":263,""t"":2434},{""x"":236,""y"":272,""t"":2452},{""x"":264,""y"":280,""t"":2500},{""x"":285,""y"":289,""t"":2517},{""x"":283,""y"":289,""t"":2562},{""x"":184,""y"":252,""t"":2592},{""x"":118,""y"":211,""t"":2640},{""x"":-25,""y"":115,""t"":2656},{""x"":-111,""y"":62,""t"":2704},{""x"":-126,""y"":47,""t"":2725},{""x"":-193,""y"":-3,""t"":2769},{""x"":-256,""y"":-46,""t"":2789},{""x"":-355,""y"":-70,""t"":2835},{""x"":-347,""y"":-44,""t"":2863},{""x"":-267,""y"":-18,""t"":2911},{""x"":-184,""y"":17,""t"":2929},{""x"":-54,""y"":56,""t"":2971},{""x"":52,""y"":82,""t"":3000},{""x"":215,""y"":129,""t"":3047},{""x"":319,""y"":149,""t"":3064},{""x"":427,""y"":184,""t"":3108},{""x"":425,""y"":211,""t"":3135},{""x"":379,""y"":179,""t"":3180},{""x"":334,""y"":150,""t"":3208},{""x"":306,""y"":139,""t"":3253},{""x"":258,""y"":135,""t"":3265},{""x"":355,""y"":179,""t"":3309},{""x"":458,""y"":218,""t"":3337},{""x"":493,""y"":208,""t"":3379},{""x"":493,""y"":202,""t"":3400},{""x"":559,""y"":247,""t"":3444},{""x"":628,""y"":274,""t"":3469},{""x"":580,""y"":254,""t"":3517},{""x"":545,""y"":222,""t"":3542},{""x"":569,""y"":195,""t"":3588},{""x"":555,""y"":152,""t"":3605},{""x"":532,""y"":137,""t"":3651},{""x"":516,""y"":119,""t"":3679},{""x"":591,""y"":162,""t"":3726},{""x"":653,""y"":200,""t"":3745},{""x"":669,""y"":188,""t"":3792},{""x"":646,""y"":170,""t"":3816},{""x"":618,""y"":138,""t"":3859},{""x"":517,""y"":109,""t"":3877},{""x"":481,""y"":89,""t"":3922},{""x"":357,""y"":66,""t"":3951},{""x"":284,""y"":27,""t"":3994},{""x"":203,""y"":25,""t"":4017},{""x"":170,""y"":-2,""t"":4066},{""x"":146,""y"":9,""t"":4086},{""x"":192,""y"":37,""t"":4129},{""x"":168,""y"":46,""t"":4168},{""x"":126,""y"":61,""t"":4188},{""x"":79,""y"":45,""t"":4232},{""x"":47,""y"":32,""t"":4267},{""x"":27,""y"":-9,""t"":4306},{""x"":96,""y"":43,""t"":4319},{""x"":-14,""y"":-14,""t"":4372},{""x"":42,""y"":39,""t"":4388},{""x"":-56,""y"":-24,""t"":4433},{""x"":-130,""y"":-54,""t"":4472},{""x"":-176,""y"":-99,""t"":4489},{""x"":-243,""y"":-104,""t"":4531},{""x"":-346,""y"":-136,""t"":4573},{""x"":-423,""y"":-165,""t"":4592},{""x"":-423,""y"":-189,""t"":4638},{""x"":-436,""y"":-181,""t"":4662},{""x"":-413,""y"":-166,""t"":4706},{""x"":-434,""y"":-159,""t"":4726},{""x"":-368,""y"":-110,""t"":4768},{""x"":-323,""y"":-67,""t"":4808},{""x"":-248,""y"":-35,""t"":4831},{""x"":-192,""y"":4,""t"":4874},{""x"":-155,""y"":40,""t"":4899},{""x"":-124,""y"":49,""t"":4940},{""x"":-61,""y"":94,""t"":4979},{""x"":67,""y"":175,""t"":4999},{""x"":21,""y"":170,""t"":5047},{""x"":115,""y"":221,""t"":5089},{""x"":117,""y"":251,""t"":5107},{""x"":181,""y"":287,""t"":5151},{""x"":183,""y"":330,""t"":5169},{""x"":219,""y"":351,""t"":5213},{""x"":160,""y"":320,""t"":5247},{""x"":215,""y"":319,""t"":5272},{""x"":232,""y"":326,""t"":5316},{""x"":204,""y"":288,""t"":5356},{""x"":276,""y"":286,""t"":5377},{""x"":100,""y"":289,""t"":5423},{""x"":-6,""y"":289,""t"":5445},{""x"":-12,""y"":306,""t"":5491},{""x"":-15,""y"":319,""t"":5512},{""x"":-45,""y"":371,""t"":5557},{""x"":-99,""y"":372,""t"":5584},{""x"":-107,""y"":370,""t"":5627},{""x"":-82,""y"":386,""t"":5648},{""x"":25,""y"":385,""t"":5689},{""x"":106,""y"":353,""t"":5720},{""x"":121,""y"":311,""t"":5763},{""x"":124,""y"":282,""t"":5781},{""x"":126,""y"":231,""t"":5825},{""x"":131,""y"":200,""t"":5855},{""x"":4,""y"":135,""t"":5895},{""x"":21,""y"":133,""t"":5938},{""x"":87,""y"":149,""t"":5951},{""x"":58,""y"":136,""t"":5996}]",1,0.7428576290204817,0.2571423709795183,mcutoff_b-last,0
27-alternatives,1,122,exp_112,0.0,373.0,0.49,0.22,4.2,7.9,higher_p,higher_m,0,1,alternatives,0.0,False,2.058,1.738,0.3199999999999998,0.5866799156325714,0.6,0.4,0.5,0.5,0.0,1.0,higher_p,higher_m,True,"{""durations"":[1500,1000,1500,1000],""alternatives"":[0,1,0,1],""attributes"":[""all"",""all"",""all"",""all""]}","[{""x"":67,""y"":76,""t"":-13},{""x"":105,""y"":91,""t"":0},{""x"":141,""y"":94,""t"":48},{""x"":176,""y"":106,""t"":77},{""x"":191,""y"":100,""t"":138},{""x"":204,""y"":113,""t"":192},{""x"":215,""y"":125,""t"":206},{""x"":217,""y"":140,""t"":248},{""x"":143,""y"":114,""t"":288},{""x"":223,""y"":151,""t"":310},{""x"":48,""y"":84,""t"":358},{""x"":-37,""y"":57,""t"":374},{""x"":-165,""y"":-4,""t"":421},{""x"":-218,""y"":-58,""t"":446},{""x"":-317,""y"":-103,""t"":492},{""x"":-438,""y"":-150,""t"":530},{""x"":-458,""y"":-166,""t"":546},{""x"":-545,""y"":-241,""t"":589},{""x"":-577,""y"":-294,""t"":613},{""x"":-534,""y"":-295,""t"":660},{""x"":-572,""y"":-305,""t"":684},{""x"":-485,""y"":-287,""t"":737},{""x"":-489,""y"":-304,""t"":749},{""x"":-376,""y"":-302,""t"":795},{""x"":-348,""y"":-259,""t"":833},{""x"":-333,""y"":-241,""t"":871},{""x"":-228,""y"":-196,""t"":886},{""x"":-293,""y"":-181,""t"":928},{""x"":-254,""y"":-147,""t"":953},{""x"":-187,""y"":-97,""t"":997},{""x"":-190,""y"":-77,""t"":1030},{""x"":-128,""y"":-65,""t"":1054},{""x"":-127,""y"":-75,""t"":1101},{""x"":-128,""y"":-85,""t"":1126},{""x"":17,""y"":-38,""t"":1171},{""x"":68,""y"":-25,""t"":1191},{""x"":32,""y"":-39,""t"":1232},{""x"":103,""y"":-6,""t"":1273},{""x"":87,""y"":-7,""t"":1294},{""x"":31,""y"":-43,""t"":1342},{""x"":47,""y"":-43,""t"":1366},{""x"":-20,""y"":-64,""t"":1414},{""x"":-77,""y"":-83,""t"":1430},{""x"":-30,""y"":-60,""t"":1482},{""x"":-47,""y"":-71,""t"":1500},{""x"":74,""y"":-33,""t"":1545},{""x"":99,""y"":-6,""t"":1564},{""x"":314,""y"":89,""t"":1623},{""x"":276,""y"":98,""t"":1635},{""x"":386,""y"":161,""t"":1680},{""x"":339,""y"":162,""t"":1702},{""x"":398,""y"":210,""t"":1747},{""x"":415,""y"":239,""t"":1772},{""x"":527,""y"":283,""t"":1818},{""x"":521,""y"":305,""t"":1845},{""x"":477,""y"":297,""t"":1887},{""x"":430,""y"":273,""t"":1932},{""x"":449,""y"":273,""t"":1943},{""x"":489,""y"":318,""t"":1993},{""x"":588,""y"":338,""t"":2006},{""x"":346,""y"":229,""t"":2052},{""x"":213,""y"":183,""t"":2078},{""x"":-6,""y"":56,""t"":2122},{""x"":-122,""y"":-1,""t"":2148},{""x"":-125,""y"":19,""t"":2197},{""x"":-140,""y"":64,""t"":2215},{""x"":-221,""y"":88,""t"":2261},{""x"":-310,""y"":98,""t"":2284},{""x"":-301,""y"":112,""t"":2329},{""x"":-360,""y"":64,""t"":2350},{""x"":-411,""y"":35,""t"":2395},{""x"":-402,""y"":-5,""t"":2422},{""x"":-455,""y"":-71,""t"":2466},{""x"":-428,""y"":-104,""t"":2486},{""x"":-409,""y"":-133,""t"":2533},{""x"":-382,""y"":-157,""t"":2570},{""x"":-365,""y"":-156,""t"":2588},{""x"":-480,""y"":-218,""t"":2634},{""x"":-504,""y"":-257,""t"":2653},{""x"":-428,""y"":-238,""t"":2698},{""x"":-456,""y"":-271,""t"":2742},{""x"":-498,""y"":-283,""t"":2757},{""x"":-466,""y"":-280,""t"":2800},{""x"":-521,""y"":-280,""t"":2823},{""x"":-488,""y"":-236,""t"":2869},{""x"":-472,""y"":-223,""t"":2894},{""x"":-564,""y"":-250,""t"":2945},{""x"":-628,""y"":-264,""t"":2961},{""x"":-583,""y"":-229,""t"":3034},{""x"":-481,""y"":-87,""t"":3080},{""x"":-414,""y"":16,""t"":3106},{""x"":-351,""y"":127,""t"":3154},{""x"":-247,""y"":236,""t"":3164},{""x"":-315,""y"":253,""t"":3208},{""x"":-227,""y"":298,""t"":3247},{""x"":-149,""y"":320,""t"":3270},{""x"":-49,""y"":348,""t"":3314},{""x"":4,""y"":363,""t"":3338},{""x"":45,""y"":315,""t"":3385},{""x"":133,""y"":325,""t"":3404},{""x"":122,""y"":294,""t"":3450},{""x"":246,""y"":306,""t"":3477},{""x"":247,""y"":274,""t"":3519},{""x"":280,""y"":263,""t"":3542},{""x"":284,""y"":218,""t"":3584},{""x"":277,""y"":171,""t"":3620},{""x"":351,""y"":157,""t"":3662},{""x"":337,""y"":115,""t"":3676},{""x"":374,""y"":116,""t"":3720},{""x"":333,""y"":71,""t"":3742},{""x"":403,""y"":73,""t"":3787},{""x"":447,""y"":68,""t"":3810},{""x"":458,""y"":68,""t"":3855},{""x"":464,""y"":70,""t"":3878},{""x"":503,""y"":92,""t"":3922},{""x"":448,""y"":52,""t"":3958},{""x"":462,""y"":46,""t"":3992},{""x"":548,""y"":81,""t"":4015},{""x"":533,""y"":82,""t"":4059},{""x"":465,""y"":36,""t"":4084},{""x"":520,""y"":89,""t"":4130},{""x"":528,""y"":92,""t"":4150},{""x"":550,""y"":143,""t"":4197},{""x"":594,""y"":182,""t"":4220},{""x"":543,""y"":190,""t"":4269},{""x"":499,""y"":167,""t"":4309},{""x"":469,""y"":155,""t"":4318},{""x"":508,""y"":187,""t"":4360},{""x"":379,""y"":152,""t"":4409},{""x"":336,""y"":160,""t"":4420},{""x"":379,""y"":194,""t"":4464},{""x"":422,""y"":228,""t"":4491},{""x"":366,""y"":208,""t"":4536},{""x"":324,""y"":196,""t"":4566},{""x"":262,""y"":160,""t"":4609},{""x"":222,""y"":124,""t"":4649},{""x"":183,""y"":84,""t"":4660},{""x"":168,""y"":65,""t"":4723},{""x"":159,""y"":51,""t"":4746},{""x"":192,""y"":37,""t"":4790},{""x"":223,""y"":26,""t"":4800},{""x"":320,""y"":81,""t"":4843},{""x"":325,""y"":92,""t"":4863},{""x"":227,""y"":56,""t"":4909},{""x"":176,""y"":7,""t"":4933},{""x"":104,""y"":-32,""t"":4976},{""x"":7,""y"":-74,""t"":5014},{""x"":-50,""y"":-104,""t"":5041},{""x"":-60,""y"":-110,""t"":5084},{""x"":-77,""y"":-119,""t"":5102},{""x"":-65,""y"":-119,""t"":5145},{""x"":-69,""y"":-120,""t"":5173},{""x"":-26,""y"":-85,""t"":5220},{""x"":1,""y"":-55,""t"":5257},{""x"":24,""y"":-27,""t"":5270},{""x"":-9,""y"":-15,""t"":5320},{""x"":-31,""y"":-8,""t"":5340},{""x"":-122,""y"":-31,""t"":5387},{""x"":-87,""y"":-18,""t"":5413},{""x"":-125,""y"":-30,""t"":5457},{""x"":-148,""y"":-49,""t"":5478},{""x"":-110,""y"":-17,""t"":5522},{""x"":-95,""y"":-7,""t"":5547},{""x"":-142,""y"":-39,""t"":5590},{""x"":-199,""y"":-44,""t"":5612},{""x"":-203,""y"":-51,""t"":5656},{""x"":-261,""y"":-54,""t"":5695},{""x"":-295,""y"":-82,""t"":5736},{""x"":-223,""y"":-39,""t"":5748},{""x"":-150,""y"":-13,""t"":5791},{""x"":-78,""y"":15,""t"":5822},{""x"":-71,""y"":41,""t"":5867},{""x"":20,""y"":101,""t"":5890},{""x"":63,""y"":141,""t"":5935}]",1,0.2571423709795183,0.7428576290204817,mcutoff_b-last,0
27-alternatives,1,123,exp_106,0.0,304.90000000596046,0.78,0.4,2.1,3.0,higher_p,higher_m,0,1,alternatives,0.0,False,1.638,1.2000000000000002,0.4379999999999999,0.7081329507986126,0.6,0.4,0.5,0.5,0.0,0.0,higher_p,higher_p,True,"{""durations"":[1000,1500,1000,1500],""alternatives"":[1,0,1,0],""attributes"":[""all"",""all"",""all"",""all""]}","[{""x"":-32,""y"":-21,""t"":-18},{""x"":-91,""y"":-48,""t"":0},{""x"":-77,""y"":-50,""t"":52},{""x"":-103,""y"":-57,""t"":69},{""x"":-57,""y"":-33,""t"":122},{""x"":-13,""y"":-18,""t"":150},{""x"":5,""y"":-14,""t"":203},{""x"":40,""y"":20,""t"":214},{""x"":4,""y"":-13,""t"":262},{""x"":-26,""y"":-38,""t"":274},{""x"":-45,""y"":-45,""t"":323},{""x"":-58,""y"":-51,""t"":348},{""x"":-129,""y"":-66,""t"":397},{""x"":-194,""y"":-67,""t"":412},{""x"":-163,""y"":-52,""t"":462},{""x"":-122,""y"":-51,""t"":483},{""x"":-98,""y"":-29,""t"":532},{""x"":-63,""y"":5,""t"":548},{""x"":76,""y"":77,""t"":597},{""x"":195,""y"":137,""t"":617},{""x"":203,""y"":156,""t"":663},{""x"":206,""y"":169,""t"":681},{""x"":186,""y"":168,""t"":726},{""x"":166,""y"":164,""t"":759},{""x"":111,""y"":127,""t"":804},{""x"":136,""y"":152,""t"":817},{""x"":91,""y"":138,""t"":879},{""x"":48,""y"":118,""t"":889},{""x"":-33,""y"":71,""t"":932},{""x"":-109,""y"":4,""t"":973},{""x"":-168,""y"":-46,""t"":993},{""x"":-153,""y"":-45,""t"":1039},{""x"":-192,""y"":-58,""t"":1060},{""x"":-224,""y"":-68,""t"":1101},{""x"":-214,""y"":-48,""t"":1124},{""x"":-258,""y"":-69,""t"":1166},{""x"":-305,""y"":-108,""t"":1196},{""x"":-305,""y"":-124,""t"":1240},{""x"":-323,""y"":-135,""t"":1260},{""x"":-299,""y"":-123,""t"":1303},{""x"":-111,""y"":-88,""t"":1339},{""x"":32,""y"":-61,""t"":1364},{""x"":135,""y"":-46,""t"":1411},{""x"":207,""y"":-42,""t"":1434},{""x"":333,""y"":4,""t"":1481},{""x"":372,""y"":11,""t"":1497},{""x"":414,""y"":33,""t"":1543},{""x"":444,""y"":51,""t"":1571},{""x"":351,""y"":40,""t"":1617},{""x"":311,""y"":57,""t"":1654},{""x"":231,""y"":69,""t"":1668},{""x"":353,""y"":118,""t"":1714},{""x"":355,""y"":108,""t"":1738},{""x"":377,""y"":117,""t"":1784},{""x"":446,""y"":158,""t"":1811},{""x"":376,""y"":154,""t"":1852},{""x"":367,""y"":151,""t"":1875},{""x"":339,""y"":145,""t"":1918},{""x"":313,""y"":139,""t"":1940},{""x"":270,""y"":126,""t"":1980},{""x"":198,""y"":116,""t"":2021},{""x"":193,""y"":94,""t"":2060},{""x"":208,""y"":91,""t"":2079},{""x"":187,""y"":79,""t"":2124},{""x"":204,""y"":76,""t"":2148},{""x"":255,""y"":71,""t"":2192},{""x"":184,""y"":29,""t"":2211},{""x"":156,""y"":20,""t"":2254},{""x"":168,""y"":-28,""t"":2291},{""x"":196,""y"":-35,""t"":2320},{""x"":182,""y"":-81,""t"":2368},{""x"":229,""y"":-77,""t"":2381},{""x"":228,""y"":-58,""t"":2426},{""x"":213,""y"":-13,""t"":2470},{""x"":199,""y"":27,""t"":2483},{""x"":187,""y"":23,""t"":2526},{""x"":131,""y"":38,""t"":2554},{""x"":85,""y"":15,""t"":2597},{""x"":103,""y"":35,""t"":2630},{""x"":98,""y"":18,""t"":2659},{""x"":207,""y"":59,""t"":2699},{""x"":153,""y"":41,""t"":2741},{""x"":109,""y"":33,""t"":2755},{""x"":-31,""y"":-55,""t"":2796},{""x"":-110,""y"":-107,""t"":2840},{""x"":-174,""y"":-150,""t"":2859},{""x"":-243,""y"":-188,""t"":2900},{""x"":-328,""y"":-241,""t"":2937},{""x"":-329,""y"":-253,""t"":2976},{""x"":-319,""y"":-250,""t"":2997},{""x"":-302,""y"":-247,""t"":3039},{""x"":-202,""y"":-211,""t"":3076},{""x"":-163,""y"":-174,""t"":3100},{""x"":-125,""y"":-155,""t"":3144},{""x"":-92,""y"":-129,""t"":3164},{""x"":-86,""y"":-70,""t"":3209},{""x"":-92,""y"":-25,""t"":3250},{""x"":-98,""y"":12,""t"":3267},{""x"":-18,""y"":79,""t"":3313},{""x"":50,""y"":133,""t"":3333},{""x"":20,""y"":112,""t"":3378},{""x"":0,""y"":95,""t"":3401},{""x"":-20,""y"":74,""t"":3459},{""x"":-52,""y"":58,""t"":3471},{""x"":-48,""y"":78,""t"":3514},{""x"":56,""y"":133,""t"":3556},{""x"":146,""y"":178,""t"":3570},{""x"":322,""y"":239,""t"":3614},{""x"":435,""y"":288,""t"":3642},{""x"":471,""y"":277,""t"":3687},{""x"":481,""y"":273,""t"":3707},{""x"":464,""y"":263,""t"":3748},{""x"":478,""y"":231,""t"":3785},{""x"":441,""y"":212,""t"":3827},{""x"":381,""y"":184,""t"":3847},{""x"":299,""y"":137,""t"":3890},{""x"":274,""y"":110,""t"":3916},{""x"":257,""y"":58,""t"":3960},{""x"":231,""y"":46,""t"":3979},{""x"":161,""y"":1,""t"":4021},{""x"":87,""y"":-24,""t"":4060},{""x"":1,""y"":-27,""t"":4102},{""x"":-161,""y"":-74,""t"":4116},{""x"":-264,""y"":-101,""t"":4159},{""x"":-345,""y"":-121,""t"":4188},{""x"":-418,""y"":-151,""t"":4237},{""x"":-474,""y"":-173,""t"":4253},{""x"":-469,""y"":-166,""t"":4297},{""x"":-477,""y"":-156,""t"":4323},{""x"":-439,""y"":-132,""t"":4367},{""x"":-395,""y"":-93,""t"":4390},{""x"":-309,""y"":-65,""t"":4434},{""x"":-294,""y"":-78,""t"":4457},{""x"":-268,""y"":-51,""t"":4501},{""x"":-266,""y"":-61,""t"":4523},{""x"":-293,""y"":-63,""t"":4566},{""x"":-317,""y"":-47,""t"":4612},{""x"":-315,""y"":-32,""t"":4625},{""x"":-196,""y"":43,""t"":4673},{""x"":-222,""y"":23,""t"":4692},{""x"":-180,""y"":67,""t"":4737},{""x"":-180,""y"":69,""t"":4776},{""x"":-164,""y"":70,""t"":4796},{""x"":-105,""y"":71,""t"":4847},{""x"":-50,""y"":88,""t"":4875},{""x"":-95,""y"":61,""t"":4918},{""x"":-79,""y"":56,""t"":4934},{""x"":-57,""y"":60,""t"":4988},{""x"":-20,""y"":67,""t"":4999},{""x"":88,""y"":97,""t"":5041},{""x"":72,""y"":89,""t"":5084},{""x"":87,""y"":91,""t"":5101},{""x"":81,""y"":77,""t"":5143},{""x"":95,""y"":76,""t"":5181},{""x"":4,""y"":55,""t"":5223},{""x"":-133,""y"":30,""t"":5237},{""x"":-128,""y"":18,""t"":5281},{""x"":-104,""y"":0,""t"":5305},{""x"":-77,""y"":-5,""t"":5356},{""x"":-81,""y"":-9,""t"":5392},{""x"":-58,""y"":9,""t"":5412},{""x"":-112,""y"":-17,""t"":5456},{""x"":-159,""y"":-39,""t"":5479},{""x"":-176,""y"":-40,""t"":5523},{""x"":-130,""y"":-27,""t"":5546},{""x"":-140,""y"":-31,""t"":5592},{""x"":-148,""y"":-34,""t"":5619},{""x"":-146,""y"":-32,""t"":5661},{""x"":-108,""y"":-25,""t"":5703},{""x"":-52,""y"":-11,""t"":5716},{""x"":-22,""y"":13,""t"":5758},{""x"":17,""y"":25,""t"":5795},{""x"":-6,""y"":23,""t"":5820}]",0,0.7428576290204817,0.2571423709795183,mcutoff_b-last,0
27-alternatives,1,124,exp_14,0.0,393.1999999880791,0.7,0.29,1.7999999999999998,5.0,higher_p,higher_m,0,1,alternatives,0.0,False,1.2599999999999998,1.45,-0.1900000000000001,0.0617557805929019,0.4,0.6,0.5,0.5,1.0,1.0,higher_m,higher_m,True,"{""durations"":[1000,1500,1000,1500],""alternatives"":[0,1,0,1],""attributes"":[""all"",""all"",""all"",""all""]}","[{""x"":-125,""y"":-63,""t"":0},{""x"":-131,""y"":-89,""t"":44},{""x"":-127,""y"":-107,""t"":83},{""x"":-123,""y"":-122,""t"":109},{""x"":-146,""y"":-102,""t"":150},{""x"":-145,""y"":-90,""t"":173},{""x"":-154,""y"":-74,""t"":217},{""x"":-73,""y"":-39,""t"":244},{""x"":-32,""y"":-27,""t"":290},{""x"":2,""y"":-17,""t"":309},{""x"":-35,""y"":4,""t"":352},{""x"":-85,""y"":10,""t"":389},{""x"":-68,""y"":18,""t"":413},{""x"":-45,""y"":89,""t"":459},{""x"":2,""y"":158,""t"":476},{""x"":78,""y"":224,""t"":519},{""x"":47,""y"":267,""t"":568},{""x"":85,""y"":337,""t"":581},{""x"":113,""y"":346,""t"":632},{""x"":132,""y"":352,""t"":665},{""x"":71,""y"":304,""t"":709},{""x"":100,""y"":312,""t"":722},{""x"":51,""y"":276,""t"":763},{""x"":34,""y"":243,""t"":788},{""x"":15,""y"":211,""t"":829},{""x"":50,""y"":213,""t"":868},{""x"":86,""y"":225,""t"":885},{""x"":55,""y"":204,""t"":927},{""x"":85,""y"":222,""t"":968},{""x"":48,""y"":202,""t"":987},{""x"":-11,""y"":146,""t"":1030},{""x"":-95,""y"":102,""t"":1066},{""x"":-37,""y"":115,""t"":1092},{""x"":-16,""y"":129,""t"":1134},{""x"":-83,""y"":96,""t"":1157},{""x"":-79,""y"":106,""t"":1197},{""x"":-24,""y"":116,""t"":1247},{""x"":23,""y"":126,""t"":1259},{""x"":17,""y"":90,""t"":1304},{""x"":-21,""y"":43,""t"":1333},{""x"":9,""y"":0,""t"":1379},{""x"":22,""y"":-33,""t"":1395},{""x"":52,""y"":-41,""t"":1440},{""x"":146,""y"":-25,""t"":1477},{""x"":164,""y"":-28,""t"":1498},{""x"":246,""y"":16,""t"":1544},{""x"":370,""y"":37,""t"":1572},{""x"":338,""y"":28,""t"":1616},{""x"":315,""y"":35,""t"":1651},{""x"":366,""y"":72,""t"":1669},{""x"":377,""y"":108,""t"":1712},{""x"":481,""y"":177,""t"":1751},{""x"":567,""y"":234,""t"":1770},{""x"":646,""y"":290,""t"":1817},{""x"":626,""y"":299,""t"":1844},{""x"":709,""y"":337,""t"":1896},{""x"":777,""y"":363,""t"":1907},{""x"":798,""y"":378,""t"":1969},{""x"":800,""y"":396,""t"":1979},{""x"":745,""y"":370,""t"":2026},{""x"":687,""y"":342,""t"":2048},{""x"":705,""y"":346,""t"":2090},{""x"":714,""y"":345,""t"":2109},{""x"":715,""y"":355,""t"":2154},{""x"":727,""y"":361,""t"":2181},{""x"":683,""y"":363,""t"":2229},{""x"":660,""y"":370,""t"":2245},{""x"":476,""y"":312,""t"":2287},{""x"":341,""y"":280,""t"":2317},{""x"":207,""y"":231,""t"":2363},{""x"":85,""y"":187,""t"":2382},{""x"":84,""y"":206,""t"":2432},{""x"":80,""y"":238,""t"":2453},{""x"":82,""y"":261,""t"":2501},{""x"":99,""y"":286,""t"":2517},{""x"":112,""y"":308,""t"":2561},{""x"":140,""y"":335,""t"":2587},{""x"":131,""y"":337,""t"":2634},{""x"":140,""y"":338,""t"":2660},{""x"":152,""y"":335,""t"":2703},{""x"":170,""y"":310,""t"":2726},{""x"":99,""y"":264,""t"":2766},{""x"":122,""y"":269,""t"":2808},{""x"":149,""y"":287,""t"":2829},{""x"":163,""y"":303,""t"":2871},{""x"":175,""y"":316,""t"":2893},{""x"":193,""y"":334,""t"":2939},{""x"":186,""y"":335,""t"":2965},{""x"":180,""y"":334,""t"":3005},{""x"":151,""y"":299,""t"":3051},{""x"":127,""y"":268,""t"":3062},{""x"":168,""y"":263,""t"":3105},{""x"":113,""y"":207,""t"":3134},{""x"":52,""y"":159,""t"":3180},{""x"":1,""y"":120,""t"":3199},{""x"":-28,""y"":108,""t"":3242},{""x"":-96,""y"":64,""t"":3266},{""x"":-167,""y"":18,""t"":3309},{""x"":-201,""y"":-7,""t"":3350},{""x"":-158,""y"":12,""t"":3384},{""x"":-132,""y"":23,""t"":3418},{""x"":-106,""y"":35,""t"":3434},{""x"":-236,""y"":-25,""t"":3478},{""x"":-274,""y"":-68,""t"":3509},{""x"":-307,""y"":-105,""t"":3548},{""x"":-309,""y"":-125,""t"":3576},{""x"":-459,""y"":-177,""t"":3633},{""x"":-548,""y"":-210,""t"":3643},{""x"":-495,""y"":-203,""t"":3687},{""x"":-381,""y"":-167,""t"":3722},{""x"":-262,""y"":-98,""t"":3740},{""x"":-144,""y"":-40,""t"":3782},{""x"":-128,""y"":-43,""t"":3829},{""x"":-82,""y"":-41,""t"":3845},{""x"":-3,""y"":2,""t"":3886},{""x"":6,""y"":-11,""t"":3929},{""x"":-6,""y"":-25,""t"":3951},{""x"":35,""y"":-32,""t"":3998},{""x"":67,""y"":-38,""t"":4014},{""x"":99,""y"":-29,""t"":4075},{""x"":177,""y"":18,""t"":4084},{""x"":207,""y"":43,""t"":4130},{""x"":260,""y"":46,""t"":4149},{""x"":335,""y"":105,""t"":4193},{""x"":407,""y"":152,""t"":4222},{""x"":357,""y"":140,""t"":4268},{""x"":332,""y"":131,""t"":4290},{""x"":384,""y"":173,""t"":4335},{""x"":471,""y"":224,""t"":4356},{""x"":484,""y"":237,""t"":4399},{""x"":521,""y"":240,""t"":4440},{""x"":556,""y"":246,""t"":4455},{""x"":578,""y"":226,""t"":4499},{""x"":491,""y"":198,""t"":4539},{""x"":422,""y"":156,""t"":4564},{""x"":355,""y"":138,""t"":4605},{""x"":374,""y"":164,""t"":4628},{""x"":478,""y"":234,""t"":4669},{""x"":509,""y"":221,""t"":4693},{""x"":468,""y"":185,""t"":4734},{""x"":432,""y"":155,""t"":4764},{""x"":418,""y"":133,""t"":4812},{""x"":377,""y"":117,""t"":4836},{""x"":352,""y"":100,""t"":4882},{""x"":344,""y"":92,""t"":4901},{""x"":274,""y"":65,""t"":4942},{""x"":232,""y"":56,""t"":4965},{""x"":166,""y"":43,""t"":5009},{""x"":185,""y"":52,""t"":5037},{""x"":210,""y"":71,""t"":5094},{""x"":251,""y"":76,""t"":5106},{""x"":271,""y"":66,""t"":5152},{""x"":289,""y"":58,""t"":5173},{""x"":290,""y"":46,""t"":5219},{""x"":225,""y"":21,""t"":5238},{""x"":178,""y"":0,""t"":5282},{""x"":8,""y"":-47,""t"":5322},{""x"":-105,""y"":-86,""t"":5339},{""x"":-144,""y"":-106,""t"":5381},{""x"":-173,""y"":-118,""t"":5428},{""x"":-246,""y"":-129,""t"":5445},{""x"":-223,""y"":-108,""t"":5487},{""x"":-198,""y"":-87,""t"":5509},{""x"":-200,""y"":-74,""t"":5555},{""x"":-235,""y"":-76,""t"":5579},{""x"":-283,""y"":-94,""t"":5626},{""x"":-294,""y"":-115,""t"":5647},{""x"":-303,""y"":-114,""t"":5691},{""x"":-357,""y"":-108,""t"":5734},{""x"":-402,""y"":-123,""t"":5749},{""x"":-367,""y"":-110,""t"":5794},{""x"":-350,""y"":-101,""t"":5818},{""x"":-247,""y"":-5,""t"":5875},{""x"":-176,""y"":76,""t"":5885},{""x"":-99,""y"":153,""t"":5932}]",1,0.7428576290204817,0.2571423709795183,mcutoff_b-last,0
27-alternatives,1,126,exp_34,1.0,292.59999999403954,0.79,0.7,2.0,3.2,higher_p,higher_m,0,1,alternatives,0.0,False,1.58,2.24,-0.6599999999999997,-0.4219978340514987,0.6,0.4,0.5,0.5,0.0,0.0,higher_p,higher_p,False,"{""durations"":[1000,1500,1000,1500],""alternatives"":[1,0,1,0],""attributes"":[""all"",""all"",""all"",""all""]}","[{""x"":-609,""y"":-263,""t"":-21},{""x"":-654,""y"":-293,""t"":0},{""x"":-544,""y"":-246,""t"":58},{""x"":-449,""y"":-204,""t"":69},{""x"":-332,""y"":-180,""t"":128},{""x"":-235,""y"":-157,""t"":153},{""x"":-209,""y"":-156,""t"":196},{""x"":-192,""y"":-156,""t"":208},{""x"":-223,""y"":-147,""t"":251},{""x"":-253,""y"":-141,""t"":279},{""x"":-314,""y"":-176,""t"":324},{""x"":-368,""y"":-206,""t"":343},{""x"":-548,""y"":-297,""t"":402},{""x"":-744,""y"":-392,""t"":414},{""x"":-922,""y"":-421,""t"":462},{""x"":-1040,""y"":-440,""t"":477},{""x"":-1078,""y"":-464,""t"":522},{""x"":-1006,""y"":-410,""t"":566},{""x"":-880,""y"":-361,""t"":579},{""x"":-700,""y"":-240,""t"":638},{""x"":-544,""y"":-137,""t"":656},{""x"":-440,""y"":-88,""t"":700},{""x"":-397,""y"":-79,""t"":719},{""x"":-358,""y"":-26,""t"":763},{""x"":-330,""y"":16,""t"":787},{""x"":-264,""y"":43,""t"":830},{""x"":-197,""y"":59,""t"":855},{""x"":-271,""y"":7,""t"":898},{""x"":-422,""y"":-58,""t"":920},{""x"":-415,""y"":-61,""t"":962},{""x"":-479,""y"":-111,""t"":1002},{""x"":-534,""y"":-154,""t"":1023},{""x"":-567,""y"":-199,""t"":1068},{""x"":-649,""y"":-206,""t"":1110},{""x"":-796,""y"":-230,""t"":1126},{""x"":-724,""y"":-225,""t"":1170},{""x"":-659,""y"":-243,""t"":1191},{""x"":-619,""y"":-240,""t"":1239},{""x"":-625,""y"":-241,""t"":1258},{""x"":-554,""y"":-194,""t"":1316},{""x"":-493,""y"":-153,""t"":1328},{""x"":-398,""y"":-136,""t"":1374},{""x"":-312,""y"":-118,""t"":1414},{""x"":-241,""y"":-102,""t"":1432},{""x"":-205,""y"":-89,""t"":1474},{""x"":-181,""y"":-81,""t"":1507},{""x"":-132,""y"":-78,""t"":1549},{""x"":-89,""y"":-58,""t"":1565},{""x"":-63,""y"":-31,""t"":1610},{""x"":-37,""y"":-34,""t"":1639},{""x"":16,""y"":-2,""t"":1679},{""x"":121,""y"":28,""t"":1706},{""x"":198,""y"":64,""t"":1750},{""x"":257,""y"":94,""t"":1768},{""x"":271,""y"":101,""t"":1810},{""x"":264,""y"":102,""t"":1865},{""x"":237,""y"":98,""t"":1875},{""x"":174,""y"":50,""t"":1938},{""x"":109,""y"":32,""t"":1988},{""x"":65,""y"":25,""t"":2007},{""x"":73,""y"":26,""t"":2054},{""x"":91,""y"":31,""t"":2076},{""x"":-16,""y"":-30,""t"":2122},{""x"":-17,""y"":-53,""t"":2151},{""x"":-82,""y"":-91,""t"":2196},{""x"":-132,""y"":-139,""t"":2215},{""x"":-278,""y"":-158,""t"":2260},{""x"":-399,""y"":-171,""t"":2279},{""x"":-315,""y"":-153,""t"":2322},{""x"":-210,""y"":-141,""t"":2349},{""x"":-122,""y"":-115,""t"":2393},{""x"":-47,""y"":-61,""t"":2420},{""x"":102,""y"":-1,""t"":2463},{""x"":134,""y"":2,""t"":2503},{""x"":153,""y"":37,""t"":2520},{""x"":164,""y"":87,""t"":2561},{""x"":174,""y"":98,""t"":2599},{""x"":194,""y"":98,""t"":2624},{""x"":124,""y"":65,""t"":2665},{""x"":158,""y"":76,""t"":2687},{""x"":204,""y"":96,""t"":2731},{""x"":113,""y"":110,""t"":2769},{""x"":33,""y"":84,""t"":2808},{""x"":-53,""y"":74,""t"":2823},{""x"":-63,""y"":41,""t"":2869},{""x"":-63,""y"":32,""t"":2895},{""x"":-89,""y"":47,""t"":2937},{""x"":-139,""y"":23,""t"":2959},{""x"":-206,""y"":-16,""t"":3006},{""x"":-246,""y"":-29,""t"":3032},{""x"":-338,""y"":-70,""t"":3078},{""x"":-379,""y"":-85,""t"":3096},{""x"":-427,""y"":-118,""t"":3139},{""x"":-481,""y"":-158,""t"":3181},{""x"":-441,""y"":-179,""t"":3197},{""x"":-490,""y"":-155,""t"":3240},{""x"":-562,""y"":-184,""t"":3286},{""x"":-620,""y"":-219,""t"":3303},{""x"":-611,""y"":-213,""t"":3348},{""x"":-632,""y"":-225,""t"":3368},{""x"":-598,""y"":-219,""t"":3411},{""x"":-497,""y"":-210,""t"":3439},{""x"":-475,""y"":-216,""t"":3483},{""x"":-464,""y"":-219,""t"":3503},{""x"":-515,""y"":-270,""t"":3550},{""x"":-464,""y"":-262,""t"":3591},{""x"":-465,""y"":-269,""t"":3608},{""x"":-466,""y"":-221,""t"":3650},{""x"":-403,""y"":-181,""t"":3679},{""x"":-280,""y"":-111,""t"":3723},{""x"":-195,""y"":-70,""t"":3743},{""x"":-102,""y"":-53,""t"":3786},{""x"":-103,""y"":-47,""t"":3815},{""x"":-75,""y"":-42,""t"":3862},{""x"":44,""y"":12,""t"":3883},{""x"":18,""y"":6,""t"":3927},{""x"":52,""y"":32,""t"":3959},{""x"":110,""y"":48,""t"":3981},{""x"":175,""y"":64,""t"":4026},{""x"":226,""y"":75,""t"":4055},{""x"":277,""y"":108,""t"":4096},{""x"":269,""y"":99,""t"":4119},{""x"":334,""y"":128,""t"":4167},{""x"":323,""y"":137,""t"":4183},{""x"":356,""y"":154,""t"":4226},{""x"":381,""y"":166,""t"":4253},{""x"":286,""y"":130,""t"":4295},{""x"":184,""y"":114,""t"":4333},{""x"":240,""y"":131,""t"":4359},{""x"":335,""y"":173,""t"":4401},{""x"":406,""y"":198,""t"":4424},{""x"":379,""y"":198,""t"":4469},{""x"":327,""y"":165,""t"":4495},{""x"":195,""y"":116,""t"":4540},{""x"":149,""y"":108,""t"":4558},{""x"":89,""y"":77,""t"":4601},{""x"":25,""y"":14,""t"":4639},{""x"":-27,""y"":-39,""t"":4663},{""x"":-47,""y"":-84,""t"":4709},{""x"":-111,""y"":-103,""t"":4727},{""x"":-242,""y"":-145,""t"":4768},{""x"":-360,""y"":-180,""t"":4795},{""x"":-385,""y"":-197,""t"":4838},{""x"":-313,""y"":-148,""t"":4881},{""x"":-377,""y"":-182,""t"":4917},{""x"":-298,""y"":-152,""t"":4935},{""x"":-286,""y"":-126,""t"":4979},{""x"":-313,""y"":-148,""t"":4999},{""x"":-288,""y"":-138,""t"":5044},{""x"":-285,""y"":-119,""t"":5067},{""x"":-273,""y"":-135,""t"":5112},{""x"":-227,""y"":-100,""t"":5135},{""x"":-279,""y"":-135,""t"":5182},{""x"":-289,""y"":-141,""t"":5224},{""x"":-251,""y"":-111,""t"":5240},{""x"":-196,""y"":-90,""t"":5282},{""x"":-178,""y"":-78,""t"":5308},{""x"":-232,""y"":-80,""t"":5352},{""x"":-280,""y"":-100,""t"":5373},{""x"":-226,""y"":-45,""t"":5415},{""x"":-223,""y"":-58,""t"":5447},{""x"":-224,""y"":-33,""t"":5492},{""x"":-257,""y"":-42,""t"":5515},{""x"":-260,""y"":-56,""t"":5555},{""x"":-279,""y"":-68,""t"":5595},{""x"":-265,""y"":-64,""t"":5615},{""x"":-348,""y"":-44,""t"":5657},{""x"":-282,""y"":29,""t"":5680},{""x"":-108,""y"":145,""t"":5723},{""x"":39,""y"":220,""t"":5754},{""x"":134,""y"":330,""t"":5803},{""x"":210,""y"":420,""t"":5815}]",1,0.2571423709795183,0.7428576290204817,mcutoff_b-last,0
27-alternatives,1,129,exp_4,1.0,551.9000000059605,0.79,0.49,5.300000000000001,8.3,higher_p,higher_m,0,1,alternatives,0.0,False,4.187000000000001,4.067,0.120000000000001,0.3808273136562316,0.4,0.6,0.5,0.5,1.0,0.0,higher_m,higher_p,False,"{""durations"":[1500,1000,1500,1000],""alternatives"":[1,0,1,0],""attributes"":[""all"",""all"",""all"",""all""]}","[{""x"":32,""y"":18,""t"":-30},{""x"":-6,""y"":5,""t"":0},{""x"":-85,""y"":-18,""t"":52},{""x"":-106,""y"":-13,""t"":69},{""x"":-110,""y"":-28,""t"":156},{""x"":-53,""y"":-21,""t"":170},{""x"":8,""y"":14,""t"":214},{""x"":-33,""y"":-4,""t"":252},{""x"":-68,""y"":-3,""t"":273},{""x"":-158,""y"":-43,""t"":319},{""x"":-189,""y"":-51,""t"":344},{""x"":-208,""y"":-77,""t"":388},{""x"":-324,""y"":-121,""t"":424},{""x"":-334,""y"":-128,""t"":450},{""x"":-253,""y"":-111,""t"":500},{""x"":-307,""y"":-126,""t"":511},{""x"":-421,""y"":-180,""t"":555},{""x"":-394,""y"":-146,""t"":595},{""x"":-353,""y"":-118,""t"":619},{""x"":-288,""y"":-58,""t"":663},{""x"":-226,""y"":-1,""t"":704},{""x"":-172,""y"":47,""t"":719},{""x"":-117,""y"":87,""t"":761},{""x"":-71,""y"":118,""t"":786},{""x"":-33,""y"":150,""t"":829},{""x"":-3,""y"":174,""t"":851},{""x"":-14,""y"":150,""t"":912},{""x"":-24,""y"":118,""t"":920},{""x"":-153,""y"":-10,""t"":961},{""x"":-316,""y"":-126,""t"":995},{""x"":-443,""y"":-207,""t"":1035},{""x"":-551,""y"":-289,""t"":1060},{""x"":-647,""y"":-364,""t"":1106},{""x"":-717,""y"":-408,""t"":1123},{""x"":-747,""y"":-459,""t"":1175},{""x"":-761,""y"":-455,""t"":1193},{""x"":-768,""y"":-452,""t"":1235},{""x"":-775,""y"":-464,""t"":1266},{""x"":-777,""y"":-457,""t"":1320},{""x"":-697,""y"":-398,""t"":1330},{""x"":-623,""y"":-384,""t"":1373},{""x"":-552,""y"":-340,""t"":1395},{""x"":-526,""y"":-335,""t"":1437},{""x"":-594,""y"":-359,""t"":1477},{""x"":-651,""y"":-401,""t"":1497},{""x"":-721,""y"":-403,""t"":1547},{""x"":-781,""y"":-403,""t"":1570},{""x"":-808,""y"":-391,""t"":1615},{""x"":-727,""y"":-355,""t"":1635},{""x"":-809,""y"":-422,""t"":1679},{""x"":-716,""y"":-410,""t"":1716},{""x"":-686,""y"":-402,""t"":1735},{""x"":-553,""y"":-341,""t"":1779},{""x"":-452,""y"":-307,""t"":1819},{""x"":-334,""y"":-259,""t"":1843},{""x"":-249,""y"":-198,""t"":1887},{""x"":-111,""y"":-135,""t"":1906},{""x"":-109,""y"":-153,""t"":1949},{""x"":28,""y"":-107,""t"":1977},{""x"":74,""y"":-92,""t"":2021},{""x"":105,""y"":-82,""t"":2043},{""x"":105,""y"":-48,""t"":2085},{""x"":98,""y"":-21,""t"":2115},{""x"":186,""y"":31,""t"":2159},{""x"":265,""y"":79,""t"":2179},{""x"":343,""y"":122,""t"":2224},{""x"":404,""y"":154,""t"":2249},{""x"":439,""y"":179,""t"":2295},{""x"":438,""y"":185,""t"":2312},{""x"":460,""y"":192,""t"":2354},{""x"":416,""y"":173,""t"":2392},{""x"":401,""y"":161,""t"":2435},{""x"":339,""y"":134,""t"":2455},{""x"":334,""y"":127,""t"":2497},{""x"":350,""y"":119,""t"":2523},{""x"":309,""y"":71,""t"":2573},{""x"":242,""y"":48,""t"":2587},{""x"":290,""y"":65,""t"":2630},{""x"":314,""y"":71,""t"":2663},{""x"":97,""y"":15,""t"":2709},{""x"":1,""y"":-2,""t"":2729},{""x"":-13,""y"":-7,""t"":2770},{""x"":13,""y"":9,""t"":2789},{""x"":-11,""y"":-55,""t"":2833},{""x"":-73,""y"":-87,""t"":2876},{""x"":-137,""y"":-105,""t"":2892},{""x"":-203,""y"":-159,""t"":2935},{""x"":-242,""y"":-179,""t"":2972},{""x"":-260,""y"":-184,""t"":2995},{""x"":-408,""y"":-254,""t"":3039},{""x"":-451,""y"":-282,""t"":3079},{""x"":-475,""y"":-292,""t"":3097},{""x"":-486,""y"":-285,""t"":3138},{""x"":-491,""y"":-268,""t"":3182},{""x"":-490,""y"":-250,""t"":3203},{""x"":-472,""y"":-205,""t"":3246},{""x"":-362,""y"":-165,""t"":3267},{""x"":-330,""y"":-112,""t"":3313},{""x"":-273,""y"":-79,""t"":3337},{""x"":-187,""y"":-16,""t"":3385},{""x"":-146,""y"":37,""t"":3400},{""x"":-119,""y"":63,""t"":3448},{""x"":-100,""y"":75,""t"":3474},{""x"":-71,""y"":97,""t"":3515},{""x"":-73,""y"":108,""t"":3538},{""x"":-129,""y"":78,""t"":3579},{""x"":-179,""y"":50,""t"":3610},{""x"":-154,""y"":42,""t"":3661},{""x"":-133,""y"":34,""t"":3676},{""x"":-97,""y"":71,""t"":3720},{""x"":-66,""y"":101,""t"":3742},{""x"":-26,""y"":105,""t"":3788},{""x"":-5,""y"":101,""t"":3826},{""x"":11,""y"":97,""t"":3843},{""x"":-63,""y"":28,""t"":3888},{""x"":-139,""y"":-37,""t"":3913},{""x"":-265,""y"":-123,""t"":3955},{""x"":-334,""y"":-200,""t"":3978},{""x"":-482,""y"":-267,""t"":4024},{""x"":-585,""y"":-337,""t"":4051},{""x"":-624,""y"":-331,""t"":4098},{""x"":-689,""y"":-352,""t"":4114},{""x"":-662,""y"":-345,""t"":4159},{""x"":-682,""y"":-378,""t"":4196},{""x"":-639,""y"":-355,""t"":4216},{""x"":-648,""y"":-353,""t"":4257},{""x"":-615,""y"":-323,""t"":4296},{""x"":-564,""y"":-278,""t"":4340},{""x"":-537,""y"":-241,""t"":4353},{""x"":-447,""y"":-217,""t"":4394},{""x"":-378,""y"":-191,""t"":4424},{""x"":-287,""y"":-178,""t"":4469},{""x"":-224,""y"":-152,""t"":4491},{""x"":-199,""y"":-130,""t"":4537},{""x"":-183,""y"":-112,""t"":4562},{""x"":-93,""y"":-77,""t"":4604},{""x"":-115,""y"":-82,""t"":4627},{""x"":6,""y"":-48,""t"":4674},{""x"":-25,""y"":-38,""t"":4699},{""x"":37,""y"":-27,""t"":4753},{""x"":42,""y"":-41,""t"":4765},{""x"":77,""y"":-48,""t"":4810},{""x"":120,""y"":-14,""t"":4830},{""x"":122,""y"":-9,""t"":4878},{""x"":115,""y"":-16,""t"":4899},{""x"":51,""y"":-19,""t"":4945},{""x"":26,""y"":-9,""t"":4968},{""x"":67,""y"":35,""t"":5015},{""x"":100,""y"":71,""t"":5032},{""x"":145,""y"":88,""t"":5076},{""x"":202,""y"":111,""t"":5113},{""x"":149,""y"":90,""t"":5164},{""x"":99,""y"":72,""t"":5172},{""x"":154,""y"":94,""t"":5215},{""x"":110,""y"":79,""t"":5241},{""x"":157,""y"":98,""t"":5286},{""x"":205,""y"":112,""t"":5305},{""x"":343,""y"":163,""t"":5348},{""x"":329,""y"":175,""t"":5386},{""x"":248,""y"":165,""t"":5411},{""x"":281,""y"":181,""t"":5454},{""x"":228,""y"":158,""t"":5475},{""x"":204,""y"":143,""t"":5516},{""x"":160,""y"":114,""t"":5559},{""x"":91,""y"":84,""t"":5598},{""x"":33,""y"":58,""t"":5611},{""x"":-26,""y"":48,""t"":5655},{""x"":-126,""y"":8,""t"":5694},{""x"":-128,""y"":8,""t"":5715},{""x"":-174,""y"":-43,""t"":5757},{""x"":-306,""y"":-105,""t"":5784},{""x"":-261,""y"":-104,""t"":5833},{""x"":-232,""y"":-114,""t"":5849},{""x"":-189,""y"":-101,""t"":5890},{""x"":-145,""y"":-97,""t"":5923},{""x"":-134,""y"":-68,""t"":5964},{""x"":-209,""y"":-89,""t"":5987},{""x"":-132,""y"":20,""t"":6031},{""x"":47,""y"":126,""t"":6056},{""x"":169,""y"":256,""t"":6101},{""x"":223,""y"":351,""t"":6120}]",1,0.2571423709795183,0.7428576290204817,mcutoff_b-last,0
27-alternatives,1,130,exp_56,1.0,594.1999999880791,0.41,0.21,1.7999999999999998,6.2,higher_p,higher_m,0,1,alternatives,0.0,False,0.7379999999999999,1.302,-0.5640000000000002,-0.3231885851028555,0.6,0.4,0.5,0.5,0.0,1.0,higher_p,higher_m,False,"{""durations"":[1500,1000,1500,1000],""alternatives"":[0,1,0,1],""attributes"":[""all"",""all"",""all"",""all""]}","[{""x"":-344,""y"":-171,""t"":-20},{""x"":-399,""y"":-178,""t"":0},{""x"":-414,""y"":-183,""t"":48},{""x"":-401,""y"":-177,""t"":69},{""x"":-344,""y"":-172,""t"":131},{""x"":-294,""y"":-164,""t"":144},{""x"":-338,""y"":-176,""t"":188},{""x"":-376,""y"":-186,""t"":205},{""x"":-495,""y"":-204,""t"":248},{""x"":-594,""y"":-239,""t"":279},{""x"":-789,""y"":-301,""t"":323},{""x"":-911,""y"":-329,""t"":342},{""x"":-957,""y"":-337,""t"":386},{""x"":-1034,""y"":-362,""t"":425},{""x"":-1012,""y"":-351,""t"":462},{""x"":-986,""y"":-340,""t"":477},{""x"":-911,""y"":-281,""t"":523},{""x"":-885,""y"":-300,""t"":550},{""x"":-858,""y"":-333,""t"":593},{""x"":-833,""y"":-356,""t"":615},{""x"":-728,""y"":-329,""t"":657},{""x"":-580,""y"":-282,""t"":695},{""x"":-479,""y"":-216,""t"":719},{""x"":-340,""y"":-174,""t"":765},{""x"":-336,""y"":-157,""t"":800},{""x"":-338,""y"":-146,""t"":823},{""x"":-283,""y"":-141,""t"":869},{""x"":-342,""y"":-158,""t"":887},{""x"":-407,""y"":-172,""t"":934},{""x"":-467,""y"":-209,""t"":957},{""x"":-444,""y"":-208,""t"":1011},{""x"":-460,""y"":-206,""t"":1025},{""x"":-347,""y"":-170,""t"":1069},{""x"":-400,""y"":-186,""t"":1095},{""x"":-355,""y"":-188,""t"":1144},{""x"":-285,""y"":-162,""t"":1163},{""x"":-299,""y"":-139,""t"":1209},{""x"":-330,""y"":-155,""t"":1225},{""x"":-386,""y"":-179,""t"":1272},{""x"":-425,""y"":-217,""t"":1293},{""x"":-438,""y"":-254,""t"":1338},{""x"":-461,""y"":-280,""t"":1367},{""x"":-460,""y"":-277,""t"":1417},{""x"":-476,""y"":-273,""t"":1431},{""x"":-411,""y"":-243,""t"":1475},{""x"":-354,""y"":-217,""t"":1503},{""x"":-325,""y"":-197,""t"":1550},{""x"":-355,""y"":-189,""t"":1567},{""x"":-370,""y"":-156,""t"":1610},{""x"":-339,""y"":-132,""t"":1640},{""x"":-323,""y"":-132,""t"":1693},{""x"":-259,""y"":-70,""t"":1728},{""x"":-271,""y"":-77,""t"":1753},{""x"":-254,""y"":-51,""t"":1780},{""x"":-130,""y"":5,""t"":1827},{""x"":-31,""y"":32,""t"":1837},{""x"":63,""y"":40,""t"":1881},{""x"":83,""y"":56,""t"":1919},{""x"":129,""y"":64,""t"":1944},{""x"":132,""y"":79,""t"":1988},{""x"":146,""y"":84,""t"":2023},{""x"":119,""y"":78,""t"":2042},{""x"":139,""y"":70,""t"":2088},{""x"":152,""y"":62,""t"":2109},{""x"":99,""y"":31,""t"":2153},{""x"":157,""y"":47,""t"":2187},{""x"":235,""y"":83,""t"":2224},{""x"":319,""y"":108,""t"":2247},{""x"":355,""y"":132,""t"":2292},{""x"":388,""y"":146,""t"":2319},{""x"":378,""y"":142,""t"":2366},{""x"":336,""y"":135,""t"":2381},{""x"":359,""y"":141,""t"":2424},{""x"":386,""y"":149,""t"":2472},{""x"":396,""y"":146,""t"":2484},{""x"":335,""y"":117,""t"":2525},{""x"":366,""y"":123,""t"":2568},{""x"":391,""y"":128,""t"":2591},{""x"":383,""y"":122,""t"":2655},{""x"":388,""y"":125,""t"":2705},{""x"":266,""y"":88,""t"":2741},{""x"":97,""y"":51,""t"":2780},{""x"":-45,""y"":21,""t"":2789},{""x"":-177,""y"":-18,""t"":2837},{""x"":-282,""y"":-43,""t"":2874},{""x"":-368,""y"":-95,""t"":2893},{""x"":-449,""y"":-116,""t"":2938},{""x"":-510,""y"":-131,""t"":2966},{""x"":-457,""y"":-78,""t"":3013},{""x"":-403,""y"":-32,""t"":3031},{""x"":-381,""y"":-66,""t"":3075},{""x"":-359,""y"":-95,""t"":3096},{""x"":-370,""y"":-103,""t"":3143},{""x"":-377,""y"":-108,""t"":3163},{""x"":-380,""y"":-148,""t"":3209},{""x"":-380,""y"":-182,""t"":3238},{""x"":-435,""y"":-192,""t"":3282},{""x"":-325,""y"":-178,""t"":3306},{""x"":-315,""y"":-179,""t"":3348},{""x"":-379,""y"":-203,""t"":3368},{""x"":-380,""y"":-183,""t"":3411},{""x"":-453,""y"":-235,""t"":3439},{""x"":-430,""y"":-247,""t"":3486},{""x"":-474,""y"":-277,""t"":3504},{""x"":-446,""y"":-290,""t"":3546},{""x"":-427,""y"":-311,""t"":3588},{""x"":-471,""y"":-317,""t"":3626},{""x"":-508,""y"":-321,""t"":3639},{""x"":-471,""y"":-302,""t"":3682},{""x"":-439,""y"":-284,""t"":3711},{""x"":-525,""y"":-312,""t"":3753},{""x"":-592,""y"":-307,""t"":3779},{""x"":-573,""y"":-309,""t"":3823},{""x"":-469,""y"":-263,""t"":3856},{""x"":-379,""y"":-224,""t"":3879},{""x"":-298,""y"":-157,""t"":3926},{""x"":-198,""y"":-96,""t"":3949},{""x"":-31,""y"":-34,""t"":3993},{""x"":57,""y"":-2,""t"":4013},{""x"":194,""y"":63,""t"":4054},{""x"":278,""y"":87,""t"":4093},{""x"":228,""y"":70,""t"":4142},{""x"":176,""y"":51,""t"":4153},{""x"":166,""y"":62,""t"":4198},{""x"":131,""y"":63,""t"":4223},{""x"":114,""y"":64,""t"":4268},{""x"":148,""y"":78,""t"":4287},{""x"":179,""y"":73,""t"":4330},{""x"":198,""y"":64,""t"":4359},{""x"":242,""y"":89,""t"":4403},{""x"":260,""y"":87,""t"":4424},{""x"":234,""y"":90,""t"":4463},{""x"":211,""y"":73,""t"":4494},{""x"":208,""y"":83,""t"":4540},{""x"":236,""y"":81,""t"":4558},{""x"":256,""y"":74,""t"":4603},{""x"":255,""y"":72,""t"":4632},{""x"":227,""y"":67,""t"":4679},{""x"":202,""y"":63,""t"":4695},{""x"":99,""y"":-12,""t"":4741},{""x"":48,""y"":-34,""t"":4765},{""x"":1,""y"":-53,""t"":4812},{""x"":-98,""y"":-96,""t"":4829},{""x"":-141,""y"":-118,""t"":4871},{""x"":-125,""y"":-118,""t"":4919},{""x"":-137,""y"":-142,""t"":4932},{""x"":-212,""y"":-164,""t"":4977},{""x"":-301,""y"":-180,""t"":5015},{""x"":-372,""y"":-191,""t"":5037},{""x"":-361,""y"":-161,""t"":5082},{""x"":-346,""y"":-133,""t"":5101},{""x"":-392,""y"":-142,""t"":5144},{""x"":-533,""y"":-187,""t"":5181},{""x"":-441,""y"":-149,""t"":5211},{""x"":-366,""y"":-157,""t"":5257},{""x"":-277,""y"":-152,""t"":5271},{""x"":-228,""y"":-155,""t"":5316},{""x"":-121,""y"":-109,""t"":5352},{""x"":-35,""y"":-72,""t"":5375},{""x"":-18,""y"":-68,""t"":5431},{""x"":-10,""y"":-57,""t"":5441},{""x"":-13,""y"":-78,""t"":5483},{""x"":6,""y"":47,""t"":5530},{""x"":96,""y"":153,""t"":5543},{""x"":234,""y"":269,""t"":5586},{""x"":258,""y"":333,""t"":5622},{""x"":273,""y"":382,""t"":5648},{""x"":378,""y"":501,""t"":5693},{""x"":312,""y"":521,""t"":5736},{""x"":258,""y"":544,""t"":5751},{""x"":257,""y"":522,""t"":5798},{""x"":227,""y"":502,""t"":5815},{""x"":134,""y"":382,""t"":5858},{""x"":115,""y"":304,""t"":5885},{""x"":32,""y"":210,""t"":5931},{""x"":-51,""y"":125,""t"":5958},{""x"":-59,""y"":75,""t"":6001},{""x"":-62,""y"":35,""t"":6023},{""x"":-27,""y"":22,""t"":6063},{""x"":-1,""y"":-6,""t"":6104},{""x"":-9,""y"":-1,""t"":6146},{""x"":-15,""y"":7,""t"":6155}]",0,0.7428576290204817,0.2571423709795183,mcutoff_b-last,0
27-alternatives,1,131,exp_66,1.0,918.3000000119208,0.72,0.51,4.2,5.2,higher_p,higher_m,0,1,alternatives,0.0,False,3.024,2.652,0.3719999999999999,0.64020159214642,0.6,0.4,0.5,0.5,0.0,0.0,higher_p,higher_p,False,"{""durations"":[1000,1500,1000,1500],""alternatives"":[1,0,1,0],""attributes"":[""all"",""all"",""all"",""all""]}","[{""x"":-385,""y"":-217,""t"":0},{""x"":-478,""y"":-266,""t"":40},{""x"":-400,""y"":-221,""t"":98},{""x"":-326,""y"":-205,""t"":111},{""x"":-324,""y"":-200,""t"":154},{""x"":-314,""y"":-193,""t"":187},{""x"":-335,""y"":-199,""t"":212},{""x"":-271,""y"":-166,""t"":257},{""x"":-433,""y"":-224,""t"":291},{""x"":-398,""y"":-224,""t"":307},{""x"":-407,""y"":-240,""t"":353},{""x"":-402,""y"":-243,""t"":376},{""x"":-465,""y"":-281,""t"":420},{""x"":-438,""y"":-275,""t"":450},{""x"":-577,""y"":-316,""t"":492},{""x"":-573,""y"":-304,""t"":515},{""x"":-574,""y"":-272,""t"":556},{""x"":-521,""y"":-220,""t"":592},{""x"":-444,""y"":-150,""t"":642},{""x"":-260,""y"":-45,""t"":652},{""x"":-200,""y"":-4,""t"":696},{""x"":-152,""y"":28,""t"":718},{""x"":-154,""y"":31,""t"":761},{""x"":-160,""y"":31,""t"":786},{""x"":-123,""y"":56,""t"":829},{""x"":-84,""y"":79,""t"":851},{""x"":-111,""y"":60,""t"":902},{""x"":-173,""y"":-6,""t"":926},{""x"":-220,""y"":-41,""t"":971},{""x"":-181,""y"":-53,""t"":987},{""x"":-332,""y"":-82,""t"":1031},{""x"":-391,""y"":-131,""t"":1059},{""x"":-438,""y"":-184,""t"":1108},{""x"":-506,""y"":-223,""t"":1129},{""x"":-539,""y"":-253,""t"":1172},{""x"":-578,""y"":-282,""t"":1192},{""x"":-455,""y"":-235,""t"":1239},{""x"":-456,""y"":-228,""t"":1266},{""x"":-377,""y"":-190,""t"":1308},{""x"":-262,""y"":-179,""t"":1346},{""x"":-165,""y"":-168,""t"":1362},{""x"":-64,""y"":-123,""t"":1405},{""x"":19,""y"":-84,""t"":1429},{""x"":59,""y"":-53,""t"":1474},{""x"":-20,""y"":-51,""t"":1512},{""x"":22,""y"":-26,""t"":1545},{""x"":88,""y"":8,""t"":1585},{""x"":98,""y"":-4,""t"":1603},{""x"":131,""y"":38,""t"":1646},{""x"":176,""y"":61,""t"":1684},{""x"":219,""y"":63,""t"":1706},{""x"":277,""y"":94,""t"":1748},{""x"":318,""y"":107,""t"":1771},{""x"":399,""y"":122,""t"":1813},{""x"":456,""y"":137,""t"":1851},{""x"":499,""y"":148,""t"":1872},{""x"":526,""y"":169,""t"":1916},{""x"":579,""y"":216,""t"":1958},{""x"":620,""y"":254,""t"":1975},{""x"":576,""y"":242,""t"":2022},{""x"":597,""y"":253,""t"":2050},{""x"":505,""y"":219,""t"":2090},{""x"":433,""y"":194,""t"":2123},{""x"":467,""y"":199,""t"":2164},{""x"":496,""y"":203,""t"":2182},{""x"":433,""y"":196,""t"":2228},{""x"":363,""y"":182,""t"":2248},{""x"":293,""y"":133,""t"":2293},{""x"":220,""y"":101,""t"":2312},{""x"":273,""y"":98,""t"":2354},{""x"":206,""y"":58,""t"":2401},{""x"":127,""y"":25,""t"":2414},{""x"":108,""y"":52,""t"":2458},{""x"":96,""y"":77,""t"":2482},{""x"":139,""y"":81,""t"":2524},{""x"":136,""y"":58,""t"":2573},{""x"":173,""y"":37,""t"":2589},{""x"":147,""y"":51,""t"":2633},{""x"":125,""y"":64,""t"":2659},{""x"":172,""y"":108,""t"":2703},{""x"":155,""y"":93,""t"":2738},{""x"":135,""y"":69,""t"":2755},{""x"":107,""y"":72,""t"":2795},{""x"":-84,""y"":18,""t"":2845},{""x"":-244,""y"":-28,""t"":2858},{""x"":-280,""y"":-69,""t"":2903},{""x"":-296,""y"":-115,""t"":2936},{""x"":-332,""y"":-145,""t"":2982},{""x"":-374,""y"":-171,""t"":2998},{""x"":-496,""y"":-259,""t"":3062},{""x"":-529,""y"":-305,""t"":3102},{""x"":-547,""y"":-289,""t"":3146},{""x"":-438,""y"":-216,""t"":3170},{""x"":-440,""y"":-196,""t"":3214},{""x"":-351,""y"":-130,""t"":3235},{""x"":-369,""y"":-132,""t"":3279},{""x"":-296,""y"":-97,""t"":3299},{""x"":-306,""y"":-102,""t"":3343},{""x"":-301,""y"":-97,""t"":3368},{""x"":-332,""y"":-90,""t"":3415},{""x"":-341,""y"":-95,""t"":3442},{""x"":-396,""y"":-140,""t"":3483},{""x"":-345,""y"":-183,""t"":3506},{""x"":-360,""y"":-212,""t"":3547},{""x"":-392,""y"":-242,""t"":3586},{""x"":-419,""y"":-267,""t"":3610},{""x"":-523,""y"":-311,""t"":3652},{""x"":-547,""y"":-305,""t"":3693},{""x"":-596,""y"":-325,""t"":3710},{""x"":-584,""y"":-320,""t"":3757},{""x"":-580,""y"":-319,""t"":3778},{""x"":-401,""y"":-251,""t"":3824},{""x"":-257,""y"":-194,""t"":3842},{""x"":-159,""y"":-137,""t"":3887},{""x"":-86,""y"":-69,""t"":3912},{""x"":-27,""y"":-37,""t"":3959},{""x"":19,""y"":-12,""t"":3978},{""x"":92,""y"":12,""t"":4022},{""x"":131,""y"":13,""t"":4060},{""x"":63,""y"":-16,""t"":4083},{""x"":96,""y"":25,""t"":4131},{""x"":90,""y"":31,""t"":4152},{""x"":105,""y"":25,""t"":4196},{""x"":120,""y"":38,""t"":4221},{""x"":138,""y"":55,""t"":4264},{""x"":306,""y"":142,""t"":4305},{""x"":336,""y"":168,""t"":4329},{""x"":236,""y"":236,""t"":4371},{""x"":165,""y"":280,""t"":4386},{""x"":228,""y"":409,""t"":4430},{""x"":288,""y"":488,""t"":4459},{""x"":210,""y"":470,""t"":4500},{""x"":136,""y"":458,""t"":4523},{""x"":197,""y"":444,""t"":4566},{""x"":137,""y"":351,""t"":4612},{""x"":41,""y"":275,""t"":4626},{""x"":6,""y"":190,""t"":4668},{""x"":-15,""y"":127,""t"":4706},{""x"":-21,""y"":78,""t"":4731},{""x"":24,""y"":36,""t"":4775},{""x"":-54,""y"":-25,""t"":4802},{""x"":-27,""y"":-29,""t"":4847},{""x"":-2,""y"":-29,""t"":4870},{""x"":-48,""y"":-66,""t"":4912},{""x"":-87,""y"":-96,""t"":4936},{""x"":-130,""y"":-124,""t"":4984},{""x"":-142,""y"":-142,""t"":4999},{""x"":-150,""y"":-155,""t"":5051},{""x"":-84,""y"":-133,""t"":5098},{""x"":-26,""y"":-111,""t"":5107},{""x"":-30,""y"":-105,""t"":5150},{""x"":-89,""y"":-137,""t"":5171},{""x"":-83,""y"":-117,""t"":5211},{""x"":-41,""y"":-91,""t"":5242},{""x"":-44,""y"":-90,""t"":5288},{""x"":-64,""y"":-73,""t"":5313},{""x"":-152,""y"":-101,""t"":5358},{""x"":-149,""y"":-51,""t"":5379},{""x"":-164,""y"":-14,""t"":5423},{""x"":-211,""y"":-31,""t"":5459},{""x"":-258,""y"":-33,""t"":5474},{""x"":-201,""y"":-14,""t"":5516},{""x"":-138,""y"":6,""t"":5547},{""x"":-35,""y"":87,""t"":5588},{""x"":10,""y"":144,""t"":5610},{""x"":75,""y"":230,""t"":5655},{""x"":128,""y"":301,""t"":5682},{""x"":222,""y"":358,""t"":5728},{""x"":273,""y"":405,""t"":5766},{""x"":348,""y"":423,""t"":5784},{""x"":478,""y"":484,""t"":5827},{""x"":482,""y"":484,""t"":5864},{""x"":559,""y"":532,""t"":5890},{""x"":572,""y"":525,""t"":5933},{""x"":576,""y"":527,""t"":5954},{""x"":562,""y"":557,""t"":5999},{""x"":557,""y"":575,""t"":6022},{""x"":395,""y"":530,""t"":6066},{""x"":242,""y"":428,""t"":6102},{""x"":112,""y"":339,""t"":6120},{""x"":-7,""y"":246,""t"":6166},{""x"":-104,""y"":170,""t"":6210},{""x"":-153,""y"":113,""t"":6227},{""x"":-239,""y"":20,""t"":6269},{""x"":-325,""y"":-76,""t"":6307},{""x"":-389,""y"":-126,""t"":6356},{""x"":-361,""y"":-144,""t"":6365},{""x"":-386,""y"":-194,""t"":6409},{""x"":-454,""y"":-223,""t"":6427},{""x"":-519,""y"":-283,""t"":6467}]",0,0.7428576290204817,0.2571423709795183,mcutoff_b-last,0
27-alternatives,1,135,catch_18,1.0,115.10000002384186,0.19,0.37,3.1,3.8,dominated,dominant,1,1,alternatives,0.0,False,0.5890000000000001,1.406,-0.8169999999999998,-0.5835921266029265,0.5,0.5,0.5,0.5,,1.0,,dominant,True,"{""durations"":[1250,1250,1250,1250],""attributes"":[""all"",""all"",""all"",""all""],""alternatives"":[0,1,0,1]}","[{""x"":53,""y"":17,""t"":-11},{""x"":63,""y"":17,""t"":0},{""x"":38,""y"":28,""t"":46},{""x"":15,""y"":38,""t"":68},{""x"":11,""y"":42,""t"":139},{""x"":29,""y"":41,""t"":193},{""x"":45,""y"":40,""t"":210},{""x"":6,""y"":48,""t"":257},{""x"":-44,""y"":43,""t"":274},{""x"":-258,""y"":-69,""t"":322},{""x"":-361,""y"":-132,""t"":346},{""x"":-430,""y"":-206,""t"":390},{""x"":-468,""y"":-221,""t"":425},{""x"":-552,""y"":-241,""t"":459},{""x"":-534,""y"":-204,""t"":477},{""x"":-496,""y"":-166,""t"":522},{""x"":-431,""y"":-107,""t"":560},{""x"":-343,""y"":-50,""t"":585},{""x"":-276,""y"":1,""t"":627},{""x"":-219,""y"":43,""t"":650},{""x"":-219,""y"":43,""t"":693},{""x"":-134,""y"":81,""t"":720},{""x"":-160,""y"":60,""t"":767},{""x"":-94,""y"":90,""t"":783},{""x"":-41,""y"":91,""t"":826},{""x"":-82,""y"":44,""t"":858},{""x"":-57,""y"":10,""t"":905},{""x"":-37,""y"":-20,""t"":922},{""x"":-53,""y"":-50,""t"":965},{""x"":-200,""y"":-94,""t"":987},{""x"":-185,""y"":-90,""t"":1030},{""x"":-186,""y"":-123,""t"":1082},{""x"":-203,""y"":-146,""t"":1093},{""x"":-223,""y"":-154,""t"":1134},{""x"":-305,""y"":-178,""t"":1184},{""x"":-335,""y"":-176,""t"":1194},{""x"":-368,""y"":-182,""t"":1239},{""x"":-304,""y"":-160,""t"":1278},{""x"":-302,""y"":-161,""t"":1292},{""x"":-328,""y"":-163,""t"":1333},{""x"":-328,""y"":-155,""t"":1379},{""x"":-311,""y"":-114,""t"":1401},{""x"":-307,""y"":-128,""t"":1445},{""x"":-283,""y"":-129,""t"":1469},{""x"":-169,""y"":-94,""t"":1516},{""x"":-90,""y"":-50,""t"":1535},{""x"":-51,""y"":-40,""t"":1577},{""x"":7,""y"":-12,""t"":1616},{""x"":70,""y"":15,""t"":1633},{""x"":214,""y"":77,""t"":1678},{""x"":261,""y"":115,""t"":1705},{""x"":268,""y"":122,""t"":1747},{""x"":241,""y"":100,""t"":1770},{""x"":258,""y"":83,""t"":1827},{""x"":310,""y"":106,""t"":1836},{""x"":440,""y"":161,""t"":1881},{""x"":529,""y"":189,""t"":1922},{""x"":594,""y"":218,""t"":1946},{""x"":605,""y"":238,""t"":1987},{""x"":569,""y"":222,""t"":2027},{""x"":543,""y"":215,""t"":2041},{""x"":494,""y"":190,""t"":2084},{""x"":360,""y"":150,""t"":2114},{""x"":285,""y"":123,""t"":2159},{""x"":188,""y"":102,""t"":2197},{""x"":95,""y"":87,""t"":2218},{""x"":67,""y"":36,""t"":2267},{""x"":57,""y"":11,""t"":2281},{""x"":24,""y"":-13,""t"":2327},{""x"":-38,""y"":-47,""t"":2351},{""x"":-12,""y"":-46,""t"":2400},{""x"":-71,""y"":-74,""t"":2415},{""x"":-22,""y"":-44,""t"":2461},{""x"":23,""y"":-16,""t"":2489},{""x"":72,""y"":-2,""t"":2531},{""x"":102,""y"":6,""t"":2554},{""x"":140,""y"":18,""t"":2597},{""x"":171,""y"":28,""t"":2623},{""x"":69,""y"":-12,""t"":2670},{""x"":-122,""y"":-86,""t"":2688},{""x"":-241,""y"":-158,""t"":2732},{""x"":-343,""y"":-213,""t"":2761},{""x"":-405,""y"":-218,""t"":2802},{""x"":-521,""y"":-260,""t"":2825},{""x"":-522,""y"":-251,""t"":2870},{""x"":-711,""y"":-303,""t"":2891},{""x"":-614,""y"":-245,""t"":2937},{""x"":-500,""y"":-219,""t"":2962},{""x"":-487,""y"":-227,""t"":3007},{""x"":-482,""y"":-224,""t"":3028},{""x"":-456,""y"":-198,""t"":3074},{""x"":-454,""y"":-159,""t"":3106},{""x"":-468,""y"":-155,""t"":3129},{""x"":-388,""y"":-128,""t"":3176},{""x"":-374,""y"":-109,""t"":3199},{""x"":-310,""y"":-40,""t"":3241},{""x"":-209,""y"":-7,""t"":3272},{""x"":-194,""y"":11,""t"":3320},{""x"":-184,""y"":23,""t"":3337},{""x"":-160,""y"":51,""t"":3380},{""x"":-166,""y"":40,""t"":3401},{""x"":-89,""y"":82,""t"":3446},{""x"":-44,""y"":100,""t"":3471},{""x"":53,""y"":138,""t"":3518},{""x"":150,""y"":170,""t"":3537},{""x"":259,""y"":201,""t"":3581},{""x"":335,""y"":231,""t"":3624},{""x"":350,""y"":222,""t"":3642},{""x"":479,""y"":245,""t"":3686},{""x"":533,""y"":255,""t"":3709},{""x"":575,""y"":251,""t"":3754},{""x"":595,""y"":257,""t"":3782},{""x"":569,""y"":225,""t"":3828},{""x"":541,""y"":197,""t"":3845},{""x"":500,""y"":159,""t"":3891},{""x"":461,""y"":127,""t"":3912},{""x"":459,""y"":137,""t"":3955},{""x"":447,""y"":131,""t"":3985},{""x"":480,""y"":134,""t"":4029},{""x"":473,""y"":160,""t"":4065},{""x"":452,""y"":170,""t"":4082},{""x"":397,""y"":136,""t"":4129},{""x"":402,""y"":125,""t"":4154},{""x"":299,""y"":77,""t"":4199},{""x"":192,""y"":55,""t"":4217},{""x"":231,""y"":64,""t"":4260},{""x"":270,""y"":54,""t"":4287},{""x"":213,""y"":18,""t"":4332},{""x"":159,""y"":-5,""t"":4353},{""x"":181,""y"":3,""t"":4396},{""x"":112,""y"":-25,""t"":4443},{""x"":59,""y"":-46,""t"":4456},{""x"":34,""y"":-51,""t"":4498},{""x"":55,""y"":-35,""t"":4539},{""x"":52,""y"":-23,""t"":4561},{""x"":142,""y"":5,""t"":4606},{""x"":186,""y"":29,""t"":4633},{""x"":146,""y"":50,""t"":4679},{""x"":213,""y"":76,""t"":4698},{""x"":201,""y"":87,""t"":4742},{""x"":251,""y"":116,""t"":4763},{""x"":290,""y"":123,""t"":4805},{""x"":408,""y"":177,""t"":4830},{""x"":361,""y"":149,""t"":4872},{""x"":194,""y"":72,""t"":4922},{""x"":220,""y"":87,""t"":4933},{""x"":183,""y"":73,""t"":4979},{""x"":220,""y"":82,""t"":5019},{""x"":253,""y"":99,""t"":5036},{""x"":282,""y"":122,""t"":5083},{""x"":322,""y"":115,""t"":5104},{""x"":425,""y"":161,""t"":5148},{""x"":402,""y"":161,""t"":5170},{""x"":510,""y"":215,""t"":5214},{""x"":532,""y"":216,""t"":5243},{""x"":560,""y"":242,""t"":5294},{""x"":580,""y"":262,""t"":5304},{""x"":669,""y"":306,""t"":5352},{""x"":649,""y"":313,""t"":5375},{""x"":600,""y"":289,""t"":5420},{""x"":560,""y"":268,""t"":5451},{""x"":593,""y"":294,""t"":5494},{""x"":627,""y"":319,""t"":5514},{""x"":582,""y"":292,""t"":5557},{""x"":595,""y"":280,""t"":5578},{""x"":666,""y"":315,""t"":5622},{""x"":725,""y"":344,""t"":5651}]",1,0.2571423709795183,0.7428576290204817,mcutoff_b-last,0
27-alternatives,1,136,exp_118,1.0,1038.0999999940395,0.49,0.22,4.2,7.9,higher_p,higher_m,0,1,alternatives,0.0,False,2.058,1.738,0.3199999999999998,0.5866799156325714,0.4,0.6,0.5,0.5,1.0,1.0,higher_m,higher_m,False,"{""durations"":[1000,1500,1000,1500],""alternatives"":[0,1,0,1],""attributes"":[""all"",""all"",""all"",""all""]}","[{""x"":-204,""y"":-48,""t"":0},{""x"":-152,""y"":-38,""t"":38},{""x"":-101,""y"":-22,""t"":88},{""x"":-150,""y"":-39,""t"":126},{""x"":-208,""y"":-64,""t"":139},{""x"":-242,""y"":-74,""t"":185},{""x"":-293,""y"":-102,""t"":210},{""x"":-423,""y"":-161,""t"":254},{""x"":-531,""y"":-211,""t"":276},{""x"":-652,""y"":-128,""t"":317},{""x"":-558,""y"":-17,""t"":342},{""x"":-419,""y"":136,""t"":387},{""x"":-296,""y"":253,""t"":411},{""x"":-205,""y"":250,""t"":456},{""x"":-44,""y"":287,""t"":484},{""x"":-12,""y"":272,""t"":534},{""x"":1,""y"":226,""t"":552},{""x"":11,""y"":188,""t"":607},{""x"":52,""y"":182,""t"":635},{""x"":53,""y"":136,""t"":663},{""x"":174,""y"":146,""t"":708},{""x"":263,""y"":155,""t"":720},{""x"":223,""y"":105,""t"":766},{""x"":234,""y"":85,""t"":804},{""x"":213,""y"":57,""t"":820},{""x"":199,""y"":57,""t"":871},{""x"":257,""y"":89,""t"":889},{""x"":187,""y"":77,""t"":934},{""x"":271,""y"":115,""t"":953},{""x"":205,""y"":65,""t"":996},{""x"":218,""y"":70,""t"":1029},{""x"":184,""y"":65,""t"":1055},{""x"":212,""y"":80,""t"":1104},{""x"":246,""y"":88,""t"":1124},{""x"":294,""y"":107,""t"":1165},{""x"":351,""y"":132,""t"":1195},{""x"":317,""y"":107,""t"":1238},{""x"":285,""y"":85,""t"":1259},{""x"":148,""y"":33,""t"":1304},{""x"":-1,""y"":-15,""t"":1332},{""x"":-267,""y"":-80,""t"":1377},{""x"":-557,""y"":-175,""t"":1395},{""x"":-761,""y"":-267,""t"":1441},{""x"":-930,""y"":-336,""t"":1467},{""x"":-959,""y"":-346,""t"":1514},{""x"":-969,""y"":-349,""t"":1532},{""x"":-936,""y"":-357,""t"":1573},{""x"":-1026,""y"":-371,""t"":1603},{""x"":-984,""y"":-341,""t"":1648},{""x"":-901,""y"":-306,""t"":1672},{""x"":-823,""y"":-284,""t"":1715},{""x"":-822,""y"":-301,""t"":1736},{""x"":-892,""y"":-355,""t"":1778},{""x"":-970,""y"":-382,""t"":1813},{""x"":-963,""y"":-403,""t"":1849},{""x"":-904,""y"":-375,""t"":1890},{""x"":-849,""y"":-392,""t"":1907},{""x"":-713,""y"":-331,""t"":1950},{""x"":-760,""y"":-320,""t"":1979},{""x"":-632,""y"":-284,""t"":2023},{""x"":-682,""y"":-275,""t"":2060},{""x"":-728,""y"":-269,""t"":2076},{""x"":-720,""y"":-284,""t"":2134},{""x"":-598,""y"":-235,""t"":2145},{""x"":-456,""y"":-214,""t"":2195},{""x"":-362,""y"":-184,""t"":2212},{""x"":-422,""y"":-202,""t"":2252},{""x"":-478,""y"":-243,""t"":2292},{""x"":-498,""y"":-289,""t"":2315},{""x"":-565,""y"":-360,""t"":2358},{""x"":-598,""y"":-410,""t"":2401},{""x"":-728,""y"":-462,""t"":2419},{""x"":-668,""y"":-468,""t"":2466},{""x"":-721,""y"":-503,""t"":2484},{""x"":-822,""y"":-569,""t"":2530},{""x"":-984,""y"":-615,""t"":2553},{""x"":-913,""y"":-549,""t"":2597},{""x"":-892,""y"":-528,""t"":2619},{""x"":-848,""y"":-482,""t"":2669},{""x"":-807,""y"":-441,""t"":2692},{""x"":-810,""y"":-445,""t"":2735},{""x"":-757,""y"":-393,""t"":2770},{""x"":-530,""y"":-264,""t"":2793},{""x"":-446,""y"":-223,""t"":2835},{""x"":-365,""y"":-172,""t"":2873},{""x"":-332,""y"":-161,""t"":2890},{""x"":-392,""y"":-167,""t"":2935},{""x"":-534,""y"":-190,""t"":2980},{""x"":-499,""y"":-178,""t"":2995},{""x"":-333,""y"":-132,""t"":3037},{""x"":-226,""y"":-103,""t"":3067},{""x"":-45,""y"":-67,""t"":3110},{""x"":157,""y"":-9,""t"":3131},{""x"":238,""y"":38,""t"":3177},{""x"":348,""y"":75,""t"":3203},{""x"":530,""y"":153,""t"":3249},{""x"":689,""y"":217,""t"":3287},{""x"":784,""y"":259,""t"":3304},{""x"":685,""y"":201,""t"":3348},{""x"":588,""y"":147,""t"":3370},{""x"":576,""y"":135,""t"":3411},{""x"":572,""y"":131,""t"":3452},{""x"":472,""y"":96,""t"":3476},{""x"":555,""y"":126,""t"":3520},{""x"":624,""y"":150,""t"":3540},{""x"":646,""y"":171,""t"":3587},{""x"":662,""y"":187,""t"":3609},{""x"":607,""y"":172,""t"":3654},{""x"":532,""y"":151,""t"":3673},{""x"":284,""y"":56,""t"":3720},{""x"":146,""y"":15,""t"":3746},{""x"":-135,""y"":-69,""t"":3788},{""x"":-283,""y"":-118,""t"":3831},{""x"":-333,""y"":-131,""t"":3843},{""x"":-427,""y"":-160,""t"":3900},{""x"":-493,""y"":-185,""t"":3916},{""x"":-507,""y"":-213,""t"":3960},{""x"":-587,""y"":-257,""t"":3979},{""x"":-698,""y"":-277,""t"":4023},{""x"":-819,""y"":-373,""t"":4066},{""x"":-802,""y"":-407,""t"":4083},{""x"":-819,""y"":-443,""t"":4127},{""x"":-891,""y"":-492,""t"":4163},{""x"":-945,""y"":-528,""t"":4187},{""x"":-954,""y"":-525,""t"":4233},{""x"":-903,""y"":-501,""t"":4251},{""x"":-931,""y"":-497,""t"":4292},{""x"":-979,""y"":-483,""t"":4322},{""x"":-949,""y"":-456,""t"":4368},{""x"":-991,""y"":-430,""t"":4406},{""x"":-1019,""y"":-404,""t"":4425},{""x"":-802,""y"":-303,""t"":4468},{""x"":-645,""y"":-229,""t"":4489},{""x"":-685,""y"":-192,""t"":4531},{""x"":-602,""y"":-24,""t"":4570},{""x"":-306,""y"":113,""t"":4594},{""x"":-98,""y"":245,""t"":4635},{""x"":59,""y"":384,""t"":4674},{""x"":249,""y"":531,""t"":4698},{""x"":402,""y"":632,""t"":4742},{""x"":569,""y"":700,""t"":4761},{""x"":777,""y"":711,""t"":4807},{""x"":803,""y"":677,""t"":4852},{""x"":691,""y"":597,""t"":4863},{""x"":554,""y"":485,""t"":4917},{""x"":504,""y"":419,""t"":4933},{""x"":468,""y"":330,""t"":4974},{""x"":292,""y"":211,""t"":5015},{""x"":141,""y"":108,""t"":5033},{""x"":95,""y"":94,""t"":5079},{""x"":19,""y"":86,""t"":5101},{""x"":-108,""y"":56,""t"":5147},{""x"":-311,""y"":-35,""t"":5179},{""x"":-315,""y"":-15,""t"":5226},{""x"":-311,""y"":7,""t"":5242},{""x"":-225,""y"":54,""t"":5287},{""x"":-115,""y"":88,""t"":5311},{""x"":-48,""y"":115,""t"":5354},{""x"":4,""y"":141,""t"":5379},{""x"":98,""y"":207,""t"":5423},{""x"":174,""y"":233,""t"":5442},{""x"":304,""y"":305,""t"":5488},{""x"":411,""y"":369,""t"":5515},{""x"":513,""y"":424,""t"":5560},{""x"":533,""y"":472,""t"":5579},{""x"":590,""y"":492,""t"":5622},{""x"":559,""y"":450,""t"":5657},{""x"":551,""y"":419,""t"":5685},{""x"":512,""y"":380,""t"":5726},{""x"":474,""y"":345,""t"":5750},{""x"":510,""y"":324,""t"":5793},{""x"":443,""y"":249,""t"":5834},{""x"":396,""y"":202,""t"":5853},{""x"":313,""y"":185,""t"":5899},{""x"":242,""y"":172,""t"":5919},{""x"":191,""y"":144,""t"":5963},{""x"":126,""y"":142,""t"":5987},{""x"":32,""y"":71,""t"":6029},{""x"":-74,""y"":41,""t"":6059},{""x"":-94,""y"":20,""t"":6108},{""x"":-104,""y"":4,""t"":6123},{""x"":-65,""y"":10,""t"":6165},{""x"":-115,""y"":-5,""t"":6204},{""x"":-191,""y"":-19,""t"":6227},{""x"":-222,""y"":-10,""t"":6272},{""x"":-244,""y"":-1,""t"":6291},{""x"":-210,""y"":27,""t"":6334},{""x"":-155,""y"":50,""t"":6377},{""x"":-105,""y"":70,""t"":6393},{""x"":-63,""y"":90,""t"":6440},{""x"":-26,""y"":106,""t"":6467},{""x"":-51,""y"":87,""t"":6517},{""x"":-116,""y"":52,""t"":6531}]",0,0.2571423709795183,0.7428576290204817,mcutoff_b-last,0
27-alternatives,1,139,exp_16,0.0,428.2999999821186,0.28,0.17,4.3,8.3,higher_p,higher_m,0,1,alternatives,0.0,False,1.204,1.4110000000000005,-0.2070000000000003,0.0442583094249128,0.6,0.4,0.5,0.5,0.0,1.0,higher_p,higher_m,True,"{""durations"":[1500,1000,1500,1000],""alternatives"":[0,1,0,1],""attributes"":[""all"",""all"",""all"",""all""]}","[{""x"":-11,""y"":57,""t"":0},{""x"":-47,""y"":41,""t"":42},{""x"":-64,""y"":34,""t"":83},{""x"":-76,""y"":28,""t"":122},{""x"":-84,""y"":2,""t"":157},{""x"":-63,""y"":21,""t"":171},{""x"":-141,""y"":-10,""t"":215},{""x"":-48,""y"":38,""t"":258},{""x"":31,""y"":83,""t"":274},{""x"":14,""y"":75,""t"":330},{""x"":-57,""y"":51,""t"":341},{""x"":-129,""y"":5,""t"":383},{""x"":-200,""y"":-17,""t"":418},{""x"":-227,""y"":-66,""t"":443},{""x"":-385,""y"":-138,""t"":488},{""x"":-397,""y"":-134,""t"":529},{""x"":-485,""y"":-165,""t"":545},{""x"":-449,""y"":-132,""t"":598},{""x"":-467,""y"":-156,""t"":632},{""x"":-359,""y"":-122,""t"":674},{""x"":-275,""y"":-102,""t"":684},{""x"":-227,""y"":-63,""t"":726},{""x"":-186,""y"":-30,""t"":754},{""x"":-150,""y"":12,""t"":799},{""x"":-158,""y"":12,""t"":825},{""x"":-154,""y"":24,""t"":866},{""x"":-107,""y"":70,""t"":889},{""x"":-141,""y"":39,""t"":932},{""x"":-171,""y"":10,""t"":955},{""x"":-173,""y"":13,""t"":997},{""x"":-156,""y"":26,""t"":1036},{""x"":-151,""y"":15,""t"":1069},{""x"":-137,""y"":23,""t"":1106},{""x"":-126,""y"":29,""t"":1123},{""x"":-140,""y"":2,""t"":1166},{""x"":-154,""y"":-27,""t"":1210},{""x"":-167,""y"":-52,""t"":1226},{""x"":-169,""y"":-48,""t"":1291},{""x"":-182,""y"":-42,""t"":1302},{""x"":-236,""y"":-75,""t"":1349},{""x"":-301,""y"":-97,""t"":1361},{""x"":-346,""y"":-125,""t"":1427},{""x"":-336,""y"":-127,""t"":1436},{""x"":-453,""y"":-165,""t"":1483},{""x"":-511,""y"":-170,""t"":1498},{""x"":-552,""y"":-175,""t"":1543},{""x"":-501,""y"":-133,""t"":1581},{""x"":-441,""y"":-96,""t"":1599},{""x"":-438,""y"":-125,""t"":1645},{""x"":-385,""y"":-126,""t"":1679},{""x"":-364,""y"":-130,""t"":1724},{""x"":-402,""y"":-149,""t"":1735},{""x"":-366,""y"":-114,""t"":1777},{""x"":-335,""y"":-83,""t"":1803},{""x"":-174,""y"":-13,""t"":1846},{""x"":-75,""y"":20,""t"":1874},{""x"":-10,""y"":59,""t"":1920},{""x"":-23,""y"":20,""t"":1938},{""x"":91,""y"":88,""t"":1984},{""x"":140,""y"":186,""t"":2019},{""x"":181,""y"":302,""t"":2057},{""x"":205,""y"":379,""t"":2075},{""x"":88,""y"":400,""t"":2117},{""x"":-17,""y"":413,""t"":2146},{""x"":157,""y"":439,""t"":2189},{""x"":295,""y"":483,""t"":2217},{""x"":321,""y"":440,""t"":2264},{""x"":387,""y"":385,""t"":2282},{""x"":407,""y"":328,""t"":2325},{""x"":379,""y"":272,""t"":2352},{""x"":388,""y"":239,""t"":2397},{""x"":393,""y"":213,""t"":2416},{""x"":319,""y"":162,""t"":2461},{""x"":217,""y"":119,""t"":2489},{""x"":222,""y"":114,""t"":2534},{""x"":127,""y"":81,""t"":2570},{""x"":32,""y"":25,""t"":2586},{""x"":-40,""y"":3,""t"":2629},{""x"":-98,""y"":-12,""t"":2658},{""x"":-42,""y"":-15,""t"":2701},{""x"":-10,""y"":-33,""t"":2729},{""x"":-3,""y"":-17,""t"":2770},{""x"":-138,""y"":-79,""t"":2793},{""x"":-254,""y"":-156,""t"":2839},{""x"":-363,""y"":-208,""t"":2858},{""x"":-492,""y"":-253,""t"":2900},{""x"":-569,""y"":-278,""t"":2931},{""x"":-533,""y"":-257,""t"":2978},{""x"":-612,""y"":-294,""t"":3015},{""x"":-674,""y"":-323,""t"":3031},{""x"":-744,""y"":-330,""t"":3076},{""x"":-798,""y"":-334,""t"":3098},{""x"":-839,""y"":-352,""t"":3145},{""x"":-868,""y"":-364,""t"":3162},{""x"":-943,""y"":-376,""t"":3207},{""x"":-986,""y"":-388,""t"":3248},{""x"":-853,""y"":-374,""t"":3274},{""x"":-869,""y"":-360,""t"":3315},{""x"":-880,""y"":-346,""t"":3338},{""x"":-879,""y"":-308,""t"":3382},{""x"":-875,""y"":-276,""t"":3402},{""x"":-710,""y"":-218,""t"":3448},{""x"":-732,""y"":-231,""t"":3470},{""x"":-731,""y"":-230,""t"":3518},{""x"":-717,""y"":-238,""t"":3538},{""x"":-614,""y"":-214,""t"":3585},{""x"":-627,""y"":-220,""t"":3625},{""x"":-626,""y"":-225,""t"":3646},{""x"":-615,""y"":-239,""t"":3692},{""x"":-607,""y"":-251,""t"":3706},{""x"":-638,""y"":-239,""t"":3750},{""x"":-645,""y"":-249,""t"":3795},{""x"":-578,""y"":-235,""t"":3810},{""x"":-648,""y"":-247,""t"":3857},{""x"":-709,""y"":-257,""t"":3882},{""x"":-831,""y"":-285,""t"":3926},{""x"":-689,""y"":-256,""t"":3961},{""x"":-735,""y"":-298,""t"":3978},{""x"":-664,""y"":-296,""t"":4025},{""x"":-604,""y"":-294,""t"":4047},{""x"":-608,""y"":-277,""t"":4088},{""x"":-494,""y"":-218,""t"":4131},{""x"":-425,""y"":-173,""t"":4154},{""x"":-424,""y"":-163,""t"":4196},{""x"":-461,""y"":-161,""t"":4235},{""x"":-385,""y"":-136,""t"":4256},{""x"":-304,""y"":-79,""t"":4299},{""x"":-267,""y"":-31,""t"":4319},{""x"":-117,""y"":54,""t"":4369},{""x"":-145,""y"":36,""t"":4394},{""x"":-105,""y"":58,""t"":4435},{""x"":-33,""y"":94,""t"":4476},{""x"":24,""y"":122,""t"":4490},{""x"":-40,""y"":89,""t"":4533},{""x"":-71,""y"":82,""t"":4586},{""x"":-100,""y"":74,""t"":4596},{""x"":-144,""y"":35,""t"":4637},{""x"":-182,""y"":0,""t"":4665},{""x"":-83,""y"":7,""t"":4707},{""x"":56,""y"":61,""t"":4746},{""x"":172,""y"":96,""t"":4766},{""x"":358,""y"":174,""t"":4808},{""x"":423,""y"":196,""t"":4834},{""x"":569,""y"":264,""t"":4877},{""x"":630,""y"":273,""t"":4914},{""x"":682,""y"":295,""t"":4946},{""x"":770,""y"":341,""t"":4971},{""x"":790,""y"":373,""t"":5014},{""x"":798,""y"":397,""t"":5034},{""x"":795,""y"":382,""t"":5079},{""x"":692,""y"":349,""t"":5116},{""x"":601,""y"":321,""t"":5135},{""x"":696,""y"":365,""t"":5191},{""x"":783,""y"":404,""t"":5211},{""x"":726,""y"":363,""t"":5254},{""x"":674,""y"":327,""t"":5274},{""x"":539,""y"":287,""t"":5316},{""x"":387,""y"":236,""t"":5344},{""x"":205,""y"":195,""t"":5389},{""x"":63,""y"":167,""t"":5407},{""x"":-75,""y"":138,""t"":5449},{""x"":-224,""y"":51,""t"":5489},{""x"":-270,""y"":44,""t"":5514},{""x"":-337,""y"":-22,""t"":5556},{""x"":-502,""y"":-101,""t"":5579},{""x"":-702,""y"":-200,""t"":5620},{""x"":-790,""y"":-237,""t"":5657},{""x"":-788,""y"":-236,""t"":5682},{""x"":-867,""y"":-282,""t"":5726},{""x"":-924,""y"":-317,""t"":5754},{""x"":-691,""y"":-171,""t"":5801},{""x"":-502,""y"":-54,""t"":5818},{""x"":-401,""y"":60,""t"":5864},{""x"":-321,""y"":185,""t"":5890},{""x"":-209,""y"":289,""t"":5934},{""x"":-63,""y"":432,""t"":5973}]",1,0.2571423709795183,0.7428576290204817,mcutoff_b-last,0
